AAA,20130415,50.14,50.16,50.14,50.15,34269
AAC,20130415,1.22,1.22,1.16,1.175,407089
AAD,20130415,1.455,1.455,1.445,1.45,572324
AAJ,20130415,0.055,0.056,0.055,0.055,110530
AAK,20130415,0.002,0.002,0.002,0.002,600000
AAR,20130415,0.006,0.006,0.005,0.005,2162530
AAU,20130415,0.11,0.11,0.1,0.1,100000
AAX,20130415,3.17,3.17,2.99,3.04,292757
ABC,20130415,3.35,3.375,3.27,3.33,1233857
ABP,20130415,2.23,2.25,2.21,2.25,517861
ABU,20130415,0.037,0.037,0.035,0.035,12299204
ABV,20130415,0.017,0.017,0.017,0.017,872662
ABY,20130415,0.415,0.415,0.39,0.4,940338
ABZ,20130415,0.21,0.21,0.2,0.21,107186
ACB,20130415,0.09,0.09,0.087,0.087,158446
ACG,20130415,0.09,0.09,0.085,0.085,234112
ACK,20130415,0.155,0.155,0.155,0.155,15000
ACL,20130415,0.35,0.35,0.345,0.345,295583
ACR,20130415,3.63,3.66,3.61,3.62,214328
ADA,20130415,0.365,0.365,0.365,0.365,25000
ADJ,20130415,0.034,0.034,0.034,0.034,171515
ADN,20130415,0.04,0.041,0.04,0.041,269500
ADO,20130415,0.057,0.058,0.055,0.057,1038964
ADX,20130415,0.017,0.018,0.016,0.018,1080000
ADY,20130415,0.031,0.031,0.031,0.031,145011
AEB,20130415,0.235,0.25,0.23,0.25,49600
AEM,20130415,0.014,0.014,0.014,0.014,771500
AEU,20130415,1.415,1.42,1.415,1.415,18453
AFA,20130415,0.215,0.22,0.21,0.22,24000
AFI,20130415,5.39,5.42,5.35,5.36,292355
AFR,20130415,0.12,0.12,0.105,0.11,151929
AGE,20130415,0.049,0.05,0.049,0.05,90000
AGF,20130415,0.66,0.66,0.645,0.65,867383
AGG,20130415,4,4,3.8,3.8,3134
AGI,20130415,3.48,3.5,3.43,3.48,153317
AGK,20130415,15.42,15.51,15.27,15.46,1185615
AGO,20130415,1.08,1.08,1.005,1.025,14033225
AGR,20130415,0.1,0.1,0.095,0.095,173923
AGS,20130415,0.15,0.15,0.14,0.14,149000
AGX,20130415,0.018,0.018,0.018,0.018,50000
AGY,20130415,0.125,0.125,0.125,0.125,60000
AHD,20130415,8.12,8.19,8.1,8.16,9608
AHE,20130415,3.85,3.9,3.82,3.89,450128
AHZ,20130415,0.029,0.029,0.028,0.029,1759988
AIA,20130415,2.36,2.37,2.36,2.37,297746
AIO,20130415,5.19,5.24,5.09,5.22,4573912
AIR,20130415,0.13,0.13,0.125,0.125,33600
AIW,20130415,0.028,0.028,0.028,0.028,120000
AIX,20130415,3.11,3.15,3.1,3.14,3816488
AIZ,20130415,1.18,1.19,1.18,1.18,14520
AJA,20130415,3.98,3.98,3.92,3.94,346559
AJC,20130415,0.013,0.013,0.013,0.013,1526166
AJJ,20130415,0.155,0.155,0.11,0.13,514534
AJL,20130415,1.5,1.5,1.47,1.47,6000
AJM,20130415,0.14,0.14,0.135,0.135,40000
AJQ,20130415,0.265,0.265,0.25,0.25,243290
AJX,20130415,0.073,0.074,0.073,0.074,99975
AKA,20130415,0.1,0.1,0.1,0.1,100000
AKK,20130415,0.015,0.015,0.014,0.014,947868
AKM,20130415,0.066,0.066,0.066,0.066,100000
AKP,20130415,3.31,3.4,3.3,3.4,14500
ALF,20130415,1.505,1.51,1.485,1.485,309653
ALK,20130415,0.57,0.575,0.48,0.545,875507
ALL,20130415,3.63,3.68,3.61,3.67,2238035
ALQ,20130415,10.1,10.1,9.7,9.8,3234863
ALR,20130415,1.22,1.22,1.21,1.21,43794
ALT,20130415,0.022,0.022,0.022,0.022,75000
ALU,20130415,1.375,1.375,1.345,1.345,5053
ALY,20130415,0.071,0.071,0.07,0.07,186525
ALZ,20130415,3.75,3.77,3.68,3.7,924444
AMA,20130415,0.365,0.37,0.365,0.365,15220
AMC,20130415,9.62,9.65,9.34,9.44,3579189
AMH,20130415,0.885,0.885,0.885,0.885,8900
AMM,20130415,1.8,1.81,1.74,1.79,539308
AMO,20130415,0.24,0.24,0.24,0.24,10000
AMP,20130415,5.1,5.13,5.08,5.11,6600235
AMX,20130415,0.215,0.23,0.2,0.205,1530234
ANG,20130415,5.57,5.59,5.51,5.54,66796
ANN,20130415,15.08,15.08,14.8,15,1202989
ANO,20130415,0.013,0.013,0.012,0.012,381542
ANP,20130415,0.01,0.01,0.01,0.01,200000
ANQ,20130415,0.01,0.01,0.01,0.01,200000
ANZ,20130415,28.69,28.86,28.52,28.79,4842866
AOC,20130415,0.06,0.06,0.06,0.06,112500
AOD,20130415,1.01,1.01,1.01,1.01,49479
AOH,20130415,0.215,0.215,0.19,0.2,2679202
AOK,20130415,0.14,0.145,0.14,0.14,1237081
AOM,20130415,0.053,0.053,0.053,0.053,28656
AON,20130415,0.054,0.057,0.053,0.057,188000
AOP,20130415,0.105,0.105,0.1,0.1,100000
AOU,20130415,0.155,0.155,0.155,0.155,3224
APA,20130415,6.18,6.27,6.15,6.27,1690087
APD,20130415,0.215,0.22,0.215,0.22,118255
APE,20130415,4.84,4.88,4.83,4.87,55767
APG,20130415,0.022,0.022,0.022,0.022,25000
API,20130415,0.46,0.465,0.455,0.46,449230
APK,20130415,0.35,0.35,0.305,0.345,139000
APN,20130415,0.335,0.335,0.31,0.325,1681411
APZ,20130415,0.205,0.205,0.2,0.2,229697
AQA,20130415,1.77,1.842,1.69,1.83,845498
AQC,20130415,0.021,0.021,0.016,0.016,5712488
AQD,20130415,0.024,0.024,0.023,0.023,110144
AQF,20130415,1.83,1.83,1.83,1.83,35000
AQG,20130415,3.25,3.25,2.97,3.07,839052
AQO,20130415,0.24,0.245,0.235,0.245,618710
AQP,20130415,0.67,0.67,0.63,0.64,526558
AQQ,20130415,0.045,0.045,0.043,0.043,778704
AQR,20130415,0.18,0.18,0.18,0.18,650
AQZ,20130415,2.01,2.01,2.01,2.01,3
ARA,20130415,0.315,0.315,0.315,0.315,5000
ARD,20130415,0.085,0.085,0.072,0.075,210000
ARE,20130415,0.044,0.044,0.041,0.042,212021
ARG,20130415,6.53,6.59,6.5,6.53,160648
ARH,20130415,0.034,0.034,0.03,0.03,370781
ARI,20130415,0.875,0.885,0.82,0.86,8082917
ARM,20130415,0.067,0.067,0.067,0.067,515
ARP,20130415,12.98,13.05,12.72,12.82,162329
ARU,20130415,0.12,0.125,0.115,0.125,59409
ARV,20130415,0.01,0.01,0.01,0.01,200000
ARW,20130415,0.008,0.008,0.008,0.008,2344111
ARX,20130415,0.004,0.004,0.004,0.004,1916840
ASB,20130415,0.685,0.685,0.67,0.68,139682
ASL,20130415,2.28,2.28,2.07,2.12,2764707
ASX,20130415,36.67,36.9,36.26,36.81,567042
ASZ,20130415,0.38,0.385,0.38,0.38,241698
ATP,20130415,0.048,0.048,0.045,0.045,161500
ATU,20130415,0.815,0.815,0.725,0.745,1391143
ATV,20130415,0.029,0.029,0.028,0.028,184099
AUB,20130415,9.65,9.65,9.54,9.58,26103
AUF,20130415,0.96,0.96,0.96,0.96,133929
AUI,20130415,7.11,7.11,7.03,7.03,22666
AUK,20130415,0.033,0.033,0.033,0.033,25364
AUT,20130415,3.15,3.15,3.05,3.09,2423249
AUZ,20130415,0.013,0.014,0.013,0.014,114000
AVA,20130415,0.135,0.135,0.135,0.135,150000
AVB,20130415,0.06,0.063,0.059,0.063,2552921
AVD,20130415,0.001,0.001,0.001,0.001,1000000
AVG,20130415,0.48,0.48,0.48,0.48,30500
AVH,20130415,0.115,0.115,0.11,0.11,507940
AVI,20130415,0.06,0.06,0.06,0.06,8340
AVJ,20130415,0.39,0.39,0.39,0.39,25391
AVQ,20130415,0.022,0.023,0.018,0.018,9027592
AVX,20130415,0.017,0.017,0.017,0.017,1013763
AVY,20130415,0.07,0.07,0.07,0.07,80000
AWC,20130415,1.02,1.022,0.95,0.95,17813879
AWE,20130415,1.19,1.19,1.14,1.15,1265988
AWN,20130415,0.48,0.5,0.48,0.49,76117
AWV,20130415,0.051,0.052,0.05,0.052,140000
AXC,20130415,0.002,0.002,0.002,0.002,1650000
AXE,20130415,0.2,0.2,0.18,0.18,216615
AXI,20130415,0.039,0.039,0.039,0.039,10000
AXM,20130415,0.034,0.034,0.032,0.032,415683
AXZ,20130415,1.355,1.355,1.355,1.355,3000
AYA,20130415,0.69,0.695,0.66,0.68,17187
AYD,20130415,101.32,101.32,101.32,101.32,155
AYR,20130415,0.008,0.008,0.008,0.008,800000
AZF,20130415,2.2,2.2,2.11,2.11,25424
AZG,20130415,0.061,0.061,0.061,0.061,21000
AZH,20130415,0.33,0.33,0.3,0.305,3492845
AZJ,20130415,3.94,3.98,3.88,3.92,6709418
AZK,20130415,0.048,0.051,0.047,0.047,768000
AZM,20130415,0.074,0.075,0.064,0.064,1603897
AZS,20130415,0.051,0.058,0.048,0.05,6831324
AZY,20130415,0.12,0.12,0.095,0.099,808801
AZZ,20130415,0.425,0.45,0.425,0.45,479587
BAB,20130415,0.048,0.051,0.048,0.051,54496
BAR,20130415,0.015,0.015,0.015,0.015,8010
BAU,20130415,0.115,0.115,0.115,0.115,98680
BBG,20130415,0.525,0.525,0.507,0.52,1250764
BBR,20130415,0.37,0.37,0.36,0.36,25000
BCC,20130415,0.037,0.037,0.034,0.035,12635142
BCD,20130415,0.044,0.044,0.044,0.044,99571
BCI,20130415,3.25,3.25,3.07,3.14,1139892
BCN,20130415,0.003,0.003,0.003,0.003,300000
BCT,20130415,0.21,0.21,0.21,0.21,7525
BDI,20130415,0.003,0.003,0.003,0.003,1166667
BDR,20130415,0.7,0.72,0.66,0.7,17566280
BEAR,20130415,20.03,20.13,19.99,20.08,4000
BEN,20130415,10.28,10.28,10.1,10.16,616238
BEZ,20130415,0.115,0.13,0.11,0.13,129000
BFE,20130415,0.018,0.018,0.018,0.018,488400
BFG,20130415,0.65,0.65,0.625,0.625,43395
BGA,20130415,2.8,2.86,2.7,2.8,97561
BGD,20130415,0.023,0.023,0.02,0.02,164000
BGG,20130415,0.145,0.145,0.14,0.14,14050
BGL,20130415,0.58,0.58,0.58,0.58,118107
BGS,20130415,0.017,0.019,0.016,0.017,41612954
BHP,20130415,32.95,32.95,31.79,32.31,10226810
BIT,20130415,0.105,0.105,0.105,0.105,25000
BKI,20130415,1.47,1.47,1.45,1.465,142113
BKL,20130415,30.82,31,30.7,30.8,3889
BKN,20130415,5.78,5.79,5.51,5.6,880123
BKP,20130415,0.005,0.005,0.005,0.005,300000
BKW,20130415,13.06,13.06,12.5,12.97,49518
BKY,20130415,0.32,0.32,0.305,0.305,74165
BLD,20130415,4.89,4.9,4.7,4.82,2621702
BLG,20130415,0.22,0.23,0.2,0.2,58000
BLR,20130415,0.013,0.013,0.012,0.012,1123043
BLT,20130415,0.013,0.014,0.013,0.014,2710800
BLY,20130415,1.2,1.21,1.085,1.105,6196540
BLZ,20130415,0.002,0.002,0.002,0.002,250000
BMB,20130415,0.11,0.115,0.1,0.1,363744
BMG,20130415,0.01,0.01,0.009,0.009,1100000
BML,20130415,0.017,0.017,0.017,0.017,4000
BMN,20130415,0.073,0.073,0.069,0.069,506043
BMZ,20130415,0.18,0.18,0.18,0.18,100000
BND,20130415,0.145,0.145,0.135,0.14,4114094
BNE,20130415,0.001,0.001,0.001,0.001,4000000
BNO,20130415,0.375,0.375,0.36,0.365,592305
BNR,20130415,0.05,0.05,0.05,0.05,100000
BOA,20130415,0.51,0.51,0.51,0.51,9800
BOC,20130415,0.57,0.57,0.57,0.57,75965
BOL,20130415,0.24,0.24,0.23,0.235,168012
BOQ,20130415,9.5,9.58,9.41,9.48,1122487
BPA,20130415,3.61,3.61,3.61,3.61,41373
BPT,20130415,1.445,1.455,1.385,1.43,11938648
BRB,20130415,0.35,0.35,0.31,0.31,11000
BRC,20130415,0.23,0.23,0.23,0.23,13600
BRD,20130415,0.001,0.002,0.001,0.002,830769
BRG,20130415,6.63,6.63,6.55,6.6,558878
BRU,20130415,2.25,2.25,2.17,2.2,781234
BSA,20130415,0.2,0.205,0.2,0.2,975495
BSE,20130415,0.38,0.38,0.37,0.375,198773
BSL,20130415,4.76,4.78,4.5,4.65,3558168
BSM,20130415,0.011,0.011,0.011,0.011,1973998
BTR,20130415,0.61,0.61,0.58,0.59,455131
BTT,20130415,3.4,3.45,3.32,3.36,233233
BTU,20130415,0.205,0.22,0.2,0.2,6865474
BUG,20130415,0.65,0.65,0.65,0.65,518
BUL,20130415,0.05,0.052,0.044,0.044,5135526
BUR,20130415,0.014,0.015,0.014,0.015,270119
BUX,20130415,0.47,0.48,0.455,0.48,199854
BUY,20130415,0.017,0.017,0.017,0.017,720394
BVA,20130415,0.2,0.2,0.2,0.2,31354
BWP,20130415,2.41,2.41,2.395,2.41,409588
BXB,20130415,8.23,8.29,8.1,8.18,3648827
BXN,20130415,0.016,0.016,0.016,0.016,10000
BYI,20130415,1.4,1.4,1.38,1.38,18816
BYL,20130415,0.42,0.42,0.37,0.4,331357
BYR,20130415,0.02,0.02,0.02,0.02,555000
BZL,20130415,0.019,0.019,0.018,0.018,93000
CAA,20130415,0.2,0.2,0.19,0.2,1745720
CAB,20130415,4.51,4.51,4.4,4.43,316380
CAJ,20130415,0.2,0.2,0.195,0.195,759550
CAM,20130415,1.07,1.07,1.07,1.07,18092
CAS,20130415,0.305,0.31,0.305,0.31,13000
CAZ,20130415,0.165,0.165,0.16,0.16,268064
CBA,20130415,68.19,68.97,68.19,68.51,2972822
CBD,20130415,0.018,0.018,0.016,0.016,534741
CBP,20130415,0.072,0.074,0.07,0.07,280000
CBS,20130415,0.027,0.027,0.023,0.024,1435000
CBX,20130415,0.077,0.077,0.075,0.075,70000
CCC,20130415,0.045,0.046,0.044,0.046,2254443
CCF,20130415,0.037,0.037,0.037,0.037,150000
CCJ,20130415,0.105,0.11,0.105,0.11,75000
CCL,20130415,14.45,14.49,14.37,14.47,1440451
CCP,20130415,8.92,8.97,8.76,8.82,43926
CCU,20130415,0.25,0.255,0.235,0.25,540984
CCV,20130415,1.42,1.445,1.365,1.415,798131
CDA,20130415,3.56,3.59,3.44,3.58,740656
CDB,20130415,0.032,0.032,0.026,0.027,6519864
CDD,20130415,6.78,6.78,6.47,6.55,258056
CDI,20130415,2.79,2.79,2.69,2.76,229645
CDM,20130415,1.485,1.49,1.47,1.47,417298
CDP,20130415,5.57,5.57,5.57,5.57,140000
CDT,20130415,0.06,0.06,0.05,0.05,50698
CDU,20130415,3.55,3.55,3.39,3.42,328850
CDY,20130415,0.033,0.033,0.031,0.032,4044940
CEL,20130415,0.074,0.078,0.074,0.078,120507
CEN,20130415,0.02,0.021,0.018,0.018,1880000
CFE,20130415,0.165,0.167,0.16,0.16,3181295
CFU,20130415,0.058,0.06,0.057,0.06,311800
CFX,20130415,2.12,2.15,2.12,2.14,4714230
CGF,20130415,4.25,4.25,4.14,4.21,3303023
CGH,20130415,0.51,0.52,0.4,0.42,6991005
CGO,20130415,0.38,0.38,0.34,0.34,51700
CGR,20130415,0.1,0.1,0.1,0.1,50000
CHC,20130415,3.98,4.02,3.95,3.95,580406
CHN,20130415,0.19,0.19,0.18,0.18,52361
CHZ,20130415,0.19,0.2,0.175,0.175,128654
CIR,20130415,0.26,0.26,0.26,0.26,15000
CIW,20130415,0.78,0.78,0.78,0.78,660
CIX,20130415,0.21,0.21,0.205,0.205,1151000
CJO,20130415,0.125,0.125,0.12,0.12,190000
CKA,20130415,0.175,0.175,0.17,0.17,437800
CKF,20130415,1.82,1.86,1.82,1.835,180539
CKK,20130415,0.004,0.004,0.004,0.004,60000
CKL,20130415,0.69,0.69,0.665,0.665,30840
CLA,20130415,0.018,0.018,0.018,0.018,237184
CLH,20130415,1.49,1.5,1.455,1.465,228734
CLO,20130415,1.285,1.285,1.2,1.255,506174
CLQ,20130415,0.145,0.145,0.14,0.14,50000
CLR,20130415,0.31,0.31,0.29,0.295,170653
CLV,20130415,0.625,0.63,0.62,0.63,45000
CLX,20130415,2.04,2.04,2.02,2.02,5249
CMC,20130415,0.095,0.095,0.095,0.095,100000
CMG,20130415,0.62,0.62,0.61,0.615,106519
CMV,20130415,0.035,0.035,0.035,0.035,7875
CMW,20130415,1.015,1.02,1.005,1.02,693433
CMY,20130415,0.006,0.007,0.006,0.007,17894064
CNB,20130415,0.595,0.595,0.595,0.595,264843
CND,20130415,0.29,0.29,0.28,0.28,7000
CNI,20130415,0.8,0.81,0.77,0.81,24103
CNO,20130415,0.14,0.15,0.135,0.14,2525990
CNU,20130415,2.17,2.18,2.14,2.15,138373
CNX,20130415,0.036,0.037,0.035,0.037,305135
COE,20130415,0.47,0.475,0.46,0.475,106457
COF,20130415,0.41,0.415,0.38,0.38,324262
COH,20130415,61.16,61.17,59.83,60.19,359614
COI,20130415,0.25,0.25,0.245,0.25,210000
COK,20130415,0.075,0.077,0.071,0.072,771309
COO,20130415,0.19,0.19,0.19,0.19,608631
COZ,20130415,0.087,0.09,0.085,0.09,151170
CPA,20130415,1.165,1.17,1.15,1.15,6418291
CPD,20130415,0.52,0.52,0.52,0.52,10000
CPU,20130415,10.05,10.08,9.82,9.85,1554875
CPZ,20130415,0.22,0.23,0.22,0.23,15000
CQR,20130415,4.09,4.14,4.07,4.14,638019
CRB,20130415,0.032,0.032,0.032,0.032,26494
CRJ,20130415,0.013,0.013,0.013,0.013,259576
CRL,20130415,0.036,0.036,0.036,0.036,3338
CRQ,20130415,0.018,0.018,0.018,0.018,280000
CRV,20130415,0.01,0.01,0.009,0.009,2260004
CRZ,20130415,8.93,9,8.83,8.95,510684
CSD,20130415,0.075,0.075,0.067,0.067,180000
CSE,20130415,0.16,0.16,0.16,0.16,72560
CSL,20130415,58.83,59.41,58.45,58.8,711971
CSP,20130415,0.28,0.28,0.24,0.24,54350
CSR,20130415,2.03,2.05,1.935,1.945,2538748
CSS,20130415,0.015,0.016,0.014,0.016,588700
CSV,20130415,0.75,0.76,0.74,0.755,2063425
CTD,20130415,4.51,4.6,4.47,4.5,136643
CTE,20130415,0.53,0.53,0.525,0.525,5000
CTM,20130415,0.235,0.235,0.22,0.22,7996
CTN,20130415,1.07,1.075,1.06,1.07,81082
CTO,20130415,0.062,0.062,0.059,0.062,2040362
CTP,20130415,0.12,0.12,0.115,0.12,2731530
CTR,20130415,0.016,0.016,0.014,0.014,58157
CTT,20130415,0.14,0.14,0.14,0.14,53571
CTX,20130415,20.7,21.04,20.55,20.96,585297
CUE,20130415,0.14,0.14,0.135,0.14,1296119
CUL,20130415,0.021,0.021,0.018,0.019,1874000
CUP,20130415,1.9,1.9,1.8,1.84,159960
CUV,20130415,2.11,2.11,2.11,2.11,1100
CUX,20130415,0.039,0.039,0.033,0.033,575780
CVN,20130415,0.044,0.045,0.042,0.045,770168
CVS,20130415,0.005,0.005,0.005,0.005,50000
CVV,20130415,0.025,0.025,0.024,0.024,251000
CVW,20130415,0.64,0.64,0.64,0.64,4000
CWE,20130415,0.034,0.034,0.033,0.033,797047
CWN,20130415,12.65,12.76,12.58,12.73,1782777
CWP,20130415,5.25,5.4,5.21,5.4,43770
CXM,20130415,0.155,0.155,0.145,0.145,13226
CXO,20130415,0.074,0.074,0.074,0.074,1000
CXU,20130415,0.16,0.16,0.15,0.15,5000
CXX,20130415,0.185,0.19,0.185,0.185,185500
CXY,20130415,0.005,0.005,0.004,0.004,7684807
CYA,20130415,0.81,0.81,0.81,0.81,36885
CYG,20130415,3.05,3.05,3.05,3.05,10011
CYL,20130415,0.33,0.33,0.3,0.3,15000
CYU,20130415,0.067,0.067,0.067,0.067,24148
CYY,20130415,0.185,0.185,0.185,0.185,18329
CZA,20130415,0.22,0.23,0.215,0.22,166000
CZD,20130415,0.055,0.056,0.055,0.055,727680
CZI,20130415,0.16,0.16,0.14,0.14,334219
CZN,20130415,0.036,0.036,0.032,0.033,3134810
CZR,20130415,0.062,0.07,0.062,0.07,100000
DAU,20130415,0.07,0.07,0.07,0.07,50000
DCG,20130415,2.16,2.17,2.06,2.08,855887
DCN,20130415,0.36,0.36,0.36,0.36,6318
DDR,20130415,0.8,0.81,0.8,0.81,31615
DDT,20130415,0.018,0.025,0.014,0.025,1469400
DEG,20130415,0.008,0.008,0.007,0.008,2984866
DGA,20130415,1.81,1.81,1.76,1.79,7750
DGI,20130415,0.006,0.006,0.006,0.006,2440000
DGR,20130415,0.039,0.039,0.039,0.039,550000
DIS,20130415,0.08,0.08,0.08,0.08,19000
DJS,20130415,2.8,2.84,2.74,2.84,2103658
DJW,20130415,4.27,4.28,4.21,4.28,151706
DLC,20130415,0.004,0.004,0.004,0.004,220130
DLS,20130415,1.24,1.24,1.17,1.175,1436226
DLX,20130415,4.6,4.61,4.46,4.52,1378600
DMI,20130415,0.078,0.078,0.078,0.078,14000
DML,20130415,0.465,0.47,0.435,0.46,709588
DMP,20130415,12.14,12.46,12.14,12.3,103837
DNA,20130415,0.36,0.39,0.36,0.39,1830000
DOW,20130415,4.8,4.86,4.62,4.7,2509384
DRA,20130415,0.49,0.49,0.485,0.49,88942
DRG,20130415,0.08,0.08,0.075,0.075,5625
DRK,20130415,0.081,0.082,0.08,0.08,71000
DRM,20130415,0.555,0.575,0.54,0.56,1197318
DRX,20130415,0.016,0.016,0.015,0.016,1267033
DSB,20130415,0.58,0.58,0.57,0.57,10216
DTE,20130415,0.053,0.054,0.05,0.05,2989991
DTL,20130415,1.33,1.34,1.31,1.34,60811
DTM,20130415,0.084,0.084,0.083,0.083,100000
DUE,20130415,2.39,2.405,2.36,2.37,1593395
DUI,20130415,3.1,3.11,3.08,3.08,55883
DVA,20130415,0.022,0.022,0.022,0.022,28138
DVN,20130415,0.92,0.93,0.9,0.91,81834
DWS,20130415,1.55,1.55,1.54,1.54,37294
DXS,20130415,1.13,1.132,1.11,1.12,13480973
DYE,20130415,0.11,0.11,0.105,0.11,610000
DYL,20130415,0.045,0.045,0.045,0.045,320000
EAL,20130415,0.71,0.71,0.68,0.68,32741
EAR,20130415,0.165,0.165,0.15,0.15,72000
EAX,20130415,3,3,3,3,541
EDE,20130415,0.017,0.017,0.016,0.016,1729150
EEG,20130415,0.115,0.115,0.11,0.11,408000
EEU,20130415,12.44,12.46,12.44,12.46,1190
EFT,20130415,0.415,0.42,0.415,0.415,64585
EGG,20130415,0.375,0.375,0.375,0.375,110000
EGH,20130415,0.05,0.05,0.05,0.05,1089
EGO,20130415,0.014,0.014,0.013,0.013,894793
EGP,20130415,3.65,3.66,3.54,3.6,1264267
EGY,20130415,0.011,0.011,0.011,0.011,425000
EHL,20130415,0.58,0.585,0.535,0.54,1826516
EHR,20130415,0.003,0.003,0.003,0.003,15591104
ELD,20130415,0.1,0.1,0.096,0.096,1716571
ELI,20130415,0.88,0.88,0.865,0.875,111037
ELK,20130415,0.2,0.22,0.2,0.21,55000
ELM,20130415,0.5,0.5,0.475,0.49,601290
ELX,20130415,0.195,0.195,0.195,0.195,5000
EMF,20130415,1.64,1.64,1.64,1.64,3125
EMG,20130415,0.016,0.016,0.016,0.016,400810
EMX,20130415,0.026,0.026,0.026,0.026,95000
ENE,20130415,3.5,3.5,3.5,3.5,3000
ENT,20130415,0.115,0.12,0.115,0.115,106500
ENU,20130415,0.06,0.06,0.06,0.06,30178
ENV,20130415,1,1.01,1,1.005,3648251
ENY,20130415,12.72,12.72,12.72,12.72,2000
EOC,20130415,0.3,0.3,0.3,0.3,860000
EOL,20130415,0.07,0.07,0.065,0.065,37303
EPD,20130415,0.525,0.55,0.525,0.55,281838
EPW,20130415,2.57,2.57,2.54,2.57,15573
EPX,20130415,1.905,1.915,1.895,1.9,88049
EQE,20130415,0.08,0.08,0.075,0.075,496000
EQH,20130415,0.25,0.25,0.25,0.25,12907
EQT,20130415,17.3,17.3,17.3,17.3,4000
ERA,20130415,1.14,1.175,1.12,1.125,376876
ERJ,20130415,0.004,0.004,0.004,0.004,550000
ERL,20130415,0.024,0.024,0.021,0.021,92000
ERM,20130415,0.077,0.077,0.07,0.07,439095
ERO,20130415,0.003,0.004,0.003,0.003,190000
ESI,20130415,0.009,0.009,0.008,0.009,2123296
ESR,20130415,0.13,0.15,0.13,0.15,356363
ETE,20130415,0.05,0.05,0.048,0.048,813000
ETF,20130415,22.02,22.05,21.91,21.91,2150
EUG,20130415,0.066,0.066,0.065,0.065,116540
EUM,20130415,0.105,0.105,0.105,0.105,144238
EVM,20130415,0.027,0.027,0.025,0.025,268125
EVN,20130415,1.2,1.225,1.165,1.215,5766032
EVR,20130415,1.15,1.15,1.03,1.07,237239
EVZ,20130415,0.053,0.053,0.053,0.053,12000
EWC,20130415,0.415,0.42,0.395,0.4,537431
EXE,20130415,0.022,0.022,0.021,0.021,156600
EXG,20130415,0.16,0.16,0.155,0.155,180000
EXR,20130415,0.019,0.027,0.019,0.027,76645
EZL,20130415,1.17,1.172,1.13,1.135,123427
FAN,20130415,2.89,2.89,2.75,2.81,143542
FAR,20130415,0.038,0.038,0.036,0.036,3083151
FAS,20130415,0.007,0.008,0.007,0.007,6325181
FBU,20130415,7.01,7.05,6.89,7,852633
FCR,20130415,0.017,0.017,0.016,0.016,218000
FDC,20130415,2.44,2.52,2.44,2.5,19876163
FEL,20130415,0.026,0.026,0.025,0.025,236597
FFF,20130415,0.019,0.019,0.019,0.019,18491
FGE,20130415,6.24,6.245,5.81,5.89,267897
FIN,20130415,5.49,5.49,5.49,5.49,3600
FIX,20130415,6.51,6.51,6.51,6.51,108
FKP,20130415,1.495,1.505,1.455,1.46,345203
FLK,20130415,0.15,0.16,0.15,0.15,296308
FLT,20130415,35.6,36.1,35.07,35.88,371691
FMG,20130415,3.95,3.97,3.66,3.76,13200950
FML,20130415,0.018,0.018,0.016,0.016,38692472
FMS,20130415,0.05,0.051,0.048,0.049,3016805
FND,20130415,0.16,0.16,0.16,0.16,1703800
FNT,20130415,0.021,0.023,0.021,0.023,161299
FOY,20130415,0.005,0.005,0.005,0.005,2000000
FRI,20130415,1.55,1.6,1.55,1.59,288891
FRM,20130415,0.12,0.12,0.12,0.12,11400
FRR,20130415,0.01,0.011,0.01,0.011,3350000
FRY,20130415,0.046,0.05,0.046,0.05,66153
FSA,20130415,0.61,0.61,0.605,0.605,32000
FSF,20130415,6,6.05,5.95,5.95,412776
FSI,20130415,1.34,1.34,1.31,1.31,45000
FUN,20130415,0.185,0.19,0.185,0.19,119988
FWD,20130415,9.5,9.54,9.25,9.31,245201
FWL,20130415,0.036,0.036,0.036,0.036,24000
FXJ,20130415,0.62,0.625,0.6,0.61,7824262
FXL,20130415,3.98,3.98,3.9,3.92,252066
FXR,20130415,0.037,0.039,0.032,0.038,435026
FZR,20130415,0.375,0.375,0.375,0.375,50
GAP,20130415,0.3,0.305,0.3,0.305,65000
GBE,20130415,0.069,0.07,0.067,0.07,408050
GBG,20130415,0.18,0.185,0.175,0.18,3436758
GBT,20130415,1.26,1.29,1.26,1.29,11900
GBZ,20130415,0.02,0.021,0.02,0.02,398810
GCG,20130415,0.059,0.059,0.056,0.056,771590
GCR,20130415,0.006,0.006,0.006,0.006,100000
GCS,20130415,0.7,0.7,0.7,0.7,71929
GCY,20130415,0.23,0.23,0.21,0.23,198858
GDO,20130415,0.21,0.21,0.21,0.21,844
GDY,20130415,0.098,0.098,0.098,0.098,60934
GEM,20130415,2.18,2.2,2.16,2.19,435364
GES,20130415,0.13,0.13,0.12,0.12,405000
GFF,20130415,0.76,0.775,0.75,0.76,2015444
GFL,20130415,0.85,0.85,0.85,0.85,31000
GGE,20130415,0.002,0.002,0.002,0.002,3300000
GGG,20130415,0.28,0.28,0.255,0.26,290227
GGP,20130415,0.003,0.003,0.003,0.003,250000
GGX,20130415,0.029,0.029,0.029,0.029,99793
GHC,20130415,1.01,1.01,1.01,1.01,20000
GIP,20130415,0.01,0.011,0.01,0.01,270000
GJT,20130415,0.6,0.6,0.6,0.6,500
GLA,20130415,0.011,0.011,0.011,0.011,127876
GLB,20130415,0.41,0.41,0.41,0.41,38725
GLL,20130415,0.145,0.15,0.145,0.145,440210
GLM,20130415,0.005,0.005,0.005,0.005,2668146
GMD,20130415,0.05,0.05,0.047,0.047,383757
GMG,20130415,5.06,5.14,5.05,5.08,5597300
GML,20130415,0.076,0.078,0.076,0.078,310000
GMR,20130415,0.032,0.032,0.027,0.031,2670470
GMX,20130415,0.027,0.027,0.027,0.027,79000
GMY,20130415,0.8,0.815,0.8,0.815,2399
GNC,20130415,11.58,11.62,11.55,11.57,853325
GNG,20130415,0.855,0.86,0.855,0.86,2000
GOA,20130415,0.001,0.002,0.001,0.001,6850000
GOLD,20130415,137.78,137.78,130.02,134,127185
GOR,20130415,0.09,0.09,0.082,0.085,1059669
GOZ,20130415,2.5,2.53,2.46,2.47,152783
GPG,20130415,0.47,0.47,0.47,0.47,36000
GPR,20130415,0.1,0.1,0.1,0.1,20000
GPT,20130415,3.95,3.98,3.94,3.95,2468839
GRB,20130415,0.17,0.17,0.165,0.165,864250
GRK,20130415,0.002,0.002,0.002,0.002,100000
GRM,20130415,0.075,0.075,0.075,0.075,26667
GRR,20130415,0.215,0.215,0.2,0.2,538318
GRV,20130415,0.085,0.085,0.085,0.085,50000
GRX,20130415,0.235,0.235,0.2,0.205,158667
GRY,20130415,0.25,0.25,0.215,0.225,5014749
GSZ,20130415,0.051,0.051,0.05,0.05,51915
GTE,20130415,0.13,0.13,0.13,0.13,15000
GTG,20130415,0.068,0.073,0.065,0.073,386343
GUD,20130415,7.43,7.43,7.31,7.36,208147
GUF,20130415,0.285,0.285,0.27,0.28,112040
GUN,20130415,0.031,0.031,0.029,0.029,158500
GWA,20130415,2.49,2.49,2.44,2.46,443084
GWR,20130415,0.165,0.185,0.165,0.185,36000
GXL,20130415,4.5,4.5,4.39,4.5,19469
GXY,20130415,0.24,0.255,0.24,0.25,615395
GZL,20130415,2.81,2.81,2.81,2.81,400
HAR,20130415,0.17,0.175,0.16,0.16,119788
HAS,20130415,0.057,0.057,0.057,0.057,14035
HAV,20130415,0.4,0.405,0.4,0.405,8735
HAW,20130415,0.005,0.006,0.005,0.006,1807670
HAZ,20130415,0.027,0.028,0.027,0.027,2574564
HCH,20130415,0.56,0.56,0.55,0.55,70250
HEG,20130415,0.013,0.013,0.011,0.012,805954
HGG,20130415,2.35,2.37,2.26,2.3,2676359
HGO,20130415,0.09,0.09,0.088,0.089,1485094
HHL,20130415,2.87,2.87,2.85,2.87,21987
HHV,20130415,0.815,0.82,0.81,0.82,153072
HHY,20130415,0.52,0.52,0.52,0.52,54500
HIG,20130415,0.105,0.105,0.096,0.097,679312
HIL,20130415,1.12,1.12,1.09,1.1,179416
HIN,20130415,2.35,2.37,2.35,2.36,16019
HLX,20130415,0.048,0.057,0.048,0.056,263000
HNG,20130415,0.47,0.47,0.47,0.47,13103
HNR,20130415,0.021,0.021,0.02,0.02,4455000
HOG,20130415,0.06,0.06,0.052,0.053,1440137
HOR,20130415,0.16,0.16,0.145,0.15,305761
HRR,20130415,0.165,0.165,0.165,0.165,74751
HSK,20130415,0.1,0.1,0.1,0.1,100000
HSN,20130415,0.92,0.93,0.91,0.915,34995
HTA,20130415,0.031,0.031,0.031,0.031,44250
HVN,20130415,2.55,2.65,2.54,2.63,1800864
HZN,20130415,0.41,0.415,0.4,0.4,2141078
IAA,20130415,43,43.4,43,43.4,2354
IAF,20130415,103.89,104.02,103.88,103.98,932
IAG,20130415,5.68,5.73,5.66,5.71,4558106
IAU,20130415,0.245,0.255,0.235,0.255,1967229
IAW,20130415,0.088,0.088,0.088,0.088,30000
IBC,20130415,0.545,0.545,0.54,0.54,25257
IBG,20130415,0.052,0.052,0.048,0.049,163531
IBK,20130415,36.6,36.6,36.28,36.47,3297
ICG,20130415,0.036,0.036,0.033,0.033,10804404
ICN,20130415,0.175,0.175,0.165,0.165,1167910
ICP,20130415,0.092,0.1,0.092,0.1,84052
ICQ,20130415,0.5,0.5,0.48,0.48,205953
ICX,20130415,0.125,0.125,0.12,0.12,100000
ICZ,20130415,0.11,0.11,0.105,0.105,40000
IDC,20130415,0.079,0.079,0.071,0.072,1383471
IDO,20130415,0.1,0.1,0.088,0.1,938500
IDZ,20130415,0.36,0.37,0.36,0.37,12027
IEM,20130415,40.09,40.28,39.65,39.99,9448
IEU,20130415,38.5,38.94,38.5,38.59,7209
IFE,20130415,0.155,0.155,0.155,0.155,40000
IFL,20130415,8.68,8.7,8.46,8.56,359555
IFM,20130415,0.5,0.505,0.5,0.5,194361
IFN,20130415,0.275,0.275,0.265,0.265,87899
IGB,20130415,102.68,102.68,102.68,102.68,20
IGO,20130415,3.58,3.63,3.45,3.53,1186375
IHD,20130415,16.39,16.39,16.11,16.16,37288
IIN,20130415,5.94,5.95,5.69,5.83,494243
IJH,20130415,109.24,109.62,109.15,109.54,681
IJP,20130415,10.85,10.99,10.8,10.91,72332
IJR,20130415,82.58,82.7,82.58,82.7,1650
IKO,20130415,53.05,53.05,53.05,53.05,945
IKW,20130415,0.05,0.05,0.05,0.05,130000
ILB,20130415,106.5,107,106.5,107,158
ILC,20130415,22.36,22.45,22.25,22.39,43621
ILU,20130415,9.55,9.55,9.16,9.34,4949678
IMA,20130415,0.2,0.2,0.19,0.19,168000
IMC,20130415,0.003,0.003,0.003,0.003,900000
IMD,20130415,1.23,1.23,1.155,1.175,1246079
IMF,20130415,1.86,1.89,1.845,1.86,386726
IMI,20130415,0.002,0.002,0.002,0.002,1500000
INA,20130415,0.305,0.31,0.3,0.305,1223576
INQ,20130415,0.88,0.88,0.825,0.825,12871
IOF,20130415,3.22,3.235,3.19,3.21,1594383
IOG,20130415,0.2,0.2,0.2,0.2,68000
IOH,20130415,0.9,0.9,0.86,0.88,47444
IOO,20130415,65.9,66.28,65.62,66.26,6967
IOZ,20130415,21.5,21.7,21.43,21.6,39988
IPE,20130415,0.39,0.39,0.385,0.385,20000
IPL,20130415,3.06,3.06,2.96,2.98,6984161
IPP,20130415,0.86,0.86,0.86,0.86,9950
IPT,20130415,0.023,0.023,0.02,0.02,457600
IRC,20130415,0.077,0.077,0.076,0.076,115000
IRD,20130415,0.245,0.245,0.245,0.245,4700
IRE,20130415,8,8.01,7.76,7.84,91034
IRI,20130415,1.16,1.16,1.12,1.12,94940
IRL,20130415,0.003,0.003,0.003,0.003,200000
IRN,20130415,0.345,0.345,0.28,0.295,919879
IRU,20130415,89.14,89.56,89.14,89.56,171
ISG,20130415,13.32,13.33,13.32,13.33,306
ISK,20130415,0.002,0.002,0.002,0.002,60000
ISN,20130415,0.08,0.08,0.077,0.077,380423
ISO,20130415,4.05,4.05,3.97,4.02,13514
ISS,20130415,0.23,0.24,0.23,0.23,125000
IVA,20130415,0.2,0.215,0.19,0.2,544183
IVC,20130415,11.27,11.29,11.11,11.17,124864
IVE,20130415,57.3,57.99,57.3,57.99,2033
IVR,20130415,0.1,0.1,0.095,0.095,850450
IVV,20130415,151.98,152.72,151.54,152.41,4684
IVX,20130415,0.05,0.05,0.05,0.05,70000
IXI,20130415,80.7,80.8,80.69,80.78,1216
IXJ,20130415,72.22,72.95,72.22,72.95,310
IXP,20130415,59.69,59.69,59.69,59.69,83
IXR,20130415,0.1,0.1,0.095,0.095,25000
IZM,20130415,0.007,0.007,0.007,0.007,264160
IZZ,20130415,34.05,34.15,33.88,33.95,9145
JAG,20130415,0.015,0.015,0.015,0.015,6335
JBH,20130415,14.65,14.88,14.65,14.85,419635
JHX,20130415,9.88,10,9.79,9.89,1940410
JIN,20130415,2.35,2.42,2.31,2.39,62207
JKA,20130415,0.15,0.155,0.15,0.155,736363
JMB,20130415,0.027,0.027,0.027,0.027,6000
JMS,20130415,0.096,0.096,0.094,0.094,128353
JPR,20130415,0.635,0.635,0.62,0.62,92096
JRL,20130415,0.27,0.27,0.27,0.27,20000
JRV,20130415,0.053,0.053,0.05,0.05,182785
KAB,20130415,0.007,0.007,0.007,0.007,800000
KAM,20130415,0.61,0.61,0.61,0.61,2381
KAR,20130415,4.53,4.55,4.21,4.34,719951
KAS,20130415,0.14,0.14,0.14,0.14,128169
KAT,20130415,0.83,0.83,0.83,0.83,8144
KBC,20130415,0.15,0.15,0.15,0.15,159314
KBL,20130415,0.078,0.078,0.071,0.072,153154
KCN,20130415,3.09,3.1,2.93,2.96,2081882
KDR,20130415,0.56,0.575,0.47,0.505,3152786
KEY,20130415,0.015,0.015,0.014,0.015,173400
KFE,20130415,0.15,0.15,0.13,0.13,242233
KGD,20130415,0.14,0.14,0.13,0.135,567568
KGM,20130415,0.275,0.275,0.255,0.255,57226
KKO,20130415,0.31,0.31,0.3,0.3,120000
KMC,20130415,0.005,0.005,0.005,0.005,272150
KMD,20130415,1.98,1.995,1.965,1.99,626594
KNL,20130415,0.07,0.075,0.07,0.075,34000
KOR,20130415,0.077,0.077,0.07,0.07,175000
KOV,20130415,6.8,6.8,6.66,6.66,5040
KPL,20130415,0.4,0.4,0.37,0.385,261384
KPR,20130415,0.1,0.1,0.099,0.099,93026
KRB,20130415,0.072,0.072,0.071,0.071,222000
KRL,20130415,0.029,0.029,0.028,0.028,144824
KRM,20130415,0.55,0.55,0.535,0.55,607888
KRS,20130415,0.17,0.17,0.17,0.17,40000
KSC,20130415,2.1,2.1,2.04,2.05,15381
LAT,20130415,0.017,0.017,0.017,0.017,58520
LBL,20130415,0.13,0.13,0.13,0.13,8500
LBT,20130415,0.048,0.048,0.048,0.048,22582
LBY,20130415,0.051,0.051,0.051,0.051,170000
LCM,20130415,1.57,1.57,1.53,1.555,155011
LCR,20130415,0.025,0.025,0.023,0.023,223811
LCT,20130415,0.049,0.049,0.047,0.047,43000
LCY,20130415,0.047,0.048,0.045,0.045,499825
LEG,20130415,0.01,0.01,0.01,0.01,600000
LEI,20130415,19.52,19.63,19,19.41,1068880
LEP,20130415,2.69,2.74,2.69,2.7,178632
LER,20130415,0.045,0.045,0.045,0.045,35000
LGD,20130415,0.295,0.305,0.295,0.305,109000
LGM,20130415,0.027,0.027,0.025,0.025,750000
LIN,20130415,0.055,0.057,0.055,0.057,275562
LKO,20130415,0.007,0.007,0.006,0.007,1017000
LLC,20130415,10.71,10.75,10.44,10.46,1650162
LMG,20130415,0.009,0.009,0.008,0.008,295388
LML,20130415,0.091,0.091,0.091,0.091,6250
LMR,20130415,0.056,0.056,0.054,0.054,233846
LNC,20130415,2.02,2.02,1.905,1.955,2203771
LNG,20130415,0.24,0.24,0.23,0.23,246367
LNR,20130415,0.175,0.175,0.175,0.175,100000
LOM,20130415,0.01,0.01,0.009,0.009,7753000
LRG,20130415,0.485,0.485,0.47,0.47,8000
LRL,20130415,0.24,0.255,0.24,0.255,50990
LRR,20130415,0.003,0.003,0.003,0.003,3396666
LRS,20130415,0.145,0.145,0.14,0.14,32835
LSA,20130415,0.45,0.45,0.45,0.45,3534
LSR,20130415,0.038,0.038,0.034,0.034,1358685
LSX,20130415,0.66,0.66,0.64,0.65,355389
LTN,20130415,0.079,0.079,0.079,0.079,106818
LTR,20130415,0.025,0.025,0.025,0.025,46972
LYC,20130415,0.515,0.515,0.5,0.505,6895270
LYL,20130415,5.9,5.94,5.81,5.9,20792
MAB,20130415,0.93,0.93,0.895,0.895,89371
MAD,20130415,0.68,0.685,0.66,0.66,906540
MAH,20130415,0.205,0.21,0.2,0.2,3618706
MAK,20130415,0.155,0.155,0.15,0.15,394340
MAQ,20130415,8.5,8.5,8.5,8.5,2500
MAR,20130415,0.01,0.01,0.01,0.01,2150000
MAT,20130415,0.395,0.395,0.375,0.395,105160
MAU,20130415,0.08,0.08,0.08,0.08,10000
MBC,20130415,0.7,0.7,0.65,0.65,96867
MBK,20130415,0.02,0.02,0.02,0.02,30000
MBN,20130415,0.24,0.245,0.235,0.24,1885529
MBT,20130415,0.03,0.03,0.03,0.03,400
MCE,20130415,0.88,0.88,0.85,0.85,136167
MCP,20130415,2.2,2.24,2.16,2.23,236829
MCR,20130415,0.745,0.745,0.7,0.71,238811
MDI,20130415,0.1,0.1,0.1,0.1,44221
MDL,20130415,3.26,3.27,3.04,3.08,193367
MDS,20130415,0.005,0.005,0.005,0.005,12000
MDV,20130415,0.005,0.005,0.005,0.005,333483
MED,20130415,0.155,0.17,0.155,0.16,96000
MEL,20130415,0.055,0.055,0.055,0.055,318267
MEO,20130415,0.067,0.068,0.067,0.067,230218
MEP,20130415,0.14,0.14,0.14,0.14,14730
MEU,20130415,0.067,0.068,0.064,0.065,1500987
MFF,20130415,1.11,1.135,1.1,1.1,345907
MFG,20130415,6.75,6.75,6.53,6.6,342004
MGL,20130415,0.022,0.022,0.022,0.022,7688
MGR,20130415,1.7,1.715,1.685,1.71,14358671
MGV,20130415,0.099,0.099,0.091,0.092,468000
MGX,20130415,0.52,0.525,0.495,0.5,5752985
MGY,20130415,0.046,0.046,0.045,0.045,185987
MHC,20130415,0.14,0.14,0.14,0.14,3850
MHM,20130415,0.15,0.15,0.145,0.145,68681
MIN,20130415,10.51,10.55,10.18,10.42,861796
MIO,20130415,2.11,2.11,1.92,2.02,244538
MIR,20130415,2.4,2.42,2.37,2.42,25291
MIZ,20130415,0.04,0.041,0.038,0.041,1788206
MKB,20130415,0.03,0.03,0.03,0.03,1637
MKO,20130415,0.02,0.02,0.02,0.02,250000
MLA,20130415,0.01,0.01,0.01,0.01,510000
MLB,20130415,2.25,2.25,2.23,2.25,88687
MLD,20130415,2.76,2.77,2.55,2.6,327327
MLM,20130415,0.175,0.175,0.175,0.175,1100
MLT,20130415,19.04,19.11,18.82,19,12361
MLX,20130415,0.14,0.14,0.13,0.135,831118
MMC,20130415,0.11,0.11,0.11,0.11,20000
MML,20130415,3.76,3.77,3.32,3.35,2071890
MMR,20130415,0.057,0.057,0.057,0.057,43300
MMS,20130415,14.72,14.79,14.58,14.71,375219
MMX,20130415,0.04,0.04,0.04,0.04,8000
MNC,20130415,0.036,0.036,0.035,0.035,530002
MND,20130415,21.8,21.815,20.47,20.9,1039126
MNE,20130415,0.03,0.03,0.028,0.029,137002
MNF,20130415,1.425,1.44,1.385,1.385,80399
MNM,20130415,0.051,0.051,0.05,0.05,73818
MNY,20130415,0.85,0.88,0.8,0.8,107773
MOC,20130415,2,2,1.97,1.975,71551
MOD,20130415,0.054,0.054,0.053,0.053,503577
MOL,20130415,0.115,0.115,0.11,0.11,16711
MOO,20130415,0.006,0.006,0.006,0.006,500000
MOU,20130415,0.011,0.011,0.011,0.011,50000
MOX,20130415,0.04,0.04,0.039,0.039,106551
MOY,20130415,0.017,0.017,0.015,0.017,14372361
MOZ,20130415,0.011,0.011,0.01,0.011,900000
MPJ,20130415,0.009,0.009,0.008,0.008,200000
MPO,20130415,0.32,0.325,0.32,0.32,638453
MPS,20130415,0.08,0.083,0.08,0.08,599000
MQA,20130415,1.655,1.665,1.63,1.655,1810033
MQG,20130415,37.61,37.86,36.73,37.1,1336301
MRM,20130415,3.82,3.84,3.76,3.82,497523
MRP,20130415,0.23,0.23,0.23,0.23,33970
MRQ,20130415,0.23,0.23,0.23,0.23,20000
MRR,20130415,0.09,0.09,0.09,0.09,11252
MRY,20130415,0.059,0.059,0.057,0.057,63000
MSB,20130415,5.9,5.9,5.57,5.74,276353
MSC,20130415,0.008,0.008,0.008,0.008,146573
MSR,20130415,0.09,0.09,0.085,0.089,472895
MTE,20130415,0.088,0.089,0.088,0.089,44486
MTH,20130415,0.045,0.045,0.045,0.045,20000
MTN,20130415,0.037,0.037,0.035,0.035,200000
MTS,20130415,4.09,4.13,4.07,4.13,3501148
MTU,20130415,5.17,5.22,5.15,5.16,366716
MUE,20130415,0.095,0.095,0.095,0.095,60000
MUI,20130415,0.001,0.001,0.001,0.001,1000000
MUM,20130415,0.044,0.044,0.043,0.043,338199
MUT,20130415,0.004,0.004,0.004,0.004,400000
MVP,20130415,1.61,1.63,1.61,1.63,5815
MVT,20130415,0.105,0.105,0.105,0.105,13000
MWN,20130415,0.07,0.07,0.07,0.07,35000
MWS,20130415,0.01,0.01,0.01,0.01,50473
MXI,20130415,1.38,1.38,1.35,1.35,187037
MXQ,20130415,0.325,0.325,0.325,0.325,16600
MXR,20130415,0.003,0.003,0.003,0.003,3522850
MYE,20130415,1.38,1.38,1.31,1.31,49071
MYG,20130415,0.066,0.066,0.06,0.064,1835068
MYR,20130415,3,3.01,2.95,3,2874277
MYS,20130415,4.4,4.4,4.35,4.36,25289
MYX,20130415,0.47,0.47,0.45,0.46,620849
MZI,20130415,0.022,0.022,0.021,0.021,600000
NAB,20130415,31.5,31.97,31.47,31.77,4740732
NAM,20130415,0.32,0.32,0.32,0.32,34118
NAN,20130415,0.45,0.455,0.45,0.455,40500
NBL,20130415,0.85,0.85,0.85,0.85,6000
NCC,20130415,0.965,0.965,0.96,0.96,5000
NCK,20130415,2.29,2.29,2.29,2.29,5500
NCM,20130415,18.3,18.41,17.66,17.92,7378524
NCO,20130415,0.024,0.024,0.024,0.024,81895
NCR,20130415,0.115,0.115,0.115,0.115,56317
NDL,20130415,0.036,0.037,0.034,0.037,415000
NDO,20130415,0.025,0.025,0.022,0.022,1649855
NEA,20130415,0.13,0.13,0.12,0.125,881579
NEN,20130415,0.19,0.195,0.185,0.185,692247
NEU,20130415,0.033,0.035,0.032,0.033,3198800
NFE,20130415,0.365,0.365,0.35,0.355,19641
NFK,20130415,0.47,0.47,0.465,0.47,1892366
NGE,20130415,0.025,0.025,0.02,0.024,948000
NGF,20130415,0.17,0.17,0.17,0.17,78000
NGY,20130415,0.057,0.057,0.056,0.056,101425
NHC,20130415,3.67,3.68,3.47,3.55,189977
NHF,20130415,2.25,2.25,2.23,2.25,343033
NKP,20130415,0.082,0.082,0.082,0.082,47400
NMG,20130415,0.038,0.038,0.038,0.038,556671
NML,20130415,0.1,0.1,0.1,0.1,5000
NMS,20130415,0.032,0.032,0.032,0.032,300000
NOD,20130415,0.099,0.099,0.099,0.099,9000
NOE,20130415,0.165,0.165,0.165,0.165,3031
NRT,20130415,0.19,0.215,0.19,0.205,412830
NRU,20130415,0.021,0.021,0.019,0.019,362000
NSE,20130415,0.175,0.18,0.17,0.17,405665
NSL,20130415,0.041,0.041,0.041,0.041,40000
NST,20130415,0.805,0.805,0.75,0.775,7662475
NTC,20130415,0.26,0.26,0.25,0.26,206307
NTU,20130415,0.14,0.14,0.13,0.13,51722
NUF,20130415,4.3,4.3,4.07,4.16,703412
NVG,20130415,0.026,0.026,0.023,0.026,941323
NVI,20130415,0.14,0.14,0.14,0.14,24000
NVT,20130415,5.11,5.11,4.93,4.99,320403
NWE,20130415,0.037,0.039,0.036,0.036,681368
NWH,20130415,1.39,1.39,1.275,1.28,7384591
NWS,20130415,30.03,30.11,29.78,29.89,2467266
NWT,20130415,0.415,0.415,0.395,0.395,573704
NXM,20130415,0.075,0.075,0.075,0.075,8000
NXR,20130415,0.063,0.063,0.058,0.058,455158
NXS,20130415,0.14,0.14,0.135,0.14,1531144
NXT,20130415,1.96,1.96,1.92,1.93,246654
NYO,20130415,0.024,0.024,0.024,0.024,21000
NZO,20130415,0.715,0.715,0.7,0.71,46272
OBJ,20130415,0.014,0.015,0.013,0.015,1378490
OBL,20130415,0.02,0.02,0.019,0.019,1291516
OBS,20130415,0.23,0.235,0.21,0.235,196673
OCL,20130415,0.49,0.49,0.425,0.46,71000
OEL,20130415,0.078,0.079,0.076,0.076,1393714
OEX,20130415,0.075,0.075,0.062,0.062,1152768
OGC,20130415,2.21,2.24,2.07,2.13,1081029
OGH,20130415,0.036,0.036,0.036,0.036,4800
OGX,20130415,0.2,0.2,0.185,0.2,274898
OGY,20130415,0.031,0.032,0.028,0.028,804365
OKN,20130415,1.3,1.3,1.255,1.285,57209
OKU,20130415,0.007,0.007,0.007,0.007,761765
OMH,20130415,0.39,0.39,0.38,0.385,511424
ONT,20130415,5.7,5.7,5.67,5.67,8823
OOO,20130415,46.37,46.37,45.75,45.75,4355
OPG,20130415,0.12,0.12,0.12,0.12,1500
ORD,20130415,0.011,0.012,0.011,0.012,438114
ORE,20130415,1.16,1.17,1.13,1.13,242090
ORG,20130415,12.65,12.7,12.35,12.5,2195969
ORI,20130415,23.56,23.72,22.94,23.15,1118222
ORL,20130415,7,7,6.9,6.93,143815
ORN,20130415,0.09,0.09,0.09,0.09,73049
ORR,20130415,0.185,0.185,0.18,0.18,87500
ORS,20130415,0.12,0.12,0.115,0.115,50000
OSH,20130415,7.42,7.49,7.23,7.3,4924463
OSP,20130415,0.455,0.455,0.43,0.43,60650
OTC,20130415,0.068,0.068,0.068,0.068,18572
OTH,20130415,0.665,0.665,0.64,0.645,87577
OVL,20130415,0.016,0.016,0.016,0.016,216666
OVR,20130415,0.012,0.012,0.012,0.012,120000
OXX,20130415,0.185,0.185,0.185,0.185,2625
OZF,20130415,18.55,18.55,18.55,18.55,215
OZG,20130415,0.185,0.185,0.175,0.175,1267360
OZL,20130415,5.13,5.14,4.9,5,2131808
OZR,20130415,9.61,9.61,9.39,9.39,220
PAA,20130415,0.009,0.009,0.009,0.009,35929
PAB,20130415,0.028,0.028,0.027,0.027,601356
PAG,20130415,1.23,1.235,1.22,1.23,122008
PAN,20130415,0.305,0.305,0.28,0.29,1023997
PBD,20130415,0.012,0.012,0.011,0.011,1589980
PBG,20130415,0.89,0.895,0.87,0.885,1411296
PBT,20130415,0.2,0.21,0.2,0.21,150545
PCL,20130415,0.085,0.085,0.081,0.084,1648599
PDI,20130415,0.04,0.04,0.036,0.036,123660
PDN,20130415,0.89,0.905,0.86,0.865,6001534
PDY,20130415,0.004,0.004,0.004,0.004,1881659
PDZ,20130415,0.42,0.435,0.38,0.435,102032
PEA,20130415,0.48,0.48,0.48,0.48,32364
PEK,20130415,0.14,0.14,0.135,0.135,68750
PEM,20130415,0.21,0.21,0.195,0.2,4838827
PEN,20130415,0.028,0.028,0.027,0.027,1331500
PEX,20130415,0.68,0.68,0.655,0.655,45709
PFG,20130415,0.095,0.1,0.095,0.1,201066
PFL,20130415,1.58,1.58,1.525,1.55,43346
PGC,20130415,0.3,0.315,0.3,0.315,31285
PGI,20130415,0.088,0.089,0.083,0.085,2778002
PGL,20130415,0.2,0.21,0.2,0.2,22878
PGM,20130415,0.045,0.045,0.043,0.043,64000
PGS,20130415,0.017,0.017,0.017,0.017,1518787
PHG,20130415,0.051,0.052,0.051,0.052,43000
PHK,20130415,0.063,0.063,0.06,0.06,109977
PIE,20130415,0.04,0.04,0.04,0.04,24999
PIO,20130415,0.03,0.03,0.025,0.025,1500000
PIR,20130415,0.96,1.02,0.925,0.975,1951322
PLH,20130415,0.11,0.11,0.11,0.11,80000
PLY,20130415,0.31,0.31,0.31,0.31,6700
PMC,20130415,1.235,1.25,1.23,1.25,65963
PME,20130415,0.46,0.46,0.46,0.46,15000
PMP,20130415,0.24,0.245,0.24,0.245,476974
PMV,20130415,8.49,8.53,8.28,8.35,257259
PNA,20130415,2.53,2.53,2.24,2.38,6072420
PNE,20130415,0.008,0.008,0.008,0.008,9000
PNL,20130415,0.135,0.155,0.135,0.145,107689
PNN,20130415,0.048,0.05,0.048,0.048,200000
PNO,20130415,0.001,0.001,0.001,0.001,500000
PNR,20130415,0.14,0.14,0.14,0.14,195000
PNX,20130415,0.024,0.024,0.024,0.024,73000
POH,20130415,0.125,0.13,0.125,0.13,2419513
POK,20130415,0.255,0.255,0.215,0.22,144485
POS,20130415,0.22,0.245,0.22,0.23,2191055
POU,20130415,14.6,14.6,14.6,14.6,330
POZ,20130415,0.05,0.05,0.035,0.042,736161
PPC,20130415,1.4,1.4,1.36,1.37,15684462
PPG,20130415,0.495,0.5,0.485,0.5,98280
PPK,20130415,0.43,0.43,0.43,0.43,18670
PPP,20130415,0.1,0.1,0.098,0.1,548391
PPS,20130415,0.082,0.082,0.08,0.08,700000
PPT,20130415,40.35,40.82,39.87,40.3,55843
PPX,20130415,0.08,0.082,0.08,0.081,129391
PRA,20130415,0.04,0.04,0.035,0.035,251265
PRG,20130415,2.55,2.55,2.47,2.52,274448
PRL,20130415,0.091,0.091,0.09,0.09,133000
PRO,20130415,0.355,0.355,0.35,0.35,3842
PRR,20130415,0.091,0.093,0.089,0.089,2747951
PRT,20130415,1.09,1.09,1.09,1.09,330
PRU,20130415,1.55,1.57,1.45,1.46,4034520
PRW,20130415,0.004,0.004,0.003,0.004,2318000
PRY,20130415,5.03,5.05,4.93,5.03,1049401
PSA,20130415,0.145,0.16,0.145,0.16,62333
PSH,20130415,0.07,0.07,0.07,0.07,25000
PTL,20130415,0.015,0.015,0.014,0.014,135715
PTM,20130415,5.18,5.25,5.15,5.17,467349
PVA,20130415,2.17,2.17,2.17,2.17,125
PVD,20130415,0.54,0.55,0.53,0.53,57721
PVE,20130415,0.105,0.105,0.105,0.105,2500
PVM,20130415,0.505,0.505,0.45,0.46,658270
PWN,20130415,0.175,0.175,0.17,0.17,9488
PXG,20130415,0.21,0.215,0.185,0.2,1122500
PXR,20130415,0.003,0.003,0.003,0.003,50000
PXS,20130415,0.35,0.35,0.315,0.325,1484956
PXT,20130415,0.145,0.145,0.145,0.145,200000
PYC,20130415,0.021,0.021,0.021,0.021,274000
PYM,20130415,0.038,0.038,0.036,0.036,70915
PZC,20130415,0.055,0.055,0.055,0.055,8000
QAG,20130415,12.07,12.07,12.07,12.07,380
QAN,20130415,1.76,1.775,1.705,1.74,8195262
QAU,20130415,15.4,15.4,14.72,14.91,108229
QBE,20130415,13.19,13.25,12.94,13.12,2140841
QFN,20130415,9.99,9.99,9.99,9.99,1168
QFX,20130415,0.017,0.018,0.016,0.018,187816
QHL,20130415,0.15,0.15,0.145,0.145,92823
QMN,20130415,0.027,0.029,0.027,0.029,1055561
QNL,20130415,0.007,0.008,0.007,0.008,300000
QPN,20130415,0.005,0.005,0.004,0.004,4340950
QRL,20130415,0.038,0.039,0.038,0.039,7500
QRX,20130415,1.115,1.14,1.115,1.14,89124
QTG,20130415,0.017,0.017,0.016,0.016,841665
QUB,20130415,1.72,1.72,1.685,1.705,692761
RAD,20130415,0.12,0.12,0.11,0.11,81666
RAI,20130415,0.023,0.024,0.022,0.023,461423
RAU,20130415,0.014,0.014,0.014,0.014,190700
RBR,20130415,0.017,0.017,0.017,0.017,200000
RCB,20130415,20.53,20.54,20.53,20.54,6049
RCF,20130415,0.028,0.028,0.028,0.028,104820
RCG,20130415,0.59,0.595,0.585,0.585,141669
RCM,20130415,0.01,0.01,0.01,0.01,25152
RCO,20130415,0.49,0.49,0.47,0.47,233900
RCR,20130415,2.4,2.4,2.275,2.34,359723
RCU,20130415,0.49,0.49,0.49,0.49,3902
RDF,20130415,1.05,1.06,1.05,1.06,65976
RDM,20130415,0.17,0.17,0.15,0.16,518108
RDR,20130415,0.095,0.095,0.081,0.083,1351189
RDS,20130415,0.11,0.11,0.11,0.11,53021
RDV,20130415,27.9,27.93,27.59,27.67,9541
REA,20130415,28.55,29,28.55,28.78,59519
RED,20130415,0.69,0.715,0.63,0.66,424390
RER,20130415,0.043,0.043,0.043,0.043,10614
RES,20130415,0.275,0.275,0.255,0.255,115291
REX,20130415,1.11,1.11,1.1,1.1,6628
RFE,20130415,0.7,0.715,0.675,0.675,813018
RFG,20130415,3.65,3.66,3.6,3.64,55320
RFL,20130415,0.15,0.155,0.15,0.155,87532
RFX,20130415,0.055,0.055,0.055,0.055,155000
RGB,20130415,20.75,20.75,20.75,20.75,242
RHC,20130415,31.81,32.05,31.54,31.77,270181
RHG,20130415,0.405,0.41,0.4,0.41,833118
RHL,20130415,2.92,3,2.92,2.99,24816
RHT,20130415,0.018,0.019,0.018,0.019,194445
RIA,20130415,0.073,0.076,0.073,0.075,351000
RIC,20130415,0.89,0.89,0.835,0.85,1055243
RIE,20130415,0.052,0.06,0.052,0.06,47200
RIG,20130415,0.036,0.036,0.03,0.03,102956
RIM,20130415,0.059,0.065,0.059,0.064,786563
RIO,20130415,56.04,56.14,53.73,55.09,4196982
RKN,20130415,2.41,2.41,2.41,2.41,20195
RMD,20130415,4.37,4.38,4.35,4.38,2843840
RMG,20130415,0.002,0.002,0.002,0.002,1000000
RMP,20130415,0.06,0.06,0.051,0.051,82155
RMR,20130415,0.002,0.002,0.002,0.002,1000000
RMS,20130415,0.27,0.27,0.25,0.255,2084373
RND,20130415,0.35,0.35,0.34,0.34,15338
RNI,20130415,0.12,0.125,0.105,0.125,416312
RNS,20130415,0.155,0.155,0.155,0.155,50000
RNY,20130415,0.285,0.285,0.28,0.28,92640
ROC,20130415,0.48,0.48,0.46,0.48,337319
ROG,20130415,0.002,0.002,0.002,0.002,2375000
ROL,20130415,0.28,0.28,0.28,0.28,10000
RQL,20130415,0.19,0.19,0.175,0.18,693731
RRL,20130415,3.8,3.8,3.52,3.6,4640562
RSG,20130415,1,1.015,0.94,0.95,3159733
RSL,20130415,0.007,0.007,0.007,0.007,6601
RTR,20130415,0.068,0.068,0.065,0.065,52000
RUB,20130415,0.008,0.008,0.008,0.008,220000
RUL,20130415,0.565,0.565,0.55,0.555,166600
RUM,20130415,0.18,0.18,0.17,0.17,128985
RVA,20130415,0.585,0.585,0.585,0.585,5000
RWD,20130415,0.38,0.38,0.38,0.38,2000
RXL,20130415,0.067,0.067,0.059,0.06,7229114
RXM,20130415,0.37,0.375,0.34,0.345,277494
RXP,20130415,0.71,0.71,0.695,0.7,103945
SAI,20130415,3.79,3.79,3.69,3.73,1365407
SAR,20130415,0.23,0.235,0.205,0.21,6225458
SAU,20130415,0.025,0.025,0.025,0.025,20000
SBL,20130415,0.003,0.003,0.003,0.003,275000
SBM,20130415,0.96,0.965,0.885,0.9,3608500
SBR,20130415,0.13,0.13,0.13,0.13,128700
SCC,20130415,0.42,0.42,0.415,0.415,22000
SCI,20130415,0.11,0.11,0.1,0.1,177460
SCP,20130415,1.64,1.65,1.63,1.64,1427668
SDG,20130415,1.32,1.32,1.305,1.31,133323
SDI,20130415,0.42,0.44,0.42,0.44,93500
SDL,20130415,0.099,0.105,0.093,0.096,48688516
SDM,20130415,0.89,0.89,0.84,0.85,318724
SEA,20130415,0.995,0.997,0.95,0.96,1537460
SEH,20130415,0.15,0.15,0.135,0.14,2265078
SEK,20130415,10.45,10.66,10.34,10.6,1543468
SEO,20130415,0.033,0.033,0.033,0.033,200000
SER,20130415,0.039,0.039,0.038,0.038,107300
SFC,20130415,4.42,4.42,4.42,4.42,310
SFH,20130415,1.235,1.24,1.2,1.2,154292
SFR,20130415,6.1,6.29,5.91,6.26,1115283
SFW,20130415,0.65,0.655,0.645,0.65,251425
SFX,20130415,0.59,0.59,0.56,0.565,89997
SFY,20130415,49.98,49.99,49.38,49.38,3709
SFZ,20130415,0.085,0.085,0.082,0.082,468312
SGH,20130415,2.62,2.63,2.52,2.63,13360
SGI,20130415,0.285,0.285,0.285,0.285,14000
SGM,20130415,9.5,9.53,9.13,9.37,936482
SGN,20130415,1.43,1.43,1.355,1.375,254920
SGP,20130415,3.85,3.88,3.83,3.85,4743361
SGQ,20130415,0.175,0.175,0.175,0.175,1340
SGT,20130415,2.76,2.77,2.74,2.76,2183328
SGY,20130415,0.031,0.035,0.03,0.035,550000
SGZ,20130415,0.038,0.038,0.034,0.035,256569
SHC,20130415,0.025,0.025,0.024,0.024,1281900
SHD,20130415,0.082,0.082,0.082,0.082,12207
SHE,20130415,0.013,0.013,0.013,0.013,7496
SHK,20130415,0.007,0.007,0.007,0.007,20000
SHL,20130415,13.18,13.24,13.11,13.17,860281
SHV,20130415,2.9,2.91,2.8,2.84,146379
SIH,20130415,0.095,0.095,0.09,0.09,408600
SIP,20130415,0.775,0.775,0.75,0.76,1776060
SIR,20130415,3.34,3.34,3.13,3.18,864180
SIT,20130415,0.135,0.135,0.135,0.135,65000
SIV,20130415,7.35,7.42,7.35,7.42,76492
SKC,20130415,3.49,3.5,3.48,3.5,60836
SKE,20130415,3.52,3.52,3.24,3.31,750429
SKI,20130415,1.72,1.74,1.712,1.735,3065215
SKT,20130415,4.38,4.38,4.35,4.36,622960
SLF,20130415,9.7,9.74,9.69,9.72,136356
SLM,20130415,2.05,2.05,2,2.01,47997
SLR,20130415,1.6,1.6,1.505,1.53,5373128
SLX,20130415,2.94,2.94,2.82,2.82,90509
SMA,20130415,0.005,0.005,0.005,0.005,322000
SMD,20130415,0.035,0.035,0.035,0.035,23395
SMR,20130415,0.16,0.165,0.155,0.155,169425
SMX,20130415,5.1,5.1,5.02,5.06,224416
SND,20130415,0.76,0.78,0.76,0.78,65246
SNL,20130415,1.87,1.87,1.87,1.87,1900
SNY,20130415,0.39,0.39,0.39,0.39,30000
SOI,20130415,0.001,0.001,0.001,0.001,441708
SOL,20130415,14.7,14.7,14.46,14.47,36956
SOM,20130415,0.91,0.91,0.91,0.91,3950
SOO,20130415,0.024,0.024,0.024,0.024,27027
SOR,20130415,0.065,0.065,0.065,0.065,99
SPL,20130415,1.135,1.135,1.085,1.09,482105
SPM,20130415,0.033,0.033,0.03,0.03,221211
SPN,20130415,1.22,1.23,1.215,1.23,3347368
SPS,20130415,0.01,0.013,0.01,0.013,400225
SRH,20130415,0.11,0.11,0.11,0.11,2632
SRI,20130415,0.076,0.076,0.075,0.075,425000
SRK,20130415,0.091,0.091,0.09,0.09,149500
SRM,20130415,0.24,0.24,0.22,0.225,1033795
SRQ,20130415,0.03,0.03,0.03,0.03,2020000
SRV,20130415,3.72,3.75,3.72,3.72,2754
SRX,20130415,10.2,10.24,10.01,10.1,115819
SRZ,20130415,0.056,0.058,0.051,0.051,1059727
SSM,20130415,0.245,0.245,0.235,0.24,338872
SSN,20130415,0.022,0.022,0.022,0.022,2384576
SSO,20130415,11.78,11.78,11.75,11.75,4001
STB,20130415,0.34,0.355,0.325,0.35,54100
STO,20130415,12.44,12.59,12.17,12.4,2884656
STS,20130415,0.52,0.53,0.52,0.52,31455
STW,20130415,47.14,47.14,46.58,46.92,183931
STX,20130415,0.11,0.11,0.1,0.11,820860
SUD,20130415,0.031,0.031,0.031,0.031,50000
SUL,20130415,12.2,12.2,12.04,12.17,182395
SUM,20130415,0.17,0.19,0.17,0.19,520300
SUN,20130415,11.74,11.935,11.72,11.84,2582953
SUR,20130415,0.045,0.046,0.043,0.045,6838375
SVL,20130415,0.035,0.037,0.032,0.037,815214
SVM,20130415,0.225,0.225,0.225,0.225,12784
SVW,20130415,9.6,9.6,8.92,9.02,583338
SWJ,20130415,0.095,0.095,0.094,0.094,317701
SWK,20130415,0.33,0.335,0.32,0.33,733876
SWL,20130415,1.2,1.2,1.195,1.2,63111
SWM,20130415,2.15,2.16,2.11,2.11,3237592
SXA,20130415,0.29,0.29,0.29,0.29,20000
SXE,20130415,1.2,1.2,1.18,1.2,227916
SXG,20130415,0.032,0.032,0.028,0.028,564669
SXI,20130415,0.02,0.02,0.02,0.02,24990
SXL,20130415,1.47,1.5,1.45,1.495,1165569
SXT,20130415,0.25,0.25,0.25,0.25,226
SXY,20130415,0.83,0.83,0.77,0.81,8792313
SYD,20130415,3.35,3.36,3.31,3.35,4279659
SYI,20130415,28.47,28.69,28.47,28.53,11274
SYR,20130415,2.06,2.06,1.91,1.98,345343
TAG,20130415,0.22,0.22,0.22,0.22,135507
TAH,20130415,3.27,3.29,3.26,3.27,1403184
TAM,20130415,0.13,0.135,0.125,0.135,1447230
TAN,20130415,0.42,0.44,0.42,0.44,169450
TAP,20130415,0.565,0.575,0.565,0.57,1629330
TAS,20130415,0.08,0.08,0.08,0.08,35000
TAW,20130415,0.011,0.011,0.009,0.009,2500000
TBR,20130415,1.38,1.38,1.35,1.35,7400
TCL,20130415,6.5,6.52,6.47,6.49,3980193
TCN,20130415,0.032,0.032,0.032,0.032,1610000
TCQ,20130415,0.28,0.28,0.28,0.28,4000
TDO,20130415,0.11,0.11,0.11,0.11,5000
TEG,20130415,0.014,0.014,0.014,0.014,356000
TEL,20130415,1.985,1.995,1.96,1.99,2726523
TEN,20130415,0.295,0.3,0.29,0.29,3308510
TFC,20130415,0.5,0.515,0.5,0.5,95793
TGA,20130415,2.06,2.06,2.03,2.06,305540
TGG,20130415,0.89,0.9,0.88,0.9,42275
TGR,20130415,2,2.08,1.98,2.05,122648
TGS,20130415,0.3,0.3,0.277,0.29,3708777
TGZ,20130415,0.95,0.95,0.83,0.88,219385
THX,20130415,0.07,0.07,0.068,0.068,19800
TIG,20130415,0.175,0.18,0.175,0.18,101054
TIS,20130415,0.16,0.16,0.155,0.155,30007
TIX,20130415,0.49,0.49,0.485,0.485,184704
TJN,20130415,0.47,0.47,0.465,0.47,224280
TKL,20130415,0.08,0.08,0.07,0.07,782467
TLG,20130415,0.2,0.2,0.195,0.195,60000
TLM,20130415,0.12,0.12,0.115,0.115,34000
TLS,20130415,4.62,4.65,4.615,4.65,26175758
TME,20130415,3.96,3.96,3.91,3.96,1134355
TMM,20130415,1.38,1.38,1.38,1.38,1574
TMX,20130415,0.009,0.009,0.009,0.009,488000
TNC,20130415,0.013,0.013,0.012,0.013,3950000
TND,20130415,0.037,0.037,0.037,0.037,29334
TNE,20130415,1.84,1.88,1.79,1.8,122564
TNG,20130415,0.097,0.097,0.094,0.097,178041
TNP,20130415,0.029,0.03,0.029,0.03,1077500
TOE,20130415,0.1,0.1,0.098,0.098,1227042
TOL,20130415,5.77,5.77,5.48,5.58,2913049
TON,20130415,0.077,0.088,0.077,0.082,4140242
TOU,20130415,0.5,0.5,0.5,0.5,10000
TOX,20130415,3.35,3.4,3.29,3.4,67489
TPD,20130415,0.053,0.054,0.052,0.054,187010
TPI,20130415,1.04,1.045,1.022,1.04,3230176
TPM,20130415,3.36,3.39,3.31,3.33,568348
TPR,20130415,0.063,0.064,0.063,0.064,150000
TPT,20130415,0.245,0.25,0.245,0.25,42000
TRF,20130415,0.13,0.13,0.13,0.13,10000
TRG,20130415,6.06,6.2,6.06,6.18,8073
TRM,20130415,0.052,0.052,0.052,0.052,27500
TRO,20130415,0.055,0.055,0.055,0.055,92000
TRS,20130415,16.18,16.28,16.06,16.2,60964
TRU,20130415,5.67,5.7,5.67,5.7,6196
TRY,20130415,2.01,2.04,1.83,1.89,963808
TSE,20130415,1.71,1.717,1.64,1.645,1779396
TSM,20130415,0.295,0.295,0.285,0.285,200000
TSN,20130415,0.005,0.007,0.005,0.006,6688169
TSV,20130415,0.005,0.005,0.005,0.005,106000
TTN,20130415,1.72,1.74,1.7,1.7,32726
TTS,20130415,3.23,3.26,3.21,3.26,2646644
TUC,20130415,0.09,0.09,0.09,0.09,10000
TWD,20130415,2.6,2.6,2.59,2.59,6000
TWE,20130415,5.71,5.79,5.69,5.74,3330396
TWH,20130415,0.005,0.005,0.005,0.005,194000
TWR,20130415,1.42,1.42,1.42,1.42,938
TZL,20130415,0.12,0.12,0.105,0.105,286264
TZN,20130415,0.017,0.017,0.016,0.016,177420
UBI,20130415,0.67,0.67,0.65,0.65,23205
UCL,20130415,0.125,0.125,0.125,0.125,70000
UEQ,20130415,0.027,0.028,0.027,0.028,247892
UGL,20130415,10.29,10.32,9.92,10.04,1106109
UML,20130415,0.078,0.079,0.074,0.075,2024230
UNS,20130415,0.36,0.365,0.35,0.36,198637
UNV,20130415,0.084,0.084,0.083,0.083,396230
UNX,20130415,0.056,0.058,0.056,0.058,429001
UOS,20130415,0.48,0.48,0.48,0.48,15000
URF,20130415,1.75,1.75,1.75,1.75,108575
USD,20130415,9.42,9.51,9.41,9.49,48542
USF,20130415,1.575,1.575,1.55,1.55,15125
UXC,20130415,1.2,1.205,1.185,1.205,241860
VAF,20130415,49.16,49.16,49.16,49.16,485
VAH,20130415,0.435,0.445,0.435,0.435,4825375
VAP,20130415,60.85,60.96,60.75,60.8,5746
VAS,20130415,63.8,63.8,63,63.37,20890
VEC,20130415,0.03,0.03,0.029,0.029,341907
VEI,20130415,0.59,0.59,0.565,0.57,241220
VEU,20130415,44.78,45.05,44.74,45.02,10220
VGO,20130415,0.105,0.105,0.105,0.105,106355
VHY,20130415,60.97,60.97,60.48,60.73,8777
VIC,20130415,0.05,0.05,0.05,0.05,45500
VLA,20130415,0.295,0.295,0.295,0.295,12950
VLC,20130415,55.08,55.27,55.08,55.27,190
VLW,20130415,1.03,1.04,1.03,1.04,60239
VMC,20130415,0.175,0.175,0.175,0.175,6372
VMG,20130415,0.019,0.019,0.018,0.019,2098142
VML,20130415,0.022,0.022,0.022,0.022,200000
VMS,20130415,0.17,0.17,0.165,0.17,50605
VOC,20130415,2.03,2.05,1.95,1.97,286133
VOR,20130415,0.01,0.011,0.009,0.009,11229663
VRL,20130415,5.07,5.11,5.03,5.05,28698
VSC,20130415,1.05,1.05,1,1,53625
VSO,20130415,46,46,44.85,45.15,3676
VTG,20130415,0.625,0.63,0.625,0.63,54960
VTS,20130415,78.35,78.41,78,78.31,6903
VXR,20130415,0.026,0.026,0.026,0.026,58900
WAA,20130415,1.135,1.135,1.135,1.135,2000
WAC,20130415,0.07,0.07,0.07,0.07,20000
WAF,20130415,0.235,0.235,0.23,0.23,27267
WAM,20130415,1.705,1.71,1.7,1.705,1565052
WAX,20130415,1,1,0.995,0.995,154323
WBB,20130415,5.36,5.39,5.35,5.35,7412
WBC,20130415,31.5,31.68,31.25,31.59,5337875
WCB,20130415,4,4,3.93,3.93,18500
WCL,20130415,0.255,0.27,0.255,0.255,110690
WCN,20130415,0.027,0.028,0.027,0.028,429000
WCP,20130415,0.08,0.08,0.072,0.072,1256520
WDC,20130415,11.34,11.4,11.27,11.31,6177110
WDR,20130415,0.72,0.72,0.695,0.7,827794
WDS,20130415,0.505,0.505,0.46,0.48,40911
WEB,20130415,5.24,5.24,5.12,5.15,37349
WEC,20130415,0.17,0.17,0.17,0.17,10000
WES,20130415,40.4,40.73,40.23,40.68,1376765
WGO,20130415,0.034,0.034,0.034,0.034,40000
WHC,20130415,2.12,2.12,2.02,2.07,3875403
WHE,20130415,0.064,0.064,0.064,0.064,103200
WHF,20130415,3.62,3.62,3.6,3.6,29734
WHG,20130415,1.03,1.04,1.015,1.03,166730
WHN,20130415,0.028,0.028,0.027,0.027,2634410
WIC,20130415,1.155,1.155,1.155,1.155,77910
WKT,20130415,0.014,0.014,0.012,0.012,1000000
WLL,20130415,2.5,2.6,2.5,2.6,30317
WLR,20130415,0.014,0.014,0.014,0.014,100000
WMN,20130415,0.135,0.14,0.135,0.14,48166
WOR,20130415,24.29,24.29,23.15,23.76,1156654
WOW,20130415,34.52,34.63,34.27,34.46,2312825
WPG,20130415,0.087,0.088,0.086,0.086,579188
WPL,20130415,36.25,36.4,35.51,36,2847345
WRG,20130415,0.014,0.014,0.012,0.012,286611
WRM,20130415,0.066,0.066,0.06,0.06,32910
WRR,20130415,0.225,0.225,0.225,0.225,50000
WRT,20130415,3.14,3.195,3.13,3.17,23803765
WSA,20130415,3.26,3.29,3.12,3.14,1177375
WSR,20130415,0.014,0.014,0.014,0.014,601758
WTF,20130415,4.89,4.93,4.85,4.88,294667
WTP,20130415,0.69,0.695,0.68,0.695,151394
WTR,20130415,0.25,0.25,0.25,0.25,75625
WWI,20130415,0.017,0.017,0.017,0.017,918000
WWM,20130415,0.068,0.068,0.068,0.068,1
XRF,20130415,0.35,0.35,0.34,0.345,375555
XRO,20130415,9.26,9.54,9.26,9.54,14375
YAL,20130415,0.7,0.71,0.68,0.71,10145
YBR,20130415,0.59,0.59,0.57,0.57,61807
YRR,20130415,0.015,0.015,0.015,0.015,1000000
YTC,20130415,0.23,0.23,0.21,0.21,1055708
ZGL,20130415,0.225,0.23,0.225,0.23,57020
ZGM,20130415,0.011,0.011,0.011,0.011,83333
ZIM,20130415,9.5,9.5,9.5,9.5,20000
ZTA,20130415,0.019,0.019,0.019,0.019,130000
ZYL,20130415,0.018,0.019,0.017,0.017,3572249
XAF,20130415,5086.7,5078.6,5014,5049,0
XAO,20130415,5016,5008.6,4933.1,4966.8,0
XAT,20130415,4988.1,4979.9,4907.6,4942.2,0
XDJ,20130415,1584.5,1586,1572.4,1582,0
XEC,20130415,1183.4,1181.6,1146.3,1151.6,0
XEJ,20130415,13064,13056.7,12643.5,12820.8,0
XFJ,20130415,5486.1,5514.5,5467.3,5494.1,0
XFL,20130415,5136.5,5128.3,5063.6,5098.8,0
XGD,20130415,3958.9,3940.9,3523.3,3567,0
XHJ,20130415,12378.9,12375.4,12212.8,12271.7,0
XIJ,20130415,672.7,672.7,656.1,659.8,0
XJO,20130415,5013.5,5005.3,4933.3,4967.9,0
XJR,20130415,3985.7,3961.1,3786,3842.7,0
XKO,20130415,4979.8,4971.7,4898.8,4933.1,0
XMD,20130415,4150,4144,4059.9,4097,0
XMJ,20130415,9622.5,9552.6,9113.9,9246.1,0
XMM,20130415,3194.9,3168.6,3008.8,3055.4,0
XNJ,20130415,3818.1,3811.6,3720.3,3755.1,0
XPJ,20130415,1064.8,1069.5,1064,1066.5,0
XSJ,20130415,10092,10092,9997.3,10057.7,0
XSO,20130415,2253.5,2249.6,2181,2192.9,0
XTJ,20130415,1589.5,1602.1,1589.3,1602,0
XTL,20130415,3108.7,3103.4,3066.6,3088.5,0
XTO,20130415,4142.3,4135.6,4080.3,4109.5,0
XUJ,20130415,5591.5,5607.4,5561.3,5603.6,0
XXJ,20130415,6357.1,6392.7,6328.8,6366.1,0
