AAA,20130118,50.17,50.18,50.17,50.18,15459
AAC,20130118,1.13,1.14,1.12,1.125,849931
AAD,20130118,1.54,1.55,1.52,1.525,1278981
AAJ,20130118,0.065,0.065,0.06,0.06,230094
AAR,20130118,0.006,0.007,0.006,0.007,1721667
AAU,20130118,0.13,0.13,0.13,0.13,15000
AAX,20130118,3.59,3.7,3.59,3.65,224888
AAY,20130118,0.02,0.02,0.02,0.02,208347
ABC,20130118,3.32,3.32,3.28,3.31,1514285
ABN,20130118,0.01,0.01,0.01,0.01,200000
ABP,20130118,2.28,2.28,2.26,2.27,166256
ABU,20130118,0.043,0.043,0.042,0.043,2312204
ABV,20130118,0.021,0.021,0.021,0.021,62222
ABY,20130118,0.46,0.47,0.46,0.46,145256
ACB,20130118,0.11,0.11,0.105,0.105,149722
ACG,20130118,0.07,0.07,0.07,0.07,151500
ACK,20130118,0.17,0.17,0.17,0.17,16700
ACL,20130118,0.325,0.35,0.325,0.345,543640
ACR,20130118,3,3.14,3,3.12,422193
ACS,20130118,0.21,0.21,0.21,0.21,2969
ADJ,20130118,0.037,0.039,0.037,0.039,324000
ADN,20130118,0.048,0.048,0.047,0.047,160960
ADO,20130118,0.056,0.058,0.056,0.058,90000
ADX,20130118,0.02,0.021,0.02,0.02,2622380
ADY,20130118,0.036,0.036,0.035,0.035,15250
AEB,20130118,0.275,0.275,0.275,0.275,17136
AEE,20130118,0.16,0.16,0.145,0.16,236398
AEF,20130118,19.27,19.27,19.27,19.27,80
AEI,20130118,0.16,0.16,0.16,0.16,50000
AEJ,20130118,8.38,8.38,8.38,8.38,138
AEU,20130118,1.38,1.38,1.35,1.36,57041
AFA,20130118,0.215,0.22,0.215,0.22,22400
AFI,20130118,5.28,5.38,5.26,5.28,464484
AFR,20130118,0.15,0.155,0.145,0.145,213262
AGD,20130118,0.17,0.17,0.17,0.17,3500
AGE,20130118,0.084,0.086,0.084,0.086,66500
AGF,20130118,0.715,0.725,0.71,0.72,751866
AGG,20130118,5.51,5.51,5.51,5.51,3000
AGI,20130118,2.65,2.74,2.65,2.73,418537
AGJ,20130118,0.1,0.1,0.1,0.1,20000
AGK,20130118,15.57,15.57,15.41,15.49,1004981
AGO,20130118,1.56,1.605,1.55,1.565,8194084
AGR,20130118,0.15,0.15,0.15,0.15,100000
AGS,20130118,0.21,0.21,0.2,0.2,329459
AGX,20130118,0.038,0.038,0.038,0.038,15000
AGY,20130118,0.094,0.094,0.093,0.093,21000
AHD,20130118,7.2,7.2,7.14,7.2,55116
AHE,20130118,3.35,3.4,3.34,3.39,194939
AHZ,20130118,0.022,0.024,0.022,0.023,1567083
AIA,20130118,2.21,2.21,2.21,2.21,4000
AIO,20130118,4.76,4.79,4.72,4.78,2802824
AIQ,20130118,0.43,0.43,0.43,0.43,70000
AIV,20130118,0.016,0.016,0.014,0.014,161318
AIW,20130118,0.04,0.044,0.04,0.044,827619
AIX,20130118,3.13,3.14,3.13,3.13,2193194
AIY,20130118,0.09,0.095,0.09,0.095,169801
AIZ,20130118,0.98,0.98,0.98,0.98,5800
AJA,20130118,3.15,3.49,3.15,3.45,746735
AJC,20130118,0.023,0.023,0.022,0.022,150000
AJJ,20130118,0.195,0.2,0.195,0.2,25000
AJL,20130118,2,2,1.94,1.98,55773
AJM,20130118,0.185,0.19,0.185,0.185,165600
AJQ,20130118,0.295,0.3,0.295,0.3,197008
AKK,20130118,0.021,0.022,0.021,0.022,2695876
AKM,20130118,0.125,0.125,0.115,0.115,3057116
AKP,20130118,5.75,5.75,5.75,5.75,1935
AKY,20130118,80.21,80.21,80.21,80.21,130
ALF,20130118,1.415,1.42,1.405,1.405,28500
ALK,20130118,0.65,0.65,0.63,0.63,357830
ALL,20130118,3.35,3.36,3.31,3.34,809919
ALQ,20130118,10.9,10.96,10.79,10.95,441175
ALR,20130118,1.21,1.21,1.21,1.21,2000
ALT,20130118,0.022,0.022,0.022,0.022,66065
ALU,20130118,1.23,1.23,1.21,1.21,110962
ALZ,20130118,3.45,3.45,3.395,3.43,958832
AMA,20130118,0.375,0.38,0.37,0.38,127833
AMC,20130118,8.4,8.47,8.39,8.47,2690234
AMH,20130118,0.855,0.855,0.84,0.84,103712
AMM,20130118,1.455,1.485,1.45,1.485,1632655
AMP,20130118,5.16,5.27,5.15,5.25,9245642
AMX,20130118,0.41,0.415,0.38,0.39,715633
ANG,20130118,4.56,4.64,4.56,4.61,33431
ANN,20130118,16.59,16.67,16.44,16.55,334892
ANP,20130118,0.013,0.014,0.013,0.013,6339985
ANZ,20130118,25.65,25.72,25.55,25.59,4333622
AOD,20130118,0.965,0.965,0.965,0.965,14925
AOH,20130118,0.245,0.255,0.245,0.25,785824
AOK,20130118,0.135,0.135,0.13,0.135,1364831
AON,20130118,0.038,0.038,0.038,0.038,142143
AOU,20130118,0.3,0.3,0.29,0.29,248100
APA,20130118,5.74,5.81,5.74,5.8,4210107
APE,20130118,4.49,4.67,4.48,4.65,42433
APG,20130118,0.032,0.032,0.031,0.031,880000
API,20130118,0.47,0.47,0.46,0.46,292562
APK,20130118,0.46,0.475,0.46,0.475,91000
APN,20130118,0.295,0.31,0.295,0.305,1856385
APZ,20130118,0.225,0.23,0.225,0.23,3371744
AQA,20130118,3.15,3.15,3.06,3.14,501384
AQD,20130118,0.041,0.041,0.041,0.041,100000
AQG,20130118,4.48,4.63,4.44,4.56,807636
AQO,20130118,0.2,0.215,0.2,0.2,479292
AQP,20130118,1.14,1.155,1.09,1.1,432140
AQQ,20130118,0.044,0.044,0.043,0.043,485741
AQR,20130118,0.11,0.11,0.11,0.11,64704
ARD,20130118,0.063,0.063,0.062,0.063,215846
ARE,20130118,0.067,0.067,0.062,0.066,392899
ARG,20130118,6.45,6.47,6.44,6.44,293114
ARI,20130118,0.915,0.955,0.915,0.93,6530916
ARO,20130118,0.001,0.001,0.001,0.001,1791050
ARP,20130118,11.58,11.58,11.46,11.47,39096
ARU,20130118,0.195,0.205,0.19,0.205,271682
ARV,20130118,0.015,0.015,0.013,0.013,3405937
ARW,20130118,0.01,0.01,0.009,0.009,6010000
ARX,20130118,0.005,0.005,0.005,0.005,125000
ASB,20130118,0.62,0.625,0.612,0.62,178278
ASL,20130118,2.81,2.84,2.81,2.82,769450
ASX,20130118,33.44,33.44,33.08,33.29,354817
ASZ,20130118,0.655,0.67,0.645,0.66,539851
ATI,20130118,0.255,0.255,0.22,0.25,27142
ATP,20130118,0.05,0.05,0.05,0.05,58500
ATU,20130118,0.305,0.35,0.305,0.325,2420799
ATV,20130118,0.035,0.035,0.035,0.035,1140
AUB,20130118,8.66,8.66,8.19,8.25,39520
AUC,20130118,0.16,0.165,0.16,0.165,220000
AUI,20130118,6.93,6.95,6.9,6.95,9199
AUK,20130118,0.033,0.033,0.033,0.033,40263
AUQ,20130118,0.165,0.165,0.15,0.16,17176
AUT,20130118,3.53,3.58,3.42,3.44,1158383
AUZ,20130118,0.029,0.03,0.029,0.03,1195000
AVA,20130118,0.1,0.1,0.1,0.1,25334
AVB,20130118,0.083,0.086,0.082,0.084,2346349
AVG,20130118,0.48,0.48,0.475,0.475,77279
AVH,20130118,0.115,0.115,0.11,0.115,547626
AVI,20130118,0.065,0.065,0.065,0.065,150000
AVJ,20130118,0.345,0.345,0.345,0.345,110996
AVQ,20130118,0.021,0.023,0.021,0.021,33831730
AWC,20130118,1.075,1.09,1.06,1.085,6423969
AWE,20130118,1.17,1.21,1.17,1.195,2129969
AWV,20130118,0.076,0.076,0.076,0.076,14519
AXC,20130118,0.001,0.002,0.001,0.002,1050010
AXE,20130118,0.185,0.195,0.185,0.195,220000
AXI,20130118,0.023,0.023,0.023,0.023,47500
AXM,20130118,0.043,0.043,0.041,0.042,102699
AXT,20130118,0.013,0.013,0.013,0.013,201398
AYA,20130118,0.63,0.64,0.63,0.63,55410
AYE,20130118,0.063,0.063,0.063,0.063,50811
AYF,20130118,6.35,6.39,6.35,6.39,4930
AYG,20130118,0.004,0.005,0.004,0.005,4918473
AYM,20130118,0.019,0.019,0.019,0.019,40000
AYN,20130118,0.042,0.044,0.042,0.042,2803363
AYR,20130118,0.01,0.01,0.01,0.01,280000
AZF,20130118,1.94,1.94,1.94,1.94,20431
AZG,20130118,0.13,0.135,0.13,0.13,647000
AZH,20130118,0.27,0.3,0.27,0.295,2075590
AZJ,20130118,3.95,3.98,3.91,3.97,6708051
AZM,20130118,0.1,0.105,0.096,0.1,6853089
AZS,20130118,0.055,0.069,0.054,0.069,115233407
AZV,20130118,0.047,0.047,0.047,0.047,100000
AZY,20130118,0.087,0.093,0.086,0.09,678546
AZZ,20130118,0.52,0.53,0.515,0.53,179043
BAB,20130118,0.09,0.09,0.09,0.09,10000
BAU,20130118,0.12,0.12,0.12,0.12,60033
BBG,20130118,1.01,1.02,0.995,1.02,2357864
BBR,20130118,0.4,0.44,0.4,0.44,52897
BCC,20130118,0.049,0.049,0.045,0.048,11546166
BCD,20130118,0.057,0.057,0.057,0.057,43852
BCI,20130118,3.4,3.45,3.28,3.41,912414
BCK,20130118,0.057,0.059,0.057,0.059,253933
BCN,20130118,0.004,0.004,0.004,0.004,71000
BDR,20130118,1.06,1.09,1.035,1.055,5457598
BEAR,20130118,20.85,20.9,20.85,20.89,119556
BEN,20130118,9.1,9.11,9.01,9.02,873007
BER,20130118,0.325,0.325,0.325,0.325,8541
BEZ,20130118,0.21,0.21,0.21,0.21,100000
BFG,20130118,0.56,0.56,0.55,0.56,13800
BGA,20130118,1.94,1.945,1.94,1.94,2987
BGG,20130118,0.185,0.185,0.175,0.175,129400
BGL,20130118,0.61,0.61,0.595,0.61,187739
BGS,20130118,0.005,0.005,0.005,0.005,3000000
BHP,20130118,36.38,36.72,36.33,36.5,5227367
BIS,20130118,1.39,1.4,1.36,1.36,101800
BIT,20130118,0.115,0.115,0.115,0.115,40000
BKI,20130118,1.425,1.43,1.42,1.43,251888
BKL,20130118,34.98,34.99,34.2,34.92,7027
BKM,20130118,0.004,0.004,0.004,0.004,1000000
BKN,20130118,6.08,6.16,6.015,6.09,808794
BKP,20130118,0.007,0.007,0.006,0.006,2250000
BKW,20130118,12.15,12.18,12.07,12.15,31036
BKY,20130118,0.43,0.44,0.43,0.44,294746
BLD,20130118,4.89,4.92,4.79,4.9,9505205
BLG,20130118,0.21,0.225,0.21,0.225,119250
BLK,20130118,0.16,0.16,0.16,0.16,60000
BLR,20130118,0.007,0.008,0.007,0.008,4975614
BLT,20130118,0.017,0.017,0.015,0.015,2127724
BLY,20130118,1.88,1.9,1.845,1.87,6506042
BLZ,20130118,0.001,0.001,0.001,0.001,650000
BMB,20130118,0.09,0.095,0.089,0.089,107000
BMG,20130118,0.022,0.022,0.022,0.022,350000
BML,20130118,0.023,0.023,0.023,0.023,100000
BMN,20130118,0.1,0.105,0.1,0.105,1516492
BND,20130118,0.33,0.33,0.315,0.315,3635342
BNE,20130118,0.004,0.004,0.003,0.003,20794413
BNO,20130118,0.405,0.41,0.4,0.41,241713
BNV,20130118,0.02,0.02,0.02,0.02,218174
BNX,20130118,0.21,0.21,0.21,0.21,10000
BOA,20130118,0.55,0.56,0.54,0.56,32500
BOC,20130118,0.59,0.59,0.585,0.585,31300
BOE,20130118,0.043,0.043,0.043,0.043,3333
BOL,20130118,0.29,0.295,0.28,0.295,22293647
BOQ,20130118,7.99,8.06,7.94,8.06,2032606
BPA,20130118,3.75,3.8,3.75,3.8,2
BPH,20130118,0.021,0.021,0.021,0.021,61997
BPT,20130118,1.5,1.505,1.455,1.455,8282438
BRC,20130118,0.245,0.25,0.245,0.25,94000
BRG,20130118,6.4,6.44,6.39,6.41,277638
BRU,20130118,2.26,2.28,2.21,2.21,940577
BRW,20130118,0.025,0.025,0.025,0.025,9067
BSA,20130118,0.21,0.21,0.21,0.21,215000
BSE,20130118,0.355,0.355,0.35,0.35,379168
BSL,20130118,3.52,3.54,3.43,3.5,2259324
BSN,20130118,0.021,0.021,0.021,0.021,715000
BSR,20130118,0.031,0.031,0.029,0.031,3310872
BTC,20130118,0.041,0.041,0.04,0.04,180000
BTN,20130118,0.027,0.027,0.027,0.027,100000
BTR,20130118,1.405,1.47,1.405,1.45,385575
BTT,20130118,2.72,2.82,2.62,2.8,234093
BTU,20130118,0.435,0.437,0.415,0.415,2991413
BUE,20130118,0.025,0.025,0.025,0.025,1500000
BUL,20130118,0.047,0.048,0.047,0.048,5435065
BUR,20130118,0.019,0.019,0.016,0.016,580000
BUX,20130118,0.47,0.47,0.46,0.46,26309
BUY,20130118,0.017,0.017,0.017,0.017,150000
BVA,20130118,0.23,0.235,0.23,0.235,266137
BWD,20130118,0.105,0.105,0.105,0.105,57500
BWF,20130118,0.105,0.13,0.105,0.13,21316
BWP,20130118,2.28,2.28,2.26,2.26,368124
BXB,20130118,7.73,7.88,7.72,7.82,3208297
BXN,20130118,0.026,0.026,0.026,0.026,20000
BYL,20130118,0.37,0.385,0.37,0.38,165349
BYR,20130118,0.035,0.035,0.035,0.035,1073000
CAA,20130118,0.215,0.215,0.215,0.215,1600
CAB,20130118,4.57,4.66,4.54,4.55,270158
CAJ,20130118,0.125,0.125,0.125,0.125,314704
CAM,20130118,1.1,1.11,1.1,1.11,155548
CAP,20130118,0.23,0.245,0.205,0.235,347292
CAS,20130118,0.41,0.41,0.4,0.41,139872
CAY,20130118,0.19,0.19,0.18,0.19,92482
CAZ,20130118,0.175,0.175,0.175,0.175,5190
CBA,20130118,62.61,62.73,62.35,62.46,2028213
CBD,20130118,0.03,0.03,0.027,0.028,5014549
CBS,20130118,0.02,0.02,0.02,0.02,75000
CCC,20130118,0.071,0.073,0.069,0.072,7250936
CCF,20130118,0.066,0.069,0.066,0.069,49006
CCL,20130118,13.83,13.84,13.37,13.45,4764761
CCP,20130118,8.8,8.87,8.77,8.82,81695
CCU,20130118,0.425,0.425,0.41,0.42,121125
CCV,20130118,1.24,1.25,1.215,1.225,540303
CDA,20130118,2.4,2.42,2.38,2.39,387961
CDB,20130118,0.038,0.038,0.037,0.038,528385
CDD,20130118,6.81,6.81,6.57,6.79,269004
CDG,20130118,0.305,0.305,0.305,0.305,6000
CDI,20130118,2.53,2.54,2.52,2.54,305509
CDM,20130118,1.44,1.45,1.43,1.43,42147
CDP,20130118,5.76,5.76,5.75,5.76,365042
CDU,20130118,4.29,4.39,4.29,4.39,117939
CDY,20130118,0.022,0.025,0.022,0.025,27973251
CEL,20130118,0.105,0.115,0.105,0.11,3008562
CFE,20130118,0.27,0.27,0.255,0.255,1093155
CFU,20130118,0.057,0.057,0.056,0.056,213540
CFX,20130118,1.975,2.01,1.975,1.995,8698296
CGF,20130118,3.87,3.88,3.78,3.8,2179177
CGH,20130118,1.405,1.47,1.405,1.47,74116
CGO,20130118,0.385,0.385,0.385,0.385,12000
CGP,20130118,0.005,0.006,0.005,0.005,4200000
CHC,20130118,3.3,3.3,3.27,3.28,279936
CHN,20130118,0.185,0.185,0.18,0.185,176348
CHR,20130118,2.74,2.74,2.74,2.74,728
CHZ,20130118,0.355,0.355,0.355,0.355,50000
CIN,20130118,20.33,20.8,20.33,20.8,1790
CIR,20130118,0.36,0.36,0.36,0.36,3050
CIW,20130118,0.65,0.65,0.65,0.65,480
CJO,20130118,0.14,0.14,0.14,0.14,3267284
CKA,20130118,0.19,0.205,0.19,0.195,3237958
CKF,20130118,1.6,1.615,1.54,1.58,464446
CKK,20130118,0.007,0.007,0.007,0.007,733300
CKL,20130118,0.58,0.62,0.58,0.6,75197
CLA,20130118,0.018,0.018,0.018,0.018,1843241
CLH,20130118,1.13,1.25,1.13,1.17,710732
CLO,20130118,1.01,1.05,1,1.05,1537109
CLQ,20130118,0.15,0.15,0.15,0.15,10000
CLR,20130118,0.385,0.39,0.37,0.375,312227
CLV,20130118,0.525,0.56,0.525,0.56,50000
CMG,20130118,0.515,0.515,0.51,0.515,191860
CMI,20130118,2,2.05,2,2.05,50834
CMT,20130118,0.19,0.19,0.19,0.19,40000
CMV,20130118,0.048,0.048,0.048,0.048,2500
CMW,20130118,0.84,0.845,0.835,0.835,1433823
CMY,20130118,0.011,0.011,0.011,0.011,227272
CNI,20130118,0.58,0.58,0.58,0.58,6300
CNN,20130118,0.004,0.004,0.004,0.004,725000
CNO,20130118,0.195,0.195,0.19,0.19,144480
CNQ,20130118,0.095,0.095,0.095,0.095,10315
CNU,20130118,2.27,2.27,2.22,2.24,69888
CNX,20130118,0.05,0.051,0.05,0.051,205000
COE,20130118,0.595,0.6,0.58,0.585,260673
COF,20130118,0.355,0.36,0.35,0.35,141654
COH,20130118,81.61,82.28,81.49,81.62,85844
COI,20130118,0.25,0.27,0.245,0.26,1111263
COK,20130118,0.135,0.14,0.135,0.14,1139602
COO,20130118,0.185,0.21,0.185,0.185,55436
COY,20130118,0.037,0.04,0.036,0.04,829500
CPA,20130118,1.095,1.12,1.085,1.12,15705268
CPD,20130118,0.515,0.515,0.515,0.515,15000
CPL,20130118,0.81,0.815,0.79,0.8,547442
CPU,20130118,9.91,10.16,9.91,10.06,2109019
CPZ,20130118,0.26,0.28,0.26,0.27,213857
CQR,20130118,3.72,3.73,3.65,3.67,882585
CRB,20130118,0.036,0.036,0.036,0.036,5000
CRF,20130118,2.29,2.3,2.25,2.28,4534220
CRQ,20130118,0.055,0.055,0.055,0.055,139000
CRV,20130118,0.011,0.011,0.011,0.011,1000000
CRZ,20130118,8.53,8.62,8.51,8.62,564178
CSD,20130118,0.105,0.11,0.1,0.1,497381
CSE,20130118,0.19,0.195,0.19,0.195,220854
CSL,20130118,54.73,55,54.57,54.61,1165034
CSP,20130118,0.36,0.36,0.36,0.36,7500
CSR,20130118,2.03,2.05,2.01,2.01,3837457
CSS,20130118,0.021,0.021,0.019,0.019,2374200
CSV,20130118,0.55,0.555,0.55,0.555,40086
CTD,20130118,3.93,3.95,3.8,3.86,45580
CTE,20130118,0.57,0.57,0.57,0.57,8500
CTM,20130118,0.315,0.35,0.315,0.33,289702
CTN,20130118,1.06,1.09,1.06,1.09,149783
CTO,20130118,0.055,0.055,0.055,0.055,370
CTP,20130118,0.135,0.135,0.13,0.13,2170637
CTR,20130118,0.023,0.023,0.022,0.022,500000
CTT,20130118,0.15,0.15,0.15,0.15,10000
CTX,20130118,19.2,19.33,19.09,19.14,265953
CUE,20130118,0.135,0.14,0.13,0.14,177938
CUL,20130118,0.025,0.027,0.025,0.027,3565909
CUP,20130118,1.68,1.7,1.66,1.66,75218
CUV,20130118,2.16,2.25,2.15,2.25,72531
CUX,20130118,0.036,0.036,0.036,0.036,135000
CVG,20130118,0.02,0.02,0.02,0.02,203965
CVN,20130118,0.064,0.066,0.064,0.064,1078904
CVS,20130118,0.008,0.008,0.008,0.008,1250000
CVV,20130118,0.033,0.033,0.033,0.033,159223
CVW,20130118,0.61,0.62,0.61,0.62,13570
CWE,20130118,0.038,0.04,0.038,0.038,326091
CWG,20130118,0.069,0.069,0.069,0.069,125506
CWN,20130118,11.94,11.95,11.72,11.8,1959050
CWP,20130118,4.83,4.89,4.81,4.89,33480
CXO,20130118,0.085,0.085,0.082,0.082,161685
CXU,20130118,0.39,0.395,0.39,0.395,37692
CXX,20130118,0.185,0.185,0.175,0.175,175000
CXY,20130118,0.006,0.006,0.006,0.006,604775
CYA,20130118,0.735,0.74,0.735,0.74,69524
CYG,20130118,3.07,3.07,3.05,3.07,27464
CYL,20130118,0.395,0.395,0.39,0.39,20200
CYS,20130118,0.15,0.15,0.15,0.15,132000
CYU,20130118,0.092,0.098,0.092,0.097,63150
CZA,20130118,0.345,0.345,0.285,0.295,82422
CZD,20130118,0.046,0.046,0.046,0.046,15000
CZZ,20130118,2.89,2.89,2.89,2.89,319
DCG,20130118,2.31,2.4,2.28,2.29,1803321
DCN,20130118,0.6,0.6,0.6,0.6,35838
DDT,20130118,0.028,0.029,0.026,0.029,623539
DEG,20130118,0.018,0.018,0.018,0.018,500000
DGR,20130118,0.054,0.054,0.054,0.054,6479
DGX,20130118,0.039,0.04,0.039,0.04,3023811
DJS,20130118,2.36,2.37,2.34,2.37,3730562
DJW,20130118,4.21,4.24,4.19,4.19,215002
DLS,20130118,1.45,1.49,1.45,1.475,1100744
DLX,20130118,4,4.08,3.97,4.03,1728588
DMA,20130118,0.082,0.085,0.08,0.08,191428
DMG,20130118,0.018,0.018,0.018,0.018,71142
DML,20130118,1.555,1.555,1.515,1.52,523501
DMP,20130118,10.9,10.9,10.72,10.85,45255
DOW,20130118,4.27,4.27,4.16,4.19,2885261
DRK,20130118,0.18,0.18,0.175,0.175,769722
DRM,20130118,0.735,0.735,0.71,0.725,234120
DRX,20130118,0.026,0.026,0.022,0.022,461145
DSB,20130118,0.7,0.73,0.7,0.71,62450
DTE,20130118,0.16,0.16,0.15,0.155,2011848
DTL,20130118,1.31,1.32,1.285,1.29,181580
DTM,20130118,0.1,0.1,0.095,0.096,485000
DTQ,20130118,0.064,0.064,0.064,0.064,40000
DUE,20130118,2.12,2.14,2.07,2.12,5653938
DUI,20130118,3,3.03,2.96,3.03,18898
DUO,20130118,0.04,0.04,0.039,0.039,74922
DVN,20130118,0.79,0.83,0.79,0.83,160175
DWS,20130118,1.58,1.58,1.51,1.555,268020
DXS,20130118,1.03,1.032,1.015,1.015,13208396
DYE,20130118,0.17,0.17,0.165,0.17,261636
DYL,20130118,0.069,0.072,0.069,0.072,380517
EAF,20130118,0.026,0.026,0.026,0.026,300000
EAL,20130118,0.42,0.44,0.42,0.44,22920
EAR,20130118,0.2,0.21,0.2,0.21,194635
EAX,20130118,3.48,3.48,3.47,3.48,25274
EBT,20130118,1.33,1.37,1.33,1.37,3933
ECV,20130118,1.29,1.305,1.29,1.3,84000
EDE,20130118,0.012,0.013,0.012,0.012,1057500
EEG,20130118,0.145,0.155,0.145,0.15,142837
EER,20130118,0.1,0.1,0.1,0.1,2002
EEU,20130118,12.66,12.66,12.66,12.66,2200
EGN,20130118,0.18,0.18,0.18,0.18,115898
EGO,20130118,0.014,0.015,0.014,0.015,2637615
EGP,20130118,3.5,3.56,3.5,3.54,1073612
EHL,20130118,0.66,0.66,0.65,0.65,1426213
EHR,20130118,0.003,0.003,0.003,0.003,13314500
ELD,20130118,0.135,0.14,0.135,0.135,594519
ELI,20130118,0.805,0.805,0.805,0.805,6800
ELK,20130118,0.24,0.245,0.235,0.235,211000
ELM,20130118,0.36,0.36,0.35,0.36,311386
EMA,20130118,0.055,0.055,0.055,0.055,43000
EMB,20130118,6.56,6.56,6.56,6.56,80
EME,20130118,0.21,0.21,0.21,0.21,34000
EMU,20130118,0.07,0.07,0.065,0.065,91929
ENE,20130118,3.25,3.25,3.25,3.25,4270
ENR,20130118,0.19,0.19,0.19,0.19,1000
ENT,20130118,0.165,0.17,0.165,0.17,105000
ENU,20130118,0.115,0.115,0.11,0.11,25600
ENV,20130118,0.935,0.935,0.92,0.93,1135600
EOC,20130118,0.36,0.36,0.36,0.36,220030
EPD,20130118,0.44,0.45,0.44,0.45,86350
EPW,20130118,2.11,2.15,2.05,2.14,38910
EPX,20130118,1.85,1.85,1.835,1.84,46010
EQE,20130118,0.065,0.065,0.064,0.065,246531
EQT,20130118,15.25,15.3,15.25,15.3,3300
EQX,20130118,1.43,1.46,1.43,1.46,450141
ERA,20130118,1.335,1.37,1.335,1.34,249541
ERM,20130118,0.105,0.105,0.105,0.105,6191
ERN,20130118,0.023,0.023,0.023,0.023,182000
ERO,20130118,0.008,0.008,0.007,0.007,709250
ESI,20130118,0.011,0.011,0.011,0.011,930000
ESK,20130118,1.25,1.25,1.25,1.25,2500
ESM,20130118,0.07,0.08,0.07,0.07,126789
ESN,20130118,0.002,0.002,0.001,0.001,255000
ESR,20130118,0.065,0.065,0.065,0.065,8000
ESV,20130118,0.41,0.41,0.405,0.405,32000
ETE,20130118,0.071,0.071,0.064,0.068,3080250
EUG,20130118,0.082,0.082,0.082,0.082,3223
EVE,20130118,0.008,0.008,0.008,0.008,1310000
EVN,20130118,1.63,1.647,1.585,1.6,1923902
EVR,20130118,1.98,1.98,1.95,1.96,123950
EVZ,20130118,0.065,0.065,0.065,0.065,7400
EWC,20130118,0.365,0.375,0.36,0.375,999124
EXE,20130118,0.029,0.029,0.029,0.029,20295
EXG,20130118,0.24,0.24,0.235,0.24,138333
EZL,20130118,1.16,1.16,1.14,1.14,32500
FAC,20130118,0.026,0.026,0.026,0.026,142103
FAN,20130118,3.23,3.23,3.23,3.23,16434
FAR,20130118,0.038,0.041,0.038,0.04,4945733
FAS,20130118,0.009,0.009,0.008,0.009,830857
FBU,20130118,7.29,7.32,7.2,7.29,2848235
FCN,20130118,0.022,0.022,0.022,0.022,1900
FCR,20130118,0.044,0.044,0.044,0.044,120000
FEL,20130118,0.018,0.018,0.016,0.016,405449
FFF,20130118,0.018,0.018,0.018,0.018,820868
FGE,20130118,5.01,5.08,5.01,5.08,87217
FIX,20130118,5.72,5.72,5.71,5.71,2500
FKP,20130118,1.6,1.6,1.53,1.545,1197027
FLK,20130118,0.14,0.14,0.14,0.14,225000
FLR,20130118,0.008,0.008,0.008,0.008,150000
FLT,20130118,28.29,28.31,27.88,28.03,378357
FMG,20130118,4.46,4.57,4.44,4.52,17011189
FML,20130118,0.036,0.036,0.035,0.035,5632729
FMS,20130118,0.079,0.082,0.078,0.08,4787336
FNP,20130118,0.895,0.9,0.895,0.9,74252
FNT,20130118,0.043,0.043,0.043,0.043,37971
FOT,20130118,0.27,0.27,0.25,0.25,22500
FOY,20130118,0.008,0.008,0.008,0.008,80000
FPH,20130118,1.95,1.95,1.94,1.94,31896
FPS,20130118,0.88,0.9,0.88,0.9,132475
FRI,20130118,1.165,1.165,1.155,1.16,38229
FRM,20130118,0.13,0.13,0.13,0.13,195000
FSA,20130118,0.47,0.47,0.47,0.47,15000
FSE,20130118,0.007,0.007,0.007,0.007,750000
FSF,20130118,5.88,5.88,5.85,5.85,787547
FSI,20130118,1.24,1.24,1.24,1.24,5000
FTE,20130118,0.029,0.029,0.029,0.029,64990
FUN,20130118,0.27,0.275,0.27,0.275,417126
FWD,20130118,10.37,10.51,10.35,10.43,331820
FWL,20130118,0.025,0.025,0.025,0.025,30000
FXJ,20130118,0.555,0.56,0.55,0.555,9227203
FXL,20130118,3.5,3.58,3.5,3.55,821253
FXR,20130118,0.042,0.042,0.042,0.042,20000
FYI,20130118,0.045,0.045,0.045,0.045,25000
GAP,20130118,0.34,0.34,0.34,0.34,19418
GBE,20130118,0.071,0.071,0.07,0.07,352900
GBG,20130118,0.31,0.32,0.29,0.29,23299689
GBT,20130118,1.14,1.145,1.14,1.145,4676
GBX,20130118,0.007,0.007,0.007,0.007,5000000
GBZ,20130118,0.04,0.04,0.037,0.037,120000
GCG,20130118,0.06,0.06,0.06,0.06,30000
GCN,20130118,0.011,0.013,0.011,0.011,4313341
GCR,20130118,0.007,0.007,0.006,0.006,908311
GCS,20130118,0.825,0.83,0.82,0.83,620677
GCY,20130118,0.325,0.325,0.31,0.31,97977
GDO,20130118,0.33,0.34,0.33,0.335,150000
GDY,20130118,0.11,0.11,0.105,0.11,236674
GEM,20130118,1.65,1.65,1.635,1.635,113504
GFF,20130118,0.625,0.645,0.625,0.645,6475884
GFL,20130118,0.71,0.71,0.71,0.71,4595
GGE,20130118,0.003,0.003,0.003,0.003,2860000
GGG,20130118,0.3,0.3,0.285,0.295,842186
GGP,20130118,0.005,0.005,0.004,0.004,686050
GGX,20130118,0.05,0.05,0.049,0.049,170295
GHC,20130118,1.04,1.05,1,1.03,25342
GID,20130118,0.74,0.83,0.73,0.75,114500
GLB,20130118,0.41,0.41,0.41,0.41,2057
GLE,20130118,0.36,0.36,0.36,0.36,2000
GLF,20130118,0.002,0.002,0.002,0.002,435452
GLM,20130118,0.006,0.006,0.006,0.006,1000000
GMD,20130118,0.052,0.052,0.05,0.051,191885
GMG,20130118,4.48,4.48,4.445,4.47,4419046
GML,20130118,0.064,0.064,0.064,0.064,20000
GMR,20130118,0.083,0.09,0.069,0.072,4963357
GMX,20130118,0.041,0.041,0.041,0.041,28520
GNC,20130118,12.18,12.18,12.03,12.12,799355
GNG,20130118,0.84,0.84,0.83,0.835,18396
GNM,20130118,0.2,0.2,0.2,0.2,332780
GNV,20130118,0.054,0.054,0.054,0.054,262667
GOA,20130118,0.002,0.002,0.002,0.002,614850
GOLD,20130118,154.1,155.24,154.1,155,5114
GOR,20130118,0.115,0.12,0.115,0.115,415473
GOZ,20130118,2.33,2.33,2.28,2.32,85812
GPG,20130118,0.47,0.47,0.47,0.47,21263
GPH,20130118,0.082,0.082,0.082,0.082,5000
GPT,20130118,3.67,3.68,3.57,3.6,6825909
GRB,20130118,0.14,0.14,0.135,0.135,656342
GRK,20130118,0.002,0.002,0.002,0.002,350000
GRR,20130118,0.325,0.33,0.305,0.305,2018915
GRY,20130118,0.58,0.585,0.535,0.545,1880444
GSC,20130118,0.052,0.054,0.05,0.054,210059
GSE,20130118,0.01,0.01,0.01,0.01,18500
GTE,20130118,0.16,0.16,0.16,0.16,5903
GUD,20130118,8.45,8.55,8.38,8.51,386418
GUF,20130118,0.55,0.55,0.54,0.54,23357
GUN,20130118,0.085,0.085,0.082,0.082,173500
GWA,20130118,2.25,2.31,2.19,2.19,2518725
GXL,20130118,3.65,3.65,3.55,3.6,21941
GXN,20130118,0.004,0.004,0.004,0.004,6161834
GXY,20130118,0.4,0.415,0.39,0.395,2078468
GZL,20130118,3.09,3.1,3.09,3.1,5428
HAO,20130118,0.355,0.37,0.355,0.365,116730
HAR,20130118,0.18,0.18,0.17,0.17,113794
HAS,20130118,0.093,0.093,0.091,0.091,143700
HAV,20130118,0.59,0.65,0.59,0.64,113447
HAW,20130118,0.008,0.008,0.007,0.008,2355625
HAZ,20130118,0.024,0.027,0.024,0.026,5182832
HCH,20130118,0.745,0.76,0.745,0.75,211672
HDG,20130118,0.09,0.095,0.09,0.095,53000
HDX,20130118,0.4,0.4,0.4,0.4,2500
HEG,20130118,0.016,0.016,0.015,0.015,879300
HFA,20130118,0.77,0.84,0.77,0.84,63546
HFR,20130118,0.3,0.3,0.3,0.3,67000
HGG,20130118,2.25,2.31,2.25,2.29,2743278
HGO,20130118,0.125,0.13,0.12,0.125,1836695
HHL,20130118,3.01,3.03,2.97,2.97,62061
HHV,20130118,0.84,0.845,0.83,0.84,211491
HHY,20130118,0.825,0.825,0.82,0.825,91969
HIG,20130118,0.15,0.15,0.145,0.145,589065
HII,20130118,0.045,0.045,0.042,0.042,51333
HIL,20130118,0.89,0.9,0.88,0.89,304229
HIN,20130118,2.4,2.43,2.4,2.43,22005
HNG,20130118,0.51,0.51,0.51,0.51,8724
HNR,20130118,0.023,0.023,0.02,0.02,1088876
HOG,20130118,0.145,0.165,0.145,0.165,517036
HOR,20130118,0.18,0.19,0.175,0.175,298130
HSK,20130118,0.125,0.125,0.125,0.125,4000
HSN,20130118,0.915,0.92,0.91,0.92,174124
HTA,20130118,0.028,0.028,0.028,0.028,12286
HVN,20130118,1.96,1.98,1.96,1.97,2719494
HZN,20130118,0.445,0.45,0.43,0.44,1505473
IAA,20130118,46.08,46.12,45.8,45.8,3942
IAF,20130118,104.1,104.11,104.1,104.11,131
IAG,20130118,4.97,5,4.96,4.98,3536096
IAU,20130118,0.215,0.23,0.212,0.225,2743437
IAW,20130118,0.1,0.1,0.095,0.095,102000
IBC,20130118,0.54,0.54,0.54,0.54,10000
IBK,20130118,39.8,40,39.8,40,1720
ICG,20130118,0.024,0.025,0.024,0.025,505347
ICN,20130118,0.24,0.24,0.235,0.235,600895
ICQ,20130118,0.24,0.255,0.24,0.255,173800
ICS,20130118,0.024,0.024,0.024,0.024,20000
ICX,20130118,0.155,0.155,0.15,0.15,228000
IDC,20130118,0.12,0.125,0.117,0.125,4810958
IDO,20130118,0.17,0.19,0.16,0.18,657932
IDZ,20130118,0.215,0.215,0.2,0.2,180000
IEM,20130118,42.26,42.83,42.26,42.52,21451
IEU,20130118,38.55,38.85,38.55,38.85,8040
IFL,20130118,7.67,7.8,7.62,7.8,782687
IFM,20130118,0.41,0.425,0.41,0.425,34902
IFN,20130118,0.27,0.28,0.265,0.28,809312
IGB,20130118,103.12,103.12,103.12,103.12,4000
IGO,20130118,4.46,4.51,4.415,4.48,334797
IHD,20130118,15.3,15.3,15.22,15.25,21335
IIN,20130118,4.36,4.39,4.34,4.35,274202
IJH,20130118,101.56,101.56,101.56,101.56,40
IJP,20130118,9.4,9.4,9.34,9.36,22759
IJR,20130118,77.32,77.75,77.32,77.5,379
IKO,20130118,59.3,59.3,59.3,59.3,800
IKW,20130118,0.065,0.065,0.065,0.065,35000
ILB,20130118,105.24,105.24,105.18,105.18,80
ILC,20130118,21.26,21.27,21.2,21.25,9862
ILU,20130118,9.77,9.95,9.54,9.8,5973168
IMA,20130118,0.175,0.175,0.175,0.175,170000
IMC,20130118,0.013,0.015,0.013,0.014,310000
IMD,20130118,1.81,1.81,1.76,1.765,671952
IMF,20130118,1.72,1.735,1.715,1.715,47886
IMU,20130118,0.013,0.014,0.013,0.014,137600
INA,20130118,0.275,0.275,0.27,0.275,492877
INL,20130118,0.008,0.008,0.008,0.008,15507624
INQ,20130118,0.385,0.385,0.36,0.36,702499
INT,20130118,0.001,0.001,0.001,0.001,3000000
IOF,20130118,3.01,3.03,2.99,3.01,823462
IOG,20130118,0.24,0.25,0.24,0.25,107574
IOH,20130118,0.82,0.82,0.815,0.815,17000
IOO,20130118,62.92,63.47,62.92,63.41,7802
IOZ,20130118,20.71,20.73,20.69,20.72,33267
IPE,20130118,0.37,0.37,0.36,0.36,201400
IPL,20130118,3.16,3.19,3.15,3.16,5189137
IPP,20130118,0.945,0.98,0.945,0.98,172291
IPT,20130118,0.03,0.03,0.03,0.03,10000
IRE,20130118,8.32,8.4,8.23,8.23,496825
IRI,20130118,1.37,1.385,1.355,1.375,312044
IRM,20130118,0.028,0.028,0.027,0.027,30000
IRN,20130118,0.28,0.285,0.255,0.255,2003773
IRU,20130118,83.75,83.75,83.75,83.75,104
ISG,20130118,13.05,13.05,13.02,13.02,1001
ISO,20130118,4.32,4.32,4.28,4.28,9421
ISS,20130118,0.215,0.215,0.21,0.21,157500
ITD,20130118,0.21,0.21,0.21,0.21,60000
IVA,20130118,0.465,0.47,0.46,0.47,135749
IVC,20130118,9.2,9.2,9.005,9.02,290056
IVE,20130118,55.02,55.85,55.02,55.85,426
IVR,20130118,0.135,0.14,0.13,0.135,382354
IVV,20130118,140.76,141.89,140.76,141.74,13207
IVX,20130118,0.077,0.08,0.077,0.08,149426
IXI,20130118,72.22,72.56,72.22,72.56,2916
IXJ,20130118,64.41,64.41,64.41,64.41,165
IXP,20130118,55.09,55.09,55.09,55.09,96
IXR,20130118,0.145,0.155,0.145,0.15,159700
IZZ,20130118,39.14,39.51,39.14,39.33,7234
JAL,20130118,0.26,0.26,0.255,0.255,235200
JBH,20130118,10.5,10.56,10.39,10.42,1268952
JHX,20130118,9.37,9.68,9.37,9.6,819909
JIN,20130118,2.6,2.74,2.6,2.7,102185
JKA,20130118,0.195,0.195,0.19,0.19,764710
JMS,20130118,0.11,0.11,0.11,0.11,1198743
JPR,20130118,0.64,0.64,0.62,0.62,20667
JRV,20130118,0.071,0.072,0.071,0.072,38000
KAB,20130118,0.009,0.01,0.007,0.008,8329005
KAM,20130118,0.44,0.49,0.44,0.49,26301
KAR,20130118,5.4,5.42,5.27,5.31,408680
KAS,20130118,0.165,0.165,0.155,0.16,313662
KAT,20130118,0.7,0.72,0.7,0.72,45000
KBC,20130118,0.155,0.155,0.155,0.155,100740
KBL,20130118,0.14,0.155,0.135,0.155,203053
KCN,20130118,4.98,4.99,4.93,4.98,607935
KDR,20130118,0.165,0.17,0.165,0.165,114691
KEN,20130118,0.024,0.024,0.024,0.024,22000
KEY,20130118,0.028,0.028,0.028,0.028,775000
KFE,20130118,0.225,0.235,0.22,0.235,191200
KGD,20130118,0.33,0.33,0.33,0.33,22389
KGL,20130118,0.385,0.385,0.38,0.38,28380
KGM,20130118,0.33,0.35,0.325,0.33,146000
KIK,20130118,0.001,0.001,0.001,0.001,10250000
KKO,20130118,0.19,0.195,0.19,0.195,85000
KMC,20130118,0.01,0.01,0.009,0.009,2230684
KMD,20130118,1.685,1.685,1.68,1.685,80111
KNL,20130118,0.175,0.175,0.17,0.17,100000
KOR,20130118,0.08,0.081,0.079,0.081,244856
KOV,20130118,6.9,6.9,6.9,6.9,13639
KPL,20130118,0.365,0.37,0.36,0.365,232781
KPR,20130118,0.058,0.058,0.058,0.058,100000
KRB,20130118,0.08,0.08,0.08,0.08,77700
KRM,20130118,0.86,0.86,0.85,0.86,52759
KSC,20130118,1.99,2.02,1.99,2.02,41561
KSO,20130118,0.007,0.007,0.007,0.007,200000
KTA,20130118,0.2,0.2,0.2,0.2,10000
LAU,20130118,0.175,0.175,0.17,0.175,122555
LBL,20130118,0.175,0.175,0.175,0.175,14171
LBY,20130118,0.064,0.065,0.064,0.065,405000
LCM,20130118,1.21,1.215,1.2,1.215,32903
LCR,20130118,0.03,0.031,0.03,0.031,453656
LCT,20130118,0.05,0.05,0.05,0.05,11500
LCY,20130118,0.07,0.075,0.069,0.07,364536
LEG,20130118,0.018,0.018,0.017,0.017,600000
LEI,20130118,19.2,19.25,19.02,19.08,1409035
LEP,20130118,2.3,2.33,2.3,2.32,163407
LER,20130118,0.06,0.06,0.06,0.06,125000
LGD,20130118,0.29,0.29,0.28,0.28,119500
LGO,20130118,0.003,0.003,0.003,0.003,12000
LIC,20130118,0.09,0.09,0.089,0.089,457546
LKO,20130118,0.003,0.004,0.003,0.004,4273000
LLC,20130118,9.74,9.9,9.74,9.87,940345
LME,20130118,0.059,0.059,0.059,0.059,150000
LMG,20130118,0.011,0.012,0.011,0.012,511331
LML,20130118,0.125,0.125,0.098,0.098,108025
LMR,20130118,0.081,0.081,0.08,0.08,140000
LNC,20130118,1.94,1.945,1.805,1.885,5508439
LNG,20130118,0.35,0.365,0.345,0.35,108294
LNR,20130118,0.195,0.195,0.195,0.195,5000
LOM,20130118,0.01,0.01,0.009,0.01,1620000
LRF,20130118,0.67,0.685,0.67,0.67,22850
LRG,20130118,0.31,0.31,0.31,0.31,4099
LRL,20130118,0.2,0.2,0.2,0.2,52458
LRS,20130118,0.135,0.135,0.135,0.135,163000
LSA,20130118,1.17,1.17,1.17,1.17,8333
LSN,20130118,0.1,0.1,0.1,0.1,19000
LSR,20130118,0.04,0.042,0.04,0.042,1050077
LTN,20130118,0.073,0.073,0.073,0.073,13938
LTR,20130118,0.038,0.038,0.038,0.038,129262
LYC,20130118,0.655,0.66,0.63,0.63,14849624
LYL,20130118,6.4,6.5,6.39,6.48,14546
MAB,20130118,0.36,0.375,0.36,0.375,17500
MAD,20130118,0.645,0.65,0.63,0.63,1137777
MAH,20130118,0.28,0.28,0.26,0.26,6452926
MAK,20130118,0.165,0.165,0.16,0.16,120268
MAQ,20130118,9.11,9.11,9.11,9.11,400
MAR,20130118,0.012,0.013,0.011,0.012,23873330
MAT,20130118,0.36,0.36,0.35,0.35,130216
MAU,20130118,0.07,0.07,0.07,0.07,139712
MBE,20130118,0.019,0.019,0.019,0.019,126618
MBN,20130118,0.56,0.567,0.535,0.535,2243699
MBO,20130118,0.06,0.067,0.06,0.067,1010771
MCE,20130118,1.85,1.945,1.85,1.91,67554
MCH,20130118,0.125,0.125,0.125,0.125,1930
MCP,20130118,2.19,2.21,2.19,2.21,154315
MCR,20130118,0.9,0.9,0.865,0.875,455396
MCX,20130118,0.24,0.24,0.24,0.24,534
MDL,20130118,3.65,3.76,3.49,3.5,313492
MDX,20130118,0.087,0.087,0.085,0.085,50050
MED,20130118,0.21,0.21,0.2,0.2,38000
MEF,20130118,0.45,0.45,0.45,0.45,1400
MEL,20130118,0.16,0.17,0.16,0.165,171233
MEO,20130118,0.087,0.087,0.081,0.082,6195004
MEP,20130118,0.155,0.155,0.15,0.15,7882
MEU,20130118,0.065,0.066,0.065,0.065,472000
MEY,20130118,0.01,0.01,0.01,0.01,49999
MFF,20130118,0.995,1.01,0.995,1.005,501231
MFG,20130118,6.26,6.39,6.24,6.26,133413
MGB,20130118,0.2,0.2,0.2,0.2,25000
MGL,20130118,0.029,0.029,0.028,0.028,286107
MGN,20130118,0.7,0.7,0.7,0.7,893
MGR,20130118,1.56,1.57,1.55,1.56,4097391
MGS,20130118,0.088,0.088,0.08,0.088,282000
MGV,20130118,0.1,0.1,0.1,0.1,17421
MGX,20130118,0.8,0.82,0.8,0.81,1478355
MGY,20130118,0.048,0.048,0.048,0.048,163821
MHC,20130118,0.135,0.15,0.135,0.15,503272
MHM,20130118,0.3,0.3,0.28,0.285,64072
MIN,20130118,10.26,10.3,10.11,10.3,702111
MIO,20130118,2.41,2.41,2.37,2.39,232305
MIR,20130118,2.22,2.22,2.21,2.22,62842
MIX,20130118,0.125,0.125,0.125,0.125,2847972
MIZ,20130118,0.047,0.047,0.046,0.047,740936
MKE,20130118,0.12,0.12,0.115,0.115,340000
MLB,20130118,1.88,1.89,1.87,1.875,88712
MLD,20130118,2.41,2.41,2.35,2.35,77231
MLM,20130118,0.235,0.235,0.22,0.22,35313
MLS,20130118,0.021,0.021,0.021,0.021,335000
MLT,20130118,18.28,18.31,18.22,18.23,29380
MLX,20130118,0.155,0.16,0.15,0.155,952511
MMC,20130118,0.145,0.145,0.14,0.14,360740
MML,20130118,5.48,5.48,5.31,5.33,588232
MMS,20130118,13.5,13.51,13.41,13.47,81496
MMX,20130118,0.04,0.041,0.04,0.04,115245
MNB,20130118,0.12,0.13,0.12,0.13,8770
MNC,20130118,0.058,0.06,0.058,0.06,864303
MND,20130118,24.46,24.63,24.41,24.53,361015
MNE,20130118,0.095,0.099,0.095,0.099,338580
MNF,20130118,1.07,1.095,1.03,1.095,45627
MNM,20130118,0.058,0.059,0.058,0.058,461644
MNY,20130118,0.55,0.55,0.53,0.53,24000
MNZ,20130118,0.027,0.027,0.027,0.027,7533
MOC,20130118,1.835,1.835,1.805,1.825,50587
MOD,20130118,0.049,0.051,0.049,0.049,32000
MOG,20130118,0.013,0.013,0.013,0.013,104713
MOL,20130118,0.165,0.165,0.165,0.165,70746
MOO,20130118,0.006,0.006,0.006,0.006,799
MOU,20130118,0.014,0.015,0.013,0.013,8741666
MOX,20130118,0.047,0.047,0.047,0.047,12000
MOY,20130118,0.029,0.029,0.028,0.029,935750
MOZ,20130118,0.022,0.022,0.022,0.022,11212
MPJ,20130118,0.008,0.008,0.008,0.008,5260
MPO,20130118,0.3,0.315,0.3,0.305,6268955
MPS,20130118,0.057,0.057,0.057,0.057,18000
MQA,20130118,1.685,1.73,1.685,1.705,488960
MQG,20130118,36.35,36.58,36.35,36.56,771184
MRM,20130118,3.77,3.8,3.75,3.8,338764
MRN,20130118,0.62,0.62,0.62,0.62,3501
MRP,20130118,0.36,0.365,0.36,0.365,255608
MRQ,20130118,0.17,0.175,0.17,0.175,106026
MRR,20130118,0.12,0.12,0.12,0.12,40000
MSB,20130118,5.69,5.96,5.69,5.93,445732
MSC,20130118,0.012,0.012,0.012,0.012,48000
MSR,20130118,0.17,0.17,0.165,0.165,32011
MTA,20130118,0.18,0.18,0.18,0.18,48316
MTB,20130118,0.002,0.002,0.002,0.002,45000
MTE,20130118,0.17,0.17,0.155,0.165,89500
MTS,20130118,3.57,3.6,3.55,3.59,3429129
MTU,20130118,4.22,4.22,4.16,4.21,151748
MUB,20130118,0.083,0.085,0.083,0.085,25000
MUE,20130118,0.1,0.105,0.1,0.105,520435
MUM,20130118,0.05,0.05,0.05,0.05,236570
MUX,20130118,0.24,0.24,0.24,0.24,2500
MVP,20130118,1.75,1.75,1.75,1.75,2529
MVT,20130118,0.115,0.115,0.115,0.115,20000
MWR,20130118,0.725,0.725,0.72,0.72,33333
MXI,20130118,0.95,0.96,0.945,0.96,142412
MXQ,20130118,0.3,0.3,0.3,0.3,70000
MXR,20130118,0.006,0.007,0.006,0.007,1536260
MYE,20130118,1.73,1.75,1.705,1.73,136938
MYG,20130118,0.096,0.097,0.095,0.097,356291
MYR,20130118,2.38,2.38,2.3,2.32,2087837
MYS,20130118,3.68,3.75,3.68,3.74,51830
MYX,20130118,0.325,0.325,0.31,0.32,330320
MZI,20130118,0.027,0.028,0.027,0.028,1716049
NAB,20130118,26.16,26.41,26.15,26.35,7368364
NAM,20130118,0.295,0.31,0.295,0.31,253684
NAN,20130118,0.52,0.525,0.52,0.52,153344
NAV,20130118,0.002,0.002,0.001,0.001,4440000
NCM,20130118,23.3,23.35,23,23,2902975
NCR,20130118,0.16,0.16,0.16,0.16,1212200
NDL,20130118,0.026,0.026,0.026,0.026,100000
NDO,20130118,0.027,0.029,0.027,0.029,5044139
NEA,20130118,0.067,0.067,0.067,0.067,10129
NEN,20130118,0.255,0.255,0.245,0.245,920091
NEU,20130118,0.031,0.031,0.03,0.03,1701600
NFE,20130118,0.485,0.495,0.475,0.48,6659713
NFK,20130118,0.55,0.55,0.55,0.55,976262
NGE,20130118,0.03,0.03,0.03,0.03,122250
NGF,20130118,0.19,0.2,0.19,0.2,61402
NGY,20130118,0.08,0.08,0.08,0.08,50000
NHC,20130118,4.33,4.34,4.25,4.25,165038
NHF,20130118,2.08,2.16,2.08,2.16,192159
NHO,20130118,0.1,0.1,0.1,0.1,49364
NIO,20130118,0.008,0.008,0.008,0.008,34600
NLS,20130118,0.007,0.007,0.007,0.007,650000
NMG,20130118,0.105,0.115,0.105,0.11,238444
NMI,20130118,0.016,0.016,0.016,0.016,5000
NML,20130118,0.145,0.15,0.14,0.15,61000
NMR,20130118,0.016,0.016,0.016,0.016,60000
NMS,20130118,0.032,0.032,0.032,0.032,2311852
NOD,20130118,0.11,0.115,0.11,0.11,678119
NOE,20130118,0.19,0.19,0.19,0.19,17000
NRR,20130118,0.035,0.035,0.035,0.035,95000
NRT,20130118,0.11,0.11,0.11,0.11,2000
NRU,20130118,0.041,0.042,0.036,0.037,7228882
NSE,20130118,0.3,0.3,0.285,0.295,259240
NSL,20130118,0.044,0.044,0.044,0.044,11250
NST,20130118,1.195,1.21,1.175,1.175,1728454
NTC,20130118,0.2,0.2,0.2,0.2,40000
NTU,20130118,0.185,0.185,0.185,0.185,60000
NUF,20130118,6.38,6.41,6.34,6.41,439713
NUP,20130118,0.016,0.017,0.016,0.017,795910
NVI,20130118,0.19,0.2,0.19,0.2,758700
NVT,20130118,4.89,4.89,4.83,4.83,670084
NWE,20130118,0.053,0.058,0.053,0.053,4984893
NWH,20130118,1.855,1.88,1.84,1.865,5410254
NWR,20130118,0.12,0.12,0.12,0.12,116040
NWS,20130118,26.41,26.59,26.41,26.49,871782
NXM,20130118,0.09,0.095,0.08,0.095,82562
NXR,20130118,0.1,0.115,0.1,0.115,42000
NXS,20130118,0.17,0.175,0.17,0.17,3817207
NXT,20130118,1.76,1.82,1.76,1.765,169943
NYO,20130118,0.058,0.058,0.058,0.058,381655
NZO,20130118,0.7,0.7,0.7,0.7,63571
OBJ,20130118,0.019,0.02,0.019,0.019,3103341
OBS,20130118,0.29,0.29,0.29,0.29,11300
OCL,20130118,0.63,0.66,0.63,0.66,42439
OCP,20130118,1.64,1.64,1.625,1.625,1326
OEC,20130118,0.275,0.28,0.27,0.28,47389
OEG,20130118,0.077,0.077,0.077,0.077,735
OEL,20130118,0.105,0.105,0.1,0.1,2008000
OEX,20130118,0.1,0.1,0.093,0.094,1645761
OGC,20130118,2.79,2.79,2.72,2.75,784162
OGH,20130118,0.04,0.04,0.04,0.04,2000
OGL,20130118,0.05,0.05,0.05,0.05,50000
OGX,20130118,0.26,0.28,0.26,0.28,35000
OKJ,20130118,0.155,0.155,0.155,0.155,20000
OKL,20130118,0.041,0.041,0.041,0.041,24000
OKN,20130118,1.33,1.36,1.33,1.355,41222
OKU,20130118,0.007,0.008,0.007,0.008,230000
OMH,20130118,0.31,0.325,0.29,0.3,219606
ONC,20130118,0.21,0.21,0.21,0.21,4700
OOO,20130118,49.29,49.29,49.29,49.29,202
ORD,20130118,0.01,0.01,0.009,0.009,158493
ORE,20130118,1.59,1.59,1.52,1.545,102689
ORG,20130118,11.99,12.16,11.99,12.08,1270268
ORI,20130118,25.81,25.85,25.62,25.69,520158
ORL,20130118,7.15,7.15,7.03,7.1,37169
ORO,20130118,0.003,0.003,0.003,0.003,250000
OSH,20130118,7.22,7.23,7.11,7.13,4394501
OSP,20130118,0.58,0.58,0.58,0.58,1500
OTC,20130118,0.07,0.07,0.07,0.07,7143
OTE,20130118,0.002,0.002,0.001,0.002,265000
OTH,20130118,0.84,0.84,0.82,0.84,134554
OZB,20130118,0.006,0.006,0.005,0.005,1004810
OZF,20130118,16.34,16.34,16.34,16.34,1100
OZG,20130118,0.185,0.185,0.18,0.185,30000
OZL,20130118,7.02,7.3,7.02,7.3,3967626
PAA,20130118,0.012,0.012,0.012,0.012,12000
PAB,20130118,0.035,0.035,0.035,0.035,109986
PAG,20130118,1.16,1.185,1.16,1.185,1109476
PAN,20130118,0.54,0.555,0.53,0.55,430877
PAX,20130118,0.002,0.002,0.002,0.002,1500000
PBD,20130118,0.01,0.01,0.01,0.01,4000
PBG,20130118,0.6,0.6,0.595,0.6,444825
PBP,20130118,0.41,0.41,0.41,0.41,34148
PBT,20130118,0.215,0.22,0.21,0.215,100200
PCL,20130118,0.105,0.11,0.105,0.105,978916
PCP,20130118,0.06,0.06,0.06,0.06,160442
PDI,20130118,0.074,0.074,0.071,0.071,156082
PDN,20130118,1.23,1.24,1.2,1.2,10201559
PDY,20130118,0.004,0.005,0.004,0.005,5410000
PDZ,20130118,0.74,0.77,0.74,0.74,190010
PEA,20130118,0.45,0.455,0.45,0.455,62517
PEK,20130118,0.16,0.17,0.16,0.165,481564
PEL,20130118,0.017,0.017,0.017,0.017,50000
PEM,20130118,0.33,0.33,0.325,0.325,230267
PEN,20130118,0.041,0.041,0.04,0.041,7236972
PET,20130118,0.89,0.895,0.89,0.895,20000
PEX,20130118,0.44,0.44,0.405,0.405,132536
PFG,20130118,0.1,0.1,0.1,0.1,5000
PFL,20130118,1.67,1.67,1.62,1.62,19037
PGI,20130118,0.125,0.125,0.12,0.12,1386336
PGL,20130118,0.18,0.18,0.18,0.18,125
PGM,20130118,0.052,0.052,0.052,0.052,15000
PGS,20130118,0.024,0.025,0.024,0.025,675000
PHG,20130118,0.045,0.045,0.045,0.045,200000
PIE,20130118,0.039,0.039,0.039,0.039,40000
PIO,20130118,0.03,0.03,0.029,0.03,693018
PIR,20130118,1.53,1.53,1.475,1.485,1419774
PLV,20130118,0.25,0.25,0.245,0.25,71000
PLY,20130118,0.46,0.46,0.46,0.46,3608
PMC,20130118,1.17,1.18,1.165,1.18,96656
PME,20130118,0.42,0.42,0.42,0.42,15000
PMP,20130118,0.14,0.14,0.135,0.135,379995
PMQ,20130118,0.028,0.028,0.027,0.027,50000
PMV,20130118,7,7.03,6.89,6.99,1389411
PNA,20130118,3.4,3.41,3.38,3.38,1516156
PNE,20130118,0.009,0.009,0.009,0.009,50000
PNN,20130118,0.046,0.046,0.046,0.046,20000
PNO,20130118,0.002,0.002,0.002,0.002,250000
PNR,20130118,0.13,0.13,0.125,0.13,205147
POH,20130118,0.145,0.15,0.14,0.15,1160946
POK,20130118,0.3,0.37,0.3,0.345,752380
POS,20130118,0.19,0.195,0.185,0.185,569356
POZ,20130118,0.028,0.028,0.028,0.028,185000
PPC,20130118,1.17,1.175,1.14,1.14,746407
PPG,20130118,0.48,0.48,0.48,0.48,28963
PPK,20130118,0.42,0.42,0.42,0.42,7000
PPS,20130118,0.068,0.068,0.065,0.065,168040
PPT,20130118,35.4,36.93,35.24,36.82,182260
PPX,20130118,0.08,0.089,0.08,0.089,8159990
PPY,20130118,0.025,0.025,0.025,0.025,42000
PRG,20130118,1.92,1.965,1.91,1.965,200171
PRL,20130118,0.075,0.08,0.075,0.08,843800
PRO,20130118,0.315,0.36,0.315,0.345,158500
PRR,20130118,0.11,0.11,0.105,0.105,1857659
PRT,20130118,0.9,0.92,0.9,0.91,170702
PRU,20130118,2.1,2.11,2.02,2.04,2933788
PRW,20130118,0.008,0.008,0.007,0.008,1628005
PRY,20130118,4.4,4.42,4.33,4.33,2014854
PSA,20130118,0.185,0.19,0.18,0.185,163290
PSF,20130118,0.04,0.041,0.04,0.041,425000
PSH,20130118,0.14,0.145,0.125,0.145,279339
PSP,20130118,0.035,0.035,0.035,0.035,25000
PSY,20130118,0.023,0.023,0.023,0.023,50122
PTL,20130118,0.018,0.019,0.017,0.017,558138
PTM,20130118,4.49,4.53,4.48,4.5,565692
PTR,20130118,0.026,0.026,0.026,0.026,48024
PVD,20130118,0.735,0.745,0.73,0.745,98929
PVM,20130118,0.835,0.835,0.825,0.83,1183463
PWN,20130118,0.275,0.28,0.275,0.28,17571
PXG,20130118,0.285,0.3,0.28,0.295,550113
PXS,20130118,1.24,1.265,1.24,1.24,215826
PXT,20130118,0.11,0.11,0.11,0.11,1046
PYC,20130118,0.025,0.025,0.025,0.025,200000
PYM,20130118,0.12,0.13,0.12,0.13,378886
PZC,20130118,0.07,0.07,0.07,0.07,12500
QAN,20130118,1.52,1.527,1.495,1.52,6156815
QAU,20130118,17.27,17.33,17.27,17.33,5818
QBE,20130118,11.78,11.9,11.73,11.75,2435249
QFN,20130118,8.74,8.74,8.74,8.74,1789132
QFX,20130118,0.026,0.026,0.022,0.023,3873745
QHL,20130118,0.16,0.165,0.16,0.16,92471
QMN,20130118,0.037,0.038,0.036,0.038,238774
QNL,20130118,0.007,0.007,0.007,0.007,420075
QPN,20130118,0.006,0.006,0.005,0.005,1713637
QRE,20130118,5.89,5.89,5.89,5.89,582
QRL,20130118,0.081,0.081,0.079,0.079,105048
QRX,20130118,1.05,1.065,0.92,0.945,340446
QSS,20130118,0.081,0.081,0.081,0.081,70000
QUB,20130118,1.78,1.78,1.76,1.775,457923
QUR,20130118,0.003,0.003,0.003,0.003,1500000
QXQ,20130118,0.015,0.015,0.015,0.015,2478
RAD,20130118,0.079,0.079,0.079,0.079,10000
RAI,20130118,0.017,0.017,0.016,0.016,746666
RAU,20130118,0.007,0.008,0.007,0.007,1547450
RCB,20130118,20.47,20.47,20.47,20.47,5
RCG,20130118,0.46,0.465,0.46,0.465,32391
RCR,20130118,2,2.07,2,2.05,317081
RCU,20130118,0.505,0.515,0.505,0.505,38429
RDF,20130118,1.67,1.7,1.665,1.7,5724
RDM,20130118,0.465,0.485,0.45,0.485,642000
RDR,20130118,0.175,0.18,0.175,0.18,122179
RDS,20130118,0.14,0.14,0.14,0.14,46140
RDV,20130118,25.52,25.57,25.52,25.57,28988
REA,20130118,18.62,18.98,18.62,18.87,24053
RED,20130118,1.175,1.18,1.14,1.155,82012
REH,20130118,21.8,21.81,21.8,21.8,1075
RER,20130118,0.051,0.051,0.051,0.051,60000
RES,20130118,0.34,0.36,0.335,0.36,25551
REX,20130118,1.14,1.14,1.14,1.14,27489
REY,20130118,0.051,0.051,0.048,0.048,2002926
RFE,20130118,0.73,0.745,0.73,0.74,664101
RFG,20130118,3.26,3.3,3.26,3.29,202504
RFL,20130118,0.088,0.088,0.088,0.088,6000
RFX,20130118,0.125,0.13,0.125,0.13,25000
RGB,20130118,20.71,20.71,20.68,20.69,127500
RHC,20130118,28.85,28.9,28.69,28.75,437486
RHG,20130118,0.455,0.46,0.455,0.455,222602
RHL,20130118,3.26,3.35,3.26,3.34,18285
RIA,20130118,0.105,0.11,0.099,0.1,10364181
RIC,20130118,1.155,1.155,1.145,1.15,1156930
RIE,20130118,0.073,0.077,0.069,0.069,289000
RIM,20130118,0.069,0.069,0.068,0.068,1123012
RIO,20130118,65.5,66.79,65.39,66.35,4699075
RIS,20130118,0.052,0.052,0.052,0.052,125000
RKN,20130118,2.41,2.43,2.41,2.43,36331
RLA,20130118,0.011,0.011,0.011,0.011,373500
RMD,20130118,4.18,4.24,4.18,4.21,3246797
RMG,20130118,0.003,0.003,0.003,0.003,261333
RMP,20130118,0.047,0.047,0.047,0.047,10000
RMR,20130118,0.002,0.002,0.002,0.002,50000
RMS,20130118,0.515,0.53,0.515,0.53,1705348
RMX,20130118,0.13,0.135,0.13,0.13,160385
RNC,20130118,0.19,0.195,0.19,0.195,77600
RNI,20130118,0.145,0.155,0.145,0.15,660983
ROC,20130118,0.44,0.44,0.43,0.435,950411
ROL,20130118,0.415,0.435,0.41,0.435,39934
ROY,20130118,0.064,0.064,0.064,0.064,100000
RQL,20130118,0.385,0.385,0.38,0.38,132016
RRE,20130118,0.054,0.054,0.054,0.054,16000
RRL,20130118,5.05,5.09,4.9,4.96,3610023
RRP,20130118,0.016,0.016,0.016,0.016,200000
RRS,20130118,0.05,0.051,0.05,0.051,183512
RSG,20130118,1.44,1.45,1.385,1.4,3535911
RSN,20130118,0.125,0.125,0.12,0.125,50000
RSR,20130118,4.3,4.3,4.3,4.3,210
RUL,20130118,0.635,0.635,0.635,0.635,7500
RUM,20130118,0.26,0.26,0.26,0.26,172050
RVA,20130118,0.47,0.47,0.47,0.47,55000
RWD,20130118,0.71,0.725,0.71,0.725,4450
RWH,20130118,2.6,2.6,2.54,2.57,8846
RXL,20130118,0.062,0.072,0.061,0.068,46696411
RXM,20130118,0.76,0.78,0.75,0.76,398077
RXP,20130118,0.54,0.54,0.54,0.54,36047
SAI,20130118,4.3,4.3,4.23,4.25,272580
SAR,20130118,0.405,0.405,0.39,0.395,1432705
SAU,20130118,0.038,0.038,0.037,0.037,79412
SAY,20130118,0.046,0.046,0.046,0.046,100
SBL,20130118,0.005,0.005,0.005,0.005,362887
SBM,20130118,1.415,1.455,1.415,1.445,1868737
SBR,20130118,0.17,0.17,0.16,0.16,142868
SBU,20130118,0.07,0.07,0.07,0.07,35002
SCC,20130118,0.42,0.42,0.42,0.42,2000
SCI,20130118,0.105,0.105,0.105,0.105,150250
SCP,20130118,1.57,1.59,1.565,1.585,3447455
SDG,20130118,1.17,1.21,1.16,1.19,382016
SDI,20130118,0.345,0.35,0.33,0.33,24084
SDL,20130118,0.36,0.36,0.35,0.355,9765717
SDM,20130118,1.085,1.085,1.05,1.06,472541
SEA,20130118,0.81,0.91,0.81,0.89,4420063
SEG,20130118,0.003,0.003,0.003,0.003,292000
SEH,20130118,0.16,0.16,0.155,0.155,3158209
SEK,20130118,7.69,7.83,7.64,7.78,1029498
SER,20130118,0.048,0.048,0.043,0.043,1539397
SFH,20130118,0.65,0.665,0.65,0.665,21650
SFP,20130118,0.008,0.008,0.008,0.008,519260
SFR,20130118,8.4,8.5,8.38,8.45,221154
SFW,20130118,0.56,0.56,0.535,0.535,61439
SFX,20130118,0.575,0.575,0.545,0.555,265759
SFY,20130118,46.65,46.71,46.63,46.67,3729
SFZ,20130118,0.11,0.11,0.11,0.11,21500
SGH,20130118,2.2,2.21,2.2,2.21,44986
SGI,20130118,0.28,0.28,0.28,0.28,13614
SGM,20130118,9.91,9.99,9.805,9.98,671665
SGN,20130118,1.18,1.19,1.175,1.175,296055
SGP,20130118,3.58,3.585,3.52,3.53,12358432
SGQ,20130118,0.18,0.235,0.18,0.205,511449
SGT,20130118,2.69,2.71,2.68,2.7,3434354
SGZ,20130118,0.048,0.05,0.048,0.05,61191
SHC,20130118,0.03,0.03,0.029,0.03,2269591
SHE,20130118,0.019,0.019,0.018,0.018,217111
SHH,20130118,0.19,0.19,0.19,0.19,25000
SHL,20130118,13.45,13.51,13.39,13.51,859251
SHR,20130118,1.8,1.8,1.8,1.8,3000
SHV,20130118,1.84,1.84,1.76,1.78,70805
SIH,20130118,0.1,0.105,0.1,0.105,51700
SIP,20130118,0.71,0.71,0.68,0.685,5272662
SIR,20130118,2.33,2.33,2.27,2.29,443928
SIV,20130118,6.12,6.2,6.06,6.06,27912
SKE,20130118,2.69,2.71,2.62,2.64,406783
SKI,20130118,1.765,1.77,1.745,1.755,6709135
SKT,20130118,3.85,3.85,3.85,3.85,675
SLF,20130118,9.13,9.13,9.07,9.09,38479
SLM,20130118,2.53,2.58,2.5,2.53,7039
SLR,20130118,2.97,3.05,2.96,2.97,1446620
SLX,20130118,3.39,3.45,3.34,3.35,64891
SMA,20130118,0.006,0.006,0.006,0.006,105500
SMN,20130118,0.05,0.05,0.05,0.05,2880
SMR,20130118,0.21,0.215,0.21,0.215,78428
SMX,20130118,5.04,5.11,4.98,5.02,661700
SND,20130118,0.845,0.845,0.805,0.84,143640
SNY,20130118,0.215,0.22,0.21,0.22,93651
SOC,20130118,0.235,0.24,0.23,0.24,150299
SOI,20130118,0.002,0.002,0.002,0.002,2000000
SOL,20130118,13.98,14,13.9,14,11912
SOM,20130118,0.99,1.05,0.99,1.05,68000
SPI,20130118,0.048,0.049,0.045,0.047,375000
SPL,20130118,1.305,1.32,1.29,1.295,360158
SPM,20130118,0.052,0.052,0.052,0.052,11000
SPN,20130118,1.11,1.12,1.09,1.12,11722270
SPS,20130118,0.017,0.017,0.017,0.017,15000
SRI,20130118,0.1,0.1,0.097,0.097,130256
SRM,20130118,0.28,0.29,0.28,0.29,396000
SRQ,20130118,0.081,0.082,0.081,0.081,761815
SRR,20130118,0.014,0.015,0.014,0.014,2140587
SRV,20130118,3.65,3.65,3.6,3.6,2782
SRX,20130118,12.7,12.8,12.01,12.45,153508
SSM,20130118,0.38,0.385,0.38,0.385,90887
SSN,20130118,0.036,0.036,0.034,0.034,1307937
SSO,20130118,12.48,12.48,12.48,12.48,669
SST,20130118,30,30,30,30,600
STB,20130118,0.435,0.435,0.43,0.43,26000
STO,20130118,11.89,11.94,11.77,11.78,2447103
STP,20130118,1.37,1.37,1.36,1.36,7620
STW,20130118,44.5,44.67,44.5,44.5,178358
STX,20130118,0.12,0.13,0.12,0.13,1657315
SUD,20130118,0.042,0.043,0.041,0.041,742944
SUH,20130118,0.14,0.14,0.14,0.14,48420
SUL,20130118,10.27,10.58,10.27,10.37,301046
SUM,20130118,0.19,0.19,0.19,0.19,20642
SUN,20130118,11.21,11.22,11.045,11.15,4061707
SUR,20130118,0.055,0.055,0.052,0.054,888761
SVC,20130118,0.025,0.025,0.025,0.025,1150000
SVL,20130118,0.051,0.051,0.051,0.051,25000
SVM,20130118,0.36,0.36,0.36,0.36,80000
SVW,20130118,8.6,8.79,8.6,8.65,617196
SWK,20130118,0.33,0.33,0.325,0.325,256624
SWL,20130118,1.09,1.095,1.05,1.05,40380
SWM,20130118,1.965,2,1.955,2,11634025
SXE,20130118,1.18,1.18,1.16,1.16,71801
SXG,20130118,0.042,0.042,0.042,0.042,100000
SXI,20130118,0.032,0.032,0.032,0.032,61208
SXL,20130118,1.065,1.087,1.055,1.07,1788671
SXR,20130118,0.435,0.435,0.435,0.435,344000
SXT,20130118,0.17,0.17,0.17,0.17,20000
SXX,20130118,0.014,0.014,0.014,0.014,100000
SXY,20130118,0.76,0.76,0.73,0.73,993548
SYD,20130118,3.11,3.11,3.04,3.05,12701464
SYI,20130118,26.17,26.18,26.15,26.18,5825
SYR,20130118,2.81,2.88,2.8,2.88,245745
TAH,20130118,3.07,3.08,3.05,3.06,1570048
TAM,20130118,0.685,0.685,0.67,0.675,224712
TAP,20130118,0.66,0.675,0.66,0.665,1574085
TAR,20130118,0.092,0.095,0.092,0.095,25000
TAS,20130118,0.089,0.089,0.085,0.085,270000
TAW,20130118,0.02,0.023,0.02,0.023,1050000
TCL,20130118,6.06,6.1,6.05,6.09,4400096
TCN,20130118,0.04,0.04,0.039,0.039,433047
TCQ,20130118,0.28,0.28,0.28,0.28,75031
TDI,20130118,0.063,0.063,0.063,0.063,5000
TDX,20130118,0.001,0.001,0.001,0.001,700000
TEG,20130118,0.011,0.011,0.011,0.011,2965000
TEL,20130118,1.89,1.9,1.86,1.865,1962301
TEN,20130118,0.335,0.34,0.305,0.315,34504293
TEX,20130118,0.1,0.105,0.089,0.09,736891
TFC,20130118,0.455,0.485,0.45,0.48,195270
TGA,20130118,2.11,2.19,2.11,2.15,333268
TGG,20130118,0.825,0.84,0.825,0.84,25123
TGN,20130118,0.205,0.23,0.2,0.21,68348
TGR,20130118,1.57,1.58,1.56,1.56,97865
TGS,20130118,0.34,0.345,0.33,0.335,1308621
TGZ,20130118,2.14,2.2,2.14,2.18,53893
THR,20130118,0.011,0.011,0.011,0.011,543274
THX,20130118,0.058,0.071,0.058,0.07,831518
TIG,20130118,0.175,0.175,0.155,0.155,36218
TIS,20130118,0.305,0.305,0.305,0.305,33196
TIX,20130118,0.39,0.39,0.385,0.385,37143
TKL,20130118,0.052,0.052,0.052,0.052,41666
TLG,20130118,0.3,0.3,0.3,0.3,10000
TLM,20130118,0.24,0.24,0.24,0.24,8000
TLS,20130118,4.5,4.52,4.48,4.48,26019533
TLU,20130118,0.085,0.09,0.085,0.09,270445
TME,20130118,3.28,3.28,3.22,3.25,633105
TNE,20130118,1.5,1.5,1.465,1.48,180393
TNG,20130118,0.1,0.1,0.096,0.098,1035707
TNP,20130118,0.019,0.019,0.019,0.019,160000
TOE,20130118,0.115,0.115,0.11,0.115,983768
TOL,20130118,5.07,5.08,4.92,4.99,3658664
TOX,20130118,3.15,3.15,3.11,3.13,83092
TPI,20130118,0.82,0.82,0.795,0.795,1332988
TPL,20130118,0.006,0.006,0.006,0.006,102500
TPM,20130118,2.64,2.66,2.61,2.65,561125
TPP,20130118,0.088,0.088,0.088,0.088,12000
TPR,20130118,0.066,0.066,0.066,0.066,50000
TPT,20130118,0.335,0.335,0.325,0.335,72332
TRF,20130118,0.2,0.2,0.195,0.2,26848
TRG,20130118,5.63,5.82,5.63,5.82,24065
TRS,20130118,15.49,15.57,15.3,15.4,51578
TRU,20130118,4.53,4.54,4.46,4.54,32357
TRY,20130118,3.67,3.69,3.62,3.63,181001
TSE,20130118,1.88,1.89,1.87,1.875,1253843
TSM,20130118,0.185,0.19,0.18,0.18,85000
TSN,20130118,0.004,0.005,0.004,0.005,4677567
TSV,20130118,0.008,0.008,0.008,0.008,2287500
TTE,20130118,0.016,0.016,0.015,0.016,2300166
TTI,20130118,0.072,0.072,0.071,0.071,110000
TTN,20130118,1.1,1.1,1.07,1.085,55000
TTS,20130118,3.14,3.195,3.135,3.16,2723088
TUC,20130118,0.115,0.145,0.11,0.125,7510671
TUP,20130118,1.02,1.02,1.02,1.02,10000
TWD,20130118,2.27,2.27,2.26,2.26,4000
TWE,20130118,4.8,4.81,4.71,4.8,6611377
TWR,20130118,1.49,1.49,1.49,1.49,1865
TXN,20130118,0.41,0.45,0.41,0.45,2274285
TZL,20130118,0.165,0.17,0.165,0.17,249158
TZN,20130118,0.03,0.03,0.03,0.03,150000
UBI,20130118,0.86,0.86,0.85,0.85,35000
UCW,20130118,0.014,0.014,0.014,0.014,1000
UEQ,20130118,0.033,0.033,0.033,0.033,355000
UGL,20130118,11.07,11.17,11.02,11.06,554660
UML,20130118,0.125,0.13,0.125,0.125,68500
UNS,20130118,0.395,0.395,0.385,0.395,980381
UNV,20130118,0.13,0.135,0.12,0.13,1400802
UNX,20130118,0.082,0.085,0.082,0.085,128497
UOS,20130118,0.42,0.42,0.42,0.42,23500
USA,20130118,0.059,0.062,0.059,0.06,169814
USD,20130118,9.43,9.43,9.4,9.43,6080
UXC,20130118,1.02,1.02,0.995,1,421602
VAF,20130118,49.39,49.39,49.39,49.39,270
VAH,20130118,0.435,0.435,0.425,0.425,2437240
VAP,20130118,57.84,57.84,57.1,57.1,10721
VAS,20130118,61,61,60.68,60.73,10570
VBP,20130118,6.73,6.73,6.73,6.73,8830
VEC,20130118,0.059,0.06,0.056,0.056,150000
VEI,20130118,0.56,0.585,0.56,0.585,177431
VEU,20130118,44.52,44.68,44.28,44.68,11770
VGB,20130118,49.48,49.5,49.48,49.5,6000
VHY,20130118,55.83,55.83,55.55,55.62,8322
VIC,20130118,0.095,0.1,0.085,0.085,371345
VIE,20130118,0.37,0.375,0.37,0.375,2702
VIL,20130118,0.001,0.001,0.001,0.001,1000000
VKA,20130118,0.075,0.075,0.075,0.075,10000
VLA,20130118,0.31,0.315,0.3,0.3,100458
VLC,20130118,52.38,52.38,52.38,52.38,206
VLW,20130118,0.75,0.76,0.75,0.76,29000
VMG,20130118,0.016,0.016,0.014,0.014,5399464
VML,20130118,0.04,0.043,0.04,0.04,1410100
VMS,20130118,0.24,0.25,0.235,0.24,144578
VMT,20130118,0.021,0.021,0.021,0.021,326000
VOC,20130118,1.78,1.825,1.78,1.81,116805
VOR,20130118,0.015,0.016,0.015,0.015,667629
VRL,20130118,4.25,4.26,4.25,4.26,23142
VRX,20130118,0.45,0.46,0.45,0.46,29750
VSO,20130118,45.8,45.8,45.8,45.8,110
VTG,20130118,0.56,0.56,0.54,0.54,50600
VTM,20130118,0.23,0.25,0.23,0.25,50000
VTS,20130118,72.64,72.8,72.32,72.8,2289
VXR,20130118,0.037,0.039,0.037,0.039,1179816
WAA,20130118,1.165,1.165,1.165,1.165,10000
WAC,20130118,0.105,0.105,0.1,0.1,40250
WAF,20130118,0.255,0.28,0.255,0.28,241632
WAM,20130118,1.67,1.675,1.665,1.665,181045
WAS,20130118,0.018,0.018,0.018,0.018,150000
WAT,20130118,1.04,1.04,1.04,1.04,8220
WAX,20130118,0.945,0.945,0.925,0.93,86020
WBB,20130118,6.7,6.7,6.51,6.54,17249
WBC,20130118,26.72,26.75,26.43,26.59,3229608
WCB,20130118,3.54,3.54,3.54,3.54,10000
WCL,20130118,0.38,0.38,0.36,0.365,453316
WCN,20130118,0.032,0.034,0.032,0.034,179979
WCP,20130118,0.08,0.08,0.08,0.08,50000
WDC,20130118,11.02,11.11,10.91,10.99,3736884
WDR,20130118,0.74,0.765,0.74,0.765,189754
WDS,20130118,0.52,0.55,0.52,0.52,84708
WEB,20130118,4.6,4.67,4.59,4.59,197415
WEC,20130118,0.225,0.225,0.225,0.225,8084
WES,20130118,38.23,38.34,37.5,37.69,2665067
WFE,20130118,0.047,0.047,0.047,0.047,1460
WHC,20130118,3.59,3.59,3.54,3.57,2839602
WHE,20130118,0.071,0.071,0.069,0.069,70000
WHF,20130118,3.2,3.2,3.2,3.2,17750
WHG,20130118,1.005,1.015,1,1.005,269034
WHN,20130118,0.031,0.031,0.03,0.03,1165474
WIC,20130118,1.125,1.14,1.12,1.13,227020
WIN,20130118,0.25,0.25,0.25,0.25,10000
WMN,20130118,0.3,0.3,0.3,0.3,15000
WOF,20130118,0.099,0.099,0.095,0.095,79565
WOR,20130118,24.29,24.3,23.9,24,549112
WOW,20130118,30.76,30.88,30.61,30.88,1473661
WPG,20130118,0.096,0.098,0.092,0.095,498000
WPI,20130118,0.065,0.065,0.065,0.065,100000
WPL,20130118,35.45,35.5,35.26,35.3,1092844
WRT,20130118,3.11,3.12,3.07,3.09,8126202
WSA,20130118,4.47,4.47,4.39,4.41,200308
WSR,20130118,0.028,0.028,0.028,0.028,65000
WTF,20130118,5.69,5.78,5.68,5.73,596787
WTP,20130118,0.63,0.65,0.625,0.64,163807
WWI,20130118,0.016,0.016,0.016,0.016,257098
WWM,20130118,0.063,0.078,0.063,0.078,908003
XAM,20130118,0.087,0.09,0.087,0.087,50000
XRF,20130118,0.305,0.32,0.305,0.31,1965601
XRO,20130118,5.95,5.97,5.8,5.9,27067
XTE,20130118,0.031,0.031,0.031,0.031,248405
YAL,20130118,0.95,0.97,0.95,0.96,64135
YBR,20130118,0.57,0.57,0.525,0.535,227816
YOW,20130118,0.165,0.18,0.165,0.18,34420
YTC,20130118,0.3,0.31,0.3,0.31,42497
ZAM,20130118,0.21,0.21,0.2,0.2,120000
ZGL,20130118,0.19,0.19,0.19,0.19,76162
ZGM,20130118,0.015,0.017,0.015,0.017,111777
ZIM,20130118,10.3,10.5,10.3,10.5,550
ZNC,20130118,0.16,0.16,0.16,0.16,23000
ZRL,20130118,0.003,0.003,0.003,0.003,652615
ZTA,20130118,0.05,0.05,0.05,0.05,25674
ZYL,20130118,0.019,0.019,0.018,0.019,2753200
XAF,20130118,4796,4820.7,4796,4809.3,0
XAO,20130118,4779.7,4805.8,4779.7,4794.7,0
XAT,20130118,4736.4,4762,4736.4,4750.3,0
XDJ,20130118,1421.1,1427.1,1420.8,1422.2,0
XEC,20130118,1370.5,1381.2,1370.5,1380,0
XEJ,20130118,12801.7,12936.6,12801.7,12836.2,0
XFJ,20130118,4891,4915.7,4891,4905.7,0
XFL,20130118,4833.3,4858.4,4833.3,4847,0
XGD,20130118,4961.3,5030.9,4956.6,4956.6,0
XHJ,20130118,11918.7,11999.1,11918.7,11945.8,0
XIJ,20130118,657.5,670.6,657.5,665.8,0
XJO,20130118,4756.6,4782.6,4756.6,4771.2,0
XJR,20130118,4308.4,4359.8,4308.4,4337.9,0
XKO,20130118,4735.8,4761.8,4735.8,4750.3,0
XMD,20130118,4015.6,4040.5,4015.6,4034.5,0
XMJ,20130118,10560.4,10679.6,10560.4,10641,0
XMM,20130118,3607.3,3653,3607.3,3635.7,0
XNJ,20130118,3623,3643.7,3623,3637,0
XPJ,20130118,997.5,1004.3,996.4,998.8,0
XSJ,20130118,9223.8,9234.6,9130.4,9169.5,0
XSO,20130118,2348.1,2366.1,2348.1,2355.5,0
XTJ,20130118,1532.8,1546,1532.8,1532.8,0
XTL,20130118,2923.3,2938.4,2923.3,2932.6,0
XTO,20130118,3909.3,3930,3909.3,3921.2,0
XUJ,20130118,5354.4,5382.8,5331.7,5374,0
XXJ,20130118,5614.2,5641.1,5614.2,5633,0
