AAA,20130617,50.15,50.17,50.15,50.17,14584
AAC,20130617,1.08,1.1,1.08,1.1,386554
AAD,20130617,1.63,1.67,1.625,1.67,949426
AAJ,20130617,0.037,0.037,0.037,0.037,210000
AAR,20130617,0.004,0.004,0.004,0.004,600000
AAX,20130617,2.17,2.22,2.07,2.21,387853
ABC,20130617,3.28,3.32,3.22,3.32,2073706
ABP,20130617,2.29,2.29,2.25,2.29,448701
ABQ,20130617,0.026,0.026,0.023,0.023,650000
ABU,20130617,0.026,0.026,0.025,0.026,2412177
ABV,20130617,0.015,0.015,0.015,0.015,1000000
ABW,20130617,1.085,1.085,1.085,1.085,24800
ABY,20130617,0.395,0.4,0.385,0.385,109954
ABZ,20130617,0.18,0.18,0.18,0.18,140526
ACB,20130617,0.046,0.046,0.045,0.046,74732
ACG,20130617,0.071,0.071,0.07,0.07,1372500
ACL,20130617,0.31,0.31,0.305,0.31,95333
ACR,20130617,3.6,3.6,3.54,3.59,307308
ACW,20130617,0.013,0.013,0.013,0.013,90000
ADJ,20130617,0.043,0.043,0.043,0.043,88369
ADN,20130617,0.1,0.1,0.098,0.098,414239
ADO,20130617,0.069,0.07,0.066,0.067,630331
ADQ,20130617,0.023,0.023,0.023,0.023,151750
ADX,20130617,0.015,0.015,0.014,0.014,309445
ADY,20130617,0.023,0.023,0.023,0.023,26600
AEB,20130617,0.19,0.19,0.185,0.19,137381
AEJ,20130617,6.91,6.91,6.91,6.91,190
AEK,20130617,0.048,0.048,0.048,0.048,75550
AEM,20130617,0.017,0.017,0.017,0.017,250000
AEU,20130617,1.42,1.44,1.41,1.435,69138
AFA,20130617,0.195,0.195,0.195,0.195,40000
AFI,20130617,5.35,5.36,5.24,5.32,321339
AFR,20130617,0.07,0.071,0.067,0.07,455987
AFV,20130617,0.36,0.36,0.36,0.36,97938
AGE,20130617,0.031,0.031,0.03,0.03,350000
AGF,20130617,0.7,0.705,0.69,0.7,235649
AGG,20130617,3.4,3.4,3.35,3.35,1750
AGI,20130617,3.92,4.01,3.88,4.01,325401
AGK,20130617,14.11,14.29,14.075,14.29,1855269
AGO,20130617,0.745,0.76,0.73,0.755,14736534
AGR,20130617,0.048,0.048,0.045,0.045,433707
AGS,20130617,0.11,0.11,0.1,0.1,643329
AGX,20130617,0.027,0.029,0.027,0.028,47978
AHD,20130617,7.7,7.75,7.65,7.72,124746
AHE,20130617,3.44,3.44,3.3,3.33,1509750
AHZ,20130617,0.054,0.06,0.052,0.059,18868983
AIA,20130617,2.5,2.5,2.46,2.5,192548
AIB,20130617,1.045,1.045,1.045,1.045,15200
AIO,20130617,4.71,4.79,4.7,4.79,2123781
AIQ,20130617,0.31,0.31,0.31,0.31,58000
AIV,20130617,0.015,0.016,0.015,0.015,4222570
AIW,20130617,0.014,0.014,0.014,0.014,255000
AIX,20130617,0.175,0.175,0.17,0.17,7773846
AJA,20130617,3.27,3.31,3.23,3.29,535852
AJC,20130617,0.01,0.01,0.01,0.01,400000
AJD,20130617,1.125,1.125,1.125,1.125,39133
AJL,20130617,1.44,1.44,1.235,1.25,489582
AJM,20130617,0.085,0.094,0.082,0.094,291338
AJX,20130617,0.11,0.115,0.11,0.115,216112
AKA,20130617,0.105,0.105,0.105,0.105,120000
AKK,20130617,0.016,0.016,0.015,0.016,1543600
AKM,20130617,0.047,0.05,0.047,0.05,353010
AKP,20130617,2.65,2.65,2.65,2.65,774
AKY,20130617,80.95,80.95,80.95,80.95,561
ALF,20130617,1.42,1.42,1.405,1.41,557135
ALK,20130617,0.35,0.365,0.345,0.35,698270
ALL,20130617,4.07,4.07,3.99,4.07,1305183
ALQ,20130617,9.2,9.34,9.08,9.33,1657244
ALR,20130617,1.25,1.27,1.25,1.27,25365
ALU,20130617,1.45,1.5,1.445,1.47,40373
ALY,20130617,0.035,0.04,0.035,0.04,154662
ALZ,20130617,3.39,3.4,3.32,3.4,632667
AMA,20130617,0.275,0.275,0.275,0.275,1857
AMC,20130617,9.67,9.74,9.5,9.6,6097482
AMH,20130617,0.86,0.86,0.86,0.86,1209
AMM,20130617,1.73,1.755,1.695,1.72,724475
AMP,20130617,5.01,5.06,4.95,5.05,8773476
AMX,20130617,0.18,0.187,0.175,0.175,179757
ANG,20130617,3.56,3.59,3.5,3.58,111536
ANN,20130617,17.64,17.74,17.21,17.74,367501
ANP,20130617,0.012,0.012,0.011,0.011,532007
ANQ,20130617,0.008,0.009,0.008,0.008,9755400
ANZ,20130617,27.65,28.45,27.61,28.45,8198496
AOC,20130617,0.035,0.038,0.035,0.038,187195
AOD,20130617,1.005,1.005,1.005,1.005,13310
AOH,20130617,0.17,0.17,0.165,0.165,414969
AOK,20130617,0.135,0.14,0.135,0.135,640500
AOM,20130617,0.017,0.017,0.017,0.017,114
AON,20130617,0.031,0.031,0.031,0.031,34000
APA,20130617,6.18,6.25,6.12,6.22,2842963
APD,20130617,0.22,0.22,0.22,0.22,10332
APE,20130617,4.24,4.25,4.16,4.19,7563
APG,20130617,0.016,0.016,0.015,0.015,810000
API,20130617,0.445,0.45,0.445,0.445,2017780
APK,20130617,0.34,0.34,0.34,0.34,2222
APN,20130617,0.245,0.255,0.24,0.255,575593
APZ,20130617,0.185,0.185,0.18,0.185,64724
AQA,20130617,1.85,1.89,1.785,1.88,473111
AQC,20130617,0.013,0.014,0.013,0.014,1240000
AQD,20130617,0.013,0.013,0.013,0.013,330500
AQF,20130617,1.66,1.66,1.66,1.66,200000
AQG,20130617,2.67,2.7,2.56,2.63,1007783
AQP,20130617,0.665,0.67,0.65,0.67,349311
AQQ,20130617,0.039,0.039,0.034,0.038,260000
AQR,20130617,0.235,0.235,0.23,0.23,102500
AQZ,20130617,1.7,1.7,1.58,1.6,742341
ARA,20130617,0.27,0.27,0.27,0.27,52117
ARD,20130617,0.045,0.045,0.045,0.045,24682
ARE,20130617,0.025,0.025,0.025,0.025,991087
ARF,20130617,1.055,1.06,1.05,1.055,2188801
ARG,20130617,6.21,6.38,6.21,6.29,306889
ARH,20130617,0.04,0.04,0.039,0.039,50000
ARI,20130617,0.72,0.755,0.7,0.75,12243972
ARM,20130617,0.049,0.049,0.049,0.049,13166
ARP,20130617,11.72,11.72,11.31,11.6,38191
ARU,20130617,0.099,0.099,0.094,0.095,152595
ARV,20130617,0.008,0.008,0.007,0.007,721546
ARW,20130617,0.006,0.007,0.006,0.007,210000
ARX,20130617,0.003,0.003,0.003,0.003,300000
ASB,20130617,0.73,0.73,0.7,0.7,130887
ASL,20130617,1.155,1.2,1.12,1.175,3479966
ASX,20130617,33.37,33.9,33.16,33.66,1794194
ASZ,20130617,0.32,0.33,0.32,0.33,67226
ATI,20130617,0.26,0.275,0.25,0.275,65935
ATP,20130617,0.043,0.045,0.043,0.045,73751
ATU,20130617,0.75,0.8,0.75,0.77,327483
AUB,20130617,10.98,10.98,10.71,10.92,22728
AUC,20130617,0.028,0.028,0.026,0.026,362635
AUF,20130617,0.99,0.99,0.99,0.99,1011729
AUI,20130617,6.76,6.84,6.75,6.84,43168
AUT,20130617,2.89,2.89,2.78,2.86,1572021
AUZ,20130617,0.009,0.009,0.009,0.009,168900
AVA,20130617,0.11,0.11,0.105,0.105,107565
AVB,20130617,0.065,0.066,0.059,0.06,1836125
AVG,20130617,0.485,0.5,0.485,0.5,65726
AVH,20130617,0.105,0.105,0.1,0.1,112495
AVI,20130617,0.013,0.013,0.013,0.013,79600
AVJ,20130617,0.46,0.49,0.455,0.475,84309
AVK,20130617,0.012,0.012,0.012,0.012,53039
AVQ,20130617,0.012,0.012,0.011,0.011,2042760
AVX,20130617,0.016,0.016,0.014,0.014,700000
AWC,20130617,0.965,0.975,0.95,0.96,7631857
AWD,20130617,0.006,0.006,0.006,0.006,2503609
AWE,20130617,1.205,1.245,1.19,1.235,2075717
AWK,20130617,0.39,0.39,0.38,0.38,40247
AXC,20130617,0.002,0.002,0.002,0.002,100000
AXE,20130617,0.125,0.13,0.125,0.13,548995
AXM,20130617,0.012,0.012,0.012,0.012,5371
AXZ,20130617,1,1,1,1,2934
AYA,20130617,0.45,0.45,0.45,0.45,9248
AYC,20130617,0.18,0.18,0.18,0.18,12000
AYD,20130617,101.12,101.12,101.12,101.12,980
AYG,20130617,0.004,0.004,0.004,0.004,345342
AYH,20130617,100.38,100.38,100.38,100.38,1100
AYI,20130617,0.003,0.003,0.003,0.003,150000
AYR,20130617,0.007,0.007,0.006,0.006,569605
AZH,20130617,0.32,0.34,0.32,0.34,810966
AZJ,20130617,4.14,4.2,4.14,4.16,7102133
AZK,20130617,0.047,0.047,0.047,0.047,40000
AZM,20130617,0.038,0.04,0.037,0.037,518673
AZS,20130617,0.046,0.051,0.046,0.05,1977977
AZV,20130617,0.067,0.067,0.066,0.066,527394
AZY,20130617,0.05,0.05,0.049,0.049,280000
AZZ,20130617,0.33,0.34,0.33,0.335,1076782
BAB,20130617,0.03,0.03,0.027,0.027,135000
BAC,20130617,0.051,0.051,0.051,0.051,100
BAR,20130617,0.01,0.01,0.01,0.01,18500
BAS,20130617,0.009,0.009,0.007,0.008,1878536
BAU,20130617,0.115,0.115,0.115,0.115,300000
BBG,20130617,0.19,0.19,0.18,0.18,4207740
BBL,20130617,0.28,0.28,0.28,0.28,27000
BBR,20130617,0.38,0.4,0.38,0.4,110425
BCC,20130617,0.036,0.036,0.033,0.033,2530588
BCI,20130617,3.22,3.23,3.16,3.22,50790
BCN,20130617,0.003,0.004,0.003,0.003,885942
BDI,20130617,0.002,0.002,0.002,0.002,10428658
BDM,20130617,0.035,0.035,0.035,0.035,107030
BDR,20130617,0.65,0.67,0.64,0.66,6116883
BEAR,20130617,20.84,20.87,20.5,20.5,6705
BEN,20130617,9.84,9.97,9.67,9.9,910808
BFG,20130617,0.51,0.52,0.505,0.51,584134
BGA,20130617,2.67,2.74,2.66,2.74,28142
BGG,20130617,0.165,0.175,0.165,0.175,68000
BGL,20130617,0.62,0.62,0.585,0.585,127987
BGS,20130617,0.018,0.023,0.018,0.023,14062249
BHP,20130617,32.69,32.8,32.22,32.8,7886429
BIS,20130617,0.89,0.89,0.85,0.85,10640
BIT,20130617,0.095,0.095,0.095,0.095,52000
BKI,20130617,1.415,1.425,1.4,1.42,432363
BKL,20130617,27.15,27.39,27.15,27.39,2290
BKN,20130617,4.5,4.5,4.29,4.37,1750604
BKP,20130617,0.005,0.005,0.004,0.004,4093180
BKW,20130617,12.12,12.19,11.85,12.07,15302
BKY,20130617,0.255,0.265,0.25,0.255,86407
BLA,20130617,1.25,1.25,1.25,1.25,1200
BLD,20130617,4.06,4.09,3.99,4.09,3043381
BLG,20130617,0.165,0.165,0.14,0.145,967610
BLK,20130617,0.145,0.145,0.145,0.145,25000
BLR,20130617,0.01,0.01,0.01,0.01,12500
BLT,20130617,0.015,0.015,0.015,0.015,400000
BLY,20130617,0.655,0.655,0.62,0.625,4933589
BMB,20130617,0.073,0.073,0.071,0.072,384111
BMG,20130617,0.009,0.009,0.009,0.009,620000
BML,20130617,0.007,0.007,0.007,0.007,635000
BMN,20130617,0.061,0.07,0.061,0.069,108288
BMY,20130617,0.007,0.007,0.006,0.006,320000
BND,20130617,0.11,0.115,0.105,0.11,1297297
BNE,20130617,0.001,0.002,0.001,0.002,2335333
BNO,20130617,0.36,0.365,0.35,0.36,118912
BOA,20130617,0.3,0.3,0.3,0.3,10300
BOL,20130617,0.11,0.115,0.11,0.11,175248
BOQ,20130617,8.38,8.48,8.25,8.44,1885513
BPA,20130617,3.77,3.77,3.77,3.77,4000
BPT,20130617,1.165,1.18,1.135,1.15,4522866
BRG,20130617,7.4,7.47,7.19,7.47,321862
BRU,20130617,1.31,1.345,1.3,1.31,660477
BRW,20130617,0.009,0.011,0.009,0.009,1198613
BSA,20130617,0.155,0.155,0.15,0.15,345644
BSE,20130617,0.38,0.4,0.37,0.37,157120
BSL,20130617,4.47,4.49,4.28,4.37,3694504
BSM,20130617,0.01,0.01,0.009,0.009,2512256
BSR,20130617,0.014,0.014,0.011,0.011,260305
BTR,20130617,0.27,0.275,0.245,0.25,1313877
BTT,20130617,3,3.13,2.98,3.05,226501
BTU,20130617,0.16,0.165,0.155,0.165,1216725
BUE,20130617,0.004,0.004,0.004,0.004,340000
BUG,20130617,0.67,0.68,0.67,0.68,13046
BUL,20130617,0.049,0.049,0.046,0.046,174744
BUR,20130617,0.009,0.009,0.009,0.009,17000
BUX,20130617,0.275,0.325,0.275,0.3,250634
BUY,20130617,0.015,0.015,0.013,0.013,1521928
BVA,20130617,0.185,0.185,0.18,0.18,1746186
BWD,20130617,0.037,0.037,0.037,0.037,300280
BWF,20130617,0.135,0.135,0.135,0.135,6200
BWP,20130617,2.41,2.43,2.38,2.41,1182529
BXB,20130617,9.3,9.33,9.18,9.33,10015256
BYI,20130617,1.48,1.48,1.46,1.46,16042
BYL,20130617,0.23,0.25,0.23,0.25,76134
BYR,20130617,0.012,0.012,0.012,0.012,200000
CAA,20130617,0.187,0.19,0.185,0.19,924127
CAB,20130617,3.86,3.9,3.76,3.86,317558
CAF,20130617,0.355,0.355,0.35,0.35,87500
CAJ,20130617,0.215,0.215,0.21,0.21,408266
CAM,20130617,1.005,1.015,1.005,1.015,22747
CAP,20130617,0.25,0.25,0.245,0.245,12567
CAS,20130617,0.26,0.27,0.25,0.25,1003409
CAZ,20130617,0.089,0.089,0.08,0.081,808600
CBA,20130617,66.53,68.47,66.35,68.47,3729778
CBB,20130617,0.044,0.044,0.04,0.04,96000
CBD,20130617,0.009,0.009,0.008,0.008,405000
CBP,20130617,0.045,0.047,0.045,0.047,280000
CBS,20130617,0.021,0.021,0.021,0.021,60000
CBX,20130617,0.065,0.065,0.065,0.065,500
CCC,20130617,0.04,0.042,0.04,0.041,750650
CCJ,20130617,0.095,0.095,0.09,0.09,50587
CCL,20130617,12.38,12.54,12.34,12.52,3092693
CCP,20130617,9.43,9.43,9.25,9.38,61164
CCU,20130617,0.105,0.11,0.1,0.105,270810
CCV,20130617,1.05,1.055,1.025,1.055,715032
CDA,20130617,1.85,1.875,1.6,1.61,7512051
CDB,20130617,0.025,0.025,0.025,0.025,330000
CDD,20130617,5,5.07,4.92,5.04,356088
CDG,20130617,0.16,0.17,0.16,0.16,274500
CDI,20130617,2.7,2.7,2.62,2.63,57400
CDM,20130617,1.3,1.32,1.3,1.3,66602
CDP,20130617,5.45,5.49,5.39,5.43,6417
CDT,20130617,0.03,0.035,0.03,0.035,82215
CDU,20130617,3.19,3.19,3.11,3.13,459047
CDV,20130617,0.07,0.07,0.07,0.07,125000
CDY,20130617,0.025,0.026,0.025,0.026,350515
CEL,20130617,0.066,0.07,0.066,0.07,59170
CEN,20130617,0.015,0.015,0.014,0.014,874301
CFE,20130617,0.125,0.125,0.12,0.125,795416
CFU,20130617,0.041,0.042,0.041,0.041,130521
CFX,20130617,1.995,2.01,1.96,2.01,7578328
CGF,20130617,3.76,3.91,3.755,3.91,4090862
CGH,20130617,0.28,0.29,0.28,0.29,118727
CGO,20130617,0.365,0.365,0.365,0.365,3000
CGP,20130617,0.016,0.016,0.015,0.015,185251
CGU,20130617,0.04,0.04,0.035,0.035,60000
CHC,20130617,3.69,3.72,3.53,3.67,919889
CHF,20130617,0.05,0.05,0.05,0.05,40000
CHK,20130617,0.067,0.067,0.067,0.067,10000
CHN,20130617,0.16,0.16,0.155,0.155,92300
CHP,20130617,0.01,0.01,0.01,0.01,500000
CHZ,20130617,0.125,0.125,0.115,0.12,47360
CIN,20130617,20.82,20.83,20.82,20.83,1386
CIR,20130617,0.3,0.3,0.3,0.3,20000
CIW,20130617,0.745,0.75,0.71,0.71,142857
CIX,20130617,0.33,0.33,0.32,0.32,73000
CKA,20130617,0.16,0.16,0.155,0.16,982000
CKF,20130617,1.695,1.695,1.64,1.64,79354
CKL,20130617,0.67,0.67,0.67,0.67,2000
CLA,20130617,0.011,0.011,0.01,0.01,109612
CLH,20130617,1.5,1.5,1.44,1.44,360719
CLO,20130617,1.13,1.14,1.11,1.125,1093328
CLQ,20130617,0.085,0.085,0.078,0.078,71440
CLR,20130617,0.21,0.21,0.205,0.205,140885
CLT,20130617,0.15,0.155,0.145,0.155,28179
CLV,20130617,0.61,0.61,0.59,0.61,108150
CLX,20130617,1.86,1.86,1.86,1.86,17199
CLY,20130617,0.009,0.01,0.009,0.01,800000
CMG,20130617,0.445,0.455,0.44,0.45,139090
CMI,20130617,1.42,1.42,1.42,1.42,5439
CMT,20130617,0.15,0.15,0.145,0.145,15000
CMV,20130617,0.008,0.01,0.008,0.01,1688
CMW,20130617,0.97,1,0.96,0.98,1840297
CMY,20130617,0.004,0.005,0.004,0.004,1532250
CND,20130617,0.24,0.24,0.235,0.235,19000
CNI,20130617,0.83,0.83,0.82,0.82,12958
CNL,20130617,0.08,0.08,0.08,0.08,441666
CNN,20130617,0.002,0.002,0.002,0.002,2275000
CNQ,20130617,0.06,0.06,0.055,0.055,242000
CNU,20130617,2.18,2.19,2.17,2.18,67866
CNX,20130617,0.03,0.035,0.03,0.034,7565327
COE,20130617,0.44,0.455,0.44,0.45,14841
COF,20130617,0.135,0.14,0.135,0.135,184853
COH,20130617,57.03,58.47,57.03,58.47,377686
COI,20130617,0.25,0.26,0.25,0.25,89280
COK,20130617,0.028,0.028,0.026,0.026,2026895
COO,20130617,0.165,0.17,0.165,0.17,5200
COY,20130617,0.03,0.03,0.03,0.03,46250
COZ,20130617,0.105,0.105,0.105,0.105,100000
CPA,20130617,1.05,1.055,1.035,1.045,10846388
CPL,20130617,0.27,0.295,0.26,0.295,1138801
CPU,20130617,10.2,10.22,10.045,10.17,1724820
CPZ,20130617,0.15,0.15,0.15,0.15,27000
CQR,20130617,3.89,3.92,3.85,3.89,921915
CRB,20130617,0.033,0.033,0.033,0.033,5000
CRQ,20130617,0.02,0.02,0.02,0.02,160000
CRZ,20130617,9.2,9.2,8.82,9,831633
CSE,20130617,0.17,0.17,0.17,0.17,100029
CSL,20130617,57.03,58.23,57.03,58.23,1517038
CSP,20130617,0.205,0.205,0.205,0.205,30250
CSR,20130617,1.945,2.02,1.945,1.99,2641567
CSS,20130617,0.015,0.015,0.014,0.015,1430983
CSV,20130617,0.915,0.915,0.9,0.91,38060
CTD,20130617,4,4,3.9,3.99,39953
CTE,20130617,0.44,0.44,0.44,0.44,845
CTM,20130617,0.135,0.135,0.135,0.135,4000
CTN,20130617,0.955,0.965,0.95,0.965,78032
CTO,20130617,0.05,0.05,0.048,0.05,418023
CTP,20130617,0.084,0.084,0.08,0.08,1208435
CTR,20130617,0.018,0.021,0.018,0.019,38519310
CTX,20130617,21.46,21.67,21.05,21.65,636303
CUE,20130617,0.12,0.12,0.11,0.11,4092969
CUL,20130617,0.011,0.011,0.011,0.011,1070000
CUP,20130617,1.79,1.82,1.75,1.82,28390
CUU,20130617,0.023,0.023,0.023,0.023,23550
CUV,20130617,1.85,1.85,1.85,1.85,150
CUX,20130617,0.023,0.023,0.02,0.02,75000
CVC,20130617,0.985,0.99,0.985,0.99,7100
CVG,20130617,0.014,0.014,0.014,0.014,200000
CVN,20130617,0.042,0.046,0.042,0.044,2412570
CVV,20130617,0.015,0.015,0.015,0.015,206221
CVW,20130617,0.6,0.6,0.595,0.595,10000
CWE,20130617,0.029,0.03,0.029,0.03,906094
CWN,20130617,12.3,12.47,12.235,12.47,1281885
CWP,20130617,5.01,5.19,5.01,5.19,49699
CXM,20130617,0.14,0.14,0.14,0.14,4143
CXU,20130617,0.145,0.145,0.145,0.145,5000
CXX,20130617,0.14,0.14,0.14,0.14,50000
CXY,20130617,0.004,0.004,0.004,0.004,1936765
CYA,20130617,0.76,0.76,0.735,0.76,68824
CYG,20130617,2.9,2.9,2.9,2.9,7184
CYU,20130617,0.059,0.059,0.055,0.055,135000
CZA,20130617,0.165,0.165,0.165,0.165,43125
CZD,20130617,0.069,0.069,0.069,0.069,336500
CZI,20130617,0.125,0.13,0.125,0.13,22500
CZN,20130617,0.037,0.037,0.034,0.035,405485
CZZ,20130617,2.5,2.5,2.5,2.5,327
DCG,20130617,1.5,1.55,1.47,1.545,892422
DCN,20130617,0.18,0.18,0.18,0.18,4000
DDD,20130617,0.024,0.028,0.024,0.028,224900
DDT,20130617,0.017,0.017,0.017,0.017,43867
DGI,20130617,0.004,0.004,0.004,0.004,500000
DGO,20130617,0.004,0.004,0.004,0.004,94000
DGR,20130617,0.031,0.031,0.031,0.031,10000
DIS,20130617,0.07,0.07,0.07,0.07,49371
DJS,20130617,2.42,2.46,2.39,2.42,1926536
DJW,20130617,4.4,4.41,4.32,4.39,128462
DLC,20130617,0.003,0.003,0.003,0.003,40000
DLS,20130617,0.985,0.99,0.95,0.975,942037
DLX,20130617,4.3,4.36,4.26,4.36,2304568
DML,20130617,0.2,0.2,0.18,0.185,5893168
DMP,20130617,11.85,11.86,11.71,11.79,104614
DNA,20130617,0.35,0.36,0.34,0.34,185450
DOW,20130617,3.35,3.415,3.31,3.39,1608348
DRA,20130617,0.21,0.21,0.21,0.21,4580
DRG,20130617,0.048,0.048,0.042,0.042,424191
DRK,20130617,0.031,0.033,0.031,0.031,305555
DRM,20130617,0.5,0.5,0.49,0.5,159378
DSB,20130617,0.41,0.41,0.41,0.41,54700
DTE,20130617,0.065,0.08,0.065,0.076,16896580
DTL,20130617,1.15,1.17,1.04,1.045,323380
DUE,20130617,2.21,2.27,2.2,2.27,3391017
DUI,20130617,2.93,2.97,2.92,2.94,160520
DVN,20130617,0.83,0.84,0.83,0.83,529246
DWS,20130617,1.475,1.515,1.445,1.47,45694
DXS,20130617,1.045,1.06,1.04,1.05,17963470
DYE,20130617,0.42,0.425,0.38,0.4,1875148
DYL,20130617,0.035,0.037,0.035,0.035,72489
EAF,20130617,0.008,0.008,0.008,0.008,197403
EAL,20130617,0.555,0.59,0.5,0.59,62998
EAR,20130617,0.115,0.115,0.115,0.115,4350
EAX,20130617,3.05,3.05,3,3,13870
EDE,20130617,0.011,0.012,0.011,0.012,678909
EEG,20130617,0.086,0.086,0.08,0.08,439435
EEU,20130617,13.78,13.78,13.78,13.78,16783
EGG,20130617,0.33,0.33,0.33,0.33,18120
EGO,20130617,0.013,0.013,0.012,0.013,10172325
EGP,20130617,2.98,3.01,2.905,3.01,3815940
EHL,20130617,0.355,0.38,0.35,0.365,3475246
ELI,20130617,0.83,0.83,0.81,0.81,62520
ELK,20130617,0.185,0.19,0.18,0.19,28842
ELM,20130617,0.4,0.4,0.4,0.4,72606
ELX,20130617,0.195,0.22,0.19,0.2,270177
EMA,20130617,0.02,0.021,0.02,0.021,105400
EME,20130617,0.21,0.21,0.18,0.18,5800
EMF,20130617,1.65,1.65,1.65,1.65,31250
EML,20130617,0.32,0.32,0.32,0.32,17042
EMR,20130617,0.006,0.006,0.006,0.006,2800000
EMU,20130617,0.089,0.09,0.089,0.09,45684
ENB,20130617,0.004,0.004,0.004,0.004,14800
ENE,20130617,4.4,4.44,4.4,4.43,16635
ENL,20130617,0.004,0.004,0.004,0.004,50000
ENR,20130617,0.175,0.175,0.175,0.175,87350
ENU,20130617,0.041,0.041,0.04,0.04,168900
ENV,20130617,0.955,0.97,0.955,0.965,1565436
EPW,20130617,2.5,2.53,2.47,2.5,574139
EPX,20130617,1.755,1.76,1.75,1.75,49042
EQE,20130617,0.033,0.033,0.033,0.033,10960
EQT,20130617,15.63,15.63,15.35,15.35,500
EQX,20130617,0.48,0.485,0.48,0.48,117411
ERA,20130617,1.155,1.165,1.13,1.16,200617
ERD,20130617,0.034,0.036,0.034,0.036,125000
ERJ,20130617,0.004,0.004,0.004,0.004,1981366
ERM,20130617,0.037,0.037,0.037,0.037,175905
ERO,20130617,0.004,0.004,0.004,0.004,909980
ESI,20130617,0.009,0.009,0.008,0.009,4361458
ESV,20130617,0.38,0.395,0.38,0.395,4220
ETE,20130617,0.038,0.038,0.037,0.037,572478
EVM,20130617,0.026,0.026,0.026,0.026,20000
EVN,20130617,0.78,0.79,0.76,0.77,1949676
EVR,20130617,0.79,0.79,0.75,0.77,319006
EVZ,20130617,0.039,0.045,0.039,0.042,136666
EWC,20130617,0.415,0.43,0.415,0.42,1098860
EXE,20130617,0.015,0.015,0.014,0.014,100000
EXR,20130617,0.018,0.018,0.015,0.015,1608334
EZA,20130617,0.23,0.23,0.23,0.23,6000
EZL,20130617,1.045,1.045,1.02,1.03,166036
FAN,20130617,1.96,1.96,1.95,1.96,30973
FAR,20130617,0.028,0.028,0.027,0.028,2381388
FAS,20130617,0.012,0.012,0.011,0.011,6226976
FBU,20130617,6.79,6.96,6.77,6.91,1694087
FCR,20130617,0.014,0.014,0.014,0.014,500000
FDC,20130617,2.4,2.4,2.34,2.38,3011580
FEL,20130617,0.016,0.016,0.016,0.016,100000
FGE,20130617,4.44,4.44,4.23,4.26,496624
FKP,20130617,1.2,1.205,1.115,1.145,1710599
FLK,20130617,0.155,0.155,0.155,0.155,27190
FLT,20130617,38.15,38.24,37.44,38.19,592207
FMG,20130617,3.39,3.39,3.21,3.25,22096989
FML,20130617,0.013,0.016,0.013,0.015,44939773
FMS,20130617,0.032,0.034,0.032,0.033,4045751
FND,20130617,0.17,0.17,0.17,0.17,5000
FNP,20130617,1.667,1.67,1.64,1.64,93617
FOY,20130617,0.003,0.003,0.003,0.003,300000
FPH,20130617,2.76,2.76,2.7,2.7,16292
FPS,20130617,1.1,1.13,1.1,1.13,15969
FRG,20130617,0.175,0.175,0.17,0.17,70265
FRI,20130617,1.25,1.27,1.18,1.2,230003
FRR,20130617,0.01,0.01,0.01,0.01,2001
FSA,20130617,0.66,0.665,0.655,0.66,57000
FSE,20130617,0.006,0.006,0.006,0.006,170000
FSF,20130617,6.09,6.09,6,6.09,31933
FSI,20130617,1.36,1.36,1.36,1.36,5000
FUN,20130617,0.145,0.16,0.145,0.16,42685
FWD,20130617,3.61,3.64,3.44,3.64,496382
FXJ,20130617,0.52,0.53,0.515,0.525,9714400
FXL,20130617,4.3,4.42,4.27,4.42,563073
FYI,20130617,0.04,0.044,0.04,0.044,22019
GAP,20130617,0.25,0.25,0.25,0.25,21000
GBG,20130617,0.125,0.135,0.125,0.125,6226020
GBI,20130617,0.12,0.12,0.12,0.12,16000
GBM,20130617,0.017,0.017,0.017,0.017,50000
GBT,20130617,1.6,1.6,1.58,1.58,95169
GBZ,20130617,0.024,0.024,0.023,0.024,180000
GCG,20130617,0.048,0.048,0.048,0.048,14000
GCN,20130617,0.009,0.009,0.009,0.009,2155666
GCR,20130617,0.005,0.005,0.005,0.005,2070010
GCS,20130617,0.42,0.42,0.415,0.415,36813
GCY,20130617,0.17,0.17,0.17,0.17,10008
GDA,20130617,0.058,0.058,0.058,0.058,11327
GDO,20130617,0.15,0.15,0.15,0.15,61002
GDY,20130617,0.085,0.085,0.082,0.085,387823
GED,20130617,0.019,0.019,0.018,0.018,100000
GEM,20130617,2.4,2.44,2.4,2.43,594807
GFF,20130617,0.685,0.715,0.675,0.7,6807892
GFL,20130617,1.02,1.02,1.02,1.02,15554
GGG,20130617,0.27,0.28,0.255,0.265,124945
GGP,20130617,0.003,0.003,0.002,0.002,7974854
GGX,20130617,0.03,0.032,0.03,0.032,701133
GHC,20130617,1.105,1.105,1.105,1.105,2326
GID,20130617,0.555,0.555,0.555,0.555,10000
GJT,20130617,0.7,0.7,0.7,0.7,1320
GLA,20130617,0.006,0.006,0.006,0.006,402031
GLB,20130617,0.35,0.35,0.35,0.35,1800
GLL,20130617,0.12,0.12,0.12,0.12,119200
GLN,20130617,0.002,0.002,0.002,0.002,400
GLY,20130617,0.06,0.06,0.06,0.06,1150
GMD,20130617,0.019,0.02,0.019,0.02,198822
GMG,20130617,4.71,4.85,4.7,4.85,4666257
GMM,20130617,0.03,0.032,0.03,0.032,93000
GMR,20130617,0.021,0.021,0.02,0.02,135983
GMY,20130617,1,1,1,1,10000
GNC,20130617,12.45,12.5,12.32,12.43,677998
GNG,20130617,0.415,0.415,0.415,0.415,137130
GNM,20130617,0.165,0.165,0.165,0.165,2500
GOA,20130617,0.001,0.001,0.001,0.001,4312390
GOLD,20130617,139,139.59,138.8,138.85,3000
GOR,20130617,0.05,0.053,0.05,0.053,303163
GOW,20130617,2.38,2.42,2.36,2.36,4571
GOZ,20130617,2.45,2.5,2.45,2.48,117698
GPG,20130617,0.37,0.37,0.36,0.365,187176
GPP,20130617,0.015,0.015,0.015,0.015,4188
GPR,20130617,0.048,0.048,0.048,0.048,39267
GPT,20130617,3.73,3.77,3.71,3.77,4473480
GRB,20130617,0.185,0.185,0.175,0.185,610016
GRF,20130617,1.51,1.51,1.51,1.51,3354
GRK,20130617,0.001,0.001,0.001,0.001,531133
GRR,20130617,0.165,0.165,0.16,0.16,786743
GRY,20130617,0.16,0.16,0.15,0.155,3310158
GSC,20130617,0.029,0.029,0.029,0.029,50000
GSE,20130617,0.006,0.006,0.005,0.006,1895220
GTE,20130617,0.185,0.185,0.18,0.18,52943
GTG,20130617,0.09,0.099,0.09,0.099,64560
GUD,20130617,6.24,6.37,6.2,6.37,235025
GUF,20130617,0.14,0.145,0.135,0.135,336815
GUN,20130617,0.021,0.021,0.02,0.02,1076000
GWA,20130617,2.12,2.18,2.11,2.17,899419
GXL,20130617,4.65,4.75,4.65,4.75,21278
GZL,20130617,2.95,2.95,2.95,2.95,2000
HAS,20130617,0.045,0.045,0.045,0.045,23000
HAV,20130617,0.22,0.225,0.215,0.225,25200
HAZ,20130617,0.02,0.02,0.018,0.018,993205
HCH,20130617,0.5,0.52,0.5,0.52,77000
HCT,20130617,0.065,0.065,0.06,0.06,27280
HEG,20130617,0.01,0.01,0.009,0.009,315278
HFA,20130617,0.875,0.875,0.875,0.875,12176
HGG,20130617,2.42,2.44,2.38,2.44,4936451
HGO,20130617,0.063,0.068,0.063,0.068,346456
HHL,20130617,2.4,2.44,2.4,2.4,4553
HHV,20130617,0.84,0.845,0.84,0.84,383820
HHY,20130617,0.53,0.535,0.53,0.53,123344
HIG,20130617,0.059,0.062,0.059,0.059,722304
HIL,20130617,0.95,0.98,0.95,0.98,129776
HIN,20130617,2.65,2.66,2.65,2.65,30828
HLX,20130617,0.036,0.04,0.036,0.04,10000
HNG,20130617,0.52,0.56,0.52,0.55,55546
HNR,20130617,0.016,0.018,0.014,0.015,3455000
HOG,20130617,0.057,0.057,0.051,0.051,74678
HRR,20130617,0.14,0.14,0.14,0.14,100000
HSK,20130617,0.065,0.065,0.065,0.065,26000
HSN,20130617,0.925,0.925,0.905,0.905,82493
HTA,20130617,0.042,0.042,0.042,0.042,99134
HVN,20130617,2.44,2.5,2.42,2.49,1826832
HZN,20130617,0.365,0.375,0.355,0.365,8384691
IAA,20130617,45,45.9,45,45.9,2397
IAF,20130617,104.3,104.35,104.3,104.3,420
IAG,20130617,5.41,5.52,5.37,5.52,6885648
IAU,20130617,0.27,0.27,0.25,0.25,2370011
IAW,20130617,0.072,0.072,0.072,0.072,76469
IBC,20130617,0.525,0.525,0.525,0.525,15000
IBG,20130617,0.043,0.045,0.039,0.04,247426
IBK,20130617,37.38,37.58,37.29,37.29,635
ICG,20130617,0.025,0.025,0.024,0.024,320385
ICN,20130617,0.135,0.145,0.13,0.135,355490
ICP,20130617,0.07,0.07,0.07,0.07,96430
ICQ,20130617,0.46,0.47,0.455,0.46,101231
ICX,20130617,0.1,0.1,0.1,0.1,27545
IDC,20130617,0.071,0.073,0.071,0.072,466070
IDT,20130617,0.205,0.205,0.205,0.205,43723
IEC,20130617,0.11,0.11,0.11,0.11,24551
IEM,20130617,41.35,41.75,41.13,41.33,12437
IEU,20130617,43.51,43.62,43.51,43.62,5198
IFE,20130617,0.09,0.09,0.09,0.09,63140
IFL,20130617,7.51,7.6,7.35,7.56,696320
IFM,20130617,0.485,0.485,0.465,0.47,92338
IFN,20130617,0.25,0.255,0.25,0.255,483438
IGB,20130617,103,103.12,103,103.12,283
IGO,20130617,3.12,3.12,2.99,3.05,783675
IGS,20130617,0.004,0.004,0.003,0.004,2626928
IHD,20130617,15.4,15.58,15.4,15.54,9203
IIN,20130617,5.85,5.85,5.67,5.74,398384
IJH,20130617,122.85,122.85,122.77,122.77,467
IJP,20130617,11.51,11.6,11.44,11.58,15459
IJR,20130617,95,95,94.9,94.9,157
IKW,20130617,0.037,0.037,0.037,0.037,38089
ILB,20130617,103.81,103.81,103.72,103.72,155
ILC,20130617,21.8,22.14,21.8,22.08,25030
ILU,20130617,10.2,10.32,10.1,10.28,2357043
IMA,20130617,0.12,0.125,0.12,0.125,15000
IMC,20130617,0.004,0.004,0.004,0.004,245000
IMD,20130617,0.75,0.785,0.665,0.695,789661
IMF,20130617,1.97,1.99,1.94,1.985,244975
IMI,20130617,0.001,0.001,0.001,0.001,1004000
IMU,20130617,0.005,0.005,0.004,0.004,2500000
INA,20130617,0.335,0.335,0.33,0.33,103015
INL,20130617,0.006,0.006,0.006,0.006,257500
IOF,20130617,2.95,2.96,2.91,2.93,2488673
IOH,20130617,0.68,0.69,0.66,0.66,112001
IOO,20130617,73.83,73.83,73.22,73.23,9927
IOZ,20130617,20.71,20.98,20.68,20.91,25762
IPB,20130617,0.245,0.245,0.245,0.245,2500
IPD,20130617,0.077,0.078,0.075,0.078,182525
IPE,20130617,0.4,0.4,0.4,0.4,65000
IPL,20130617,2.71,2.75,2.68,2.75,3827373
IPP,20130617,0.75,0.75,0.72,0.725,92000
IRC,20130617,0.068,0.068,0.068,0.068,1001810
IRD,20130617,0.19,0.2,0.19,0.195,146800
IRE,20130617,7.78,7.91,7.71,7.89,205113
IRI,20130617,1,1.02,0.98,1.02,60989
IRL,20130617,0.002,0.002,0.002,0.002,75100
IRM,20130617,0.023,0.025,0.023,0.025,90000
IRN,20130617,0.23,0.265,0.225,0.265,682474
IRU,20130617,101.97,102.38,101.97,102.38,781
ISG,20130617,13.85,13.85,13.85,13.85,14
ISN,20130617,0.4,0.405,0.37,0.38,2005374
ISO,20130617,3.67,3.67,3.62,3.63,23901
ISS,20130617,0.32,0.32,0.32,0.32,300884
ITD,20130617,0.285,0.285,0.285,0.285,3000
ITT,20130617,0.006,0.006,0.005,0.005,200000
ITW,20130617,13.97,13.97,13.97,13.97,54
IVA,20130617,0.175,0.175,0.16,0.16,109391
IVC,20130617,10.65,10.66,10.385,10.58,240664
IVE,20130617,62.84,62.95,62.6,62.95,6063
IVG,20130617,0.06,0.068,0.06,0.065,105482
IVO,20130617,0.035,0.035,0.03,0.03,62897
IVR,20130617,0.13,0.145,0.125,0.14,815540
IVV,20130617,172,172,171,171.25,10175
IVX,20130617,0.031,0.031,0.03,0.03,106215
IXI,20130617,86.16,86.19,85.81,86.19,1994
IXJ,20130617,80.97,80.97,80.5,80.5,1819
IXP,20130617,64.07,64.07,64.07,64.07,150
IZM,20130617,0.004,0.004,0.004,0.004,398952
IZZ,20130617,35.9,36.32,35.32,36,6355
JAL,20130617,0.22,0.22,0.22,0.22,30000
JBH,20130617,15.54,16.1,15.52,15.85,699327
JET,20130617,0.37,0.37,0.37,0.37,11392
JHX,20130617,9.45,9.56,9.35,9.55,1053043
JIN,20130617,1.35,1.4,1.28,1.355,215280
JKA,20130617,0.086,0.091,0.086,0.091,590000
JMB,20130617,0.012,0.012,0.012,0.012,6250
JMS,20130617,0.08,0.085,0.076,0.076,197351
JPR,20130617,0.57,0.57,0.57,0.57,49970
JRL,20130617,0.185,0.185,0.18,0.18,6000
JRV,20130617,0.025,0.025,0.023,0.024,127005
KAB,20130617,0.005,0.005,0.004,0.004,950800
KAM,20130617,0.44,0.455,0.44,0.455,2900
KAR,20130617,5.38,5.4,5.13,5.4,470210
KAS,20130617,0.105,0.11,0.105,0.105,156547
KBC,20130617,0.15,0.15,0.145,0.145,38572
KBL,20130617,0.058,0.058,0.055,0.055,123440
KCN,20130617,1.64,1.69,1.585,1.65,1785845
KDL,20130617,0.29,0.29,0.29,0.29,550000
KDR,20130617,0.25,0.25,0.23,0.24,157778
KGD,20130617,0.1,0.105,0.096,0.096,227700
KGM,20130617,0.095,0.095,0.09,0.09,150000
KIS,20130617,0.049,0.049,0.048,0.048,75700
KKL,20130617,0.007,0.007,0.007,0.007,20000
KKT,20130617,0.038,0.038,0.033,0.033,125000
KMC,20130617,0.005,0.005,0.004,0.004,171385
KMD,20130617,2.22,2.22,2.13,2.16,296953
KNL,20130617,0.067,0.081,0.067,0.075,875192
KOR,20130617,0.04,0.04,0.04,0.04,160995
KOV,20130617,5.6,5.78,5.6,5.78,5429
KPL,20130617,0.345,0.345,0.345,0.345,2857
KPR,20130617,0.094,0.095,0.091,0.091,284311
KRA,20130617,0.052,0.052,0.051,0.051,30737
KRC,20130617,0.024,0.024,0.024,0.024,505964
KRL,20130617,0.027,0.027,0.027,0.027,281359
KRM,20130617,0.43,0.435,0.41,0.42,259386
KRS,20130617,0.15,0.15,0.15,0.15,4606
KSC,20130617,1.56,1.56,1.52,1.54,43970
KSN,20130617,0.07,0.07,0.065,0.065,34667
LAU,20130617,0.19,0.19,0.19,0.19,3000
LBT,20130617,0.055,0.055,0.055,0.055,40000
LBY,20130617,0.035,0.036,0.035,0.036,97047
LCM,20130617,1.25,1.32,1.25,1.32,29008
LCT,20130617,0.044,0.046,0.043,0.043,730065
LCY,20130617,0.054,0.058,0.052,0.056,162874
LEG,20130617,0.01,0.01,0.009,0.009,568534
LEI,20130617,16.13,16.15,15.76,15.89,1340668
LEP,20130617,2.7,2.7,2.68,2.7,34308
LGD,20130617,0.24,0.245,0.24,0.245,16800
LGM,20130617,0.013,0.013,0.013,0.013,10000
LGO,20130617,0.003,0.004,0.003,0.004,30000
LKE,20130617,0.015,0.015,0.015,0.015,150000
LKO,20130617,0.005,0.005,0.004,0.005,1780000
LLC,20130617,9,9,8.57,8.65,10495939
LLO,20130617,0.45,0.45,0.405,0.45,60566
LMB,20130617,0.095,0.1,0.095,0.095,43019
LMG,20130617,0.005,0.005,0.005,0.005,409600
LML,20130617,0.05,0.05,0.05,0.05,10000
LNC,20130617,1.075,1.2,1.075,1.19,7066110
LNG,20130617,0.14,0.155,0.135,0.135,108216
LNR,20130617,0.15,0.15,0.145,0.145,557224
LNY,20130617,0.013,0.013,0.012,0.012,296483
LOM,20130617,0.009,0.009,0.008,0.008,3562797
LRG,20130617,0.22,0.22,0.205,0.22,362425
LRL,20130617,0.25,0.25,0.215,0.215,1265737
LSA,20130617,0.18,0.18,0.18,0.18,8450
LTR,20130617,0.012,0.012,0.012,0.012,12500
LYC,20130617,0.465,0.465,0.425,0.44,13320237
LYL,20130617,4.4,4.4,4.27,4.28,6102
MAB,20130617,0.34,0.34,0.33,0.34,19000
MAD,20130617,0.335,0.37,0.33,0.365,3036584
MAH,20130617,0.13,0.132,0.125,0.13,2420669
MAK,20130617,0.11,0.115,0.11,0.115,123548
MAQ,20130617,8.5,8.5,8.5,8.5,4934
MAR,20130617,0.005,0.005,0.005,0.005,20000
MAS,20130617,0.018,0.018,0.018,0.018,469028
MAT,20130617,0.365,0.37,0.365,0.37,37822
MAU,20130617,0.085,0.085,0.085,0.085,2000
MBC,20130617,0.3,0.3,0.3,0.3,20000
MBN,20130617,0.13,0.132,0.125,0.125,1455133
MCE,20130617,0.8,0.815,0.8,0.81,5486
MCP,20130617,1.845,1.845,1.805,1.845,30341
MCR,20130617,0.55,0.55,0.535,0.54,223417
MCX,20130617,0.064,0.07,0.064,0.064,27306
MDI,20130617,0.074,0.076,0.074,0.076,100183
MDL,20130617,2.39,2.42,2.28,2.38,155708
MDV,20130617,0.002,0.002,0.002,0.002,310000
MEL,20130617,0.056,0.057,0.055,0.057,204692
MEO,20130617,0.064,0.064,0.057,0.058,1148475
MEP,20130617,0.14,0.14,0.13,0.13,18000
MEU,20130617,0.029,0.029,0.025,0.027,1886355
MEY,20130617,0.008,0.008,0.008,0.008,3000
MFF,20130617,1.29,1.32,1.28,1.3,218604
MFG,20130617,9.6,9.99,9.51,9.89,451553
MGB,20130617,0.19,0.19,0.19,0.19,25000
MGL,20130617,0.023,0.023,0.021,0.021,26812
MGR,20130617,1.59,1.595,1.545,1.595,12989792
MGV,20130617,0.062,0.065,0.062,0.065,70000
MGX,20130617,0.45,0.455,0.435,0.45,3296542
MGY,20130617,0.027,0.027,0.027,0.027,100000
MHC,20130617,0.12,0.12,0.12,0.12,35510
MHM,20130617,0.1,0.115,0.1,0.115,116746
MIN,20130617,8.45,8.56,8.4,8.45,779579
MIO,20130617,1.7,1.78,1.685,1.77,239651
MIR,20130617,2.25,2.35,2.25,2.28,36047
MIX,20130617,0.15,0.15,0.15,0.15,14800
MIZ,20130617,0.014,0.014,0.013,0.013,560714
MKB,20130617,0.04,0.043,0.04,0.042,437499
MKO,20130617,0.015,0.016,0.015,0.016,80000
MLA,20130617,0.018,0.019,0.015,0.015,1778020
MLB,20130617,2.16,2.16,2.12,2.12,47486
MLD,20130617,1.94,1.94,1.765,1.87,204748
MLI,20130617,0.09,0.09,0.09,0.09,200
MLM,20130617,0.105,0.105,0.105,0.105,5000
MLS,20130617,0.013,0.013,0.013,0.013,2169498
MLT,20130617,18.6,18.6,18.35,18.53,35236
MLX,20130617,0.11,0.115,0.11,0.115,131482
MMC,20130617,0.05,0.05,0.05,0.05,575000
MML,20130617,1.93,1.935,1.83,1.88,4529900
MMR,20130617,0.047,0.047,0.043,0.043,225320
MMS,20130617,16,16.08,15.4,15.86,181134
MMX,20130617,0.04,0.041,0.04,0.041,28831
MNB,20130617,0.016,0.019,0.016,0.019,320000
MNC,20130617,0.017,0.018,0.017,0.017,3136806
MND,20130617,16.27,16.59,16.16,16.42,540562
MNE,20130617,0.022,0.022,0.021,0.021,128725
MNF,20130617,1.25,1.25,1.23,1.245,11000
MNM,20130617,0.035,0.036,0.035,0.036,129191
MNW,20130617,0.02,0.02,0.018,0.018,100000
MNY,20130617,0.78,0.78,0.77,0.77,69800
MNZ,20130617,0.002,0.002,0.002,0.002,275000
MOC,20130617,2.26,2.26,2.18,2.22,137378
MOD,20130617,0.036,0.036,0.035,0.035,211000
MOL,20130617,0.11,0.11,0.11,0.11,20100
MOO,20130617,0.006,0.006,0.005,0.006,1866036
MOT,20130617,0.001,0.001,0.001,0.001,217088
MOU,20130617,0.008,0.008,0.008,0.008,4314087
MOX,20130617,0.033,0.04,0.033,0.034,288578
MOY,20130617,0.015,0.016,0.014,0.015,854376
MOZ,20130617,0.005,0.005,0.005,0.005,35000
MPO,20130617,0.24,0.26,0.235,0.255,544536
MPS,20130617,0.067,0.067,0.066,0.066,247137
MQA,20130617,1.9,1.915,1.885,1.9,1882367
MQG,20130617,41,42.77,40.75,42.77,1996486
MRM,20130617,3.43,3.46,3.36,3.46,323618
MRP,20130617,0.155,0.155,0.15,0.15,22998
MRX,20130617,0.007,0.007,0.007,0.007,622000
MRY,20130617,0.03,0.036,0.03,0.036,135
MSB,20130617,6,6.04,5.88,6,301993
MSC,20130617,0.007,0.007,0.007,0.007,1160000
MSR,20130617,0.068,0.068,0.067,0.067,105000
MTE,20130617,0.057,0.057,0.057,0.057,15798
MTH,20130617,0.024,0.024,0.024,0.024,150000
MTN,20130617,0.024,0.024,0.024,0.024,5000
MTS,20130617,3.55,3.65,3.55,3.61,7495600
MTU,20130617,5.7,5.7,5.48,5.56,487555
MUI,20130617,0.001,0.001,0.001,0.001,2500000
MUM,20130617,0.02,0.02,0.019,0.019,54034
MVP,20130617,1.3,1.3,1.29,1.29,6500
MVT,20130617,0.1,0.1,0.1,0.1,134416
MXI,20130617,1.105,1.12,1.09,1.11,343392
MXQ,20130617,0.365,0.37,0.36,0.365,127684
MXR,20130617,0.002,0.002,0.002,0.002,50000
MYE,20130617,0.63,0.65,0.63,0.63,29020
MYG,20130617,0.039,0.039,0.037,0.038,345113
MYR,20130617,2.3,2.32,2.29,2.3,4636704
MYS,20130617,4.17,4.26,4.11,4.26,55517
MYT,20130617,1.935,1.97,1.925,1.97,208208
MYX,20130617,0.43,0.43,0.425,0.43,981598
MZI,20130617,0.014,0.015,0.014,0.015,1270000
MZM,20130617,0.105,0.11,0.105,0.11,46047
NAB,20130617,29.37,29.98,29.16,29.92,6977529
NAM,20130617,0.26,0.26,0.26,0.26,50000
NAN,20130617,0.6,0.6,0.575,0.6,222700
NCC,20130617,1.02,1.02,1,1,47004
NCK,20130617,2.04,2.04,2.01,2.01,5938
NCM,20130617,11.47,11.49,11.25,11.35,3088059
NCR,20130617,0.098,0.098,0.085,0.085,196187
NDO,20130617,0.024,0.026,0.023,0.024,3885335
NEA,20130617,0.3,0.3,0.287,0.29,1045864
NEN,20130617,0.265,0.265,0.25,0.25,1235974
NEU,20130617,0.058,0.06,0.057,0.059,1309592
NFE,20130617,0.097,0.097,0.082,0.086,1529115
NFK,20130617,0.46,0.46,0.455,0.455,50846
NGE,20130617,0.018,0.018,0.018,0.018,122131
NHC,20130617,3.73,3.83,3.67,3.76,104459
NHF,20130617,2.22,2.23,2.03,2.12,1019719
NIU,20130617,0.011,0.011,0.011,0.011,100000
NKP,20130617,0.05,0.051,0.049,0.051,70000
NMG,20130617,0.015,0.016,0.014,0.014,344683
NMI,20130617,0.006,0.006,0.006,0.006,100000
NML,20130617,0.059,0.06,0.059,0.06,37365
NMS,20130617,0.03,0.03,0.03,0.03,3639
NOD,20130617,0.064,0.065,0.063,0.065,510069
NPX,20130617,2.53,2.53,2.53,2.53,68980
NRT,20130617,0.17,0.18,0.17,0.175,124206
NRU,20130617,0.008,0.008,0.008,0.008,1946
NSE,20130617,0.12,0.135,0.12,0.13,422001
NST,20130617,0.745,0.755,0.74,0.74,1655139
NTC,20130617,0.27,0.27,0.265,0.265,1049234
NTM,20130617,0.03,0.03,0.025,0.025,300000
NTU,20130617,0.135,0.14,0.135,0.14,29629
NUF,20130617,4.37,4.43,4.35,4.42,522868
NVG,20130617,0.03,0.03,0.02,0.021,2492405
NVT,20130617,5.44,5.5,5.34,5.48,364888
NWE,20130617,0.02,0.02,0.02,0.02,1191588
NWH,20130617,0.95,0.955,0.915,0.95,1874383
NWR,20130617,0.041,0.041,0.04,0.04,250000
NWS,20130617,32.7,32.75,32.27,32.47,2854001
NWT,20130617,0.39,0.39,0.38,0.385,402607
NXM,20130617,0.056,0.075,0.056,0.075,35000
NXS,20130617,0.094,0.094,0.088,0.093,2237840
NXT,20130617,2.63,2.71,2.57,2.71,633027
NZO,20130617,0.7,0.71,0.7,0.71,5933
OBJ,20130617,0.011,0.011,0.01,0.01,2147667
OBL,20130617,0.014,0.015,0.014,0.015,250000
OBS,20130617,0.165,0.165,0.165,0.165,893
OCL,20130617,0.42,0.42,0.39,0.39,11148
ODY,20130617,0.009,0.009,0.008,0.008,373667
OEG,20130617,0.051,0.051,0.051,0.051,10000
OEL,20130617,0.075,0.078,0.073,0.073,73788
OEX,20130617,0.058,0.058,0.056,0.058,71439
OGC,20130617,1.65,1.7,1.635,1.685,413424
OGH,20130617,0.02,0.02,0.015,0.015,13114
OGX,20130617,0.16,0.16,0.15,0.155,168385
OGY,20130617,0.022,0.022,0.02,0.02,430250
OIL,20130617,0.076,0.076,0.076,0.076,17000
OKJ,20130617,0.09,0.09,0.09,0.09,5000
OKN,20130617,1.17,1.18,1.1,1.12,44258
OMH,20130617,0.34,0.36,0.33,0.35,397253
ONC,20130617,0.18,0.18,0.18,0.18,4029
ONT,20130617,5.96,5.96,5.91,5.96,6252
OPG,20130617,0.11,0.11,0.11,0.11,638
ORD,20130617,0.006,0.007,0.006,0.007,610500
ORE,20130617,1.55,1.585,1.53,1.555,150688
ORG,20130617,12.77,13.11,12.71,13.02,2247120
ORI,20130617,20.2,20.3,19.99,20.22,1674922
ORL,20130617,6.84,6.89,6.81,6.87,29092
ORN,20130617,0.06,0.06,0.06,0.06,250
ORO,20130617,0.001,0.002,0.001,0.002,866000
ORS,20130617,0.1,0.1,0.1,0.1,50000
OSH,20130617,7.84,7.87,7.71,7.81,4269453
OTC,20130617,0.047,0.047,0.047,0.047,12848
OTE,20130617,0.001,0.001,0.001,0.001,110800
OTH,20130617,0.375,0.375,0.36,0.36,228529
OVL,20130617,0.016,0.016,0.015,0.015,941593
OVR,20130617,0.009,0.01,0.009,0.01,132110
OXX,20130617,0.2,0.22,0.2,0.22,26000
OZF,20130617,18.1,18.46,18.1,18.46,1846
OZG,20130617,0.16,0.16,0.16,0.16,311186
OZL,20130617,4.07,4.12,4.05,4.08,1947112
OZR,20130617,9.1,9.1,9.07,9.07,1918
PAA,20130617,0.01,0.01,0.01,0.01,165405
PAB,20130617,0.032,0.032,0.028,0.028,2006930
PAG,20130617,0.81,0.83,0.81,0.83,25653
PAN,20130617,0.265,0.265,0.255,0.255,484677
PAY,20130617,4.06,4.06,4.06,4.06,10000
PBD,20130617,0.01,0.01,0.009,0.009,10770000
PBG,20130617,0.695,0.705,0.69,0.7,2411062
PBP,20130617,0.285,0.285,0.285,0.285,2500
PBT,20130617,0.24,0.245,0.24,0.245,574333
PCL,20130617,0.06,0.06,0.058,0.06,1305489
PDI,20130617,0.026,0.026,0.026,0.026,400000
PDM,20130617,0.004,0.004,0.004,0.004,30000
PDN,20130617,0.94,0.995,0.94,0.99,4279969
PDZ,20130617,0.3,0.335,0.3,0.335,210500
PEK,20130617,0.17,0.17,0.16,0.16,215705
PEL,20130617,0.008,0.008,0.008,0.008,29873
PEM,20130617,0.13,0.135,0.13,0.13,74081
PEN,20130617,0.026,0.026,0.025,0.025,883056
PEX,20130617,0.4,0.4,0.38,0.38,67068
PFG,20130617,0.11,0.115,0.11,0.11,145500
PFL,20130617,1.53,1.535,1.53,1.535,21290
PGC,20130617,0.285,0.285,0.285,0.285,25017
PGI,20130617,0.088,0.092,0.087,0.089,1138902
PGL,20130617,0.23,0.23,0.23,0.23,6813
PGM,20130617,0.024,0.024,0.024,0.024,789042
PGS,20130617,0.019,0.02,0.019,0.02,195200
PHG,20130617,0.081,0.081,0.081,0.081,20000
PHK,20130617,0.048,0.048,0.046,0.046,249420
PIO,20130617,0.015,0.017,0.015,0.017,531000
PIR,20130617,0.915,0.93,0.875,0.9,5077332
PLV,20130617,0.065,0.065,0.058,0.059,4207188
PMC,20130617,1.35,1.385,1.35,1.35,95205
PME,20130617,0.465,0.465,0.46,0.46,6500
PMP,20130617,0.265,0.27,0.265,0.27,135000
PMV,20130617,6.47,6.56,6.34,6.5,699842
PNA,20130617,2.2,2.29,2.18,2.28,2993565
PNL,20130617,0.083,0.083,0.075,0.075,109241
PNN,20130617,0.025,0.025,0.025,0.025,20000
PNO,20130617,0.001,0.001,0.001,0.001,1500000
PNR,20130617,0.14,0.14,0.14,0.14,60000
POH,20130617,0.14,0.14,0.135,0.135,386061
POK,20130617,0.2,0.21,0.19,0.19,12334
POS,20130617,0.155,0.16,0.155,0.16,58967
POU,20130617,16.26,16.26,16.26,16.26,115
POZ,20130617,0.023,0.026,0.016,0.026,425569
PPC,20130617,1.08,1.1,1.07,1.1,138366
PPG,20130617,0.44,0.44,0.435,0.435,147544
PPK,20130617,0.45,0.45,0.45,0.45,10000
PPP,20130617,0.105,0.105,0.105,0.105,179440
PPS,20130617,0.062,0.062,0.06,0.06,147500
PPT,20130617,39.5,40.28,38.85,40.18,111450
PPX,20130617,0.06,0.06,0.058,0.058,164986
PRG,20130617,2.35,2.36,2.29,2.3,233615
PRL,20130617,0.092,0.092,0.09,0.09,11304
PRO,20130617,0.33,0.335,0.33,0.335,121418
PRR,20130617,0.065,0.067,0.061,0.064,1790668
PRT,20130617,1.05,1.05,1.005,1.01,45451
PRU,20130617,0.93,0.94,0.925,0.935,2684849
PRW,20130617,0.001,0.001,0.001,0.001,50000
PRY,20130617,4.92,4.97,4.86,4.97,1541633
PSA,20130617,0.125,0.13,0.12,0.13,13505
PSH,20130617,0.065,0.065,0.065,0.065,28022
PSY,20130617,0.005,0.005,0.005,0.005,5369
PTL,20130617,0.012,0.013,0.012,0.012,949394
PTM,20130617,5.45,5.49,5.37,5.49,1233568
PTR,20130617,0.016,0.016,0.015,0.015,80822
PTS,20130617,0.045,0.045,0.045,0.045,230000
PUN,20130617,0.175,0.175,0.17,0.17,30000
PVA,20130617,3.62,3.62,3.54,3.54,2988
PVD,20130617,0.435,0.46,0.435,0.46,115000
PVM,20130617,0.37,0.37,0.37,0.37,98493
PWN,20130617,0.105,0.105,0.1,0.1,99766
PXG,20130617,0.16,0.16,0.15,0.15,188334
PXR,20130617,0.003,0.003,0.003,0.003,300000
PXS,20130617,0.145,0.15,0.145,0.145,1228853
PXT,20130617,0.135,0.145,0.135,0.145,32208
PYC,20130617,0.018,0.019,0.018,0.019,973729
PYM,20130617,0.014,0.014,0.014,0.014,559896
QAG,20130617,12.11,12.11,12.11,12.11,665
QAN,20130617,1.36,1.41,1.355,1.4,21083581
QAU,20130617,14.32,14.33,14.31,14.33,897
QBE,20130617,14.55,15.14,14.55,15.11,7213515
QCB,20130617,16.04,16.04,16.04,16.04,512
QFN,20130617,9.72,9.92,9.72,9.9,20633
QFX,20130617,0.017,0.017,0.016,0.017,742500
QHL,20130617,0.14,0.145,0.14,0.14,146674
QMN,20130617,0.021,0.022,0.021,0.022,80000
QPN,20130617,0.004,0.004,0.004,0.004,5256834
QRE,20130617,5.08,5.08,5.08,5.08,683
QRX,20130617,1.2,1.21,1.19,1.21,139145
QST,20130617,0.065,0.065,0.065,0.065,24040
QTG,20130617,0.011,0.011,0.011,0.011,600000
QTM,20130617,0.007,0.007,0.007,0.007,58479
QUB,20130617,1.61,1.655,1.61,1.65,654394
RAU,20130617,0.012,0.012,0.01,0.01,609300
RBR,20130617,0.011,0.011,0.011,0.011,40000
RCB,20130617,20.7,20.7,20.69,20.7,3637
RCF,20130617,0.02,0.02,0.02,0.02,8000
RCG,20130617,0.51,0.53,0.51,0.53,91945
RCP,20130617,0.004,0.004,0.004,0.004,9188338
RCR,20130617,2.17,2.17,2.09,2.16,199384
RCU,20130617,0.385,0.385,0.385,0.385,750
RDF,20130617,1.065,1.07,1.06,1.07,38823
RDG,20130617,0.031,0.031,0.031,0.031,20000
RDM,20130617,0.08,0.08,0.08,0.08,160000
RDR,20130617,0.058,0.059,0.054,0.054,251107
RDS,20130617,0.068,0.068,0.068,0.068,20000
RDV,20130617,26.6,26.98,26.54,26.92,15668
REA,20130617,29,29.26,28.33,29,135514
REH,20130617,23.44,23.44,23.44,23.44,13400
RES,20130617,0.19,0.19,0.175,0.175,116225
REX,20130617,1.145,1.145,1.125,1.125,5400
REY,20130617,0.053,0.053,0.052,0.052,438573
RFE,20130617,0.515,0.515,0.495,0.5,285286
RFG,20130617,3.58,3.7,3.57,3.66,116660
RFL,20130617,0.17,0.18,0.17,0.18,579053
RGB,20130617,20.68,20.68,20.68,20.68,500
RGU,20130617,0.011,0.011,0.011,0.011,12500
RHC,20130617,34,34.87,34,34.73,590298
RHG,20130617,0.39,0.395,0.385,0.39,445362
RHL,20130617,3.34,3.4,3.34,3.39,56541
RIA,20130617,0.035,0.037,0.034,0.034,1221266
RIC,20130617,0.77,0.775,0.73,0.73,962289
RIM,20130617,0.053,0.053,0.053,0.053,391300
RIO,20130617,53.16,53.79,52.75,53.65,1975046
RKN,20130617,2.44,2.44,2.4,2.4,15324
RMD,20130617,4.91,4.97,4.88,4.97,1723498
RMP,20130617,0.054,0.054,0.051,0.051,220000
RMR,20130617,0.001,0.001,0.001,0.001,3077800
RMS,20130617,0.125,0.14,0.12,0.125,6040098
RMX,20130617,0.01,0.01,0.01,0.01,250000
RNC,20130617,0.205,0.205,0.19,0.19,15500
RNI,20130617,0.065,0.065,0.065,0.065,346250
RNS,20130617,0.065,0.065,0.06,0.06,170000
RNU,20130617,0.043,0.043,0.038,0.04,353500
RNY,20130617,0.3,0.3,0.28,0.29,130941
ROC,20130617,0.485,0.5,0.48,0.5,537590
ROG,20130617,0.002,0.002,0.002,0.002,925000
ROL,20130617,0.22,0.22,0.22,0.22,1597
RQL,20130617,0.14,0.145,0.14,0.14,95673
RRE,20130617,0.038,0.038,0.038,0.038,50000
RRL,20130617,3.65,3.69,3.56,3.64,1913457
RRS,20130617,0.047,0.047,0.047,0.047,330244
RSG,20130617,0.695,0.785,0.695,0.765,7530205
RTD,20130617,0.002,0.002,0.002,0.002,1205125
RUB,20130617,0.009,0.009,0.009,0.009,180000
RUL,20130617,0.5,0.5,0.5,0.5,67273
RUM,20130617,0.14,0.14,0.14,0.14,110000
RVA,20130617,0.64,0.64,0.62,0.62,33300
RWD,20130617,0.22,0.22,0.22,0.22,9000
RWH,20130617,2.9,2.9,2.9,2.9,27856
RXL,20130617,0.039,0.039,0.037,0.037,293924
RXM,20130617,0.33,0.335,0.32,0.33,149287
RXP,20130617,0.68,0.69,0.68,0.68,51778
RYG,20130617,0.009,0.009,0.009,0.009,90001
SAI,20130617,3.57,3.58,3.53,3.58,327743
SAR,20130617,0.16,0.167,0.16,0.16,4327820
SAU,20130617,0.015,0.019,0.015,0.019,588212
SAV,20130617,0.014,0.014,0.01,0.01,388067
SBL,20130617,0.003,0.003,0.003,0.003,3429000
SBM,20130617,0.65,0.665,0.64,0.66,3842109
SBR,20130617,0.1,0.1,0.096,0.1,139800
SCP,20130617,1.6,1.605,1.585,1.59,1787429
SDG,20130617,1.4,1.44,1.385,1.4,49705
SDI,20130617,0.52,0.52,0.485,0.485,156779
SDL,20130617,0.081,0.084,0.081,0.081,34065121
SDM,20130617,0.455,0.47,0.43,0.465,345112
SEA,20130617,0.88,0.88,0.85,0.875,1690835
SEH,20130617,0.11,0.11,0.105,0.11,516311
SEK,20130617,8.9,9.13,8.82,8.96,1503690
SEN,20130617,0.011,0.012,0.011,0.012,58600
SEO,20130617,0.02,0.02,0.02,0.02,136892
SER,20130617,0.029,0.029,0.026,0.029,284000
SFH,20130617,0.855,0.86,0.855,0.86,4902
SFR,20130617,6.05,6.05,5.75,5.88,631007
SFW,20130617,0.66,0.665,0.63,0.655,98415
SFX,20130617,0.4,0.4,0.385,0.4,320000
SFY,20130617,48.29,48.74,48.01,48.66,10527
SFZ,20130617,0.045,0.048,0.045,0.048,483400
SGH,20130617,2.74,2.74,2.7,2.72,104946
SGI,20130617,0.31,0.31,0.305,0.305,118000
SGM,20130617,8.8,8.9,8.69,8.9,1407868
SGN,20130617,1.46,1.465,1.435,1.46,372799
SGP,20130617,3.48,3.58,3.475,3.58,11924007
SGT,20130617,3.03,3.1,3.03,3.04,2188224
SGY,20130617,0.014,0.014,0.014,0.014,275000
SGZ,20130617,0.016,0.016,0.016,0.016,300000
SHD,20130617,0.075,0.076,0.075,0.076,118789
SHE,20130617,0.012,0.012,0.012,0.012,27585
SHJ,20130617,1.45,1.47,1.45,1.46,181125
SHK,20130617,0.005,0.005,0.005,0.005,30600
SHL,20130617,13.71,13.86,13.71,13.84,1770426
SHV,20130617,3.1,3.1,3.05,3.09,35881
SIH,20130617,0.075,0.078,0.075,0.078,537600
SIP,20130617,0.785,0.785,0.765,0.78,2207814
SIR,20130617,2.55,2.76,2.5,2.74,670684
SIV,20130617,6.98,6.98,6.8,6.9,20483
SIX,20130617,0.015,0.015,0.013,0.013,160000
SKC,20130617,3.65,3.78,3.61,3.78,141948
SKE,20130617,2.25,2.39,2.22,2.39,2168364
SKI,20130617,1.655,1.69,1.655,1.69,3106637
SKT,20130617,4.78,4.82,4.77,4.77,33578
SLE,20130617,0.027,0.027,0.027,0.027,225
SLF,20130617,9.16,9.24,9.11,9.24,70291
SLM,20130617,1.89,1.92,1.89,1.92,26755
SLR,20130617,0.86,0.875,0.835,0.855,6480241
SLT,20130617,0.036,0.036,0.03,0.03,80000
SLX,20130617,2.27,2.27,2.19,2.25,55575
SMA,20130617,0.003,0.003,0.003,0.003,120054
SMD,20130617,0.02,0.024,0.02,0.024,161470
SMI,20130617,0.086,0.086,0.086,0.086,23300
SMR,20130617,0.13,0.135,0.13,0.13,410000
SMX,20130617,4.4,4.4,4.31,4.35,316247
SND,20130617,0.745,0.745,0.73,0.74,100448
SNL,20130617,1.22,1.24,1.22,1.24,8923
SNY,20130617,0.345,0.35,0.335,0.35,63874
SOL,20130617,13.95,13.95,13.75,13.82,24848
SOM,20130617,0.9,0.95,0.9,0.95,14000
SOO,20130617,0.013,0.013,0.013,0.013,5000
SOR,20130617,0.049,0.05,0.049,0.05,35000
SPI,20130617,0.016,0.016,0.015,0.015,859620
SPL,20130617,0.805,0.81,0.79,0.81,302342
SPN,20130617,1.155,1.18,1.155,1.175,5586780
SRI,20130617,0.065,0.066,0.065,0.066,200000
SRK,20130617,0.05,0.05,0.042,0.043,534155
SRQ,20130617,0.017,0.017,0.015,0.015,2348218
SRR,20130617,0.005,0.007,0.005,0.007,402715
SRV,20130617,3.3,3.3,3.3,3.3,4597
SRX,20130617,12.14,12.21,11.895,12.12,126016
SRZ,20130617,0.054,0.054,0.052,0.052,217067
SSN,20130617,0.022,0.022,0.02,0.022,1335891
SSO,20130617,10.58,10.63,10.58,10.63,1298
SST,20130617,26.55,26.55,26.55,26.55,200
STB,20130617,0.24,0.24,0.22,0.22,30200
STO,20130617,12.7,12.79,12.45,12.79,3081800
STP,20130617,1.2,1.2,1.11,1.11,14778
STS,20130617,0.35,0.35,0.35,0.35,5438
STW,20130617,45.23,45.83,45.03,45.83,197034
STX,20130617,0.081,0.081,0.079,0.08,568000
SUD,20130617,0.028,0.028,0.027,0.027,142452
SUL,20130617,11.25,11.27,11.02,11.24,525778
SUN,20130617,12.05,12.275,11.89,12.21,6666462
SUR,20130617,0.028,0.03,0.028,0.03,1000000
SVL,20130617,0.018,0.018,0.018,0.018,12741
SVM,20130617,0.1,0.1,0.1,0.1,37767
SVW,20130617,7.1,7.1,6.82,6.94,391971
SWE,20130617,0.185,0.195,0.175,0.195,4247052
SWK,20130617,0.3,0.3,0.295,0.3,200330
SWM,20130617,1.96,1.975,1.855,1.955,4467988
SXE,20130617,0.84,0.84,0.815,0.84,19344
SXI,20130617,0.019,0.019,0.019,0.019,120000
SXL,20130617,1.315,1.35,1.312,1.35,1687724
SXY,20130617,0.525,0.53,0.51,0.53,2048933
SYD,20130617,3.45,3.47,3.42,3.45,3362864
SYI,20130617,27.1,27.42,27.03,27.36,16318
SYR,20130617,1.975,1.975,1.86,1.94,115079
SYS,20130617,0.002,0.002,0.002,0.002,2067031
TAH,20130617,3.22,3.3,3.21,3.24,2068886
TAM,20130617,0.068,0.068,0.067,0.067,503000
TAN,20130617,0.42,0.425,0.41,0.425,426211
TAP,20130617,0.495,0.495,0.48,0.49,158238
TAR,20130617,0.02,0.02,0.02,0.02,68000
TAS,20130617,0.05,0.05,0.045,0.05,91928
TAU,20130617,0.1,0.1,0.1,0.1,25095
TAW,20130617,0.009,0.009,0.009,0.009,546134
TBR,20130617,1.4,1.4,1.35,1.35,950
TCL,20130617,6.95,6.95,6.86,6.95,5850858
TDO,20130617,0.105,0.105,0.105,0.105,8000
TEG,20130617,0.007,0.007,0.007,0.007,653300
TEL,20130617,1.9,1.905,1.87,1.89,3326719
TEN,20130617,0.27,0.27,0.26,0.265,6307805
TEX,20130617,0.065,0.065,0.065,0.065,26048
TFC,20130617,0.435,0.435,0.42,0.42,153854
TGA,20130617,2.07,2.12,2.05,2.08,481792
TGG,20130617,1.04,1.045,1.04,1.04,187081
TGP,20130617,0.495,0.495,0.495,0.495,5000
TGR,20130617,2.09,2.09,2.05,2.08,1857958
TGS,20130617,0.205,0.205,0.195,0.2,994910
TGZ,20130617,0.75,0.75,0.75,0.75,1004790
THO,20130617,0.05,0.05,0.05,0.05,29446
THR,20130617,0.005,0.005,0.005,0.005,312823
THX,20130617,0.028,0.028,0.028,0.028,210135
TIG,20130617,0.18,0.18,0.175,0.175,73177
TIS,20130617,0.14,0.14,0.13,0.135,358883
TIX,20130617,0.525,0.53,0.51,0.53,141721
TLG,20130617,0.105,0.105,0.105,0.105,100000
TLM,20130617,0.145,0.15,0.135,0.135,65356
TLS,20130617,4.63,4.66,4.615,4.65,35159585
TLU,20130617,0.087,0.087,0.083,0.083,410000
TME,20130617,3.97,3.99,3.94,3.99,434416
TNC,20130617,0.011,0.011,0.011,0.011,1400000
TNE,20130617,1.7,1.705,1.685,1.7,35411
TNG,20130617,0.064,0.064,0.058,0.059,1005174
TNP,20130617,0.021,0.021,0.02,0.02,2935598
TOE,20130617,0.065,0.066,0.061,0.063,909787
TOL,20130617,4.92,5.11,4.89,5.09,6419710
TON,20130617,0.07,0.071,0.07,0.071,269000
TOU,20130617,0.31,0.32,0.31,0.31,189000
TOX,20130617,3.31,3.34,3.27,3.32,198271
TPD,20130617,0.05,0.05,0.047,0.049,8806
TPI,20130617,0.745,0.755,0.74,0.75,6500037
TPL,20130617,0.001,0.001,0.001,0.001,3000863
TPM,20130617,3.34,3.35,3.3,3.33,537977
TPP,20130617,0.07,0.071,0.065,0.065,197292
TPR,20130617,0.07,0.07,0.07,0.07,108339
TPT,20130617,0.205,0.205,0.205,0.205,4000
TRF,20130617,0.105,0.105,0.105,0.105,48496
TRG,20130617,6.75,6.95,6.75,6.95,50501
TRM,20130617,0.04,0.04,0.035,0.035,22623
TRS,20130617,15.95,16.05,15.88,16.03,121599
TRU,20130617,5.68,5.9,5.66,5.9,11749
TRY,20130617,1.95,2.16,1.935,2.15,1339760
TSE,20130617,0.75,0.76,0.71,0.72,2150774
TSM,20130617,0.27,0.27,0.265,0.265,113500
TSV,20130617,0.004,0.004,0.004,0.004,245000
TTE,20130617,0.009,0.009,0.009,0.009,3523218
TTI,20130617,0.06,0.06,0.058,0.058,198000
TTN,20130617,1.42,1.45,1.41,1.45,6910
TTS,20130617,3.09,3.13,3.07,3.13,4941621
TWD,20130617,2.51,2.51,2.45,2.45,4144
TWE,20130617,5.85,5.88,5.785,5.86,2198330
TWH,20130617,0.005,0.005,0.005,0.005,3523898
TWR,20130617,1.68,1.68,1.61,1.61,2973
TZL,20130617,0.11,0.115,0.11,0.115,74561
TZN,20130617,0.023,0.023,0.023,0.023,500000
UBI,20130617,0.65,0.65,0.65,0.65,18000
UCL,20130617,0.31,0.31,0.31,0.31,20144
UEQ,20130617,0.025,0.025,0.025,0.025,17650
UGL,20130617,6.57,6.64,6.46,6.59,1149791
UML,20130617,0.079,0.079,0.077,0.077,179236
UNS,20130617,0.6,0.625,0.575,0.605,1831132
UNV,20130617,0.056,0.056,0.056,0.056,2744
UNX,20130617,0.067,0.067,0.056,0.064,609797
UOG,20130617,0.013,0.013,0.013,0.013,10000
URF,20130617,1.86,1.86,1.82,1.825,13075
USA,20130617,0.026,0.026,0.025,0.025,700000
USD,20130617,10.35,10.36,10.28,10.3,67190
USG,20130617,1.77,1.77,1.77,1.77,5900
UXC,20130617,0.995,1.01,0.97,0.995,771807
VAF,20130617,49.47,49.47,49.47,49.47,778
VAH,20130617,0.435,0.44,0.43,0.435,2797913
VAP,20130617,57.49,57.74,57.03,57.67,3661
VAS,20130617,61.34,61.72,60.73,61.45,8456
VBP,20130617,6.65,6.65,6.65,6.65,4655
VEC,20130617,0.021,0.021,0.021,0.021,63782
VEI,20130617,0.71,0.72,0.695,0.705,251260
VEU,20130617,48.28,48.36,48.25,48.36,8545
VGB,20130617,49,49.1,49,49.1,623
VGO,20130617,0.064,0.064,0.064,0.064,140000
VHY,20130617,58.5,58.9,58,58.9,15093
VIL,20130617,0.015,0.015,0.015,0.015,146200
VLA,20130617,0.25,0.25,0.25,0.25,10000
VLC,20130617,54.36,54.36,54.36,54.36,550
VLW,20130617,1.155,1.155,1.155,1.155,8825
VMG,20130617,0.012,0.014,0.012,0.014,2298129
VML,20130617,0.018,0.018,0.018,0.018,78000
VMS,20130617,0.115,0.12,0.11,0.12,553549
VMT,20130617,0.012,0.012,0.012,0.012,225000
VOC,20130617,2.17,2.23,2.15,2.22,95302
VOR,20130617,0.007,0.008,0.007,0.007,3058260
VRL,20130617,5.18,5.19,5.11,5.15,130989
VRT,20130617,6.3,6.68,6.3,6.47,2718886
VSC,20130617,1.05,1.075,1.05,1.05,85869
VSO,20130617,40.72,40.72,40.68,40.69,3983
VTS,20130617,88.45,88.45,88,88.05,10264
WAA,20130617,1.085,1.11,1.08,1.08,73692
WAF,20130617,0.22,0.22,0.22,0.22,5500
WAM,20130617,1.635,1.64,1.63,1.63,309573
WAX,20130617,0.95,0.95,0.94,0.94,49473
WBA,20130617,0.66,0.66,0.66,0.66,10000
WBB,20130617,6.04,6.04,5.94,6.01,7892
WBC,20130617,28.65,29.47,28.5,29.47,9119856
WCB,20130617,4.01,4.01,4.01,4.01,250
WCL,20130617,0.175,0.19,0.175,0.19,271453
WCN,20130617,0.008,0.009,0.008,0.009,514549
WCP,20130617,0.052,0.052,0.052,0.052,436942
WDC,20130617,11,11.17,11,11.13,7017612
WDR,20130617,0.69,0.69,0.655,0.68,65512
WDS,20130617,0.35,0.37,0.35,0.37,196781
WEB,20130617,4.21,4.39,4.21,4.34,241814
WEC,20130617,0.14,0.14,0.135,0.135,105136
WES,20130617,38,38.68,37.9,38.64,2962416
WFE,20130617,0.033,0.033,0.03,0.03,119557
WGO,20130617,0.026,0.026,0.026,0.026,145000
WHC,20130617,2.07,2.22,2.07,2.15,5435645
WHE,20130617,0.048,0.05,0.047,0.049,955501
WHF,20130617,3.43,3.48,3.42,3.48,16277
WHG,20130617,0.67,0.675,0.65,0.67,102266
WHN,20130617,0.027,0.028,0.027,0.027,722496
WIC,20130617,1.035,1.045,1.03,1.03,128128
WIG,20130617,0.17,0.17,0.17,0.17,10000
WKT,20130617,0.007,0.007,0.006,0.006,210067
WLF,20130617,0.245,0.245,0.245,0.245,42500
WLR,20130617,0.01,0.011,0.01,0.011,356428
WMN,20130617,0.076,0.076,0.076,0.076,9353
WOR,20130617,19.04,19.55,19.02,19.47,1207287
WOW,20130617,32.19,32.57,32.17,32.36,3108613
WPG,20130617,0.029,0.03,0.029,0.03,278000
WPL,20130617,34.8,34.91,34.22,34.91,2254348
WRM,20130617,0.037,0.037,0.037,0.037,24522
WRT,20130617,2.93,2.98,2.9,2.98,10929280
WSA,20130617,2.74,2.74,2.65,2.74,460653
WTF,20130617,4.9,4.93,4.79,4.81,867591
WTP,20130617,0.56,0.565,0.55,0.55,120136
WTR,20130617,0.235,0.235,0.22,0.22,165606
WWI,20130617,0.02,0.02,0.018,0.018,925000
XAM,20130617,0.105,0.105,0.1,0.1,60390
XCD,20130617,0.085,0.085,0.085,0.085,16000
XRF,20130617,0.3,0.32,0.3,0.32,11400
XRO,20130617,12.8,13.02,12.7,13.02,28696
XST,20130617,0.007,0.007,0.007,0.007,550000
YAL,20130617,0.7,0.71,0.65,0.705,12547
YBR,20130617,0.53,0.55,0.52,0.52,28650
YOW,20130617,0.175,0.18,0.175,0.18,11350
YTC,20130617,0.185,0.185,0.18,0.18,124593
ZAM,20130617,0.145,0.145,0.145,0.145,15000
ZGL,20130617,0.23,0.23,0.225,0.225,115163
ZRL,20130617,0.002,0.002,0.002,0.002,500000
XAF,20130617,4892.2,4933.1,4845.6,4933.1,0
XAO,20130617,4775.5,4805,4726.4,4805,0
XAT,20130617,4759.1,4793.3,4710.3,4793.3,0
XDJ,20130617,1532.4,1533.1,1513.6,1532.7,0
XEC,20130617,996.2,999.1,991.8,991.8,0
XEJ,20130617,12750.2,12751.9,12514.2,12751.9,0
XFJ,20130617,5280.2,5361.9,5227.9,5361.9,0
XFL,20130617,4945.4,4986.2,4898.6,4986.2,0
XGD,20130617,2538.4,2540.8,2490,2519.6,0
XHJ,20130617,12470.2,12551,12345,12551,0
XIJ,20130617,682.5,682.5,662,670.6,0
XJO,20130617,4791.8,4825.9,4743.3,4825.9,0
XJR,20130617,3731.8,3731.8,3657.4,3715.8,0
XKO,20130617,4750.5,4784,4702.4,4784,0
XMD,20130617,3871.7,3878.3,3823.7,3878.3,0
XMJ,20130617,8878.6,8878.6,8692.6,8820.6,0
XMM,20130617,2925.3,2925.3,2865,2909,0
XNJ,20130617,3557.2,3569.2,3524.9,3569.2,0
XPJ,20130617,1010.7,1016.1,1000,1016.1,0
XSJ,20130617,9402.7,9496.7,9387.5,9477.2,0
XSO,20130617,1996.5,1996.9,1965.9,1996.9,0
XTJ,20130617,1604,1604,1593,1603.3,0
XTL,20130617,3004.4,3034.8,2976.1,3034.8,0
XTO,20130617,3975.2,4005.4,3936.6,4005.4,0
XUJ,20130617,5291.8,5354.3,5267.7,5354.3,0
XXJ,20130617,6134.2,6240.5,6065,6240.5,0
