AAA,20131029,50.21,50.21,50.2,50.21,22255
AAC,20131029,1.115,1.125,1.105,1.125,815025
AAD,20131029,2.02,2.04,1.99,2,3665934
AAR,20131029,0.003,0.003,0.003,0.003,5321447
AAX,20131029,1.745,1.76,1.7,1.76,190426
ABC,20131029,3.74,3.76,3.705,3.72,937817
ABN,20131029,0.027,0.027,0.022,0.022,6682240
ABP,20131029,2.34,2.345,2.32,2.32,356614
ABQ,20131029,0.039,0.039,0.038,0.038,1346562
ABU,20131029,0.027,0.027,0.027,0.027,7023566
ABV,20131029,0.015,0.015,0.015,0.015,406634
ABW,20131029,1.055,1.055,1.055,1.055,70100
ABY,20131029,0.34,0.35,0.34,0.35,120330
ABZ,20131029,0.18,0.19,0.175,0.18,363130
ACB,20131029,0.058,0.058,0.058,0.058,29052
ACG,20131029,0.165,0.165,0.16,0.165,840171
ACK,20131029,0.25,0.255,0.235,0.255,195930
ACL,20131029,0.6,0.62,0.6,0.6,329054
ACR,20131029,2.75,2.75,2.62,2.63,1335940
ADJ,20131029,0.145,0.145,0.125,0.13,8755466
ADN,20131029,0.06,0.06,0.058,0.058,344085
ADO,20131029,0.066,0.068,0.065,0.068,1247406
ADQ,20131029,0.017,0.019,0.017,0.019,261000
ADX,20131029,0.019,0.019,0.019,0.019,59000
ADY,20131029,0.018,0.018,0.018,0.018,38800
AEB,20131029,0.165,0.165,0.16,0.16,98503
AEI,20131029,0.13,0.13,0.13,0.13,11212
AEK,20131029,0.065,0.07,0.065,0.07,107500
AEU,20131029,1.58,1.58,1.57,1.575,52144
AFI,20131029,6.03,6.06,6,6,369444
AFR,20131029,0.13,0.14,0.125,0.135,419425
AGE,20131029,0.075,0.075,0.072,0.072,178500
AGF,20131029,0.76,0.765,0.75,0.755,256367
AGG,20131029,3.4,3.4,3.36,3.36,8688
AGI,20131029,4.56,4.58,4.47,4.47,135414
AGJ,20131029,0.091,0.091,0.091,0.091,15835
AGK,20131029,15.44,15.49,15.23,15.28,1354007
AGO,20131029,1.08,1.085,1.03,1.035,15637803
AGR,20131029,0.074,0.074,0.074,0.074,100000
AGS,20131029,0.14,0.14,0.14,0.14,65560
AGX,20131029,0.02,0.022,0.02,0.022,506435
AHD,20131029,8.22,8.25,8.13,8.2,11810
AHE,20131029,3.75,3.75,3.61,3.66,556416
AHN,20131029,0.03,0.03,0.03,0.03,179280
AHQ,20131029,0.02,0.02,0.02,0.02,330300
AHZ,20131029,0.155,0.18,0.155,0.16,52434850
AIA,20131029,3.01,3.05,3.01,3.02,71333
AIB,20131029,0.955,0.955,0.955,0.955,10000
AIO,20131029,5.77,5.81,5.71,5.71,3933416
AIV,20131029,0.014,0.014,0.014,0.014,33000
AIX,20131029,0.007,0.007,0.006,0.006,1578284
AIZ,20131029,1.42,1.42,1.42,1.42,1000
AJA,20131029,3.7,3.74,3.65,3.67,40998
AJD,20131029,1.09,1.1,1.09,1.1,143322
AJL,20131029,1.245,1.28,1.245,1.27,36026
AJM,20131029,0.125,0.125,0.125,0.125,50000
AJQ,20131029,0.28,0.28,0.255,0.265,1076886
AJR,20131029,0.006,0.007,0.006,0.007,2150000
AJX,20131029,0.16,0.165,0.16,0.165,253500
AKG,20131029,1.005,1.005,1,1,42000
AKK,20131029,0.011,0.012,0.01,0.012,3101654
AKM,20131029,0.073,0.074,0.069,0.07,728463
ALF,20131029,1.75,1.77,1.725,1.73,895411
ALK,20131029,0.385,0.395,0.385,0.395,125834
ALL,20131029,4.94,4.94,4.89,4.89,796962
ALQ,20131029,10.25,10.25,9.94,10.11,1306607
ALR,20131029,1.35,1.35,1.33,1.33,13507
ALT,20131029,0.019,0.019,0.018,0.018,368098
ALU,20131029,2.56,2.61,2.52,2.57,112954
ALZ,20131029,3.72,3.76,3.67,3.74,532044
AMA,20131029,0.38,0.38,0.375,0.375,102490
AMC,20131029,10.57,10.61,10.455,10.6,3747069
AMH,20131029,0.96,0.965,0.96,0.96,99842
AMM,20131029,2.09,2.09,2.04,2.07,328078
AMO,20131029,0.2,0.2,0.2,0.2,70000
AMP,20131029,4.79,4.79,4.71,4.73,10217605
AMT,20131029,0.05,0.05,0.05,0.05,15000
AMX,20131029,0.115,0.115,0.11,0.11,901564
ANG,20131029,4,4.01,3.86,3.88,255582
ANI,20131029,2.11,2.12,2.1,2.1,378969
ANN,20131029,19.1,19.41,19.05,19.14,1453275
ANO,20131029,0.012,0.012,0.012,0.012,1322111
ANP,20131029,0.014,0.014,0.014,0.014,10956207
ANQ,20131029,0.012,0.012,0.011,0.012,2037086
ANW,20131029,0.009,0.009,0.009,0.009,193334
ANZ,20131029,33.56,34.06,33.56,33.63,11511807
AOC,20131029,0.09,0.09,0.09,0.09,13572
AOD,20131029,1.045,1.045,1.045,1.045,3636
AOH,20131029,0.15,0.15,0.145,0.15,362073
AOK,20131029,0.135,0.14,0.135,0.14,427500
AOP,20131029,0.045,0.045,0.045,0.045,10000
AOU,20131029,0.067,0.07,0.067,0.07,130000
APA,20131029,6.05,6.06,5.895,5.9,3379122
APD,20131029,0.25,0.26,0.25,0.25,615755
APE,20131029,4.7,4.74,4.7,4.73,4613
APG,20131029,0.032,0.032,0.032,0.032,500000
API,20131029,0.615,0.645,0.6,0.645,1629848
APN,20131029,0.5,0.5,0.49,0.495,1616884
AQA,20131029,2.35,2.355,2.24,2.27,246346
AQC,20131029,0.01,0.01,0.009,0.009,3400000
AQD,20131029,0.02,0.02,0.02,0.02,78691
AQF,20131029,1.99,1.99,1.99,1.99,10050
AQG,20131029,3.2,3.2,3.12,3.2,540978
AQO,20131029,0.18,0.185,0.18,0.18,292500
AQP,20131029,0.73,0.73,0.68,0.7,559395
AQR,20131029,0.16,0.16,0.16,0.16,9444
AQZ,20131029,1.65,1.65,1.65,1.65,591
ARA,20131029,0.32,0.32,0.32,0.32,39000
ARD,20131029,0.042,0.042,0.04,0.04,4840309
ARE,20131029,0.025,0.025,0.025,0.025,147099
ARF,20131029,1.155,1.16,1.155,1.16,6579637
ARG,20131029,7.29,7.34,7.21,7.23,236006
ARH,20131029,0.06,0.06,0.05,0.05,286500
ARI,20131029,1.47,1.485,1.4,1.415,13893468
ARM,20131029,0.056,0.056,0.056,0.056,60000
ARP,20131029,11.52,11.58,11.45,11.47,317090
ARU,20131029,0.095,0.098,0.095,0.096,29693
ARV,20131029,0.005,0.005,0.004,0.004,2406000
ARW,20131029,0.945,0.95,0.93,0.93,18289
ARX,20131029,0.007,0.008,0.007,0.008,1619868
ASB,20131029,0.76,0.76,0.735,0.735,270468
ASL,20131029,1.53,1.55,1.49,1.49,2833502
ASW,20131029,0.68,0.69,0.68,0.69,5730
ASX,20131029,36.52,36.76,36.35,36.4,607552
ASZ,20131029,0.41,0.415,0.4,0.4,441526
ATI,20131029,0.19,0.19,0.19,0.19,35531
ATU,20131029,1.56,1.59,1.56,1.59,69456
ATV,20131029,0.02,0.02,0.02,0.02,160417
AUB,20131029,12.4,12.4,12.3,12.34,16118
AUF,20131029,1.1,1.1,1.1,1.1,25000
AUI,20131029,7.91,8,7.91,7.91,5614
AUP,20131029,5.4,5.4,5.4,5.4,500
AUQ,20131029,0.059,0.099,0.059,0.079,6531939
AUT,20131029,3.27,3.27,3.235,3.24,555524
AUZ,20131029,0.006,0.006,0.006,0.006,3848324
AVA,20131029,0.13,0.13,0.13,0.13,138222
AVB,20131029,0.067,0.067,0.065,0.067,4501543
AVG,20131029,0.45,0.45,0.45,0.45,1
AVH,20131029,0.11,0.12,0.11,0.115,241090
AVJ,20131029,0.59,0.6,0.59,0.59,53676
AVQ,20131029,0.021,0.021,0.019,0.019,7799589
AVX,20131029,0.015,0.015,0.015,0.015,37143
AWC,20131029,1.03,1.035,1.005,1.015,9361494
AWE,20131029,1.245,1.25,1.23,1.24,642506
AWK,20131029,0.5,0.5,0.49,0.495,105146
AXE,20131029,0.155,0.155,0.155,0.155,48671
AXI,20131029,0.039,0.045,0.039,0.045,1146389
AYA,20131029,0.64,0.64,0.64,0.64,20000
AYG,20131029,0.005,0.006,0.005,0.005,933541
AYN,20131029,0.003,0.003,0.003,0.003,27215921
AYR,20131029,0.008,0.008,0.007,0.008,530402
AZF,20131029,2.3,2.3,2.3,2.3,15200
AZJ,20131029,4.78,4.785,4.705,4.76,4106084
AZM,20131029,0.03,0.031,0.03,0.031,294600
AZS,20131029,0.043,0.047,0.036,0.036,12063287
AZV,20131029,0.195,0.24,0.195,0.235,215631
AZY,20131029,0.039,0.039,0.039,0.039,49000
AZZ,20131029,0.495,0.5,0.485,0.49,240342
BAB,20131029,0.05,0.05,0.05,0.05,412150
BAR,20131029,0.008,0.008,0.008,0.008,15000
BAS,20131029,0.009,0.01,0.009,0.01,60000
BBG,20131029,0.395,0.395,0.39,0.39,733583
BBL,20131029,0.26,0.26,0.26,0.26,2050
BCC,20131029,0.047,0.047,0.047,0.047,619945
BCI,20131029,5.05,5.2,5.02,5.09,887078
BCN,20131029,0.003,0.003,0.003,0.003,300000
BCT,20131029,0.155,0.16,0.15,0.15,73500
BDI,20131029,0.002,0.002,0.002,0.002,392560
BDM,20131029,0.039,0.044,0.039,0.041,440193
BDR,20131029,0.975,0.995,0.945,0.955,3748614
BEAR,20131029,18.07,18.22,18.07,18.21,35775
BEL,20131029,0.16,0.16,0.16,0.16,100016
BEN,20131029,11.2,11.25,10.97,11.02,1634644
BFG,20131029,0.73,0.765,0.705,0.76,840236
BGA,20131029,4.04,4.54,4,4.17,691881
BGL,20131029,0.815,0.815,0.805,0.81,290032
BGS,20131029,0.014,0.014,0.012,0.012,7012945
BHP,20131029,37.69,37.69,37.39,37.59,5064636
BIS,20131029,1,1,0.97,1,15500
BIT,20131029,0.086,0.088,0.086,0.088,50000
BKI,20131029,1.575,1.585,1.57,1.575,512362
BKL,20131029,22.8,23,22.25,22.34,29168
BKN,20131029,6.6,6.6,6.26,6.27,1481964
BKP,20131029,0.005,0.005,0.005,0.005,2844996
BKW,20131029,14.4,14.47,14.26,14.33,129449
BKY,20131029,0.27,0.27,0.26,0.265,133280
BLA,20131029,1.49,1.55,1.49,1.55,6100
BLD,20131029,4.9,4.93,4.84,4.89,3558992
BLG,20131029,0.19,0.19,0.175,0.175,192811
BLK,20131029,0.16,0.16,0.16,0.16,30000
BLT,20131029,0.595,0.615,0.57,0.58,278054
BLY,20131029,0.44,0.45,0.427,0.44,3010067
BMB,20131029,0.087,0.095,0.087,0.093,284628
BMG,20131029,0.004,0.005,0.004,0.005,2950000
BML,20131029,0.003,0.003,0.003,0.003,200000
BMN,20131029,0.05,0.051,0.05,0.05,116843
BMY,20131029,0.012,0.012,0.012,0.012,5000
BND,20131029,0.2,0.2,0.195,0.195,361337
BNO,20131029,0.67,0.72,0.647,0.705,367722
BOC,20131029,0.49,0.49,0.49,0.49,528
BOL,20131029,0.195,0.195,0.185,0.185,483999
BOQ,20131029,11.98,12.03,11.82,11.91,1900225
BPA,20131029,4,4,4,4,31275
BPG,20131029,0.003,0.003,0.003,0.003,7558366
BPH,20131029,0.013,0.013,0.013,0.013,51000
BPO,20131029,0.002,0.002,0.002,0.002,3750000
BPT,20131029,1.365,1.37,1.34,1.34,1656477
BRG,20131029,8,8.02,7.91,7.93,212374
BRL,20131029,0.275,0.275,0.225,0.225,6758877
BRO,20131029,0.002,0.002,0.002,0.002,2454681
BRU,20131029,1.66,1.69,1.63,1.64,322194
BRW,20131029,0.012,0.012,0.012,0.012,50000
BSA,20131029,0.127,0.13,0.125,0.125,193969
BSE,20131029,0.39,0.42,0.39,0.4,986731
BSL,20131029,4.89,4.89,4.75,4.76,2220640
BSM,20131029,0.007,0.007,0.006,0.006,3285000
BTC,20131029,0.022,0.024,0.022,0.024,266000
BTN,20131029,0.01,0.01,0.01,0.01,250000
BTR,20131029,0.25,0.255,0.25,0.25,84576
BTT,20131029,4.93,4.98,4.91,4.93,147857
BUE,20131029,0.006,0.006,0.006,0.006,800
BUL,20131029,0.073,0.074,0.071,0.071,1947556
BUR,20131029,0.011,0.012,0.01,0.01,1027421
BUX,20131029,0.18,0.18,0.18,0.18,49901
BUY,20131029,0.015,0.015,0.014,0.015,1036588
BWD,20131029,0.092,0.092,0.092,0.092,10000
BWF,20131029,0.255,0.26,0.255,0.26,15000
BWP,20131029,2.3,2.3,2.28,2.29,909008
BXB,20131029,9.61,9.64,9.35,9.37,5376249
BYE,20131029,0.76,0.8,0.76,0.8,135232
BYI,20131029,1.95,1.96,1.9,1.9,46775
BYL,20131029,0.35,0.375,0.35,0.36,236915
CAA,20131029,0.2,0.2,0.195,0.195,99200
CAB,20131029,4.01,4.04,3.99,4,337364
CAF,20131029,0.275,0.275,0.275,0.275,11016
CAJ,20131029,0.48,0.48,0.46,0.46,993273
CAM,20131029,1.11,1.12,1.11,1.12,22249
CAP,20131029,0.175,0.175,0.17,0.17,35613
CAQ,20131029,0.052,0.052,0.052,0.052,121771
CAS,20131029,0.325,0.325,0.315,0.32,68844
CAY,20131029,0.07,0.07,0.07,0.07,50000
CAZ,20131029,0.13,0.13,0.13,0.13,2665
CBA,20131029,77.5,77.5,76.48,76.79,2470937
CBS,20131029,0.026,0.026,0.024,0.024,66547
CBX,20131029,0.071,0.071,0.07,0.07,39552
CCC,20131029,0.029,0.029,0.028,0.029,359000
CCF,20131029,0.019,0.019,0.019,0.019,33253
CCL,20131029,12.98,13,12.835,12.88,1340376
CCP,20131029,9.8,9.94,9.76,9.85,133662
CCU,20131029,0.14,0.15,0.14,0.14,265869
CCV,20131029,1.105,1.11,1.065,1.08,1253635
CDA,20131029,1.795,1.84,1.76,1.765,525627
CDB,20131029,0.012,0.013,0.011,0.011,4107719
CDD,20131029,6.78,6.78,6.66,6.74,1318045
CDG,20131029,0.12,0.12,0.11,0.11,369281
CDI,20131029,2.67,2.67,2.6,2.62,193326
CDM,20131029,1.43,1.435,1.42,1.42,220590
CDP,20131029,5.54,5.73,5.45,5.5,10342
CDU,20131029,2.13,2.17,2.09,2.15,605499
CDY,20131029,0.045,0.045,0.041,0.041,9408992
CEL,20131029,0.1,0.105,0.099,0.105,674884
CEN,20131029,0.018,0.018,0.018,0.018,270400
CFE,20131029,0.145,0.145,0.14,0.14,337861
CFU,20131029,0.04,0.041,0.038,0.041,1440183
CFX,20131029,2.07,2.07,2.04,2.05,6757729
CGF,20131029,5.9,5.92,5.85,5.88,1282852
CGH,20131029,0.42,0.43,0.42,0.42,258347
CGM,20131029,0.007,0.007,0.007,0.007,71429
CGN,20131029,0.105,0.105,0.105,0.105,5250
CGO,20131029,0.48,0.48,0.48,0.48,1600
CGP,20131029,0.081,0.087,0.08,0.083,10939674
CGR,20131029,0.17,0.17,0.17,0.17,17000
CGS,20131029,0.48,0.48,0.48,0.48,106201
CHC,20131029,3.8,3.87,3.78,3.83,680648
CHN,20131029,0.155,0.155,0.155,0.155,18639
CHP,20131029,0.005,0.005,0.005,0.005,400000
CHZ,20131029,0.12,0.12,0.12,0.12,352750
CIN,20131029,25.14,25.3,25.14,25.3,1485
CIR,20131029,0.23,0.245,0.23,0.245,31274
CIW,20131029,0.84,0.84,0.84,0.84,27438
CIX,20131029,0.36,0.36,0.355,0.36,136718
CKA,20131029,0.18,0.185,0.18,0.185,393917
CKF,20131029,1.68,1.685,1.675,1.68,65160
CKL,20131029,0.84,0.85,0.81,0.85,54839
CLA,20131029,0.017,0.019,0.017,0.017,661000
CLH,20131029,1.72,1.74,1.72,1.73,50952
CLO,20131029,1.47,1.47,1.46,1.47,253996
CLQ,20131029,0.099,0.099,0.099,0.099,40500
CLR,20131029,0.23,0.26,0.225,0.225,569677
CLT,20131029,0.2,0.205,0.2,0.205,13513
CLV,20131029,0.495,0.495,0.48,0.485,85377
CLX,20131029,2.11,2.11,2.11,2.11,4300
CMC,20131029,0.045,0.045,0.035,0.035,17700
CMG,20131029,0.47,0.47,0.465,0.47,1270002
CMP,20131029,0.08,0.08,0.08,0.08,23963
CMW,20131029,0.96,0.965,0.96,0.96,1107547
CMY,20131029,0.008,0.008,0.008,0.008,500000
CND,20131029,0.3,0.3,0.3,0.3,2700
CNI,20131029,0.82,0.82,0.82,0.82,83259
CNL,20131029,0.042,0.042,0.042,0.042,40000
CNQ,20131029,0.055,0.06,0.055,0.06,60000
CNS,20131029,0.013,0.013,0.013,0.013,159980
CNU,20131029,2.27,2.28,2.26,2.28,172684
CNX,20131029,0.023,0.023,0.022,0.022,1740000
COD,20131029,0.185,0.185,0.17,0.17,117526
COE,20131029,0.415,0.45,0.415,0.445,1046884
COH,20131029,58.45,58.5,57.805,58,269416
COI,20131029,0.19,0.2,0.19,0.2,376997
COK,20131029,0.054,0.054,0.053,0.054,734710
COM,20131029,0.024,0.024,0.024,0.024,15500
COO,20131029,0.17,0.17,0.155,0.155,268750
COY,20131029,0.024,0.024,0.024,0.024,132000
COZ,20131029,0.059,0.059,0.059,0.059,10000
CPA,20131029,1.195,1.2,1.19,1.2,22579962
CPL,20131029,0.19,0.2,0.185,0.185,489647
CPU,20131029,10.45,10.56,10.43,10.47,2435140
CQC,20131029,0.11,0.11,0.11,0.11,50000
CQR,20131029,4.02,4.085,4.02,4.06,830187
CRB,20131029,0.03,0.03,0.03,0.03,100000
CRH,20131029,0.61,0.635,0.61,0.635,98924
CRZ,20131029,10.22,10.6,10.21,10.3,3352887
CSD,20131029,0.07,0.07,0.069,0.07,351428
CSE,20131029,0.175,0.175,0.175,0.175,2778
CSL,20131029,68.02,68.5,67.55,68.5,958395
CSR,20131029,2.42,2.42,2.375,2.39,1792489
CSS,20131029,0.038,0.039,0.038,0.038,1761500
CSV,20131029,0.975,0.98,0.96,0.96,134524
CTD,20131029,5.15,5.15,5.01,5.01,64058
CTE,20131029,0.66,0.66,0.66,0.66,1000
CTM,20131029,0.24,0.24,0.235,0.235,39467
CTN,20131029,1.14,1.14,1.115,1.115,119444
CTO,20131029,0.049,0.049,0.049,0.049,408900
CTP,20131029,0.38,0.42,0.38,0.42,729602
CTR,20131029,0.015,0.016,0.015,0.015,3156006
CTX,20131029,19.3,19.3,18.76,18.77,365961
CUE,20131029,0.132,0.135,0.13,0.13,7826
CUL,20131029,0.008,0.008,0.008,0.008,600000
CUP,20131029,1.78,1.8,1.78,1.8,6847
CUU,20131029,0.025,0.025,0.025,0.025,10000
CUV,20131029,1.57,1.57,1.57,1.57,14382
CUX,20131029,0.028,0.032,0.028,0.032,183398
CVN,20131029,0.068,0.07,0.068,0.069,1089849
CVS,20131029,0.003,0.003,0.003,0.003,700000
CVV,20131029,0.014,0.014,0.013,0.013,1468142
CWE,20131029,0.053,0.055,0.051,0.055,2721594
CWN,20131029,16.58,16.69,16.33,16.33,1501681
CWP,20131029,7.04,7.12,7.03,7.08,63142
CXB,20131029,0.048,0.048,0.048,0.048,128952
CXM,20131029,0.145,0.145,0.145,0.145,13793
CXO,20131029,0.035,0.035,0.035,0.035,35000
CXU,20131029,0.13,0.13,0.13,0.13,20000
CXX,20131029,0.2,0.205,0.2,0.2,110823
CYA,20131029,0.885,0.885,0.885,0.885,47966
CYO,20131029,0.019,0.019,0.019,0.019,371223
CYS,20131029,0.056,0.056,0.056,0.056,81000
CZA,20131029,0.14,0.14,0.13,0.13,7652
CZD,20131029,0.078,0.078,0.068,0.072,528569
CZI,20131029,0.038,0.04,0.038,0.04,25000
CZN,20131029,0.026,0.026,0.025,0.025,1431255
CZR,20131029,0.04,0.04,0.04,0.04,50000
CZZ,20131029,4.25,4.25,4.19,4.19,2500
DCG,20131029,2.47,2.57,2.47,2.55,368920
DDD,20131029,0.02,0.02,0.017,0.017,137500
DDT,20131029,0.021,0.021,0.021,0.021,36500
DEG,20131029,0.003,0.003,0.003,0.003,293433
DGH,20131029,0.62,0.62,0.62,0.62,11000
DGI,20131029,0.008,0.008,0.007,0.007,603000
DGR,20131029,0.049,0.049,0.048,0.048,333894
DGX,20131029,0.043,0.044,0.043,0.044,345000
DIG,20131029,0.025,0.026,0.022,0.026,2688543
DJS,20131029,2.69,2.71,2.66,2.67,2418410
DJW,20131029,4.71,4.75,4.69,4.69,75559
DLS,20131029,1.205,1.215,1.155,1.155,1626337
DLX,20131029,5.24,5.25,5,5,1230010
DME,20131029,0.21,0.21,0.21,0.21,10000
DMI,20131029,0.054,0.054,0.054,0.054,64274
DML,20131029,0.084,0.085,0.076,0.077,7896952
DMP,20131029,15,15.06,14.68,14.74,311427
DNA,20131029,0.68,0.69,0.665,0.68,356562
DOW,20131029,4.98,5,4.85,4.89,3419573
DRA,20131029,0.22,0.22,0.22,0.22,9647
DRK,20131029,0.021,0.023,0.02,0.02,933200
DRM,20131029,0.73,0.73,0.7,0.73,182571
DSN,20131029,0.027,0.027,0.027,0.027,80000
DTE,20131029,0.14,0.145,0.135,0.135,1095991
DTL,20131029,1.135,1.14,1.12,1.14,28895
DTM,20131029,0.072,0.072,0.072,0.072,100000
DUE,20131029,2.15,2.18,2.15,2.18,3908553
DUI,20131029,3.45,3.49,3.44,3.44,29396
DVA,20131029,0.03,0.03,0.03,0.03,53513
DVN,20131029,0.91,0.96,0.9,0.955,1066815
DWS,20131029,1.505,1.515,1.485,1.49,92384
DXS,20131029,1.075,1.085,1.067,1.08,19704469
DYE,20131029,0.325,0.33,0.31,0.315,271415
DYL,20131029,0.02,0.02,0.02,0.02,408579
EAF,20131029,0.012,0.012,0.012,0.012,300
EAL,20131029,0.76,0.77,0.75,0.76,144339
EAR,20131029,0.068,0.07,0.067,0.07,73000
EAS,20131029,0.17,0.17,0.16,0.16,397692
EAX,20131029,3.9,3.95,3.9,3.94,15167
EBT,20131029,3.4,3.4,3.37,3.37,18939
EDE,20131029,0.018,0.018,0.016,0.016,940137
EEG,20131029,0.09,0.09,0.087,0.087,29000
EGL,20131029,0.051,0.051,0.051,0.051,10000
EGN,20131029,0.16,0.16,0.16,0.16,25000
EGO,20131029,0.015,0.015,0.014,0.014,10405543
EGP,20131029,2.68,2.69,2.61,2.62,2130511
EHL,20131029,0.34,0.347,0.325,0.325,2447484
ELD,20131029,0.115,0.115,0.105,0.11,295988
ELI,20131029,0.945,0.945,0.94,0.94,845840
ELM,20131029,0.49,0.5,0.49,0.5,265836
ELT,20131029,0.019,0.019,0.019,0.019,4177
ELX,20131029,0.28,0.28,0.28,0.28,16129
EMA,20131029,0.041,0.041,0.041,0.041,25000
EML,20131029,0.54,0.545,0.54,0.545,53861
EMR,20131029,0.012,0.012,0.012,0.012,300000
EMU,20131029,0.088,0.09,0.088,0.09,30000
EMX,20131029,0.02,0.021,0.02,0.021,274522
ENB,20131029,0.013,0.02,0.013,0.02,100000
ENE,20131029,5.3,5.32,5.29,5.3,50095
ENR,20131029,0.22,0.22,0.22,0.22,834
ENT,20131029,0.041,0.041,0.041,0.041,39337
ENV,20131029,1.12,1.135,1.12,1.135,1514485
ENX,20131029,0.018,0.018,0.018,0.018,300000
EOL,20131029,0.135,0.135,0.135,0.135,10000
EOS,20131029,0.43,0.43,0.43,0.43,10000
EPD,20131029,0.79,0.79,0.79,0.79,49723
EPW,20131029,2.9,2.94,2.88,2.9,47525
EPX,20131029,1.81,1.825,1.8,1.8,137104
EPY,20131029,0.46,0.5,0.46,0.485,101640
EQE,20131029,0.033,0.033,0.033,0.033,44000
EQT,20131029,18.57,18.57,18.57,18.57,328
EQX,20131029,0.67,0.67,0.67,0.67,12462
ERA,20131029,1.33,1.34,1.295,1.315,516794
ERJ,20131029,0.003,0.003,0.002,0.002,6006159
ERM,20131029,0.046,0.046,0.046,0.046,26300
ESI,20131029,0.009,0.009,0.008,0.008,1488897
ESN,20131029,0.001,0.001,0.001,0.001,15000202
ESR,20131029,0.21,0.215,0.19,0.19,376261
ETE,20131029,0.032,0.035,0.032,0.034,1806515
EVM,20131029,0.048,0.048,0.047,0.047,163090
EVN,20131029,0.89,0.905,0.865,0.905,1245395
EVR,20131029,0.77,0.775,0.74,0.74,11319
EVZ,20131029,0.058,0.058,0.058,0.058,6500
EWC,20131029,0.455,0.455,0.425,0.44,1671396
EXC,20131029,0.016,0.016,0.016,0.016,35000
EXG,20131029,0.092,0.092,0.092,0.092,50000
EYM,20131029,0.019,0.019,0.019,0.019,100000
EZL,20131029,1.145,1.16,1.145,1.16,12253
FAC,20131029,0.155,0.165,0.15,0.155,568247
FAN,20131029,2.25,2.4,2.25,2.39,2227
FAR,20131029,0.038,0.04,0.038,0.038,4839147
FAS,20131029,0.018,0.018,0.016,0.016,3162189
FBU,20131029,8.36,8.36,8.23,8.25,464205
FCN,20131029,0.01,0.01,0.01,0.01,62400
FDC,20131029,2.42,2.48,2.4,2.42,8258999
FFF,20131029,0.022,0.022,0.022,0.022,1000000
FGE,20131029,4.59,4.59,4.4,4.46,821395
FLT,20131029,51,51.75,50.75,51.65,312545
FMG,20131029,5.35,5.37,5.3,5.32,16641904
FML,20131029,0.013,0.013,0.012,0.013,2129294
FMS,20131029,0.039,0.04,0.038,0.039,1185194
FND,20131029,0.205,0.205,0.205,0.205,63253
FNP,20131029,3.27,3.27,3.06,3.13,326350
FOX,20131029,36.25,36.36,36.11,36.32,983299
FOY,20131029,0.003,0.003,0.003,0.003,3684827
FPH,20131029,3.16,3.16,3.06,3.06,21238
FPS,20131029,1.1,1.1,1.1,1.1,5340
FRE,20131029,0.002,0.002,0.002,0.002,435000
FRI,20131029,1.595,1.6,1.58,1.58,113140
FRR,20131029,0.011,0.011,0.011,0.011,991752
FRY,20131029,0.045,0.045,0.045,0.045,50000
FSA,20131029,1.01,1.02,1,1.01,53258
FSF,20131029,5.96,6.04,5.92,6,45276
FSI,20131029,1.52,1.52,1.52,1.52,2050
FTE,20131029,0.008,0.008,0.008,0.008,50000
FTZ,20131029,0.525,0.57,0.525,0.56,130695
FUN,20131029,0.17,0.175,0.17,0.175,442001
FWD,20131029,3.45,3.46,3.38,3.4,288489
FWL,20131029,0.025,0.025,0.025,0.025,83200
FXJ,20131029,0.575,0.59,0.57,0.585,8819718
FXL,20131029,4.84,4.84,4.72,4.74,2598187
FXR,20131029,0.016,0.017,0.016,0.017,220000
FZR,20131029,0.44,0.44,0.43,0.43,69700
GAP,20131029,0.29,0.29,0.29,0.29,63290
GBG,20131029,0.14,0.145,0.135,0.135,958332
GBT,20131029,3.49,3.49,3.44,3.45,127921
GBZ,20131029,0.046,0.046,0.046,0.046,42000
GCG,20131029,0.078,0.078,0.078,0.078,36857
GCN,20131029,0.016,0.016,0.016,0.016,5323513
GCS,20131029,0.575,0.575,0.55,0.55,21000
GDA,20131029,0.092,0.092,0.092,0.092,10000
GDY,20131029,0.091,0.093,0.09,0.091,446098
GEM,20131029,3.2,3.22,3.1,3.11,1719612
GER,20131029,0.04,0.04,0.04,0.04,25000
GFF,20131029,0.73,0.735,0.72,0.735,2877943
GFL,20131029,1.05,1.055,1.05,1.055,13062
GGE,20131029,0.012,0.013,0.012,0.013,205000
GGG,20131029,0.36,0.38,0.34,0.355,4606406
GGP,20131029,0.002,0.002,0.001,0.001,2239999
GGX,20131029,0.022,0.023,0.022,0.023,1527949
GHC,20131029,1.215,1.215,1.2,1.21,172195
GID,20131029,0.84,0.84,0.825,0.825,563670
GIP,20131029,0.005,0.005,0.005,0.005,400000
GJT,20131029,1.545,1.545,1.515,1.515,132450
GLB,20131029,0.36,0.36,0.35,0.35,17250
GLE,20131029,0.26,0.26,0.26,0.26,11000
GLF,20131029,0.001,0.001,0.001,0.001,1000000
GLH,20131029,0.38,0.38,0.37,0.37,45000
GLM,20131029,0.007,0.008,0.007,0.008,299918
GLY,20131029,0.115,0.12,0.115,0.12,95075
GME,20131029,0.02,0.02,0.02,0.02,22000
GMG,20131029,5.04,5.07,5.01,5.05,9353072
GML,20131029,0.095,0.095,0.095,0.095,52631
GMM,20131029,0.021,0.021,0.021,0.021,35000
GMR,20131029,0.012,0.013,0.012,0.013,116000
GMX,20131029,0.018,0.022,0.018,0.022,80000
GNC,20131029,12.31,12.34,12.21,12.34,442240
GNG,20131029,0.695,0.7,0.685,0.7,27406
GNM,20131029,0.077,0.077,0.077,0.077,208775
GOLD,20131029,136.26,137.3,136.2,137.01,5750
GOR,20131029,0.086,0.089,0.086,0.086,104463
GOW,20131029,2.6,2.6,2.6,2.6,11900
GOZ,20131029,2.64,2.66,2.63,2.64,144162
GPG,20131029,0.51,0.51,0.51,0.51,17758
GPT,20131029,3.76,3.76,3.675,3.68,4825323
GRB,20131029,0.25,0.25,0.245,0.25,6122574
GRF,20131029,1.595,1.6,1.595,1.6,16250
GRR,20131029,0.215,0.215,0.207,0.215,582453
GRY,20131029,0.165,0.165,0.16,0.165,907263
GSC,20131029,0.029,0.03,0.027,0.03,627501
GSE,20131029,0.005,0.006,0.005,0.006,415000
GSZ,20131029,0.024,0.024,0.024,0.024,20900
GTE,20131029,0.14,0.145,0.14,0.145,115438
GTG,20131029,0.071,0.071,0.07,0.07,369052
GUD,20131029,6.26,6.3,6.23,6.28,198038
GUF,20131029,0.095,0.098,0.095,0.098,475279
GUL,20131029,0.03,0.03,0.03,0.03,345000
GWA,20131029,3.13,3.21,3.08,3.08,720409
GWR,20131029,0.15,0.15,0.15,0.15,17280
GXL,20131029,6.11,6.5,6.07,6.3,68510
GXY,20131029,0.061,0.064,0.06,0.064,10181901
GZL,20131029,2.85,2.9,2.85,2.9,19000
HAO,20131029,0.32,0.32,0.29,0.29,174005
HAR,20131029,0.079,0.08,0.079,0.08,59800
HAS,20131029,0.06,0.065,0.06,0.064,1187780
HAV,20131029,0.3,0.3,0.3,0.3,10000
HAW,20131029,0.065,0.066,0.055,0.066,212852
HAZ,20131029,0.05,0.051,0.049,0.05,5500525
HCH,20131029,0.525,0.545,0.505,0.52,761781
HCT,20131029,0.095,0.095,0.095,0.095,11500
HDG,20131029,0.035,0.035,0.035,0.035,100000
HFA,20131029,0.76,0.76,0.75,0.76,21095
HFR,20131029,0.385,0.385,0.38,0.38,144423
HGG,20131029,3.5,3.58,3.5,3.54,6420259
HGO,20131029,0.092,0.092,0.089,0.09,4686230
HHL,20131029,2.36,2.38,2.35,2.38,15586
HHV,20131029,0.995,1,0.99,0.99,181140
HHY,20131029,0.34,0.345,0.34,0.345,42585
HIL,20131029,1.85,1.867,1.825,1.85,779867
HLX,20131029,0.037,0.037,0.037,0.037,7135
HNG,20131029,0.53,0.55,0.53,0.55,30445
HOM,20131029,0.95,0.95,0.95,0.95,25000
HOR,20131029,0.05,0.05,0.05,0.05,59000
HRR,20131029,0.135,0.135,0.135,0.135,39492
HSN,20131029,1.1,1.115,1.1,1.115,82889
HTA,20131029,0.087,0.09,0.085,0.088,465936
HUB,20131029,1.445,1.445,1.435,1.435,7841
HVN,20131029,3.2,3.22,3.11,3.14,3789427
HZN,20131029,0.34,0.34,0.33,0.33,1742620
IAA,20131029,49.79,50.51,49.79,50.41,10895
IAB,20131029,1.36,1.38,1.36,1.38,4082
IAF,20131029,100.8,100.95,100.8,100.95,959
IAG,20131029,5.92,5.94,5.875,5.94,5302812
IAU,20131029,0.305,0.31,0.3,0.305,2543071
IAW,20131029,0.085,0.085,0.085,0.085,100000
IBC,20131029,0.565,0.565,0.555,0.555,10000
IBG,20131029,0.056,0.062,0.056,0.058,1746819
IBK,20131029,40.6,40.66,40.29,40.66,3101
ICG,20131029,0.036,0.038,0.035,0.038,1447605
ICN,20131029,0.145,0.15,0.145,0.145,84280
ICP,20131029,0.062,0.062,0.062,0.062,5000
ICQ,20131029,0.98,1,0.9,0.94,582419
ICX,20131029,0.091,0.091,0.09,0.09,71616
IDC,20131029,0.061,0.065,0.061,0.061,904572
IDO,20131029,0.045,0.045,0.045,0.045,550000
IDT,20131029,0.38,0.38,0.38,0.38,57075
IDZ,20131029,0.545,0.545,0.5,0.5,73430
IEM,20131029,45.2,45.22,44.99,45.07,8057
IEU,20131029,48.8,49.08,48.65,48.95,35270
IFE,20131029,0.22,0.23,0.2,0.21,371283
IFL,20131029,9.3,9.3,8.92,8.93,810319
IFM,20131029,0.61,0.61,0.59,0.6,342982
IFN,20131029,0.265,0.27,0.265,0.265,111066
IGO,20131029,3.98,3.99,3.72,3.84,842029
IHD,20131029,17.59,17.59,17.39,17.42,30498
IHK,20131029,21.29,21.34,21.15,21.15,2653
IIN,20131029,6.43,6.5,6.37,6.47,376062
IJH,20131029,135.75,135.75,135.75,135.75,300
IJP,20131029,12.44,12.62,12.42,12.58,11627
IJR,20131029,109.7,110.37,109.7,110.37,156
IKO,20131029,68,68.29,68,68.29,168
IKW,20131029,0.024,0.025,0.023,0.025,900000
ILC,20131029,25.15,25.15,24.79,24.8,51619
ILU,20131029,10.06,10.17,10.02,10.13,1912904
IMC,20131029,0.008,0.008,0.007,0.007,1671869
IMD,20131029,0.83,0.83,0.755,0.78,432865
IMF,20131029,1.81,1.835,1.8,1.81,304480
IMU,20131029,0.02,0.023,0.02,0.022,26397576
INA,20131029,0.53,0.53,0.505,0.51,925006
INL,20131029,0.01,0.01,0.01,0.01,297291
IOF,20131029,3.11,3.13,3.11,3.13,2468773
IOH,20131029,0.91,0.91,0.91,0.91,10000
IOO,20131029,79.06,79.33,78.71,79.29,10220
IOZ,20131029,23.47,23.47,23.36,23.36,25317
IPE,20131029,0.445,0.45,0.44,0.44,119000
IPL,20131029,2.64,2.66,2.62,2.64,4572786
IPP,20131029,1.9,1.9,1.77,1.815,584326
IPT,20131029,0.042,0.042,0.04,0.041,790800
IRD,20131029,0.285,0.31,0.285,0.31,166736
IRE,20131029,9.94,9.94,9.7,9.9,1085262
IRI,20131029,0.945,0.95,0.9,0.91,144288
IRL,20131029,0.004,0.004,0.004,0.004,83400
IRM,20131029,0.035,0.035,0.035,0.035,13333
IRN,20131029,0.165,0.165,0.152,0.16,1399239
IRU,20131029,116.86,116.86,116.86,116.86,427
ISG,20131029,14.51,14.51,14.5,14.5,2288
ISN,20131029,0.72,0.73,0.7,0.7,278183
ISO,20131029,4.11,4.14,4.09,4.1,32891
ISU,20131029,1.37,1.39,1.37,1.385,687844
ITD,20131029,0.3,0.3,0.3,0.3,28442
ITW,20131029,15.15,15.16,15.15,15.16,1319
IVA,20131029,0.215,0.225,0.215,0.225,2256727
IVC,20131029,10.95,10.97,10.81,10.82,127500
IVE,20131029,69.91,69.91,69.44,69.8,3925
IVR,20131029,0.06,0.062,0.06,0.061,196667
IVV,20131029,186,186.85,185.8,186.85,17778
IVX,20131029,0.11,0.115,0.107,0.11,1325793
IXI,20131029,91.56,91.82,91.27,91.27,1173
IXJ,20131029,87.16,87.29,87.11,87.29,1262
IXP,20131029,71.97,72,71.97,72,259
IXR,20131029,0.065,0.069,0.065,0.069,96493
IZZ,20131029,38.26,38.9,38.26,38.8,16995
JAT,20131029,0.026,0.026,0.025,0.025,101762
JBH,20131029,20.55,20.75,20.46,20.54,322366
JHX,20131029,10.58,10.65,10.53,10.6,679227
JIN,20131029,2.65,2.65,2.51,2.51,234947
JKA,20131029,0.08,0.08,0.075,0.075,637000
JMS,20131029,0.054,0.056,0.053,0.055,620818
JPR,20131029,0.42,0.42,0.42,0.42,33334
JRV,20131029,0.03,0.03,0.03,0.03,21283
JVG,20131029,0.003,0.003,0.003,0.003,1000000
JYC,20131029,0.505,0.505,0.505,0.505,10000
KAM,20131029,0.66,0.685,0.66,0.67,61350
KAR,20131029,4.49,4.52,4.43,4.44,339478
KAS,20131029,0.155,0.16,0.15,0.155,184824
KAT,20131029,0.81,0.81,0.81,0.81,30482
KBC,20131029,0.135,0.135,0.135,0.135,423719
KBL,20131029,0.043,0.045,0.043,0.045,500000
KCN,20131029,1.55,1.575,1.53,1.53,986038
KDL,20131029,0.66,0.66,0.64,0.65,177603
KDR,20131029,0.22,0.23,0.22,0.23,699550
KEN,20131029,0.014,0.014,0.013,0.013,1177000
KEY,20131029,0.011,0.011,0.01,0.01,500000
KFE,20131029,0.09,0.09,0.083,0.083,298654
KGD,20131029,0.11,0.11,0.11,0.11,18223
KGL,20131029,0.096,0.096,0.096,0.096,20836
KGM,20131029,0.033,0.033,0.033,0.033,16524
KIN,20131029,0.29,0.29,0.27,0.27,34442
KIS,20131029,0.09,0.092,0.09,0.092,120000
KKL,20131029,0.007,0.008,0.007,0.008,678000
KKO,20131029,0.15,0.15,0.15,0.15,50000
KMD,20131029,3.25,3.41,3.22,3.35,1029927
KME,20131029,0.205,0.205,0.205,0.205,151400
KNH,20131029,0.16,0.16,0.16,0.16,30000
KNL,20131029,0.085,0.085,0.085,0.085,55000
KOR,20131029,0.029,0.029,0.028,0.028,100000
KOV,20131029,5.73,5.75,5.73,5.75,2000
KPL,20131029,0.44,0.44,0.44,0.44,10000
KPR,20131029,0.11,0.115,0.11,0.115,39102
KRC,20131029,0.115,0.115,0.11,0.115,255533
KRM,20131029,0.405,0.41,0.395,0.4,100930
KSC,20131029,1.73,1.73,1.7,1.7,5000
KSN,20131029,0.05,0.05,0.05,0.05,20000
KTE,20131029,0.013,0.013,0.012,0.012,453873
LBL,20131029,0.12,0.12,0.12,0.12,118607
LBY,20131029,0.05,0.053,0.05,0.053,34109
LCM,20131029,2.03,2.03,1.92,1.92,693329
LCT,20131029,0.088,0.088,0.084,0.084,301597
LCY,20131029,0.047,0.05,0.047,0.047,370300
LEG,20131029,0.012,0.012,0.012,0.012,1340585
LEI,20131029,17.88,17.89,17.6,17.64,709987
LEP,20131029,2.7,2.71,2.64,2.68,116653
LER,20131029,0.04,0.04,0.04,0.04,34350
LFC,20131029,0.072,0.072,0.072,0.072,600000
LGD,20131029,0.34,0.35,0.325,0.335,239300
LIC,20131029,1.05,1.07,1.05,1.07,76670
LIN,20131029,0.01,0.01,0.01,0.01,358182
LKO,20131029,0.004,0.005,0.004,0.004,3911793
LLC,20131029,11.12,11.28,11.12,11.16,1539579
LLO,20131029,0.3,0.3,0.3,0.3,7178
LMB,20131029,0.1,0.1,0.09,0.09,75668
LMR,20131029,0.036,0.036,0.036,0.036,50000
LMW,20131029,0.46,0.46,0.46,0.46,2000
LNC,20131029,1.415,1.442,1.385,1.39,3493150
LNG,20131029,0.345,0.345,0.31,0.335,1172521
LNR,20131029,0.275,0.275,0.275,0.275,121325
LOM,20131029,0.006,0.007,0.006,0.007,771499
LRG,20131029,0.215,0.225,0.215,0.22,32891
LRL,20131029,0.135,0.135,0.135,0.135,20670
LRR,20131029,0.003,0.003,0.003,0.003,62817
LRS,20131029,0.06,0.06,0.055,0.055,335667
LSR,20131029,0.012,0.012,0.012,0.012,51500
LSX,20131029,0.555,0.555,0.555,0.555,25000
LTN,20131029,0.076,0.076,0.076,0.076,221000
LYC,20131029,0.36,0.36,0.345,0.35,4983461
LYL,20131029,4.85,4.93,4.85,4.93,12866
MAB,20131029,0.48,0.48,0.46,0.46,9298
MAD,20131029,0.54,0.56,0.52,0.535,975662
MAH,20131029,0.145,0.15,0.14,0.14,6024963
MAK,20131029,0.155,0.155,0.155,0.155,18945
MAQ,20131029,8.88,8.88,8.84,8.84,44
MAR,20131029,0.007,0.007,0.006,0.006,701100
MAT,20131029,0.27,0.285,0.27,0.275,31599
MAU,20131029,0.13,0.13,0.13,0.13,5000
MBE,20131029,0.28,0.28,0.25,0.25,5829723
MBK,20131029,0.02,0.02,0.02,0.02,294252
MBO,20131029,0.032,0.032,0.032,0.032,100000
MBT,20131029,0.05,0.05,0.05,0.05,400
MCE,20131029,0.69,0.7,0.69,0.69,8295
MCP,20131029,1.34,1.34,1.31,1.31,45479
MCR,20131029,0.58,0.595,0.575,0.575,123440
MCX,20131029,0.096,0.1,0.096,0.1,2844
MDL,20131029,3.25,3.57,3.25,3.47,75407
MDS,20131029,0.001,0.001,0.001,0.001,1980000
MED,20131029,0.125,0.125,0.115,0.115,14000
MEI,20131029,0.032,0.032,0.03,0.03,290320
MEL,20131029,0.135,0.14,0.13,0.14,641050
MEO,20131029,0.071,0.072,0.07,0.072,1430225
MEU,20131029,0.018,0.018,0.018,0.018,84434
MFC,20131029,0.006,0.006,0.006,0.006,75000
MFF,20131029,1.465,1.465,1.45,1.46,233527
MFG,20131029,11.17,11.17,10.98,11.07,261464
MGL,20131029,0.022,0.022,0.022,0.022,12700
MGR,20131029,1.74,1.75,1.717,1.735,12399716
MGS,20131029,0.05,0.05,0.05,0.05,2062
MGV,20131029,0.07,0.071,0.07,0.071,165000
MGX,20131029,0.87,0.89,0.865,0.885,7762729
MGZ,20131029,0.038,0.038,0.038,0.038,13462
MHM,20131029,0.084,0.09,0.084,0.09,292993
MIN,20131029,11.48,11.54,11.27,11.39,545162
MIO,20131029,2.12,2.12,2.1,2.11,20854
MIR,20131029,2.66,2.67,2.6,2.6,74262
MIX,20131029,0.135,0.14,0.135,0.135,2455077
MIZ,20131029,0.006,0.009,0.006,0.008,12843544
MKB,20131029,0.215,0.225,0.21,0.215,3294634
MLB,20131029,1.64,1.64,1.62,1.62,62958
MLD,20131029,2.58,2.6,2.55,2.59,34084
MLS,20131029,0.016,0.017,0.016,0.016,515000
MLT,20131029,4.25,4.29,4.2,4.2,239450
MLX,20131029,0.16,0.16,0.155,0.16,532966
MMC,20131029,0.026,0.026,0.024,0.024,8396587
MML,20131029,2.19,2.19,2.06,2.09,1182699
MMR,20131029,0.061,0.061,0.061,0.061,59469
MMS,20131029,13.1,13.1,12.79,12.81,447611
MMX,20131029,0.05,0.05,0.049,0.049,196974
MNB,20131029,0.012,0.012,0.012,0.012,320000
MNC,20131029,0.042,0.042,0.033,0.036,6067266
MND,20131029,18.9,18.91,18.28,18.28,426046
MNE,20131029,0.028,0.028,0.026,0.026,1471023
MNF,20131029,1.54,1.54,1.495,1.495,137899
MNM,20131029,0.027,0.027,0.027,0.027,37906
MNW,20131029,0.38,0.38,0.35,0.35,2619896
MNY,20131029,1.025,1.025,0.98,1,250516
MNZ,20131029,0.028,0.028,0.022,0.023,3349579
MOC,20131029,2.93,2.96,2.91,2.94,80039
MOL,20131029,0.12,0.13,0.115,0.13,188454
MOO,20131029,0.006,0.006,0.005,0.005,2065020
MOT,20131029,0.001,0.001,0.001,0.001,154000
MOU,20131029,0.008,0.008,0.007,0.007,430285
MOY,20131029,0.255,0.275,0.255,0.275,487821
MPE,20131029,0.015,0.015,0.015,0.015,60000
MPO,20131029,0.19,0.195,0.19,0.195,120265
MPS,20131029,0.07,0.07,0.07,0.07,36600
MQA,20131029,2.84,2.84,2.7,2.73,593151
MQG,20131029,51.9,52.02,51.54,51.79,866385
MRM,20131029,3.71,3.72,3.66,3.67,541979
MRN,20131029,1.45,1.46,1.45,1.45,37000
MRP,20131029,0.2,0.2,0.2,0.2,96988
MRV,20131029,0.003,0.003,0.003,0.003,58000
MRX,20131029,0.005,0.005,0.005,0.005,100000
MRY,20131029,0.019,0.019,0.019,0.019,95631
MSB,20131029,5.98,5.98,5.84,5.84,183660
MSC,20131029,0.002,0.002,0.002,0.002,1153427
MTA,20131029,0.125,0.13,0.125,0.125,69597
MTE,20131029,0.033,0.033,0.031,0.031,646501
MTH,20131029,0.012,0.012,0.01,0.01,1092941
MTI,20131029,0.002,0.002,0.002,0.002,4538989
MTN,20131029,0.029,0.031,0.029,0.03,296950
MTS,20131029,3.21,3.31,3.21,3.31,4781159
MTU,20131029,6.33,6.35,6.2,6.2,570579
MUE,20131029,0.051,0.051,0.05,0.05,70000
MUM,20131029,0.01,0.01,0.01,0.01,30000
MVB,20131029,26.77,26.77,26.73,26.73,2950
MVP,20131029,1.38,1.385,1.3,1.35,57368
MVT,20131029,0.14,0.14,0.135,0.135,332015
MWR,20131029,1.8,1.8,1.78,1.78,15000
MWS,20131029,0.007,0.008,0.007,0.008,1336000
MXI,20131029,1.19,1.19,1.16,1.16,193269
MXQ,20131029,0.155,0.155,0.155,0.155,51118
MXR,20131029,0.003,0.003,0.003,0.003,300000
MYA,20131029,0.005,0.006,0.005,0.006,1150000
MYE,20131029,1.08,1.085,1.06,1.06,22937
MYG,20131029,0.033,0.033,0.033,0.033,7400
MYR,20131029,2.47,2.48,2.4,2.41,4531400
MYS,20131029,5,5,4.8,4.8,42151
MYT,20131029,1.895,1.91,1.885,1.91,748013
MYX,20131029,0.72,0.725,0.7,0.7,783186
MZI,20131029,0.014,0.014,0.014,0.014,732286
NAB,20131029,36.81,37.07,36.53,36.68,4944739
NAE,20131029,0.06,0.06,0.059,0.059,183000
NAM,20131029,0.27,0.27,0.27,0.27,20000
NAN,20131029,0.81,0.85,0.81,0.85,171979
NCC,20131029,1.13,1.14,1.13,1.14,52838
NCK,20131029,2.93,2.93,2.93,2.93,9375
NCM,20131029,11.01,11.03,10.87,10.9,1941587
NCO,20131029,0.01,0.01,0.01,0.01,58825
NCR,20131029,0.074,0.074,0.074,0.074,76000
NDO,20131029,0.045,0.045,0.044,0.044,112045
NEA,20131029,0.58,0.585,0.55,0.565,741530
NEN,20131029,0.305,0.305,0.29,0.29,1306713
NEU,20131029,0.115,0.125,0.115,0.12,12670908
NFE,20131029,0.25,0.29,0.24,0.27,2439754
NGE,20131029,0.024,0.024,0.021,0.021,430000
NGF,20131029,0.14,0.14,0.14,0.14,21500
NHC,20131029,3.78,3.79,3.74,3.74,200091
NHF,20131029,2.45,2.47,2.45,2.45,414323
NHO,20131029,0.02,0.02,0.02,0.02,300000
NMS,20131029,0.043,0.045,0.043,0.045,401676
NNW,20131029,0.405,0.405,0.37,0.38,940787
NOD,20131029,0.078,0.078,0.073,0.073,571688
NOE,20131029,0.19,0.19,0.19,0.19,4300
NPX,20131029,3,3,3,3,102300
NRT,20131029,0.25,0.26,0.235,0.26,715439
NSE,20131029,0.14,0.14,0.135,0.14,402030
NSL,20131029,0.01,0.01,0.009,0.009,527005
NSP,20131029,0.05,0.05,0.05,0.05,9999
NTC,20131029,0.23,0.24,0.23,0.24,172436
NTM,20131029,0.038,0.038,0.037,0.037,45782
NTU,20131029,0.22,0.22,0.22,0.22,191175
NUF,20131029,4.8,4.86,4.73,4.8,393830
NVG,20131029,0.011,0.012,0.011,0.012,630000
NVT,20131029,5.54,5.91,5.51,5.9,2672689
NWE,20131029,0.016,0.016,0.015,0.015,310591
NWH,20131029,1.45,1.45,1.415,1.42,1041584
NWR,20131029,0.019,0.019,0.019,0.019,335966
NWS,20131029,18.44,18.6,18.44,18.57,314020
NWT,20131029,0.565,0.565,0.515,0.535,24000449
NXM,20131029,0.056,0.056,0.055,0.055,290000
NXR,20131029,0.015,0.015,0.014,0.014,108627
NXS,20131029,0.083,0.085,0.079,0.079,4988721
NXT,20131029,2.51,2.51,2.48,2.49,554858
OBJ,20131029,0.019,0.019,0.018,0.019,2611737
OBL,20131029,0.018,0.018,0.018,0.018,55000
OBS,20131029,0.365,0.365,0.365,0.365,2822
OCL,20131029,0.56,0.58,0.56,0.58,34000
OEC,20131029,0.17,0.17,0.17,0.17,2871
OEG,20131029,0.058,0.058,0.058,0.058,92106
OEX,20131029,0.05,0.05,0.05,0.05,70000
OFX,20131029,2.57,2.61,2.56,2.56,1037902
OGC,20131029,1.48,1.48,1.445,1.47,347645
OGX,20131029,0.15,0.15,0.135,0.135,251211
OGY,20131029,0.02,0.022,0.02,0.022,114459
OIL,20131029,0.057,0.057,0.057,0.057,23728
OKN,20131029,1.76,1.77,1.75,1.75,30524
OMH,20131029,0.32,0.325,0.315,0.32,1041243
ONC,20131029,0.175,0.175,0.17,0.17,34243
ONT,20131029,6.51,6.51,6.5,6.51,1613
OOO,20131029,50.85,50.85,50.85,50.85,980
ORE,20131029,2.5,2.52,2.48,2.51,256214
ORG,20131029,14.5,14.53,14.2,14.26,2639370
ORI,20131029,21.11,21.14,20.88,20.96,928435
ORL,20131029,5.52,5.56,5.38,5.38,59574
ORS,20131029,0.084,0.084,0.083,0.083,101000
OSH,20131029,8.5,8.51,8.4,8.41,1939896
OSL,20131029,0.125,0.13,0.125,0.13,379116
OSP,20131029,0.73,0.73,0.715,0.715,64500
OTC,20131029,0.1,0.11,0.1,0.11,343115
OTE,20131029,0.001,0.001,0.001,0.001,500000
OTH,20131029,0.76,0.77,0.75,0.77,408566
OVL,20131029,0.018,0.018,0.018,0.018,65000
OZF,20131029,21.39,21.45,21.28,21.28,8960
OZG,20131029,0.195,0.195,0.195,0.195,193240
OZL,20131029,3.73,3.74,3.66,3.67,1627295
OZR,20131029,10.32,10.32,10.3,10.3,2507
PAA,20131029,0.012,0.013,0.012,0.012,8922465
PAN,20131029,0.345,0.345,0.335,0.345,309232
PBD,20131029,0.017,0.017,0.015,0.015,1367428
PBG,20131029,0.7,0.715,0.692,0.71,2564295
PBP,20131029,0.355,0.36,0.355,0.36,77600
PBT,20131029,0.385,0.39,0.38,0.38,71700
PCL,20131029,0.065,0.065,0.061,0.065,784990
PDN,20131029,0.435,0.435,0.415,0.415,8262466
PDZ,20131029,0.3,0.3,0.3,0.3,20000
PEA,20131029,0.415,0.415,0.415,0.415,31300
PEK,20131029,0.097,0.097,0.095,0.095,431945
PEL,20131029,0.009,0.009,0.008,0.008,137000
PEM,20131029,0.33,0.34,0.33,0.335,1756938
PEN,20131029,0.024,0.024,0.023,0.023,6761660
PFG,20131029,0.135,0.135,0.125,0.125,319000
PFL,20131029,1.36,1.365,1.36,1.365,83877
PGC,20131029,0.455,0.455,0.45,0.45,25000
PGI,20131029,0.063,0.063,0.06,0.061,816251
PGL,20131029,0.22,0.22,0.22,0.22,5095
PGM,20131029,0.059,0.059,0.059,0.059,315738
PGO,20131029,0.11,0.11,0.11,0.11,10000
PGS,20131029,0.025,0.025,0.024,0.025,533000
PHG,20131029,0.1,0.1,0.098,0.098,34771
PIO,20131029,0.015,0.017,0.015,0.017,220700
PIR,20131029,1.15,1.22,1.15,1.195,1669352
PKO,20131029,0.007,0.007,0.007,0.007,100000
PLD,20131029,0.007,0.007,0.007,0.007,57142
PLH,20131029,0.09,0.09,0.09,0.09,50000
PLP,20131029,0.002,0.002,0.002,0.002,2939999
PLS,20131029,0.013,0.014,0.013,0.014,1195000
PLV,20131029,0.073,0.073,0.065,0.066,1404825
PMC,20131029,1.675,1.69,1.67,1.68,398510
PME,20131029,0.62,0.62,0.59,0.59,12380
PMP,20131029,0.44,0.44,0.425,0.43,76468
PMQ,20131029,0.03,0.03,0.03,0.03,309100
PMV,20131029,7.91,7.93,7.81,7.81,172532
PMY,20131029,0.019,0.02,0.019,0.02,800000
PNA,20131029,2.06,2.08,2.03,2.06,1619900
PNL,20131029,0.25,0.26,0.25,0.25,115000
PNR,20131029,0.073,0.073,0.071,0.071,45000
POH,20131029,0.16,0.16,0.145,0.145,3771402
POK,20131029,0.093,0.096,0.093,0.095,61000
POS,20131029,0.1,0.1,0.098,0.098,165221
PPC,20131029,1.52,1.52,1.46,1.46,95844
PPG,20131029,0.445,0.46,0.445,0.46,55978
PPK,20131029,0.68,0.7,0.68,0.7,51509
PPM,20131029,5.98,6.03,5.97,6,170722
PPP,20131029,0.115,0.115,0.11,0.115,401320
PPS,20131029,0.16,0.16,0.15,0.16,692515
PPT,20131029,45.8,46.18,45.37,45.9,333613
PPX,20131029,0.056,0.056,0.053,0.054,547278
PPY,20131029,0.018,0.018,0.018,0.018,25000
PRA,20131029,0.025,0.025,0.025,0.025,15000
PRG,20131029,2.85,2.86,2.8,2.83,169407
PRL,20131029,0.155,0.165,0.15,0.16,926292
PRO,20131029,0.675,0.68,0.675,0.68,15000
PRR,20131029,0.039,0.04,0.038,0.039,1563769
PRT,20131029,1.025,1.05,1.015,1.02,53049
PRU,20131029,0.6,0.605,0.525,0.53,12946020
PRY,20131029,4.96,4.96,4.87,4.87,1185120
PSF,20131029,0.018,0.018,0.018,0.018,110002
PSH,20131029,0.06,0.06,0.056,0.056,19490
PSP,20131029,0.008,0.008,0.008,0.008,18000
PTB,20131029,0.35,0.35,0.35,0.35,22491
PTL,20131029,0.027,0.028,0.027,0.027,1976000
PTM,20131029,6.01,6.02,5.96,6.01,1226039
PTR,20131029,0.011,0.011,0.01,0.01,80668
PVD,20131029,0.715,0.74,0.71,0.72,216052
PVM,20131029,0.345,0.365,0.345,0.35,81532
PWN,20131029,0.12,0.12,0.12,0.12,126000
PXG,20131029,0.185,0.195,0.185,0.19,468175
PXS,20131029,0.12,0.125,0.12,0.12,304735
PXT,20131029,0.22,0.22,0.21,0.21,60439
PYC,20131029,0.02,0.021,0.018,0.021,6337900
PYM,20131029,0.018,0.018,0.018,0.018,100000
PZC,20131029,0.03,0.03,0.03,0.03,6800
QAN,20131029,1.305,1.305,1.28,1.29,8960858
QAU,20131029,14,14.08,14,14.08,1477
QBE,20131029,14.5,14.635,14.46,14.52,2971176
QFN,20131029,11.51,11.51,11.48,11.49,11132
QFX,20131029,0.015,0.016,0.015,0.016,12214894
QHL,20131029,0.255,0.255,0.235,0.24,952747
QMN,20131029,0.011,0.011,0.011,0.011,1874664
QOZ,20131029,12.32,12.33,12.3,12.31,11772
QPN,20131029,0.002,0.002,0.002,0.002,1400000
QRE,20131029,5.82,5.82,5.76,5.76,21349
QRL,20131029,0.007,0.007,0.006,0.007,821077
QRX,20131029,0.7,0.75,0.7,0.73,53056
QTG,20131029,0.022,0.022,0.02,0.02,435309
QUB,20131029,2.19,2.2,2.15,2.16,1309784
QUR,20131029,0.002,0.002,0.001,0.001,209842
RAU,20131029,0.011,0.011,0.011,0.011,2500
RCB,20131029,20.48,20.49,20.39,20.49,38909
RCF,20131029,0.018,0.018,0.018,0.018,7474
RCG,20131029,0.74,0.74,0.73,0.74,79836
RCP,20131029,0.003,0.003,0.003,0.003,876600
RCR,20131029,3.89,3.89,3.73,3.75,466801
RCT,20131029,2.65,2.66,2.65,2.66,11800
RCU,20131029,0.34,0.34,0.34,0.34,2460
RDF,20131029,1.24,1.25,1.2,1.2,84694
RDG,20131029,0.035,0.035,0.035,0.035,25000
RDH,20131029,0.74,0.74,0.74,0.74,17000
RDM,20131029,0.145,0.145,0.145,0.145,8000
RDR,20131029,0.022,0.022,0.022,0.022,178683
RDV,20131029,29.6,29.67,29.59,29.6,7343
REA,20131029,41.13,41.25,40.43,40.62,462782
REF,20131029,0.055,0.056,0.055,0.056,9650
REH,20131029,27,27.55,27,27,8609
RES,20131029,0.23,0.23,0.22,0.225,122000
REX,20131029,1.04,1.04,1.035,1.035,35200
REY,20131029,0.1,0.11,0.089,0.092,1673097
RFE,20131029,0.525,0.525,0.5,0.505,694815
RFL,20131029,0.275,0.275,0.26,0.26,1537681
RFT,20131029,0.003,0.003,0.003,0.003,5111166
RFX,20131029,0.11,0.11,0.1,0.11,745606
RGS,20131029,0.245,0.245,0.245,0.245,22050
RGX,20131029,0.017,0.017,0.017,0.017,75609
RHC,20131029,39.47,39.78,38.8,38.9,520432
RHG,20131029,0.49,0.495,0.49,0.495,2398980
RHL,20131029,3.42,3.42,3.34,3.37,26416
RIA,20131029,0.043,0.043,0.042,0.042,3933383
RIC,20131029,0.86,0.86,0.845,0.85,468346
RIM,20131029,0.038,0.038,0.035,0.035,190198
RIO,20131029,63.67,63.74,63.03,63.41,1823271
RIS,20131029,0.085,0.085,0.085,0.085,12000
RKN,20131029,2.39,2.43,2.37,2.4,80608
RMD,20131029,5.26,5.33,5.24,5.31,15476280
RMR,20131029,0.015,0.015,0.015,0.015,60001
RMS,20131029,0.14,0.14,0.135,0.14,609536
RMX,20131029,0.006,0.006,0.005,0.005,425200
RNC,20131029,0.32,0.32,0.32,0.32,4200
RND,20131029,0.515,0.515,0.515,0.515,5000
RNI,20131029,0.06,0.07,0.06,0.065,462500
RNY,20131029,0.29,0.295,0.29,0.295,167846
ROC,20131029,0.505,0.507,0.5,0.5,363061
ROL,20131029,0.34,0.34,0.34,0.34,176900
RQL,20131029,0.19,0.19,0.165,0.175,313491
RRE,20131029,0.048,0.048,0.048,0.048,50000
RRL,20131029,3.58,3.58,3.455,3.49,2411941
RRS,20131029,0.03,0.031,0.03,0.031,150675
RSG,20131029,0.665,0.67,0.645,0.65,2935977
RTA,20131029,0.21,0.21,0.21,0.21,3000
RTD,20131029,0.055,0.063,0.054,0.06,3568554
RTR,20131029,0.042,0.042,0.04,0.04,40000
RUL,20131029,0.61,0.61,0.61,0.61,20000
RUM,20131029,0.15,0.16,0.15,0.15,479243
RVA,20131029,0.56,0.575,0.54,0.55,204071
RVL,20131029,33.85,33.85,33.85,33.85,60
RWD,20131029,0.27,0.275,0.27,0.275,21500
RWH,20131029,3.53,3.53,3.52,3.52,16064
RXL,20131029,0.038,0.038,0.037,0.038,1578392
RXM,20131029,0.55,0.555,0.5,0.5,454111
RXP,20131029,0.825,0.825,0.805,0.805,943668
RYG,20131029,0.013,0.013,0.012,0.012,322441
SAI,20131029,4.23,4.31,3.96,4.1,1855622
SAR,20131029,0.26,0.26,0.25,0.255,1021157
SAU,20131029,0.015,0.019,0.015,0.019,1187000
SAY,20131029,0.032,0.033,0.032,0.033,580
SBM,20131029,0.53,0.53,0.515,0.515,1158856
SBN,20131029,0.008,0.009,0.008,0.009,3101787
SBR,20131029,0.055,0.056,0.055,0.056,112600
SCC,20131029,0.5,0.5,0.5,0.5,7500
SCD,20131029,1.33,1.35,1.325,1.35,18150
SCI,20131029,0.065,0.067,0.065,0.067,23386
SCP,20131029,1.6,1.6,1.565,1.565,1760292
SDF,20131029,1.7,1.7,1.68,1.69,314521
SDG,20131029,1.745,1.745,1.685,1.685,137830
SDI,20131029,0.55,0.57,0.55,0.57,58440
SDL,20131029,0.11,0.115,0.105,0.105,10957972
SDM,20131029,0.855,0.86,0.84,0.845,96451
SEA,20131029,1.095,1.105,1.08,1.095,1653584
SEH,20131029,0.26,0.26,0.245,0.245,4414045
SEK,20131029,12.96,12.98,12.715,12.8,1824310
SEN,20131029,0.034,0.041,0.034,0.039,12916739
SFC,20131029,5.55,5.55,5.55,5.55,1890
SFH,20131029,0.9,0.9,0.895,0.9,156514
SFP,20131029,0.002,0.002,0.002,0.002,148500
SFR,20131029,6.64,6.67,6.51,6.54,415056
SFW,20131029,0.76,0.77,0.76,0.765,334481
SFX,20131029,0.58,0.58,0.56,0.56,461150
SFY,20131029,55.04,55.08,54.82,54.85,21104
SFZ,20131029,0.077,0.08,0.077,0.08,415000
SGH,20131029,3.76,3.78,3.72,3.72,1596055
SGM,20131029,10.33,10.39,10.25,10.29,689192
SGN,20131029,1.595,1.597,1.57,1.58,463247
SGP,20131029,4,4.06,3.98,4.05,8842493
SGQ,20131029,0.105,0.115,0.1,0.11,312000
SGT,20131029,3.18,3.21,3.17,3.21,785531
SGU,20131029,0.009,0.009,0.009,0.009,10000
SGY,20131029,0.006,0.006,0.006,0.006,150000
SHD,20131029,0.12,0.12,0.12,0.12,8100
SHE,20131029,0.014,0.014,0.013,0.013,103000
SHJ,20131029,1.76,1.79,1.76,1.79,13192
SHL,20131029,15.98,15.99,15.75,15.83,765544
SHV,20131029,4,4.43,4,4.37,173640
SIP,20131029,0.58,0.58,0.565,0.57,3212634
SIR,20131029,2.65,2.68,2.59,2.61,820022
SIV,20131029,8.14,8.17,8.095,8.15,89993
SKC,20131029,3.4,3.47,3.39,3.45,1816679
SKE,20131029,3.63,3.63,3.41,3.58,1057050
SKI,20131029,1.67,1.675,1.66,1.67,2403870
SKT,20131029,5.33,5.39,5.295,5.38,1004104
SLF,20131029,9.6,9.6,9.54,9.58,68674
SLK,20131029,1.405,1.42,1.39,1.42,320272
SLM,20131029,2.12,2.14,2.12,2.14,13202
SLR,20131029,0.82,0.822,0.79,0.79,4211400
SLT,20131029,0.01,0.01,0.009,0.009,35000
SLX,20131029,2.54,2.54,2.46,2.46,51511
SMA,20131029,0.04,0.041,0.04,0.04,5763107
SMC,20131029,0.02,0.02,0.02,0.02,296400
SMD,20131029,0.035,0.035,0.035,0.035,197729
SMI,20131029,0.12,0.12,0.11,0.115,100401
SMN,20131029,0.07,0.075,0.07,0.075,395000
SMR,20131029,0.19,0.195,0.18,0.19,622386
SMX,20131029,4.62,4.67,4.61,4.63,254250
SND,20131029,0.91,0.91,0.91,0.91,2000
SNV,20131029,0.002,0.002,0.002,0.002,212500
SNY,20131029,0.43,0.435,0.43,0.435,129115
SOC,20131029,0.22,0.23,0.22,0.225,552846
SOI,20131029,0.002,0.002,0.002,0.002,1941636
SOL,20131029,15.36,15.37,15.2,15.25,61331
SOM,20131029,1.27,1.29,1.27,1.29,4500
SOP,20131029,0.03,0.03,0.03,0.03,973
SOR,20131029,0.05,0.05,0.05,0.05,15000
SPA,20131029,0.19,0.27,0.15,0.25,5765038
SPI,20131029,0.01,0.01,0.009,0.009,1200000
SPL,20131029,0.885,0.91,0.885,0.9,219486
SPN,20131029,1.23,1.25,1.227,1.25,3690511
SPZ,20131029,0.295,0.295,0.29,0.295,1628563
SRI,20131029,0.06,0.06,0.057,0.059,253562
SRM,20131029,0.32,0.32,0.305,0.305,2299703
SRQ,20131029,0.012,0.012,0.009,0.009,3108667
SRV,20131029,3.85,3.97,3.85,3.97,154422
SRX,20131029,12.39,12.41,12.3,12.32,187353
SRZ,20131029,0.057,0.057,0.055,0.055,55000
SSM,20131029,0.24,0.24,0.23,0.23,571596
SSN,20131029,0.026,0.026,0.026,0.026,166811
SSO,20131029,12.1,12.1,12,12.01,7879
SST,20131029,30.5,30.5,30.5,30.5,158
STE,20131029,0.043,0.043,0.041,0.041,194047
STO,20131029,15.06,15.07,14.855,14.97,3438656
STS,20131029,0.495,0.5,0.49,0.49,51792
STW,20131029,51.56,51.56,51.25,51.31,87851
STX,20131029,0.087,0.088,0.087,0.088,160686
SUD,20131029,0.032,0.034,0.031,0.031,2622500
SUL,20131029,13.51,13.6,13.15,13.25,496352
SUM,20131029,0.125,0.125,0.125,0.125,34535
SUN,20131029,13.23,13.41,13.195,13.37,2905771
SUR,20131029,0.035,0.035,0.033,0.033,1218938
SVL,20131029,0.017,0.017,0.017,0.017,503502
SVW,20131029,8.14,8.21,8.055,8.06,308582
SWE,20131029,0.2,0.2,0.195,0.195,113000
SWJ,20131029,0.14,0.14,0.14,0.14,8000
SWK,20131029,0.32,0.325,0.32,0.325,679401
SWL,20131029,1.35,1.35,1.34,1.34,49750
SWM,20131029,2.39,2.48,2.385,2.44,1740943
SXE,20131029,1.1,1.105,1.09,1.09,199383
SXG,20131029,0.015,0.016,0.014,0.015,1627556
SXI,20131029,0.036,0.036,0.036,0.036,940000
SXL,20131029,1.905,1.905,1.875,1.895,2022794
SXT,20131029,0.07,0.07,0.065,0.065,118000
SXX,20131029,0.004,0.004,0.004,0.004,5200
SXY,20131029,0.78,0.79,0.77,0.78,1704822
SYD,20131029,4.15,4.15,4.1,4.14,3660284
SYI,20131029,31.06,31.06,30.86,30.92,8169
SYP,20131029,0.019,0.021,0.019,0.021,2235573
SYR,20131029,2.91,2.96,2.87,2.91,85171
TAH,20131029,3.57,3.625,3.57,3.61,2899108
TAM,20131029,0.055,0.055,0.052,0.055,715528
TAN,20131029,0.49,0.495,0.49,0.49,118871
TAP,20131029,0.55,0.555,0.55,0.555,61934
TAR,20131029,0.015,0.015,0.015,0.015,75000
TAS,20131029,0.061,0.061,0.06,0.06,75600
TAW,20131029,0.029,0.031,0.028,0.031,6258051
TBR,20131029,2.85,3,2.85,2.99,52609
TCL,20131029,7.06,7.07,6.95,7,4576173
TCN,20131029,0.084,0.084,0.074,0.074,1773655
TDO,20131029,0.093,0.093,0.093,0.093,50000
TEG,20131029,0.011,0.011,0.01,0.01,600000
TEL,20131029,2.01,2.01,1.98,1.98,1999937
TEN,20131029,0.27,0.275,0.265,0.27,6259814
TEX,20131029,0.053,0.053,0.053,0.053,47325
TEY,20131029,0.035,0.035,0.035,0.035,40000
TFC,20131029,0.785,0.79,0.76,0.76,185181
TGA,20131029,2.53,2.53,2.48,2.48,226411
TGG,20131029,1.265,1.275,1.26,1.27,291849
TGP,20131029,0.72,0.74,0.72,0.74,1087250
TGR,20131029,3.27,3.31,3.25,3.27,477404
TGS,20131029,0.395,0.4,0.385,0.395,3442645
TGZ,20131029,0.65,0.65,0.625,0.625,149628
THR,20131029,0.006,0.006,0.005,0.005,246907
TIG,20131029,0.19,0.19,0.19,0.19,150000
TIS,20131029,0.25,0.255,0.23,0.25,118204
TIX,20131029,2.08,2.09,2.08,2.09,171692
TLG,20131029,0.075,0.075,0.07,0.07,493876
TLM,20131029,0.135,0.135,0.135,0.135,128922
TLS,20131029,5.14,5.17,5.13,5.16,22123698
TLU,20131029,0.07,0.07,0.07,0.07,70000
TME,20131029,3.99,4,3.93,3.93,2096329
TMK,20131029,0.001,0.001,0.001,0.001,1000000
TNE,20131029,2.18,2.18,2.1,2.1,184009
TNG,20131029,0.045,0.045,0.045,0.045,350000
TNR,20131029,0.004,0.004,0.004,0.004,80770
TOE,20131029,0.086,0.087,0.084,0.084,247124
TOL,20131029,5.66,5.76,5.63,5.75,2634640
TON,20131029,0.062,0.063,0.06,0.06,1115535
TOX,20131029,3.3,3.34,3.28,3.3,81871
TPD,20131029,0.038,0.038,0.038,0.038,63636
TPI,20131029,1.06,1.06,1.04,1.04,1512756
TPM,20131029,4.58,4.71,4.56,4.62,732800
TPR,20131029,0.075,0.075,0.065,0.065,23000
TPT,20131029,0.29,0.295,0.285,0.285,1039654
TRF,20131029,0.125,0.13,0.125,0.13,237000
TRG,20131029,9.5,9.5,9.16,9.16,16505
TRO,20131029,0.04,0.04,0.04,0.04,20398
TRS,20131029,18,18,17.52,17.62,160543
TRU,20131029,8.18,8.3,8.15,8.25,246937
TRY,20131029,1.415,1.425,1.36,1.39,496362
TSE,20131029,1.41,1.41,1.35,1.36,1977259
TSM,20131029,0.39,0.39,0.385,0.39,48846
TSN,20131029,0.011,0.011,0.01,0.01,6561708
TSV,20131029,0.003,0.004,0.003,0.004,12007895
TTE,20131029,0.005,0.005,0.005,0.005,2410000
TTI,20131029,0.085,0.088,0.085,0.088,1493865
TTN,20131029,3.39,3.39,3.345,3.36,194090
TTS,20131029,3.09,3.13,3.09,3.13,3034461
TUP,20131029,1.55,1.55,1.55,1.55,10000
TWD,20131029,3.43,3.44,3.4,3.4,30421
TWE,20131029,4.48,4.495,4.45,4.46,4879889
TWH,20131029,0.004,0.004,0.004,0.004,813000
TWR,20131029,1.57,1.57,1.57,1.57,900
TYO,20131029,0.18,0.19,0.18,0.19,20000
TZL,20131029,0.145,0.145,0.115,0.135,1055614
TZN,20131029,0.037,0.038,0.036,0.037,1240000
UBI,20131029,0.57,0.59,0.57,0.59,56467
UEQ,20131029,0.015,0.015,0.014,0.014,64950
UGL,20131029,7.83,7.85,7.69,7.72,824950
UML,20131029,0.061,0.063,0.061,0.063,207695
UNS,20131029,0.57,0.57,0.56,0.565,589516
UNV,20131029,0.095,0.099,0.095,0.099,100100
UNX,20131029,0.061,0.075,0.061,0.072,3916223
URF,20131029,1.8,1.8,1.8,1.8,6098
USD,20131029,10.35,10.4,10.34,10.4,135826
USF,20131029,1.7,1.7,1.7,1.7,6375
UXC,20131029,0.995,1,0.97,0.98,1252688
VAF,20131029,48.28,48.28,48.28,48.28,2008
VAH,20131029,0.41,0.42,0.41,0.41,2532677
VAP,20131029,60.89,60.89,60.16,60.35,13416
VAS,20131029,69.58,69.59,68.82,68.82,16459
VBP,20131029,6.48,6.48,6.48,6.48,10000
VEI,20131029,0.75,0.75,0.715,0.725,552842
VEU,20131029,53.5,53.5,53,53.2,15607
VGB,20131029,46.79,46.79,46.64,46.69,18392
VHY,20131029,66.7,66.7,66.39,66.39,19460
VIE,20131029,0.31,0.35,0.31,0.33,31800
VLA,20131029,0.335,0.335,0.33,0.335,60000
VLC,20131029,61.76,61.76,61.69,61.69,191
VLW,20131029,1.73,1.77,1.72,1.75,97192
VML,20131029,0.054,0.054,0.05,0.05,433780
VMS,20131029,0.195,0.195,0.185,0.19,93041
VMT,20131029,0.026,0.028,0.025,0.025,6233932
VOC,20131029,2.71,2.74,2.71,2.71,34984
VOR,20131029,0.006,0.006,0.006,0.006,1500000
VRL,20131029,6.8,7.06,6.73,6.99,168884
VRT,20131029,8.4,8.4,8.2,8.4,181707
VSC,20131029,1.54,1.59,1.54,1.59,18970
VSO,20131029,46.06,46.08,45.85,45.85,3919
VTG,20131029,0.7,0.72,0.69,0.69,215505
VTS,20131029,95.7,96.54,95.7,96.53,9408
VXR,20131029,0.007,0.008,0.007,0.008,1680000
WAA,20131029,1.24,1.24,1.23,1.23,62950
WAC,20131029,0.047,0.047,0.047,0.047,18590
WAL,20131029,0.055,0.055,0.055,0.055,20500
WAM,20131029,1.87,1.87,1.86,1.86,482210
WAS,20131029,0.007,0.008,0.007,0.007,6589303
WAT,20131029,1.2,1.21,1.2,1.21,4865
WBA,20131029,0.9,0.92,0.89,0.91,42250
WBB,20131029,5.62,5.9,5.62,5.9,52198
WBC,20131029,34.82,34.98,34.53,34.6,4940060
WCB,20131029,8.3,9.3,8.26,8.8,6188552
WCC,20131029,0.2,0.2,0.2,0.2,9128
WCL,20131029,0.205,0.205,0.2,0.2,586110
WCN,20131029,0.007,0.007,0.007,0.007,25000
WCP,20131029,0.038,0.038,0.038,0.038,115660
WDC,20131029,10.89,10.95,10.86,10.88,8931355
WDR,20131029,0.785,0.8,0.785,0.79,898624
WDS,20131029,0.87,0.87,0.85,0.85,79836
WEB,20131029,3.15,3.22,3.15,3.15,321325
WEC,20131029,0.205,0.22,0.205,0.22,34945
WES,20131029,42.13,42.16,41.85,42.04,1583248
WFE,20131029,0.016,0.016,0.015,0.015,339000
WGO,20131029,0.035,0.04,0.035,0.036,253500
WHC,20131029,1.785,1.81,1.685,1.695,5274479
WHE,20131029,0.037,0.037,0.036,0.036,240000
WHF,20131029,4.21,4.21,4.18,4.2,67899
WHN,20131029,0.013,0.013,0.012,0.012,3920000
WIC,20131029,1.205,1.21,1.205,1.21,38614
WIG,20131029,0.48,0.54,0.48,0.52,38196
WIN,20131029,0.255,0.255,0.25,0.25,415200
WKT,20131029,0.01,0.01,0.008,0.009,1138000
WLF,20131029,0.32,0.32,0.32,0.32,7425
WLL,20131029,2.6,2.6,2.6,2.6,7500
WLR,20131029,0.006,0.006,0.006,0.006,796641
WMK,20131029,1.04,1.05,1.04,1.05,36000
WMN,20131029,0.047,0.053,0.047,0.053,205069
WNS,20131029,0.02,0.02,0.02,0.02,5000
WOR,20131029,22,22.02,21.66,21.82,967585
WOW,20131029,34.66,34.7,34.45,34.55,2445970
WPL,20131029,38.75,38.75,38.325,38.65,1187569
WRT,20131029,3.1,3.11,3.08,3.08,5651830
WSA,20131029,2.97,2.99,2.87,2.91,232829
WTF,20131029,4.42,4.42,4.27,4.31,1606457
WTP,20131029,1.05,1.06,1.015,1.015,679623
WTR,20131029,0.15,0.15,0.15,0.15,50000
WWI,20131029,0.026,0.027,0.026,0.027,110000
WWM,20131029,0.088,0.088,0.087,0.087,20000
XAM,20131029,0.07,0.07,0.07,0.07,7500
XRF,20131029,0.315,0.315,0.315,0.315,25000
XRO,20131029,24.2,24.5,24.1,24.34,37123
XST,20131029,0.029,0.03,0.028,0.03,3450146
XTE,20131029,0.029,0.029,0.029,0.029,75000
YAL,20131029,0.72,0.73,0.71,0.73,146944
YBR,20131029,0.58,0.58,0.575,0.58,51000
YOW,20131029,0.21,0.24,0.21,0.21,510076
YTC,20131029,0.26,0.265,0.26,0.265,231128
ZER,20131029,0.52,0.52,0.52,0.52,4750
ZEU,20131029,0.025,0.025,0.023,0.024,225000
ZGL,20131029,0.235,0.245,0.235,0.245,128000
ZIM,20131029,7,7.1,7,7.1,16765
ZNC,20131029,0.135,0.135,0.135,0.135,1514
ZNZ,20131029,3.38,3.38,3.35,3.36,729844
ZRL,20131029,0.001,0.001,0.001,0.001,5500
ZTA,20131029,0.007,0.01,0.007,0.01,25000
XAF,20131029,5561.2,5564.9,5530.2,5538.9,0
XAO,20131029,5437.3,5439.8,5404.6,5410.7,0
XAT,20131029,5399.5,5402.4,5366.5,5373.7,0
XDJ,20131029,1813.7,1814.1,1803.4,1805.1,0
XEC,20131029,1243.4,1247.2,1227.3,1227.3,0
XEJ,20131029,14092.5,14096.5,13858.3,13893.8,0
XFJ,20131029,6088.4,6121.7,6072.1,6082.2,0
XFL,20131029,5628.4,5632.1,5597.1,5605.9,0
XGD,20131029,2507.9,2512.4,2472,2480.5,0
XHJ,20131029,14086.7,14088.6,13941.5,14035.1,0
XIJ,20131029,727.4,732.4,725.7,728.1,0
XJO,20131029,5441.4,5444.3,5408.4,5415.5,0
XJR,20131029,4245.5,4245.5,4184.4,4197.3,0
XKO,20131029,5395.3,5398.1,5362.9,5369.7,0
XMD,20131029,4303.8,4304.5,4274.3,4278.3,0
XMJ,20131029,10128.3,10128.3,9996.6,10027.6,0
XMM,20131029,3370.5,3370.5,3326.2,3336.7,0
XNJ,20131029,4079.6,4079.6,4016.5,4019,0
XPJ,20131029,1048.1,1048.1,1042,1044.6,0
XSJ,20131029,10060,10060,9976.2,10009.4,0
XSO,20131029,2277.7,2277.9,2251.5,2251.5,0
XTJ,20131029,1778.7,1788.8,1775.5,1785.1,0
XTL,20131029,3441.7,3444.9,3424.9,3430.6,0
XTO,20131029,4513.5,4516.1,4488.2,4494.6,0
XUJ,20131029,5523.1,5523.1,5453.7,5471.6,0
XXJ,20131029,7203.6,7251.8,7186.8,7198.9,0
