AAA,20130510,50.12,50.14,50.12,50.12,21576
AAC,20130510,1.125,1.135,1.115,1.125,405503
AAD,20130510,1.74,1.74,1.705,1.735,949991
AAI,20130510,7.5,7.5,7.5,7.5,65
AAJ,20130510,0.045,0.045,0.045,0.045,100700
AAU,20130510,0.11,0.11,0.11,0.11,2000
AAX,20130510,2.55,2.63,2.53,2.57,645644
ABC,20130510,3.36,3.43,3.35,3.42,1259650
ABP,20130510,2.42,2.47,2.39,2.46,806053
ABU,20130510,0.032,0.033,0.03,0.033,2206945
ABW,20130510,1.07,1.07,1.07,1.07,10100
ABY,20130510,0.405,0.405,0.395,0.395,150672
ABZ,20130510,0.195,0.195,0.195,0.195,17798
ACB,20130510,0.06,0.061,0.059,0.061,58271
ACG,20130510,0.078,0.078,0.075,0.075,82987
ACL,20130510,0.375,0.385,0.37,0.38,220767
ACR,20130510,3.82,3.93,3.79,3.85,681210
ACW,20130510,0.013,0.013,0.013,0.013,4000
ADA,20130510,0.33,0.34,0.33,0.34,14967
ADJ,20130510,0.034,0.041,0.034,0.04,3546747
ADN,20130510,0.087,0.105,0.085,0.105,5714361
ADO,20130510,0.063,0.065,0.062,0.065,1141009
ADX,20130510,0.015,0.015,0.015,0.015,55000
ADY,20130510,0.031,0.031,0.03,0.03,76320
AEB,20130510,0.225,0.225,0.2,0.2,136126
AEF,20130510,21,21,21,21,462
AEM,20130510,0.012,0.012,0.012,0.012,10000
AEU,20130510,1.55,1.55,1.525,1.525,42468
AFI,20130510,5.65,5.68,5.6,5.61,286335
AFR,20130510,0.1,0.1,0.097,0.097,70881
AGE,20130510,0.032,0.032,0.03,0.031,770000
AGF,20130510,0.69,0.7,0.67,0.7,258826
AGI,20130510,3.83,4,3.83,4,763063
AGK,20130510,15.07,15.17,14.98,15.17,1465407
AGO,20130510,1,1.035,0.99,1,12086093
AGR,20130510,0.075,0.075,0.075,0.075,105906
AGS,20130510,0.145,0.145,0.145,0.145,257122
AGX,20130510,0.019,0.019,0.019,0.019,90000
AGY,20130510,0.096,0.096,0.096,0.096,93000
AHD,20130510,8.61,8.79,8.57,8.67,21957
AHE,20130510,4.24,4.25,4.11,4.15,650629
AHN,20130510,0.025,0.025,0.025,0.025,4000
AHZ,20130510,0.032,0.036,0.032,0.036,10516196
AIA,20130510,2.62,2.64,2.6,2.6,30652
AIK,20130510,0.043,0.043,0.043,0.043,10000
AIO,20130510,5.4,5.48,5.3,5.34,3233641
AIQ,20130510,0.27,0.27,0.27,0.27,50334
AIW,20130510,0.023,0.023,0.022,0.022,3036949
AIX,20130510,3.14,3.15,3.14,3.14,3146372
AIZ,20130510,1.245,1.25,1.245,1.25,6800
AJA,20130510,3.94,3.95,3.8,3.93,70115
AJC,20130510,0.011,0.011,0.011,0.011,1712308
AJJ,20130510,0.17,0.18,0.17,0.18,185823
AJL,20130510,1.32,1.36,1.3,1.36,76545
AJM,20130510,0.12,0.12,0.12,0.12,250000
AJQ,20130510,0.29,0.29,0.28,0.29,132844
AJX,20130510,0.08,0.08,0.08,0.08,82569
AKA,20130510,0.1,0.12,0.1,0.12,40000
AKG,20130510,0.71,0.71,0.71,0.71,3500
AKK,20130510,0.013,0.013,0.013,0.013,913440
AKM,20130510,0.074,0.08,0.074,0.074,501000
AKP,20130510,2.55,3.01,2.55,3.01,5185
AKY,20130510,80.9,80.9,80.9,80.9,50
ALF,20130510,1.47,1.49,1.46,1.48,633023
ALK,20130510,0.535,0.565,0.52,0.565,484845
ALL,20130510,4.16,4.22,4.065,4.12,1514477
ALQ,20130510,9.8,10.07,9.8,9.97,1499843
ALR,20130510,1.34,1.345,1.3,1.31,30431
ALT,20130510,0.02,0.021,0.02,0.021,555916
ALU,20130510,1.63,1.69,1.62,1.65,106413
ALY,20130510,0.058,0.06,0.058,0.06,212000
ALZ,20130510,3.64,3.685,3.62,3.63,268206
AMA,20130510,0.32,0.32,0.31,0.31,80623
AMC,20130510,9.97,10.11,9.93,10.05,4665957
AMH,20130510,0.925,0.93,0.925,0.93,47377
AMM,20130510,2.04,2.1,2.04,2.09,451846
AMP,20130510,5.53,5.67,5.51,5.52,7035828
AMX,20130510,0.22,0.22,0.205,0.22,189406
ANG,20130510,5.08,5.33,5.08,5.3,64480
ANN,20130510,16.6,17.01,16.51,16.87,1214132
ANO,20130510,0.014,0.015,0.014,0.015,1670765
ANP,20130510,0.01,0.01,0.01,0.01,1691000
ANQ,20130510,0.011,0.011,0.01,0.011,1000000
ANZ,20130510,30.48,30.56,29.92,30.13,9524044
AOH,20130510,0.195,0.195,0.19,0.195,277241
AOK,20130510,0.135,0.135,0.125,0.13,511118
AOM,20130510,0.036,0.036,0.036,0.036,98
AON,20130510,0.04,0.04,0.04,0.04,274500
AOP,20130510,0.061,0.061,0.061,0.061,30000
APA,20130510,6.62,6.75,6.565,6.62,2228530
APD,20130510,0.2,0.2,0.2,0.2,1320
APE,20130510,4.92,4.95,4.91,4.92,15366
APG,20130510,0.019,0.019,0.019,0.019,966246
API,20130510,0.445,0.45,0.425,0.445,1996081
APK,20130510,0.37,0.37,0.325,0.325,43750
APN,20130510,0.39,0.395,0.38,0.39,3148809
APZ,20130510,0.185,0.185,0.18,0.185,999972
AQA,20130510,2.23,2.23,2.12,2.22,607646
AQC,20130510,0.015,0.016,0.014,0.014,741133
AQD,20130510,0.017,0.02,0.017,0.02,23814
AQF,20130510,1.91,1.91,1.91,1.91,21045
AQG,20130510,2.92,2.94,2.88,2.93,572800
AQO,20130510,0.2,0.205,0.2,0.205,68978
AQP,20130510,0.745,0.765,0.73,0.76,437382
AQQ,20130510,0.032,0.032,0.032,0.032,300000
AQR,20130510,0.17,0.17,0.17,0.17,33334
AQZ,20130510,1.8,1.8,1.79,1.8,1352
ARE,20130510,0.028,0.03,0.028,0.03,326667
ARG,20130510,6.75,6.8,6.67,6.78,235974
ARH,20130510,0.038,0.046,0.038,0.043,137320
ARI,20130510,0.9,0.975,0.89,0.945,12331999
ARM,20130510,0.05,0.05,0.05,0.05,171850
ARP,20130510,12.39,12.6,12.39,12.54,75203
ARU,20130510,0.11,0.12,0.11,0.12,1243350
ARV,20130510,0.01,0.01,0.009,0.009,571834
ARW,20130510,0.008,0.008,0.007,0.007,9332500
ASB,20130510,0.63,0.64,0.63,0.635,6428640
ASL,20130510,1.695,1.755,1.69,1.71,4424055
ASW,20130510,0.66,0.66,0.66,0.66,5111
ASX,20130510,38.35,38.76,38.31,38.69,533115
ASZ,20130510,0.355,0.36,0.355,0.355,913215
ATI,20130510,0.18,0.19,0.18,0.19,22369
ATN,20130510,0.002,0.003,0.002,0.002,680000
ATP,20130510,0.039,0.039,0.039,0.039,100000
ATU,20130510,0.73,0.85,0.73,0.835,998432
ATV,20130510,0.028,0.03,0.028,0.03,140000
AUB,20130510,10.1,10.22,10.1,10.17,70785
AUC,20130510,0.032,0.032,0.031,0.032,1114944
AUF,20130510,1,1.05,1,1.05,48560
AUI,20130510,7.45,7.45,7.44,7.44,7145
AUP,20130510,5.67,5.67,5.67,5.67,10000
AUQ,20130510,0.09,0.09,0.085,0.085,100000
AUT,20130510,3.13,3.18,3.11,3.13,857255
AUZ,20130510,0.011,0.011,0.011,0.011,64000
AVA,20130510,0.12,0.12,0.115,0.12,420492
AVB,20130510,0.059,0.063,0.057,0.063,3452115
AVG,20130510,0.47,0.475,0.47,0.47,51945
AVH,20130510,0.1,0.11,0.097,0.11,1583780
AVJ,20130510,0.41,0.41,0.41,0.41,180459
AVQ,20130510,0.016,0.016,0.016,0.016,13834628
AVX,20130510,0.016,0.018,0.016,0.018,1368786
AVY,20130510,0.05,0.05,0.05,0.05,50000
AWC,20130510,1.065,1.11,1.06,1.085,9077863
AWE,20130510,1.24,1.275,1.235,1.26,1767596
AWN,20130510,0.51,0.51,0.5,0.5,213263
AXE,20130510,0.15,0.155,0.145,0.15,127839
AXI,20130510,0.045,0.045,0.045,0.045,300000
AXM,20130510,0.022,0.022,0.02,0.02,55420
AXT,20130510,0.026,0.026,0.025,0.025,338082
AYA,20130510,0.645,0.645,0.645,0.645,747
AYC,20130510,0.195,0.2,0.195,0.2,120000
AYF,20130510,6.45,6.45,6.45,6.45,2500
AYR,20130510,0.008,0.008,0.007,0.007,651959
AZF,20130510,2.18,2.2,2.18,2.2,4000
AZG,20130510,0.043,0.043,0.042,0.042,212500
AZH,20130510,0.32,0.325,0.315,0.325,2321918
AZJ,20130510,4.3,4.35,4.26,4.27,7202940
AZM,20130510,0.052,0.053,0.05,0.052,1210000
AZS,20130510,0.047,0.048,0.037,0.039,10098560
AZV,20130510,0.065,0.067,0.065,0.067,167693
AZY,20130510,0.062,0.064,0.058,0.064,782706
AZZ,20130510,0.37,0.37,0.36,0.36,1619322
BAC,20130510,0.05,0.05,0.041,0.05,110000
BAR,20130510,0.011,0.011,0.011,0.011,22310
BAS,20130510,0.007,0.008,0.007,0.008,107764
BAU,20130510,0.115,0.12,0.115,0.12,200000
BBL,20130510,0.305,0.305,0.305,0.305,20000
BBR,20130510,0.26,0.26,0.26,0.26,7000
BCC,20130510,0.04,0.04,0.039,0.039,1289657
BCD,20130510,0.037,0.039,0.037,0.039,338537
BCI,20130510,3.4,3.49,3.35,3.48,445984
BCK,20130510,0.052,0.058,0.052,0.058,18537
BCT,20130510,0.2,0.2,0.2,0.2,100000
BDI,20130510,0.002,0.003,0.002,0.003,5201855
BDM,20130510,0.032,0.032,0.032,0.032,100000
BDR,20130510,0.74,0.75,0.72,0.735,4148316
BEAR,20130510,19,19.1,18.95,19.09,27322
BEL,20130510,0.16,0.16,0.16,0.16,52157
BEN,20130510,11,11.08,10.85,10.91,654436
BER,20130510,0.405,0.405,0.405,0.405,50000
BFG,20130510,0.72,0.72,0.72,0.72,27000
BGA,20130510,2.85,2.85,2.79,2.79,65278
BGD,20130510,0.024,0.024,0.024,0.024,300000
BGL,20130510,0.67,0.67,0.64,0.64,199205
BGS,20130510,0.033,0.033,0.031,0.033,17841038
BHP,20130510,34.6,35.02,34.45,34.75,6907995
BIS,20130510,1.08,1.08,1.08,1.08,7900
BIT,20130510,0.096,0.096,0.096,0.096,24000
BKI,20130510,1.52,1.535,1.52,1.525,168302
BKL,20130510,27.31,28.5,27.31,28.08,18507
BKM,20130510,0.003,0.003,0.003,0.003,1172086
BKN,20130510,5.5,5.7,5.31,5.33,1238028
BKW,20130510,12.02,12.26,12,12.15,34148
BKY,20130510,0.28,0.31,0.28,0.31,58702
BLD,20130510,4.49,4.62,4.49,4.5,4287451
BLG,20130510,0.175,0.185,0.17,0.18,419490
BLK,20130510,0.145,0.145,0.14,0.14,27582
BLR,20130510,0.011,0.011,0.01,0.01,1990000
BLT,20130510,0.015,0.015,0.014,0.015,2807182
BLY,20130510,0.935,0.965,0.93,0.95,3178779
BLZ,20130510,0.002,0.002,0.002,0.002,900000
BMB,20130510,0.08,0.088,0.08,0.088,557712
BML,20130510,0.013,0.013,0.013,0.013,9000
BMN,20130510,0.058,0.058,0.058,0.058,47078
BMY,20130510,0.01,0.01,0.01,0.01,50000
BMZ,20130510,0.145,0.145,0.145,0.145,4400
BND,20130510,0.125,0.155,0.12,0.14,4076178
BNO,20130510,0.375,0.38,0.375,0.38,57995
BNX,20130510,0.12,0.12,0.12,0.12,15000
BOA,20130510,0.38,0.4,0.38,0.4,16430
BOC,20130510,0.54,0.54,0.52,0.54,22289
BOL,20130510,0.125,0.125,0.115,0.115,17632055
BOQ,20130510,9.74,9.79,9.62,9.67,1328964
BPA,20130510,4,4.1,4,4.1,2000
BPL,20130510,0.065,0.065,0.06,0.06,15000
BPT,20130510,1.35,1.352,1.325,1.335,3738084
BRB,20130510,0.35,0.35,0.35,0.35,1000
BRC,20130510,0.26,0.26,0.26,0.26,27500
BRD,20130510,0.001,0.001,0.001,0.001,5727692
BRG,20130510,7.1,7.25,7.09,7.2,528735
BRU,20130510,1.82,1.86,1.8,1.82,583812
BRW,20130510,0.012,0.012,0.012,0.012,3000
BSA,20130510,0.19,0.19,0.19,0.19,144999
BSE,20130510,0.355,0.405,0.355,0.405,171511
BSL,20130510,4.95,5.26,4.9,5.14,6311695
BSM,20130510,0.01,0.01,0.01,0.01,30969
BSP,20130510,0.155,0.155,0.155,0.155,45000
BSR,20130510,0.016,0.016,0.016,0.016,259609
BTR,20130510,0.5,0.56,0.5,0.53,280913
BTT,20130510,3.8,3.91,3.77,3.82,223500
BTU,20130510,0.21,0.23,0.21,0.23,2411592
BUE,20130510,0.01,0.01,0.01,0.01,40000
BUG,20130510,0.76,0.76,0.75,0.75,11180
BUL,20130510,0.036,0.039,0.036,0.038,806000
BUX,20130510,0.4,0.415,0.39,0.415,203557
BUY,20130510,0.015,0.016,0.015,0.016,1000003
BWF,20130510,0.145,0.145,0.145,0.145,2200
BWP,20130510,2.74,2.74,2.71,2.72,830772
BXB,20130510,8.92,9.19,8.905,9.05,4140127
BXN,20130510,0.015,0.015,0.015,0.015,170000
BYL,20130510,0.32,0.325,0.31,0.32,132849
BYR,20130510,0.02,0.02,0.02,0.02,25000
CAA,20130510,0.19,0.2,0.19,0.195,1547448
CAB,20130510,4.85,4.96,4.8,4.8,346574
CAJ,20130510,0.2,0.205,0.195,0.2,3408063
CAM,20130510,1.08,1.11,1.08,1.1,64549
CAP,20130510,0.21,0.21,0.21,0.21,5150
CAS,20130510,0.295,0.3,0.295,0.295,33700
CAY,20130510,0.09,0.1,0.09,0.1,113000
CAZ,20130510,0.135,0.135,0.125,0.125,192585
CBA,20130510,71.11,71.7,70.17,70.57,2132389
CBD,20130510,0.012,0.013,0.012,0.012,2589842
CBQ,20130510,0.012,0.012,0.012,0.012,125000
CBS,20130510,0.025,0.027,0.024,0.026,1393838
CBX,20130510,0.07,0.07,0.07,0.07,47899
CCC,20130510,0.047,0.053,0.047,0.053,4422270
CCJ,20130510,0.12,0.12,0.12,0.12,63844
CCL,20130510,13.04,13.11,13,13.05,3517912
CCP,20130510,9.38,9.49,9.33,9.4,62311
CCU,20130510,0.145,0.145,0.14,0.145,67302
CCV,20130510,1.245,1.275,1.245,1.25,1229269
CDA,20130510,3.02,3.17,3.02,3.09,308983
CDB,20130510,0.022,0.022,0.022,0.022,12000
CDD,20130510,6.37,6.45,6.35,6.4,327587
CDG,20130510,0.215,0.22,0.185,0.22,638096
CDI,20130510,2.77,2.77,2.7,2.71,80705
CDM,20130510,1.375,1.38,1.37,1.38,278103
CDP,20130510,5.95,5.98,5.78,5.79,3901
CDT,20130510,0.049,0.049,0.049,0.049,10500
CDU,20130510,3.78,3.84,3.71,3.84,198815
CDY,20130510,0.031,0.032,0.031,0.031,2490505
CFE,20130510,0.15,0.16,0.145,0.16,1304017
CFU,20130510,0.043,0.046,0.042,0.042,1830081
CFX,20130510,2.22,2.25,2.2,2.23,4549131
CGF,20130510,4.22,4.36,4.22,4.23,2626335
CGH,20130510,0.38,0.38,0.375,0.375,105079
CGM,20130510,0.007,0.008,0.007,0.008,294230
CGO,20130510,0.365,0.365,0.365,0.365,1500
CGP,20130510,0.019,0.02,0.019,0.02,726778
CGS,20130510,0.36,0.36,0.36,0.36,90000
CHC,20130510,4.54,4.665,4.52,4.64,1956624
CHN,20130510,0.165,0.165,0.165,0.165,14315
CHZ,20130510,0.21,0.21,0.2,0.2,52050
CIN,20130510,22.87,22.87,22.87,22.87,405
CIR,20130510,0.235,0.24,0.225,0.225,10600
CIW,20130510,0.76,0.77,0.76,0.77,32276
CIX,20130510,0.23,0.24,0.23,0.24,311411
CKA,20130510,0.18,0.19,0.175,0.18,707166
CKF,20130510,1.79,1.83,1.78,1.79,423673
CKK,20130510,0.004,0.004,0.004,0.004,422000
CKL,20130510,0.705,0.71,0.705,0.71,71000
CLA,20130510,0.016,0.016,0.015,0.015,131750
CLH,20130510,1.595,1.63,1.585,1.62,402177
CLO,20130510,1.18,1.22,1.18,1.21,1062495
CLQ,20130510,0.14,0.145,0.14,0.145,211000
CLR,20130510,0.3,0.315,0.3,0.31,139028
CLT,20130510,0.17,0.17,0.17,0.17,19000
CLV,20130510,0.67,0.67,0.65,0.65,70222
CLX,20130510,2,2,2,2,41580
CMC,20130510,0.073,0.073,0.073,0.073,90000
CMG,20130510,0.575,0.575,0.565,0.57,563671
CMI,20130510,1.89,1.89,1.89,1.89,2350
CMT,20130510,0.175,0.175,0.17,0.17,25000
CMW,20130510,1.11,1.115,1.1,1.11,7038000
CMY,20130510,0.01,0.01,0.009,0.009,13224000
CNB,20130510,0.59,0.59,0.59,0.59,4000
CND,20130510,0.295,0.295,0.295,0.295,16466
CNI,20130510,0.785,0.79,0.785,0.79,3876
CNL,20130510,0.083,0.083,0.083,0.083,10000
CNO,20130510,0.13,0.13,0.125,0.125,133103
CNU,20130510,2.25,2.26,2.23,2.24,245784
CNX,20130510,0.03,0.03,0.029,0.029,736200
COE,20130510,0.45,0.45,0.42,0.435,855762
COF,20130510,0.23,0.24,0.23,0.23,666284
COH,20130510,69.45,70.4,69.1,70.17,228856
COI,20130510,0.23,0.23,0.22,0.22,40000
COK,20130510,0.057,0.06,0.057,0.057,2441880
COM,20130510,0.01,0.01,0.01,0.01,16000
COO,20130510,0.19,0.19,0.18,0.18,920000
COT,20130510,0.075,0.075,0.075,0.075,25000
COY,20130510,0.029,0.029,0.029,0.029,10000
COZ,20130510,0.075,0.079,0.07,0.07,429442
CPA,20130510,1.175,1.19,1.165,1.18,6570713
CPD,20130510,0.39,0.39,0.39,0.39,4001
CPL,20130510,0.48,0.52,0.475,0.485,1301874
CPU,20130510,9.99,10.35,9.98,10.2,1810916
CPZ,20130510,0.215,0.215,0.21,0.21,162733
CQC,20130510,0.095,0.095,0.092,0.092,66666
CQR,20130510,4.46,4.49,4.38,4.4,531390
CRB,20130510,0.03,0.03,0.03,0.03,719224
CRV,20130510,0.007,0.008,0.007,0.008,253618
CRZ,20130510,9.85,9.93,9.78,9.88,359248
CSD,20130510,0.07,0.07,0.065,0.07,120714
CSE,20130510,0.165,0.165,0.165,0.165,40000
CSL,20130510,60.99,62.23,60.7,62,1031853
CSP,20130510,0.21,0.21,0.21,0.21,5000
CSR,20130510,1.955,2.01,1.955,2,1495827
CSS,20130510,0.013,0.013,0.013,0.013,232696
CSV,20130510,0.83,0.84,0.825,0.835,80605
CTD,20130510,4.65,4.77,4.64,4.68,54675
CTE,20130510,0.525,0.525,0.49,0.49,32000
CTM,20130510,0.19,0.2,0.19,0.195,110316
CTN,20130510,1.05,1.075,1.05,1.06,165469
CTO,20130510,0.053,0.055,0.053,0.055,91000
CTP,20130510,0.105,0.11,0.1,0.11,1997716
CTR,20130510,0.01,0.01,0.009,0.009,840220
CTX,20130510,21.85,22.49,21.85,22.21,585875
CUE,20130510,0.125,0.13,0.125,0.13,282700
CUG,20130510,0.1,0.1,0.1,0.1,65000
CUL,20130510,0.018,0.018,0.017,0.017,155667
CUP,20130510,1.88,1.9,1.88,1.9,45200
CUU,20130510,0.038,0.038,0.038,0.038,5000
CUV,20130510,2.08,2.09,2.05,2.07,5374
CUX,20130510,0.031,0.031,0.031,0.031,95157
CVG,20130510,0.018,0.02,0.018,0.02,350000
CVN,20130510,0.049,0.05,0.049,0.05,301872
CVW,20130510,0.66,0.66,0.66,0.66,34061
CWE,20130510,0.031,0.033,0.031,0.031,1038154
CWN,20130510,13.01,13.2,12.92,12.99,617410
CWP,20130510,5.54,5.57,5.5,5.55,53425
CXM,20130510,0.14,0.14,0.14,0.14,125550
CXU,20130510,0.13,0.13,0.13,0.13,24700
CXY,20130510,0.005,0.005,0.004,0.004,3300000
CYA,20130510,0.815,0.815,0.815,0.815,32540
CYG,20130510,3.2,3.2,3.2,3.2,1545
CYU,20130510,0.068,0.068,0.068,0.068,5000
CYY,20130510,0.115,0.115,0.11,0.11,90234
CZA,20130510,0.17,0.17,0.17,0.17,1687
CZD,20130510,0.071,0.071,0.071,0.071,99600
CZI,20130510,0.16,0.185,0.16,0.165,461928
CZN,20130510,0.04,0.042,0.038,0.04,2289098
CZR,20130510,0.06,0.06,0.06,0.06,325000
CZZ,20130510,2.78,2.78,2.78,2.78,720
DAU,20130510,0.045,0.045,0.045,0.045,37600
DCG,20130510,1.83,1.885,1.83,1.86,374739
DCN,20130510,0.24,0.275,0.24,0.275,40000
DDD,20130510,0.016,0.018,0.016,0.016,366623
DDR,20130510,0.82,0.82,0.815,0.815,23000
DEG,20130510,0.009,0.01,0.009,0.009,4357213
DGA,20130510,1.83,1.84,1.82,1.84,5489
DGO,20130510,0.005,0.005,0.005,0.005,20588
DGR,20130510,0.033,0.033,0.033,0.033,16765
DJS,20130510,2.91,2.92,2.86,2.88,2533373
DJW,20130510,4.43,4.46,4.4,4.41,112004
DLC,20130510,0.003,0.003,0.003,0.003,3000
DLS,20130510,1.16,1.205,1.155,1.19,3138447
DLX,20130510,4.47,4.505,4.455,4.48,1682955
DMA,20130510,0.041,0.041,0.038,0.038,65657
DMI,20130510,0.061,0.061,0.061,0.061,31000
DMP,20130510,13.5,13.51,13.4,13.5,37297
DNA,20130510,0.35,0.37,0.35,0.365,34416
DOW,20130510,4.8,4.86,4.66,4.69,1755865
DRA,20130510,0.415,0.42,0.415,0.42,20000
DRG,20130510,0.069,0.069,0.069,0.069,27873
DRK,20130510,0.075,0.076,0.074,0.076,59150
DRM,20130510,0.53,0.535,0.51,0.52,266141
DRX,20130510,0.014,0.015,0.014,0.015,252584
DTE,20130510,0.055,0.055,0.053,0.054,1521502
DTL,20130510,1.21,1.21,1.18,1.18,92868
DTM,20130510,0.094,0.094,0.094,0.094,5500
DTQ,20130510,0.02,0.02,0.015,0.015,198000
DUE,20130510,2.48,2.53,2.48,2.5,1605792
DUI,20130510,3.22,3.25,3.22,3.24,31308
DVN,20130510,0.9,0.9,0.9,0.9,8099
DWS,20130510,1.45,1.475,1.45,1.475,34020
DXS,20130510,1.18,1.2,1.17,1.18,9743404
DYE,20130510,0.2,0.215,0.18,0.215,3652981
DYL,20130510,0.044,0.044,0.042,0.042,282041
EAF,20130510,0.01,0.01,0.01,0.01,75000
EAL,20130510,0.63,0.64,0.63,0.64,5978
EAR,20130510,0.09,0.09,0.09,0.09,56
EAX,20130510,3.13,3.13,3.13,3.13,471175
EBT,20130510,1.52,1.53,1.47,1.47,9883
ECV,20130510,1.58,1.6,1.58,1.6,92000
EDE,20130510,0.012,0.012,0.012,0.012,115385
EEG,20130510,0.1,0.1,0.096,0.1,112916
EEU,20130510,12.87,12.87,12.87,12.87,2850
EFE,20130510,0.055,0.055,0.055,0.055,26860
EGG,20130510,0.38,0.38,0.365,0.365,24306
EGL,20130510,0.04,0.04,0.04,0.04,20588
EGO,20130510,0.013,0.013,0.012,0.013,16145267
EGP,20130510,3.66,3.69,3.57,3.6,1637006
EHL,20130510,0.48,0.485,0.47,0.475,1007111
EHR,20130510,0.003,0.003,0.003,0.003,6200000
ELD,20130510,0.065,0.072,0.065,0.07,2017033
ELI,20130510,0.84,0.84,0.84,0.84,43635
ELM,20130510,0.435,0.45,0.42,0.45,130027
EMF,20130510,1.71,1.71,1.71,1.71,7125
EMG,20130510,0.015,0.015,0.015,0.015,2773
EML,20130510,0.305,0.305,0.3,0.3,100000
EMR,20130510,0.007,0.007,0.007,0.007,95000
EMX,20130510,0.029,0.029,0.025,0.025,300000
ENE,20130510,4.08,4.1,4.08,4.1,14944
ENR,20130510,0.23,0.23,0.23,0.23,32800
ENT,20130510,0.085,0.085,0.078,0.08,360000
ENU,20130510,0.03,0.03,0.03,0.03,43048
ENV,20130510,1.08,1.095,1.06,1.06,3390188
EOS,20130510,0.17,0.17,0.165,0.165,29451
EPD,20130510,0.61,0.67,0.61,0.65,74554
EPW,20130510,2.63,2.65,2.59,2.61,20530
EPX,20130510,1.8,1.825,1.8,1.8,136691
EPY,20130510,0.135,0.135,0.135,0.135,1800
EQE,20130510,0.05,0.05,0.05,0.05,90000
EQT,20130510,16.7,16.7,16.7,16.7,3000
EQX,20130510,0.78,0.795,0.77,0.78,13004
ERA,20130510,1.07,1.1,1.06,1.095,726143
ERD,20130510,0.057,0.057,0.047,0.047,403365
ERJ,20130510,0.003,0.003,0.002,0.003,15482000
ERM,20130510,0.055,0.055,0.055,0.055,20000
ERO,20130510,0.003,0.003,0.002,0.002,1340000
ESI,20130510,0.01,0.01,0.009,0.009,7670207
ESR,20130510,0.16,0.16,0.16,0.16,199487
ETE,20130510,0.05,0.051,0.049,0.049,1932500
ETF,20130510,22.9,22.9,22.9,22.9,500
EVM,20130510,0.028,0.028,0.025,0.025,80000
EVN,20130510,1.005,1.01,0.93,0.955,3084581
EVR,20130510,0.905,0.93,0.895,0.93,3318261
EWC,20130510,0.3,0.31,0.3,0.3,776298
EXE,20130510,0.019,0.019,0.019,0.019,627368
EXG,20130510,0.15,0.16,0.145,0.16,63450
EXR,20130510,0.018,0.018,0.018,0.018,131250
EZL,20130510,1.1,1.1,1.095,1.1,26117
FAN,20130510,2.93,2.93,2.9,2.9,76441
FAR,20130510,0.032,0.032,0.03,0.03,6191946
FAS,20130510,0.006,0.006,0.006,0.006,63000
FBU,20130510,7.03,7.17,7,7.08,1535276
FCR,20130510,0.015,0.015,0.015,0.015,250000
FDC,20130510,2.66,2.71,2.645,2.66,6850556
FEL,20130510,0.023,0.023,0.023,0.023,16000
FFF,20130510,0.018,0.018,0.018,0.018,375000
FGE,20130510,5.57,5.63,5.54,5.55,200716
FKP,20130510,1.58,1.585,1.55,1.56,772646
FLK,20130510,0.165,0.165,0.16,0.16,133000
FLT,20130510,41.22,41.38,40.85,41,714377
FMG,20130510,3.92,3.98,3.87,3.91,16354094
FML,20130510,0.017,0.017,0.016,0.016,3132014
FMS,20130510,0.054,0.054,0.052,0.054,2166768
FND,20130510,0.16,0.16,0.16,0.16,17500
FNP,20130510,1.535,1.54,1.5,1.5,17352
FNT,20130510,0.015,0.015,0.013,0.015,89059
FOY,20130510,0.004,0.004,0.004,0.004,4560511
FPH,20130510,2.25,2.25,2.25,2.25,5043
FPS,20130510,1.12,1.13,1.12,1.13,71000
FRC,20130510,0.066,0.066,0.065,0.065,30000
FRG,20130510,0.135,0.14,0.135,0.14,18850
FRI,20130510,1.58,1.59,1.57,1.59,55742
FRR,20130510,0.01,0.01,0.01,0.01,100000
FSA,20130510,0.765,0.78,0.765,0.78,44508
FSF,20130510,6.55,6.6,6.55,6.57,20945
FSI,20130510,1.37,1.38,1.37,1.38,102409
FTE,20130510,0.01,0.01,0.01,0.01,20000
FUN,20130510,0.185,0.195,0.185,0.19,206731
FWD,20130510,8.61,8.68,8.52,8.55,206199
FWL,20130510,0.038,0.039,0.038,0.039,26600
FXJ,20130510,0.645,0.65,0.64,0.645,3350833
FXL,20130510,4.54,4.62,4.52,4.57,1196353
FXR,20130510,0.04,0.043,0.038,0.043,100500
FYI,20130510,0.054,0.054,0.054,0.054,50000
GAP,20130510,0.31,0.31,0.31,0.31,7780
GBE,20130510,0.068,0.068,0.068,0.068,26000
GBG,20130510,0.165,0.17,0.16,0.165,1664416
GBI,20130510,0.09,0.09,0.09,0.09,25000
GBM,20130510,0.011,0.011,0.008,0.008,800000
GBP,20130510,0.093,0.093,0.093,0.093,15000
GBT,20130510,1.38,1.38,1.35,1.35,20175
GBZ,20130510,0.02,0.02,0.017,0.019,188600
GCG,20130510,0.052,0.052,0.051,0.051,890000
GCN,20130510,0.008,0.008,0.007,0.007,1650000
GCR,20130510,0.006,0.007,0.006,0.007,6935062
GCS,20130510,0.55,0.55,0.55,0.55,11100
GDO,20130510,0.205,0.205,0.2,0.2,3572
GDY,20130510,0.11,0.11,0.1,0.1,1348736
GEM,20130510,2.2,2.37,2.17,2.36,1269771
GER,20130510,0.025,0.025,0.025,0.025,26091
GFF,20130510,0.75,0.757,0.745,0.755,1468324
GFL,20130510,0.9,0.925,0.9,0.925,65188
GGE,20130510,0.002,0.002,0.001,0.001,4820000
GGG,20130510,0.265,0.27,0.25,0.265,883574
GGP,20130510,0.003,0.003,0.002,0.003,48135585
GGX,20130510,0.026,0.027,0.026,0.026,610000
GHC,20130510,1.11,1.11,1.09,1.1,132773
GIP,20130510,0.008,0.009,0.008,0.009,187500
GJT,20130510,0.595,0.595,0.59,0.59,25864
GLB,20130510,0.41,0.41,0.41,0.41,3690
GLE,20130510,0.305,0.33,0.3,0.33,77505
GLF,20130510,0.001,0.001,0.001,0.001,1246667
GLM,20130510,0.006,0.007,0.006,0.007,4286061
GLY,20130510,0.081,0.081,0.081,0.081,24000
GMG,20130510,5.4,5.54,5.38,5.4,2788806
GMR,20130510,0.025,0.025,0.025,0.025,200000
GMY,20130510,1,1,1,1,31674
GNC,20130510,12.74,12.78,12.73,12.78,1935464
GNG,20130510,0.61,0.61,0.61,0.61,15500
GNM,20130510,0.195,0.195,0.195,0.195,100000
GOA,20130510,0.001,0.001,0.001,0.001,5670000
GOLD,20130510,138.8,139.5,138.49,139.5,5113
GOR,20130510,0.066,0.069,0.066,0.067,340500
GOZ,20130510,2.5,2.54,2.49,2.52,292520
GPG,20130510,0.445,0.445,0.44,0.445,192825
GPT,20130510,4.15,4.19,4.12,4.14,3451881
GRB,20130510,0.175,0.18,0.175,0.175,579014
GRF,20130510,1.5,1.51,1.5,1.51,17640
GRK,20130510,0.001,0.001,0.001,0.001,1266666
GRR,20130510,0.17,0.18,0.16,0.175,4219478
GRX,20130510,0.29,0.29,0.29,0.29,5000
GRY,20130510,0.23,0.25,0.215,0.245,5442395
GSE,20130510,0.005,0.005,0.005,0.005,100000
GTE,20130510,0.21,0.23,0.21,0.23,85405
GTG,20130510,0.078,0.078,0.078,0.078,23731
GUD,20130510,7.51,7.66,7.47,7.64,340208
GUF,20130510,0.2,0.24,0.2,0.24,3548463
GUL,20130510,0.027,0.027,0.027,0.027,60000
GWA,20130510,2.55,2.61,2.53,2.61,396908
GXL,20130510,5.45,5.45,5.19,5.25,64052
GXN,20130510,0.003,0.003,0.003,0.003,1180000
HAO,20130510,0.18,0.195,0.18,0.195,27000
HAR,20130510,0.115,0.115,0.105,0.115,38000
HAS,20130510,0.057,0.057,0.048,0.048,70000
HAV,20130510,0.315,0.315,0.31,0.315,36350
HAZ,20130510,0.024,0.024,0.024,0.024,139641
HCH,20130510,0.53,0.55,0.52,0.54,552689
HDX,20130510,0.275,0.28,0.27,0.28,637475
HEG,20130510,0.01,0.01,0.008,0.009,8698748
HFR,20130510,0.28,0.28,0.28,0.28,289340
HGG,20130510,2.65,2.7,2.64,2.67,3636300
HGO,20130510,0.071,0.076,0.071,0.075,9576472
HHL,20130510,2.88,2.88,2.84,2.84,12985
HHV,20130510,0.84,0.845,0.84,0.845,134645
HHY,20130510,0.53,0.53,0.525,0.53,435015
HIG,20130510,0.079,0.079,0.079,0.079,112000
HIL,20130510,1.03,1.05,1.03,1.05,335727
HIN,20130510,2.65,2.65,2.63,2.65,48447
HLX,20130510,0.056,0.059,0.055,0.059,264472
HNG,20130510,0.42,0.425,0.42,0.425,35570
HNR,20130510,0.018,0.018,0.016,0.016,510000
HOG,20130510,0.063,0.063,0.06,0.06,698000
HOM,20130510,0.92,0.92,0.92,0.92,15000
HOR,20130510,0.12,0.12,0.11,0.115,31609
HRL,20130510,0.011,0.011,0.011,0.011,422727
HRR,20130510,0.145,0.145,0.145,0.145,7692
HSK,20130510,0.088,0.088,0.08,0.08,46378
HSN,20130510,0.915,0.92,0.91,0.92,162684
HTA,20130510,0.035,0.037,0.035,0.037,30000
HVN,20130510,2.89,2.92,2.86,2.88,1135461
HZN,20130510,0.44,0.445,0.425,0.44,1039357
IAA,20130510,47.37,47.6,47.08,47.08,7229
IAF,20130510,104.86,104.86,104.73,104.79,6593
IAG,20130510,5.93,6,5.89,5.92,3240274
IAU,20130510,0.265,0.27,0.245,0.255,5597852
IBC,20130510,0.565,0.57,0.565,0.57,136000
IBG,20130510,0.043,0.044,0.043,0.044,92467
IBK,20130510,40.24,40.4,40,40.19,5540
ICG,20130510,0.026,0.027,0.026,0.026,1245480
ICN,20130510,0.155,0.16,0.155,0.16,260224
ICQ,20130510,0.48,0.49,0.48,0.49,8000
ICZ,20130510,0.12,0.12,0.12,0.12,223500
IDC,20130510,0.066,0.068,0.064,0.068,2519547
IDO,20130510,0.085,0.085,0.085,0.085,12333
IEC,20130510,0.14,0.14,0.14,0.14,110000
IEM,20130510,43.6,43.65,43.45,43.6,57574
IEU,20130510,42.2,42.2,41.93,42.14,13085
IFE,20130510,0.1,0.115,0.1,0.115,103000
IFL,20130510,8.76,8.91,8.59,8.61,831976
IFM,20130510,0.445,0.47,0.445,0.46,436420
IFN,20130510,0.265,0.265,0.255,0.255,817518
IGB,20130510,104.03,104.03,103.62,103.62,7
IGO,20130510,3.47,3.53,3.45,3.52,801554
IHD,20130510,17.08,17.08,17,17.01,49941
IHK,20130510,20.55,20.55,20.45,20.45,5571
IIN,20130510,6.59,6.72,6.535,6.6,926319
IJH,20130510,117.93,117.93,117.7,117.76,1958
IJP,20130510,11.66,11.68,11.59,11.65,81970
IJR,20130510,89.06,89.1,89.03,89.03,1175
IKW,20130510,0.05,0.05,0.049,0.05,1257500
ILB,20130510,108.21,108.21,107.6,107.6,515
ILC,20130510,23.64,23.74,23.55,23.55,22444
ILU,20130510,10.67,10.93,10.57,10.8,3616950
IMA,20130510,0.155,0.165,0.155,0.165,19050
IMC,20130510,0.004,0.004,0.004,0.004,250000
IMD,20130510,1.025,1.04,0.98,1.005,1037046
IMF,20130510,1.89,1.89,1.81,1.86,418697
IMU,20130510,0.008,0.009,0.008,0.009,453092
INA,20130510,0.32,0.32,0.31,0.31,574310
INQ,20130510,0.82,0.83,0.79,0.82,61518
INT,20130510,0.001,0.002,0.001,0.002,2762000
IOF,20130510,3.35,3.4,3.32,3.32,1051621
IOH,20130510,0.76,0.76,0.75,0.76,633646
IOO,20130510,71.24,71.24,70.6,70.85,28826
IOZ,20130510,22.69,22.76,22.57,22.59,80419
IPB,20130510,0.27,0.27,0.27,0.27,2000
IPD,20130510,0.056,0.056,0.056,0.056,5000
IPE,20130510,0.385,0.385,0.38,0.38,200000
IPL,20130510,2.85,2.88,2.82,2.83,8370553
IPP,20130510,0.88,0.88,0.855,0.87,123000
IRD,20130510,0.23,0.24,0.23,0.24,8010
IRE,20130510,8.45,8.65,8.45,8.58,163867
IRG,20130510,0.002,0.002,0.002,0.002,250000
IRI,20130510,1.08,1.11,1.05,1.1,134558
IRL,20130510,0.004,0.004,0.003,0.003,10200000
IRM,20130510,0.027,0.027,0.027,0.027,7755
IRN,20130510,0.27,0.285,0.255,0.27,369525
IRU,20130510,95.83,95.88,95.7,95.88,4934
ISG,20130510,14.56,14.63,14.5,14.63,15292
ISN,20130510,0.15,0.185,0.15,0.17,3604429
ISO,20130510,4.11,4.14,4.11,4.12,162588
ITD,20130510,0.28,0.28,0.28,0.28,18000
IVA,20130510,0.165,0.18,0.165,0.17,535771
IVC,20130510,11.63,11.86,11.58,11.72,280620
IVE,20130510,62.52,62.54,62.2,62.54,6530
IVR,20130510,0.11,0.11,0.105,0.11,350208
IVV,20130510,163,163.15,162.66,162.97,31121
IVX,20130510,0.05,0.05,0.049,0.05,6477150
IXI,20130510,84.82,84.84,84.35,84.72,8803
IXJ,20130510,76.86,76.87,76.5,76.6,10555
IXP,20130510,63.6,63.61,63.6,63.61,400
IXR,20130510,0.097,0.097,0.088,0.088,1162500
IZZ,20130510,37.89,38.23,37.89,38,6615
JAL,20130510,0.28,0.28,0.28,0.28,10000
JAT,20130510,0.023,0.023,0.023,0.023,80000
JBH,20130510,17.04,17.39,16.95,17.32,303020
JET,20130510,0.4,0.4,0.38,0.38,12000
JHX,20130510,10.59,10.97,10.57,10.68,1124519
JIN,20130510,1.785,1.93,1.785,1.89,177330
JKA,20130510,0.125,0.125,0.12,0.125,278000
JMS,20130510,0.1,0.1,0.096,0.096,63769
JPR,20130510,0.58,0.59,0.58,0.59,132146
JRV,20130510,0.041,0.041,0.041,0.041,44275
KAB,20130510,0.006,0.006,0.006,0.006,450000
KAM,20130510,0.59,0.59,0.59,0.59,4790
KAR,20130510,5.8,6.69,5.76,6.69,2114712
KAS,20130510,0.12,0.14,0.12,0.14,963693
KAT,20130510,0.81,0.81,0.81,0.81,80000
KBC,20130510,0.165,0.165,0.16,0.16,100144
KBL,20130510,0.062,0.063,0.062,0.063,28446
KCN,20130510,2.05,2.08,1.99,2.04,1788700
KDR,20130510,0.49,0.495,0.475,0.48,516528
KEY,20130510,0.012,0.012,0.012,0.012,83333
KFE,20130510,0.105,0.105,0.1,0.105,143542
KGD,20130510,0.125,0.125,0.12,0.12,110000
KGM,20130510,0.16,0.16,0.16,0.16,160000
KIK,20130510,0.001,0.001,0.001,0.001,10476500
KKL,20130510,0.008,0.009,0.007,0.009,1381323
KKO,20130510,0.33,0.33,0.33,0.33,6000
KMD,20130510,2.42,2.43,2.37,2.38,424231
KNL,20130510,0.045,0.045,0.045,0.045,5000
KOR,20130510,0.064,0.064,0.06,0.062,175970
KOV,20130510,6.74,6.74,6.72,6.72,2400
KPL,20130510,0.37,0.37,0.35,0.37,28931
KPR,20130510,0.105,0.105,0.105,0.105,300723
KRA,20130510,0.05,0.05,0.048,0.048,24274
KRM,20130510,0.55,0.58,0.54,0.58,136800
KSC,20130510,1.87,1.9,1.87,1.9,20434
KSN,20130510,0.1,0.1,0.09,0.09,45785
LAU,20130510,0.175,0.175,0.175,0.175,57000
LBL,20130510,0.12,0.12,0.12,0.12,65000
LBT,20130510,0.05,0.05,0.05,0.05,35000
LBY,20130510,0.045,0.045,0.045,0.045,92661
LCM,20130510,1.56,1.58,1.54,1.56,139633
LCR,20130510,0.014,0.014,0.014,0.014,200000
LCT,20130510,0.047,0.05,0.047,0.05,241250
LCY,20130510,0.075,0.08,0.074,0.08,195000
LEG,20130510,0.008,0.008,0.007,0.008,2525000
LEI,20130510,20.1,20.43,19.99,20.11,1194900
LEP,20130510,2.64,2.68,2.64,2.68,80262
LGD,20130510,0.27,0.275,0.27,0.275,83800
LGM,20130510,0.023,0.023,0.023,0.023,28971
LHD,20130510,0.07,0.07,0.07,0.07,190000
LIC,20130510,0.8,0.8,0.8,0.8,5000
LIN,20130510,0.05,0.05,0.05,0.05,230000
LKO,20130510,0.005,0.006,0.005,0.005,3560000
LLC,20130510,10.9,11.16,10.84,11.11,1951083
LMB,20130510,0.07,0.07,0.07,0.07,25000
LMG,20130510,0.007,0.007,0.007,0.007,1166000
LNC,20130510,1.75,1.795,1.67,1.695,3637580
LNG,20130510,0.215,0.215,0.205,0.205,38395
LNR,20130510,0.16,0.16,0.16,0.16,10300
LNY,20130510,0.022,0.022,0.022,0.022,93
LOM,20130510,0.008,0.009,0.008,0.009,19394056
LRL,20130510,0.23,0.24,0.23,0.24,780746
LRR,20130510,0.003,0.003,0.003,0.003,175000
LSA,20130510,0.22,0.235,0.22,0.235,26774
LSX,20130510,0.605,0.605,0.58,0.58,73514
LTN,20130510,0.074,0.077,0.073,0.073,206636
LTR,20130510,0.019,0.019,0.018,0.018,208671
LYC,20130510,0.65,0.68,0.65,0.66,32823928
LYL,20130510,5.22,5.3,5.22,5.3,7689
MAB,20130510,0.54,0.58,0.54,0.58,37000
MAD,20130510,0.6,0.6,0.59,0.6,828820
MAH,20130510,0.17,0.19,0.167,0.18,9016173
MAK,20130510,0.14,0.145,0.14,0.14,599717
MAQ,20130510,8.6,8.65,8.6,8.65,16912
MAR,20130510,0.007,0.007,0.006,0.006,118570
MAT,20130510,0.41,0.42,0.4,0.42,205067
MAU,20130510,0.12,0.12,0.11,0.11,60000
MBC,20130510,0.46,0.46,0.46,0.46,93000
MBD,20130510,0.045,0.045,0.045,0.045,150000
MBN,20130510,0.2,0.2,0.185,0.19,3666106
MCE,20130510,0.92,0.92,0.9,0.92,118328
MCP,20130510,2.18,2.19,2.08,2.12,358085
MCR,20130510,0.71,0.745,0.71,0.745,280269
MCX,20130510,0.063,0.064,0.063,0.064,3401
MDL,20130510,3.22,3.27,3.15,3.26,154499
MDX,20130510,0.13,0.13,0.13,0.13,16000
MED,20130510,0.18,0.18,0.175,0.18,445929
MEI,20130510,0.027,0.027,0.027,0.027,16000
MEL,20130510,0.065,0.069,0.065,0.065,270970
MEO,20130510,0.067,0.073,0.067,0.073,2852144
MEP,20130510,0.14,0.145,0.14,0.145,5000
MEU,20130510,0.052,0.055,0.052,0.055,90500
MFC,20130510,0.018,0.019,0.018,0.019,50000
MFF,20130510,1.24,1.28,1.222,1.265,927276
MFG,20130510,7.72,7.8,7.66,7.69,174429
MGB,20130510,0.2,0.23,0.2,0.23,85000
MGV,20130510,0.08,0.08,0.08,0.08,9900
MGX,20130510,0.53,0.54,0.52,0.53,7564048
MGY,20130510,0.031,0.031,0.031,0.031,43400
MHC,20130510,0.1,0.1,0.1,0.1,37292
MHM,20130510,0.105,0.11,0.105,0.11,227443
MIN,20130510,9.98,10.3,9.97,10,905402
MIO,20130510,1.99,1.995,1.955,1.96,189433
MIR,20130510,2.35,2.36,2.32,2.32,31767
MIX,20130510,0.155,0.155,0.15,0.155,431903
MIZ,20130510,0.029,0.03,0.028,0.029,694765
MKB,20130510,0.045,0.045,0.044,0.044,924779
MKO,20130510,0.016,0.018,0.016,0.018,270963
MLB,20130510,2.08,2.1,2.05,2.06,72680
MLD,20130510,2.3,2.33,2.25,2.29,888775
MLI,20130510,0.125,0.13,0.125,0.13,111378
MLM,20130510,0.15,0.15,0.115,0.115,51000
MLT,20130510,19.7,19.9,19.6,19.77,11493
MLX,20130510,0.12,0.125,0.12,0.12,377056
MMC,20130510,0.077,0.08,0.076,0.08,197230
MML,20130510,2.89,2.89,2.81,2.86,1092887
MMR,20130510,0.049,0.049,0.049,0.049,3876
MMS,20130510,16.53,16.67,16.28,16.57,300074
MMX,20130510,0.04,0.041,0.04,0.04,144706
MNB,20130510,0.018,0.018,0.018,0.018,502800
MNC,20130510,0.024,0.025,0.024,0.025,993760
MND,20130510,20.65,21.06,20.65,20.96,222977
MNF,20130510,1.56,1.56,1.485,1.5,240533
MNM,20130510,0.039,0.039,0.036,0.036,96000
MNY,20130510,0.815,0.86,0.815,0.85,19500
MOC,20130510,2.19,2.22,2.16,2.18,140126
MOD,20130510,0.045,0.045,0.044,0.044,390000
MOG,20130510,0.008,0.008,0.008,0.008,160000
MOL,20130510,0.135,0.15,0.135,0.135,738194
MOX,20130510,0.04,0.04,0.04,0.04,20000
MOY,20130510,0.021,0.021,0.019,0.019,2232581
MOZ,20130510,0.007,0.007,0.007,0.007,250000
MPJ,20130510,0.007,0.007,0.007,0.007,100000
MPO,20130510,0.3,0.3,0.285,0.29,172969
MPS,20130510,0.062,0.063,0.062,0.062,638736
MQA,20130510,1.93,1.94,1.86,1.86,1245951
MQG,20130510,45.9,46.135,45.83,45.97,2610899
MRC,20130510,0.1,0.1,0.1,0.1,43042
MRM,20130510,3.8,3.855,3.78,3.8,283942
MRN,20130510,0.8,0.8,0.8,0.8,4000
MRP,20130510,0.22,0.23,0.22,0.23,64319
MSB,20130510,5.74,5.85,5.73,5.8,114851
MSC,20130510,0.006,0.006,0.006,0.006,1166500
MSR,20130510,0.08,0.08,0.08,0.08,15500
MTB,20130510,0.001,0.001,0.001,0.001,70000
MTE,20130510,0.073,0.073,0.073,0.073,6707
MTS,20130510,4.22,4.255,4.19,4.23,2264365
MTU,20130510,6.12,6.19,5.83,5.91,1373119
MUB,20130510,0.025,0.025,0.025,0.025,20000
MUE,20130510,0.096,0.098,0.096,0.098,260100
MUM,20130510,0.032,0.032,0.032,0.032,16000
MUX,20130510,0.155,0.155,0.15,0.15,16500
MVP,20130510,1.355,1.4,1.35,1.4,45239
MVT,20130510,0.1,0.1,0.1,0.1,212200
MWR,20130510,0.96,0.96,0.96,0.96,21000
MXI,20130510,1.365,1.38,1.355,1.37,274937
MXQ,20130510,0.33,0.33,0.33,0.33,193041
MXR,20130510,0.002,0.003,0.002,0.003,402186
MYE,20130510,1.085,1.1,1.085,1.1,15000
MYG,20130510,0.046,0.046,0.045,0.046,54250
MYR,20130510,2.93,2.96,2.92,2.92,7964803
MYS,20130510,4.77,4.8,4.66,4.66,67798
MYT,20130510,2.21,2.22,2.16,2.17,18652432
MYX,20130510,0.425,0.425,0.41,0.41,225174
MZI,20130510,0.018,0.019,0.018,0.019,900083
NAB,20130510,32.75,33.04,32.16,32.47,7822693
NAM,20130510,0.3,0.3,0.29,0.29,26054
NAN,20130510,0.45,0.47,0.45,0.47,625505
NCK,20130510,2.4,2.41,2.4,2.41,9174
NCM,20130510,17.4,17.46,17.16,17.4,2441267
NCR,20130510,0.09,0.1,0.09,0.1,253873
NDL,20130510,0.033,0.033,0.033,0.033,200000
NDO,20130510,0.032,0.034,0.029,0.03,12173216
NEA,20130510,0.285,0.29,0.28,0.285,1125465
NEN,20130510,0.255,0.26,0.25,0.26,1719838
NEU,20130510,0.038,0.042,0.038,0.039,10691930
NFE,20130510,0.245,0.245,0.23,0.24,823584
NFK,20130510,0.46,0.465,0.46,0.46,321498
NGE,20130510,0.026,0.026,0.026,0.026,100000
NGF,20130510,0.16,0.16,0.16,0.16,25000
NHC,20130510,3.92,3.94,3.75,3.86,128274
NHF,20130510,2.32,2.34,2.3,2.33,341984
NIO,20130510,0.004,0.004,0.004,0.004,22390
NKP,20130510,0.069,0.07,0.069,0.07,73750
NMG,20130510,0.029,0.031,0.029,0.031,52450
NMS,20130510,0.027,0.032,0.027,0.032,234750
NOD,20130510,0.085,0.085,0.085,0.085,103082
NPX,20130510,2.64,2.64,2.64,2.64,3822
NRR,20130510,0.021,0.021,0.021,0.021,390091
NRT,20130510,0.165,0.165,0.165,0.165,244235
NRU,20130510,0.015,0.015,0.012,0.015,3329000
NSE,20130510,0.18,0.18,0.175,0.18,270343
NST,20130510,0.84,0.85,0.815,0.845,2633585
NTC,20130510,0.24,0.24,0.24,0.24,16670
NTU,20130510,0.125,0.14,0.125,0.14,420760
NUF,20130510,4.19,4.3,4.175,4.3,859474
NVG,20130510,0.022,0.022,0.02,0.02,103750
NVI,20130510,0.13,0.13,0.13,0.13,5000
NVT,20130510,5.6,5.84,5.6,5.68,365436
NWE,20130510,0.027,0.031,0.027,0.03,847000
NWH,20130510,1.325,1.375,1.32,1.35,3688229
NWR,20130510,0.074,0.077,0.074,0.077,42432
NWS,20130510,33,33.21,32.92,33,1365347
NWT,20130510,0.4,0.405,0.395,0.405,267379
NXS,20130510,0.132,0.14,0.13,0.14,1883322
NXT,20130510,1.98,1.99,1.95,1.99,322065
NZO,20130510,0.72,0.72,0.72,0.72,2500
OBJ,20130510,0.012,0.012,0.012,0.012,270690
OBL,20130510,0.019,0.019,0.018,0.018,383169
ODN,20130510,0.001,0.002,0.001,0.002,1277000
ODY,20130510,0.021,0.021,0.019,0.019,70000
OEC,20130510,0.19,0.2,0.19,0.2,42617
OEL,20130510,0.078,0.08,0.073,0.08,315000
OEX,20130510,0.062,0.064,0.06,0.063,1372000
OGC,20130510,2.04,2.07,2.02,2.07,324245
OGY,20130510,0.028,0.028,0.028,0.028,203914
OKN,20130510,1.24,1.24,1.24,1.24,75950
OKU,20130510,0.006,0.006,0.005,0.005,259000
OMH,20130510,0.385,0.395,0.38,0.395,488548
ONC,20130510,0.17,0.18,0.17,0.18,53000
ONT,20130510,5.8,5.9,5.8,5.9,2916
OOO,20130510,48.72,48.72,48.72,48.72,108
OPG,20130510,0.145,0.145,0.145,0.145,585
ORD,20130510,0.011,0.011,0.011,0.011,169318
ORE,20130510,1.55,1.575,1.52,1.555,276057
ORG,20130510,12.49,12.7,12.49,12.64,2016454
ORI,20130510,23.82,24.18,23.82,23.9,2977340
ORL,20130510,7.24,7.3,7.24,7.27,78863
ORO,20130510,0.002,0.002,0.002,0.002,1000000
ORR,20130510,0.12,0.12,0.11,0.11,872625
OSH,20130510,7.76,7.84,7.69,7.8,4517543
OSP,20130510,0.38,0.38,0.38,0.38,14400
OTE,20130510,0.002,0.002,0.002,0.002,676400
OTH,20130510,0.5,0.515,0.5,0.515,183127
OXX,20130510,0.22,0.225,0.22,0.22,68811
OZL,20130510,4.57,4.71,4.55,4.64,2687190
OZR,20130510,10,10,9.99,9.99,10650
PAB,20130510,0.026,0.027,0.024,0.024,1090303
PAG,20130510,0.89,0.895,0.885,0.895,329603
PAN,20130510,0.31,0.325,0.305,0.315,980341
PBD,20130510,0.011,0.011,0.01,0.01,373850771
PBG,20130510,0.84,0.845,0.83,0.84,802801
PBP,20130510,0.31,0.31,0.31,0.31,10000
PBT,20130510,0.21,0.21,0.21,0.21,254031
PCL,20130510,0.071,0.071,0.067,0.067,195892
PDI,20130510,0.03,0.032,0.03,0.031,576418
PDM,20130510,0.005,0.005,0.005,0.005,3000000
PDN,20130510,0.915,0.95,0.895,0.91,7086285
PDY,20130510,0.003,0.004,0.003,0.003,1330000
PDZ,20130510,0.33,0.34,0.33,0.34,123668
PEM,20130510,0.155,0.165,0.15,0.165,1173726
PEN,20130510,0.026,0.026,0.025,0.025,730168
PEX,20130510,0.51,0.525,0.48,0.48,302226
PFG,20130510,0.105,0.105,0.105,0.105,315000
PFL,20130510,1.53,1.54,1.51,1.51,146400
PGC,20130510,0.295,0.31,0.295,0.31,65376
PGI,20130510,0.079,0.079,0.077,0.079,864257
PGM,20130510,0.04,0.04,0.04,0.04,5000
PGS,20130510,0.017,0.017,0.016,0.016,1129000
PHG,20130510,0.062,0.063,0.062,0.063,536058
PHK,20130510,0.06,0.06,0.06,0.06,200000
PIO,20130510,0.025,0.025,0.025,0.025,294000
PIR,20130510,0.85,0.88,0.83,0.855,5945102
PLS,20130510,0.024,0.024,0.024,0.024,20000
PLY,20130510,0.29,0.29,0.28,0.28,17166
PMC,20130510,1.3,1.34,1.3,1.33,538730
PME,20130510,0.56,0.56,0.56,0.56,10000
PMP,20130510,0.32,0.325,0.305,0.305,905910
PMV,20130510,8.48,8.52,8.36,8.4,408834
PNA,20130510,2.51,2.56,2.47,2.52,2211134
PNE,20130510,0.005,0.005,0.005,0.005,250000
PNL,20130510,0.095,0.095,0.095,0.095,70000
PNN,20130510,0.027,0.03,0.027,0.03,13000
PNR,20130510,0.15,0.15,0.15,0.15,30500
POH,20130510,0.12,0.125,0.12,0.125,439182
POK,20130510,0.385,0.41,0.385,0.39,250164
POS,20130510,0.175,0.182,0.175,0.18,193144
POU,20130510,15.29,15.29,15.29,15.29,2158
PPC,20130510,1.46,1.46,1.425,1.44,1137265
PPG,20130510,0.5,0.52,0.5,0.52,147512
PPP,20130510,0.1,0.1,0.1,0.1,407000
PPS,20130510,0.058,0.058,0.058,0.058,27272
PPT,20130510,42.7,43.99,42.64,43.98,169659
PPX,20130510,0.063,0.063,0.063,0.063,169505
PRA,20130510,0.042,0.042,0.041,0.041,420400
PRG,20130510,2.4,2.42,2.39,2.4,458672
PRL,20130510,0.094,0.094,0.09,0.09,1751247
PRO,20130510,0.39,0.39,0.39,0.39,469
PRR,20130510,0.09,0.09,0.086,0.089,865631
PRT,20130510,1.085,1.1,1.08,1.095,978321
PRU,20130510,1.43,1.49,1.41,1.435,1272962
PRW,20130510,0.002,0.003,0.002,0.003,4280254
PRY,20130510,5.26,5.35,4.88,4.99,5123506
PSA,20130510,0.14,0.14,0.135,0.14,265104
PSH,20130510,0.063,0.065,0.063,0.065,27250
PSP,20130510,0.015,0.015,0.015,0.015,65000
PTB,20130510,0.36,0.36,0.36,0.36,10000
PTL,20130510,0.013,0.013,0.013,0.013,452559
PTM,20130510,5.05,5.08,4.995,5.05,1449419
PTS,20130510,0.062,0.062,0.062,0.062,100000
PUN,20130510,0.185,0.185,0.165,0.165,408672
PVA,20130510,2.8,2.8,2.7,2.7,6059
PVD,20130510,0.405,0.405,0.395,0.405,122500
PVE,20130510,0.11,0.11,0.11,0.11,26174
PVM,20130510,0.365,0.37,0.36,0.37,277094
PWN,20130510,0.195,0.195,0.18,0.18,40589
PXG,20130510,0.18,0.185,0.18,0.18,175516
PXS,20130510,0.16,0.16,0.155,0.16,986061
PXT,20130510,0.15,0.15,0.15,0.15,419068
PYC,20130510,0.016,0.016,0.016,0.016,45194
PYM,20130510,0.025,0.025,0.024,0.024,195166
PZC,20130510,0.039,0.039,0.039,0.039,500
QAN,20130510,1.81,1.825,1.805,1.82,6328570
QAU,20130510,15.04,15.09,15.01,15.09,47481
QBE,20130510,14.27,14.58,14.25,14.56,5726982
QFN,20130510,11.25,11.25,10.49,10.49,2193
QFX,20130510,0.019,0.019,0.018,0.019,3724623
QHL,20130510,0.13,0.13,0.13,0.13,34105
QMN,20130510,0.02,0.02,0.019,0.02,932289
QNA,20130510,0.004,0.004,0.004,0.004,138000
QPN,20130510,0.004,0.005,0.004,0.004,1715000
QRE,20130510,5.58,5.58,5.58,5.58,906
QRL,20130510,0.031,0.031,0.031,0.031,30000
QRX,20130510,1.155,1.155,1.155,1.155,8735
QTM,20130510,0.007,0.007,0.007,0.007,9250
QUB,20130510,1.72,1.76,1.715,1.745,381332
RAU,20130510,0.008,0.01,0.008,0.01,178636
RCB,20130510,20.68,20.68,20.6,20.67,3940
RCG,20130510,0.62,0.62,0.605,0.615,261416
RCO,20130510,0.455,0.455,0.455,0.455,95000
RCP,20130510,0.005,0.006,0.004,0.004,23526557
RCR,20130510,2.4,2.44,2.38,2.42,2570944
RCU,20130510,0.475,0.475,0.475,0.475,2000
RDF,20130510,1.09,1.09,1.09,1.09,12200
RDM,20130510,0.11,0.11,0.09,0.093,1788783
RDR,20130510,0.078,0.079,0.076,0.079,130978
RDV,20130510,29.07,29.18,28.98,29.01,14478
REA,20130510,31.46,32.9,31.14,31.27,282145
REF,20130510,0.022,0.025,0.022,0.024,630008
REH,20130510,23.23,23.23,23.23,23.23,34
RES,20130510,0.22,0.24,0.21,0.24,313500
REX,20130510,1.135,1.155,1.135,1.155,104593
REY,20130510,0.06,0.06,0.06,0.06,927441
RFE,20130510,0.68,0.68,0.665,0.675,380916
RFG,20130510,4.09,4.11,4.05,4.08,288536
RFL,20130510,0.15,0.15,0.15,0.15,125000
RGB,20130510,20.8,20.85,20.8,20.85,472
RGX,20130510,0.043,0.043,0.043,0.043,11628
RHC,20130510,33.5,34.14,33.49,33.84,242070
RHG,20130510,0.38,0.38,0.37,0.37,833423
RHL,20130510,2.93,2.93,2.9,2.93,81205
RIA,20130510,0.04,0.04,0.038,0.04,1407500
RIC,20130510,0.82,0.845,0.81,0.815,304512
RIO,20130510,58.54,59.01,57.9,58.45,3605819
RKN,20130510,2.49,2.49,2.44,2.45,14943
RLC,20130510,0.07,0.07,0.051,0.051,25000
RMD,20130510,4.96,5.02,4.94,4.97,8534826
RMG,20130510,0.002,0.002,0.002,0.002,100000
RMP,20130510,0.049,0.049,0.049,0.049,6776
RMS,20130510,0.215,0.235,0.21,0.235,1550462
RND,20130510,0.35,0.35,0.35,0.35,30000
RNI,20130510,0.089,0.095,0.087,0.092,195467
RNS,20130510,0.125,0.125,0.11,0.11,71000
RNY,20130510,0.29,0.29,0.285,0.29,437094
ROC,20130510,0.465,0.5,0.465,0.49,2148626
ROL,20130510,0.275,0.28,0.275,0.275,101101
ROY,20130510,0.034,0.034,0.034,0.034,100000
RQL,20130510,0.165,0.17,0.165,0.17,340104
RRL,20130510,4.2,4.23,4.12,4.18,2424654
RRP,20130510,0.006,0.006,0.006,0.006,8650
RRS,20130510,0.047,0.049,0.047,0.047,325902
RSG,20130510,0.89,0.905,0.86,0.88,7734620
RSL,20130510,0.01,0.01,0.01,0.01,30000
RSM,20130510,20.72,20.72,20.72,20.72,4
RSR,20130510,4.08,4.08,4.08,4.08,125
RUB,20130510,0.01,0.01,0.01,0.01,50000
RUL,20130510,0.595,0.595,0.595,0.595,100000
RUM,20130510,0.145,0.145,0.145,0.145,160000
RVA,20130510,0.52,0.54,0.52,0.54,185000
RVL,20130510,32.16,32.16,32.16,32.16,1801
RVR,20130510,0.012,0.012,0.012,0.012,116500
RVY,20130510,0.028,0.028,0.028,0.028,100000
RWD,20130510,0.38,0.38,0.38,0.38,13308
RWH,20130510,3.06,3.06,3.06,3.06,3000
RXL,20130510,0.041,0.043,0.04,0.04,1775761
RXM,20130510,0.29,0.3,0.285,0.29,659973
RXP,20130510,0.72,0.72,0.72,0.72,45000
RYG,20130510,0.011,0.011,0.011,0.011,55586
SAI,20130510,3.91,4,3.91,4,1592386
SAR,20130510,0.175,0.19,0.175,0.18,8633924
SAU,20130510,0.019,0.019,0.017,0.017,1110715
SBM,20130510,0.7,0.81,0.67,0.755,8415602
SBR,20130510,0.094,0.094,0.09,0.09,260000
SBU,20130510,0.082,0.082,0.082,0.082,10000
SCC,20130510,0.415,0.415,0.415,0.415,6500
SCI,20130510,0.07,0.07,0.07,0.07,30000
SCP,20130510,1.77,1.81,1.77,1.785,1178669
SDG,20130510,1.54,1.575,1.53,1.575,544401
SDI,20130510,0.525,0.525,0.525,0.525,214639
SDL,20130510,0.1,0.105,0.1,0.1,5863219
SDM,20130510,0.725,0.725,0.71,0.715,300615
SEA,20130510,0.93,0.965,0.925,0.965,1683984
SEG,20130510,0.002,0.002,0.002,0.002,783335
SEH,20130510,0.13,0.13,0.13,0.13,162500
SEK,20130510,10.66,10.88,10.64,10.73,877652
SER,20130510,0.039,0.039,0.038,0.038,930000
SFC,20130510,4.38,4.38,4.38,4.38,1250
SFH,20130510,1.195,1.195,1.195,1.195,33621
SFP,20130510,0.006,0.006,0.006,0.006,200000
SFR,20130510,6.42,6.74,6.42,6.74,1611229
SFW,20130510,0.665,0.675,0.665,0.665,1348807
SFX,20130510,0.56,0.595,0.56,0.56,40198
SFY,20130510,52.18,52.44,52.09,52.11,4299
SFZ,20130510,0.075,0.075,0.075,0.075,665000
SGH,20130510,2.76,2.79,2.75,2.78,452338
SGI,20130510,0.28,0.28,0.28,0.28,60000
SGM,20130510,10.89,11.24,10.88,10.94,1659366
SGN,20130510,1.55,1.59,1.54,1.58,658651
SGP,20130510,3.76,3.83,3.75,3.82,5763257
SGQ,20130510,0.175,0.195,0.17,0.195,21000
SGT,20130510,3.11,3.16,3.09,3.12,1551944
SGU,20130510,0.01,0.01,0.01,0.01,30000
SGZ,20130510,0.02,0.02,0.02,0.02,10000
SHD,20130510,0.085,0.085,0.083,0.083,142000
SHE,20130510,0.013,0.013,0.013,0.013,50000
SHL,20130510,14.09,14.51,13.87,14.34,1920014
SHV,20130510,3.16,3.25,3.1,3.25,125977
SIH,20130510,0.083,0.083,0.083,0.083,140000
SIP,20130510,0.795,0.81,0.79,0.8,1939988
SIR,20130510,2.8,2.88,2.76,2.81,410725
SIV,20130510,7.91,8,7.84,7.99,292308
SKC,20130510,3.68,3.68,3.65,3.67,8329
SKE,20130510,2.88,2.94,2.83,2.86,383637
SKI,20130510,1.84,1.845,1.82,1.825,1737284
SKT,20130510,4.6,4.65,4.46,4.51,1878959
SLF,20130510,10.24,10.27,10.17,10.22,78848
SLM,20130510,1.995,1.995,1.965,1.98,26093
SLR,20130510,1.11,1.135,1.09,1.12,3808798
SLX,20130510,2.41,2.6,2.41,2.46,1079630
SMD,20130510,0.027,0.027,0.027,0.027,5000
SML,20130510,0.09,0.09,0.09,0.09,159000
SMN,20130510,0.036,0.036,0.036,0.036,86100
SMR,20130510,0.135,0.14,0.135,0.14,79931
SMX,20130510,5.06,5.27,5.03,5.26,302516
SND,20130510,0.7,0.7,0.7,0.7,8053
SNL,20130510,1.62,1.72,1.62,1.72,19470
SNY,20130510,0.36,0.36,0.36,0.36,41591
SOC,20130510,0.195,0.195,0.195,0.195,20000
SOL,20130510,14.73,14.97,14.63,14.88,29273
SPI,20130510,0.025,0.025,0.025,0.025,400000
SPL,20130510,0.86,0.935,0.855,0.93,277557
SPN,20130510,1.31,1.317,1.29,1.29,3179071
SPS,20130510,0.008,0.008,0.007,0.008,8513143
SRI,20130510,0.075,0.077,0.075,0.077,203212
SRM,20130510,0.215,0.215,0.19,0.205,492918
SRQ,20130510,0.026,0.026,0.026,0.026,33620
SRR,20130510,0.01,0.01,0.01,0.01,123807
SRV,20130510,3.6,3.6,3.5,3.6,15800
SRX,20130510,10.36,10.76,10.36,10.75,459985
SSM,20130510,0.215,0.22,0.21,0.215,540055
SSN,20130510,0.024,0.025,0.024,0.025,1106920
SSO,20130510,12.01,12.01,12.01,12.01,15675
STB,20130510,0.295,0.3,0.28,0.28,3500
STO,20130510,12.88,13.1,12.84,12.89,3081567
STS,20130510,0.49,0.49,0.48,0.48,19829
STW,20130510,49.3,49.6,49.18,49.24,109134
STX,20130510,0.098,0.105,0.095,0.105,729934
SUD,20130510,0.037,0.04,0.036,0.037,6029934
SUH,20130510,0.11,0.11,0.11,0.11,887
SUL,20130510,12.65,12.83,12.53,12.53,479396
SUM,20130510,0.185,0.2,0.185,0.2,337000
SUN,20130510,12.37,12.52,12.27,12.38,3262221
SUR,20130510,0.032,0.034,0.031,0.033,1638019
SVL,20130510,0.034,0.034,0.034,0.034,31220
SVW,20130510,9.45,9.9,9.38,9.66,608137
SWE,20130510,0.13,0.13,0.12,0.12,50228
SWJ,20130510,0.14,0.14,0.14,0.14,355571
SWK,20130510,0.335,0.34,0.33,0.33,649235
SWL,20130510,1.05,1.05,1.01,1.04,74600
SWM,20130510,2.38,2.415,2.37,2.38,3102337
SXA,20130510,0.23,0.23,0.23,0.23,1755
SXE,20130510,1.11,1.125,1.11,1.11,515024
SXG,20130510,0.022,0.022,0.021,0.021,208063
SXI,20130510,0.016,0.016,0.016,0.016,267361
SXL,20130510,1.565,1.59,1.535,1.555,3815151
SXX,20130510,0.01,0.01,0.01,0.01,625330
SXY,20130510,0.715,0.725,0.705,0.725,2352241
SYD,20130510,3.54,3.59,3.51,3.54,4773232
SYI,20130510,29.88,29.94,29.64,29.64,2335
SYR,20130510,1.855,1.945,1.85,1.91,276622
SZG,20130510,0.18,0.18,0.18,0.18,212805
TAH,20130510,3.56,3.62,3.53,3.54,2539287
TAM,20130510,0.11,0.135,0.11,0.125,1683099
TAN,20130510,0.415,0.415,0.415,0.415,114600
TAP,20130510,0.55,0.56,0.535,0.555,557848
TAR,20130510,0.038,0.04,0.038,0.04,138300
TAS,20130510,0.06,0.064,0.06,0.06,71574
TAU,20130510,0.095,0.095,0.094,0.094,102393
TAW,20130510,0.006,0.006,0.006,0.006,14500
TBR,20130510,1.35,1.35,1.35,1.35,79530
TCL,20130510,6.95,6.96,6.9,6.92,5513014
TCM,20130510,0.11,0.11,0.11,0.11,5000
TCQ,20130510,0.295,0.295,0.295,0.295,120000
TDO,20130510,0.12,0.12,0.115,0.115,2076147
TEG,20130510,0.012,0.012,0.012,0.012,200000
TEL,20130510,2.23,2.25,2.22,2.22,2654604
TEN,20130510,0.32,0.325,0.315,0.32,4475222
TEX,20130510,0.067,0.069,0.067,0.069,40000
TFC,20130510,0.52,0.52,0.505,0.505,42250
TFS,20130510,0.1,0.1,0.1,0.1,5000
TGA,20130510,2.15,2.15,2.1,2.12,329789
TGG,20130510,0.945,0.95,0.93,0.93,828662
TGR,20130510,2,2.01,1.98,1.99,128841
TGS,20130510,0.25,0.255,0.245,0.25,2120838
TGZ,20130510,0.9,0.925,0.88,0.925,42696
THO,20130510,0.075,0.075,0.075,0.075,41668
THR,20130510,0.005,0.005,0.005,0.005,8861
TIG,20130510,0.17,0.17,0.165,0.17,62600
TIS,20130510,0.125,0.125,0.12,0.125,87672
TIX,20130510,0.51,0.52,0.51,0.51,2280074
TKG,20130510,0.015,0.015,0.015,0.015,307762
TLG,20130510,0.18,0.18,0.18,0.18,60000
TLM,20130510,0.135,0.14,0.135,0.135,330916
TLS,20130510,5.01,5.04,4.99,5.01,27799348
TLU,20130510,0.06,0.075,0.06,0.075,120000
TME,20130510,4.23,4.31,4.2,4.27,5248626
TND,20130510,0.032,0.033,0.032,0.033,77234
TNE,20130510,1.71,1.71,1.61,1.62,152464
TNG,20130510,0.074,0.075,0.074,0.074,250980
TNP,20130510,0.027,0.028,0.026,0.028,1150000
TOE,20130510,0.089,0.09,0.088,0.089,666072
TOL,20130510,5.36,5.4,5.35,5.39,6994734
TON,20130510,0.067,0.067,0.065,0.065,1813901
TOX,20130510,3.38,3.42,3.36,3.39,110892
TPD,20130510,0.044,0.044,0.04,0.04,214773
TPI,20130510,0.945,0.97,0.945,0.955,4852882
TPM,20130510,3.77,3.81,3.73,3.8,1338149
TPP,20130510,0.06,0.06,0.06,0.06,200000
TPR,20130510,0.075,0.075,0.075,0.075,130000
TPT,20130510,0.23,0.24,0.23,0.24,90432
TRF,20130510,0.11,0.15,0.11,0.145,1545851
TRG,20130510,6.45,6.49,6.35,6.37,10591
TRO,20130510,0.07,0.1,0.067,0.067,918010
TRS,20130510,18.39,18.44,18.25,18.4,87580
TRU,20130510,6.4,6.58,6.37,6.58,132548
TRY,20130510,1.925,1.965,1.885,1.965,698095
TSE,20130510,1.64,1.65,1.58,1.6,1886660
TSM,20130510,0.29,0.29,0.28,0.29,266077
TSN,20130510,0.004,0.005,0.004,0.005,2231717
TTE,20130510,0.012,0.013,0.012,0.013,3835526
TTN,20130510,1.7,1.745,1.7,1.745,27200
TTS,20130510,3.32,3.38,3.29,3.3,3483961
TUC,20130510,0.055,0.055,0.053,0.053,127850
TWD,20130510,2.66,2.7,2.66,2.7,25789
TWE,20130510,5.81,6.17,5.81,6.01,2599228
TWH,20130510,0.003,0.003,0.003,0.003,702096
TWR,20130510,1.47,1.48,1.47,1.48,9572
TZL,20130510,0.135,0.14,0.125,0.14,210000
TZN,20130510,0.02,0.022,0.02,0.022,2500000
UBI,20130510,0.65,0.65,0.65,0.65,2500
UCL,20130510,0.31,0.312,0.31,0.31,2417534
UCM,20130510,0.2,0.2,0.2,0.2,100000
UEQ,20130510,0.026,0.026,0.026,0.026,53211
UGL,20130510,10,10.07,9.91,9.95,914392
UML,20130510,0.075,0.096,0.075,0.088,7050579
UNS,20130510,0.35,0.51,0.35,0.47,5042040
UNX,20130510,0.037,0.037,0.037,0.037,29000
UOG,20130510,0.018,0.018,0.018,0.018,20000
UOS,20130510,0.475,0.49,0.475,0.49,32000
URF,20130510,1.76,1.77,1.76,1.76,43316
USA,20130510,0.034,0.035,0.034,0.035,194500
USD,20130510,9.81,9.84,9.81,9.84,195153
USF,20130510,1.61,1.61,1.61,1.61,13750
UXC,20130510,1.06,1.11,1.06,1.09,752139
VAF,20130510,49.64,49.64,49.49,49.49,303
VAH,20130510,0.47,0.475,0.452,0.455,17805871
VAP,20130510,64.03,64.34,63.94,63.97,3586
VAS,20130510,66.82,66.9,66.35,66.35,18341
VBP,20130510,6.67,6.67,6.67,6.67,21808
VEI,20130510,0.625,0.635,0.625,0.63,246691
VES,20130510,0.1,0.1,0.1,0.1,5000
VEU,20130510,48.57,48.62,48.27,48.62,4567
VGB,20130510,49.25,49.25,49.25,49.25,101
VHY,20130510,63.7,64.27,63.67,63.67,9476
VIC,20130510,0.052,0.052,0.05,0.05,187449
VLA,20130510,0.305,0.305,0.295,0.295,49106
VLC,20130510,58.28,58.28,58.28,58.28,1713
VLW,20130510,1.1,1.105,1.1,1.105,52890
VMC,20130510,0.1,0.1,0.1,0.1,135000
VMG,20130510,0.013,0.013,0.013,0.013,10000
VML,20130510,0.02,0.02,0.02,0.02,22973
VMS,20130510,0.17,0.175,0.165,0.17,74627
VMT,20130510,0.016,0.016,0.013,0.015,1425529
VOC,20130510,2.27,2.31,2.26,2.27,125430
VOR,20130510,0.008,0.009,0.008,0.009,4143523
VRL,20130510,5.25,5.33,5.25,5.25,138866
VSO,20130510,46.41,46.71,46.4,46.55,1720
VTG,20130510,0.59,0.59,0.59,0.59,310227
VTS,20130510,83.88,83.88,83.55,83.79,7611
VXR,20130510,0.017,0.017,0.015,0.017,608000
WAA,20130510,1.17,1.17,1.17,1.17,52500
WAF,20130510,0.19,0.19,0.17,0.17,69431
WAM,20130510,1.75,1.755,1.74,1.74,393561
WAS,20130510,0.008,0.008,0.008,0.008,20000
WAX,20130510,1.03,1.04,1.03,1.03,100900
WBA,20130510,0.64,0.64,0.64,0.64,7000
WBB,20130510,5.97,5.99,5.97,5.99,16400
WBC,20130510,33.51,33.61,32.93,32.95,9712465
WCB,20130510,4.2,4.215,4.2,4.215,1566
WCL,20130510,0.28,0.28,0.28,0.28,114800
WCN,20130510,0.011,0.011,0.011,0.011,15000
WCP,20130510,0.06,0.06,0.06,0.06,200000
WDC,20130510,11.9,12.18,11.9,12.01,3431717
WDR,20130510,0.78,0.8,0.76,0.8,276215
WDS,20130510,0.385,0.4,0.385,0.39,343704
WEB,20130510,4.56,4.63,4.53,4.6,86839
WEC,20130510,0.18,0.195,0.175,0.175,337494
WES,20130510,41.95,42.81,41.91,42.33,3102595
WGO,20130510,0.028,0.03,0.028,0.03,380000
WHC,20130510,2.18,2.28,2.14,2.21,10670878
WHE,20130510,0.057,0.058,0.057,0.058,500000
WHF,20130510,3.85,3.85,3.82,3.82,34749
WHG,20130510,0.64,0.665,0.64,0.655,1638522
WHN,20130510,0.029,0.031,0.029,0.029,3152523
WIC,20130510,1.17,1.17,1.16,1.16,35432
WIG,20130510,0.3,0.3,0.3,0.3,414
WKT,20130510,0.015,0.015,0.015,0.015,151601
WLF,20130510,0.295,0.3,0.295,0.3,87339
WLL,20130510,2.6,2.6,2.6,2.6,35000
WLR,20130510,0.013,0.013,0.013,0.013,140720
WMN,20130510,0.105,0.11,0.105,0.11,45000
WOR,20130510,23.8,24.06,23.8,23.93,765002
WOW,20130510,34.9,34.96,34.56,34.7,1760983
WPG,20130510,0.046,0.047,0.044,0.044,994937
WPL,20130510,37.07,37.29,36.89,37.24,1880974
WRM,20130510,0.049,0.049,0.046,0.046,200000
WRR,20130510,0.17,0.225,0.17,0.225,64000
WRT,20130510,3.35,3.44,3.33,3.39,5878132
WSA,20130510,2.98,3.12,2.98,3.1,1171026
WTF,20130510,5.34,5.41,5.31,5.36,400607
WTP,20130510,0.83,0.83,0.82,0.82,101038
WTR,20130510,0.22,0.22,0.215,0.22,377593
WWM,20130510,0.064,0.064,0.064,0.064,490000
XAM,20130510,0.037,0.037,0.037,0.037,200
XCD,20130510,0.095,0.095,0.095,0.095,20000
XRO,20130510,11.2,11.57,11.2,11.35,23571
YAL,20130510,0.625,0.72,0.62,0.72,130885
YBR,20130510,0.585,0.585,0.57,0.57,77769
YTC,20130510,0.215,0.22,0.2,0.2,129110
ZGL,20130510,0.28,0.28,0.28,0.28,52500
ZGM,20130510,0.007,0.007,0.007,0.007,6200
ZNC,20130510,0.145,0.17,0.145,0.17,18000
ZRL,20130510,0.001,0.001,0.001,0.001,1980000
ZTA,20130510,0.025,0.026,0.025,0.026,107092
ZYL,20130510,0.008,0.009,0.008,0.008,1997233
XAF,20130510,5288.5,5330.5,5283.7,5291.9,0
XAO,20130510,5180.6,5223.9,5182.2,5191.1,0
XAT,20130510,5167.9,5210.9,5166.7,5174.6,0
XDJ,20130510,1681,1697.7,1679.1,1682,0
XEC,20130510,1105.9,1122.3,1105.4,1122.3,0
XEJ,20130510,13216.5,13364.6,13215.1,13342.7,0
XFJ,20130510,5778.4,5828.6,5740.4,5754.5,0
XFL,20130510,5340.5,5383.5,5336.1,5344.3,0
XGD,20130510,3477.9,3477.9,3406.2,3443.2,0
XHJ,20130510,12924.7,13177.1,12925.9,13131.7,0
XIJ,20130510,687,703.5,686.3,697.8,0
XJO,20130510,5198.4,5242.5,5198.2,5206.1,0
XJR,20130510,4029.7,4074.7,4023.6,4053.9,0
XKO,20130510,5156.2,5199.6,5156.5,5164.8,0
XMD,20130510,4289,4346.3,4288,4310.8,0
XMJ,20130510,9696.2,9809.2,9684.3,9749.7,0
XMM,20130510,3216.8,3252.5,3206.9,3233.3,0
XNJ,20130510,3872.8,3932.4,3887.2,3904.8,0
XPJ,20130510,1114.5,1131,1112.4,1120.1,0
XSJ,20130510,10171.2,10313.3,10171.2,10241.5,0
XSO,20130510,2236.3,2255.1,2236,2253.6,0
XTJ,20130510,1737.5,1741.8,1725.7,1730.7,0
XTL,20130510,3244.3,3269.6,3236.9,3243.4,0
XTO,20130510,4304.1,4340.6,4303,4309.2,0
XUJ,20130510,5695.4,5760,5701.8,5719.4,0
XXJ,20130510,6703.6,6756,6642.7,6664.4,0
