AAA,20130930,50.21,50.23,50.21,50.23,7593
AAC,20130930,1.035,1.045,1.025,1.03,1061359
AAD,20130930,1.845,1.87,1.845,1.85,1051905
AAK,20130930,0.001,0.001,0.001,0.001,250000
AAX,20130930,1.63,1.635,1.61,1.625,161422
ABC,20130930,3.69,3.7,3.645,3.69,1292083
ABN,20130930,0.023,0.035,0.023,0.027,18553040
ABP,20130930,2.29,2.3,2.26,2.26,522331
ABQ,20130930,0.011,0.016,0.011,0.016,1660099
ABU,20130930,0.031,0.031,0.03,0.03,2850853
ABY,20130930,0.34,0.35,0.34,0.35,104436
ABZ,20130930,0.17,0.17,0.17,0.17,79323
ACB,20130930,0.06,0.06,0.058,0.059,121609
ACG,20130930,0.19,0.195,0.185,0.19,2320255
ACL,20130930,0.59,0.61,0.59,0.61,1566656
ACR,20130930,3.3,3.315,3.22,3.3,289775
ACS,20130930,0.19,0.19,0.19,0.19,2500
ADA,20130930,0.44,0.46,0.44,0.46,11000
ADJ,20130930,0.072,0.072,0.07,0.072,1809000
ADN,20130930,0.07,0.07,0.07,0.07,50000
ADO,20130930,0.061,0.062,0.058,0.061,2672598
ADX,20130930,0.019,0.019,0.017,0.017,292683
ADY,20130930,0.019,0.019,0.019,0.019,265000
AEB,20130930,0.17,0.175,0.17,0.175,10000
AEE,20130930,0.052,0.052,0.052,0.052,10000
AEM,20130930,0.014,0.015,0.014,0.015,1200307
AEU,20130930,1.55,1.56,1.55,1.55,129211
AFI,20130930,5.83,5.85,5.73,5.74,429321
AFR,20130930,0.1,0.105,0.097,0.099,229983
AGD,20130930,0.18,0.18,0.18,0.18,12500
AGE,20130930,0.069,0.07,0.069,0.07,314600
AGF,20130930,0.785,0.785,0.77,0.785,383215
AGG,20130930,3,3,2.92,2.92,641
AGI,20130930,4.25,4.27,4.18,4.27,251199
AGK,20130930,15.53,15.59,15.42,15.42,1053143
AGO,20130930,0.875,0.875,0.865,0.87,5927014
AGR,20130930,0.07,0.07,0.07,0.07,200000
AGS,20130930,0.14,0.14,0.14,0.14,77000
AGX,20130930,0.02,0.02,0.017,0.019,229005
AHD,20130930,8.18,8.4,8.11,8.4,25703
AHE,20130930,3.93,3.95,3.85,3.87,195828
AHZ,20130930,0.092,0.093,0.089,0.089,3642801
AIA,20130930,2.92,2.93,2.82,2.93,36156
AIK,20130930,0.064,0.064,0.064,0.064,235013
AIO,20130930,5.9,5.94,5.83,5.83,2352680
AIQ,20130930,0.285,0.285,0.285,0.285,1178
AIW,20130930,0.011,0.014,0.011,0.014,2008054
AIX,20130930,0.019,0.019,0.018,0.019,7634718
AIZ,20130930,1.34,1.37,1.34,1.37,41820
AJA,20130930,3.49,3.49,3.42,3.45,19291
AJD,20130930,1.12,1.12,1.11,1.11,76595
AJL,20130930,1.35,1.35,1.3,1.3,61301
AJM,20130930,0.13,0.13,0.13,0.13,36648
AJQ,20130930,0.295,0.305,0.285,0.3,114318
AJX,20130930,0.135,0.135,0.125,0.13,75207
AKA,20130930,0.095,0.095,0.095,0.095,10000
AKG,20130930,0.96,0.96,0.95,0.95,20560
AKK,20130930,0.012,0.012,0.011,0.012,2740000
AKM,20130930,0.05,0.06,0.049,0.06,410000
ALF,20130930,1.735,1.74,1.72,1.735,421165
ALK,20130930,0.395,0.42,0.395,0.4,155838
ALL,20130930,4.58,4.63,4.52,4.62,1917290
ALQ,20130930,10.26,10.64,10.15,10.5,1835427
ALR,20130930,1.32,1.33,1.32,1.33,13300
ALT,20130930,0.019,0.019,0.018,0.018,783879
ALU,20130930,2.55,2.55,2.42,2.53,163842
ALY,20130930,0.044,0.044,0.044,0.044,1000
ALZ,20130930,3.61,3.665,3.59,3.65,989405
AMA,20130930,0.365,0.365,0.36,0.36,209764
AMB,20130930,0.18,0.18,0.18,0.18,17601
AMC,20130930,10.74,10.74,10.45,10.46,3206238
AMH,20130930,0.89,0.9,0.89,0.89,13045
AMM,20130930,1.905,1.905,1.82,1.87,1424717
AMP,20130930,4.67,4.68,4.59,4.61,9978768
AMX,20130930,0.125,0.13,0.12,0.12,249684
ANG,20130930,3.35,3.39,3.34,3.36,22202
ANN,20130930,21,21.06,20.73,20.88,506913
ANP,20130930,0.014,0.014,0.014,0.014,1377857
ANQ,20130930,0.008,0.008,0.008,0.008,161000
ANZ,20130930,31.3,31.35,30.78,30.78,6094996
AOC,20130930,0.081,0.081,0.081,0.081,165000
AOD,20130930,1.03,1.03,1.02,1.02,45111
AOH,20130930,0.15,0.155,0.15,0.155,251960
AOK,20130930,0.14,0.14,0.14,0.14,185857
AOM,20130930,0.011,0.011,0.011,0.011,87
AON,20130930,0.035,0.035,0.035,0.035,38461
AOP,20130930,0.05,0.05,0.05,0.05,12500
APA,20130930,5.94,5.98,5.91,5.97,1734924
APE,20130930,4.82,4.85,4.76,4.85,54149
APG,20130930,0.032,0.032,0.032,0.032,333721
API,20130930,0.5,0.51,0.475,0.48,2536487
APN,20130930,0.375,0.38,0.37,0.38,353787
APZ,20130930,0.165,0.17,0.16,0.16,1114761
AQA,20130930,2.11,2.17,2.1,2.15,434272
AQC,20130930,0.014,0.015,0.014,0.015,4318768
AQD,20130930,0.023,0.023,0.023,0.023,40000
AQF,20130930,1.94,1.94,1.94,1.94,8380
AQG,20130930,3.21,3.29,3.16,3.19,335130
AQP,20130930,0.9,0.9,0.87,0.895,156330
AQZ,20130930,1.55,1.58,1.53,1.53,52399
ARA,20130930,0.29,0.305,0.29,0.305,97603
ARF,20130930,1.16,1.185,1.16,1.17,73200
ARG,20130930,7.05,7.05,6.91,6.91,140361
ARH,20130930,0.076,0.076,0.065,0.065,182600
ARI,20130930,1.245,1.25,1.22,1.22,4427829
ARM,20130930,0.067,0.07,0.067,0.07,20807
ARP,20130930,12.72,12.74,12.5,12.66,48953
ARU,20130930,0.1,0.105,0.099,0.1,119666
ARV,20130930,0.006,0.006,0.005,0.005,1070000
ARW,20130930,0.93,0.93,0.93,0.93,7038
ASB,20130930,0.765,0.8,0.765,0.8,67948
ASL,20130930,1.565,1.59,1.52,1.565,2092826
ASX,20130930,34.75,34.8,34.36,34.53,536339
ASZ,20130930,0.395,0.395,0.395,0.395,107062
ATN,20130930,0.003,0.003,0.003,0.003,100000
ATP,20130930,0.054,0.056,0.054,0.056,58000
ATR,20130930,0.99,0.99,0.99,0.99,1162
ATU,20130930,1.86,1.86,1.76,1.76,272592
AUB,20130930,11.2,11.3,10.91,11.19,23590
AUF,20130930,1.1,1.1,1.1,1.1,19340
AUI,20130930,7.61,7.61,7.6,7.6,3760
AUK,20130930,0.022,0.022,0.022,0.022,90000
AUQ,20130930,0.05,0.05,0.045,0.045,281862
AUT,20130930,3.4,3.42,3.305,3.34,904096
AUZ,20130930,0.008,0.008,0.008,0.008,100000
AVA,20130930,0.14,0.14,0.14,0.14,105999
AVB,20130930,0.083,0.083,0.079,0.079,972882
AVG,20130930,0.455,0.46,0.455,0.46,124190
AVH,20130930,0.12,0.12,0.115,0.12,484932
AVJ,20130930,0.59,0.59,0.585,0.585,81419
AVQ,20130930,0.02,0.02,0.019,0.019,6851987
AVX,20130930,0.017,0.017,0.015,0.015,293000
AWC,20130930,1.025,1.03,1.015,1.025,11977192
AWD,20130930,0.009,0.009,0.009,0.009,640000
AWE,20130930,1.235,1.24,1.207,1.235,1855305
AWK,20130930,0.46,0.47,0.46,0.465,62800
AWN,20130930,0.46,0.46,0.46,0.46,43000
AWV,20130930,0.024,0.024,0.024,0.024,2400
AXC,20130930,0.001,0.001,0.001,0.001,6200000
AXE,20130930,0.18,0.18,0.165,0.165,67158
AYA,20130930,0.7,0.7,0.7,0.7,4001
AYG,20130930,0.004,0.004,0.004,0.004,16000
AYN,20130930,0.003,0.004,0.003,0.004,6667000
AZF,20130930,2.28,2.28,2.27,2.28,13880
AZJ,20130930,4.69,4.705,4.65,4.68,3772768
AZM,20130930,0.036,0.036,0.036,0.036,129225
AZS,20130930,0.03,0.031,0.03,0.03,521735
AZV,20130930,0.13,0.135,0.13,0.135,802646
AZY,20130930,0.036,0.036,0.036,0.036,696
AZZ,20130930,0.5,0.5,0.5,0.5,151133
BAB,20130930,0.063,0.065,0.063,0.065,35101
BAS,20130930,0.009,0.009,0.009,0.009,40416
BAU,20130930,0.13,0.135,0.125,0.125,2322500
BBG,20130930,0.38,0.38,0.37,0.375,906273
BBR,20130930,0.26,0.29,0.26,0.29,6000
BCC,20130930,0.067,0.067,0.065,0.065,2709637
BCD,20130930,0.034,0.034,0.032,0.032,77387
BCI,20130930,4.44,4.47,4.35,4.38,486309
BCK,20130930,0.049,0.049,0.049,0.049,10000
BCT,20130930,0.145,0.145,0.145,0.145,10000
BDI,20130930,0.001,0.001,0.001,0.001,2500000
BDM,20130930,0.032,0.035,0.032,0.035,240099
BDR,20130930,0.9,0.935,0.89,0.92,4951769
BEAR,20130930,18.88,18.88,18.68,18.82,33288
BEN,20130930,10.17,10.18,10.02,10.02,1270426
BEZ,20130930,0.051,0.054,0.05,0.05,440000
BFG,20130930,0.695,0.72,0.695,0.72,35206
BGA,20130930,3.51,3.55,3.48,3.55,171740
BGG,20130930,0.17,0.17,0.17,0.17,26187
BGL,20130930,0.8,0.82,0.8,0.815,150424
BGS,20130930,0.024,0.024,0.022,0.022,2764254
BHP,20130930,36.01,36.01,35.74,35.74,6122229
BHU,20130930,0.06,0.06,0.06,0.06,400000
BIS,20130930,0.97,0.97,0.97,0.97,3800
BIT,20130930,0.094,0.094,0.085,0.085,290000
BKI,20130930,1.53,1.53,1.525,1.53,134977
BKL,20130930,28.58,28.58,27.95,27.97,5656
BKN,20130930,5.7,5.73,5.61,5.65,442338
BKP,20130930,0.006,0.006,0.006,0.006,2666650
BKW,20130930,13.8,13.8,13.47,13.6,56065
BKY,20130930,0.215,0.215,0.215,0.215,42000
BLD,20130930,4.83,4.85,4.78,4.8,2396537
BLG,20130930,0.145,0.15,0.145,0.15,49374
BLK,20130930,0.21,0.215,0.2,0.2,20000
BLT,20130930,0.39,0.39,0.365,0.37,249719
BLY,20130930,0.455,0.46,0.435,0.435,2811210
BLZ,20130930,0.001,0.001,0.001,0.001,1100000
BMB,20130930,0.082,0.084,0.082,0.084,83029
BMG,20130930,0.006,0.006,0.005,0.005,1565000
BML,20130930,0.002,0.002,0.002,0.002,1650000
BMN,20130930,0.053,0.054,0.053,0.053,154455
BMY,20130930,0.015,0.015,0.015,0.015,252
BND,20130930,0.225,0.23,0.225,0.23,993398
BNE,20130930,0.001,0.001,0.001,0.001,500000
BNO,20130930,0.795,0.87,0.795,0.82,1128081
BNX,20130930,0.17,0.17,0.17,0.17,3500
BOC,20130930,0.545,0.55,0.545,0.55,3930
BOL,20130930,0.195,0.195,0.185,0.195,1173027
BOQ,20130930,11,11.01,10.75,10.8,1508685
BPH,20130930,0.013,0.013,0.013,0.013,175000
BPO,20130930,0.002,0.002,0.002,0.002,1830334
BPT,20130930,1.355,1.355,1.325,1.335,2302776
BRG,20130930,8.77,8.83,8.65,8.75,195963
BRL,20130930,0.145,0.145,0.14,0.14,628621
BRU,20130930,1.72,1.72,1.67,1.685,564069
BSA,20130930,0.145,0.145,0.14,0.14,137658
BSE,20130930,0.375,0.38,0.375,0.375,57788
BSL,20130930,4.62,4.71,4.59,4.68,5045194
BSM,20130930,0.011,0.011,0.011,0.011,100000
BTR,20130930,0.29,0.295,0.275,0.285,1263339
BTT,20130930,4.33,4.33,4.25,4.31,77734
BUL,20130930,0.095,0.095,0.091,0.091,1435967
BUR,20130930,0.012,0.012,0.011,0.011,690000
BUX,20130930,0.19,0.19,0.19,0.19,4325
BUY,20130930,0.015,0.015,0.015,0.015,200000
BWD,20130930,0.089,0.089,0.085,0.085,158838
BWF,20130930,0.27,0.27,0.27,0.27,29172
BWP,20130930,2.29,2.3,2.27,2.28,769645
BXB,20130930,9.24,9.24,9.11,9.11,4644338
BYI,20130930,1.6,1.6,1.6,1.6,11556
BYL,20130930,0.37,0.37,0.37,0.37,129910
BYR,20130930,0.017,0.017,0.017,0.017,30000
CAA,20130930,0.205,0.21,0.205,0.205,513468
CAB,20130930,3.77,3.77,3.7,3.7,326621
CAJ,20130930,0.4,0.405,0.392,0.395,1705330
CAM,20130930,1.08,1.08,1.08,1.08,33500
CAS,20130930,0.29,0.295,0.28,0.295,128440
CAV,20130930,0.031,0.032,0.031,0.032,290541
CAY,20130930,0.071,0.071,0.07,0.07,15000
CAZ,20130930,0.125,0.125,0.125,0.125,20699
CBA,20130930,72.7,72.75,71.21,71.21,3383290
CBP,20130930,0.022,0.022,0.02,0.02,855000
CBS,20130930,0.022,0.022,0.022,0.022,203176
CCC,20130930,0.034,0.035,0.034,0.035,37449
CCF,20130930,0.025,0.025,0.025,0.025,67000
CCL,20130930,12.43,12.465,12.26,12.26,1644908
CCP,20130930,9.48,9.54,9.28,9.54,85457
CCU,20130930,0.145,0.15,0.14,0.14,111994
CCV,20130930,1.285,1.3,1.26,1.3,280334
CDA,20130930,2.06,2.06,1.93,1.935,811418
CDB,20130930,0.012,0.012,0.011,0.011,1335831
CDD,20130930,6.22,6.24,6.15,6.21,195278
CDG,20130930,0.13,0.13,0.12,0.12,509284
CDI,20130930,2.49,2.5,2.48,2.5,14667
CDM,20130930,1.345,1.37,1.32,1.37,336534
CDP,20130930,5.46,5.69,5.45,5.48,58179
CDU,20130930,2.16,2.18,2.12,2.14,445408
CDY,20130930,0.029,0.029,0.027,0.027,3095634
CEL,20130930,0.095,0.098,0.092,0.092,192051
CEN,20130930,0.02,0.02,0.02,0.02,30000
CFE,20130930,0.13,0.13,0.13,0.13,278500
CFU,20130930,0.041,0.041,0.041,0.041,195909
CFX,20130930,2,2.01,1.992,2,6641159
CGF,20130930,5.52,5.56,5.44,5.5,2298760
CGH,20130930,0.485,0.49,0.48,0.48,54639
CGM,20130930,0.007,0.007,0.007,0.007,11236
CGO,20130930,0.46,0.46,0.455,0.455,41281
CGP,20130930,0.04,0.043,0.039,0.042,9102210
CGR,20130930,0.1,0.12,0.1,0.12,111889
CGS,20130930,0.45,0.47,0.45,0.47,22500
CGU,20130930,0.023,0.023,0.023,0.023,71122
CHC,20130930,3.74,3.745,3.67,3.69,498036
CHF,20130930,0.039,0.039,0.039,0.039,300000
CHN,20130930,0.175,0.175,0.175,0.175,198000
CHR,20130930,2.85,2.85,2.85,2.85,664
CHZ,20130930,0.13,0.13,0.13,0.13,7407
CIN,20130930,23.8,23.8,23.8,23.8,893
CIW,20130930,0.855,0.855,0.84,0.84,24579
CIX,20130930,0.365,0.365,0.345,0.355,115077
CKA,20130930,0.215,0.22,0.21,0.22,276200
CKF,20130930,1.73,1.73,1.695,1.7,52139
CKK,20130930,0.005,0.005,0.005,0.005,100000
CKL,20130930,0.82,0.83,0.82,0.83,29845
CLA,20130930,0.027,0.029,0.026,0.029,3079382
CLH,20130930,1.85,1.88,1.845,1.85,180897
CLO,20130930,1.455,1.46,1.455,1.46,246770
CLQ,20130930,0.075,0.075,0.075,0.075,5000
CLR,20130930,0.23,0.23,0.21,0.21,150100
CLT,20130930,0.16,0.16,0.16,0.16,15000
CLV,20130930,0.52,0.52,0.52,0.52,25411
CLX,20130930,1.985,1.985,1.95,1.95,55076
CLZ,20130930,0.12,0.12,0.11,0.11,103600
CMG,20130930,0.45,0.46,0.45,0.455,235892
CMI,20130930,1.95,1.97,1.92,1.92,5600
CMP,20130930,0.082,0.082,0.081,0.081,100000
CMW,20130930,0.985,0.99,0.97,0.975,5076976
CMY,20130930,0.008,0.009,0.008,0.008,515000
CND,20130930,0.26,0.26,0.26,0.26,1340
CNQ,20130930,0.069,0.071,0.069,0.069,271000
CNU,20130930,2.44,2.44,2.4,2.41,254016
CNX,20130930,0.019,0.02,0.018,0.02,192555
COE,20130930,0.41,0.415,0.41,0.41,95652
COF,20130930,0.225,0.225,0.22,0.225,108575
COH,20130930,60.83,61,59.89,60.48,316547
COI,20130930,0.16,0.165,0.15,0.15,797499
COK,20130930,0.063,0.063,0.06,0.062,1266608
COO,20130930,0.14,0.14,0.125,0.125,369370
COT,20130930,0.071,0.071,0.071,0.071,3831
COY,20130930,0.025,0.025,0.025,0.025,268000
COZ,20130930,0.069,0.069,0.068,0.068,189171
CPA,20130930,1.15,1.155,1.14,1.14,8647101
CPD,20130930,0.11,0.11,0.11,0.11,50000
CPL,20130930,0.28,0.295,0.277,0.285,520657
CPU,20130930,10.04,10.04,9.87,9.92,1606188
CQC,20130930,0.075,0.075,0.075,0.075,30000
CQR,20130930,3.76,3.79,3.75,3.76,818115
CRB,20130930,0.031,0.031,0.03,0.03,100000
CRH,20130930,0.65,0.65,0.62,0.635,123779
CRV,20130930,0.01,0.01,0.01,0.01,48505
CRZ,20130930,11.53,11.53,11.4,11.45,369331
CSD,20130930,0.061,0.078,0.061,0.078,1915708
CSE,20130930,0.18,0.18,0.18,0.18,10000
CSL,20130930,64.7,64.78,64,64,1037974
CSR,20130930,2.45,2.46,2.415,2.45,1662789
CSS,20130930,0.052,0.057,0.051,0.057,9723728
CSV,20130930,1.05,1.05,1,1.005,124874
CTD,20130930,4.75,4.75,4.66,4.74,6936
CTE,20130930,0.65,0.65,0.65,0.65,5000
CTM,20130930,0.16,0.16,0.16,0.16,3000
CTN,20130930,1.04,1.04,1.03,1.03,52250
CTO,20130930,0.05,0.051,0.05,0.05,87938
CTP,20130930,0.097,0.097,0.093,0.095,873029
CTR,20130930,0.017,0.017,0.016,0.016,6491293
CTX,20130930,18.9,18.94,18.49,18.49,662980
CUE,20130930,0.135,0.135,0.135,0.135,70900
CUL,20130930,0.009,0.009,0.009,0.009,45000
CUP,20130930,1.72,1.73,1.72,1.73,14916
CVG,20130930,0.015,0.015,0.015,0.015,200000
CVN,20130930,0.067,0.068,0.063,0.065,1209487
CVV,20130930,0.015,0.015,0.015,0.015,1146250
CVW,20130930,0.6,0.6,0.59,0.59,4643
CWE,20130930,0.066,0.067,0.065,0.065,4159308
CWG,20130930,0.064,0.069,0.064,0.069,100000
CWN,20130930,15.77,15.8,15.55,15.55,1141288
CWP,20130930,7.4,7.45,7.12,7.45,99307
CXM,20130930,0.13,0.13,0.125,0.13,134078
CXO,20130930,0.042,0.042,0.04,0.04,391500
CXX,20130930,0.27,0.275,0.255,0.255,232374
CXY,20130930,0.002,0.002,0.002,0.002,200000
CYA,20130930,0.84,0.84,0.84,0.84,24000
CYG,20130930,2.83,2.83,2.83,2.83,11940
CYL,20130930,0.33,0.33,0.33,0.33,10000
CYS,20130930,0.04,0.04,0.04,0.04,92677
CYY,20130930,0.081,0.081,0.081,0.081,25130
CZD,20130930,0.078,0.081,0.078,0.081,248396
CZI,20130930,0.05,0.05,0.05,0.05,64401
CZN,20130930,0.03,0.032,0.03,0.032,5313227
CZZ,20130930,3.1,3.1,3,3,5577
DCG,20130930,2.25,2.29,2.23,2.25,268857
DCN,20130930,0.325,0.325,0.325,0.325,140000
DDR,20130930,0.9,0.9,0.9,0.9,20000
DDT,20130930,0.025,0.025,0.022,0.023,2474551
DEG,20130930,0.003,0.003,0.003,0.003,299000
DGA,20130930,1.75,1.76,1.75,1.76,100015
DGO,20130930,0.004,0.004,0.004,0.004,565000
DJS,20130930,2.95,2.96,2.88,2.89,5077522
DJW,20130930,4.47,4.48,4.41,4.41,220385
DLC,20130930,0.003,0.003,0.003,0.003,3000
DLS,20130930,1.25,1.25,1.212,1.22,1043631
DLX,20130930,5.3,5.315,5.25,5.28,987659
DML,20130930,0.097,0.1,0.096,0.097,6109543
DMP,20130930,13.84,13.9,13.58,13.64,131899
DNA,20130930,0.6,0.6,0.595,0.6,189566
DOW,20130930,4.59,4.59,4.48,4.48,3161443
DRK,20130930,0.024,0.026,0.023,0.023,3460814
DRM,20130930,0.655,0.67,0.655,0.655,16479
DRX,20130930,0.029,0.029,0.026,0.026,232000
DTE,20130930,0.145,0.145,0.13,0.135,5238916
DTL,20130930,1.19,1.19,1.155,1.16,69245
DTM,20130930,0.071,0.074,0.07,0.074,128365
DTQ,20130930,0.042,0.042,0.042,0.042,10000
DUE,20130930,2.19,2.2,2.16,2.18,2889077
DUI,20130930,3.3,3.33,3.3,3.3,41600
DVA,20130930,0.031,0.031,0.031,0.031,91001
DVN,20130930,1.13,1.14,1.13,1.14,8200
DWS,20130930,1.555,1.555,1.53,1.53,40960
DXS,20130930,1.015,1.02,1.005,1.005,16070937
DYE,20130930,0.37,0.37,0.36,0.365,212073
DYL,20130930,0.02,0.021,0.02,0.02,1201161
EAL,20130930,0.64,0.64,0.635,0.64,29008
EAR,20130930,0.11,0.11,0.11,0.11,35000
EAS,20130930,0.2,0.2,0.2,0.2,110000
EAX,20130930,3.88,3.99,3.88,3.88,30313
EBT,20130930,2.59,2.59,2.56,2.56,19753
ECQ,20130930,0.021,0.021,0.02,0.021,3167299
ECV,20130930,1.63,1.65,1.63,1.65,46750
EDE,20130930,0.015,0.015,0.014,0.014,1120000
EGG,20130930,0.605,0.62,0.6,0.62,106475
EGL,20130930,0.05,0.05,0.05,0.05,10000
EGN,20130930,0.14,0.14,0.14,0.14,25000
EGO,20130930,0.016,0.016,0.015,0.015,5625419
EGP,20130930,2.74,2.78,2.71,2.78,3403188
EHL,20130930,0.25,0.25,0.235,0.235,1702929
ELD,20130930,0.115,0.115,0.11,0.11,692531
ELI,20130930,0.91,0.91,0.89,0.89,54940
ELM,20130930,0.58,0.585,0.57,0.575,186645
EME,20130930,0.22,0.22,0.22,0.22,16610
EMF,20130930,1.69,1.69,1.69,1.69,586
EMG,20130930,0.012,0.012,0.012,0.012,317000
EML,20130930,0.455,0.47,0.45,0.45,386622
EMM,20130930,0.01,0.01,0.01,0.01,100000
EMR,20130930,0.012,0.012,0.01,0.012,2572000
EMX,20130930,0.02,0.02,0.02,0.02,70000
ENE,20130930,5.2,5.2,5.11,5.2,13744
ENR,20130930,0.26,0.3,0.26,0.3,159140
ENV,20130930,1.13,1.13,1.095,1.095,2181057
EOS,20130930,0.4,0.4,0.4,0.4,2100
EPD,20130930,0.74,0.74,0.7,0.7,150560
EPW,20130930,2.53,2.6,2.51,2.6,63921
EPX,20130930,1.79,1.825,1.78,1.81,145431
EPY,20130930,0.35,0.375,0.35,0.375,11876
EQE,20130930,0.012,0.012,0.012,0.012,10207
EQT,20130930,17.8,17.8,17.8,17.8,1000
EQX,20130930,0.61,0.61,0.61,0.61,175
ERA,20130930,1.39,1.41,1.38,1.395,639949
ERJ,20130930,0.002,0.002,0.002,0.002,9345960
ERL,20130930,0.016,0.016,0.016,0.016,40000
ERM,20130930,0.039,0.039,0.039,0.039,57200
ESI,20130930,0.009,0.009,0.009,0.009,950000
ESN,20130930,0.001,0.001,0.001,0.001,5860667
ESR,20130930,0.11,0.14,0.11,0.14,20000
ESV,20130930,0.53,0.53,0.525,0.525,25000
ETE,20130930,0.031,0.031,0.031,0.031,32400
EVM,20130930,0.023,0.023,0.022,0.022,85878
EVN,20130930,0.86,0.89,0.845,0.845,1417262
EVR,20130930,0.72,0.72,0.695,0.695,16104
EWC,20130930,0.48,0.49,0.475,0.485,1172984
EXA,20130930,0.039,0.039,0.039,0.039,2762
EXC,20130930,0.018,0.018,0.018,0.018,204200
EXG,20130930,0.099,0.105,0.096,0.105,167312
EXM,20130930,0.026,0.026,0.026,0.026,1500
EZL,20130930,1.14,1.14,1.14,1.14,112000
FAN,20130930,2.3,2.42,2.3,2.41,432110
FAR,20130930,0.043,0.044,0.043,0.044,1557201
FAS,20130930,0.019,0.019,0.016,0.017,15642161
FBU,20130930,8.49,8.51,8.42,8.44,746780
FDC,20130930,2.26,2.3,2.25,2.28,6251178
FEO,20130930,0.045,0.05,0.045,0.045,136000
FGE,20130930,5.23,5.25,5.11,5.25,681550
FKP,20130930,1.35,1.385,1.33,1.38,327600
FLT,20130930,49.72,49.75,48.17,48.3,254453
FMG,20130930,4.89,4.9,4.73,4.75,22414599
FML,20130930,0.013,0.014,0.013,0.013,1442923
FMS,20130930,0.041,0.042,0.04,0.04,1238223
FND,20130930,0.22,0.22,0.2,0.2,290000
FNP,20130930,2.68,2.68,2.55,2.63,248808
FNT,20130930,0.008,0.008,0.007,0.007,414909
FOX,20130930,35.46,35.59,35.23,35.32,530673
FPH,20130930,3.2,3.25,3.2,3.25,26791
FPS,20130930,1.05,1.05,1.05,1.05,4000
FRI,20130930,1.465,1.47,1.43,1.43,121825
FRM,20130930,0.096,0.096,0.096,0.096,5000
FSA,20130930,1.045,1.045,1,1,37961
FSF,20130930,6.3,6.41,6.28,6.31,73933
FSI,20130930,1.39,1.39,1.37,1.37,57000
FTE,20130930,0.008,0.008,0.008,0.008,510900
FTZ,20130930,0.565,0.565,0.535,0.54,150518
FUN,20130930,0.16,0.16,0.15,0.155,3601744
FWD,20130930,3.62,3.68,3.55,3.6,237200
FWL,20130930,0.022,0.022,0.021,0.021,61227
FXJ,20130930,0.545,0.55,0.535,0.535,13777334
FXL,20130930,4.29,4.34,4.275,4.34,609608
FXR,20130930,0.02,0.02,0.02,0.02,270000
FZR,20130930,0.4,0.4,0.4,0.4,23000
GAP,20130930,0.315,0.315,0.315,0.315,7700
GBG,20130930,0.135,0.14,0.135,0.135,3691066
GBP,20130930,0.09,0.09,0.09,0.09,10134
GBT,20130930,2.97,2.97,2.91,2.95,76919
GBX,20130930,0.003,0.003,0.003,0.003,15000
GCN,20130930,0.007,0.007,0.007,0.007,57239
GCR,20130930,0.006,0.006,0.006,0.006,1365705
GCS,20130930,0.54,0.54,0.54,0.54,3000
GDA,20130930,0.089,0.089,0.085,0.085,25229
GDO,20130930,0.23,0.23,0.23,0.23,12400
GDY,20130930,0.11,0.11,0.105,0.105,30546
GER,20130930,0.03,0.03,0.03,0.03,172700
GFF,20130930,0.715,0.715,0.695,0.71,3470905
GGE,20130930,0.013,0.013,0.011,0.011,4672827
GGG,20130930,0.255,0.26,0.24,0.25,222218
GGP,20130930,0.001,0.002,0.001,0.001,8549000
GGX,20130930,0.021,0.022,0.021,0.022,339939
GHC,20130930,1.16,1.16,1.16,1.16,2000
GID,20130930,0.84,0.84,0.82,0.82,240431
GIP,20130930,0.006,0.006,0.005,0.005,2650000
GJT,20130930,1.6,1.6,1.585,1.585,9500
GLB,20130930,0.32,0.32,0.32,0.32,2000
GLL,20130930,0.15,0.15,0.15,0.15,6335
GLM,20130930,0.006,0.006,0.006,0.006,1500000
GLY,20130930,0.066,0.066,0.066,0.066,20000
GMG,20130930,4.91,4.97,4.88,4.88,4595953
GML,20130930,0.085,0.085,0.085,0.085,12000
GMM,20130930,0.02,0.02,0.02,0.02,22000
GMR,20130930,0.017,0.017,0.017,0.017,647863
GNC,20130930,12.33,12.37,12.29,12.35,778170
GOLD,20130930,138.51,139.2,138.25,138.3,10089
GOR,20130930,0.082,0.083,0.082,0.083,29218
GOW,20130930,2.68,2.68,2.68,2.68,2000
GOZ,20130930,2.57,2.57,2.51,2.51,3854
GPG,20130930,0.505,0.505,0.5,0.5,53920
GPP,20130930,0.037,0.039,0.037,0.039,35000
GPS,20130930,0.135,0.135,0.135,0.135,2500
GPT,20130930,3.5,3.515,3.48,3.48,4015130
GRB,20130930,0.23,0.23,0.225,0.23,305891
GRF,20130930,1.615,1.62,1.615,1.62,18050
GRK,20130930,0.001,0.002,0.001,0.001,1335000
GRR,20130930,0.185,0.19,0.18,0.19,997150
GRY,20130930,0.15,0.15,0.145,0.145,2092617
GSC,20130930,0.037,0.037,0.033,0.035,726666
GSE,20130930,0.006,0.006,0.006,0.006,66000
GSZ,20130930,0.019,0.019,0.019,0.019,101800
GTE,20130930,0.135,0.145,0.13,0.145,95120
GTG,20130930,0.078,0.079,0.078,0.079,15040
GUD,20130930,6.08,6.11,6.01,6.08,129819
GUF,20130930,0.14,0.14,0.135,0.135,141977
GUN,20130930,0.025,0.027,0.024,0.025,1371000
GWA,20130930,3.01,3.04,2.98,3.04,389250
GXL,20130930,6.11,6.11,6.03,6.05,16473
GXN,20130930,0.005,0.005,0.005,0.005,200004
GXY,20130930,0.06,0.06,0.059,0.059,2349747
HAR,20130930,0.08,0.09,0.08,0.09,35141
HAS,20130930,0.044,0.044,0.044,0.044,3600
HAV,20130930,0.25,0.25,0.25,0.25,20000
HAZ,20130930,0.047,0.05,0.046,0.047,5825056
HCH,20130930,0.405,0.405,0.405,0.405,179111
HDX,20130930,0.31,0.32,0.3,0.32,53726
HFA,20130930,0.77,0.77,0.76,0.76,30631
HGG,20130930,3.3,3.3,3.26,3.27,2792148
HGO,20130930,0.071,0.073,0.069,0.073,5829406
HHL,20130930,1.98,1.98,1.98,1.98,2000
HHV,20130930,0.97,0.97,0.965,0.97,102901
HHY,20130930,0.35,0.35,0.345,0.345,50000
HIG,20130930,0.065,0.065,0.063,0.063,480491
HIL,20130930,1.87,1.87,1.83,1.85,331788
HNG,20130930,0.505,0.525,0.505,0.525,3470
HNR,20130930,0.008,0.008,0.008,0.008,1002000
HOG,20130930,0.033,0.037,0.032,0.037,1776150
HRL,20130930,0.005,0.005,0.004,0.005,273978
HSN,20130930,1.03,1.03,1.01,1.01,209676
HTA,20130930,0.073,0.073,0.069,0.07,900135
HUB,20130930,1.41,1.41,1.37,1.37,6291
HVN,20130930,3.21,3.23,3.17,3.18,2593118
HZN,20130930,0.335,0.34,0.33,0.33,966563
IAA,20130930,50.8,50.8,50.33,50.4,2146
IAB,20130930,1.205,1.205,1.205,1.205,1667
IAF,20130930,101.83,101.83,101.53,101.74,3080
IAG,20130930,5.91,5.91,5.84,5.87,7350008
IAU,20130930,0.26,0.272,0.26,0.265,526246
IAW,20130930,0.08,0.08,0.08,0.08,205000
IBG,20130930,0.055,0.055,0.055,0.055,576182
IBK,20130930,40.4,40.4,39.8,39.8,6455
ICG,20130930,0.035,0.035,0.034,0.034,348231
ICN,20130930,0.15,0.16,0.15,0.16,561608
ICP,20130930,0.062,0.062,0.062,0.062,750
ICQ,20130930,0.84,0.84,0.8,0.8,425641
ICX,20130930,0.087,0.087,0.087,0.087,10000
ICZ,20130930,0.16,0.16,0.16,0.16,47470
IDC,20130930,0.076,0.076,0.073,0.073,963763
IDO,20130930,0.057,0.057,0.057,0.057,5365
IDT,20130930,0.38,0.38,0.36,0.36,20900
IDZ,20130930,0.6,0.6,0.54,0.6,108638
IEC,20130930,0.11,0.11,0.11,0.11,10900
IEM,20130930,44,44.29,43.9,43.9,10358
IEU,20130930,47.8,47.8,47.62,47.62,11203
IFE,20130930,0.135,0.135,0.135,0.135,5959
IFL,20130930,8.46,8.46,8.295,8.32,310373
IFM,20130930,0.625,0.625,0.585,0.6,1018054
IFN,20130930,0.3,0.3,0.287,0.3,186551
IGO,20130930,3.94,3.94,3.85,3.94,275412
IGS,20130930,0.006,0.006,0.006,0.006,323333
IHD,20130930,17.7,17.7,17.47,17.48,16500
IHK,20130930,21.68,21.68,21.68,21.68,359
IIN,20130930,6.22,6.23,6.11,6.16,437611
IJH,20130930,132.92,133.03,132.5,132.7,391
IJP,20130930,12.84,12.92,12.83,12.83,38488
IJR,20130930,106.9,106.9,106.3,106.6,362
IKO,20130930,66.61,66.81,66.57,66.57,1168
IKW,20130930,0.03,0.03,0.03,0.03,7900
ILB,20130930,101.34,101.34,100.73,100.73,2276
ILC,20130930,24.56,24.56,24.2,24.2,17324
ILU,20130930,11.64,11.69,11.41,11.46,1916911
IMA,20130930,0.12,0.12,0.12,0.12,681
IMD,20130930,0.91,0.91,0.88,0.88,330122
IMF,20130930,1.97,1.97,1.87,1.88,387566
IMI,20130930,0.001,0.001,0.001,0.001,4000
IMU,20130930,0.009,0.009,0.009,0.009,50000
INA,20130930,0.465,0.47,0.46,0.47,2609123
INL,20130930,0.008,0.008,0.008,0.008,595345
IOF,20130930,2.98,2.99,2.95,2.95,1484010
IOH,20130930,0.91,0.92,0.91,0.92,10000
IOO,20130930,78,78,77.53,77.68,13473
IOZ,20130930,23.25,23.25,22.91,22.91,30971
IPB,20130930,0.335,0.34,0.335,0.34,17500
IPD,20130930,0.18,0.18,0.18,0.18,1000
IPE,20130930,0.44,0.445,0.44,0.44,337111
IPL,20130930,2.7,2.71,2.66,2.69,8919308
IPP,20130930,1.55,1.64,1.515,1.63,715378
IPT,20130930,0.045,0.045,0.044,0.044,581325
IRC,20130930,0.07,0.07,0.07,0.07,15700
IRD,20130930,0.27,0.28,0.26,0.26,23225
IRE,20130930,9.15,9.15,9.01,9.09,215552
IRI,20130930,0.91,0.925,0.9,0.925,109011
IRL,20130930,0.003,0.003,0.003,0.003,4306000
IRN,20130930,0.175,0.185,0.17,0.17,674221
IRU,20130930,114,114,114,114,51
ISG,20130930,14.43,14.47,14.41,14.45,3816
ISN,20130930,0.77,0.77,0.73,0.745,546889
ISO,20130930,4.06,4.06,4,4.01,66723
ISU,20130930,1.29,1.29,1.25,1.26,100010
ITD,20130930,0.3,0.3,0.3,0.3,105000
ITW,20130930,15.07,15.08,15.07,15.08,177
IVA,20130930,0.21,0.21,0.21,0.21,296385
IVC,20130930,11.36,11.39,11.17,11.22,238109
IVE,20130930,68.8,68.95,68.59,68.91,2297
IVR,20130930,0.14,0.145,0.14,0.14,296023
IVV,20130930,181.83,182,181.31,181.5,7618
IXI,20130930,89.49,89.49,89,89,1391
IXJ,20130930,85.11,85.44,85.11,85.35,2510
IXR,20130930,0.083,0.083,0.079,0.08,1035000
IZM,20130930,0.002,0.002,0.002,0.002,399950
IZZ,20130930,40.25,40.29,39.87,39.97,21576
JBH,20130930,21.22,21.3,20.83,20.95,328020
JET,20130930,0.425,0.425,0.4,0.4,20000
JHX,20130930,10.75,10.87,10.62,10.68,701847
JIN,20130930,2.18,2.2,2.13,2.19,94459
JKA,20130930,0.105,0.105,0.1,0.1,192500
JMB,20130930,0.017,0.017,0.017,0.017,27500
JMS,20130930,0.076,0.076,0.076,0.076,233
JPR,20130930,0.49,0.49,0.49,0.49,4557
JRV,20130930,0.04,0.04,0.04,0.04,13511
KAB,20130930,0.004,0.004,0.004,0.004,207708
KAM,20130930,0.6,0.6,0.595,0.595,38145
KAR,20130930,5.18,5.23,5.11,5.14,586187
KAS,20130930,0.16,0.17,0.16,0.16,162854
KBC,20130930,0.15,0.15,0.15,0.15,14086
KBL,20130930,0.04,0.04,0.04,0.04,2629
KCN,20130930,1.72,1.79,1.695,1.695,1442505
KDL,20130930,0.46,0.46,0.435,0.46,53618
KDR,20130930,0.32,0.32,0.295,0.3,227154
KEY,20130930,0.011,0.011,0.011,0.011,1132661
KFE,20130930,0.095,0.095,0.09,0.09,50000
KGL,20130930,0.105,0.105,0.097,0.097,51775
KIK,20130930,0.001,0.001,0.001,0.001,5000000
KIS,20130930,0.079,0.079,0.079,0.079,100000
KKO,20130930,0.17,0.17,0.145,0.145,111490
KMD,20130930,2.95,2.97,2.9,2.92,378075
KOV,20130930,5.51,5.51,5.51,5.51,2500
KPR,20130930,0.115,0.12,0.115,0.12,273334
KRA,20130930,0.065,0.065,0.065,0.065,34000
KRB,20130930,0.05,0.05,0.05,0.05,15000
KRC,20130930,0.061,0.062,0.061,0.061,82000
KRM,20130930,0.4,0.41,0.4,0.4,24583
KSC,20130930,1.89,1.89,1.76,1.835,383969
KSN,20130930,0.096,0.096,0.096,0.096,1250
KTE,20130930,0.01,0.012,0.01,0.012,917000
LAU,20130930,0.275,0.28,0.275,0.28,334476
LBY,20130930,0.059,0.062,0.059,0.059,365000
LCM,20130930,1.77,1.8,1.73,1.765,165194
LCT,20130930,0.091,0.095,0.086,0.086,625761
LEG,20130930,0.013,0.014,0.013,0.014,1200000
LEI,20130930,19.48,19.75,19.25,19.25,1063369
LEP,20130930,2.67,2.67,2.61,2.61,131615
LGD,20130930,0.305,0.305,0.305,0.305,21000
LGM,20130930,0.011,0.011,0.011,0.011,50000
LIC,20130930,1,1.05,1,1.02,194479
LIO,20130930,0.02,0.02,0.02,0.02,16070
LKO,20130930,0.005,0.005,0.004,0.004,2579800
LLC,20130930,10.25,10.27,10.11,10.16,1152300
LMB,20130930,0.079,0.079,0.07,0.07,53250
LMG,20130930,0.008,0.008,0.008,0.008,550000
LML,20130930,0.055,0.055,0.055,0.055,8000000
LMR,20130930,0.046,0.046,0.046,0.046,209000
LMW,20130930,0.44,0.45,0.44,0.45,11000
LNC,20130930,1.54,1.54,1.435,1.45,8478393
LNG,20130930,0.265,0.265,0.24,0.24,780330
LNR,20130930,0.265,0.265,0.265,0.265,399001
LNY,20130930,0.01,0.01,0.01,0.01,1997010
LOM,20130930,0.007,0.008,0.007,0.007,9528597
LRL,20130930,0.16,0.16,0.155,0.155,466625
LRR,20130930,0.003,0.003,0.003,0.003,166666
LRS,20130930,0.06,0.06,0.06,0.06,136666
LSA,20130930,0.225,0.225,0.225,0.225,20400
LTN,20130930,0.071,0.071,0.071,0.071,7661
LTR,20130930,0.016,0.016,0.016,0.016,100000
LTX,20130930,0.025,0.025,0.025,0.025,44000
LYC,20130930,0.405,0.405,0.392,0.4,11292535
LYL,20130930,4.57,4.8,4.57,4.63,24459
MAB,20130930,0.57,0.57,0.57,0.57,17000
MAD,20130930,0.325,0.335,0.32,0.33,432289
MAH,20130930,0.127,0.127,0.12,0.12,4872954
MAK,20130930,0.155,0.155,0.155,0.155,59472
MAQ,20130930,7.99,7.99,7.9,7.95,5831
MAT,20130930,0.315,0.315,0.3,0.3,34490
MBC,20130930,0.28,0.28,0.28,0.28,10000
MBD,20130930,0.075,0.075,0.075,0.075,25300
MBE,20130930,0.115,0.135,0.115,0.12,10428428
MBK,20130930,0.04,0.041,0.04,0.041,20202
MBN,20130930,0.025,0.025,0.012,0.015,254311846
MCE,20130930,0.71,0.725,0.71,0.725,2128
MCP,20130930,1.47,1.47,1.46,1.47,163600
MCR,20130930,0.545,0.55,0.542,0.545,56436
MDI,20130930,0.11,0.11,0.11,0.11,5000
MDL,20130930,2.75,2.89,2.62,2.78,108318
MDV,20130930,0.003,0.003,0.003,0.003,316666
MEI,20130930,0.04,0.04,0.04,0.04,100000
MEL,20130930,0.13,0.135,0.125,0.125,1507913
MEO,20130930,0.069,0.069,0.067,0.067,285000
MEP,20130930,0.14,0.14,0.14,0.14,7500
MEU,20130930,0.019,0.019,0.019,0.019,391419
MFF,20130930,1.43,1.43,1.41,1.425,185802
MFG,20130930,11.13,11.13,10.65,10.65,311644
MGL,20130930,0.025,0.025,0.025,0.025,4195
MGR,20130930,1.76,1.765,1.732,1.74,13295200
MGV,20130930,0.058,0.058,0.058,0.058,98000
MGX,20130930,0.74,0.74,0.69,0.735,4667656
MHI,20130930,0.2,0.2,0.2,0.2,160557
MHM,20130930,0.09,0.09,0.086,0.086,132933
MIN,20130930,10.92,11.005,10.79,10.9,951507
MIO,20130930,2.1,2.1,2.07,2.1,159209
MIR,20130930,2.5,2.53,2.5,2.52,21140
MIX,20130930,0.16,0.16,0.16,0.16,26930
MKB,20130930,0.11,0.11,0.11,0.11,382382
MKO,20130930,0.016,0.016,0.016,0.016,25000
MLA,20130930,0.235,0.235,0.235,0.235,15000
MLB,20130930,1.72,1.725,1.71,1.71,5828
MLD,20130930,2.49,2.49,2.4,2.47,225568
MLI,20130930,0.075,0.075,0.075,0.075,500
MLS,20130930,0.019,0.019,0.019,0.019,100000
MLT,20130930,19.78,19.84,19.66,19.66,58941
MLX,20130930,0.135,0.135,0.135,0.135,584250
MMC,20130930,0.025,0.025,0.024,0.024,500000
MML,20130930,2.2,2.32,2.2,2.23,1271593
MMS,20130930,11.46,11.5,11.31,11.36,240468
MMX,20130930,0.041,0.044,0.041,0.044,23890
MNC,20130930,0.046,0.046,0.041,0.042,3694237
MND,20130930,19.34,19.35,19.14,19.18,278600
MNE,20130930,0.025,0.026,0.023,0.024,1930816
MNF,20130930,1.48,1.49,1.44,1.455,43980
MNM,20130930,0.034,0.034,0.034,0.034,62000
MNW,20130930,0.18,0.18,0.17,0.17,5651615
MNY,20130930,1.05,1.07,1.05,1.06,30839
MOC,20130930,2.76,2.77,2.75,2.77,195913
MOD,20130930,0.033,0.035,0.033,0.033,117807
MOL,20130930,0.12,0.12,0.12,0.12,1500
MOO,20130930,0.007,0.007,0.007,0.007,2244076
MOY,20130930,0.315,0.315,0.305,0.305,266032
MPE,20130930,0.012,0.018,0.012,0.016,1996666
MPJ,20130930,0.005,0.005,0.005,0.005,150133
MPO,20130930,0.21,0.21,0.205,0.205,166215
MPS,20130930,0.07,0.07,0.07,0.07,511276
MQA,20130930,2.43,2.47,2.4,2.45,568517
MQG,20130930,48.45,48.52,47.91,47.91,1122869
MRM,20130930,3.69,3.7,3.61,3.7,557866
MRN,20130930,0.97,0.97,0.97,0.97,800
MRP,20130930,0.255,0.255,0.21,0.235,155411
MRQ,20130930,0.22,0.22,0.21,0.22,75000
MSB,20130930,5.79,5.79,5.6,5.7,250242
MSC,20130930,0.003,0.003,0.003,0.003,1624843
MTA,20130930,0.095,0.1,0.095,0.1,33605
MTE,20130930,0.039,0.039,0.037,0.037,306452
MTH,20130930,0.026,0.026,0.025,0.026,335000
MTS,20130930,3.22,3.23,3.2,3.2,4156202
MTU,20130930,6.2,6.2,6.06,6.07,729621
MUE,20130930,0.041,0.041,0.041,0.041,13000
MVP,20130930,1.32,1.32,1.32,1.32,2500
MVT,20130930,0.125,0.13,0.125,0.13,53862
MWR,20130930,1.33,1.34,1.33,1.34,24400
MXI,20130930,1.395,1.395,1.3,1.325,353085
MXR,20130930,0.003,0.003,0.003,0.003,76044
MYA,20130930,0.006,0.006,0.006,0.006,100000
MYE,20130930,1.01,1.02,0.935,0.97,203636
MYG,20130930,0.041,0.041,0.036,0.039,1676000
MYR,20130930,2.65,2.66,2.58,2.61,3913609
MYS,20130930,4.66,4.68,4.65,4.66,11682
MYT,20130930,2.02,2.03,2.01,2.01,1509670
MYX,20130930,0.635,0.645,0.615,0.645,503207
MZI,20130930,0.015,0.015,0.014,0.014,2457002
NAB,20130930,34.81,34.9,34.32,34.32,5170619
NAE,20130930,0.039,0.039,0.039,0.039,12000
NAM,20130930,0.27,0.27,0.27,0.27,20000
NAN,20130930,0.845,0.845,0.815,0.82,165644
NCC,20130930,1.1,1.1,1.07,1.07,248800
NCK,20130930,2.9,2.9,2.9,2.9,300
NCM,20130930,11.64,11.85,11.58,11.7,4028770
NCR,20130930,0.07,0.07,0.066,0.066,519370
NDO,20130930,0.046,0.046,0.045,0.045,1162160
NEA,20130930,0.375,0.38,0.37,0.38,444059
NEN,20130930,0.34,0.35,0.335,0.34,1669590
NEU,20130930,0.1,0.1,0.094,0.095,2259631
NFE,20130930,0.17,0.185,0.17,0.185,161530
NGE,20130930,0.025,0.025,0.025,0.025,30000
NGF,20130930,0.13,0.13,0.13,0.13,1350
NHC,20130930,3.96,3.98,3.88,3.89,479136
NHF,20130930,2.18,2.19,2.16,2.17,345280
NHO,20130930,0.025,0.025,0.025,0.025,45000
NIU,20130930,0.008,0.008,0.008,0.008,130000
NKP,20130930,0.115,0.115,0.105,0.105,619756
NLS,20130930,0.007,0.007,0.007,0.007,56666
NMI,20130930,0.017,0.017,0.016,0.016,255000
NMS,20130930,0.052,0.052,0.047,0.047,14950
NOE,20130930,0.17,0.17,0.17,0.17,20000
NPX,20130930,3.08,3.11,3.08,3.09,34802
NRT,20130930,0.175,0.175,0.165,0.165,173063
NRU,20130930,0.007,0.007,0.007,0.007,62500
NSE,20130930,0.165,0.165,0.155,0.165,511869
NSL,20130930,0.014,0.014,0.011,0.011,406428
NST,20130930,0.875,0.895,0.845,0.845,2077661
NTC,20130930,0.225,0.235,0.225,0.235,19071
NTU,20130930,0.25,0.255,0.25,0.25,598875
NUF,20130930,4.69,4.74,4.69,4.74,389463
NVG,20130930,0.013,0.013,0.013,0.013,120000
NVI,20130930,0.14,0.14,0.14,0.14,10000
NVT,20130930,6.15,6.21,6.12,6.21,972449
NWE,20130930,0.028,0.028,0.026,0.026,755176
NWH,20130930,1.46,1.48,1.42,1.45,2225674
NWR,20130930,0.043,0.043,0.04,0.04,115000
NWS,20130930,17.66,17.71,17.53,17.62,82191
NWT,20130930,0.455,0.47,0.45,0.46,2252897
NXS,20130930,0.077,0.078,0.077,0.077,2487908
NXT,20130930,2.6,2.62,2.565,2.61,216928
NYO,20130930,0.02,0.02,0.02,0.02,450000
NZO,20130930,0.705,0.72,0.705,0.72,4606
OBJ,20130930,0.016,0.016,0.016,0.016,5395586
OBL,20130930,0.02,0.021,0.017,0.02,1270854
OBS,20130930,0.35,0.37,0.35,0.37,21500
OCL,20130930,0.52,0.525,0.52,0.525,30000
OCP,20130930,1.6,1.6,1.6,1.6,12500
OEC,20130930,0.17,0.17,0.17,0.17,522
OEG,20130930,0.05,0.062,0.05,0.062,348743
OEL,20130930,0.105,0.11,0.105,0.105,3546099
OEX,20130930,0.047,0.047,0.045,0.047,398087
OGC,20130930,1.63,1.67,1.625,1.66,299601
OGX,20130930,0.13,0.13,0.125,0.125,82500
OGY,20130930,0.017,0.017,0.017,0.017,86705
OIL,20130930,0.06,0.062,0.06,0.062,138221
OKN,20130930,1.465,1.54,1.465,1.54,58615
OMH,20130930,0.335,0.345,0.335,0.345,26061
ONC,20130930,0.195,0.2,0.195,0.2,178000
ONT,20130930,6.92,6.92,6.92,6.92,793
ORE,20130930,2.27,2.28,2.2,2.28,209539
ORG,20130930,14.25,14.46,14.1,14.1,2238693
ORI,20130930,20.11,20.14,19.92,20.06,1807871
ORL,20130930,5.85,5.89,5.8,5.88,73501
ORN,20130930,0.11,0.11,0.099,0.1,48903
ORO,20130930,0.001,0.001,0.001,0.001,1530050
ORS,20130930,0.076,0.076,0.075,0.075,130000
OSH,20130930,8.66,8.71,8.53,8.6,4019426
OSL,20130930,0.135,0.14,0.13,0.13,539154
OSP,20130930,0.74,0.74,0.72,0.72,43524
OTC,20130930,0.105,0.105,0.105,0.105,6021
OTH,20130930,0.75,0.75,0.73,0.73,227724
OVR,20130930,0.008,0.008,0.008,0.008,255000
OXX,20130930,0.22,0.22,0.2,0.215,493986
OZF,20130930,20.11,20.13,20.11,20.13,2164
OZG,20130930,0.19,0.19,0.185,0.185,145971
OZL,20130930,4.65,4.705,4.43,4.43,4032927
OZR,20130930,10.19,10.2,10.17,10.17,2780
PAA,20130930,0.011,0.011,0.01,0.011,3628005
PAB,20130930,0.031,0.032,0.029,0.029,1462626
PAG,20130930,0.42,0.425,0.42,0.42,131811
PAN,20130930,0.285,0.285,0.26,0.275,609747
PBD,20130930,0.018,0.018,0.017,0.017,542185
PBG,20130930,0.76,0.76,0.752,0.755,2018741
PBP,20130930,0.33,0.33,0.33,0.33,46698
PBT,20130930,0.465,0.465,0.445,0.445,668551
PCL,20130930,0.07,0.07,0.068,0.069,248584
PDI,20130930,0.019,0.019,0.019,0.019,7000
PDN,20130930,0.505,0.505,0.47,0.485,26937385
PEH,20130930,0.084,0.084,0.084,0.084,6000
PEK,20130930,0.115,0.115,0.115,0.115,148843
PEL,20130930,0.011,0.011,0.011,0.011,125000
PEM,20130930,0.315,0.32,0.315,0.32,367266
PEN,20130930,0.027,0.027,0.027,0.027,651465
PEX,20130930,0.3,0.3,0.295,0.295,76857
PFG,20130930,0.125,0.13,0.125,0.13,85000
PFL,20130930,1.33,1.36,1.31,1.355,210742
PGC,20130930,0.36,0.36,0.36,0.36,15000
PGI,20130930,0.078,0.079,0.077,0.079,119805
PGL,20130930,0.24,0.24,0.24,0.24,40000
PGM,20130930,0.056,0.06,0.056,0.056,349000
PGS,20130930,0.031,0.031,0.031,0.031,94300
PHG,20130930,0.077,0.083,0.077,0.083,430449
PHI,20130930,2.05,2.05,2.05,2.05,2697
PIE,20130930,0.026,0.026,0.026,0.026,201225
PIO,20130930,0.017,0.017,0.017,0.017,150000
PIR,20130930,1.12,1.12,1.07,1.1,212008
PKO,20130930,0.007,0.007,0.007,0.007,205400
PKR,20130930,0.25,0.25,0.25,0.25,10000
PLD,20130930,0.007,0.008,0.007,0.008,182500
PMC,20130930,1.565,1.565,1.545,1.565,195378
PMP,20130930,0.33,0.34,0.33,0.33,108972
PMV,20130930,8.68,8.69,8.535,8.65,269707
PMY,20130930,0.021,0.021,0.021,0.021,626302
PNA,20130930,2.18,2.21,2.1,2.11,2183866
PNE,20130930,0.004,0.004,0.003,0.003,650000
PNL,20130930,0.195,0.225,0.195,0.225,78000
PNN,20130930,0.017,0.017,0.016,0.016,20000
PNO,20130930,0.001,0.001,0.001,0.001,1500000
PNR,20130930,0.077,0.077,0.075,0.075,25000
POH,20130930,0.085,0.085,0.084,0.084,236235
POK,20130930,0.098,0.098,0.095,0.095,32430
POZ,20130930,0.029,0.029,0.029,0.029,107300
PPC,20130930,1.4,1.42,1.385,1.39,231200
PPG,20130930,0.43,0.47,0.43,0.47,326934
PPK,20130930,0.48,0.48,0.47,0.47,10000
PPM,20130930,5.65,5.8,5.65,5.8,5310
PPP,20130930,0.11,0.11,0.11,0.11,20000
PPS,20130930,0.13,0.13,0.115,0.12,1244600
PPT,20130930,39.85,39.85,39.1,39.24,181601
PPX,20130930,0.057,0.057,0.057,0.057,79177
PRG,20130930,2.74,2.81,2.73,2.81,124607
PRL,20130930,0.115,0.12,0.115,0.12,149902
PRO,20130930,0.66,0.66,0.66,0.66,10000
PRR,20130930,0.04,0.04,0.039,0.039,4025396
PRT,20130930,1.045,1.07,1.045,1.07,267
PRU,20130930,0.555,0.58,0.545,0.55,5023261
PRW,20130930,0.001,0.001,0.001,0.001,500000
PRY,20130930,4.85,4.86,4.78,4.82,1032828
PSA,20130930,0.095,0.096,0.095,0.096,250000
PTB,20130930,0.36,0.36,0.36,0.36,5500
PTL,20130930,0.025,0.026,0.025,0.026,92768
PTM,20130930,5.58,5.59,5.455,5.5,522065
PUN,20130930,0.097,0.097,0.097,0.097,7138
PVD,20130930,0.73,0.73,0.715,0.72,181000
PVE,20130930,0.15,0.15,0.15,0.15,81000
PVM,20130930,0.36,0.36,0.355,0.36,32742
PWN,20130930,0.15,0.15,0.15,0.15,23193
PXG,20130930,0.17,0.185,0.165,0.165,458000
PXS,20130930,0.135,0.145,0.13,0.13,2440037
PYC,20130930,0.019,0.019,0.018,0.018,61329
PZC,20130930,0.032,0.032,0.032,0.032,150000
QAG,20130930,11.21,11.21,11.21,11.21,133
QAN,20130930,1.495,1.5,1.475,1.475,6483354
QAU,20130930,13.9,13.9,13.87,13.87,19750
QBE,20130930,14.63,14.7,14.48,14.67,4875743
QFN,20130930,10.94,10.94,10.79,10.79,1130
QFX,20130930,0.012,0.013,0.012,0.012,2408139
QHL,20130930,0.22,0.22,0.215,0.215,518499
QMN,20130930,0.014,0.014,0.014,0.014,64155
QNL,20130930,0.001,0.001,0.001,0.001,25
QOZ,20130930,12,12,11.91,11.91,15036
QPN,20130930,0.002,0.003,0.002,0.002,1043200
QRE,20130930,5.74,5.74,5.66,5.66,1088
QRL,20130930,0.007,0.007,0.007,0.007,160000
QRX,20130930,0.82,0.82,0.78,0.78,44573
QTG,20130930,0.019,0.02,0.019,0.02,690000
QUB,20130930,2.05,2.06,2.03,2.05,1829686
QUE,20130930,0.09,0.09,0.09,0.09,60000
QXQ,20130930,0.006,0.006,0.006,0.006,78000
RAU,20130930,0.009,0.009,0.008,0.008,147050
RAW,20130930,0.055,0.055,0.055,0.055,4500
RCB,20130930,20.45,20.45,20.45,20.45,1956
RCF,20130930,0.021,0.021,0.021,0.021,3562
RCG,20130930,0.685,0.69,0.67,0.685,263857
RCM,20130930,0.009,0.009,0.009,0.009,300000
RCR,20130930,3.72,3.72,3.555,3.58,261753
RDF,20130930,1.14,1.15,1.13,1.15,45943
RDH,20130930,0.75,0.75,0.73,0.73,52870
RDM,20130930,0.125,0.125,0.125,0.125,76380
RDR,20130930,0.022,0.022,0.02,0.02,1720300
RDV,20130930,28.5,28.56,28.49,28.49,4393
REA,20130930,38.4,38.4,37.33,37.79,181674
REH,20130930,26.5,26.61,26.25,26.25,3314
REX,20130930,1.05,1.055,1.045,1.045,23300
REY,20130930,0.076,0.076,0.076,0.076,70500
RFE,20130930,0.475,0.48,0.45,0.465,1649285
RFG,20130930,4.39,4.39,4.3,4.3,62435
RFL,20130930,0.24,0.245,0.23,0.23,383773
RFX,20130930,0.089,0.09,0.085,0.09,75989
RGS,20130930,0.28,0.28,0.26,0.265,252000
RGX,20130930,0.02,0.02,0.02,0.02,25003
RHC,20130930,36.3,36.51,36.02,36.21,269519
RHG,20130930,0.475,0.48,0.475,0.48,460129
RHL,20130930,3.35,3.35,3.35,3.35,4500
RHT,20130930,0.014,0.014,0.014,0.014,128000
RIA,20130930,0.027,0.027,0.025,0.025,792000
RIC,20130930,0.835,0.84,0.82,0.83,776884
RIM,20130930,0.041,0.041,0.038,0.038,460397
RIO,20130930,62.5,62.56,61.74,61.74,1874336
RKN,20130930,2.18,2.18,2.16,2.16,103553
RLC,20130930,0.05,0.05,0.05,0.05,12000
RMD,20130930,5.66,5.68,5.625,5.65,3283570
RMG,20130930,0.002,0.002,0.002,0.002,40900000
RMS,20130930,0.155,0.16,0.155,0.155,546948
RMX,20130930,0.007,0.007,0.007,0.007,2733000
RNC,20130930,0.345,0.345,0.32,0.32,60933
RND,20130930,0.41,0.425,0.41,0.425,39193
RNI,20130930,0.075,0.075,0.074,0.074,55904
RNS,20130930,0.079,0.079,0.079,0.079,981
RNU,20130930,0.042,0.058,0.042,0.048,674954
RNY,20130930,0.315,0.315,0.315,0.315,131746
ROC,20130930,0.505,0.505,0.48,0.495,505205
ROG,20130930,0.003,0.003,0.003,0.003,2300000
ROL,20130930,0.26,0.26,0.26,0.26,1034
ROY,20130930,0.06,0.062,0.06,0.062,200000
RQL,20130930,0.185,0.185,0.17,0.175,324436
RRL,20130930,4.09,4.12,4,4.02,1176269
RRS,20130930,0.035,0.035,0.035,0.035,100000
RSG,20130930,0.63,0.675,0.63,0.645,5643744
RTA,20130930,0.25,0.25,0.225,0.24,29140
RTD,20130930,0.003,0.003,0.003,0.003,26047516
RTR,20130930,0.043,0.043,0.043,0.043,100000
RUB,20130930,0.035,0.035,0.03,0.03,1018130
RUM,20130930,0.135,0.135,0.13,0.13,86692
RVA,20130930,0.565,0.6,0.565,0.6,789133
RWD,20130930,0.19,0.19,0.19,0.19,22500
RWH,20130930,3.67,3.67,3.67,3.67,337
RXL,20130930,0.042,0.042,0.041,0.041,1022809
RXM,20130930,0.535,0.54,0.5,0.535,334847
RXP,20130930,0.72,0.72,0.72,0.72,12961
RYG,20130930,0.012,0.012,0.012,0.012,11112
SAI,20130930,4.4,4.45,4.34,4.45,382302
SAR,20130930,0.245,0.255,0.23,0.23,2277276
SAU,20130930,0.018,0.018,0.018,0.018,284000
SBI,20130930,0.053,0.053,0.053,0.053,20000
SBM,20130930,0.55,0.57,0.54,0.555,3719431
SBR,20130930,0.085,0.086,0.08,0.083,54880
SBU,20130930,0.06,0.06,0.055,0.055,100000
SCC,20130930,0.54,0.54,0.54,0.54,253
SCD,20130930,1.31,1.31,1.26,1.27,34930
SCP,20130930,1.535,1.54,1.53,1.53,1993057
SDF,20130930,1.58,1.59,1.57,1.575,145927
SDG,20130930,1.71,1.71,1.69,1.69,14382
SDI,20130930,0.6,0.605,0.57,0.605,41265
SDL,20130930,0.073,0.075,0.073,0.073,13476134
SDM,20130930,0.76,0.762,0.745,0.76,116726
SEA,20130930,1.065,1.07,1.05,1.05,1875202
SEH,20130930,0.18,0.185,0.18,0.18,594098
SEK,20130930,12.04,12.04,11.765,11.88,1153283
SEN,20130930,0.023,0.023,0.023,0.023,280678
SEO,20130930,0.045,0.045,0.045,0.045,100000
SER,20130930,0.034,0.034,0.032,0.033,217354
SFH,20130930,0.91,0.92,0.9,0.92,11015
SFR,20130930,6.7,6.7,6.35,6.41,817266
SFW,20130930,0.75,0.755,0.75,0.755,12839
SFX,20130930,0.5,0.5,0.47,0.47,52375
SFY,20130930,53.45,53.45,52.82,52.82,14381
SFZ,20130930,0.052,0.052,0.051,0.051,250000
SGH,20130930,3.71,3.76,3.62,3.65,141989
SGM,20130930,9.54,9.59,9.47,9.54,779204
SGN,20130930,1.64,1.65,1.595,1.635,1357672
SGP,20130930,3.85,3.91,3.85,3.87,8163412
SGQ,20130930,0.1,0.1,0.1,0.1,20000
SGT,20130930,3.2,3.215,3.195,3.21,531141
SGU,20130930,0.009,0.009,0.009,0.009,75000
SHD,20130930,0.092,0.092,0.09,0.091,384643
SHE,20130930,0.015,0.016,0.015,0.015,812921
SHJ,20130930,1.65,1.65,1.64,1.64,89871
SHK,20130930,0.004,0.004,0.004,0.004,29950
SHL,20130930,16.1,16.22,15.89,16.19,1027814
SHV,20130930,4.63,4.63,4.49,4.54,71784
SIP,20130930,0.585,0.59,0.575,0.58,3144911
SIR,20130930,2.53,2.53,2.42,2.42,600597
SIV,20130930,8.38,8.42,8.22,8.22,18227
SIX,20130930,0.013,0.015,0.013,0.015,102000
SKC,20130930,3.59,3.61,3.56,3.59,119288
SKE,20130930,3.41,3.5,3.4,3.49,1415211
SKI,20130930,1.67,1.67,1.652,1.66,9231654
SKT,20130930,5.2,5.23,5.15,5.23,692206
SLF,20130930,9.35,9.42,9.34,9.38,76523
SLM,20130930,2.06,2.06,2.06,2.06,869
SLR,20130930,0.805,0.825,0.79,0.79,3591433
SLX,20130930,2.7,2.79,2.69,2.78,207297
SMA,20130930,0.019,0.019,0.014,0.016,35950377
SMD,20130930,0.05,0.05,0.045,0.046,349299
SMI,20130930,0.12,0.14,0.12,0.14,162387
SMR,20130930,0.16,0.16,0.155,0.155,56200
SMX,20130930,4.6,4.61,4.51,4.54,284886
SND,20130930,0.885,0.885,0.885,0.885,19442
SNL,20130930,1.755,1.755,1.755,1.755,598
SNV,20130930,0.002,0.002,0.002,0.002,1863731
SNZ,20130930,2.83,2.83,2.75,2.75,907
SOC,20130930,0.215,0.22,0.2,0.2,967884
SOL,20130930,13.97,14.25,13.95,14.13,52820
SOM,20130930,1.17,1.17,1.17,1.17,48240
SOR,20130930,0.055,0.055,0.055,0.055,10000
SPA,20130930,0.045,0.045,0.045,0.045,2223
SPL,20130930,1.01,1.03,1.005,1.03,39027
SPN,20130930,1.195,1.205,1.19,1.2,4350858
SPQ,20130930,0.012,0.012,0.011,0.011,603407
SPS,20130930,0.009,0.009,0.009,0.009,11787
SPZ,20130930,0.2,0.2,0.2,0.2,202428
SRI,20130930,0.075,0.075,0.073,0.073,60000
SRK,20130930,0.063,0.063,0.063,0.063,1692
SRM,20130930,0.185,0.185,0.185,0.185,107122
SRQ,20130930,0.016,0.016,0.016,0.016,300000
SRV,20130930,3.77,3.8,3.75,3.76,22574
SRX,20130930,13.69,13.72,13.47,13.61,193492
SRZ,20130930,0.051,0.051,0.049,0.05,42443
SSM,20130930,0.17,0.17,0.17,0.17,85100
SSN,20130930,0.026,0.026,0.025,0.025,1057777
STB,20130930,0.21,0.21,0.21,0.21,1200
STE,20130930,0.035,0.035,0.035,0.035,200000
STO,20130930,15.42,15.46,15.08,15.08,4100319
STP,20130930,1.4,1.4,1.38,1.38,7525
STS,20130930,0.445,0.445,0.445,0.445,40000
STW,20130930,49.85,49.85,49.4,49.4,116908
STX,20130930,0.094,0.095,0.091,0.091,370249
SUD,20130930,0.028,0.028,0.027,0.027,440300
SUH,20130930,0.044,0.044,0.044,0.044,107000
SUL,20130930,13.22,13.24,12.87,12.98,280562
SUM,20130930,0.115,0.115,0.11,0.115,31355
SUN,20130930,13.07,13.19,13.02,13.07,3728086
SUR,20130930,0.033,0.034,0.033,0.033,530000
SVL,20130930,0.017,0.019,0.017,0.019,618823
SVW,20130930,8.28,8.28,8.13,8.16,247287
SWE,20130930,0.22,0.225,0.21,0.225,187938
SWK,20130930,0.37,0.37,0.37,0.37,79110
SWL,20130930,1.45,1.45,1.45,1.45,3810
SWM,20130930,2.46,2.46,2.38,2.4,1784550
SWW,20130930,0.008,0.008,0.008,0.008,1641111
SXA,20130930,0.49,0.505,0.49,0.5,175976
SXE,20130930,1.24,1.26,1.24,1.26,141891
SXG,20130930,0.023,0.025,0.023,0.023,413000
SXI,20130930,0.021,0.021,0.02,0.02,1300000
SXL,20130930,1.82,1.825,1.735,1.765,1661983
SXY,20130930,0.765,0.765,0.73,0.735,1697259
SYD,20130930,3.95,3.96,3.91,3.93,5509224
SYI,20130930,30.16,30.16,30.14,30.16,5118
SYR,20130930,2.71,2.71,2.55,2.67,225184
SZG,20130930,0.105,0.105,0.105,0.105,67350
TAG,20130930,0.185,0.19,0.185,0.19,30000
TAH,20130930,3.24,3.3,3.24,3.28,3233249
TAM,20130930,0.05,0.054,0.05,0.054,76774
TAN,20130930,0.485,0.49,0.485,0.49,27584
TAP,20130930,0.58,0.585,0.58,0.58,453077
TAR,20130930,0.015,0.015,0.015,0.015,70000
TAW,20130930,0.009,0.012,0.009,0.012,252052
TBR,20130930,2.08,2.1,2.08,2.1,4000
TCL,20130930,6.82,6.86,6.79,6.8,2275331
TCN,20130930,0.065,0.07,0.065,0.07,729838
TCQ,20130930,0.27,0.27,0.27,0.27,26785
TDO,20130930,0.09,0.09,0.09,0.09,38000
TEG,20130930,0.009,0.011,0.009,0.01,1605300
TEL,20130930,2.07,2.075,2.04,2.05,1690373
TEN,20130930,0.29,0.292,0.285,0.29,2987990
TFC,20130930,0.78,0.79,0.78,0.79,185539
TFS,20130930,0.09,0.09,0.085,0.09,145000
TGA,20130930,2.3,2.325,2.3,2.32,899815
TGG,20130930,1.18,1.19,1.175,1.18,116490
TGR,20130930,3.12,3.12,3.02,3.07,180899
TGS,20130930,0.31,0.315,0.305,0.305,2862382
TGZ,20130930,0.7,0.705,0.695,0.705,15996
THR,20130930,0.007,0.007,0.006,0.007,210019
TIG,20130930,0.19,0.19,0.19,0.19,25000
TIS,20130930,0.31,0.31,0.305,0.305,56608
TIX,20130930,2.15,2.15,2.12,2.13,130830
TKG,20130930,0.012,0.012,0.012,0.012,1292
TLG,20130930,0.055,0.055,0.055,0.055,20000
TLS,20130930,5.01,5.01,4.96,4.97,19417301
TME,20130930,4.05,4.09,4.04,4.07,968654
TMK,20130930,0.001,0.001,0.001,0.001,1500000
TMM,20130930,1.25,1.25,1.25,1.25,1080
TNE,20130930,2.1,2.1,2.03,2.05,56727
TNG,20130930,0.05,0.05,0.048,0.048,42101
TNP,20130930,0.009,0.009,0.008,0.008,1206490
TOE,20130930,0.08,0.085,0.08,0.085,372650
TOL,20130930,5.82,5.83,5.75,5.83,2050533
TON,20130930,0.056,0.056,0.056,0.056,109000
TOU,20130930,0.35,0.35,0.35,0.35,132000
TOX,20130930,3.32,3.32,3.23,3.26,44770
TPD,20130930,0.04,0.04,0.037,0.037,66804
TPI,20130930,0.98,0.98,0.965,0.98,2313002
TPM,20130930,4.32,4.4,4.315,4.34,1608289
TPP,20130930,0.05,0.05,0.05,0.05,20000
TPT,20130930,0.2,0.21,0.2,0.21,60000
TRF,20130930,0.135,0.135,0.13,0.13,27500
TRG,20130930,9.05,9.23,8.98,9.19,109812
TRM,20130930,0.035,0.035,0.035,0.035,200000
TRS,20130930,17.8,17.85,17.47,17.5,59307
TRU,20130930,7.5,7.5,7.37,7.37,36902
TRY,20130930,1.53,1.57,1.505,1.51,681504
TSE,20130930,1.12,1.135,1.115,1.12,1720918
TSM,20130930,0.335,0.35,0.335,0.34,76263
TSN,20130930,0.006,0.006,0.006,0.006,250000
TSV,20130930,0.004,0.004,0.004,0.004,63000
TTA,20130930,0.057,0.057,0.051,0.051,30012
TTE,20130930,0.006,0.006,0.005,0.005,2840069
TTI,20130930,0.083,0.083,0.075,0.075,770000
TTN,20130930,2.72,2.92,2.7,2.9,117464
TTS,20130930,3.1,3.12,3.08,3.1,3169298
TUP,20130930,1.55,1.55,1.55,1.55,1834
TWD,20130930,3.05,3.05,3.05,3.05,900
TWE,20130930,4.43,4.46,4.41,4.42,1633350
TWR,20130930,1.59,1.59,1.59,1.59,3805
TYK,20130930,0.003,0.003,0.003,0.003,1300000
TZL,20130930,0.09,0.09,0.09,0.09,122560
TZN,20130930,0.041,0.043,0.04,0.043,223000
UBI,20130930,0.75,0.75,0.725,0.725,70436
UGL,20130930,8.27,8.36,8.22,8.31,2332658
UML,20130930,0.071,0.073,0.071,0.073,277789
UNS,20130930,0.58,0.58,0.57,0.57,432672
UNV,20130930,0.105,0.105,0.105,0.105,42000
UNX,20130930,0.04,0.04,0.039,0.039,153000
UOS,20130930,0.53,0.53,0.53,0.53,70860
USA,20130930,0.03,0.03,0.03,0.03,416001
USD,20130930,10.63,10.65,10.62,10.62,353000
USF,20130930,1.72,1.72,1.72,1.72,18375
UXC,20130930,1.11,1.125,1.03,1.09,884761
VAF,20130930,48.61,48.61,48.61,48.61,242
VAH,20130930,0.43,0.43,0.425,0.43,811947
VAP,20130930,59.77,59.77,59.57,59.73,4015
VAS,20130930,68.5,68.5,67.51,67.97,17101
VEI,20130930,0.72,0.72,0.7,0.7,114477
VEU,20130930,52.6,52.6,52.25,52.42,4202
VGB,20130930,47.21,47.21,47.21,47.21,3488
VGO,20130930,0.05,0.05,0.05,0.05,90000
VHY,20130930,65.45,65.54,65,65,22735
VIC,20130930,0.009,0.01,0.009,0.009,330965
VIE,20130930,0.36,0.36,0.36,0.36,11431
VLA,20130930,0.385,0.39,0.375,0.375,92333
VLC,20130930,60.13,60.13,59.77,59.77,1555
VLW,20130930,1.82,1.82,1.76,1.77,73232
VMC,20130930,0.059,0.08,0.059,0.08,63144
VML,20130930,0.038,0.038,0.038,0.038,100000
VMS,20130930,0.25,0.25,0.23,0.23,249540
VOC,20130930,2.7,2.7,2.64,2.66,83312
VOR,20130930,0.005,0.005,0.005,0.005,162000
VRL,20130930,6.49,6.49,6.4,6.46,92971
VRT,20130930,8.14,8.54,8,8.24,149423
VSC,20130930,1.5,1.5,1.485,1.485,3253
VSO,20130930,45.6,45.6,45.02,45.02,3665
VTS,20130930,94.56,94.56,94,94.03,2977
VXR,20130930,0.009,0.009,0.008,0.008,1504347
WAA,20130930,1.19,1.19,1.185,1.185,39500
WAF,20130930,0.16,0.16,0.15,0.15,158524
WAM,20130930,1.965,1.965,1.925,1.925,416301
WAX,20130930,1.14,1.15,1.135,1.15,75725
WBA,20130930,0.83,0.83,0.83,0.83,21326
WBB,20130930,5,5,4.88,4.94,7499
WBC,20130930,32.95,33.07,32.73,32.73,5914148
WCB,20130930,6.11,6.12,6.1,6.12,96600
WCC,20130930,0.17,0.19,0.17,0.19,89860
WCL,20130930,0.21,0.27,0.21,0.245,721964
WCN,20130930,0.008,0.008,0.007,0.007,243165
WDC,20130930,10.9,11.015,10.85,11.01,7715568
WDR,20130930,0.69,0.72,0.68,0.68,390199
WDS,20130930,0.78,0.81,0.78,0.81,133862
WEB,20130930,3.88,3.88,3.75,3.83,107151
WEC,20130930,0.2,0.2,0.185,0.185,53936
WES,20130930,41.41,41.52,41.05,41.13,1688508
WFE,20130930,0.021,0.021,0.02,0.02,110000
WHC,20130930,2,2.01,1.97,2.01,2720614
WHE,20130930,0.046,0.046,0.046,0.046,90543
WHF,20130930,3.94,3.95,3.91,3.91,47550
WHN,20130930,0.012,0.013,0.012,0.012,1201306
WIC,20130930,1.17,1.17,1.17,1.17,95954
WIG,20130930,0.53,0.6,0.53,0.55,44020
WIN,20130930,0.275,0.275,0.275,0.275,10000
WKT,20130930,0.013,0.013,0.013,0.013,363250
WLF,20130930,0.34,0.345,0.34,0.345,23611
WLL,20130930,2.5,2.5,2.5,2.5,3000
WMK,20130930,1.045,1.045,1.045,1.045,25000
WMN,20130930,0.05,0.05,0.05,0.05,51214
WOR,20130930,23.98,24.54,23.95,24.32,982406
WOW,20130930,35.2,35.38,35,35,1752479
WPG,20130930,0.042,0.042,0.041,0.041,330000
WPL,20130930,38.55,38.89,38.25,38.31,1703495
WRG,20130930,0.003,0.003,0.003,0.003,47182
WRT,20130930,3.01,3.01,2.97,2.97,8709298
WSA,20130930,2.9,2.93,2.84,2.86,462072
WTF,20130930,4.73,4.76,4.67,4.7,451241
WTP,20130930,0.76,0.775,0.745,0.775,261202
WTR,20130930,0.135,0.14,0.135,0.14,68070
WWM,20130930,0.094,0.095,0.094,0.094,200023
XAM,20130930,0.086,0.093,0.086,0.093,100000
XCD,20130930,0.125,0.125,0.125,0.125,56606
XRF,20130930,0.315,0.315,0.315,0.315,38000
XRO,20130930,16.9,16.95,16.8,16.86,12513
XST,20130930,0.014,0.014,0.014,0.014,500000
YAL,20130930,0.665,0.68,0.665,0.68,9994
YBR,20130930,0.59,0.59,0.58,0.585,90000
YOW,20130930,0.18,0.18,0.16,0.165,195854
YRR,20130930,0.014,0.014,0.014,0.014,80000
YTC,20130930,0.25,0.25,0.245,0.245,134093
ZGL,20130930,0.22,0.22,0.22,0.22,116750
ZNZ,20130930,3.41,3.45,3.41,3.42,699918
XAF,20130930,5410.3,5410.3,5315.4,5315.4,0
XAO,20130930,5302.3,5302.3,5217.7,5217.7,0
XAT,20130930,5263.3,5263.3,5175.2,5175.2,0
XDJ,20130930,1800.1,1800.1,1778.3,1780.9,0
XEC,20130930,1174.7,1175,1165,1166.5,0
XEJ,20130930,14371.5,14371.5,14041.3,14041.3,0
XFJ,20130930,5841.1,5841.1,5731.8,5731.8,0
XFL,20130930,5474.3,5474.3,5378.9,5378.9,0
XGD,20130930,2586.8,2653.5,2586.2,2604.6,0
XHJ,20130930,13872.6,13872.6,13647.8,13650.9,0
XIJ,20130930,724.8,725.2,714,716.8,0
XJO,20130930,5307.1,5307.1,5218.9,5218.9,0
XJR,20130930,4185.7,4185.7,4107.8,4107.8,0
XKO,20130930,5261.5,5261.5,5174.9,5174.9,0
XMD,20130930,4275.2,4275.2,4225.5,4228.5,0
XMJ,20130930,9886.2,9886.2,9723.7,9723.7,0
XMM,20130930,3271.3,3271.3,3217,3217,0
XNJ,20130930,4015.5,4015.5,3960.6,3967.9,0
XPJ,20130930,1024,1024.2,1018.5,1018.6,0
XSJ,20130930,10059.2,10059.2,9919.1,9919.1,0
XSO,20130930,2235.6,2235.6,2203.4,2206.8,0
XTJ,20130930,1737.9,1737.9,1716.8,1720,0
XTL,20130930,3335.5,3335.5,3274.3,3274.3,0
XTO,20130930,4399.3,4399.3,4325.6,4325.6,0
XUJ,20130930,5536.4,5536.4,5473.4,5482.2,0
XXJ,20130930,6890.4,6890.4,6746.1,6746.1,0
