AAA,20130319,50.18,50.18,50.16,50.16,7181
AAC,20130319,1.23,1.235,1.21,1.235,223304
AAD,20130319,1.505,1.52,1.465,1.465,952691
AAR,20130319,0.006,0.006,0.006,0.006,146791
AAU,20130319,0.115,0.115,0.115,0.115,15000
AAX,20130319,3.93,3.93,3.82,3.84,110598
ABC,20130319,3.5,3.61,3.5,3.52,2432937
ABP,20130319,2.23,2.23,2.21,2.23,298473
ABU,20130319,0.044,0.046,0.044,0.045,12306575
ABV,20130319,0.02,0.02,0.02,0.02,99063
ABW,20130319,1.07,1.07,1.07,1.07,2198
ABY,20130319,0.44,0.445,0.43,0.44,201627
ACB,20130319,0.1,0.1,0.095,0.095,169200
ACG,20130319,0.1,0.1,0.1,0.1,175000
ACK,20130319,0.19,0.195,0.19,0.195,15460
ACL,20130319,0.38,0.38,0.365,0.365,112035
ACR,20130319,3.96,3.97,3.91,3.92,342606
ACU,20130319,0.001,0.001,0.001,0.001,15582058
ACW,20130319,0.016,0.016,0.016,0.016,55000
ADJ,20130319,0.028,0.028,0.028,0.028,2800
ADN,20130319,0.041,0.041,0.04,0.04,47000
ADO,20130319,0.06,0.061,0.059,0.061,598026
ADY,20130319,0.034,0.034,0.033,0.033,61972
AEB,20130319,0.265,0.265,0.265,0.265,5000
AEE,20130319,0.11,0.115,0.11,0.115,122089
AEI,20130319,0.16,0.16,0.16,0.16,10000
AEK,20130319,0.065,0.066,0.065,0.066,90000
AEM,20130319,0.011,0.011,0.011,0.011,200000
AEU,20130319,1.45,1.45,1.425,1.43,31907
AFA,20130319,0.22,0.22,0.22,0.22,30000
AFI,20130319,5.37,5.38,5.31,5.33,404540
AFR,20130319,0.12,0.12,0.115,0.115,320380
AGE,20130319,0.06,0.06,0.06,0.06,20000
AGF,20130319,0.715,0.715,0.68,0.685,742367
AGG,20130319,4.76,4.77,4.72,4.72,1010705
AGI,20130319,3.75,3.75,3.66,3.7,162614
AGJ,20130319,0.095,0.095,0.095,0.095,55429
AGK,20130319,16.41,16.44,16.07,16.22,1691333
AGO,20130319,1.255,1.275,1.235,1.235,11826980
AGR,20130319,0.14,0.14,0.135,0.135,105000
AGS,20130319,0.175,0.175,0.165,0.17,144350
AGX,20130319,0.022,0.022,0.022,0.022,200400
AHD,20130319,8.02,8.07,7.94,8.01,81103
AHE,20130319,4.22,4.29,4.12,4.16,391782
AHN,20130319,0.037,0.037,0.037,0.037,31250
AHQ,20130319,0.05,0.05,0.05,0.05,100000
AHZ,20130319,0.03,0.03,0.029,0.03,1921335
AIA,20130319,2.2,2.22,2.2,2.21,192303
AIO,20130319,5.48,5.48,5.26,5.26,5874729
AIQ,20130319,0.3,0.3,0.3,0.3,15050
AIR,20130319,0.15,0.15,0.15,0.15,12000
AIV,20130319,0.013,0.013,0.013,0.013,303838
AIW,20130319,0.038,0.04,0.037,0.039,581200
AIX,20130319,3.04,3.04,3.03,3.03,1456859
AIZ,20130319,1.15,1.15,1.15,1.15,3944
AJA,20130319,3.55,3.69,3.54,3.62,41829
AJC,20130319,0.015,0.015,0.015,0.015,949799
AJJ,20130319,0.16,0.16,0.16,0.16,1797
AJL,20130319,1.355,1.4,1.35,1.36,34576
AJM,20130319,0.16,0.16,0.16,0.16,195000
AJQ,20130319,0.315,0.33,0.315,0.325,247148
AJX,20130319,0.072,0.072,0.07,0.07,150000
AKA,20130319,0.085,0.085,0.085,0.085,51000
AKK,20130319,0.021,0.022,0.021,0.021,2292185
AKM,20130319,0.087,0.087,0.085,0.087,447979
ALF,20130319,1.505,1.53,1.5,1.53,563364
ALK,20130319,0.575,0.58,0.565,0.575,244331
ALL,20130319,3.78,3.78,3.69,3.72,1141695
ALQ,20130319,10.47,10.51,10.24,10.24,1263963
ALR,20130319,1.29,1.3,1.28,1.285,90074
ALT,20130319,0.022,0.023,0.021,0.022,544091
ALU,20130319,1,1,0.99,1,1201988
ALY,20130319,0.096,0.096,0.096,0.096,7000
ALZ,20130319,3.46,3.48,3.38,3.39,1299688
AMA,20130319,0.375,0.375,0.37,0.37,71100
AMC,20130319,9.14,9.18,8.89,8.9,7480928
AMH,20130319,0.9,0.9,0.88,0.88,67775
AMM,20130319,1.81,1.925,1.81,1.91,1669428
AMP,20130319,5.27,5.28,5.06,5.07,15095400
AMX,20130319,0.265,0.27,0.26,0.26,112774
ANG,20130319,5.29,5.54,5.26,5.54,187845
ANN,20130319,15.86,15.98,15.71,15.81,718412
ANP,20130319,0.011,0.012,0.011,0.011,1070000
ANQ,20130319,0.014,0.017,0.014,0.017,5470000
ANW,20130319,0.015,0.015,0.014,0.014,1165336
ANZ,20130319,28.29,28.42,27.81,27.83,6155841
AOD,20130319,1.025,1.025,1.025,1.025,69268
AOH,20130319,0.225,0.23,0.22,0.23,125927
AOK,20130319,0.175,0.175,0.15,0.155,9459059
AOM,20130319,0.06,0.06,0.06,0.06,42313
AON,20130319,0.064,0.072,0.063,0.072,4136714
AOP,20130319,0.1,0.1,0.1,0.1,32135
AOU,20130319,0.24,0.24,0.24,0.24,61784
APA,20130319,5.92,5.94,5.75,5.84,2213300
APD,20130319,0.25,0.25,0.25,0.25,14052
APE,20130319,4.92,5.06,4.91,5.06,101157
APG,20130319,0.03,0.03,0.028,0.028,1046700
API,20130319,0.44,0.445,0.435,0.44,1229620
APK,20130319,0.41,0.41,0.41,0.41,10000
APN,20130319,0.365,0.375,0.365,0.37,664829
APZ,20130319,0.2,0.205,0.195,0.2,687446
AQA,20130319,2.24,2.27,2.06,2.07,754491
AQC,20130319,0.013,0.013,0.012,0.012,597384
AQF,20130319,1.84,1.84,1.84,1.84,20670
AQG,20130319,3.64,3.72,3.62,3.64,558759
AQI,20130319,0.25,0.25,0.25,0.25,33000
AQO,20130319,0.215,0.215,0.21,0.215,39337
AQP,20130319,0.75,0.765,0.745,0.755,173895
AQQ,20130319,0.047,0.05,0.047,0.05,270000
AQR,20130319,0.28,0.28,0.26,0.26,105100
AQZ,20130319,1.95,2,1.95,2,8369
ARD,20130319,0.094,0.094,0.094,0.094,110000
ARG,20130319,6.55,6.58,6.49,6.49,177789
ARH,20130319,0.05,0.05,0.05,0.05,15000
ARI,20130319,0.92,0.98,0.92,0.92,10647068
ARM,20130319,0.079,0.079,0.075,0.075,112658
ARP,20130319,13.17,13.25,13.06,13.09,88836
ARU,20130319,0.15,0.16,0.15,0.155,338203
ARV,20130319,0.011,0.011,0.011,0.011,200000
ARW,20130319,0.007,0.008,0.007,0.008,1612500
ASB,20130319,0.675,0.68,0.672,0.68,541265
ASL,20130319,2.91,2.92,2.87,2.9,1880552
ASX,20130319,36.02,36.09,35.29,35.41,493782
ASZ,20130319,0.495,0.495,0.46,0.46,854307
ATI,20130319,0.19,0.19,0.19,0.19,35000
ATN,20130319,0.002,0.003,0.002,0.003,834683
ATU,20130319,0.7,0.78,0.7,0.775,428110
AUB,20130319,9.75,9.97,9.73,9.97,38058
AUC,20130319,0.06,0.066,0.06,0.066,14900
AUF,20130319,0.985,0.985,0.97,0.97,19580
AUI,20130319,7.16,7.16,7.15,7.15,1021
AUK,20130319,0.037,0.04,0.035,0.035,300000
AUP,20130319,5.59,5.59,5.59,5.59,350
AUQ,20130319,0.14,0.14,0.14,0.14,16000
AUT,20130319,3.83,3.87,3.81,3.85,2688412
AUZ,20130319,0.021,0.022,0.02,0.022,888800
AVA,20130319,0.155,0.155,0.15,0.15,800011
AVB,20130319,0.074,0.074,0.073,0.073,368984
AVG,20130319,0.45,0.45,0.45,0.45,41092
AVH,20130319,0.13,0.13,0.12,0.12,192163
AVJ,20130319,0.4,0.4,0.39,0.39,4000
AVQ,20130319,0.017,0.017,0.016,0.016,1194950
AVX,20130319,0.018,0.019,0.018,0.019,262750
AWC,20130319,1.13,1.17,1.13,1.145,14861265
AWE,20130319,1.31,1.34,1.305,1.315,1383894
AWV,20130319,0.055,0.06,0.055,0.055,354064
AXE,20130319,0.2,0.205,0.195,0.2,274000
AXT,20130319,0.025,0.028,0.025,0.028,160082
AYA,20130319,0.73,0.73,0.725,0.73,131600
AYC,20130319,0.18,0.18,0.18,0.18,19155
AYD,20130319,101,101,101,101,550
AYF,20130319,6.36,6.36,6.35,6.36,11400
AYG,20130319,0.005,0.005,0.004,0.005,11852119
AYI,20130319,0.004,0.004,0.004,0.004,6000
AYN,20130319,0.015,0.018,0.015,0.017,42978277
AYR,20130319,0.01,0.01,0.009,0.009,944333
AZF,20130319,2.16,2.16,2.16,2.16,2300
AZG,20130319,0.086,0.086,0.085,0.085,330000
AZH,20130319,0.235,0.24,0.23,0.23,225022
AZJ,20130319,4.07,4.08,4.01,4.04,21260398
AZM,20130319,0.075,0.076,0.073,0.073,36239
AZS,20130319,0.065,0.065,0.063,0.063,1222157
AZY,20130319,0.195,0.22,0.19,0.22,957029
AZZ,20130319,0.5,0.52,0.5,0.52,376999
BAB,20130319,0.055,0.057,0.055,0.057,114213
BAC,20130319,0.048,0.048,0.048,0.048,125000
BAR,20130319,0.017,0.017,0.017,0.017,9500
BAS,20130319,0.015,0.015,0.015,0.015,20000
BAU,20130319,0.125,0.125,0.12,0.125,207000
BBG,20130319,0.84,0.85,0.835,0.84,1688982
BBL,20130319,0.31,0.31,0.31,0.31,14964
BBR,20130319,0.4,0.4,0.39,0.39,12000
BCC,20130319,0.044,0.046,0.044,0.045,426673
BCI,20130319,3.6,3.68,3.58,3.58,3220160
BCK,20130319,0.06,0.06,0.06,0.06,120445
BCN,20130319,0.004,0.004,0.004,0.004,77221
BCT,20130319,0.205,0.205,0.205,0.205,20000
BDM,20130319,0.042,0.042,0.042,0.042,11205
BDR,20130319,0.9,0.927,0.875,0.875,5422640
BEAR,20130319,19.65,19.86,19.6,19.86,14159
BEN,20130319,10.2,10.3,10.06,10.16,1454788
BEZ,20130319,0.175,0.175,0.17,0.17,221000
BFG,20130319,0.825,0.83,0.795,0.8,153954
BGA,20130319,2.55,2.6,2.55,2.57,127842
BGD,20130319,0.024,0.025,0.024,0.025,265217
BGG,20130319,0.175,0.175,0.175,0.175,50000
BGL,20130319,0.52,0.55,0.52,0.55,732871
BGS,20130319,0.014,0.014,0.012,0.012,53094430
BHP,20130319,34.81,35.05,34.55,34.55,8915507
BHU,20130319,0.1,0.1,0.1,0.1,200000
BIS,20130319,1.15,1.19,1.15,1.19,8159
BIT,20130319,0.125,0.15,0.11,0.115,5542846
BKI,20130319,1.465,1.465,1.46,1.46,120273
BKL,20130319,29.72,30,29.5,29.63,3645
BKN,20130319,7.27,7.38,7.14,7.17,3050471
BKP,20130319,0.006,0.006,0.006,0.006,200000
BKW,20130319,12.5,12.63,12.45,12.5,25047
BKY,20130319,0.4,0.4,0.395,0.395,177664
BLA,20130319,1.05,1.05,1.05,1.05,2000
BLD,20130319,5.02,5.04,4.87,4.87,2860219
BLG,20130319,0.205,0.205,0.2,0.2,111000
BLK,20130319,0.235,0.235,0.235,0.235,217000
BLR,20130319,0.015,0.015,0.015,0.015,336559
BLT,20130319,0.012,0.012,0.011,0.012,138930
BLY,20130319,1.375,1.385,1.315,1.33,4185643
BMB,20130319,0.105,0.105,0.099,0.099,206432
BMG,20130319,0.01,0.01,0.01,0.01,6490
BMN,20130319,0.076,0.081,0.076,0.081,177186
BMZ,20130319,0.16,0.16,0.16,0.16,7374
BND,20130319,0.205,0.205,0.195,0.195,1209896
BNE,20130319,0.001,0.002,0.001,0.002,27250000
BNO,20130319,0.37,0.37,0.365,0.37,40000
BNR,20130319,0.052,0.052,0.052,0.052,13872
BNX,20130319,0.155,0.155,0.155,0.155,3500
BOA,20130319,0.48,0.495,0.48,0.49,46939
BOC,20130319,0.635,0.635,0.635,0.635,7290
BOL,20130319,0.28,0.28,0.275,0.275,75388
BOQ,20130319,9.39,9.71,9.39,9.43,1910081
BPA,20130319,3.59,3.79,3.59,3.79,48
BPH,20130319,0.018,0.018,0.018,0.018,250001
BPT,20130319,1.395,1.43,1.38,1.38,6416235
BRC,20130319,0.275,0.275,0.25,0.25,136000
BRD,20130319,0.002,0.002,0.002,0.002,205000
BRG,20130319,5.27,5.61,5.17,5.34,2516056
BRU,20130319,2.6,2.63,2.51,2.51,888172
BRW,20130319,0.017,0.017,0.015,0.015,133333
BSA,20130319,0.195,0.2,0.195,0.2,255000
BSE,20130319,0.395,0.425,0.385,0.425,241683
BSL,20130319,4.75,4.86,4.65,4.68,3220412
BSM,20130319,0.009,0.01,0.009,0.01,1342666
BSP,20130319,0.15,0.15,0.15,0.15,10000
BSR,20130319,0.023,0.023,0.022,0.023,644598
BTR,20130319,0.99,0.995,0.945,0.95,130327
BTT,20130319,3.34,3.34,3.08,3.1,246239
BTU,20130319,0.295,0.305,0.29,0.3,1042859
BUL,20130319,0.032,0.033,0.032,0.032,2010000
BUR,20130319,0.014,0.014,0.013,0.013,414448
BUY,20130319,0.019,0.019,0.018,0.018,172000
BWD,20130319,0.1,0.1,0.1,0.1,66800
BWF,20130319,0.115,0.115,0.115,0.115,8176
BWP,20130319,2.45,2.46,2.39,2.4,865049
BXB,20130319,8.55,8.56,8.29,8.32,7319889
BXN,20130319,0.016,0.016,0.016,0.016,79915
BYI,20130319,1.265,1.265,1.265,1.265,1840000
BYL,20130319,0.44,0.44,0.42,0.42,73000
CAA,20130319,0.225,0.225,0.225,0.225,24649
CAB,20130319,4.87,5,4.85,5,506665
CAF,20130319,0.51,0.51,0.47,0.47,28000
CAJ,20130319,0.17,0.175,0.165,0.17,1333251
CAM,20130319,1.095,1.095,1.095,1.095,8968
CAP,20130319,0.32,0.325,0.32,0.325,438584
CAS,20130319,0.28,0.28,0.265,0.265,144017
CAZ,20130319,0.165,0.17,0.165,0.17,65000
CBA,20130319,69.64,70.14,69.04,69.18,4149291
CBB,20130319,0.06,0.06,0.06,0.06,500000
CBD,20130319,0.02,0.02,0.019,0.019,480000
CBQ,20130319,0.014,0.014,0.013,0.013,688807
CCC,20130319,0.052,0.052,0.05,0.05,7369679
CCF,20130319,0.043,0.043,0.04,0.04,507500
CCJ,20130319,0.12,0.12,0.12,0.12,50000
CCL,20130319,14.9,15.04,14.65,14.68,1792037
CCP,20130319,8.75,8.765,8.58,8.62,105257
CCU,20130319,0.32,0.32,0.31,0.315,72400
CCV,20130319,1.295,1.31,1.28,1.3,533928
CDA,20130319,3.85,3.95,3.84,3.9,513447
CDB,20130319,0.029,0.029,0.026,0.028,481482
CDD,20130319,6.91,7.05,6.9,6.94,546313
CDI,20130319,2.67,2.7,2.65,2.65,130242
CDM,20130319,1.46,1.47,1.46,1.465,134760
CDP,20130319,5.58,5.59,5.55,5.59,27877
CDT,20130319,0.092,0.092,0.092,0.092,30690
CDY,20130319,0.043,0.045,0.042,0.042,4613346
CEL,20130319,0.075,0.075,0.073,0.073,88300
CEN,20130319,0.019,0.02,0.019,0.019,507500
CFE,20130319,0.19,0.195,0.185,0.185,715385
CFU,20130319,0.062,0.064,0.057,0.057,3968902
CFX,20130319,2.07,2.13,2.06,2.09,19669417
CGF,20130319,3.78,3.85,3.75,3.75,1884569
CGH,20130319,1.35,1.35,1.35,1.35,3200
CGM,20130319,0.009,0.009,0.008,0.009,1325260
CGO,20130319,0.34,0.34,0.34,0.34,7800
CGP,20130319,0.007,0.007,0.006,0.006,9441848
CGS,20130319,0.4,0.405,0.4,0.405,173302
CHC,20130319,3.9,3.93,3.86,3.91,634945
CHK,20130319,0.051,0.051,0.051,0.051,10000
CHN,20130319,0.2,0.2,0.195,0.195,90212
CHZ,20130319,0.235,0.235,0.23,0.23,244580
CII,20130319,0.8,0.8,0.77,0.77,11900
CIN,20130319,22.01,22.01,22.01,22.01,83
CIR,20130319,0.295,0.295,0.29,0.29,24400
CIX,20130319,0.185,0.185,0.185,0.185,96169
CJO,20130319,0.13,0.135,0.13,0.135,816466
CKA,20130319,0.19,0.2,0.19,0.2,551773
CKF,20130319,1.72,1.73,1.7,1.71,61243
CKK,20130319,0.005,0.005,0.004,0.005,2156881
CKL,20130319,0.7,0.7,0.7,0.7,3204
CLA,20130319,0.023,0.023,0.022,0.022,1847296
CLH,20130319,1.63,1.69,1.62,1.67,243172
CLO,20130319,1.37,1.395,1.35,1.395,765017
CLQ,20130319,0.16,0.16,0.135,0.135,106000
CLR,20130319,0.35,0.355,0.35,0.355,180828
CLV,20130319,0.53,0.55,0.53,0.55,52000
CLX,20130319,1.93,1.95,1.91,1.95,22968
CMC,20130319,0.11,0.11,0.105,0.105,150000
CMG,20130319,0.585,0.59,0.575,0.59,1333626
CMI,20130319,2.3,2.3,2.3,2.3,2000
CMP,20130319,0.067,0.067,0.067,0.067,18000
CMT,20130319,0.17,0.17,0.17,0.17,35500
CMV,20130319,0.034,0.034,0.034,0.034,12500
CMW,20130319,0.96,0.965,0.947,0.965,3643220
CMY,20130319,0.007,0.007,0.007,0.007,400000
CNI,20130319,0.75,0.75,0.75,0.75,6978
CNO,20130319,0.095,0.105,0.095,0.1,372927
CNQ,20130319,0.07,0.07,0.07,0.07,170000
CNU,20130319,2.3,2.34,2.3,2.32,233375
CNX,20130319,0.043,0.045,0.043,0.044,534000
COE,20130319,0.515,0.525,0.51,0.525,73505
COF,20130319,0.415,0.425,0.41,0.415,397550
COH,20130319,69.29,69.5,68.64,68.64,459070
COI,20130319,0.255,0.265,0.255,0.265,218413
COK,20130319,0.092,0.093,0.091,0.093,1615985
COO,20130319,0.215,0.23,0.215,0.23,483527
COY,20130319,0.039,0.039,0.039,0.039,100000
COZ,20130319,0.098,0.1,0.096,0.096,271600
CPA,20130319,1.145,1.147,1.125,1.145,13112851
CPD,20130319,0.54,0.54,0.54,0.54,44863
CPL,20130319,0.595,0.605,0.59,0.595,662463
CPU,20130319,10.62,10.74,10.37,10.44,1914587
CPZ,20130319,0.225,0.225,0.22,0.22,120562
CQR,20130319,3.95,3.95,3.83,3.84,489180
CRQ,20130319,0.021,0.021,0.021,0.021,54200
CRV,20130319,0.011,0.012,0.011,0.011,403164
CRZ,20130319,9.38,9.44,9.06,9.11,713702
CSD,20130319,0.085,0.085,0.085,0.085,26500
CSE,20130319,0.23,0.235,0.225,0.23,1489523
CSL,20130319,60,60.21,58.83,59.25,1710107
CSP,20130319,0.325,0.325,0.3,0.32,230286
CSR,20130319,2.14,2.16,2.1,2.11,2250461
CSS,20130319,0.028,0.028,0.028,0.028,100000
CSV,20130319,0.73,0.745,0.725,0.735,281093
CTD,20130319,4.4,4.44,4.38,4.4,356240
CTM,20130319,0.25,0.25,0.25,0.25,1012308
CTN,20130319,1.065,1.08,1.05,1.055,195519
CTO,20130319,0.056,0.058,0.056,0.058,255234
CTP,20130319,0.165,0.175,0.165,0.17,13450588
CTR,20130319,0.018,0.02,0.018,0.019,4455000
CTX,20130319,21.78,22,21.22,21.22,788872
CUE,20130319,0.14,0.14,0.14,0.14,330928
CUL,20130319,0.024,0.024,0.022,0.022,814000
CUP,20130319,1.685,1.7,1.685,1.7,9132
CUV,20130319,2.6,2.6,2.55,2.55,10300
CUX,20130319,0.032,0.032,0.031,0.031,128571
CVC,20130319,1.04,1.05,1.04,1.05,103083
CVE,20130319,0.09,0.09,0.09,0.09,4363
CVG,20130319,0.019,0.02,0.019,0.02,500000
CVN,20130319,0.057,0.058,0.054,0.054,2349823
CVW,20130319,0.725,0.74,0.7,0.7,37736
CWE,20130319,0.04,0.04,0.039,0.04,2284280
CWN,20130319,12.23,12.3,12.11,12.11,1424711
CWP,20130319,5.64,5.82,5.64,5.76,954093
CXM,20130319,0.175,0.175,0.175,0.175,128500
CXO,20130319,0.09,0.096,0.09,0.091,437047
CXX,20130319,0.17,0.17,0.17,0.17,41650
CXY,20130319,0.005,0.005,0.005,0.005,26019449
CYA,20130319,0.78,0.78,0.78,0.78,59381
CYG,20130319,3.03,3.1,3.03,3.05,13225
CYS,20130319,0.1,0.1,0.1,0.1,200000
CYU,20130319,0.069,0.069,0.067,0.067,220000
CYY,20130319,0.24,0.24,0.24,0.24,50000
CZA,20130319,0.215,0.23,0.205,0.205,313739
CZD,20130319,0.048,0.048,0.047,0.047,89218
CZN,20130319,0.027,0.027,0.027,0.027,250000
DAU,20130319,0.09,0.09,0.09,0.09,17716
DCG,20130319,2.44,2.46,2.41,2.42,480225
DCN,20130319,0.445,0.445,0.445,0.445,2500
DDR,20130319,0.79,0.79,0.77,0.78,40044
DDT,20130319,0.026,0.026,0.026,0.026,44076
DEG,20130319,0.014,0.015,0.014,0.015,22672
DGH,20130319,0.49,0.49,0.49,0.49,6319
DGI,20130319,0.007,0.007,0.006,0.006,260000
DGR,20130319,0.05,0.05,0.048,0.049,518471
DJS,20130319,2.99,3,2.93,2.96,3148951
DJW,20130319,4.17,4.18,4.13,4.13,139868
DLC,20130319,0.005,0.005,0.004,0.004,2081565
DLS,20130319,1.235,1.24,1.2,1.2,1512489
DLX,20130319,4.31,4.365,4.28,4.3,858249
DML,20130319,0.64,0.675,0.64,0.66,1817987
DMP,20130319,10.84,11.07,10.84,11.03,55765
DOW,20130319,5.05,5.07,4.93,4.95,1697730
DRA,20130319,0.49,0.49,0.49,0.49,15893
DRG,20130319,0.062,0.07,0.062,0.07,233684
DRK,20130319,0.089,0.1,0.089,0.1,1906949
DRM,20130319,0.565,0.565,0.555,0.555,341436
DRX,20130319,0.022,0.022,0.022,0.022,30000
DSB,20130319,0.63,0.63,0.6,0.6,6400
DSN,20130319,0.032,0.039,0.032,0.039,275769
DTE,20130319,0.115,0.115,0.11,0.11,535902
DTL,20130319,1.235,1.24,1.22,1.235,65151
DTM,20130319,0.096,0.097,0.096,0.097,95000
DTQ,20130319,0.061,0.061,0.06,0.06,103224
DUE,20130319,2.21,2.21,2.16,2.2,8331727
DUI,20130319,3.12,3.12,3.12,3.12,11252
DVA,20130319,0.016,0.016,0.016,0.016,385
DVN,20130319,0.9,0.9,0.9,0.9,97232
DWS,20130319,1.525,1.53,1.5,1.51,100624
DXS,20130319,1.03,1.06,1.025,1.04,35397714
DYE,20130319,0.125,0.125,0.125,0.125,20030
DYL,20130319,0.054,0.054,0.049,0.049,776690
EAL,20130319,0.67,0.68,0.67,0.68,81000
EAR,20130319,0.18,0.18,0.175,0.18,134800
EAX,20130319,3.08,3.08,3,3.05,67644
EBT,20130319,1.555,1.56,1.555,1.56,2682
ECV,20130319,1.5,1.5,1.5,1.5,10200
EDE,20130319,0.02,0.021,0.019,0.021,860160
EEG,20130319,0.14,0.14,0.135,0.135,123096
EFT,20130319,0.39,0.415,0.38,0.395,775711
EGG,20130319,0.4,0.4,0.4,0.4,36003
EGH,20130319,0.05,0.05,0.05,0.05,34561
EGL,20130319,0.037,0.037,0.036,0.036,373395
EGN,20130319,0.19,0.19,0.19,0.19,9625
EGO,20130319,0.014,0.015,0.014,0.014,4540499
EGP,20130319,3.63,3.68,3.61,3.61,2012207
EHL,20130319,0.685,0.73,0.682,0.7,7919174
EHR,20130319,0.003,0.004,0.003,0.004,1527750
ELD,20130319,0.125,0.13,0.12,0.13,104205
ELI,20130319,0.86,0.875,0.86,0.875,104500
ELK,20130319,0.245,0.245,0.245,0.245,15000
ELM,20130319,0.285,0.29,0.27,0.275,110320
ELT,20130319,0.018,0.018,0.018,0.018,66500
ELX,20130319,0.19,0.19,0.19,0.19,12000
EMA,20130319,0.059,0.059,0.059,0.059,42372
EME,20130319,0.225,0.225,0.225,0.225,14998
EMF,20130319,1.66,1.66,1.66,1.66,4750
EMM,20130319,0.009,0.009,0.009,0.009,37500
EMR,20130319,0.011,0.011,0.011,0.011,510000
EMU,20130319,0.072,0.072,0.07,0.07,51014
ENE,20130319,3.02,3.3,3.02,3.3,11025
ENL,20130319,0.008,0.008,0.007,0.007,500000
ENR,20130319,0.265,0.265,0.265,0.265,8800
ENT,20130319,0.13,0.175,0.13,0.135,1380930
ENU,20130319,0.084,0.084,0.075,0.075,39033
ENV,20130319,1.055,1.07,1.04,1.04,3294808
EOC,20130319,0.34,0.34,0.34,0.34,25000
EOS,20130319,0.265,0.265,0.265,0.265,2000
EPW,20130319,2.46,2.64,2.46,2.6,127117
EPX,20130319,1.98,1.98,1.96,1.98,132238
EQE,20130319,0.079,0.084,0.079,0.084,1589863
EQT,20130319,17.6,17.7,17.6,17.7,850
EQX,20130319,1,1.2,1,1.2,80276
ERA,20130319,1.315,1.345,1.3,1.33,196126
ERJ,20130319,0.005,0.005,0.004,0.004,3608766
ERM,20130319,0.08,0.084,0.08,0.084,108473
ERN,20130319,0.018,0.018,0.018,0.018,43478
ESI,20130319,0.009,0.01,0.009,0.01,1121000
ESN,20130319,0.001,0.001,0.001,0.001,2
ESV,20130319,0.45,0.46,0.45,0.46,22586
ETE,20130319,0.052,0.057,0.052,0.057,944314
EVE,20130319,0.011,0.011,0.011,0.011,40442
EVM,20130319,0.028,0.028,0.025,0.025,748400
EVN,20130319,1.435,1.495,1.435,1.48,1841778
EVR,20130319,1.47,1.55,1.47,1.55,159221
EVZ,20130319,0.062,0.062,0.062,0.062,200000
EWC,20130319,0.34,0.35,0.335,0.335,568895
EXC,20130319,0.04,0.045,0.04,0.045,110000
EXE,20130319,0.027,0.027,0.027,0.027,125000
EXG,20130319,0.175,0.18,0.17,0.18,454500
EXM,20130319,0.001,0.001,0.001,0.001,3021530
EZL,20130319,1.255,1.26,1.24,1.26,30241
FAN,20130319,3.27,3.27,3.27,3.27,1416
FAR,20130319,0.043,0.044,0.04,0.041,49694263
FBU,20130319,6.93,6.93,6.81,6.87,3645971
FCR,20130319,0.019,0.019,0.018,0.018,1750000
FDC,20130319,2.39,2.41,2.38,2.4,4033639
FEO,20130319,0.062,0.062,0.062,0.062,15000
FGE,20130319,6.6,6.7,6.58,6.7,283566
FIN,20130319,5.44,5.44,5.44,5.44,292
FKP,20130319,1.7,1.73,1.665,1.7,821847
FLK,20130319,0.16,0.16,0.16,0.16,1169262
FLT,20130319,33.99,34.1,33.67,33.71,704934
FMG,20130319,3.96,4.07,3.89,3.89,23495873
FML,20130319,0.02,0.021,0.02,0.02,9194956
FMS,20130319,0.067,0.069,0.065,0.065,4540203
FND,20130319,0.2,0.2,0.2,0.2,160000
FNT,20130319,0.028,0.028,0.028,0.028,1223
FOT,20130319,0.22,0.22,0.22,0.22,24944
FOY,20130319,0.005,0.005,0.005,0.005,3027850
FPH,20130319,2.07,2.07,2.01,2.01,17924
FPS,20130319,1.085,1.085,1.085,1.085,10235
FRG,20130319,0.18,0.18,0.18,0.18,14000
FRI,20130319,1.4,1.4,1.355,1.37,58856
FSF,20130319,5.6,5.6,5.56,5.58,419654
FSI,20130319,1.36,1.36,1.36,1.36,5185
FUN,20130319,0.23,0.23,0.22,0.23,162504
FWD,20130319,8.86,9.02,8.85,8.96,172980
FWL,20130319,0.044,0.044,0.044,0.044,221650
FXJ,20130319,0.64,0.647,0.635,0.64,10650154
FXL,20130319,4.06,4.12,3.93,3.95,1246501
FYI,20130319,0.051,0.051,0.051,0.051,16798
GAP,20130319,0.32,0.32,0.32,0.32,8000
GBE,20130319,0.071,0.071,0.068,0.069,338900
GBG,20130319,0.2,0.215,0.2,0.205,8749757
GBP,20130319,0.12,0.12,0.12,0.12,500
GCG,20130319,0.048,0.048,0.048,0.048,8500
GCN,20130319,0.011,0.011,0.01,0.01,1498500
GCR,20130319,0.004,0.004,0.004,0.004,200650
GCS,20130319,0.77,0.775,0.77,0.77,429900
GCY,20130319,0.25,0.26,0.24,0.26,143358
GDO,20130319,0.26,0.26,0.26,0.26,31770
GDY,20130319,0.096,0.096,0.094,0.096,466601
GEM,20130319,1.99,2.08,1.98,2.08,592670
GER,20130319,0.025,0.025,0.025,0.025,20000
GFF,20130319,0.705,0.715,0.69,0.715,5895427
GGG,20130319,0.32,0.325,0.315,0.325,228117
GGP,20130319,0.004,0.004,0.004,0.004,1376064
GGX,20130319,0.036,0.036,0.035,0.035,21640
GHC,20130319,1,1,1,1,20995
GIP,20130319,0.01,0.014,0.01,0.011,2902664
GJT,20130319,0.605,0.65,0.605,0.65,5316
GLB,20130319,0.39,0.4,0.39,0.4,4500
GLH,20130319,0.059,0.059,0.059,0.059,8117
GLM,20130319,0.008,0.008,0.007,0.007,1460006
GLY,20130319,0.14,0.14,0.14,0.14,35000
GME,20130319,0.023,0.023,0.023,0.023,290000
GMG,20130319,4.87,4.9,4.78,4.82,5936052
GML,20130319,0.077,0.077,0.075,0.075,125751
GMM,20130319,0.032,0.032,0.032,0.032,10000
GMR,20130319,0.039,0.039,0.036,0.036,1200041
GNC,20130319,12,12.05,11.9,11.9,838310
GNG,20130319,0.93,0.95,0.92,0.94,33000
GNM,20130319,0.2,0.2,0.2,0.2,828838
GNV,20130319,0.05,0.051,0.05,0.051,780000
GOA,20130319,0.001,0.002,0.001,0.002,1000024
GOLD,20130319,149.01,149.39,148.68,149,6682
GOR,20130319,0.088,0.088,0.082,0.082,1319990
GOW,20130319,2.46,2.46,2.46,2.46,4150
GOZ,20130319,2.41,2.43,2.41,2.42,136949
GPG,20130319,0.48,0.485,0.48,0.485,87812
GPP,20130319,0.031,0.031,0.031,0.031,36780
GPR,20130319,0.17,0.17,0.17,0.17,60000
GPT,20130319,3.76,3.82,3.72,3.73,7526495
GRB,20130319,0.145,0.155,0.14,0.15,564559
GRR,20130319,0.23,0.235,0.225,0.23,2169867
GRY,20130319,0.35,0.382,0.35,0.355,5404759
GSC,20130319,0.048,0.049,0.048,0.049,75000
GSE,20130319,0.007,0.007,0.006,0.007,480000
GSZ,20130319,0.06,0.06,0.05,0.05,140000
GTE,20130319,0.18,0.185,0.18,0.185,20483
GTG,20130319,0.079,0.079,0.079,0.079,3000
GUD,20130319,7.2,7.28,7.2,7.27,340361
GUF,20130319,0.45,0.45,0.4,0.405,323778
GUL,20130319,0.051,0.051,0.051,0.051,20000
GUN,20130319,0.058,0.058,0.058,0.058,68989
GWA,20130319,2.48,2.48,2.42,2.42,1018566
GXL,20130319,4.38,4.55,4.38,4.55,38082
GXN,20130319,0.002,0.002,0.002,0.002,16122523
GXY,20130319,0.39,0.39,0.38,0.385,214278
GZL,20130319,2.85,2.85,2.85,2.85,1433
HAO,20130319,0.325,0.325,0.325,0.325,350
HAS,20130319,0.078,0.079,0.073,0.079,181800
HAW,20130319,0.006,0.007,0.006,0.006,6035000
HAZ,20130319,0.025,0.025,0.021,0.021,1485000
HCH,20130319,0.67,0.7,0.67,0.7,134048
HDX,20130319,0.35,0.35,0.35,0.35,14447
HEG,20130319,0.017,0.017,0.017,0.017,10000
HFA,20130319,0.89,0.89,0.86,0.86,21303
HGG,20130319,2.42,2.475,2.39,2.4,2912742
HGO,20130319,0.105,0.105,0.096,0.098,3253096
HHL,20130319,2.8,2.8,2.78,2.78,8468
HHV,20130319,0.83,0.83,0.825,0.825,83500
HHY,20130319,0.895,0.92,0.895,0.91,224975
HIG,20130319,0.125,0.125,0.125,0.125,77831
HIL,20130319,1.085,1.115,1.085,1.115,148569
HLX,20130319,0.06,0.065,0.059,0.065,120000
HNG,20130319,0.425,0.44,0.425,0.425,18900
HNR,20130319,0.027,0.028,0.024,0.024,2582200
HOG,20130319,0.1,0.105,0.1,0.1,953114
HOR,20130319,0.165,0.165,0.16,0.16,104425
HRR,20130319,0.16,0.165,0.16,0.16,46000
HSN,20130319,0.84,0.85,0.84,0.85,63494
HTA,20130319,0.034,0.034,0.034,0.034,100
HTX,20130319,0.001,0.001,0.001,0.001,33764277
HVN,20130319,2.78,2.84,2.78,2.78,3860704
HZN,20130319,0.44,0.45,0.435,0.44,1879048
IAA,20130319,44,44.21,43.84,44.18,3474
IAF,20130319,103.43,103.43,103.43,103.43,6
IAG,20130319,5.67,5.69,5.58,5.6,5330881
IAU,20130319,0.27,0.275,0.26,0.26,1956518
IAW,20130319,0.092,0.092,0.092,0.092,118444
IBC,20130319,0.555,0.555,0.555,0.555,251000
IBG,20130319,0.075,0.076,0.071,0.071,56835
IBK,20130319,37.9,38.08,37.73,37.73,2448
ICG,20130319,0.037,0.044,0.037,0.04,5841168
ICN,20130319,0.2,0.21,0.2,0.2,470655
ICQ,20130319,0.41,0.415,0.4,0.415,624300
ICX,20130319,0.13,0.13,0.13,0.13,5000
IDC,20130319,0.1,0.1,0.098,0.099,1369970
IDT,20130319,0.26,0.26,0.26,0.26,4350
IDZ,20130319,0.425,0.425,0.4,0.4,3795
IEM,20130319,41,41.24,40.8,41.15,11040
IEU,20130319,38.9,38.9,38.87,38.87,1787
IFE,20130319,0.185,0.185,0.18,0.185,293100
IFL,20130319,7.8,8.09,7.8,7.97,2179220
IFM,20130319,0.495,0.5,0.49,0.5,462222
IFN,20130319,0.27,0.28,0.27,0.275,277807
IGO,20130319,4.09,4.18,4.08,4.12,587228
IGS,20130319,0.017,0.017,0.013,0.013,252490
IHD,20130319,16.69,16.76,16.57,16.58,43328
IHK,20130319,18.64,18.64,18.64,18.64,343
IIN,20130319,4.8,4.92,4.71,4.71,779610
IJH,20130319,109,110.1,109,110.1,667
IJP,20130319,10.2,10.25,10.19,10.22,12459
IJR,20130319,84.03,84.03,84.03,84.03,354
IKO,20130319,56.78,56.78,56.72,56.72,913
IKW,20130319,0.058,0.058,0.056,0.056,645214
ILB,20130319,104.68,104.85,104.68,104.85,92
ILC,20130319,22.92,22.99,22.69,22.69,14818
ILU,20130319,9.3,9.5,9.28,9.31,2689151
IMA,20130319,0.205,0.205,0.2,0.2,31281
IMC,20130319,0.008,0.008,0.007,0.007,250000
IMD,20130319,1.44,1.46,1.345,1.36,2933412
IMF,20130319,1.775,1.79,1.76,1.78,245702
IMI,20130319,0.002,0.003,0.002,0.002,548186
INA,20130319,0.3,0.31,0.3,0.305,243988
INL,20130319,0.007,0.007,0.007,0.007,100000
INQ,20130319,0.675,0.695,0.635,0.64,177921
IOF,20130319,3.09,3.15,3.05,3.08,5243756
IOH,20130319,1.1,1.1,1.05,1.05,82500
IOO,20130319,65.41,65.87,65.37,65.55,12815
IOZ,20130319,22.18,22.21,21.92,21.92,26545
IPD,20130319,0.086,0.086,0.08,0.08,68996
IPL,20130319,3.29,3.31,3.13,3.16,10889503
IPP,20130319,0.96,0.96,0.95,0.95,20885
IPT,20130319,0.03,0.03,0.027,0.028,188864
IRC,20130319,0.084,0.084,0.083,0.083,74485
IRD,20130319,0.255,0.27,0.25,0.27,131325
IRE,20130319,7.7,7.87,7.6,7.77,478262
IRI,20130319,1.11,1.13,1.11,1.11,85296
IRL,20130319,0.003,0.003,0.003,0.003,8137337
IRM,20130319,0.045,0.045,0.045,0.045,6213
IRN,20130319,0.335,0.34,0.3,0.325,952830
ISG,20130319,13.15,13.15,13.15,13.15,67
ISN,20130319,0.079,0.079,0.075,0.075,57500
ISO,20130319,4.29,4.29,4.28,4.28,177518
ITD,20130319,0.25,0.25,0.245,0.245,31275
ITW,20130319,12.87,12.87,12.87,12.87,1550
IVA,20130319,0.34,0.34,0.315,0.315,631146
IVC,20130319,10.69,10.82,10.68,10.71,283544
IVE,20130319,57.38,57.39,57.13,57.24,4121
IVR,20130319,0.135,0.14,0.13,0.13,323203
IVT,20130319,0.013,0.013,0.013,0.013,43256
IVV,20130319,151,151.26,150.5,150.5,7914
IXI,20130319,77.35,78.08,77.35,77.98,2367
IXJ,20130319,69.1,69.1,69,69,1359
IXR,20130319,0.105,0.11,0.105,0.105,71000
IZM,20130319,0.005,0.006,0.005,0.006,464578
IZZ,20130319,35.34,35.75,35.33,35.33,12343
JAL,20130319,0.35,0.35,0.345,0.35,297135
JBH,20130319,14.99,15.19,14.72,15.15,624638
JET,20130319,0.445,0.445,0.445,0.445,500
JHX,20130319,10.2,10.2,9.78,9.86,1488381
JIN,20130319,2.13,2.28,2.13,2.27,211887
JKA,20130319,0.175,0.18,0.175,0.18,195000
JMS,20130319,0.1,0.1,0.091,0.092,421180
JPR,20130319,0.6,0.605,0.595,0.595,125282
JRV,20130319,0.065,0.065,0.064,0.064,53100
KAB,20130319,0.008,0.008,0.008,0.008,1384419
KAM,20130319,0.73,0.73,0.705,0.705,1404
KAR,20130319,6.41,6.52,6.36,6.45,511232
KAS,20130319,0.185,0.185,0.18,0.18,389500
KBC,20130319,0.165,0.165,0.165,0.165,100000
KBL,20130319,0.088,0.093,0.087,0.093,251141
KCN,20130319,4.04,4.12,3.93,3.94,784988
KDR,20130319,0.67,0.69,0.58,0.63,13872842
KEY,20130319,0.014,0.014,0.014,0.014,447294
KGL,20130319,0.235,0.235,0.23,0.23,32854
KGM,20130319,0.31,0.31,0.31,0.31,11223
KIK,20130319,0.001,0.001,0.001,0.001,26464557
KKL,20130319,0.009,0.009,0.009,0.009,1000000
KKT,20130319,0.056,0.059,0.056,0.059,119407
KMC,20130319,0.007,0.007,0.007,0.007,308000
KMD,20130319,1.96,1.995,1.96,1.985,294773
KME,20130319,0.08,0.085,0.08,0.085,5740
KMR,20130319,0.12,0.12,0.12,0.12,564
KNL,20130319,0.12,0.125,0.115,0.115,81064
KOR,20130319,0.086,0.086,0.082,0.083,290525
KOV,20130319,6.96,6.96,6.9,6.95,35783
KPL,20130319,0.46,0.47,0.46,0.47,19870
KPR,20130319,0.13,0.13,0.12,0.125,339715
KRB,20130319,0.075,0.075,0.072,0.072,100000
KRL,20130319,0.035,0.035,0.031,0.031,450000
KRM,20130319,0.66,0.685,0.65,0.685,337198
KRS,20130319,0.155,0.155,0.155,0.155,300
KSC,20130319,2.34,2.37,2.3,2.37,17475
LAU,20130319,0.2,0.205,0.2,0.205,8553
LBL,20130319,0.14,0.145,0.14,0.145,70000
LCM,20130319,1.57,1.58,1.57,1.58,74633
LCR,20130319,0.034,0.034,0.034,0.034,300000
LCT,20130319,0.047,0.047,0.047,0.047,62173
LCY,20130319,0.054,0.054,0.054,0.054,9000
LEG,20130319,0.013,0.013,0.013,0.013,1100000
LEI,20130319,21.95,22.26,21.68,21.9,864828
LEP,20130319,2.48,2.48,2.46,2.46,116682
LGD,20130319,0.31,0.325,0.31,0.325,30665
LGM,20130319,0.027,0.027,0.027,0.027,237000
LIN,20130319,0.055,0.058,0.055,0.058,160748
LKO,20130319,0.009,0.009,0.007,0.008,31100171
LLC,20130319,10.08,10.18,9.89,9.91,1473659
LMR,20130319,0.08,0.08,0.08,0.08,29075
LNC,20130319,2.75,2.77,2.7,2.73,1630968
LNG,20130319,0.295,0.3,0.285,0.285,24122
LNR,20130319,0.195,0.2,0.195,0.2,124279
LOM,20130319,0.01,0.011,0.008,0.008,211528535
LRL,20130319,0.29,0.29,0.27,0.27,1709186
LRS,20130319,0.185,0.2,0.185,0.2,220828
LSR,20130319,0.042,0.045,0.04,0.042,849492
LSX,20130319,0.72,0.73,0.67,0.71,363330
LTN,20130319,0.079,0.08,0.077,0.08,85590
LTX,20130319,0.035,0.035,0.035,0.035,50000
LYC,20130319,0.61,0.615,0.59,0.59,19844143
LYL,20130319,6,6.05,6,6,30800
MAB,20130319,0.52,0.55,0.52,0.54,86445
MAD,20130319,0.6,0.62,0.6,0.61,510836
MAH,20130319,0.255,0.26,0.25,0.25,5599975
MAK,20130319,0.13,0.13,0.12,0.125,537741
MAQ,20130319,8.1,8.25,8.1,8.25,1237
MAR,20130319,0.009,0.009,0.009,0.009,1000000
MAT,20130319,0.46,0.485,0.45,0.455,520007
MAU,20130319,0.12,0.12,0.12,0.12,20060
MBE,20130319,0.022,0.022,0.02,0.02,9999000
MBN,20130319,0.33,0.34,0.325,0.33,17625267
MCE,20130319,1.29,1.29,1.27,1.27,54815
MCH,20130319,0.085,0.085,0.085,0.085,10000
MCP,20130319,2.28,2.31,2.24,2.29,147928
MCR,20130319,0.79,0.815,0.79,0.8,91950
MDI,20130319,0.12,0.12,0.12,0.12,25000
MDL,20130319,4.08,4.09,3.95,3.96,58572
MDX,20130319,0.13,0.14,0.13,0.14,59400
MEF,20130319,0.425,0.425,0.425,0.425,10000
MEL,20130319,0.067,0.068,0.066,0.068,594149
MEO,20130319,0.076,0.077,0.076,0.076,178000
MEP,20130319,0.135,0.14,0.135,0.14,108890
MEU,20130319,0.07,0.071,0.065,0.065,1134417
MFF,20130319,1.08,1.08,1.07,1.08,368379
MFG,20130319,7,7.1,6.93,7.05,466866
MGB,20130319,0.19,0.19,0.19,0.19,25000
MGR,20130319,1.695,1.697,1.645,1.655,9302103
MGV,20130319,0.08,0.09,0.08,0.08,501124
MGX,20130319,0.6,0.63,0.58,0.58,15256028
MHC,20130319,0.13,0.135,0.13,0.135,50000
MHM,20130319,0.24,0.24,0.19,0.19,632751
MIN,20130319,10.36,10.495,10.32,10.33,1122797
MIO,20130319,2.15,2.16,2.11,2.12,221193
MIR,20130319,2.38,2.4,2.38,2.39,31303
MIX,20130319,0.14,0.14,0.135,0.135,18100
MIZ,20130319,0.034,0.034,0.031,0.031,38071
MKB,20130319,0.05,0.05,0.05,0.05,3059
MKE,20130319,0.105,0.105,0.105,0.105,80142
MLB,20130319,2.23,2.24,2.2,2.2,68008
MLD,20130319,2.84,2.95,2.8,2.95,784263
MLI,20130319,0.155,0.155,0.155,0.155,2713
MLM,20130319,0.185,0.185,0.185,0.185,80000
MLS,20130319,0.019,0.019,0.017,0.019,539000
MLT,20130319,19.15,19.25,18.95,18.95,23795
MLX,20130319,0.165,0.17,0.16,0.165,1643209
MMC,20130319,0.13,0.13,0.125,0.125,359200
MML,20130319,4.32,4.42,4.25,4.35,743600
MMR,20130319,0.07,0.076,0.07,0.076,112060
MMS,20130319,14.65,14.83,14.47,14.5,277877
MMX,20130319,0.04,0.042,0.04,0.042,49519
MNB,20130319,0.05,0.05,0.044,0.044,1028145
MNC,20130319,0.043,0.043,0.042,0.043,226474
MND,20130319,23.25,23.265,22.74,22.78,557862
MNE,20130319,0.039,0.039,0.035,0.035,432460
MNF,20130319,1.4,1.42,1.38,1.4,100448
MNY,20130319,0.725,0.725,0.72,0.72,27750
MOC,20130319,2.06,2.07,2.04,2.07,123839
MOD,20130319,0.051,0.055,0.051,0.052,601603
MOG,20130319,0.01,0.01,0.009,0.009,380000
MOL,20130319,0.13,0.13,0.125,0.125,144025
MOU,20130319,0.01,0.01,0.01,0.01,2315000
MOX,20130319,0.047,0.047,0.046,0.046,60000
MOY,20130319,0.023,0.024,0.023,0.023,13045750
MPJ,20130319,0.008,0.008,0.008,0.008,150000
MPO,20130319,0.29,0.305,0.29,0.3,1463566
MPS,20130319,0.078,0.08,0.078,0.08,356359
MQA,20130319,1.61,1.64,1.605,1.615,1187936
MQG,20130319,37.31,37.68,36.85,36.85,925563
MRM,20130319,3.95,3.95,3.83,3.84,338403
MRP,20130319,0.29,0.3,0.285,0.3,209920
MSB,20130319,6.22,6.29,6.2,6.23,718978
MSR,20130319,0.13,0.135,0.13,0.135,27116
MTB,20130319,0.002,0.002,0.002,0.002,2308393
MTE,20130319,0.092,0.097,0.09,0.097,275000
MTH,20130319,0.05,0.05,0.05,0.05,100000
MTI,20130319,0.001,0.001,0.001,0.001,500000
MTS,20130319,4.1,4.13,4.03,4.06,3558053
MTU,20130319,4.95,5.1,4.93,5.05,1720295
MUE,20130319,0.097,0.097,0.097,0.097,100
MUI,20130319,0.001,0.002,0.001,0.002,2000000
MUM,20130319,0.05,0.05,0.05,0.05,1204000
MVP,20130319,1.95,1.95,1.945,1.945,12033
MVT,20130319,0.105,0.105,0.105,0.105,25000
MWN,20130319,0.073,0.073,0.073,0.073,38000
MXI,20130319,1.495,1.545,1.49,1.53,306939
MXQ,20130319,0.32,0.32,0.32,0.32,12264
MXR,20130319,0.004,0.004,0.004,0.004,589805
MYE,20130319,1.58,1.58,1.53,1.54,84609
MYG,20130319,0.084,0.084,0.084,0.084,2500
MYR,20130319,3.1,3.12,3.04,3.05,4038830
MYS,20130319,4.39,4.39,4.3,4.35,44321
MYX,20130319,0.47,0.48,0.45,0.45,3100359
MZI,20130319,0.022,0.022,0.021,0.022,391666
MZM,20130319,0.15,0.15,0.15,0.15,97632
NAB,20130319,30.7,30.99,30.5,30.54,7945019
NAE,20130319,0.056,0.056,0.056,0.056,100000
NAG,20130319,0.02,0.02,0.02,0.02,74167
NAM,20130319,0.34,0.34,0.34,0.34,167000
NAN,20130319,0.48,0.48,0.48,0.48,19090
NBL,20130319,0.825,0.825,0.79,0.79,33000
NCK,20130319,2.13,2.14,2.12,2.13,33066
NCM,20130319,22.35,22.7,22.34,22.5,4416910
NCO,20130319,0.025,0.025,0.025,0.025,40000
NCR,20130319,0.155,0.155,0.13,0.13,1940841
NDL,20130319,0.038,0.038,0.037,0.037,139300
NDO,20130319,0.026,0.026,0.026,0.026,262900
NEA,20130319,0.11,0.125,0.11,0.125,3171726
NEN,20130319,0.24,0.24,0.235,0.24,423284
NEU,20130319,0.033,0.034,0.033,0.033,3285252
NFE,20130319,0.425,0.435,0.405,0.435,208270
NGE,20130319,0.026,0.027,0.026,0.027,103750
NGF,20130319,0.18,0.18,0.175,0.175,85596
NGY,20130319,0.065,0.069,0.065,0.069,262616
NHC,20130319,3.8,4,3.8,3.98,195670
NHF,20130319,2.27,2.3,2.26,2.28,434953
NHO,20130319,0.07,0.07,0.07,0.07,86
NIO,20130319,0.008,0.008,0.008,0.008,100000
NIU,20130319,0.027,0.027,0.027,0.027,20000
NKP,20130319,0.084,0.09,0.084,0.09,180000
NME,20130319,0.021,0.021,0.021,0.021,227375
NMG,20130319,0.056,0.056,0.05,0.053,671739
NMI,20130319,0.011,0.011,0.01,0.01,1187339
NML,20130319,0.12,0.12,0.12,0.12,25000
NMR,20130319,0.015,0.015,0.015,0.015,390000
NMS,20130319,0.032,0.032,0.032,0.032,49874
NOD,20130319,0.105,0.105,0.105,0.105,38446
NRT,20130319,0.18,0.18,0.18,0.18,44800
NRU,20130319,0.021,0.021,0.02,0.021,1147000
NSE,20130319,0.195,0.2,0.19,0.195,349829
NSL,20130319,0.052,0.052,0.052,0.052,150000
NSP,20130319,0.065,0.065,0.065,0.065,30059
NST,20130319,1.08,1.085,1.035,1.045,3305208
NSX,20130319,0.14,0.14,0.14,0.14,614
NTC,20130319,0.26,0.26,0.245,0.245,29000
NTU,20130319,0.155,0.16,0.155,0.16,615350
NUF,20130319,4.93,4.93,4.7,4.75,942281
NVG,20130319,0.034,0.035,0.031,0.033,962500
NVI,20130319,0.155,0.155,0.15,0.15,110000
NVT,20130319,5.23,5.23,5.16,5.2,1048602
NWE,20130319,0.04,0.04,0.039,0.039,466030
NWH,20130319,1.885,1.9,1.855,1.87,1413909
NWR,20130319,0.095,0.098,0.095,0.098,288000
NWS,20130319,29.5,29.5,29.25,29.32,1692972
NWT,20130319,0.395,0.425,0.395,0.4,4118853
NXR,20130319,0.08,0.08,0.08,0.08,10000
NXS,20130319,0.165,0.165,0.16,0.165,4245163
NXT,20130319,2.02,2.08,2.02,2.05,389931
NYO,20130319,0.028,0.028,0.028,0.028,104101
OBJ,20130319,0.015,0.015,0.014,0.014,226664
OBL,20130319,0.027,0.028,0.026,0.028,825753
OBS,20130319,0.23,0.235,0.22,0.22,613000
ODN,20130319,0.002,0.002,0.002,0.002,3083904
OEC,20130319,0.18,0.18,0.18,0.18,3228
OEG,20130319,0.072,0.078,0.072,0.078,45000
OEL,20130319,0.087,0.087,0.084,0.084,4191135
OEX,20130319,0.063,0.063,0.06,0.062,305645
OGC,20130319,2.58,2.62,2.51,2.51,733417
OGH,20130319,0.043,0.043,0.043,0.043,22000
OGX,20130319,0.15,0.17,0.15,0.155,110345
OGY,20130319,0.031,0.031,0.03,0.03,2250000
OKN,20130319,1.26,1.27,1.255,1.27,21996
OMH,20130319,0.325,0.33,0.32,0.33,75105
ONC,20130319,0.175,0.18,0.175,0.18,2815
ONT,20130319,5.78,5.78,5.78,5.78,1246
OPG,20130319,0.12,0.12,0.11,0.11,161787
ORD,20130319,0.014,0.014,0.014,0.014,1086377
ORE,20130319,1.35,1.375,1.34,1.375,42050
ORG,20130319,12.93,13.09,12.89,12.92,4746896
ORI,20130319,24.84,24.85,23.89,24.09,2921516
ORL,20130319,7.46,7.7,7.39,7.7,248418
ORO,20130319,0.005,0.005,0.004,0.004,15341455
ORR,20130319,0.2,0.2,0.19,0.19,414241
ORS,20130319,0.13,0.13,0.12,0.12,80000
OSH,20130319,7.7,7.7,7.57,7.58,4184380
OSP,20130319,0.5,0.5,0.47,0.47,9850
OTC,20130319,0.082,0.082,0.067,0.071,1147224
OTE,20130319,0.003,0.003,0.003,0.003,200000
OTH,20130319,0.67,0.695,0.67,0.68,178600
OTI,20130319,0.03,0.03,0.03,0.03,50000
OVL,20130319,0.015,0.015,0.013,0.013,1344445
OZF,20130319,18.39,18.39,18.39,18.39,986
OZL,20130319,5.7,5.75,5.6,5.62,2797513
OZR,20130319,10.21,10.21,10.21,10.21,302
PAA,20130319,0.007,0.007,0.007,0.007,49307
PAB,20130319,0.036,0.036,0.035,0.035,200000
PAG,20130319,1.22,1.23,1.22,1.225,50544
PAN,20130319,0.37,0.39,0.37,0.385,229238
PAX,20130319,0.002,0.002,0.002,0.002,6381667
PBG,20130319,0.86,0.87,0.82,0.825,2215517
PBT,20130319,0.235,0.255,0.235,0.245,471104
PCL,20130319,0.087,0.089,0.087,0.088,796665
PCP,20130319,0.045,0.045,0.045,0.045,31205
PDI,20130319,0.044,0.044,0.044,0.044,500000
PDM,20130319,0.006,0.006,0.006,0.006,1001000
PDN,20130319,1,1.022,0.995,0.995,3933158
PDY,20130319,0.004,0.004,0.004,0.004,450000
PDZ,20130319,0.55,0.555,0.55,0.55,148097
PEA,20130319,0.53,0.54,0.53,0.54,193151
PEK,20130319,0.135,0.14,0.135,0.14,511986
PEL,20130319,0.01,0.01,0.01,0.01,500000
PEM,20130319,0.25,0.255,0.245,0.245,220061
PEN,20130319,0.033,0.034,0.033,0.034,783613
PEX,20130319,0.6,0.605,0.58,0.605,73900
PFL,20130319,1.56,1.6,1.55,1.55,82832
PGC,20130319,0.33,0.33,0.33,0.33,3000
PGI,20130319,0.1,0.1,0.077,0.081,7237859
PGM,20130319,0.052,0.052,0.052,0.052,2000
PGO,20130319,0.155,0.155,0.155,0.155,1500
PGS,20130319,0.018,0.018,0.018,0.018,78620
PHG,20130319,0.053,0.054,0.053,0.054,68000
PHK,20130319,0.058,0.06,0.058,0.06,65000
PIO,20130319,0.031,0.031,0.029,0.029,285000
PKR,20130319,0.24,0.245,0.235,0.245,97500
PLH,20130319,0.14,0.14,0.13,0.13,70000
PMC,20130319,1.26,1.28,1.26,1.26,185939
PMP,20130319,0.205,0.205,0.2,0.2,216000
PMQ,20130319,0.024,0.024,0.024,0.024,188084
PMV,20130319,7.77,7.87,7.6,7.69,412372
PNA,20130319,2.53,2.57,2.48,2.49,2900542
PNE,20130319,0.012,0.012,0.012,0.012,50000
PNL,20130319,0.185,0.185,0.185,0.185,11111
POH,20130319,0.13,0.135,0.13,0.13,1372576
POK,20130319,0.31,0.335,0.31,0.33,64020
POS,20130319,0.19,0.22,0.19,0.22,742219
POU,20130319,14.5,14.5,14.5,14.5,1100
PPC,20130319,1.13,1.145,1.13,1.145,171168
PPG,20130319,0.52,0.52,0.505,0.505,70154
PPK,20130319,0.43,0.43,0.42,0.42,69500
PPP,20130319,0.11,0.11,0.11,0.11,420000
PPS,20130319,0.09,0.09,0.09,0.09,500000
PPT,20130319,41.2,41.46,40.09,40.1,162270
PPX,20130319,0.082,0.082,0.082,0.082,7182
PRG,20130319,2.59,2.59,2.48,2.52,300546
PRH,20130319,0.01,0.01,0.01,0.01,25000
PRL,20130319,0.093,0.095,0.093,0.095,287500
PRO,20130319,0.36,0.36,0.36,0.36,51314
PRR,20130319,0.11,0.11,0.1,0.105,1643985
PRT,20130319,1.13,1.13,1.1,1.12,25866
PRU,20130319,1.91,1.945,1.895,1.92,2541631
PRW,20130319,0.005,0.005,0.005,0.005,2387147
PRY,20130319,5.01,5.04,4.86,4.95,3355971
PSA,20130319,0.17,0.17,0.17,0.17,61411
PSC,20130319,0.008,0.008,0.008,0.008,10000
PSF,20130319,0.041,0.041,0.041,0.041,29000
PSH,20130319,0.081,0.081,0.081,0.081,25000
PTL,20130319,0.016,0.016,0.016,0.016,5200
PTM,20130319,5.1,5.26,5.08,5.15,786367
PTR,20130319,0.025,0.025,0.025,0.025,1000
PVA,20130319,1.95,1.95,1.95,1.95,140
PVD,20130319,0.73,0.73,0.7,0.7,217648
PVE,20130319,0.1,0.1,0.1,0.1,76000
PVM,20130319,0.64,0.64,0.64,0.64,129775
PXG,20130319,0.28,0.305,0.27,0.28,1550681
PXS,20130319,0.495,0.525,0.455,0.46,2103516
PXT,20130319,0.13,0.13,0.13,0.13,50786
PYC,20130319,0.025,0.025,0.025,0.025,1006749
PYM,20130319,0.057,0.059,0.054,0.055,262758
PZC,20130319,0.063,0.063,0.063,0.063,10000
QAG,20130319,12.79,12.79,12.79,12.79,150
QAN,20130319,1.735,1.735,1.69,1.7,8917864
QAU,20130319,16.5,16.52,16.45,16.5,37768
QBE,20130319,13.44,13.44,13.17,13.23,5445679
QFN,20130319,9.88,9.88,9.79,9.79,4408
QFX,20130319,0.024,0.024,0.023,0.023,520335
QHL,20130319,0.14,0.14,0.14,0.14,100070
QMN,20130319,0.039,0.042,0.039,0.042,490806
QPN,20130319,0.005,0.005,0.005,0.005,9127419
QRE,20130319,5.73,5.73,5.73,5.73,3450
QRX,20130319,1.14,1.165,1.11,1.12,102042
QUB,20130319,1.75,1.75,1.7,1.7,670322
RAI,20130319,0.027,0.027,0.027,0.027,90000
RAU,20130319,0.017,0.018,0.016,0.017,840000
RBR,20130319,0.022,0.022,0.022,0.022,65000
RCB,20130319,20.55,20.55,20.48,20.55,7534
RCG,20130319,0.54,0.55,0.53,0.535,310100
RCM,20130319,0.019,0.019,0.019,0.019,250000
RCR,20130319,2.1,2.11,2.09,2.11,105275
RCU,20130319,0.49,0.5,0.49,0.5,12927
RDF,20130319,0.815,0.815,0.8,0.8,40869
RDG,20130319,0.12,0.12,0.12,0.12,45000
RDH,20130319,0.22,0.22,0.22,0.22,4100
RDM,20130319,0.205,0.215,0.2,0.205,249000
RDR,20130319,0.13,0.13,0.11,0.11,719254
RDS,20130319,0.11,0.11,0.11,0.11,31050
RDV,20130319,27.98,28.08,27.71,27.71,21517
REA,20130319,27.48,27.48,26.94,26.99,30174
RED,20130319,0.925,0.94,0.88,0.88,164527
REF,20130319,0.011,0.011,0.011,0.011,5000
RES,20130319,0.31,0.31,0.255,0.26,560677
REX,20130319,1.135,1.135,1.135,1.135,3073
REY,20130319,0.059,0.062,0.056,0.057,10731000
RFE,20130319,0.67,0.7,0.66,0.69,1295375
RFG,20130319,3.6,3.72,3.6,3.72,402317
RFL,20130319,0.135,0.14,0.135,0.14,376926
RFX,20130319,0.07,0.07,0.07,0.07,137500
RHC,20130319,32.07,32.57,31.63,31.75,659748
RHG,20130319,0.4,0.41,0.395,0.4,1998133
RHL,20130319,3.35,3.4,3.35,3.37,25932
RHT,20130319,0.019,0.02,0.017,0.018,936183
RIA,20130319,0.082,0.087,0.082,0.087,2256297
RIC,20130319,1.09,1.13,1.09,1.13,361578
RIM,20130319,0.06,0.06,0.057,0.057,7500
RIO,20130319,59.86,60.29,58.55,58.66,3399601
RKN,20130319,2.42,2.43,2.41,2.42,38522
RMD,20130319,4.21,4.26,4.2,4.23,6923076
RMG,20130319,0.003,0.003,0.003,0.003,4507234
RMP,20130319,0.051,0.051,0.051,0.051,785
RMS,20130319,0.355,0.365,0.345,0.36,19942701
RND,20130319,0.32,0.32,0.32,0.32,10000
RNI,20130319,0.17,0.175,0.155,0.16,524755
RNS,20130319,0.195,0.23,0.195,0.215,1273500
RNU,20130319,0.05,0.05,0.05,0.05,100000
RNY,20130319,0.215,0.22,0.215,0.22,344541
ROC,20130319,0.515,0.53,0.51,0.53,842607
ROG,20130319,0.002,0.003,0.002,0.003,1900000
ROL,20130319,0.32,0.32,0.31,0.31,138314
ROY,20130319,0.049,0.049,0.049,0.049,28100
RQL,20130319,0.215,0.215,0.215,0.215,173846
RRE,20130319,0.065,0.065,0.065,0.065,2199
RRL,20130319,4.45,4.49,4.4,4.4,1379124
RRS,20130319,0.063,0.063,0.059,0.059,182507
RSG,20130319,1.4,1.415,1.375,1.38,2157044
RSL,20130319,0.015,0.015,0.015,0.015,130
RUL,20130319,0.56,0.56,0.55,0.56,72000
RUM,20130319,0.205,0.215,0.205,0.205,265500
RVA,20130319,0.5,0.515,0.48,0.515,90033
RVL,20130319,30.65,30.65,30.3,30.3,753
RVY,20130319,0.046,0.046,0.046,0.046,17388
RWD,20130319,0.465,0.49,0.465,0.49,5723
RWH,20130319,2.95,3,2.95,3,18024
RXL,20130319,0.074,0.074,0.068,0.068,6901818
RXM,20130319,0.48,0.495,0.48,0.495,208441
RXP,20130319,0.7,0.715,0.7,0.71,164750
SAI,20130319,3.48,3.48,3.39,3.39,561476
SAR,20130319,0.35,0.355,0.335,0.335,1793807
SAY,20130319,0.047,0.047,0.045,0.045,353761
SBM,20130319,1.29,1.33,1.287,1.295,2060905
SBR,20130319,0.14,0.14,0.125,0.13,669127
SCD,20130319,0.46,0.46,0.46,0.46,10000
SCI,20130319,0.085,0.097,0.085,0.097,75998
SCP,20130319,1.675,1.705,1.665,1.665,2054968
SDG,20130319,1.215,1.225,1.21,1.215,142135
SDL,20130319,0.225,0.227,0.21,0.21,4715140
SDM,20130319,0.91,0.95,0.91,0.94,200149
SEA,20130319,1.05,1.11,1.04,1.05,2779043
SEH,20130319,0.145,0.15,0.145,0.145,2128458
SEK,20130319,10.29,10.35,9.91,10.05,3133923
SEN,20130319,0.013,0.013,0.013,0.013,500000
SER,20130319,0.039,0.039,0.038,0.038,421989
SFC,20130319,4.34,4.35,4.34,4.35,237
SFH,20130319,1.09,1.115,1.09,1.105,552527
SFR,20130319,6.55,6.66,6.52,6.55,1052185
SFW,20130319,0.615,0.62,0.61,0.62,781740
SFX,20130319,0.67,0.71,0.67,0.69,284000
SFY,20130319,50.19,50.3,49.66,49.66,12557
SFZ,20130319,0.095,0.095,0.095,0.095,19000
SGH,20130319,2.65,2.65,2.55,2.6,26595
SGI,20130319,0.28,0.28,0.28,0.28,40000
SGM,20130319,10.45,10.48,10.31,10.4,1175927
SGN,20130319,1.475,1.495,1.465,1.49,978041
SGP,20130319,3.88,3.9,3.77,3.77,8277830
SGQ,20130319,0.175,0.18,0.175,0.18,19336
SGT,20130319,2.77,2.78,2.75,2.76,1021284
SGY,20130319,0.041,0.041,0.041,0.041,40000
SGZ,20130319,0.041,0.041,0.041,0.041,140000
SHC,20130319,0.03,0.032,0.03,0.032,862698
SHD,20130319,0.086,0.086,0.086,0.086,1680
SHL,20130319,13.63,13.73,13.53,13.54,1334455
SHV,20130319,2.49,2.65,2.49,2.55,327164
SIP,20130319,0.695,0.72,0.675,0.71,8960581
SIR,20130319,4.55,4.57,4.33,4.35,1530330
SIV,20130319,6.32,6.47,6.32,6.46,36428
SKC,20130319,3.48,3.48,3.45,3.47,5494
SKE,20130319,3.54,3.57,3.455,3.48,997740
SKI,20130319,1.65,1.66,1.63,1.65,4744274
SKT,20130319,4.29,4.4,4.29,4.3,462777
SLF,20130319,9.47,9.58,9.4,9.47,90945
SLM,20130319,2.1,2.1,2.07,2.09,112654
SLR,20130319,2.28,2.32,2.25,2.26,1354387
SLX,20130319,3.05,3.2,3.02,3.2,119226
SMA,20130319,0.007,0.007,0.006,0.006,1202250
SMC,20130319,0.031,0.031,0.031,0.031,15000
SMD,20130319,0.04,0.04,0.039,0.039,105000
SML,20130319,0.09,0.09,0.09,0.09,35000
SMM,20130319,1.47,1.47,1.47,1.47,3270
SMR,20130319,0.195,0.195,0.19,0.19,22225
SMX,20130319,5.43,5.49,5.43,5.43,221073
SND,20130319,0.81,0.81,0.81,0.81,6997
SNL,20130319,1.69,1.7,1.69,1.7,20900
SNY,20130319,0.41,0.41,0.4,0.4,38027
SOC,20130319,0.225,0.23,0.225,0.23,41000
SOL,20130319,13.86,14.11,13.86,13.92,18830
SPI,20130319,0.035,0.035,0.035,0.035,300000
SPL,20130319,1.13,1.155,1.07,1.115,952452
SPM,20130319,0.036,0.036,0.036,0.036,540726
SPN,20130319,1.16,1.175,1.155,1.165,4112841
SRI,20130319,0.092,0.092,0.091,0.091,30641
SRK,20130319,0.11,0.11,0.11,0.11,28330
SRM,20130319,0.315,0.315,0.29,0.29,191672
SRQ,20130319,0.044,0.044,0.042,0.042,122222
SRR,20130319,0.014,0.014,0.014,0.014,78500
SRV,20130319,3.72,3.74,3.72,3.74,8996
SRX,20130319,10.89,11.13,10.5,10.54,265784
SSN,20130319,0.03,0.031,0.029,0.031,1522405
SSO,20130319,12.48,12.48,12.48,12.48,4990
STB,20130319,0.41,0.415,0.41,0.41,134505
STO,20130319,12.88,12.99,12.66,12.74,5064434
STS,20130319,0.54,0.55,0.485,0.52,58600
STW,20130319,47.74,47.75,47.08,47.1,161425
STX,20130319,0.12,0.12,0.115,0.12,122748
SUD,20130319,0.032,0.032,0.03,0.031,254500
SUL,20130319,12.2,12.2,11.87,12,1095658
SUM,20130319,0.2,0.21,0.2,0.21,145000
SUN,20130319,11.79,11.84,11.59,11.59,4122414
SUR,20130319,0.05,0.053,0.05,0.053,751382
SVL,20130319,0.044,0.045,0.044,0.044,290576
SVW,20130319,10.93,10.95,10.53,10.54,520461
SWK,20130319,0.37,0.38,0.365,0.38,170000
SWL,20130319,1.26,1.26,1.24,1.24,34400
SWM,20130319,2.26,2.29,2.21,2.25,5871225
SXA,20130319,0.375,0.375,0.37,0.37,83600
SXE,20130319,1.35,1.37,1.35,1.37,121846
SXG,20130319,0.036,0.036,0.036,0.036,73000
SXL,20130319,1.565,1.625,1.55,1.58,1896676
SXR,20130319,0.43,0.43,0.43,0.43,654327
SXT,20130319,0.34,0.34,0.34,0.34,60556
SXY,20130319,0.765,0.77,0.735,0.745,3429974
SYD,20130319,3.2,3.21,3.16,3.16,5330074
SYI,20130319,28.7,28.83,28.45,28.47,28452
SYR,20130319,3.01,3.01,2.9,2.95,647233
TAH,20130319,3.15,3.19,3.13,3.16,3504178
TAM,20130319,0.215,0.225,0.215,0.22,1341516
TAP,20130319,0.64,0.66,0.64,0.655,642304
TAR,20130319,0.075,0.075,0.075,0.075,27645
TAS,20130319,0.085,0.09,0.084,0.09,90000
TAW,20130319,0.016,0.017,0.016,0.017,20000
TBR,20130319,1.305,1.36,1.305,1.35,12750
TCL,20130319,6.34,6.44,6.29,6.4,10339354
TCN,20130319,0.035,0.035,0.034,0.034,70000
TEG,20130319,0.017,0.017,0.014,0.014,1633509
TEL,20130319,1.815,1.82,1.805,1.815,2275242
TEN,20130319,0.355,0.367,0.35,0.36,7594018
TEY,20130319,0.045,0.045,0.045,0.045,40050
TFC,20130319,0.575,0.58,0.57,0.57,137049
TGA,20130319,2.05,2.1,2.04,2.1,338690
TGG,20130319,0.865,0.87,0.86,0.87,66007
TGN,20130319,0.19,0.19,0.19,0.19,10000
TGP,20130319,0.48,0.48,0.48,0.48,19547501
TGR,20130319,1.89,1.98,1.89,1.98,150584
TGS,20130319,0.315,0.32,0.305,0.32,1413606
TGZ,20130319,1.21,1.22,1.15,1.22,115281
THR,20130319,0.007,0.008,0.006,0.007,3754391
THX,20130319,0.08,0.08,0.08,0.08,20000
TIG,20130319,0.205,0.215,0.205,0.215,33000
TIS,20130319,0.165,0.175,0.16,0.17,1227989
TIX,20130319,0.47,0.47,0.47,0.47,378752
TJN,20130319,0.465,0.47,0.465,0.465,10837
TKG,20130319,0.021,0.021,0.021,0.021,20000
TLG,20130319,0.22,0.22,0.22,0.22,18000
TLM,20130319,0.14,0.14,0.135,0.135,28000
TLS,20130319,4.51,4.52,4.49,4.5,24497718
TLU,20130319,0.043,0.043,0.042,0.042,51000
TME,20130319,3.77,3.79,3.75,3.76,6464390
TMZ,20130319,0.044,0.046,0.044,0.046,380000
TNC,20130319,0.011,0.011,0.011,0.011,200000
TNE,20130319,1.74,1.79,1.735,1.76,87893
TNG,20130319,0.11,0.11,0.105,0.105,339666
TNP,20130319,0.028,0.028,0.024,0.025,11445604
TOE,20130319,0.115,0.12,0.11,0.115,557137
TOL,20130319,5.8,5.94,5.8,5.85,5002457
TON,20130319,0.05,0.054,0.05,0.053,1849384
TOX,20130319,3.42,3.45,3.37,3.41,73168
TPD,20130319,0.072,0.074,0.07,0.071,334900
TPI,20130319,0.965,0.97,0.945,0.96,3957569
TPM,20130319,2.77,2.85,2.77,2.81,1553736
TPP,20130319,0.085,0.085,0.084,0.085,238039
TPT,20130319,0.26,0.26,0.25,0.25,123559
TRF,20130319,0.155,0.155,0.145,0.155,71368
TRG,20130319,6.26,6.4,6.26,6.37,16527
TRM,20130319,0.06,0.06,0.06,0.06,29334
TRO,20130319,0.062,0.062,0.062,0.062,15350
TRS,20130319,16.82,17.02,16.48,16.67,91229
TRU,20130319,5.75,5.75,5.75,5.75,4500
TRY,20130319,2.64,2.75,2.62,2.65,534013
TSE,20130319,1.91,1.91,1.86,1.87,2010339
TSM,20130319,0.27,0.27,0.27,0.27,7800
TSN,20130319,0.005,0.005,0.005,0.005,2220000
TSV,20130319,0.006,0.007,0.006,0.007,135000
TTI,20130319,0.067,0.07,0.067,0.07,530748
TTN,20130319,1.7,1.9,1.7,1.82,288354
TTS,20130319,3.1,3.14,3.08,3.08,4933038
TUC,20130319,0.09,0.09,0.089,0.089,13776
TUP,20130319,1.59,1.6,1.59,1.6,49000
TWD,20130319,2.5,2.5,2.43,2.45,27614
TWE,20130319,5.87,5.87,5.66,5.78,2763143
TWR,20130319,1.5,1.5,1.475,1.475,39100
TZL,20130319,0.145,0.145,0.14,0.14,126000
TZN,20130319,0.021,0.022,0.02,0.021,903372
UBI,20130319,0.75,0.76,0.73,0.76,71378
UCL,20130319,0.125,0.125,0.125,0.125,24201
UCM,20130319,0.19,0.19,0.19,0.19,104869
UEQ,20130319,0.04,0.04,0.04,0.04,18100
UGL,20130319,9.5,9.74,9.43,9.43,885262
UML,20130319,0.097,0.097,0.096,0.096,140000
UNS,20130319,0.36,0.385,0.355,0.375,387361
UNV,20130319,0.088,0.088,0.088,0.088,11111
UNX,20130319,0.084,0.086,0.08,0.08,172194
URF,20130319,1.8,1.8,1.78,1.78,15760
USA,20130319,0.059,0.059,0.057,0.057,12930
USD,20130319,9.55,9.55,9.53,9.53,7023
USF,20130319,1.59,1.59,1.59,1.59,4625
UXC,20130319,1.23,1.265,1.225,1.26,564385
VAF,20130319,49.14,49.14,49.14,49.14,2580
VAH,20130319,0.405,0.405,0.38,0.39,4304119
VAP,20130319,59.47,59.55,59.08,59.1,2539
VAS,20130319,65,65,64.11,64.11,20257
VEC,20130319,0.032,0.032,0.032,0.032,8500
VEI,20130319,0.675,0.675,0.675,0.675,23653
VEU,20130319,44.74,45.21,44.74,45,4595
VGO,20130319,0.11,0.11,0.11,0.11,12500
VHY,20130319,60.91,61.05,60.3,60.31,19954
VIC,20130319,0.055,0.062,0.055,0.062,58000
VIE,20130319,0.41,0.41,0.41,0.41,12500
VKA,20130319,0.055,0.055,0.055,0.055,50000
VLA,20130319,0.295,0.295,0.29,0.29,15000
VLW,20130319,0.96,0.97,0.96,0.97,52688
VMC,20130319,0.165,0.2,0.165,0.2,150000
VMG,20130319,0.014,0.015,0.013,0.015,3646381
VML,20130319,0.027,0.027,0.027,0.027,156875
VMS,20130319,0.21,0.21,0.2,0.205,99810
VMT,20130319,0.02,0.02,0.019,0.019,255000
VOC,20130319,1.76,1.77,1.725,1.725,78447
VOR,20130319,0.02,0.02,0.018,0.02,30456024
VRL,20130319,4.94,5.04,4.94,5,142362
VRX,20130319,0.38,0.395,0.365,0.395,22640
VSC,20130319,1,1,1,1,1572
VSO,20130319,47.39,47.39,47.39,47.39,199
VTG,20130319,0.56,0.57,0.56,0.57,51000
VTS,20130319,77.92,78.02,77.44,77.65,4925
VXR,20130319,0.028,0.029,0.028,0.029,300000
WAA,20130319,1.18,1.18,1.175,1.175,35000
WAF,20130319,0.27,0.285,0.27,0.285,79800
WAM,20130319,1.705,1.705,1.695,1.695,515551
WAT,20130319,1.14,1.14,1.1,1.1,3949
WAX,20130319,1.04,1.04,1.035,1.04,35000
WBA,20130319,0.65,0.65,0.65,0.65,4436
WBB,20130319,5.5,5.55,5.45,5.5,20139
WBC,20130319,30.24,30.44,29.82,29.86,7034748
WCB,20130319,3.5,3.64,3.5,3.64,16376
WCL,20130319,0.34,0.35,0.33,0.34,334838
WCN,20130319,0.03,0.03,0.029,0.03,1213700
WCP,20130319,0.092,0.092,0.092,0.092,380066
WDC,20130319,10.9,10.94,10.67,10.69,7889661
WDR,20130319,0.745,0.785,0.72,0.75,720176
WDS,20130319,0.515,0.515,0.515,0.515,39716
WEB,20130319,5.06,5.1,4.99,5.1,122395
WEC,20130319,0.175,0.18,0.175,0.175,218523
WES,20130319,42.39,42.43,41.07,41.09,3750237
WFE,20130319,0.032,0.032,0.032,0.032,18000
WGO,20130319,0.033,0.042,0.032,0.035,1145637
WHC,20130319,2.34,2.37,2.25,2.32,6507115
WHE,20130319,0.085,0.085,0.085,0.085,105454
WHF,20130319,3.62,3.62,3.61,3.61,10000
WHG,20130319,1.07,1.07,1.055,1.06,43141
WHN,20130319,0.026,0.026,0.025,0.026,1879000
WIC,20130319,1.21,1.21,1.21,1.21,62780
WIG,20130319,0.35,0.35,0.35,0.35,56000
WIN,20130319,0.3,0.31,0.295,0.295,97816
WLF,20130319,0.33,0.33,0.315,0.315,76681
WLL,20130319,2.6,2.6,2.6,2.6,2500
WLR,20130319,0.015,0.015,0.013,0.013,37495
WMN,20130319,0.17,0.175,0.17,0.175,150000
WOR,20130319,25.51,25.695,25.11,25.2,624102
WOW,20130319,35,35.01,33.81,33.85,4948873
WPG,20130319,0.09,0.094,0.09,0.09,1011302
WPI,20130319,0.053,0.053,0.053,0.053,100000
WPL,20130319,36.59,36.77,36.09,36.55,3525410
WRG,20130319,0.012,0.012,0.012,0.012,63200
WRM,20130319,0.091,0.091,0.091,0.091,13379
WRT,20130319,3.1,3.105,3.05,3.07,15156461
WSA,20130319,3.6,3.69,3.48,3.48,793872
WTF,20130319,5.1,5.17,5.02,5.08,1156095
WTP,20130319,0.69,0.715,0.69,0.695,388290
WWM,20130319,0.072,0.072,0.072,0.072,100000
XCD,20130319,0.12,0.12,0.11,0.12,120000
XRF,20130319,0.355,0.36,0.355,0.355,314735
XRO,20130319,8.3,8.5,8.3,8.5,33593
YAL,20130319,0.82,0.84,0.81,0.84,7204
YBR,20130319,0.555,0.57,0.54,0.54,148500
YOW,20130319,0.145,0.15,0.145,0.15,9505
YTC,20130319,0.28,0.28,0.275,0.275,96169
ZEU,20130319,0.08,0.08,0.08,0.08,98125
ZGL,20130319,0.23,0.23,0.23,0.23,72500
ZIM,20130319,9.5,9.5,9.35,9.5,8837
ZMG,20130319,0.055,0.055,0.055,0.055,6255
ZRL,20130319,0.002,0.002,0.002,0.002,2000000
ZTA,20130319,0.025,0.026,0.025,0.025,235000
XAF,20130319,5082,5123.4,5048.4,5048.4,0
XAO,20130319,5027.4,5069.8,5004,5004.4,0
XAT,20130319,4993.7,5035.6,4965.4,4965.4,0
XDJ,20130319,1567,1578.2,1567.4,1567.4,0
XEC,20130319,1289.7,1295.2,1285.5,1289.8,0
XEJ,20130319,13363.7,13458.7,13312,13324.2,0
XFJ,20130319,5366.9,5431.3,5345.5,5345.5,0
XFL,20130319,5128.8,5170.4,5095.1,5095.1,0
XGD,20130319,4470.6,4570.9,4473.8,4525.3,0
XHJ,20130319,12603.9,12620.4,12446.5,12482.2,0
XIJ,20130319,693.7,706.2,685.4,688.7,0
XJO,20130319,5015.4,5057.4,4987.4,4987.4,0
XJR,20130319,4157.9,4206.1,4147.1,4147.1,0
XKO,20130319,4987.3,5028.9,4960.8,4961.2,0
XMD,20130319,4159.3,4201.1,4151.6,4151.8,0
XMJ,20130319,10029,10141.8,9980.7,9980.7,0
XMM,20130319,3368.5,3413,3361.4,3361.4,0
XNJ,20130319,3857,3889.6,3834,3837.2,0
XPJ,20130319,1024.8,1035.1,1021.7,1021.7,0
XSJ,20130319,10259.7,10325.2,10032.7,10038.7,0
XSO,20130319,2326.2,2352,2328.7,2336.4,0
XTJ,20130319,1542.9,1551.6,1541.2,1544.3,0
XTL,20130319,3110.9,3136.2,3089,3089.2,0
XTO,20130319,4137.7,4171.4,4112.6,4112.6,0
XUJ,20130319,5516.6,5556.3,5492.5,5512,0
XXJ,20130319,6237.6,6315.4,6210.2,6211.6,0
