AAA,20130408,50.11,50.13,50.11,50.12,5435
AAC,20130408,1.285,1.3,1.24,1.25,294192
AAD,20130408,1.45,1.455,1.44,1.44,452812
AAJ,20130408,0.06,0.06,0.06,0.06,37467
AAU,20130408,0.12,0.12,0.11,0.11,40309
AAX,20130408,3.43,3.55,3.42,3.48,506930
ABC,20130408,3.37,3.41,3.33,3.38,1469703
ABP,20130408,2.15,2.17,2.15,2.17,525740
ABU,20130408,0.038,0.038,0.036,0.038,2778338
ABW,20130408,1.065,1.065,1.065,1.065,14500
ABY,20130408,0.41,0.415,0.41,0.415,84096
ABZ,20130408,0.225,0.23,0.22,0.23,66497
ACB,20130408,0.088,0.088,0.085,0.086,81261
ACG,20130408,0.09,0.09,0.09,0.09,15000
ACL,20130408,0.325,0.33,0.325,0.325,74924
ACR,20130408,3.74,3.74,3.66,3.67,292868
ADN,20130408,0.04,0.04,0.039,0.039,185098
ADO,20130408,0.058,0.058,0.056,0.058,837732
ADQ,20130408,0.05,0.05,0.048,0.048,299500
ADX,20130408,0.016,0.016,0.016,0.016,54500
ADY,20130408,0.032,0.032,0.032,0.032,75967
AEB,20130408,0.24,0.24,0.23,0.23,153500
AEK,20130408,0.064,0.065,0.064,0.065,82725
AEU,20130408,1.39,1.405,1.38,1.405,10651
AFI,20130408,5.48,5.48,5.42,5.42,253879
AFR,20130408,0.11,0.11,0.105,0.105,152525
AGE,20130408,0.049,0.049,0.049,0.049,50000
AGF,20130408,0.665,0.665,0.66,0.66,136145
AGG,20130408,4.21,4.22,4.17,4.21,8646
AGI,20130408,3.5,3.5,3.42,3.48,268166
AGJ,20130408,0.1,0.1,0.1,0.1,20000
AGK,20130408,15.77,15.77,15.45,15.52,1256319
AGO,20130408,1.02,1.06,1.005,1.03,10733804
AGR,20130408,0.1,0.1,0.1,0.1,45000
AGS,20130408,0.145,0.145,0.145,0.145,19700
AGX,20130408,0.02,0.02,0.017,0.017,200000
AGY,20130408,0.135,0.135,0.125,0.125,52000
AHD,20130408,8.06,8.11,8.01,8.1,20107
AHE,20130408,3.8,3.87,3.76,3.77,1726579
AHN,20130408,0.03,0.03,0.03,0.03,200000
AHZ,20130408,0.028,0.029,0.028,0.028,650764
AIA,20130408,2.34,2.34,2.34,2.34,389
AIO,20130408,5.38,5.38,5.21,5.29,2398437
AIR,20130408,0.12,0.125,0.12,0.125,58291
AIV,20130408,0.012,0.014,0.012,0.013,750000
AIX,20130408,3.08,3.1,3.08,3.09,1603091
AIZ,20130408,1.2,1.2,1.2,1.2,12000
AJA,20130408,3.7,3.72,3.69,3.7,324947
AJC,20130408,0.014,0.014,0.013,0.013,487414
AJL,20130408,1.33,1.33,1.33,1.33,4872
AJM,20130408,0.14,0.14,0.14,0.14,22000
AJQ,20130408,0.275,0.28,0.26,0.26,65070
AJX,20130408,0.074,0.075,0.074,0.075,20000
AKF,20130408,0.15,0.15,0.15,0.15,230107
AKM,20130408,0.068,0.068,0.065,0.065,367012
AKP,20130408,3.4,3.41,3.35,3.35,9278
ALF,20130408,1.62,1.63,1.59,1.59,1028441
ALK,20130408,0.48,0.5,0.475,0.49,423644
ALL,20130408,3.65,3.81,3.65,3.79,4765856
ALQ,20130408,10.23,10.24,9.96,10.15,1371184
ALR,20130408,1.245,1.245,1.24,1.245,81931
ALT,20130408,0.022,0.023,0.021,0.022,381500
ALU,20130408,1.365,1.385,1.33,1.33,100531
ALY,20130408,0.08,0.08,0.08,0.08,4220
ALZ,20130408,3.57,3.595,3.56,3.58,973895
AMA,20130408,0.315,0.32,0.31,0.315,6246463
AMC,20130408,9.44,9.47,9.26,9.3,2697049
AMM,20130408,1.81,1.81,1.77,1.795,201477
AMP,20130408,5.12,5.12,5.03,5.07,3872080
AMX,20130408,0.24,0.25,0.24,0.245,268178
ANG,20130408,5.6,5.6,5.4,5.41,78912
ANN,20130408,15.7,15.7,15.34,15.48,1440358
ANO,20130408,0.012,0.013,0.012,0.013,241090
ANP,20130408,0.009,0.01,0.009,0.01,3296690
ANQ,20130408,0.01,0.011,0.01,0.01,7565000
ANW,20130408,0.011,0.011,0.011,0.011,60000
ANZ,20130408,27.87,27.99,27.72,27.86,3984175
AOC,20130408,0.058,0.06,0.058,0.06,25000
AOH,20130408,0.185,0.185,0.18,0.185,116325
AOK,20130408,0.155,0.155,0.15,0.15,802028
AOM,20130408,0.057,0.057,0.056,0.056,49254
AON,20130408,0.047,0.047,0.045,0.045,897601
AOP,20130408,0.115,0.115,0.115,0.115,25000
AOU,20130408,0.15,0.15,0.15,0.15,100000
APA,20130408,6.04,6.04,5.975,6.03,1029886
APD,20130408,0.215,0.215,0.215,0.215,5000
APE,20130408,4.6,4.7,4.51,4.68,53268
APG,20130408,0.023,0.023,0.015,0.021,3627324
API,20130408,0.445,0.45,0.44,0.45,475929
APN,20130408,0.365,0.367,0.36,0.36,523268
APZ,20130408,0.2,0.2,0.195,0.2,796441
AQA,20130408,1.75,1.75,1.675,1.725,1069999
AQC,20130408,0.013,0.015,0.013,0.015,2200000
AQD,20130408,0.027,0.027,0.027,0.027,99925
AQF,20130408,1.79,1.79,1.79,1.79,38577
AQG,20130408,3.6,3.64,3.53,3.59,372589
AQO,20130408,0.24,0.25,0.24,0.245,826231
AQP,20130408,0.62,0.635,0.605,0.605,156814
AQQ,20130408,0.049,0.051,0.043,0.045,489608
AQR,20130408,0.215,0.215,0.215,0.215,10000
AQZ,20130408,2.04,2.04,2.04,2.04,503
ARD,20130408,0.088,0.089,0.081,0.081,146400
ARE,20130408,0.042,0.043,0.042,0.043,35139
ARG,20130408,6.5,6.5,6.42,6.43,210827
ARH,20130408,0.035,0.037,0.034,0.037,168777
ARI,20130408,0.76,0.81,0.76,0.79,13617392
ARM,20130408,0.068,0.068,0.067,0.067,3572
ARP,20130408,12.89,13.46,12.89,13.27,138325
ARU,20130408,0.12,0.125,0.12,0.125,568757
ARW,20130408,0.008,0.008,0.008,0.008,550000
ARX,20130408,0.004,0.004,0.004,0.004,1000000
ASB,20130408,0.665,0.68,0.662,0.675,120050
ASL,20130408,2.49,2.54,2.36,2.37,3014004
ASX,20130408,36.02,36.44,35.97,36.12,591609
ASZ,20130408,0.405,0.405,0.375,0.375,414303
ATI,20130408,0.16,0.16,0.16,0.16,55333
ATN,20130408,0.002,0.003,0.002,0.002,909642
ATR,20130408,1.03,1.03,1.02,1.02,8600
ATU,20130408,0.925,0.925,0.835,0.835,416270
ATV,20130408,0.026,0.029,0.026,0.029,31500
AUB,20130408,9.4,9.53,9.3,9.35,40637
AUC,20130408,0.052,0.056,0.051,0.056,63075
AUF,20130408,0.96,0.96,0.96,0.96,557485
AUI,20130408,7,7.04,6.93,7.04,14821
AUK,20130408,0.032,0.032,0.032,0.032,150000
AUQ,20130408,0.125,0.125,0.11,0.11,104435
AUT,20130408,3.13,3.2,3.11,3.16,2293327
AUZ,20130408,0.014,0.016,0.014,0.016,693912
AVA,20130408,0.13,0.13,0.13,0.13,30000
AVB,20130408,0.067,0.069,0.064,0.064,738163
AVG,20130408,0.475,0.475,0.47,0.47,13404
AVH,20130408,0.11,0.11,0.11,0.11,297700
AVI,20130408,0.058,0.06,0.057,0.06,18500
AVJ,20130408,0.39,0.395,0.39,0.39,1667
AVQ,20130408,0.017,0.017,0.017,0.017,1202887
AVX,20130408,0.017,0.017,0.017,0.017,30000
AWC,20130408,1.015,1.025,0.985,1.005,13228334
AWE,20130408,1.17,1.215,1.16,1.2,1781996
AWV,20130408,0.049,0.053,0.048,0.053,72921
AXC,20130408,0.002,0.002,0.002,0.002,25000
AXE,20130408,0.205,0.205,0.205,0.205,129790
AXI,20130408,0.04,0.04,0.039,0.039,200000
AXM,20130408,0.033,0.036,0.033,0.035,10105186
AXT,20130408,0.024,0.024,0.023,0.023,170000
AXZ,20130408,1.3,1.44,1.3,1.44,36230
AYA,20130408,0.66,0.7,0.66,0.7,50100
AYB,20130408,0.055,0.055,0.055,0.055,210000
AYD,20130408,101.48,101.48,101.48,101.48,640
AYF,20130408,6.35,6.35,6.35,6.35,194
AYG,20130408,0.004,0.005,0.004,0.005,3220000
AYI,20130408,0.003,0.003,0.003,0.003,1020000
AYR,20130408,0.009,0.009,0.009,0.009,364667
AZF,20130408,2.14,2.15,2.14,2.15,42295
AZG,20130408,0.067,0.067,0.06,0.063,555300
AZH,20130408,0.31,0.32,0.31,0.32,2246274
AZJ,20130408,3.94,3.95,3.91,3.92,3133733
AZK,20130408,0.054,0.054,0.054,0.054,255000
AZM,20130408,0.085,0.085,0.08,0.08,588106
AZS,20130408,0.047,0.052,0.047,0.052,3107173
AZY,20130408,0.135,0.135,0.125,0.125,477700
AZZ,20130408,0.44,0.44,0.44,0.44,28080
BAB,20130408,0.049,0.049,0.049,0.049,41217
BAS,20130408,0.014,0.014,0.014,0.014,164000
BBL,20130408,0.25,0.26,0.25,0.26,47500
BBR,20130408,0.4,0.4,0.4,0.4,50000
BBX,20130408,0.02,0.02,0.017,0.017,150000
BCC,20130408,0.042,0.043,0.042,0.043,397092
BCD,20130408,0.045,0.046,0.043,0.043,144447
BCI,20130408,3.18,3.31,3.17,3.28,284926
BCK,20130408,0.055,0.055,0.052,0.052,102000
BCN,20130408,0.003,0.003,0.003,0.003,200007
BCT,20130408,0.21,0.21,0.21,0.21,391100
BDI,20130408,0.003,0.003,0.003,0.003,501000
BDM,20130408,0.041,0.041,0.041,0.041,34150
BDR,20130408,0.83,0.855,0.82,0.84,5430602
BEAR,20130408,20.32,20.32,20.24,20.27,10513
BEL,20130408,0.16,0.16,0.155,0.155,84442
BEN,20130408,10.01,10.04,9.86,10.04,1047241
BEZ,20130408,0.13,0.13,0.13,0.13,12883
BFE,20130408,0.019,0.019,0.017,0.017,213914
BFG,20130408,0.71,0.71,0.7,0.705,54925
BGA,20130408,2.69,2.7,2.65,2.68,28400
BGG,20130408,0.15,0.15,0.15,0.15,30000
BGH,20130408,0.065,0.065,0.065,0.065,7693
BGL,20130408,0.58,0.58,0.58,0.58,880
BGS,20130408,0.021,0.024,0.02,0.023,81771141
BHP,20130408,32.56,32.87,32.47,32.66,8395633
BIS,20130408,1.19,1.19,1.19,1.19,2000
BIT,20130408,0.11,0.11,0.105,0.105,78978
BKI,20130408,1.46,1.465,1.45,1.46,371793
BKL,20130408,30.26,30.67,30.11,30.64,14171
BKN,20130408,5.9,6.02,5.83,5.92,2780657
BKP,20130408,0.005,0.005,0.004,0.005,1680000
BKW,20130408,13.1,13.2,13.02,13.19,26711
BLA,20130408,1.1,1.1,1.08,1.08,5000
BLD,20130408,4.89,4.9,4.785,4.8,3330496
BLG,20130408,0.2,0.23,0.2,0.225,260001
BLK,20130408,0.195,0.195,0.195,0.195,10000
BLR,20130408,0.012,0.012,0.012,0.012,367500
BLT,20130408,0.014,0.014,0.013,0.013,2797583
BLY,20130408,1.17,1.19,1.13,1.15,4600501
BLZ,20130408,0.002,0.002,0.001,0.001,1500000
BMB,20130408,0.1,0.105,0.1,0.105,236000
BMG,20130408,0.009,0.009,0.009,0.009,719211
BMN,20130408,0.08,0.08,0.08,0.08,10000
BMZ,20130408,0.16,0.16,0.16,0.16,150
BND,20130408,0.135,0.14,0.125,0.13,1848429
BNE,20130408,0.001,0.001,0.001,0.001,1748555
BNO,20130408,0.37,0.37,0.365,0.37,88877
BNR,20130408,0.045,0.045,0.045,0.045,124060
BNV,20130408,0.01,0.01,0.01,0.01,5510
BOC,20130408,0.58,0.58,0.55,0.55,63546
BOE,20130408,0.016,0.016,0.015,0.015,600000
BOL,20130408,0.245,0.265,0.24,0.24,366423
BOQ,20130408,9.47,9.55,9.39,9.44,940206
BPO,20130408,0.001,0.001,0.001,0.001,200000
BPT,20130408,1.355,1.39,1.355,1.37,8384401
BRB,20130408,0.35,0.35,0.35,0.35,30000
BRD,20130408,0.002,0.002,0.002,0.002,400000
BRG,20130408,6.11,6.26,6.11,6.24,1165064
BRU,20130408,2.3,2.35,2.24,2.33,750597
BRW,20130408,0.013,0.013,0.013,0.013,25347
BSA,20130408,0.195,0.195,0.195,0.195,70000
BSE,20130408,0.365,0.375,0.365,0.37,83770
BSL,20130408,4.78,4.79,4.68,4.7,5240043
BSM,20130408,0.011,0.011,0.01,0.011,550500
BSP,20130408,0.13,0.13,0.13,0.13,75000
BSR,20130408,0.022,0.022,0.022,0.022,200000
BTC,20130408,0.031,0.031,0.028,0.028,327802
BTR,20130408,0.93,0.93,0.71,0.77,798806
BTT,20130408,3.18,3.18,3.09,3.11,60162
BTU,20130408,0.265,0.265,0.235,0.245,6828973
BUL,20130408,0.033,0.038,0.033,0.035,2054428
BUR,20130408,0.014,0.015,0.014,0.015,729937
BUX,20130408,0.49,0.495,0.49,0.495,65699
BUY,20130408,0.018,0.018,0.017,0.017,659500
BWD,20130408,0.085,0.085,0.085,0.085,25000
BWF,20130408,0.125,0.125,0.12,0.12,153306
BWP,20130408,2.38,2.38,2.36,2.38,655231
BXB,20130408,8.39,8.39,8.18,8.27,4763835
BXN,20130408,0.015,0.015,0.015,0.015,28721
BYI,20130408,1.2,1.205,1.2,1.2,4640
BYL,20130408,0.44,0.46,0.44,0.44,39928
BYR,20130408,0.02,0.02,0.02,0.02,50000
CAA,20130408,0.205,0.215,0.205,0.215,22000
CAB,20130408,4.61,4.61,4.52,4.55,146112
CAF,20130408,0.465,0.465,0.45,0.45,30110
CAJ,20130408,0.19,0.2,0.19,0.2,1387474
CAM,20130408,1.08,1.09,1.075,1.085,51936
CAS,20130408,0.325,0.33,0.31,0.32,348227
CAZ,20130408,0.175,0.19,0.16,0.16,2886761
CBA,20130408,67.2,67.45,66.27,67.02,2794817
CBD,20130408,0.014,0.015,0.014,0.014,545502
CBQ,20130408,0.012,0.012,0.012,0.012,87500
CBS,20130408,0.029,0.03,0.025,0.025,1987962
CCC,20130408,0.046,0.046,0.044,0.045,1536454
CCF,20130408,0.04,0.04,0.04,0.04,250000
CCJ,20130408,0.1,0.1,0.1,0.1,40000
CCL,20130408,14.37,14.42,14.19,14.3,2570244
CCP,20130408,8.9,8.99,8.85,8.99,21350
CCU,20130408,0.225,0.23,0.22,0.225,341126
CCV,20130408,1.38,1.41,1.37,1.38,454359
CDA,20130408,3.65,3.65,3.53,3.62,200534
CDB,20130408,0.018,0.022,0.018,0.02,1239000
CDD,20130408,6.68,6.79,6.63,6.68,908177
CDI,20130408,2.83,2.83,2.76,2.8,68558
CDM,20130408,1.49,1.49,1.47,1.475,106884
CDP,20130408,5.59,5.6,5.56,5.56,119878
CDU,20130408,3.4,3.41,3.33,3.36,159016
CDY,20130408,0.03,0.035,0.03,0.034,8441669
CEL,20130408,0.065,0.07,0.065,0.07,473333
CFE,20130408,0.17,0.175,0.16,0.165,1135343
CFU,20130408,0.058,0.058,0.056,0.056,1496953
CFX,20130408,2.05,2.075,2.05,2.07,7903003
CGF,20130408,3.97,4,3.83,3.92,4432067
CGH,20130408,1.265,1.265,1.23,1.235,61262
CGI,20130408,0.006,0.006,0.006,0.006,125
CGM,20130408,0.008,0.008,0.008,0.008,500000
CGR,20130408,0.1,0.1,0.1,0.1,24000
CGS,20130408,0.37,0.37,0.36,0.36,6858
CHC,20130408,3.85,3.92,3.82,3.87,428035
CHF,20130408,0.055,0.055,0.055,0.055,23304
CHN,20130408,0.18,0.19,0.18,0.19,28000
CHZ,20130408,0.2,0.21,0.2,0.21,135519
CIN,20130408,21.8,21.8,21.8,21.8,2646
CIW,20130408,0.73,0.75,0.73,0.75,18430
CIX,20130408,0.195,0.2,0.195,0.2,407732
CJO,20130408,0.135,0.135,0.135,0.135,143431
CKA,20130408,0.145,0.165,0.145,0.16,7947861
CKF,20130408,1.775,1.785,1.74,1.76,165284
CKL,20130408,0.68,0.68,0.67,0.67,23006
CLA,20130408,0.018,0.019,0.018,0.019,3240620
CLH,20130408,1.45,1.51,1.425,1.5,250234
CLO,20130408,1.25,1.285,1.24,1.285,1022999
CLQ,20130408,0.14,0.14,0.135,0.14,56687
CLR,20130408,0.315,0.325,0.315,0.315,104153
CLV,20130408,0.65,0.66,0.645,0.66,342260
CLX,20130408,1.99,2.05,1.99,2.05,4700
CMC,20130408,0.1,0.1,0.1,0.1,16000
CMG,20130408,0.61,0.615,0.6,0.61,173855
CMI,20130408,2.21,2.21,2.2,2.2,4600
CMT,20130408,0.16,0.16,0.16,0.16,37000
CMV,20130408,0.038,0.038,0.035,0.035,150000
CMW,20130408,0.975,1,0.975,1,972615
CND,20130408,0.3,0.3,0.3,0.3,2815
CNN,20130408,0.003,0.003,0.003,0.003,5663859
CNO,20130408,0.1,0.105,0.1,0.105,210583
CNQ,20130408,0.066,0.072,0.066,0.072,45000
CNU,20130408,2.26,2.26,2.18,2.18,371706
CNX,20130408,0.033,0.033,0.028,0.03,4291576
COE,20130408,0.505,0.505,0.45,0.5,142472
COF,20130408,0.42,0.42,0.415,0.415,103362
COH,20130408,65.11,65.45,63.19,63.31,295918
COI,20130408,0.235,0.24,0.235,0.24,43219
COK,20130408,0.1,0.1,0.074,0.075,17308848
COO,20130408,0.21,0.21,0.205,0.205,143552
COY,20130408,0.038,0.039,0.038,0.039,203271
COZ,20130408,0.09,0.09,0.09,0.09,45290
CPA,20130408,1.14,1.147,1.13,1.13,5761308
CPD,20130408,0.49,0.49,0.49,0.49,40000
CPL,20130408,0.465,0.485,0.465,0.48,746243
CPU,20130408,10,10.11,9.86,9.87,1054001
CPZ,20130408,0.24,0.24,0.235,0.235,39294
CQC,20130408,0.12,0.125,0.12,0.12,27835
CQR,20130408,3.99,4.03,3.97,4.03,853767
CRB,20130408,0.03,0.03,0.03,0.03,16000
CRJ,20130408,0.014,0.014,0.013,0.014,600000
CRL,20130408,0.038,0.04,0.038,0.04,450000
CRZ,20130408,8.98,9.01,8.89,8.96,607574
CSE,20130408,0.17,0.17,0.15,0.15,649198
CSL,20130408,59.28,59.29,58.34,58.7,1189434
CSP,20130408,0.27,0.27,0.27,0.27,2500
CSR,20130408,2.02,2.04,2.02,2.02,1049949
CSS,20130408,0.016,0.016,0.016,0.016,1118562
CSV,20130408,0.66,0.66,0.56,0.635,674198
CTD,20130408,4.53,4.64,4.53,4.6,73932
CTE,20130408,0.585,0.59,0.585,0.59,10000
CTN,20130408,1.04,1.045,1.04,1.045,41800
CTO,20130408,0.054,0.057,0.053,0.057,233381
CTP,20130408,0.13,0.135,0.13,0.13,1786771
CTR,20130408,0.018,0.018,0.016,0.016,1628757
CTX,20130408,21.19,21.31,20.56,21.01,857472
CUE,20130408,0.14,0.145,0.14,0.145,1204360
CUG,20130408,0.1,0.1,0.1,0.1,20000
CUL,20130408,0.022,0.023,0.021,0.022,1638823
CUP,20130408,1.85,1.95,1.85,1.87,233267
CUU,20130408,0.045,0.045,0.045,0.045,273100
CUV,20130408,2.08,2.08,2.08,2.08,1325
CUX,20130408,0.03,0.03,0.029,0.029,316568
CVC,20130408,1.03,1.03,1.03,1.03,4451
CVG,20130408,0.02,0.02,0.02,0.02,500000
CVN,20130408,0.043,0.046,0.043,0.046,1356750
CVV,20130408,0.027,0.027,0.024,0.024,131111
CWE,20130408,0.034,0.035,0.034,0.034,1483839
CWN,20130408,12.42,12.85,12.4,12.78,1439263
CWP,20130408,5.31,5.32,5.14,5.16,125283
CXM,20130408,0.165,0.165,0.16,0.16,5880
CXO,20130408,0.078,0.078,0.078,0.078,50000
CXX,20130408,0.19,0.2,0.17,0.17,435000
CXY,20130408,0.005,0.005,0.004,0.004,220000
CYA,20130408,0.805,0.805,0.805,0.805,10588
CYG,20130408,3.02,3.02,3.02,3.02,3743
CYO,20130408,0.03,0.031,0.03,0.031,47678
CYS,20130408,0.08,0.08,0.08,0.08,155000
CZA,20130408,0.19,0.19,0.19,0.19,2083
CZD,20130408,0.05,0.052,0.05,0.05,47831
CZI,20130408,0.089,0.1,0.089,0.1,141973
CZN,20130408,0.037,0.038,0.033,0.033,4409230
CZR,20130408,0.06,0.06,0.06,0.06,183333
CZZ,20130408,2.7,2.9,2.7,2.9,5296
DAU,20130408,0.078,0.08,0.078,0.08,54890
DCG,20130408,2.32,2.34,2.26,2.27,297095
DCN,20130408,0.42,0.42,0.4,0.4,97104
DDD,20130408,0.028,0.036,0.026,0.036,340968
DDR,20130408,0.78,0.81,0.78,0.81,28845
DDT,20130408,0.024,0.024,0.024,0.024,1000
DEG,20130408,0.012,0.012,0.012,0.012,460000
DGA,20130408,1.79,1.805,1.79,1.805,969
DGI,20130408,0.007,0.007,0.007,0.007,300000
DGR,20130408,0.045,0.045,0.045,0.045,200000
DIG,20130408,0.006,0.006,0.006,0.006,4400000
DJS,20130408,2.89,2.91,2.86,2.9,5275576
DJW,20130408,4.14,4.17,4.11,4.16,92153
DLS,20130408,1.2,1.23,1.195,1.205,641733
DLX,20130408,4.46,4.49,4.41,4.41,4516173
DMA,20130408,0.051,0.051,0.045,0.045,649020
DMI,20130408,0.09,0.09,0.09,0.09,23250
DML,20130408,0.5,0.5,0.465,0.47,1018550
DMP,20130408,11.77,11.93,11.52,11.78,47268
DNA,20130408,0.37,0.37,0.34,0.35,1868222
DOW,20130408,4.7,4.78,4.52,4.65,4083983
DRA,20130408,0.49,0.495,0.49,0.495,7102
DRK,20130408,0.075,0.075,0.075,0.075,457445
DRM,20130408,0.59,0.595,0.575,0.575,222591
DTE,20130408,0.047,0.054,0.046,0.053,19005956
DTG,20130408,0.18,0.18,0.18,0.18,20650
DTL,20130408,1.22,1.24,1.21,1.24,134475
DTM,20130408,0.087,0.087,0.087,0.087,116364
DTQ,20130408,0.053,0.053,0.053,0.053,50000
DUE,20130408,2.32,2.36,2.32,2.33,1127492
DUI,20130408,3.02,3.02,3,3,183003
DVN,20130408,0.9,0.905,0.9,0.905,34834
DWS,20130408,1.53,1.55,1.505,1.505,131543
DXS,20130408,1.07,1.095,1.07,1.08,18417573
DYE,20130408,0.11,0.12,0.11,0.12,25740
DYL,20130408,0.043,0.052,0.043,0.052,386034
EAF,20130408,0.016,0.016,0.014,0.014,204021
EAL,20130408,0.7,0.73,0.68,0.68,233200
EAR,20130408,0.15,0.15,0.15,0.15,15999
EAX,20130408,3.02,3.02,2.99,3,7844
EBG,20130408,0.054,0.054,0.054,0.054,20000
EBT,20130408,1.6,1.6,1.6,1.6,9899
ECV,20130408,1.76,1.76,1.76,1.76,5000
EDE,20130408,0.015,0.016,0.015,0.016,1048010
EEG,20130408,0.115,0.115,0.115,0.115,15657
EFT,20130408,0.4,0.41,0.4,0.41,7350
EGG,20130408,0.375,0.375,0.37,0.37,96764
EGN,20130408,0.18,0.185,0.18,0.185,85231
EGO,20130408,0.014,0.014,0.013,0.013,5377639
EGP,20130408,3.49,3.63,3.48,3.61,4135277
EHL,20130408,0.575,0.585,0.565,0.58,1652569
EHR,20130408,0.004,0.004,0.003,0.004,26864330
ELD,20130408,0.105,0.105,0.1,0.1,185080
ELK,20130408,0.21,0.21,0.21,0.21,19500
ELM,20130408,0.27,0.295,0.26,0.295,279738
ELT,20130408,0.014,0.014,0.014,0.014,8048
EMA,20130408,0.052,0.052,0.052,0.052,105299
EMF,20130408,1.63,1.63,1.63,1.63,18250
EMG,20130408,0.017,0.017,0.017,0.017,97300
EMM,20130408,0.011,0.011,0.011,0.011,78000
EMX,20130408,0.026,0.026,0.026,0.026,42652
ENR,20130408,0.22,0.22,0.22,0.22,38000
ENT,20130408,0.12,0.12,0.115,0.115,135000
ENV,20130408,1.03,1.08,1.025,1.075,3401494
EOC,20130408,0.325,0.325,0.31,0.315,828965
EOL,20130408,0.07,0.07,0.07,0.07,106697
EPD,20130408,0.5,0.5,0.5,0.5,27000
EPM,20130408,0.01,0.01,0.01,0.01,109970
EPW,20130408,2.53,2.53,2.51,2.51,29353
EPX,20130408,1.865,1.865,1.84,1.865,104752
EQE,20130408,0.086,0.086,0.086,0.086,163086
EQT,20130408,18,18,18,18,580
EQX,20130408,0.95,0.95,0.9,0.94,361600
ERA,20130408,1.27,1.28,1.24,1.24,293160
ERJ,20130408,0.005,0.005,0.004,0.004,17769504
ERL,20130408,0.025,0.025,0.024,0.024,128000
ERM,20130408,0.075,0.075,0.072,0.072,95021
ESI,20130408,0.009,0.009,0.008,0.009,2008076
ESM,20130408,0.15,0.16,0.15,0.16,280836
ESR,20130408,0.145,0.145,0.145,0.145,5000
ESV,20130408,0.41,0.41,0.39,0.39,89514
ETE,20130408,0.052,0.052,0.049,0.052,213809
EUG,20130408,0.066,0.066,0.066,0.066,9538
EVE,20130408,0.007,0.007,0.007,0.007,100774
EVM,20130408,0.026,0.026,0.026,0.026,264525
EVN,20130408,1.32,1.35,1.285,1.285,3042987
EVR,20130408,1.22,1.305,1.22,1.295,234688
EWC,20130408,0.375,0.4,0.375,0.39,468136
EXC,20130408,0.049,0.049,0.049,0.049,31000
EXE,20130408,0.025,0.025,0.025,0.025,58000
EXG,20130408,0.17,0.18,0.17,0.18,78227
EZL,20130408,1.19,1.19,1.16,1.175,9807
FAN,20130408,3.12,3.12,3.11,3.11,29810
FAR,20130408,0.04,0.04,0.039,0.039,3289970
FAS,20130408,0.006,0.006,0.006,0.006,3155000
FBU,20130408,7.06,7.09,6.97,6.97,1832846
FCN,20130408,0.023,0.023,0.023,0.023,9003
FCR,20130408,0.017,0.017,0.017,0.017,980000
FDC,20130408,2.43,2.44,2.39,2.43,4044986
FEL,20130408,0.028,0.03,0.028,0.03,280000
FFF,20130408,0.021,0.021,0.021,0.021,150000
FFI,20130408,4,4,4,4,24994
FGE,20130408,5.88,6.05,5.81,6.05,627643
FGI,20130408,0.048,0.048,0.048,0.048,2674
FKP,20130408,1.5,1.505,1.485,1.495,226369
FLT,20130408,34.11,34.57,33.77,34.21,395107
FMG,20130408,3.65,3.69,3.54,3.58,18512190
FML,20130408,0.019,0.02,0.019,0.02,7052986
FMS,20130408,0.053,0.054,0.052,0.053,4030007
FND,20130408,0.17,0.17,0.17,0.17,60000
FOT,20130408,0.23,0.23,0.23,0.23,5000
FOY,20130408,0.005,0.005,0.005,0.005,150000
FPH,20130408,2.05,2.05,2.05,2.05,6439
FPS,20130408,1.15,1.15,1.125,1.125,27500
FRE,20130408,0.001,0.001,0.001,0.001,500000
FRG,20130408,0.19,0.19,0.18,0.18,15373
FRI,20130408,1.49,1.5,1.49,1.5,285213
FRY,20130408,0.046,0.046,0.046,0.046,100000
FSA,20130408,0.605,0.605,0.605,0.605,1800
FSF,20130408,6.07,6.07,6,6,5600
FSI,20130408,1.3,1.3,1.3,1.3,16947
FTE,20130408,0.017,0.018,0.017,0.018,97000
FUN,20130408,0.195,0.2,0.19,0.2,308600
FWD,20130408,9.65,9.66,9.45,9.6,313356
FWL,20130408,0.052,0.052,0.052,0.052,5700
FXJ,20130408,0.64,0.66,0.63,0.655,13663870
FXL,20130408,3.89,3.95,3.87,3.93,776989
FXR,20130408,0.039,0.039,0.032,0.032,201578
FYI,20130408,0.045,0.045,0.045,0.045,50000
FZR,20130408,0.39,0.39,0.39,0.39,437235
GAP,20130408,0.3,0.3,0.3,0.3,7000
GBE,20130408,0.07,0.07,0.069,0.07,200000
GBG,20130408,0.19,0.205,0.19,0.2,4989593
GBM,20130408,0.013,0.013,0.012,0.012,87000
GBP,20130408,0.11,0.11,0.11,0.11,54375
GBT,20130408,1.24,1.24,1.24,1.24,1200
GBZ,20130408,0.021,0.021,0.021,0.021,14000
GCG,20130408,0.057,0.057,0.057,0.057,804145
GCR,20130408,0.007,0.008,0.007,0.008,1570036
GCS,20130408,0.715,0.715,0.715,0.715,12166
GCY,20130408,0.235,0.235,0.235,0.235,150000
GDA,20130408,0.075,0.075,0.075,0.075,999
GDY,20130408,0.105,0.105,0.089,0.096,766599
GEM,20130408,2.04,2.1,2.04,2.07,439826
GER,20130408,0.04,0.04,0.038,0.038,69216
GFF,20130408,0.8,0.825,0.785,0.795,21235528
GGE,20130408,0.002,0.002,0.002,0.002,4600000
GGG,20130408,0.3,0.305,0.295,0.305,431470
GGP,20130408,0.003,0.004,0.003,0.004,42828710
GGX,20130408,0.033,0.033,0.033,0.033,67222
GHC,20130408,1,1,0.985,0.985,254733
GID,20130408,0.62,0.62,0.605,0.605,100000
GLH,20130408,0.078,0.079,0.078,0.079,1620
GLL,20130408,0.135,0.135,0.135,0.135,6400
GLM,20130408,0.005,0.005,0.005,0.005,200000
GME,20130408,0.023,0.023,0.023,0.023,3000
GMG,20130408,4.83,4.86,4.79,4.84,3422325
GMR,20130408,0.038,0.039,0.036,0.036,1841474
GMY,20130408,0.83,0.83,0.83,0.83,10091
GNC,20130408,11.69,11.69,11.545,11.65,457816
GNG,20130408,0.93,0.93,0.93,0.93,2450
GNM,20130408,0.19,0.19,0.19,0.19,12000
GNV,20130408,0.06,0.07,0.06,0.07,224000
GOA,20130408,0.001,0.001,0.001,0.001,3333334
GOLD,20130408,146.96,147,146.56,146.97,3651
GOR,20130408,0.086,0.091,0.082,0.086,3182562
GOW,20130408,2.45,2.45,2.41,2.41,17705
GOZ,20130408,2.44,2.46,2.43,2.44,340482
GPG,20130408,0.49,0.49,0.485,0.49,134406
GPR,20130408,0.1,0.1,0.1,0.1,555000
GPT,20130408,3.87,3.87,3.82,3.83,4056402
GRB,20130408,0.16,0.16,0.16,0.16,12000
GRF,20130408,1.47,1.47,1.47,1.47,12250
GRM,20130408,0.072,0.072,0.071,0.071,87500
GRR,20130408,0.195,0.205,0.192,0.2,1730732
GRX,20130408,0.27,0.28,0.265,0.275,173802
GRY,20130408,0.305,0.31,0.285,0.285,1900273
GSE,20130408,0.007,0.007,0.007,0.007,5000
GTG,20130408,0.075,0.075,0.074,0.074,44000
GUD,20130408,7.08,7.28,7.05,7.19,419135
GUF,20130408,0.28,0.28,0.255,0.255,1092830
GUN,20130408,0.03,0.034,0.03,0.034,60000
GWA,20130408,2.55,2.59,2.54,2.56,719549
GWR,20130408,0.16,0.16,0.16,0.16,7226
GXL,20130408,4.26,4.46,4.25,4.45,47317
GXN,20130408,0.002,0.002,0.002,0.002,711111
GXY,20130408,0.24,0.285,0.24,0.285,904506
HAO,20130408,0.24,0.24,0.22,0.22,40000
HAR,20130408,0.11,0.11,0.11,0.11,227450
HAV,20130408,0.415,0.415,0.415,0.415,10000
HAW,20130408,0.005,0.005,0.005,0.005,200000
HAZ,20130408,0.029,0.029,0.027,0.027,717952
HCH,20130408,0.63,0.63,0.56,0.56,39798
HDG,20130408,0.08,0.08,0.08,0.08,30000
HEG,20130408,0.013,0.014,0.013,0.014,200000
HFA,20130408,0.83,0.9,0.83,0.9,60750
HFR,20130408,0.23,0.23,0.23,0.23,15000
HGG,20130408,2.27,2.29,2.23,2.27,5083086
HGO,20130408,0.089,0.09,0.088,0.09,569162
HHL,20130408,2.82,2.82,2.8,2.8,6928
HHV,20130408,0.82,0.82,0.815,0.815,102019
HHY,20130408,0.525,0.53,0.515,0.515,103934
HIG,20130408,0.11,0.11,0.105,0.11,74583
HIL,20130408,1.14,1.14,1.095,1.095,239674
HIN,20130408,2.34,2.34,2.34,2.34,56
HLX,20130408,0.048,0.048,0.048,0.048,50000
HNR,20130408,0.022,0.022,0.021,0.021,4840000
HOG,20130408,0.068,0.068,0.063,0.063,959180
HOM,20130408,0.77,0.78,0.77,0.78,14650
HOR,20130408,0.16,0.16,0.145,0.16,178446
HRR,20130408,0.16,0.16,0.16,0.16,68092
HSN,20130408,0.94,0.95,0.925,0.95,157768
HTA,20130408,0.031,0.031,0.031,0.031,282077
HVN,20130408,2.71,2.74,2.66,2.66,3770933
HZN,20130408,0.39,0.405,0.385,0.39,5659100
IAA,20130408,43.8,43.8,43.4,43.44,4048
IAF,20130408,103.59,103.73,103.59,103.68,3669
IAG,20130408,5.65,5.69,5.58,5.68,3354230
IAU,20130408,0.24,0.26,0.235,0.255,2194146
IBC,20130408,0.54,0.55,0.54,0.54,83533
IBG,20130408,0.049,0.054,0.049,0.054,212860
IBK,20130408,36.53,36.53,36.42,36.42,530
ICG,20130408,0.032,0.032,0.03,0.032,2020000
ICN,20130408,0.15,0.155,0.14,0.145,1363307
ICQ,20130408,0.58,0.6,0.53,0.53,793041
ICS,20130408,0.022,0.022,0.022,0.022,1000000
ICX,20130408,0.135,0.135,0.13,0.13,210000
IDC,20130408,0.077,0.084,0.077,0.084,2708717
IEC,20130408,0.155,0.155,0.15,0.15,37835
IEM,20130408,40.5,40.5,40.04,40.1,13953
IEU,20130408,38.31,38.32,38,38,5519
IFE,20130408,0.165,0.165,0.155,0.155,40000
IFL,20130408,8.15,8.25,8.09,8.23,585829
IFM,20130408,0.49,0.5,0.485,0.5,166000
IFN,20130408,0.27,0.28,0.27,0.27,481430
IGB,20130408,103.01,103.01,103.01,103.01,1
IGO,20130408,3.6,3.85,3.6,3.74,446833
IHD,20130408,16.15,16.21,16.14,16.18,9269
IHK,20130408,18.66,18.66,18.66,18.66,1329
IIN,20130408,5.19,5.37,5.18,5.34,437157
IJH,20130408,108.32,108.32,108.3,108.3,1853
IJP,20130408,10.52,10.6,10.42,10.54,35693
IJR,20130408,82.77,82.77,82.06,82.06,72
ILB,20130408,106.34,106.49,106.34,106.49,3000
ILC,20130408,21.98,22.05,21.93,22.05,5758
ILU,20130408,9.06,9.155,8.95,9.08,2265886
IMA,20130408,0.2,0.2,0.2,0.2,60000
IMC,20130408,0.004,0.004,0.004,0.004,200000
IMD,20130408,1.285,1.315,1.24,1.25,1523644
IMF,20130408,1.8,1.83,1.79,1.815,511255
IMI,20130408,0.002,0.002,0.002,0.002,526000
INA,20130408,0.3,0.3,0.295,0.3,694094
INQ,20130408,0.85,0.945,0.85,0.91,294721
IOF,20130408,3.07,3.11,3.06,3.09,1451342
IOG,20130408,0.21,0.21,0.21,0.21,1500
IOH,20130408,0.95,0.97,0.95,0.95,24826
IOO,20130408,65.05,65.33,65.05,65.08,7520
IOZ,20130408,21.25,21.32,21.08,21.29,30747
IPC,20130408,0.9,0.9,0.9,0.9,567
IPE,20130408,0.39,0.39,0.39,0.39,26000
IPL,20130408,3.05,3.05,2.97,3.01,4977602
IPP,20130408,0.92,0.92,0.9,0.905,149124
IRC,20130408,0.077,0.077,0.077,0.077,25000
IRD,20130408,0.24,0.24,0.24,0.24,2155
IRE,20130408,7.76,7.91,7.75,7.88,196166
IRG,20130408,0.002,0.002,0.002,0.002,50000
IRI,20130408,1.02,1.05,1.02,1.035,72960
IRN,20130408,0.34,0.34,0.33,0.34,324433
IRU,20130408,88.3,88.59,88.3,88.59,122
ISG,20130408,13.32,13.4,13.32,13.4,820
ISN,20130408,0.078,0.08,0.078,0.08,224421
ISO,20130408,4.1,4.11,4.09,4.11,9895
ISS,20130408,0.23,0.23,0.23,0.23,71250
ITW,20130408,12.7,12.7,12.63,12.63,7509
IVA,20130408,0.23,0.23,0.202,0.21,1332132
IVC,20130408,11.35,11.61,11.25,11.49,379055
IVE,20130408,56.73,56.75,56.65,56.73,562
IVG,20130408,0.045,0.045,0.045,0.045,10000
IVR,20130408,0.11,0.11,0.105,0.105,143472
IVV,20130408,150.26,150.65,150.26,150.6,10300
IVX,20130408,0.05,0.055,0.05,0.055,92000
IXI,20130408,79.81,79.81,79.6,79.63,1057
IXJ,20130408,72.05,72.05,71.45,71.45,2245
IXR,20130408,0.105,0.105,0.105,0.105,1035785
IZM,20130408,0.007,0.007,0.007,0.007,250000
IZZ,20130408,34.28,34.43,34.14,34.3,24556
JAL,20130408,0.31,0.31,0.31,0.31,148042
JAT,20130408,0.033,0.033,0.033,0.033,94187
JBH,20130408,15.09,15.28,14.95,15.12,526330
JHX,20130408,9.75,9.83,9.62,9.77,923845
JIN,20130408,2.49,2.5,2.45,2.5,53542
JKA,20130408,0.145,0.145,0.14,0.14,274500
JMB,20130408,0.028,0.028,0.028,0.028,20000
JMS,20130408,0.091,0.095,0.09,0.093,221318
JPR,20130408,0.7,0.7,0.7,0.7,7001
JRL,20130408,0.27,0.27,0.27,0.27,49080
JRV,20130408,0.058,0.058,0.058,0.058,20000
KAB,20130408,0.006,0.006,0.006,0.006,710000
KAM,20130408,0.56,0.59,0.56,0.59,33714
KAR,20130408,4.51,4.65,4.5,4.59,870833
KAS,20130408,0.155,0.16,0.155,0.16,38510
KBC,20130408,0.16,0.16,0.135,0.14,1055428
KBL,20130408,0.071,0.074,0.071,0.074,53937
KCN,20130408,3.6,3.74,3.58,3.66,412211
KDR,20130408,0.435,0.55,0.435,0.515,10158423
KEY,20130408,0.016,0.016,0.015,0.015,2396636
KFE,20130408,0.13,0.13,0.11,0.115,410342
KGD,20130408,0.14,0.14,0.13,0.13,1403239
KIK,20130408,0.001,0.001,0.001,0.001,1499980
KKL,20130408,0.008,0.008,0.007,0.007,340000
KKO,20130408,0.33,0.34,0.33,0.34,8100
KMC,20130408,0.005,0.006,0.005,0.006,1740719
KMD,20130408,1.98,1.99,1.96,1.975,157069
KOR,20130408,0.078,0.078,0.078,0.078,66120
KOV,20130408,6.94,6.94,6.85,6.86,13322
KPL,20130408,0.44,0.44,0.425,0.435,197728
KPR,20130408,0.1,0.1,0.098,0.1,275503
KRB,20130408,0.076,0.076,0.075,0.076,91200
KRL,20130408,0.033,0.033,0.032,0.032,90000
KRM,20130408,0.595,0.595,0.54,0.54,306724
KRS,20130408,0.165,0.17,0.165,0.17,75000
KSC,20130408,2.23,2.23,1.95,2.06,106164
KTE,20130408,0.015,0.015,0.015,0.015,209260
KTL,20130408,0.003,0.003,0.003,0.003,1046393
LBT,20130408,0.048,0.048,0.048,0.048,27500
LCE,20130408,0.21,0.21,0.21,0.21,5673
LCM,20130408,1.535,1.535,1.53,1.53,38530
LCR,20130408,0.031,0.031,0.03,0.03,1006276
LCT,20130408,0.048,0.048,0.047,0.047,97436
LCY,20130408,0.044,0.05,0.044,0.047,145000
LEG,20130408,0.011,0.011,0.01,0.011,850682
LEI,20130408,19.42,19.94,19.42,19.53,432741
LEP,20130408,2.6,2.68,2.59,2.64,123556
LGD,20130408,0.3,0.3,0.3,0.3,30000
LIN,20130408,0.05,0.05,0.05,0.05,243326
LIO,20130408,0.027,0.027,0.027,0.027,3850
LKO,20130408,0.007,0.007,0.006,0.006,8819935
LLC,20130408,10.25,10.495,10.24,10.36,1454537
LMG,20130408,0.009,0.009,0.009,0.009,186333
LML,20130408,0.09,0.09,0.089,0.089,70000
LMW,20130408,0.31,0.31,0.31,0.31,1030
LNC,20130408,1.82,1.87,1.745,1.815,6170044
LNG,20130408,0.285,0.285,0.28,0.28,111940
LNR,20130408,0.185,0.185,0.185,0.185,172900
LNY,20130408,0.05,0.05,0.05,0.05,49644
LOM,20130408,0.009,0.009,0.009,0.009,699955
LRL,20130408,0.235,0.235,0.23,0.235,271000
LRR,20130408,0.003,0.003,0.003,0.003,1173840
LRS,20130408,0.155,0.155,0.155,0.155,50000
LSA,20130408,0.43,0.43,0.43,0.43,2
LSR,20130408,0.037,0.037,0.037,0.037,56801
LSX,20130408,0.66,0.67,0.66,0.67,105087
LTN,20130408,0.077,0.079,0.077,0.079,29480000
LYC,20130408,0.51,0.535,0.505,0.52,10386428
LYL,20130408,6.02,6.04,6,6.03,74528
MAB,20130408,0.8,0.85,0.73,0.755,273603
MAD,20130408,0.65,0.655,0.635,0.64,760765
MAH,20130408,0.21,0.215,0.207,0.215,1312012
MAK,20130408,0.15,0.155,0.145,0.145,167062
MAM,20130408,3.15,3.15,3.15,3.15,3170
MAQ,20130408,8.25,8.25,8.25,8.25,150
MAR,20130408,0.009,0.009,0.008,0.009,1632627
MAT,20130408,0.385,0.39,0.385,0.385,138980
MBC,20130408,0.62,0.62,0.59,0.61,96268
MBE,20130408,0.02,0.021,0.02,0.021,345700
MBN,20130408,0.25,0.265,0.245,0.25,1699281
MCE,20130408,1.01,1.01,0.965,0.965,79114
MCP,20130408,2.18,2.29,2.18,2.29,199382
MCR,20130408,0.705,0.72,0.7,0.71,20002
MCX,20130408,0.07,0.07,0.07,0.07,47
MDD,20130408,0.18,0.19,0.165,0.19,80000
MDG,20130408,0.035,0.035,0.035,0.035,250
MDI,20130408,0.11,0.11,0.105,0.105,200000
MDL,20130408,3.33,3.35,3.24,3.32,64787
MDV,20130408,0.005,0.006,0.005,0.006,2553011
MDX,20130408,0.125,0.125,0.12,0.125,135233
MED,20130408,0.175,0.175,0.17,0.17,38091
MEF,20130408,0.455,0.455,0.455,0.455,70100
MEI,20130408,0.03,0.03,0.03,0.03,60000
MEL,20130408,0.051,0.053,0.051,0.052,1345423
MEO,20130408,0.067,0.069,0.066,0.067,414900
MEU,20130408,0.075,0.076,0.07,0.071,795000
MFF,20130408,1.1,1.11,1.1,1.11,252215
MFG,20130408,6.38,6.45,6.15,6.4,584014
MGL,20130408,0.022,0.022,0.022,0.022,99143
MGR,20130408,1.62,1.635,1.615,1.63,19346520
MGS,20130408,0.08,0.08,0.08,0.08,150000
MGV,20130408,0.09,0.095,0.086,0.095,1449034
MGX,20130408,0.47,0.515,0.47,0.5,7925748
MGZ,20130408,0.02,0.02,0.019,0.019,83611
MHM,20130408,0.16,0.165,0.15,0.155,62564
MIN,20130408,10.51,10.64,10.49,10.52,1141941
MIO,20130408,2.07,2.11,2.06,2.08,259026
MIR,20130408,2.36,2.37,2.35,2.35,44944
MIX,20130408,0.14,0.14,0.135,0.135,27500
MIZ,20130408,0.033,0.037,0.033,0.037,1743745
MKB,20130408,0.03,0.031,0.025,0.025,210000
MLB,20130408,2.14,2.17,2.12,2.15,226486
MLD,20130408,2.76,2.8,2.73,2.77,257887
MLI,20130408,0.12,0.12,0.12,0.12,100000
MLM,20130408,0.175,0.18,0.175,0.18,22000
MLS,20130408,0.019,0.019,0.016,0.018,551700
MLT,20130408,19.06,19.13,19,19,25981
MLX,20130408,0.13,0.135,0.13,0.13,749057
MMC,20130408,0.12,0.125,0.115,0.115,36100
MML,20130408,4.1,4.22,4.05,4.19,695289
MMS,20130408,14.25,14.76,14.22,14.66,170007
MMX,20130408,0.04,0.041,0.04,0.041,443877
MNB,20130408,0.031,0.031,0.03,0.031,207633
MNC,20130408,0.038,0.038,0.037,0.037,12373
MND,20130408,22.28,22.4,22.06,22.25,374040
MNE,20130408,0.028,0.028,0.024,0.026,645329
MNF,20130408,1.33,1.345,1.32,1.32,27544
MNM,20130408,0.043,0.043,0.042,0.042,117333
MNW,20130408,0.017,0.017,0.017,0.017,100000
MNY,20130408,0.74,0.75,0.74,0.75,215722
MOC,20130408,2,2,1.955,2,50038
MOD,20130408,0.051,0.053,0.051,0.053,497256
MOG,20130408,0.008,0.008,0.008,0.008,8750
MOL,20130408,0.115,0.115,0.11,0.11,2800
MOO,20130408,0.006,0.006,0.006,0.006,97149
MOT,20130408,0.001,0.002,0.001,0.002,36143237
MOY,20130408,0.019,0.019,0.017,0.018,5003024
MOZ,20130408,0.014,0.019,0.014,0.019,161040
MPJ,20130408,0.009,0.009,0.008,0.008,1100000
MPO,20130408,0.31,0.33,0.31,0.31,1813796
MPS,20130408,0.085,0.085,0.079,0.079,327198
MQA,20130408,1.52,1.565,1.52,1.565,371907
MQG,20130408,36.55,36.55,35.58,36,1508264
MRM,20130408,3.65,3.74,3.63,3.72,1264751
MRP,20130408,0.23,0.23,0.23,0.23,62204
MRX,20130408,0.015,0.015,0.015,0.015,100000
MRY,20130408,0.05,0.05,0.05,0.05,150
MSB,20130408,5.97,6.06,5.9,6.05,260878
MSC,20130408,0.007,0.007,0.007,0.007,496000
MSR,20130408,0.1,0.1,0.097,0.097,541000
MTE,20130408,0.094,0.095,0.091,0.091,483324
MTH,20130408,0.045,0.045,0.042,0.043,634222
MTN,20130408,0.045,0.045,0.045,0.045,66805
MTS,20130408,4.03,4.05,4.02,4.03,1780830
MTU,20130408,5,5.02,4.92,4.93,459819
MUE,20130408,0.096,0.096,0.096,0.096,52000
MUM,20130408,0.045,0.045,0.037,0.037,1961200
MUX,20130408,0.24,0.24,0.24,0.24,3000
MVP,20130408,1.57,1.6,1.57,1.585,37084
MVT,20130408,0.11,0.11,0.11,0.11,10678
MXI,20130408,1.31,1.31,1.265,1.27,440119
MXQ,20130408,0.325,0.325,0.325,0.325,4833
MXR,20130408,0.004,0.004,0.004,0.004,400000
MYE,20130408,1.33,1.33,1.305,1.305,8916
MYG,20130408,0.068,0.068,0.061,0.062,2386083
MYN,20130408,0.02,0.02,0.02,0.02,65000
MYR,20130408,2.97,3,2.96,2.97,2144671
MYS,20130408,4.43,4.44,4.38,4.43,13197
MYX,20130408,0.46,0.48,0.46,0.465,314962
MZI,20130408,0.021,0.022,0.021,0.022,3850000
NAB,20130408,30.57,30.7,30.41,30.58,3559055
NAM,20130408,0.35,0.35,0.32,0.33,35882
NAN,20130408,0.455,0.46,0.45,0.45,229936
NCK,20130408,2.2,2.23,2.2,2.2,1925
NCM,20130408,19.13,19.27,18.985,19.18,4129896
NCO,20130408,0.026,0.026,0.025,0.025,733374
NCR,20130408,0.125,0.125,0.125,0.125,1585700
NDL,20130408,0.04,0.04,0.04,0.04,250000
NDO,20130408,0.025,0.025,0.024,0.024,1708200
NEA,20130408,0.125,0.125,0.12,0.12,540000
NEN,20130408,0.215,0.215,0.2,0.2,882290
NEU,20130408,0.033,0.033,0.032,0.032,2400000
NFE,20130408,0.37,0.37,0.36,0.37,25542
NFK,20130408,0.515,0.515,0.505,0.505,400296
NGE,20130408,0.025,0.027,0.024,0.026,430000
NGY,20130408,0.06,0.06,0.055,0.055,216666
NHC,20130408,3.66,3.72,3.66,3.71,134430
NHF,20130408,2.23,2.24,2.22,2.23,232949
NHO,20130408,0.078,0.078,0.078,0.078,10000
NIU,20130408,0.02,0.02,0.02,0.02,199250
NKP,20130408,0.08,0.08,0.08,0.08,66901
NMG,20130408,0.041,0.041,0.04,0.04,186808
NML,20130408,0.11,0.11,0.11,0.11,13400
NMS,20130408,0.025,0.025,0.025,0.025,38475
NOD,20130408,0.1,0.1,0.1,0.1,103800
NPX,20130408,2.7,2.72,2.7,2.71,19184
NRT,20130408,0.205,0.305,0.195,0.245,4870780
NRU,20130408,0.025,0.025,0.021,0.021,12836727
NSE,20130408,0.17,0.17,0.165,0.165,537795
NST,20130408,0.93,0.955,0.895,0.9,3074028
NTC,20130408,0.24,0.24,0.24,0.24,71046
NTM,20130408,0.026,0.03,0.026,0.03,775600
NTU,20130408,0.13,0.135,0.125,0.135,727888
NUF,20130408,4.27,4.42,4.21,4.35,1976492
NVG,20130408,0.025,0.026,0.023,0.023,1268857
NVI,20130408,0.14,0.14,0.14,0.14,3000
NVT,20130408,5.36,5.59,5.35,5.53,1299615
NWE,20130408,0.035,0.035,0.033,0.033,1254970
NWF,20130408,0.28,0.28,0.28,0.28,8444
NWH,20130408,1.46,1.535,1.45,1.495,4134818
NWR,20130408,0.085,0.085,0.085,0.085,17648
NWS,20130408,29.73,29.74,29.57,29.68,1430366
NWT,20130408,0.375,0.39,0.375,0.39,668553
NXM,20130408,0.075,0.075,0.075,0.075,35000
NXR,20130408,0.06,0.06,0.058,0.058,265000
NXS,20130408,0.135,0.14,0.13,0.13,3999417
NXT,20130408,1.95,1.99,1.94,1.99,184088
NZO,20130408,0.685,0.685,0.685,0.685,19672
OBJ,20130408,0.013,0.013,0.012,0.012,1383338
OBL,20130408,0.021,0.021,0.021,0.021,836095
OBS,20130408,0.18,0.18,0.17,0.17,356800
OCL,20130408,0.52,0.52,0.52,0.52,65000
OEX,20130408,0.058,0.058,0.055,0.055,109711
OGC,20130408,2.37,2.45,2.34,2.4,937298
OGX,20130408,0.16,0.205,0.16,0.205,1122539
OGY,20130408,0.03,0.03,0.028,0.03,45000
OIL,20130408,0.092,0.092,0.092,0.092,58170
OKN,20130408,1.26,1.26,1.235,1.25,54150
OKU,20130408,0.007,0.007,0.007,0.007,214285
OLH,20130408,0.11,0.11,0.11,0.11,150000
OMH,20130408,0.32,0.345,0.32,0.335,179171
ONC,20130408,0.185,0.185,0.185,0.185,50000
ONT,20130408,5.76,5.76,5.65,5.65,10468
OPG,20130408,0.125,0.125,0.125,0.125,76250
ORD,20130408,0.012,0.012,0.012,0.012,89000
ORE,20130408,1.3,1.31,1.28,1.285,237222
ORG,20130408,12.57,12.86,12.53,12.72,3454166
ORI,20130408,23.11,23.32,22.93,23.12,921284
ORL,20130408,7.1,7.19,7.1,7.18,43637
ORM,20130408,0.075,0.075,0.075,0.075,41000
ORO,20130408,0.004,0.004,0.003,0.004,2833333
ORR,20130408,0.185,0.185,0.185,0.185,750
ORS,20130408,0.12,0.12,0.12,0.12,10000
OSH,20130408,7.28,7.34,7.22,7.26,5652320
OSP,20130408,0.42,0.42,0.42,0.42,150
OTE,20130408,0.002,0.002,0.002,0.002,163341
OTH,20130408,0.7,0.7,0.69,0.7,199751
OVR,20130408,0.011,0.011,0.011,0.011,32920
OZG,20130408,0.18,0.18,0.18,0.18,40000
OZL,20130408,4.76,4.88,4.72,4.87,1847032
OZR,20130408,9.59,9.59,9.56,9.58,5296
PAB,20130408,0.027,0.027,0.024,0.025,315900
PAG,20130408,1.2,1.215,1.2,1.21,59397
PAN,20130408,0.32,0.327,0.31,0.32,106003
PBD,20130408,0.012,0.012,0.01,0.01,2346013
PBG,20130408,0.88,0.915,0.875,0.905,2519365
PBP,20130408,0.32,0.32,0.3,0.3,42000
PBT,20130408,0.22,0.22,0.22,0.22,5500
PCL,20130408,0.088,0.088,0.085,0.087,1045604
PDI,20130408,0.037,0.038,0.037,0.037,63175
PDM,20130408,0.005,0.005,0.005,0.005,100
PDN,20130408,0.915,0.93,0.905,0.92,2259341
PDY,20130408,0.005,0.005,0.004,0.004,6990000
PDZ,20130408,0.5,0.5,0.49,0.49,10000
PEA,20130408,0.5,0.5,0.5,0.5,73250
PEK,20130408,0.145,0.145,0.135,0.135,117000
PEM,20130408,0.215,0.24,0.21,0.215,179743
PEN,20130408,0.029,0.029,0.028,0.028,950791
PEX,20130408,0.6,0.615,0.585,0.59,81446
PFL,20130408,1.575,1.58,1.56,1.575,25124
PGC,20130408,0.3,0.33,0.3,0.33,23700
PGI,20130408,0.096,0.105,0.094,0.099,10443808
PGL,20130408,0.21,0.21,0.21,0.21,17000
PGM,20130408,0.048,0.052,0.048,0.052,3960
PGS,20130408,0.018,0.018,0.018,0.018,275000
PHI,20130408,2.05,2.05,2,2,2711
PHK,20130408,0.062,0.062,0.062,0.062,1314
PIE,20130408,0.038,0.038,0.038,0.038,2500
PIO,20130408,0.029,0.029,0.029,0.029,15000
PIR,20130408,1.25,1.305,1.205,1.205,1283115
PLH,20130408,0.135,0.135,0.13,0.13,125000
PMC,20130408,1.235,1.25,1.235,1.25,69399
PMP,20130408,0.225,0.235,0.225,0.235,103596
PMV,20130408,8.44,8.56,8.33,8.5,865183
PNA,20130408,2.34,2.39,2.29,2.31,1994371
PNE,20130408,0.008,0.008,0.008,0.008,20000
PNO,20130408,0.001,0.001,0.001,0.001,2000000
POH,20130408,0.125,0.125,0.12,0.12,215017
POK,20130408,0.27,0.275,0.27,0.275,82511
POS,20130408,0.2,0.215,0.2,0.21,915153
POU,20130408,14.75,14.75,14.75,14.75,35000
PPC,20130408,1.37,1.425,1.35,1.38,55746
PPG,20130408,0.5,0.51,0.5,0.5,289019
PPK,20130408,0.425,0.425,0.425,0.425,9329
PPP,20130408,0.105,0.105,0.105,0.105,50000
PPS,20130408,0.081,0.085,0.081,0.085,49019
PPT,20130408,38.9,39.45,38.58,39.28,86298
PPX,20130408,0.087,0.09,0.087,0.088,403772
PRA,20130408,0.035,0.035,0.035,0.035,135000
PRG,20130408,2.69,2.69,2.58,2.6,100663
PRL,20130408,0.095,0.095,0.095,0.095,63822
PRO,20130408,0.355,0.36,0.355,0.36,12940
PRR,20130408,0.098,0.099,0.094,0.095,1963377
PRT,20130408,1.08,1.1,1.07,1.1,241754
PRU,20130408,1.67,1.71,1.625,1.635,1244138
PRW,20130408,0.004,0.004,0.004,0.004,265960
PRY,20130408,4.78,4.915,4.65,4.91,1964303
PSA,20130408,0.155,0.16,0.155,0.16,14001
PSC,20130408,0.009,0.012,0.008,0.008,710000
PSF,20130408,0.033,0.033,0.033,0.033,310000
PSH,20130408,0.066,0.066,0.066,0.066,94287
PSY,20130408,0.018,0.019,0.018,0.019,107049
PTL,20130408,0.015,0.015,0.015,0.015,5500
PTM,20130408,5.13,5.19,5.11,5.16,675987
PTO,20130408,0.008,0.008,0.008,0.008,200000
PTR,20130408,0.023,0.023,0.023,0.023,9400
PTS,20130408,0.055,0.055,0.051,0.051,60653
PUN,20130408,0.115,0.115,0.115,0.115,99500
PVD,20130408,0.54,0.55,0.49,0.51,323615
PVM,20130408,0.57,0.575,0.55,0.565,629942
PWN,20130408,0.19,0.19,0.175,0.175,85149
PXG,20130408,0.255,0.26,0.245,0.26,63100
PXR,20130408,0.003,0.003,0.003,0.003,16021010
PXS,20130408,0.32,0.325,0.315,0.32,349076
PYC,20130408,0.019,0.019,0.019,0.019,18000
PYM,20130408,0.035,0.035,0.035,0.035,200000
PZC,20130408,0.059,0.059,0.058,0.058,50500
QAN,20130408,1.725,1.745,1.695,1.735,16440525
QAU,20130408,16.2,16.21,16.19,16.2,59809
QBE,20130408,13.57,13.76,13.57,13.6,5023292
QFX,20130408,0.017,0.018,0.015,0.018,3291653
QHL,20130408,0.14,0.14,0.14,0.14,1020
QMN,20130408,0.03,0.03,0.03,0.03,500000
QPN,20130408,0.005,0.005,0.005,0.005,23799444
QRX,20130408,1.115,1.135,1.115,1.135,19300
QTG,20130408,0.017,0.017,0.017,0.017,905333
QUB,20130408,1.69,1.71,1.69,1.7,1948982
QUR,20130408,0.002,0.002,0.002,0.002,1700000
RAI,20130408,0.024,0.024,0.024,0.024,59637
RAU,20130408,0.016,0.016,0.014,0.014,310000
RAW,20130408,0.082,0.082,0.079,0.079,20000
RCB,20130408,20.49,20.49,20.49,20.49,2923
RCF,20130408,0.027,0.031,0.027,0.029,157500
RCG,20130408,0.59,0.59,0.58,0.58,326377
RCO,20130408,0.5,0.505,0.5,0.505,104837
RCR,20130408,2.12,2.2,2.1,2.2,657871
RCU,20130408,0.485,0.485,0.485,0.485,250
RDF,20130408,0.94,1,0.94,1,171449
RDM,20130408,0.175,0.175,0.16,0.16,231429
RDR,20130408,0.094,0.095,0.087,0.095,425020
RDS,20130408,0.1,0.1,0.1,0.1,2000
RDV,20130408,27.1,27.21,27.05,27.19,37545
REA,20130408,27.84,28.3,27.84,27.88,86631
RED,20130408,0.75,0.775,0.73,0.745,227331
RES,20130408,0.28,0.28,0.28,0.28,30000
REX,20130408,1.12,1.12,1.12,1.12,1518
REY,20130408,0.06,0.061,0.06,0.061,35300
RFE,20130408,0.66,0.69,0.65,0.685,481279
RFG,20130408,3.7,3.82,3.7,3.79,116352
RFL,20130408,0.14,0.145,0.14,0.14,52154
RFX,20130408,0.058,0.058,0.056,0.056,49247
RHC,20130408,31.98,32.48,31.61,32.34,466361
RHG,20130408,0.395,0.4,0.39,0.395,170076
RHI,20130408,0.85,0.85,0.79,0.79,3000
RHL,20130408,3.31,3.31,3.08,3.08,178474
RIA,20130408,0.08,0.081,0.079,0.079,1614875
RIC,20130408,0.91,0.91,0.885,0.89,546571
RIM,20130408,0.058,0.058,0.058,0.058,170000
RIO,20130408,55,55.82,54.73,54.84,2843464
RKN,20130408,2.47,2.47,2.45,2.45,3851
RMD,20130408,4.49,4.495,4.445,4.47,3056250
RMP,20130408,0.055,0.055,0.055,0.055,500
RMR,20130408,0.002,0.002,0.002,0.002,650000
RMS,20130408,0.295,0.305,0.29,0.295,540255
RNC,20130408,0.18,0.18,0.18,0.18,20000
RND,20130408,0.36,0.48,0.36,0.48,199516
RNI,20130408,0.135,0.14,0.135,0.14,115000
RNS,20130408,0.18,0.18,0.165,0.175,338500
RNY,20130408,0.265,0.265,0.265,0.265,430000
ROC,20130408,0.475,0.485,0.465,0.485,691995
ROG,20130408,0.002,0.002,0.002,0.002,280000
ROL,20130408,0.29,0.3,0.29,0.295,51400
ROY,20130408,0.046,0.046,0.045,0.045,47000
RQL,20130408,0.19,0.19,0.19,0.19,102299
RRE,20130408,0.09,0.09,0.09,0.09,29000
RRL,20130408,4.15,4.15,4.01,4.03,2001114
RRS,20130408,0.054,0.057,0.054,0.055,1411291
RSG,20130408,1.16,1.205,1.155,1.17,2033678
RSR,20130408,3.91,3.91,3.91,3.91,350
RUB,20130408,0.007,0.008,0.007,0.008,43500
RUM,20130408,0.17,0.175,0.17,0.175,70300
RVA,20130408,0.52,0.52,0.52,0.52,24400
RVL,20130408,30,30,30,30,1000
RVY,20130408,0.037,0.037,0.037,0.037,145000
RWD,20130408,0.415,0.415,0.4,0.4,17718
RWH,20130408,2.98,2.99,2.98,2.98,3547
RXL,20130408,0.051,0.054,0.05,0.05,5260257
RXM,20130408,0.415,0.425,0.405,0.415,135459
RXP,20130408,0.7,0.7,0.7,0.7,29000
SAI,20130408,3.55,3.61,3.49,3.6,1618372
SAR,20130408,0.265,0.275,0.265,0.27,1284858
SAU,20130408,0.029,0.03,0.029,0.029,1085393
SBL,20130408,0.003,0.003,0.003,0.003,160000
SBM,20130408,1.09,1.135,1.085,1.09,1178218
SBR,20130408,0.145,0.165,0.135,0.135,623273
SBU,20130408,0.077,0.077,0.077,0.077,7000
SCI,20130408,0.12,0.12,0.12,0.12,56000
SCP,20130408,1.64,1.65,1.63,1.645,1456631
SDG,20130408,1.265,1.33,1.23,1.3,201520
SDI,20130408,0.41,0.42,0.41,0.42,60000
SDM,20130408,0.9,0.9,0.885,0.885,183672
SEA,20130408,0.995,1.02,0.995,1.005,1816686
SEG,20130408,0.002,0.002,0.002,0.002,5300000
SEH,20130408,0.145,0.15,0.145,0.15,921038
SEK,20130408,10.15,10.18,10.11,10.11,796042
SEN,20130408,0.013,0.015,0.013,0.015,1050000
SEO,20130408,0.04,0.04,0.04,0.04,310
SER,20130408,0.039,0.039,0.039,0.039,100000
SFH,20130408,1.15,1.2,1.145,1.2,219302
SFR,20130408,5.55,5.72,5.51,5.61,1061554
SFW,20130408,0.625,0.63,0.62,0.62,1231426
SFX,20130408,0.58,0.63,0.58,0.59,164760
SFY,20130408,49.1,49.1,48.71,48.9,14744
SGH,20130408,2.64,2.64,2.6,2.64,10519
SGM,20130408,9.39,9.57,9.34,9.4,1378279
SGN,20130408,1.36,1.375,1.355,1.37,1671813
SGP,20130408,3.73,3.73,3.7,3.73,3912756
SGQ,20130408,0.155,0.155,0.15,0.15,75000
SGT,20130408,2.8,2.84,2.79,2.82,2051689
SGY,20130408,0.033,0.033,0.033,0.033,403334
SHC,20130408,0.029,0.03,0.027,0.027,344485
SHD,20130408,0.084,0.086,0.084,0.085,59241
SHE,20130408,0.012,0.012,0.012,0.012,100000
SHL,20130408,13.41,13.5,13.26,13.38,1215469
SHV,20130408,2.52,2.62,2.5,2.62,106333
SIH,20130408,0.092,0.099,0.092,0.099,13500
SIP,20130408,0.78,0.79,0.77,0.785,1098261
SIR,20130408,3.5,3.57,3.33,3.38,1105125
SIT,20130408,0.14,0.14,0.135,0.135,16677
SIV,20130408,7.09,7.09,6.96,7.02,43711
SIX,20130408,0.017,0.017,0.017,0.017,100000
SKC,20130408,3.4,3.4,3.4,3.4,394
SKE,20130408,3.4,3.46,3.4,3.46,232014
SKI,20130408,1.69,1.71,1.672,1.675,8880844
SKT,20130408,4.34,4.34,4.3,4.32,322171
SLE,20130408,0.027,0.027,0.027,0.027,307
SLF,20130408,9.53,9.53,9.38,9.45,132821
SLM,20130408,2,2.02,1.985,2.02,24474
SLR,20130408,1.8,1.89,1.795,1.795,3327159
SLT,20130408,0.11,0.11,0.1,0.1,13625
SLX,20130408,3.17,3.17,3.07,3.13,44173
SMA,20130408,0.006,0.006,0.006,0.006,185296
SMD,20130408,0.03,0.03,0.03,0.03,338000
SMR,20130408,0.17,0.17,0.165,0.165,66049
SMX,20130408,5.21,5.25,5.14,5.22,163901
SND,20130408,0.79,0.8,0.79,0.8,29200
SNL,20130408,1.82,1.82,1.82,1.82,5000
SNY,20130408,0.41,0.41,0.39,0.4,91280
SOC,20130408,0.19,0.19,0.19,0.19,10000
SOL,20130408,14.5,14.52,14.45,14.45,32758
SPA,20130408,0.085,0.085,0.082,0.082,55000
SPI,20130408,0.033,0.033,0.033,0.033,23000
SPL,20130408,1.1,1.11,1.07,1.08,1088037
SPN,20130408,1.2,1.21,1.195,1.195,3068117
SPS,20130408,0.013,0.014,0.013,0.014,347850
SRI,20130408,0.08,0.08,0.077,0.077,315690
SRK,20130408,0.084,0.084,0.084,0.084,3353
SRM,20130408,0.25,0.25,0.25,0.25,10000
SRQ,20130408,0.038,0.038,0.027,0.027,1800414
SRX,20130408,10.4,10.74,10.4,10.61,318000
SRZ,20130408,0.056,0.056,0.056,0.056,250000
SSM,20130408,0.23,0.23,0.225,0.225,562192
SSN,20130408,0.023,0.023,0.022,0.022,1049545
SSO,20130408,11.99,11.99,11.99,11.99,2269
STB,20130408,0.375,0.39,0.375,0.39,12620
STO,20130408,12.17,12.275,12.14,12.18,2528052
STS,20130408,0.54,0.56,0.54,0.56,35714
STW,20130408,46.3,46.43,46.18,46.33,73482
STX,20130408,0.115,0.115,0.105,0.105,557789
SUD,20130408,0.032,0.034,0.032,0.033,1625000
SUH,20130408,0.12,0.12,0.1,0.1,269000
SUL,20130408,12.14,12.17,12,12.12,240776
SUN,20130408,11.63,11.64,11.45,11.55,3899045
SVL,20130408,0.04,0.04,0.04,0.04,71135
SVM,20130408,0.28,0.28,0.25,0.265,282250
SVW,20130408,9.45,9.61,9.44,9.5,438529
SWJ,20130408,0.096,0.096,0.091,0.095,2462038
SWK,20130408,0.34,0.34,0.33,0.34,7301
SWL,20130408,1.195,1.21,1.19,1.2,48693
SWM,20130408,1.955,2.03,1.925,2.02,4367976
SXE,20130408,1.25,1.26,1.2,1.21,113482
SXG,20130408,0.032,0.032,0.03,0.03,900000
SXI,20130408,0.018,0.018,0.018,0.018,10000
SXL,20130408,1.45,1.475,1.445,1.45,1768266
SXT,20130408,0.25,0.25,0.22,0.23,59000
SXX,20130408,0.01,0.01,0.01,0.01,100000
SXY,20130408,0.73,0.762,0.73,0.75,6149459
SYD,20130408,3.28,3.31,3.255,3.29,3184839
SYI,20130408,28.1,28.22,28.1,28.2,2805
SYR,20130408,2,2.03,1.85,1.85,658692
SYS,20130408,0.003,0.003,0.003,0.003,700000
TAG,20130408,0.215,0.215,0.215,0.215,9
TAH,20130408,3.2,3.24,3.19,3.21,3190148
TAM,20130408,0.125,0.13,0.12,0.125,1826269
TAN,20130408,0.42,0.42,0.42,0.42,2000
TAP,20130408,0.54,0.565,0.54,0.555,585722
TAS,20130408,0.086,0.086,0.083,0.083,265000
TAW,20130408,0.012,0.013,0.012,0.013,310000
TBR,20130408,1.4,1.7,1.4,1.695,37947
TCL,20130408,6.42,6.47,6.4,6.45,2639041
TCQ,20130408,0.28,0.28,0.28,0.28,9476
TEG,20130408,0.013,0.013,0.013,0.013,860000
TEL,20130408,1.94,1.955,1.925,1.93,3852722
TEN,20130408,0.295,0.305,0.295,0.295,4694387
TFC,20130408,0.55,0.55,0.55,0.55,36623
TFS,20130408,0.11,0.11,0.11,0.11,4590
TGA,20130408,2.04,2.05,2.03,2.04,220114
TGG,20130408,0.87,0.87,0.865,0.87,499900
TGP,20130408,0.48,0.48,0.48,0.48,7880
TGR,20130408,1.99,1.99,1.975,1.99,111917
TGS,20130408,0.31,0.31,0.295,0.3,1829370
TGZ,20130408,1.08,1.105,1.07,1.08,281755
THO,20130408,0.11,0.12,0.11,0.12,100641
THR,20130408,0.006,0.006,0.006,0.006,760446
THX,20130408,0.063,0.063,0.063,0.063,95811
TIG,20130408,0.17,0.17,0.165,0.17,37807
TIS,20130408,0.16,0.165,0.16,0.165,31993
TIX,20130408,0.485,0.5,0.485,0.49,345036
TJN,20130408,0.49,0.49,0.49,0.49,8000
TKG,20130408,0.019,0.019,0.019,0.019,15000
TKL,20130408,0.032,0.032,0.032,0.032,2386
TLG,20130408,0.22,0.23,0.22,0.23,52000
TLM,20130408,0.125,0.125,0.12,0.12,227097
TLS,20130408,4.52,4.54,4.49,4.49,24944632
TLU,20130408,0.06,0.06,0.06,0.06,69000
TME,20130408,3.91,3.91,3.78,3.78,3866226
TNC,20130408,0.015,0.015,0.015,0.015,199999
TNE,20130408,1.78,1.84,1.75,1.805,631529
TNG,20130408,0.094,0.1,0.094,0.1,441624
TNP,20130408,0.03,0.03,0.028,0.029,4627504
TOE,20130408,0.115,0.115,0.105,0.105,2284568
TOL,20130408,5.75,5.79,5.64,5.68,2067498
TOX,20130408,3.34,3.35,3.25,3.29,49240
TPC,20130408,0.042,0.042,0.042,0.042,20000
TPD,20130408,0.068,0.068,0.061,0.061,87710
TPI,20130408,1.04,1.095,1.04,1.085,4277173
TPL,20130408,0.002,0.002,0.002,0.002,200000
TPM,20130408,3.12,3.175,3.095,3.17,977292
TPT,20130408,0.28,0.295,0.28,0.295,96600
TRF,20130408,0.12,0.12,0.12,0.12,5000
TRG,20130408,6.35,6.39,6.3,6.34,11666
TRO,20130408,0.06,0.06,0.05,0.06,150000
TRS,20130408,16.06,16.27,16.06,16.15,60195
TRU,20130408,5.6,5.65,5.53,5.6,22588
TRY,20130408,1.985,2.02,1.955,1.96,735113
TSE,20130408,1.685,1.765,1.685,1.725,2501879
TSM,20130408,0.285,0.285,0.28,0.285,90446
TSN,20130408,0.006,0.006,0.006,0.006,1000000
TSV,20130408,0.006,0.006,0.005,0.006,1829966
TTE,20130408,0.015,0.016,0.013,0.013,36349961
TTI,20130408,0.06,0.06,0.058,0.058,120000
TTN,20130408,1.74,1.74,1.65,1.72,65444
TTS,20130408,3.11,3.17,3.1,3.17,2995469
TWD,20130408,2.56,2.59,2.56,2.57,47885
TWE,20130408,5.8,5.83,5.71,5.71,3506427
TZL,20130408,0.12,0.125,0.12,0.125,166519
TZN,20130408,0.017,0.019,0.016,0.016,2966756
UBI,20130408,0.69,0.69,0.685,0.69,76791
UGL,20130408,10.31,10.5,10.31,10.41,578721
UML,20130408,0.083,0.083,0.081,0.081,173111
UNS,20130408,0.345,0.345,0.3,0.32,1333841
UNV,20130408,0.085,0.085,0.083,0.083,54444
UNX,20130408,0.061,0.064,0.059,0.059,156700
UOS,20130408,0.47,0.475,0.47,0.475,8800
URF,20130408,1.77,1.78,1.77,1.77,44643
USA,20130408,0.04,0.04,0.04,0.04,100000
USD,20130408,9.54,9.54,9.53,9.54,12668
USF,20130408,1.6,1.6,1.6,1.6,20250
UXC,20130408,1.21,1.215,1.155,1.215,349719
VAH,20130408,0.405,0.415,0.395,0.41,4905595
VAP,20130408,58.95,58.96,58.82,58.96,5998
VAS,20130408,63.18,63.18,62.42,62.68,29101
VEC,20130408,0.033,0.034,0.03,0.03,460000
VEI,20130408,0.6,0.6,0.59,0.6,194774
VEU,20130408,44.49,44.52,44.21,44.51,2485
VGO,20130408,0.1,0.1,0.1,0.1,18000
VHY,20130408,59.62,59.81,59.57,59.81,1545
VIC,20130408,0.054,0.054,0.05,0.05,100000
VIE,20130408,0.33,0.35,0.33,0.35,29500
VLA,20130408,0.315,0.32,0.295,0.32,83000
VLC,20130408,54.99,54.99,54.49,54.49,1628
VLW,20130408,1.02,1.02,1.01,1.02,110818
VMC,20130408,0.2,0.2,0.19,0.19,60000
VMG,20130408,0.015,0.016,0.015,0.016,1362751
VML,20130408,0.025,0.025,0.024,0.025,410000
VMS,20130408,0.18,0.185,0.18,0.185,113624
VMT,20130408,0.019,0.019,0.018,0.018,300000
VOC,20130408,1.755,1.755,1.735,1.74,28578
VOR,20130408,0.01,0.011,0.01,0.011,8559426
VRL,20130408,4.97,4.97,4.9,4.95,44466
VSO,20130408,45.66,45.66,45.66,45.66,300
VTG,20130408,0.62,0.62,0.62,0.62,31000
VTS,20130408,77.2,77.47,77.2,77.45,1658
VXR,20130408,0.025,0.025,0.025,0.025,1827000
WAA,20130408,1.13,1.13,1.125,1.125,16860
WAF,20130408,0.24,0.24,0.24,0.24,5000
WAM,20130408,1.69,1.695,1.685,1.695,1780576
WAS,20130408,0.013,0.013,0.012,0.013,205000
WAX,20130408,1.01,1.02,0.995,1.015,91648
WBA,20130408,0.65,0.65,0.65,0.65,3309
WBB,20130408,5.31,5.35,5.31,5.31,15155
WBC,20130408,30.4,30.67,30.19,30.52,4853412
WCB,20130408,3.8,3.85,3.8,3.85,47566
WCL,20130408,0.3,0.3,0.29,0.29,169200
WCN,20130408,0.03,0.031,0.028,0.028,1238911
WCP,20130408,0.083,0.083,0.08,0.083,300000
WDC,20130408,11.18,11.18,11.04,11.07,4879522
WDR,20130408,0.74,0.74,0.72,0.725,583906
WDS,20130408,0.525,0.525,0.525,0.525,65120
WEB,20130408,4.88,5.02,4.83,5.02,128006
WEC,20130408,0.18,0.18,0.17,0.17,8056
WES,20130408,40.13,40.19,39.82,40.07,1505441
WHC,20130408,1.95,2.03,1.935,2.01,5544250
WHE,20130408,0.057,0.058,0.054,0.055,410438
WHF,20130408,3.53,3.53,3.48,3.48,104612
WHG,20130408,1.015,1.015,1,1.015,122890
WHN,20130408,0.029,0.029,0.028,0.029,1166724
WIC,20130408,1.16,1.165,1.16,1.165,99524
WIG,20130408,0.34,0.34,0.34,0.34,21510
WIN,20130408,0.3,0.3,0.3,0.3,25000
WLL,20130408,2.3,2.4,2.29,2.29,55995
WLR,20130408,0.014,0.014,0.014,0.014,93906
WMN,20130408,0.15,0.15,0.135,0.145,69031
WOF,20130408,0.086,0.086,0.086,0.086,100000
WOR,20130408,24.33,24.34,23.93,24,591198
WOW,20130408,33.8,34.01,33.54,33.89,1701397
WPG,20130408,0.086,0.087,0.086,0.086,123978
WPL,20130408,34.7,35.06,34.61,34.86,1167699
WRT,20130408,3.08,3.085,3.04,3.06,12488903
WSA,20130408,3,3.16,2.98,3.02,1106185
WTF,20130408,4.86,4.93,4.79,4.87,738228
WTP,20130408,0.685,0.695,0.685,0.685,244283
WTR,20130408,0.25,0.26,0.25,0.26,1138458
WWI,20130408,0.017,0.017,0.017,0.017,193000
WWM,20130408,0.068,0.068,0.068,0.068,33334
XAM,20130408,0.072,0.072,0.072,0.072,11948
XRF,20130408,0.34,0.36,0.34,0.36,61357
XRO,20130408,9,9.05,9,9,11580
XST,20130408,0.018,0.018,0.018,0.018,50000
YAL,20130408,0.8,0.8,0.79,0.79,10959
YBR,20130408,0.59,0.61,0.56,0.56,96694
YOW,20130408,0.14,0.14,0.14,0.14,66668
YTC,20130408,0.26,0.26,0.255,0.26,201272
ZGL,20130408,0.23,0.235,0.23,0.235,83000
ZGM,20130408,0.013,0.013,0.013,0.013,84000
ZIM,20130408,9.5,9.5,9.5,9.5,900
ZRL,20130408,0.001,0.001,0.001,0.001,58771
XAF,20130408,4956.6,4978.6,4952.4,4968.4,0
XAO,20130408,4899.2,4920.9,4897,4912.7,0
XAT,20130408,4866.8,4889.1,4864.6,4880.4,0
XDJ,20130408,1567.4,1588,1561.6,1584.4,0
XEC,20130408,1174.9,1181.3,1173.7,1175.9,0
XEJ,20130408,12631.1,12759.3,12625.8,12700.5,0
XFJ,20130408,5338.6,5360.1,5320.1,5347.7,0
XFL,20130408,5003.8,5026.8,5000.4,5016.6,0
XGD,20130408,3848.6,3975.6,3845.8,3928.6,0
XHJ,20130408,12302.1,12419.1,12302.1,12381.7,0
XIJ,20130408,670.3,672.8,661.5,662,0
XJO,20130408,4891.4,4914,4889.6,4905.5,0
XJR,20130408,3845.2,3905,3845.2,3878.6,0
XKO,20130408,4860.4,4882.4,4858.4,4874.2,0
XMD,20130408,4075.4,4092.8,4066.8,4082.5,0
XMJ,20130408,9298,9446.5,9298,9368.7,0
XMM,20130408,3083.4,3139.8,3083.4,3113.4,0
XNJ,20130408,3788.1,3801.1,3764.6,3784.4,0
XPJ,20130408,1032.2,1036.1,1031.1,1033.9,0
XSJ,20130408,9886.4,9935.5,9862.4,9916,0
XSO,20130408,2226.9,2245.6,2226,2242.4,0
XTJ,20130408,1559.3,1562.3,1546,1546,0
XTL,20130408,3028.3,3044.4,3025.8,3036.5,0
XTO,20130408,4038.7,4056.1,4035.5,4048.7,0
XUJ,20130408,5517.5,5561.7,5515.2,5528.3,0
XXJ,20130408,6190.5,6219,6163.9,6201.1,0
