AAA,20130520,50.18,50.18,50.16,50.18,10792
AAC,20130520,1.13,1.135,1.065,1.075,324805
AAD,20130520,1.705,1.735,1.685,1.69,1115249
AAJ,20130520,0.045,0.045,0.045,0.045,4439
AAU,20130520,0.105,0.105,0.105,0.105,10968
AAX,20130520,2.39,2.5,2.35,2.36,511788
ABC,20130520,3.44,3.5,3.41,3.48,1843922
ABP,20130520,2.44,2.465,2.43,2.46,361273
ABU,20130520,0.028,0.029,0.027,0.027,4088130
ABW,20130520,1.075,1.08,1.075,1.08,110495
ABY,20130520,0.4,0.41,0.39,0.39,249889
ABZ,20130520,0.195,0.2,0.195,0.195,152000
ACB,20130520,0.06,0.06,0.047,0.047,371800
ACG,20130520,0.073,0.073,0.071,0.071,17000
ACK,20130520,0.16,0.16,0.16,0.16,10000
ACL,20130520,0.385,0.385,0.38,0.38,111734
ACR,20130520,3.82,3.9,3.78,3.83,278073
ADD,20130520,0.007,0.007,0.007,0.007,110000
ADJ,20130520,0.045,0.045,0.043,0.044,1089065
ADN,20130520,0.1,0.105,0.093,0.094,1521431
ADO,20130520,0.069,0.073,0.064,0.065,5163327
ADQ,20130520,0.03,0.03,0.03,0.03,115255
ADX,20130520,0.016,0.016,0.016,0.016,43125
ADY,20130520,0.031,0.031,0.031,0.031,35000
AEB,20130520,0.22,0.22,0.22,0.22,32889
AEM,20130520,0.018,0.018,0.016,0.016,1000000
AEU,20130520,1.495,1.5,1.485,1.5,86243
AFI,20130520,5.72,5.75,5.64,5.72,348050
AFR,20130520,0.091,0.092,0.09,0.09,133648
AGE,20130520,0.038,0.038,0.038,0.038,728470
AGF,20130520,0.725,0.745,0.725,0.735,915183
AGI,20130520,4.11,4.21,4.11,4.19,668511
AGK,20130520,15,15.05,14.89,14.89,795897
AGO,20130520,0.86,0.88,0.83,0.84,8812800
AGS,20130520,0.135,0.135,0.135,0.135,176596
AGX,20130520,0.019,0.024,0.019,0.024,415060
AHD,20130520,8.66,8.8,8.66,8.8,14778
AHE,20130520,3.75,3.85,3.73,3.82,2078080
AHZ,20130520,0.044,0.047,0.043,0.045,32594838
AIA,20130520,2.61,2.62,2.56,2.56,34922
AIB,20130520,1.035,1.035,1.035,1.035,3000
AIO,20130520,5.25,5.37,5.24,5.3,2441913
AIR,20130520,0.14,0.15,0.14,0.15,17287
AIV,20130520,0.015,0.016,0.015,0.016,550000
AIW,20130520,0.021,0.022,0.02,0.022,1528277
AIX,20130520,0.175,0.175,0.17,0.175,9071921
AIZ,20130520,1.28,1.28,1.27,1.27,15526
AJA,20130520,3.8,3.8,3.72,3.73,74510
AJC,20130520,0.011,0.011,0.011,0.011,200000
AJL,20130520,1.445,1.445,1.37,1.42,63822
AJM,20130520,0.11,0.11,0.11,0.11,50000
AJQ,20130520,0.275,0.28,0.265,0.27,215811
AJX,20130520,0.081,0.085,0.08,0.085,200783
AKA,20130520,0.105,0.125,0.105,0.11,258430
AKF,20130520,0.145,0.15,0.145,0.15,241059
AKG,20130520,0.795,0.8,0.795,0.8,21855
AKK,20130520,0.015,0.015,0.014,0.014,2669000
AKM,20130520,0.067,0.068,0.066,0.066,251558
AKP,20130520,3.1,3.1,3.1,3.1,2317
AKY,20130520,80.9,80.9,80.9,80.9,123
ALF,20130520,1.45,1.46,1.45,1.45,879096
ALK,20130520,0.485,0.51,0.48,0.49,561522
ALL,20130520,4.34,4.49,4.27,4.27,6160807
ALQ,20130520,8.75,8.85,8.61,8.82,2461197
ALT,20130520,0.021,0.023,0.021,0.023,3088260
ALU,20130520,1.57,1.61,1.56,1.61,34367
ALY,20130520,0.05,0.05,0.04,0.04,245000
ALZ,20130520,3.53,3.64,3.53,3.63,755718
AMA,20130520,0.305,0.305,0.285,0.3,1162740
AMB,20130520,0.17,0.17,0.17,0.17,25098
AMC,20130520,10,10.15,9.98,10.08,2340652
AMH,20130520,0.91,0.91,0.91,0.91,10000
AMM,20130520,2.12,2.17,2.09,2.09,7562412
AMP,20130520,5.6,5.65,5.58,5.61,6809450
AMX,20130520,0.22,0.22,0.21,0.22,28111
ANG,20130520,5,5.03,4.9,4.94,48410
ANN,20130520,16.5,16.71,16.37,16.6,501468
ANO,20130520,0.014,0.014,0.014,0.014,300000
ANP,20130520,0.01,0.01,0.01,0.01,741898
ANQ,20130520,0.012,0.012,0.011,0.012,1698481
ANW,20130520,0.006,0.007,0.006,0.007,600000
ANZ,20130520,30.33,30.68,30.23,30.23,5114794
AOD,20130520,1.03,1.035,1.03,1.035,102350
AOH,20130520,0.175,0.185,0.175,0.185,218497
AOK,20130520,0.135,0.135,0.13,0.13,286005
AOM,20130520,0.027,0.027,0.026,0.026,109105
AOP,20130520,0.046,0.046,0.046,0.046,136214
AOU,20130520,0.12,0.12,0.1,0.1,44000
APA,20130520,6.82,6.97,6.8,6.95,4886183
APD,20130520,0.21,0.21,0.21,0.21,50000
APE,20130520,4.65,4.71,4.58,4.63,33342
APG,20130520,0.018,0.018,0.018,0.018,228000
API,20130520,0.45,0.45,0.445,0.45,892019
APK,20130520,0.32,0.32,0.32,0.32,98137
APN,20130520,0.335,0.342,0.335,0.335,1927889
APZ,20130520,0.19,0.19,0.185,0.19,5536336
AQA,20130520,2.17,2.26,2.17,2.22,215648
AQC,20130520,0.014,0.014,0.014,0.014,875000
AQD,20130520,0.016,0.016,0.015,0.015,269322
AQG,20130520,2.35,2.35,2.27,2.3,526072
AQI,20130520,0.21,0.21,0.21,0.21,50000
AQO,20130520,0.175,0.175,0.165,0.165,490301
AQP,20130520,0.66,0.675,0.65,0.67,411663
AQQ,20130520,0.034,0.035,0.034,0.035,441000
AQR,20130520,0.255,0.255,0.245,0.25,100515
AQZ,20130520,1.7,1.7,1.695,1.695,20996
ARD,20130520,0.052,0.052,0.052,0.052,30000
ARE,20130520,0.027,0.027,0.027,0.027,89990
ARG,20130520,6.67,6.76,6.67,6.72,178591
ARH,20130520,0.041,0.041,0.04,0.04,25000
ARI,20130520,0.895,0.92,0.895,0.9,5542437
ARM,20130520,0.049,0.051,0.048,0.05,540685
ARP,20130520,13.35,13.82,13.35,13.77,78507
ARU,20130520,0.115,0.12,0.105,0.105,734758
ARV,20130520,0.009,0.009,0.009,0.009,466111
ARW,20130520,0.008,0.008,0.007,0.007,5919841
ASB,20130520,0.67,0.695,0.67,0.685,1072490
ASL,20130520,1.3,1.325,1.275,1.275,3148146
ASW,20130520,0.66,0.66,0.66,0.66,20889
ASX,20130520,39.4,40,39.3,39.7,288873
ASZ,20130520,0.345,0.345,0.34,0.34,647905
ATI,20130520,0.215,0.215,0.21,0.21,72261
ATN,20130520,0.004,0.004,0.003,0.003,3795000
ATP,20130520,0.039,0.039,0.038,0.038,33441
ATU,20130520,0.8,0.8,0.78,0.78,146747
AUB,20130520,10.7,10.78,10.65,10.75,141903
AUC,20130520,0.033,0.033,0.033,0.033,115200
AUF,20130520,1.04,1.06,1.03,1.03,321795
AUI,20130520,7.5,7.51,7.5,7.5,9531
AUQ,20130520,0.075,0.075,0.073,0.073,70833
AUT,20130520,2.95,3.01,2.905,2.93,2148908
AUZ,20130520,0.012,0.012,0.011,0.011,224587
AVA,20130520,0.1,0.11,0.1,0.1,527157
AVB,20130520,0.069,0.073,0.068,0.068,6004240
AVG,20130520,0.47,0.49,0.47,0.48,423381
AVH,20130520,0.1,0.105,0.1,0.105,512146
AVJ,20130520,0.42,0.43,0.415,0.43,6375548
AVQ,20130520,0.015,0.016,0.015,0.016,1486046
AVX,20130520,0.015,0.017,0.015,0.017,645335
AWC,20130520,1.045,1.087,1.04,1.055,7061084
AWD,20130520,0.011,0.011,0.01,0.01,19965999
AWE,20130520,1.19,1.24,1.18,1.23,4020294
AWV,20130520,0.038,0.038,0.038,0.038,128000
AXC,20130520,0.002,0.002,0.002,0.002,2695000
AXE,20130520,0.155,0.155,0.145,0.145,111317
AXM,20130520,0.02,0.02,0.016,0.02,3245338
AXT,20130520,0.02,0.02,0.02,0.02,1800
AYA,20130520,0.55,0.55,0.52,0.52,48721
AYB,20130520,0.05,0.05,0.05,0.05,48800
AYF,20130520,6.43,6.43,6.38,6.38,12000
AZF,20130520,2.23,2.25,2.23,2.25,16181
AZG,20130520,0.04,0.042,0.04,0.04,607455
AZH,20130520,0.28,0.285,0.27,0.28,247226
AZJ,20130520,4.55,4.57,4.49,4.5,6475240
AZK,20130520,0.059,0.06,0.059,0.06,93014
AZM,20130520,0.049,0.049,0.048,0.048,350455
AZQ,20130520,0.105,0.105,0.08,0.08,20000
AZS,20130520,0.032,0.036,0.032,0.033,3554311
AZV,20130520,0.071,0.071,0.071,0.071,70000
AZY,20130520,0.058,0.058,0.055,0.055,242500
AZZ,20130520,0.365,0.37,0.35,0.35,695852
BAB,20130520,0.044,0.044,0.044,0.044,100000
BAC,20130520,0.04,0.04,0.04,0.04,44195
BAR,20130520,0.011,0.011,0.011,0.011,301206
BAU,20130520,0.125,0.125,0.12,0.12,78000
BBR,20130520,0.26,0.26,0.26,0.26,52001
BCC,20130520,0.038,0.038,0.036,0.037,2278951
BCD,20130520,0.037,0.037,0.032,0.032,505556
BCI,20130520,3.23,3.3,3.18,3.28,144432
BCK,20130520,0.057,0.059,0.053,0.053,1353340
BCN,20130520,0.003,0.003,0.003,0.003,1200000
BDM,20130520,0.027,0.027,0.026,0.027,139000
BDR,20130520,0.6,0.61,0.575,0.585,5375405
BEAR,20130520,19.1,19.1,18.94,19.08,27272
BEN,20130520,10.95,11.14,10.88,10.89,720194
BEZ,20130520,0.063,0.063,0.062,0.062,354167
BFE,20130520,0.013,0.013,0.013,0.013,52000
BFG,20130520,0.65,0.69,0.65,0.66,194120
BGA,20130520,2.88,2.95,2.87,2.87,163939
BGG,20130520,0.15,0.15,0.15,0.15,73395
BGL,20130520,0.675,0.68,0.645,0.675,260161
BGS,20130520,0.025,0.026,0.024,0.024,11773615
BHP,20130520,34.66,35.03,34.65,34.79,7130665
BIS,20130520,1.01,1.02,1.01,1.02,1499
BKI,20130520,1.53,1.56,1.53,1.54,137897
BKL,20130520,28.15,28.45,28.15,28.45,12328
BKM,20130520,0.002,0.002,0.002,0.002,6667
BKN,20130520,4.82,4.84,4.76,4.82,1408296
BKP,20130520,0.004,0.004,0.003,0.003,2753674
BKW,20130520,12.56,12.58,12.45,12.45,7952
BKY,20130520,0.29,0.32,0.29,0.31,27778
BLD,20130520,4.63,4.7,4.605,4.7,3838796
BLG,20130520,0.195,0.195,0.185,0.19,26500
BLK,20130520,0.15,0.15,0.15,0.15,10000
BLR,20130520,0.009,0.01,0.009,0.01,405358
BLT,20130520,0.014,0.014,0.014,0.014,300000
BLY,20130520,0.8,0.845,0.785,0.785,12747698
BLZ,20130520,0.001,0.001,0.001,0.001,8250000
BMB,20130520,0.075,0.075,0.072,0.072,158000
BML,20130520,0.015,0.015,0.015,0.015,17000
BMN,20130520,0.057,0.058,0.056,0.056,792313
BMZ,20130520,0.135,0.135,0.135,0.135,127339
BND,20130520,0.13,0.14,0.125,0.125,1346750
BNO,20130520,0.39,0.39,0.375,0.38,363439
BNR,20130520,0.03,0.03,0.029,0.029,326627
BNX,20130520,0.1,0.1,0.1,0.1,4500
BOA,20130520,0.42,0.42,0.42,0.42,1430
BOC,20130520,0.5,0.5,0.5,0.5,3000
BOE,20130520,0.009,0.009,0.009,0.009,166901
BOL,20130520,0.135,0.14,0.135,0.14,960305
BOQ,20130520,9.55,9.64,9.54,9.55,719735
BPH,20130520,0.017,0.017,0.017,0.017,8000
BPT,20130520,1.275,1.305,1.257,1.26,3488203
BRB,20130520,0.35,0.35,0.35,0.35,30000
BRD,20130520,0.002,0.002,0.002,0.002,500000
BRG,20130520,7.25,7.45,7.25,7.33,208349
BRO,20130520,0.001,0.001,0.001,0.001,1250000
BRU,20130520,1.67,1.67,1.63,1.645,608834
BRW,20130520,0.012,0.014,0.012,0.014,212497
BSA,20130520,0.19,0.19,0.185,0.185,76571
BSE,20130520,0.395,0.395,0.39,0.39,39123
BSL,20130520,5.18,5.38,5.18,5.37,4517962
BSM,20130520,0.011,0.011,0.01,0.01,557500
BSP,20130520,0.165,0.165,0.165,0.165,115000
BSR,20130520,0.013,0.015,0.012,0.012,554667
BTR,20130520,0.47,0.47,0.45,0.45,285361
BTT,20130520,3.65,3.82,3.65,3.82,131853
BTU,20130520,0.185,0.185,0.175,0.18,1234848
BUE,20130520,0.008,0.008,0.008,0.008,50000
BUG,20130520,0.74,0.74,0.74,0.74,5089
BUR,20130520,0.009,0.009,0.009,0.009,12500
BUX,20130520,0.36,0.36,0.35,0.35,69295
BUY,20130520,0.015,0.015,0.015,0.015,291333
BVA,20130520,0.195,0.2,0.195,0.2,55000
BWD,20130520,0.04,0.04,0.038,0.04,20000
BWP,20130520,2.72,2.77,2.71,2.73,938189
BXB,20130520,9.25,9.39,9.21,9.22,3676489
BYI,20130520,1.35,1.35,1.35,1.35,8500
BYL,20130520,0.32,0.32,0.3,0.3,273735
BYR,20130520,0.019,0.019,0.019,0.019,30000
CAA,20130520,0.195,0.195,0.19,0.195,24421
CAB,20130520,4.9,4.94,4.86,4.93,217261
CAF,20130520,0.44,0.44,0.44,0.44,11000
CAJ,20130520,0.235,0.255,0.225,0.23,8976808
CAM,20130520,1.08,1.09,1.08,1.08,29940
CAP,20130520,0.24,0.245,0.23,0.235,138835
CAS,20130520,0.25,0.25,0.25,0.25,31500
CAZ,20130520,0.12,0.125,0.12,0.12,97000
CBA,20130520,73.5,74.18,73.44,73.49,2501823
CBD,20130520,0.012,0.012,0.012,0.012,203823
CBP,20130520,0.05,0.05,0.05,0.05,70000
CBQ,20130520,0.012,0.012,0.012,0.012,358397
CBS,20130520,0.026,0.026,0.022,0.023,954700
CCC,20130520,0.046,0.047,0.044,0.046,1313001
CCL,20130520,13.11,13.295,13,13,3517838
CCP,20130520,9.7,9.78,9.65,9.74,110631
CCU,20130520,0.125,0.125,0.12,0.12,1121887
CCV,20130520,1.25,1.25,1.23,1.235,1004126
CDA,20130520,3.27,3.29,3.11,3.2,426861
CDB,20130520,0.026,0.027,0.024,0.024,986814
CDD,20130520,5.8,5.8,5.68,5.71,697052
CDG,20130520,0.235,0.24,0.225,0.225,962195
CDI,20130520,2.75,2.75,2.68,2.71,20178
CDM,20130520,1.38,1.385,1.375,1.38,311684
CDP,20130520,5.8,5.81,5.76,5.76,8627
CDT,20130520,0.04,0.04,0.04,0.04,201000
CDU,20130520,4.05,4.08,3.99,3.99,156790
CDY,20130520,0.029,0.035,0.029,0.032,23074827
CEL,20130520,0.067,0.069,0.067,0.069,587760
CEN,20130520,0.018,0.018,0.018,0.018,841835
CFE,20130520,0.17,0.17,0.15,0.16,1126547
CFU,20130520,0.04,0.041,0.04,0.04,578559
CFX,20130520,2.2,2.23,2.19,2.21,3563028
CGF,20130520,4.35,4.44,4.33,4.41,1875553
CGH,20130520,0.32,0.32,0.295,0.31,622960
CGI,20130520,0.005,0.005,0.005,0.005,2500
CGM,20130520,0.006,0.007,0.006,0.007,51072
CGP,20130520,0.026,0.027,0.025,0.025,1300381
CGS,20130520,0.33,0.33,0.32,0.32,85000
CGU,20130520,0.042,0.042,0.04,0.04,300000
CHC,20130520,4.59,4.59,4.52,4.54,688723
CHF,20130520,0.056,0.056,0.056,0.056,37000
CHK,20130520,0.06,0.06,0.06,0.06,7700
CHN,20130520,0.155,0.155,0.15,0.15,106894
CHZ,20130520,0.16,0.16,0.16,0.16,70000
CII,20130520,0.75,0.75,0.74,0.74,6400
CIN,20130520,23.46,23.6,23.02,23.02,2202
CIR,20130520,0.24,0.25,0.24,0.25,75000
CIX,20130520,0.28,0.28,0.265,0.265,177141
CKA,20130520,0.18,0.18,0.175,0.18,52600
CKF,20130520,1.71,1.74,1.71,1.74,80819
CKK,20130520,0.004,0.004,0.004,0.004,297583
CLA,20130520,0.014,0.014,0.014,0.014,51000
CLH,20130520,1.65,1.66,1.62,1.62,72266
CLO,20130520,1.14,1.175,1.12,1.175,485459
CLQ,20130520,0.135,0.135,0.125,0.125,114617
CLR,20130520,0.3,0.3,0.295,0.295,133850
CLT,20130520,0.16,0.16,0.16,0.16,15000
CLV,20130520,0.66,0.68,0.66,0.68,183329
CLX,20130520,1.95,1.95,1.9,1.9,28438
CLY,20130520,0.012,0.015,0.012,0.015,612019
CMG,20130520,0.51,0.51,0.505,0.505,654535
CMI,20130520,1.82,1.82,1.8,1.8,4721
CMT,20130520,0.18,0.18,0.18,0.18,5555
CMV,20130520,0.025,0.025,0.025,0.025,48885
CMW,20130520,1.07,1.07,1.04,1.05,1523847
CMY,20130520,0.009,0.009,0.008,0.009,15022300
CNB,20130520,0.605,0.605,0.605,0.605,38523
CND,20130520,0.25,0.25,0.235,0.245,58479
CNI,20130520,0.825,0.825,0.82,0.82,25537
CNL,20130520,0.08,0.083,0.08,0.083,44900
CNO,20130520,0.115,0.115,0.115,0.115,121500
CNQ,20130520,0.055,0.055,0.055,0.055,50000
CNU,20130520,2.25,2.25,2.22,2.23,172511
CNX,20130520,0.029,0.031,0.029,0.031,709432
COE,20130520,0.4,0.42,0.4,0.41,287642
COF,20130520,0.155,0.16,0.15,0.155,1906076
COH,20130520,71,72.27,70.51,71.36,122141
COI,20130520,0.215,0.215,0.215,0.215,268478
COK,20130520,0.056,0.056,0.055,0.056,1842802
COM,20130520,0.015,0.015,0.015,0.015,230767
COO,20130520,0.18,0.185,0.18,0.18,162263
COT,20130520,0.07,0.07,0.07,0.07,32662
COY,20130520,0.028,0.028,0.028,0.028,65000
COZ,20130520,0.082,0.082,0.08,0.08,124867
CPA,20130520,1.16,1.17,1.145,1.15,11059901
CPL,20130520,0.4,0.4,0.355,0.37,543433
CPU,20130520,10.61,10.78,10.55,10.63,1161518
CPZ,20130520,0.2,0.2,0.2,0.2,25123
CQR,20130520,4.31,4.43,4.31,4.35,593869
CRB,20130520,0.033,0.033,0.033,0.033,123500
CRZ,20130520,10.22,10.34,10.17,10.32,465077
CSD,20130520,0.065,0.065,0.065,0.065,1793
CSE,20130520,0.16,0.16,0.16,0.16,18625
CSL,20130520,61.8,62,61.33,61.5,1133294
CSP,20130520,0.22,0.22,0.19,0.19,22400
CSR,20130520,2.05,2.08,2.03,2.05,2742523
CSS,20130520,0.016,0.018,0.016,0.017,4737999
CSV,20130520,0.86,0.86,0.84,0.85,121791
CTD,20130520,5,5.02,4.96,4.98,95289
CTM,20130520,0.17,0.175,0.17,0.175,117292
CTN,20130520,1.06,1.075,1.06,1.07,139932
CTO,20130520,0.053,0.053,0.052,0.052,265414
CTP,20130520,0.095,0.097,0.091,0.091,1903390
CTR,20130520,0.012,0.012,0.011,0.011,591750
CTX,20130520,23.2,23.68,23.08,23.49,459778
CUE,20130520,0.125,0.13,0.125,0.125,88396
CUL,20130520,0.015,0.015,0.015,0.015,850000
CUP,20130520,1.9,1.905,1.9,1.9,21698
CUU,20130520,0.045,0.045,0.045,0.045,29000
CUV,20130520,1.9,1.9,1.9,1.9,640
CUX,20130520,0.031,0.031,0.031,0.031,35000
CVC,20130520,1.05,1.05,1.025,1.025,18000
CVG,20130520,0.018,0.018,0.018,0.018,166666
CVN,20130520,0.046,0.048,0.046,0.048,1138250
CVV,20130520,0.019,0.019,0.019,0.019,150000
CVW,20130520,0.65,0.65,0.635,0.635,43000
CWE,20130520,0.032,0.032,0.031,0.032,238687
CWG,20130520,0.048,0.055,0.048,0.055,285000
CWN,20130520,13.7,13.72,13.47,13.51,912401
CWP,20130520,5.7,5.8,5.67,5.73,210965
CXM,20130520,0.145,0.15,0.145,0.15,100000
CXO,20130520,0.06,0.06,0.05,0.051,198600
CXY,20130520,0.005,0.005,0.005,0.005,450000
CYA,20130520,0.835,0.84,0.835,0.84,34866
CYU,20130520,0.059,0.06,0.059,0.06,7367
CYY,20130520,0.12,0.12,0.12,0.12,223886
CZD,20130520,0.085,0.085,0.079,0.079,203000
CZI,20130520,0.16,0.16,0.15,0.15,36106
CZN,20130520,0.047,0.048,0.042,0.046,1668767
DCG,20130520,1.7,1.715,1.655,1.665,415613
DCN,20130520,0.22,0.22,0.22,0.22,12000
DDD,20130520,0.014,0.015,0.014,0.015,160475
DDR,20130520,0.915,0.915,0.88,0.88,28243
DDT,20130520,0.016,0.017,0.016,0.017,220000
DEG,20130520,0.007,0.008,0.007,0.008,2250000
DGA,20130520,1.77,1.77,1.77,1.77,300
DGR,20130520,0.032,0.032,0.032,0.032,340000
DJS,20130520,2.78,2.82,2.78,2.8,2627786
DJW,20130520,4.44,4.5,4.4,4.49,54511
DLC,20130520,0.003,0.003,0.003,0.003,2200
DLS,20130520,1.15,1.19,1.15,1.16,566642
DLX,20130520,4.81,4.83,4.69,4.7,1552100
DMP,20130520,13.48,13.79,13.1,13.78,113350
DNA,20130520,0.37,0.37,0.365,0.365,305173
DOW,20130520,4.12,4.19,4.03,4.14,1167868
DRA,20130520,0.25,0.25,0.21,0.21,2612458
DRM,20130520,0.44,0.44,0.41,0.435,554386
DRX,20130520,0.015,0.015,0.013,0.013,185000
DTE,20130520,0.053,0.054,0.051,0.051,1962674
DTL,20130520,1.24,1.24,1.195,1.23,49764
DTM,20130520,0.088,0.088,0.088,0.088,30000
DTQ,20130520,0.032,0.032,0.032,0.032,270062
DUE,20130520,2.47,2.49,2.44,2.45,4234398
DUI,20130520,3.26,3.28,3.26,3.28,17693
DVA,20130520,0.024,0.024,0.024,0.024,481495
DVN,20130520,0.9,0.91,0.9,0.91,11586
DWS,20130520,1.59,1.59,1.545,1.545,105622
DXS,20130520,1.21,1.24,1.195,1.2,13422141
DYE,20130520,0.365,0.41,0.36,0.36,12445447
DYL,20130520,0.04,0.041,0.039,0.039,320083
EAL,20130520,0.6,0.61,0.585,0.61,128583
EAR,20130520,0.073,0.075,0.073,0.075,66000
EAX,20130520,3.08,3.11,3.08,3.11,20000
EBT,20130520,1.42,1.42,1.42,1.42,959
EDE,20130520,0.011,0.012,0.01,0.011,1004240
EEG,20130520,0.095,0.095,0.091,0.091,48761
EEU,20130520,13.1,13.1,13.05,13.05,935
EGG,20130520,0.36,0.36,0.355,0.355,147222
EGN,20130520,0.175,0.18,0.175,0.18,30000
EGO,20130520,0.013,0.014,0.013,0.013,13328993
EGP,20130520,3.52,3.56,3.5,3.51,1703768
EHL,20130520,0.43,0.45,0.43,0.44,1741807
EHR,20130520,0.003,0.003,0.003,0.003,466666
ELD,20130520,0.083,0.13,0.083,0.115,7275565
ELI,20130520,0.85,0.85,0.85,0.85,6000
ELK,20130520,0.185,0.185,0.18,0.18,135334
ELM,20130520,0.415,0.415,0.385,0.39,213000
ELT,20130520,0.024,0.024,0.024,0.024,69999
ELX,20130520,0.18,0.18,0.18,0.18,1667
EML,20130520,0.3,0.3,0.3,0.3,1433938
EMR,20130520,0.006,0.006,0.006,0.006,40000
EMU,20130520,0.07,0.07,0.07,0.07,136961
EMX,20130520,0.022,0.022,0.02,0.02,280000
ENB,20130520,0.016,0.016,0.016,0.016,42000
ENE,20130520,4.33,4.33,4.31,4.32,11966
ENR,20130520,0.23,0.23,0.23,0.23,40000
ENT,20130520,0.073,0.073,0.073,0.073,81625
ENV,20130520,1.05,1.07,1.05,1.06,3284564
ENY,20130520,13.54,13.54,13.54,13.54,300
EOS,20130520,0.17,0.17,0.16,0.16,57499
EPW,20130520,2.64,2.67,2.58,2.61,74737
EPX,20130520,1.77,1.79,1.765,1.79,26500
EPY,20130520,0.135,0.135,0.135,0.135,2498
EQE,20130520,0.046,0.046,0.04,0.04,220536
EQH,20130520,0.23,0.245,0.23,0.245,98750
EQT,20130520,16.8,16.82,16.6,16.82,2095
EQX,20130520,0.68,0.72,0.67,0.72,45675
ERA,20130520,1.04,1.07,1.04,1.065,483180
ERD,20130520,0.042,0.042,0.042,0.042,15000
ERJ,20130520,0.003,0.003,0.003,0.003,5433058
ERM,20130520,0.055,0.055,0.052,0.052,201852
ESI,20130520,0.009,0.01,0.009,0.01,6361071
ESK,20130520,0.82,0.82,0.82,0.82,1080
ESV,20130520,0.39,0.4,0.39,0.4,39418
ETE,20130520,0.048,0.049,0.046,0.046,1231500
ETF,20130520,22.41,22.41,22.41,22.41,500
EUG,20130520,0.03,0.03,0.029,0.029,500000
EUM,20130520,0.105,0.105,0.105,0.105,24500
EVE,20130520,0.006,0.006,0.006,0.006,149044
EVM,20130520,0.028,0.028,0.028,0.028,280000
EVN,20130520,0.825,0.845,0.785,0.79,3554273
EVR,20130520,0.86,0.87,0.855,0.865,89291
EVZ,20130520,0.042,0.042,0.042,0.042,25209
EWC,20130520,0.44,0.5,0.44,0.445,5519850
EXC,20130520,0.039,0.039,0.039,0.039,24462
EXG,20130520,0.13,0.13,0.115,0.12,1679287
EXR,20130520,0.015,0.016,0.015,0.015,490835
EZA,20130520,0.35,0.35,0.335,0.335,24900
EZL,20130520,1.14,1.15,1.14,1.15,34953
FAN,20130520,2.85,2.88,2.8,2.88,48405
FAR,20130520,0.029,0.03,0.029,0.029,1696618
FAS,20130520,0.009,0.01,0.009,0.01,5628595
FBU,20130520,7.03,7.03,6.85,6.91,1188064
FCR,20130520,0.011,0.011,0.01,0.01,1099001
FDC,20130520,2.69,2.72,2.66,2.66,2903354
FFF,20130520,0.017,0.017,0.017,0.017,168103
FGE,20130520,4.45,4.47,4.27,4.29,1952207
FGI,20130520,0.045,0.045,0.045,0.045,25000
FKP,20130520,1.505,1.53,1.505,1.51,802021
FLK,20130520,0.16,0.165,0.16,0.165,276000
FLT,20130520,39.7,40.93,39.7,40.5,468351
FMG,20130520,3.55,3.62,3.52,3.52,11803864
FML,20130520,0.015,0.015,0.015,0.015,13470504
FMS,20130520,0.047,0.049,0.047,0.048,1769495
FND,20130520,0.17,0.175,0.17,0.17,224752
FNP,20130520,1.5,1.51,1.49,1.51,8544
FOY,20130520,0.004,0.004,0.004,0.004,3950000
FPH,20130520,2.61,2.61,2.55,2.59,118175
FRE,20130520,0.001,0.001,0.001,0.001,918730
FRG,20130520,0.15,0.15,0.15,0.15,15000
FRI,20130520,1.65,1.65,1.635,1.64,290518
FRR,20130520,0.01,0.01,0.01,0.01,500000
FRY,20130520,0.036,0.038,0.036,0.038,39998
FSA,20130520,0.75,0.75,0.75,0.75,11000
FSF,20130520,6.66,6.7,6.66,6.69,34192
FSI,20130520,1.4,1.4,1.39,1.4,11385
FTE,20130520,0.012,0.012,0.012,0.012,100000
FUN,20130520,0.2,0.2,0.195,0.195,1133500
FWD,20130520,7.55,7.74,7.5,7.55,372332
FXJ,20130520,0.645,0.652,0.625,0.625,6810341
FXL,20130520,4.69,4.71,4.6,4.6,726779
FXR,20130520,0.038,0.038,0.036,0.036,65000
FYI,20130520,0.055,0.055,0.055,0.055,89
FZR,20130520,0.34,0.34,0.315,0.315,581000
GAP,20130520,0.315,0.32,0.31,0.315,263485
GBE,20130520,0.064,0.065,0.064,0.065,80000
GBG,20130520,0.155,0.155,0.145,0.155,3818620
GBI,20130520,0.1,0.1,0.1,0.1,50000
GBM,20130520,0.01,0.012,0.01,0.012,1556590
GBP,20130520,0.11,0.11,0.11,0.11,42187
GBT,20130520,1.39,1.5,1.39,1.5,53955
GBZ,20130520,0.025,0.025,0.025,0.025,60000
GCG,20130520,0.048,0.048,0.047,0.048,1043300
GCN,20130520,0.007,0.007,0.007,0.007,1283578
GCR,20130520,0.007,0.007,0.006,0.006,8688808
GCS,20130520,0.54,0.55,0.54,0.55,115000
GCY,20130520,0.23,0.24,0.2,0.2,320860
GDA,20130520,0.06,0.06,0.06,0.06,113
GDY,20130520,0.1,0.105,0.097,0.1,443266
GEM,20130520,2.43,2.46,2.41,2.45,696763
GER,20130520,0.03,0.03,0.03,0.03,15296
GFF,20130520,0.72,0.735,0.717,0.73,26526769
GGG,20130520,0.305,0.305,0.29,0.3,490093
GGP,20130520,0.003,0.003,0.002,0.002,31740527
GGX,20130520,0.03,0.03,0.027,0.027,168268
GHC,20130520,1.08,1.08,1.08,1.08,1688
GID,20130520,0.63,0.63,0.63,0.63,29999
GJT,20130520,0.51,0.6,0.51,0.6,19704
GLA,20130520,0.006,0.006,0.005,0.006,3127830
GLE,20130520,0.275,0.275,0.265,0.265,27800
GLF,20130520,0.001,0.001,0.001,0.001,190000
GLL,20130520,0.12,0.12,0.12,0.12,1700
GLM,20130520,0.007,0.007,0.007,0.007,121428
GLN,20130520,0.003,0.003,0.003,0.003,250000
GMD,20130520,0.04,0.04,0.04,0.04,20000
GME,20130520,0.027,0.027,0.027,0.027,165379
GMG,20130520,5.44,5.52,5.39,5.39,2488727
GMM,20130520,0.026,0.026,0.025,0.025,350000
GMR,20130520,0.022,0.023,0.022,0.023,94500
GNC,20130520,12.74,12.78,12.74,12.75,765049
GNG,20130520,0.51,0.51,0.5,0.5,62161
GNM,20130520,0.17,0.17,0.17,0.17,20000
GOA,20130520,0.002,0.002,0.001,0.002,1051000
GOLD,20130520,133.11,133.5,131.8,132.5,12594
GOR,20130520,0.062,0.065,0.062,0.064,367352
GOW,20130520,2.46,2.46,2.43,2.43,6903
GOZ,20130520,2.6,2.65,2.6,2.63,262877
GPG,20130520,0.43,0.43,0.43,0.43,58102
GPR,20130520,0.07,0.07,0.065,0.065,75000
GPT,20130520,4.12,4.19,4.12,4.16,3311905
GRB,20130520,0.175,0.185,0.175,0.185,282857
GRK,20130520,0.001,0.001,0.001,0.001,2333333
GRM,20130520,0.06,0.06,0.06,0.06,2000
GRR,20130520,0.18,0.195,0.18,0.19,2672045
GRV,20130520,0.073,0.073,0.072,0.072,70000
GRY,20130520,0.205,0.205,0.19,0.19,1601213
GTE,20130520,0.19,0.205,0.19,0.2,45001
GTG,20130520,0.097,0.115,0.095,0.105,2388137
GUD,20130520,7.34,7.42,7.32,7.36,222921
GUF,20130520,0.22,0.22,0.205,0.205,642949
GUN,20130520,0.027,0.027,0.026,0.026,109000
GWA,20130520,2.49,2.55,2.47,2.47,652134
GWR,20130520,0.155,0.16,0.155,0.16,56250
GXL,20130520,5.12,5.2,5.05,5.2,39251
GXN,20130520,0.002,0.002,0.002,0.002,500000
GZL,20130520,3,3,3,3,3383
HAO,20130520,0.2,0.2,0.17,0.17,11000
HAS,20130520,0.052,0.052,0.05,0.05,548000
HAV,20130520,0.33,0.33,0.3,0.31,76020
HAW,20130520,0.087,0.09,0.087,0.09,42664
HCH,20130520,0.5,0.5,0.465,0.465,25000
HDX,20130520,0.27,0.27,0.245,0.245,316250
HEG,20130520,0.009,0.009,0.008,0.008,130000
HFA,20130520,0.85,0.85,0.85,0.85,1002
HFR,20130520,0.3,0.3,0.3,0.3,1291
HGG,20130520,2.76,2.81,2.76,2.76,2212372
HGO,20130520,0.071,0.071,0.069,0.069,1913891
HHL,20130520,2.56,2.7,2.56,2.64,28024
HHV,20130520,0.86,0.875,0.86,0.86,105659
HHY,20130520,0.535,0.54,0.53,0.535,208143
HIG,20130520,0.074,0.078,0.073,0.074,807670
HIL,20130520,1,1.035,1,1.03,449543
HIN,20130520,2.87,2.9,2.86,2.9,135985
HLX,20130520,0.05,0.05,0.048,0.048,119413
HNG,20130520,0.46,0.46,0.435,0.44,259400
HNR,20130520,0.015,0.015,0.015,0.015,550000
HOG,20130520,0.06,0.062,0.06,0.061,1140222
HOM,20130520,0.965,0.965,0.95,0.95,10516
HOR,20130520,0.088,0.088,0.086,0.086,189000
HRL,20130520,0.011,0.011,0.011,0.011,30000
HRR,20130520,0.15,0.15,0.145,0.145,50000
HSK,20130520,0.093,0.093,0.092,0.092,133334
HSN,20130520,0.925,0.925,0.915,0.915,38025
HTA,20130520,0.035,0.035,0.035,0.035,50000
HVN,20130520,2.76,2.77,2.7,2.73,1249869
HZN,20130520,0.4,0.425,0.4,0.42,1715861
IAA,20130520,48.66,48.67,48.34,48.55,8750
IAF,20130520,105.05,105.05,104.71,105.03,595
IAG,20130520,5.61,5.825,5.6,5.71,3631516
IAU,20130520,0.275,0.275,0.27,0.27,1513144
IAW,20130520,0.075,0.075,0.075,0.075,12255
IBC,20130520,0.57,0.57,0.565,0.565,43050
IBG,20130520,0.05,0.051,0.05,0.051,118000
IBK,20130520,40.9,41.3,40.88,40.9,3908
ICG,20130520,0.028,0.028,0.027,0.027,528917
ICN,20130520,0.145,0.145,0.14,0.14,651850
ICP,20130520,0.083,0.083,0.082,0.082,214487
ICQ,20130520,0.545,0.56,0.53,0.535,285941
ICX,20130520,0.105,0.105,0.1,0.105,70000
IDC,20130520,0.054,0.054,0.054,0.054,22500
IDD,20130520,3.85,3.85,3.85,3.85,5194
IDO,20130520,0.07,0.075,0.07,0.075,36300
IDT,20130520,0.22,0.23,0.22,0.23,53520
IEC,20130520,0.13,0.13,0.13,0.13,123938
IEM,20130520,44.81,44.81,44.4,44.46,16928
IEU,20130520,43.74,43.76,43.64,43.76,2280
IFE,20130520,0.115,0.115,0.115,0.115,45000
IFL,20130520,8.83,8.95,8.8,8.89,517102
IFM,20130520,0.505,0.51,0.5,0.51,314290
IFN,20130520,0.25,0.252,0.245,0.25,874709
IGB,20130520,103.6,103.6,103.6,103.6,1
IGO,20130520,3.11,3.205,3.09,3.11,350377
IHD,20130520,16.75,16.82,16.75,16.75,16746
IHK,20130520,21.52,21.52,21.46,21.46,1121
IIN,20130520,6.53,6.73,6.53,6.65,624422
IJH,20130520,124.17,124.34,123.8,123.94,4486
IJP,20130520,12.35,12.47,12.35,12.43,69496
IJR,20130520,94.35,94.5,94.32,94.32,695
IKO,20130520,59.3,59.62,59.3,59.62,259
ILB,20130520,106.91,106.91,106.91,106.91,3
ILC,20130520,23.87,23.96,23.84,23.84,5375
ILU,20130520,10.67,10.87,10.56,10.82,2393208
IMA,20130520,0.14,0.15,0.135,0.15,79000
IMC,20130520,0.004,0.004,0.004,0.004,1447746
IMD,20130520,0.88,0.95,0.87,0.925,789200
IMF,20130520,1.895,1.905,1.88,1.895,307520
IMI,20130520,0.001,0.002,0.001,0.002,503500
IMU,20130520,0.007,0.007,0.007,0.007,171908
INA,20130520,0.325,0.33,0.32,0.33,1776633
INQ,20130520,0.79,0.82,0.79,0.805,147111
INT,20130520,0.001,0.001,0.001,0.001,13180000
IOF,20130520,3.35,3.4,3.345,3.37,5633495
IOH,20130520,0.745,0.75,0.735,0.735,128950
IOO,20130520,74.15,74.22,73.87,74.09,19387
IOZ,20130520,22.41,22.85,22.41,22.68,21667
IPB,20130520,0.22,0.22,0.22,0.22,194000
IPD,20130520,0.085,0.085,0.079,0.079,1793418
IPE,20130520,0.39,0.39,0.385,0.385,90000
IPL,20130520,2.86,2.905,2.85,2.86,6065988
IPP,20130520,0.81,0.81,0.81,0.81,51548
IPT,20130520,0.016,0.016,0.015,0.015,202800
IRE,20130520,8.53,8.67,8.53,8.59,183436
IRI,20130520,1.11,1.135,1.08,1.085,76743
IRL,20130520,0.003,0.003,0.003,0.003,140000
IRM,20130520,0.029,0.029,0.029,0.029,5000
IRN,20130520,0.275,0.28,0.26,0.27,350422
IRU,20130520,101.49,101.6,101.44,101.44,1657
ISG,20130520,14.85,14.85,14.76,14.85,1054
ISK,20130520,0.003,0.003,0.003,0.003,500000
ISN,20130520,0.32,0.37,0.31,0.365,6401695
ISO,20130520,4.03,4.03,4.01,4.01,55106
ISS,20130520,0.25,0.25,0.24,0.245,133000
ITD,20130520,0.29,0.3,0.29,0.3,870000
ITW,20130520,14.46,14.46,14.46,14.46,1533
IVA,20130520,0.14,0.14,0.11,0.12,1801591
IVC,20130520,12,12.34,11.97,12.3,278531
IVE,20130520,64.49,64.77,64.49,64.76,4800
IVR,20130520,0.105,0.11,0.105,0.105,556354
IVV,20130520,171.12,172.28,171.12,171.68,11925
IVX,20130520,0.045,0.045,0.045,0.045,37125
IXI,20130520,88.41,88.41,87.66,88.1,44538
IXJ,20130520,80.29,80.29,80.02,80.19,504
IXP,20130520,66,66,66,66,100
IXR,20130520,0.076,0.076,0.072,0.073,454315
IZM,20130520,0.004,0.004,0.004,0.004,1333333
IZZ,20130520,38.38,39.43,38.38,39.41,21043
JAL,20130520,0.25,0.25,0.25,0.25,13913
JBH,20130520,16.25,16.76,16.25,16.62,366382
JET,20130520,0.4,0.4,0.4,0.4,5000
JHX,20130520,10.74,10.93,10.54,10.59,1363763
JIN,20130520,1.7,1.7,1.595,1.595,125880
JKA,20130520,0.12,0.125,0.115,0.115,398909
JMS,20130520,0.096,0.098,0.096,0.098,119511
JPR,20130520,0.55,0.55,0.53,0.53,52489
JRV,20130520,0.039,0.039,0.039,0.039,63900
KAB,20130520,0.006,0.006,0.006,0.006,590000
KAM,20130520,0.58,0.58,0.55,0.55,116293
KAR,20130520,6.12,6.29,6.04,6.05,580513
KAS,20130520,0.13,0.13,0.12,0.12,261158
KBC,20130520,0.17,0.175,0.17,0.17,76310
KBL,20130520,0.065,0.068,0.065,0.068,8316
KCN,20130520,1.46,1.515,1.435,1.465,2871535
KDL,20130520,0.275,0.275,0.26,0.26,129214
KDR,20130520,0.355,0.36,0.34,0.34,230136
KFE,20130520,0.09,0.09,0.09,0.09,10000
KGM,20130520,0.13,0.13,0.13,0.13,174542
KIS,20130520,0.055,0.055,0.055,0.055,62500
KKL,20130520,0.008,0.008,0.008,0.008,160000
KMC,20130520,0.005,0.005,0.005,0.005,484999
KMD,20130520,2.35,2.43,2.32,2.4,282861
KMR,20130520,0.1,0.1,0.09,0.09,62000
KNL,20130520,0.062,0.069,0.062,0.064,284737
KOV,20130520,6.45,6.45,6.18,6.18,30228
KPL,20130520,0.415,0.42,0.415,0.415,171259
KPR,20130520,0.105,0.11,0.105,0.11,1263149
KRC,20130520,0.022,0.022,0.021,0.021,100000
KRM,20130520,0.455,0.455,0.425,0.43,369278
KRS,20130520,0.16,0.16,0.16,0.16,10430
KSC,20130520,2.07,2.07,1.99,1.99,21107
KSN,20130520,0.08,0.08,0.08,0.08,56764
KSO,20130520,0.005,0.005,0.005,0.005,689286
LAT,20130520,0.014,0.014,0.013,0.014,1979905
LAU,20130520,0.175,0.175,0.17,0.17,67031
LBL,20130520,0.12,0.12,0.1,0.1,75544
LBY,20130520,0.045,0.045,0.045,0.045,18000
LCM,20130520,1.47,1.47,1.31,1.385,204207
LCT,20130520,0.048,0.048,0.048,0.048,15000
LCY,20130520,0.07,0.07,0.07,0.07,25000
LEG,20130520,0.008,0.009,0.008,0.008,1240000
LEI,20130520,18.27,18.92,18.27,18.67,1655595
LEP,20130520,2.68,2.7,2.67,2.68,90415
LGD,20130520,0.27,0.27,0.26,0.26,258515
LHD,20130520,0.081,0.081,0.081,0.081,100000
LIC,20130520,0.85,0.86,0.85,0.86,35710
LKO,20130520,0.005,0.006,0.005,0.006,3830841
LLC,20130520,10.58,10.75,10.5,10.6,1456536
LMB,20130520,0.056,0.06,0.056,0.06,25630
LNC,20130520,1.595,1.6,1.475,1.495,2136811
LNG,20130520,0.2,0.21,0.19,0.19,59047
LOM,20130520,0.008,0.008,0.007,0.007,3312384
LRL,20130520,0.235,0.235,0.225,0.225,371000
LSN,20130520,0.021,0.021,0.021,0.021,12564
LSX,20130520,0.55,0.55,0.525,0.55,61300
LTN,20130520,0.073,0.074,0.073,0.074,25221
LTR,20130520,0.016,0.016,0.016,0.016,10000
LTX,20130520,0.03,0.03,0.03,0.03,245000
LYC,20130520,0.605,0.627,0.605,0.615,10084564
LYL,20130520,4.91,4.91,4.7,4.8,60708
MAB,20130520,0.54,0.54,0.505,0.54,43600
MAD,20130520,0.585,0.6,0.585,0.59,1030934
MAH,20130520,0.195,0.21,0.19,0.195,3119411
MAK,20130520,0.145,0.145,0.14,0.14,75811
MAM,20130520,3.13,3.13,3.13,3.13,1613
MAQ,20130520,9,9,8.98,8.99,1145
MAR,20130520,0.007,0.007,0.007,0.007,143000
MAT,20130520,0.44,0.44,0.41,0.42,39133
MAU,20130520,0.125,0.125,0.12,0.12,89840
MBC,20130520,0.445,0.445,0.445,0.445,20000
MBE,20130520,0.022,0.023,0.022,0.023,200000
MBK,20130520,0.02,0.02,0.02,0.02,100000
MBN,20130520,0.16,0.172,0.16,0.17,2737332
MBT,20130520,0.02,0.02,0.02,0.02,100
MCE,20130520,0.91,0.915,0.875,0.91,185446
MCP,20130520,2.04,2.05,1.98,1.99,70674
MCR,20130520,0.65,0.65,0.62,0.64,123909
MCX,20130520,0.062,0.062,0.062,0.062,5985
MDI,20130520,0.094,0.095,0.085,0.085,118000
MDL,20130520,3,3.05,2.94,2.98,73173
MDS,20130520,0.001,0.001,0.001,0.001,1100000
MDX,20130520,0.14,0.14,0.135,0.135,273872
MED,20130520,0.18,0.19,0.18,0.18,125519
MEF,20130520,0.43,0.435,0.43,0.435,15384
MEL,20130520,0.062,0.063,0.06,0.061,477832
MEO,20130520,0.072,0.072,0.07,0.07,1272542
MEP,20130520,0.14,0.14,0.14,0.14,21455
MEU,20130520,0.06,0.06,0.056,0.058,544775
MFF,20130520,1.28,1.295,1.27,1.285,672284
MFG,20130520,8.44,8.65,8.42,8.6,279575
MGB,20130520,0.2,0.2,0.2,0.2,15000
MGL,20130520,0.024,0.024,0.024,0.024,200550
MGR,20130520,1.775,1.8,1.77,1.785,11635666
MGX,20130520,0.49,0.505,0.485,0.5,4215361
MGY,20130520,0.03,0.03,0.03,0.03,66000
MGZ,20130520,0.031,0.031,0.031,0.031,270000
MHC,20130520,0.11,0.11,0.1,0.1,71000
MHM,20130520,0.115,0.12,0.115,0.115,120000
MIN,20130520,9.11,9.28,9.04,9.14,976385
MIO,20130520,1.91,1.915,1.83,1.9,519152
MIR,20130520,2.36,2.37,2.34,2.37,86174
MIX,20130520,0.155,0.155,0.155,0.155,418000
MIZ,20130520,0.02,0.02,0.02,0.02,39500
MKB,20130520,0.045,0.045,0.044,0.045,750000
MLB,20130520,2.08,2.11,2.07,2.1,205365
MLD,20130520,2.09,2.19,2.01,2.11,202102
MLI,20130520,0.11,0.11,0.11,0.11,15000
MLM,20130520,0.13,0.135,0.13,0.135,14325
MLS,20130520,0.014,0.015,0.014,0.015,210000
MLT,20130520,19.87,19.9,19.78,19.85,16501
MLX,20130520,0.112,0.112,0.11,0.11,505274
MMC,20130520,0.059,0.06,0.057,0.06,75190
MML,20130520,2.25,2.27,2.18,2.19,1320054
MMS,20130520,16.32,16.6,16.32,16.47,69097
MMX,20130520,0.04,0.041,0.04,0.04,29202
MNB,20130520,0.02,0.02,0.02,0.02,345710
MNC,20130520,0.024,0.025,0.024,0.024,2113885
MND,20130520,17.52,17.8,17.06,17.41,843022
MNE,20130520,0.023,0.023,0.023,0.023,148000
MNF,20130520,1.51,1.51,1.47,1.47,170097
MNM,20130520,0.035,0.035,0.035,0.035,62500
MNY,20130520,0.85,0.85,0.84,0.85,75858
MOC,20130520,2.3,2.34,2.28,2.31,36584
MOD,20130520,0.044,0.044,0.041,0.041,324755
MOG,20130520,0.006,0.006,0.005,0.005,396358
MOL,20130520,0.125,0.125,0.12,0.12,30000
MOO,20130520,0.008,0.008,0.008,0.008,275000
MOU,20130520,0.009,0.009,0.009,0.009,1060000
MOX,20130520,0.043,0.043,0.041,0.041,212904
MOY,20130520,0.017,0.018,0.017,0.018,5044000
MOZ,20130520,0.007,0.007,0.007,0.007,27000
MPJ,20130520,0.007,0.007,0.007,0.007,20000
MPO,20130520,0.26,0.26,0.23,0.24,226550
MPS,20130520,0.064,0.065,0.063,0.063,92666
MQA,20130520,1.83,1.93,1.83,1.91,851103
MQG,20130520,45.28,45.98,45.17,45.64,1432342
MRM,20130520,3.35,3.47,3.3,3.42,988151
MRP,20130520,0.2,0.21,0.2,0.21,15450
MRR,20130520,0.1,0.1,0.1,0.1,15000
MSB,20130520,5.6,5.64,5.45,5.47,234133
MSR,20130520,0.07,0.07,0.067,0.07,173858
MTA,20130520,0.16,0.16,0.16,0.16,43000
MTB,20130520,0.001,0.001,0.001,0.001,760000
MTH,20130520,0.027,0.027,0.026,0.026,283000
MTN,20130520,0.028,0.028,0.028,0.028,123960
MTS,20130520,4.08,4.15,4.08,4.11,3313478
MTU,20130520,6.08,6.14,6.02,6.14,675661
MUE,20130520,0.097,0.097,0.096,0.096,81000
MUM,20130520,0.03,0.03,0.03,0.03,766001
MUT,20130520,0.002,0.002,0.002,0.002,928571
MVP,20130520,1.415,1.415,1.4,1.415,21129
MVT,20130520,0.105,0.105,0.1,0.1,157256
MWR,20130520,0.975,1,0.975,1,22100
MXI,20130520,1.285,1.285,1.255,1.255,221684
MXQ,20130520,0.33,0.33,0.33,0.33,55349
MXR,20130520,0.003,0.003,0.003,0.003,674324
MYE,20130520,1,1,0.95,0.95,14603
MYG,20130520,0.039,0.039,0.034,0.034,1461101
MYR,20130520,2.7,2.795,2.7,2.75,6343178
MYS,20130520,4.75,4.75,4.68,4.7,61919
MYT,20130520,2.11,2.11,2.06,2.06,2060104
MYX,20130520,0.465,0.465,0.445,0.445,548673
NAB,20130520,33.2,33.53,33.2,33.37,5025146
NAG,20130520,0.023,0.023,0.023,0.023,23045
NAM,20130520,0.29,0.29,0.29,0.29,24000
NAN,20130520,0.49,0.49,0.49,0.49,42100
NBL,20130520,0.71,0.735,0.7,0.7,13500
NCK,20130520,2.4,2.4,2.4,2.4,17287
NCM,20130520,14.35,14.65,14.28,14.56,3833775
NCR,20130520,0.11,0.11,0.1,0.1,295000
NDO,20130520,0.03,0.03,0.029,0.03,950637
NEA,20130520,0.25,0.28,0.25,0.255,2789010
NEN,20130520,0.265,0.28,0.265,0.275,5415696
NEU,20130520,0.053,0.074,0.053,0.058,52658232
NFE,20130520,0.21,0.21,0.2,0.205,398989
NFK,20130520,0.455,0.455,0.455,0.455,244405
NGE,20130520,0.022,0.024,0.022,0.024,1243213
NGF,20130520,0.165,0.165,0.155,0.165,134958
NGY,20130520,0.041,0.041,0.041,0.041,200000
NHC,20130520,3.89,3.89,3.8,3.81,48101
NHF,20130520,2.37,2.4,2.35,2.39,836853
NHO,20130520,0.043,0.043,0.043,0.043,100909
NKP,20130520,0.06,0.06,0.055,0.055,313997
NMG,20130520,0.024,0.024,0.021,0.022,751743
NMI,20130520,0.004,0.004,0.004,0.004,1877000
NMS,20130520,0.029,0.029,0.029,0.029,10000
NOD,20130520,0.084,0.084,0.084,0.084,51601
NOE,20130520,0.165,0.165,0.165,0.165,29370
NPX,20130520,2.42,2.42,2.42,2.42,11500
NRR,20130520,0.02,0.02,0.02,0.02,22593
NRT,20130520,0.165,0.165,0.165,0.165,55093
NRU,20130520,0.013,0.013,0.013,0.013,61500
NSE,20130520,0.16,0.16,0.15,0.15,554714
NSL,20130520,0.028,0.028,0.028,0.028,35714
NST,20130520,0.7,0.71,0.66,0.675,6136438
NTC,20130520,0.295,0.295,0.29,0.295,135212
NTU,20130520,0.125,0.125,0.12,0.12,76000
NUF,20130520,4.45,4.48,4.36,4.37,610229
NVG,20130520,0.02,0.02,0.02,0.02,600000
NVT,20130520,5.88,6.08,5.87,5.94,428445
NWE,20130520,0.026,0.026,0.025,0.025,180658
NWH,20130520,1.17,1.19,1.15,1.155,1931855
NWS,20130520,34.35,34.36,33.86,33.98,624052
NWT,20130520,0.39,0.39,0.38,0.385,655433
NXM,20130520,0.072,0.072,0.072,0.072,10000
NXR,20130520,0.037,0.037,0.037,0.037,180005
NXS,20130520,0.13,0.13,0.12,0.125,2992901
NXT,20130520,2.15,2.26,2.15,2.22,840962
NZO,20130520,0.715,0.715,0.71,0.71,14628
OBL,20130520,0.017,0.017,0.015,0.015,1258956
OBS,20130520,0.155,0.155,0.15,0.155,99258
OCL,20130520,0.445,0.445,0.43,0.445,7924
ODN,20130520,0.001,0.001,0.001,0.001,19200000
ODY,20130520,0.019,0.019,0.018,0.018,589000
OEG,20130520,0.059,0.059,0.05,0.051,55930
OEL,20130520,0.072,0.075,0.072,0.072,464388
OEX,20130520,0.061,0.061,0.061,0.061,250000
OGC,20130520,1.75,1.785,1.73,1.75,577789
OGH,20130520,0.027,0.027,0.027,0.027,45000
OGL,20130520,0.038,0.038,0.038,0.038,12525
OGX,20130520,0.31,0.31,0.215,0.22,4423092
OGY,20130520,0.03,0.03,0.027,0.027,885714
OKN,20130520,1.265,1.265,1.24,1.25,59874
OKU,20130520,0.005,0.005,0.005,0.005,421364
OMH,20130520,0.375,0.395,0.375,0.385,343524
ONC,20130520,0.185,0.185,0.185,0.185,3000
ONT,20130520,6,6.1,5.99,6,63687
OOO,20130520,48.42,48.42,48.42,48.42,100
OPG,20130520,0.15,0.15,0.15,0.15,582
ORD,20130520,0.009,0.009,0.009,0.009,2222222
ORE,20130520,1.54,1.545,1.4,1.465,80941
ORG,20130520,13,13.25,12.99,13.08,2112321
ORI,20130520,23.74,23.74,23.43,23.43,1544160
ORL,20130520,7.11,7.2,7.04,7.14,16161
ORO,20130520,0.002,0.002,0.001,0.001,2440025
ORR,20130520,0.115,0.115,0.11,0.11,231250
ORS,20130520,0.11,0.11,0.11,0.11,118285
OSH,20130520,8.1,8.16,8.01,8.04,2016459
OSP,20130520,0.41,0.41,0.41,0.41,50000
OTE,20130520,0.002,0.002,0.002,0.002,400190
OTH,20130520,0.47,0.47,0.435,0.465,340486
OVL,20130520,0.011,0.011,0.011,0.011,200000
OXX,20130520,0.22,0.22,0.21,0.21,130193
OZF,20130520,19.98,19.98,19.96,19.96,1437
OZG,20130520,0.18,0.185,0.18,0.18,389524
OZL,20130520,4.05,4.2,4.05,4.13,2579651
OZR,20130520,9.77,9.83,9.76,9.76,2772
PAB,20130520,0.026,0.026,0.024,0.024,431615
PAG,20130520,0.85,0.86,0.85,0.86,512980
PAN,20130520,0.26,0.265,0.25,0.25,566233
PBD,20130520,0.011,0.011,0.011,0.011,3023636
PBG,20130520,0.78,0.782,0.725,0.725,9270963
PBT,20130520,0.235,0.235,0.22,0.225,1183771
PCL,20130520,0.069,0.069,0.067,0.067,224700
PDI,20130520,0.027,0.027,0.025,0.026,598779
PDN,20130520,0.95,0.995,0.945,0.96,9038382
PDY,20130520,0.003,0.003,0.003,0.003,465000
PDZ,20130520,0.3,0.3,0.29,0.29,63478
PEK,20130520,0.185,0.19,0.165,0.175,1091397
PEM,20130520,0.16,0.16,0.15,0.16,685568
PEN,20130520,0.024,0.024,0.023,0.023,1672679
PEX,20130520,0.44,0.44,0.38,0.405,114300
PFG,20130520,0.115,0.115,0.115,0.115,199104
PFL,20130520,1.51,1.52,1.505,1.505,5669
PGI,20130520,0.091,0.105,0.09,0.096,4876422
PGL,20130520,0.215,0.215,0.21,0.21,50000
PGM,20130520,0.03,0.03,0.03,0.03,119000
PGS,20130520,0.02,0.02,0.019,0.019,850000
PHG,20130520,0.066,0.07,0.066,0.07,457484
PHK,20130520,0.06,0.06,0.06,0.06,22000
PIO,20130520,0.021,0.021,0.021,0.021,837494
PIR,20130520,0.69,0.71,0.665,0.685,3799580
PLH,20130520,0.08,0.08,0.08,0.08,120000
PLY,20130520,0.25,0.25,0.2,0.25,4500
PMC,20130520,1.38,1.385,1.375,1.38,247511
PME,20130520,0.545,0.55,0.545,0.55,50000
PMP,20130520,0.31,0.315,0.3,0.3,331242
PMV,20130520,7.54,7.73,7.54,7.58,1774084
PNA,20130520,2.22,2.27,2.2,2.24,3763592
PNL,20130520,0.08,0.085,0.08,0.085,247833
PNN,20130520,0.031,0.031,0.031,0.031,40000
PNR,20130520,0.15,0.15,0.15,0.15,26820
PNX,20130520,0.026,0.026,0.025,0.025,36000
POH,20130520,0.13,0.135,0.13,0.135,1287370
POK,20130520,0.42,0.42,0.36,0.36,1308632
POS,20130520,0.155,0.155,0.135,0.135,629250
POZ,20130520,0.03,0.03,0.03,0.03,50000
PPC,20130520,1.285,1.34,1.275,1.32,349510
PPK,20130520,0.455,0.455,0.44,0.44,11323
PPP,20130520,0.105,0.105,0.105,0.105,78000
PPS,20130520,0.063,0.063,0.062,0.062,252000
PPT,20130520,44.81,45.99,44.81,45.31,92054
PPX,20130520,0.057,0.061,0.057,0.058,254327
PPY,20130520,0.011,0.011,0.01,0.01,101205
PRA,20130520,0.041,0.041,0.039,0.039,130000
PRG,20130520,2.27,2.35,2.27,2.3,294556
PRL,20130520,0.088,0.088,0.087,0.088,637765
PRO,20130520,0.365,0.365,0.36,0.36,13800
PRR,20130520,0.082,0.083,0.079,0.079,1486183
PRT,20130520,1.1,1.1,1.07,1.09,45225
PRU,20130520,1.07,1.08,1.045,1.05,2276083
PRW,20130520,0.002,0.003,0.002,0.003,1850000
PRY,20130520,5.06,5.1,4.95,5.02,1182548
PSA,20130520,0.135,0.14,0.135,0.14,55850
PSH,20130520,0.07,0.07,0.07,0.07,3880
PSY,20130520,0.006,0.006,0.006,0.006,36824
PTL,20130520,0.013,0.014,0.013,0.014,715533
PTM,20130520,5.35,5.48,5.35,5.46,2070488
PTS,20130520,0.049,0.05,0.049,0.05,25537
PUN,20130520,0.16,0.205,0.16,0.18,1235214
PVA,20130520,2.88,2.88,2.88,2.88,3303
PVD,20130520,0.39,0.4,0.385,0.39,32374
PVE,20130520,0.11,0.11,0.11,0.11,249215
PVM,20130520,0.34,0.34,0.33,0.34,112732
PXG,20130520,0.16,0.16,0.145,0.145,452185
PXR,20130520,0.003,0.003,0.003,0.003,5625000
PXS,20130520,0.145,0.145,0.135,0.135,2324831
PYC,20130520,0.02,0.02,0.018,0.018,1751301
PYM,20130520,0.021,0.021,0.021,0.021,8716
PZC,20130520,0.033,0.04,0.033,0.04,6845
QAN,20130520,1.65,1.67,1.645,1.645,15124637
QAU,20130520,14,14,13.82,13.85,4763
QBE,20130520,15.55,15.91,15.41,15.68,3614852
QBL,20130520,0.007,0.009,0.007,0.009,196012
QFX,20130520,0.017,0.017,0.016,0.017,2929368
QHL,20130520,0.15,0.155,0.15,0.155,807876
QMN,20130520,0.019,0.02,0.018,0.018,432000
QPN,20130520,0.004,0.005,0.004,0.005,1100000
QRE,20130520,5.5,5.5,5.5,5.5,4471
QRL,20130520,0.027,0.027,0.027,0.027,75000
QRX,20130520,1.2,1.21,1.16,1.2,1032232
QTG,20130520,0.01,0.01,0.01,0.01,200000
QTM,20130520,0.007,0.007,0.007,0.007,41000
QUB,20130520,1.85,1.9,1.835,1.85,1388678
QXQ,20130520,0.003,0.003,0.003,0.003,200000
RAD,20130520,0.075,0.075,0.075,0.075,20000
RAU,20130520,0.009,0.009,0.009,0.009,99650
RAW,20130520,0.08,0.085,0.08,0.085,197000
RCB,20130520,20.7,20.7,20.56,20.56,26395
RCG,20130520,0.585,0.615,0.585,0.595,118009
RCO,20130520,0.445,0.445,0.43,0.43,70000
RCP,20130520,0.008,0.008,0.007,0.007,1125000
RCR,20130520,2.47,2.47,2.33,2.38,445931
RCT,20130520,2.65,2.65,2.64,2.64,300
RCU,20130520,0.415,0.415,0.415,0.415,14645
RDF,20130520,1.1,1.13,1.095,1.125,52486
RDM,20130520,0.087,0.087,0.085,0.085,305879
RDR,20130520,0.069,0.073,0.069,0.073,482201
RDV,20130520,29.16,29.36,29.16,29.25,4170
REA,20130520,32,32.61,30.74,31.4,184019
REH,20130520,22.4,22.4,22,22.27,475
RES,20130520,0.21,0.215,0.21,0.215,221918
REX,20130520,1.13,1.13,1.13,1.13,2150
RFE,20130520,0.64,0.65,0.63,0.64,121095
RFG,20130520,4.17,4.2,4.08,4.09,104654
RFL,20130520,0.16,0.16,0.155,0.155,35555
RFX,20130520,0.042,0.05,0.042,0.05,102000
RGB,20130520,20.87,20.87,20.87,20.87,480
RGU,20130520,0.013,0.013,0.012,0.012,10000
RHC,20130520,35,35.65,34.99,35.41,322292
RHG,20130520,0.375,0.375,0.365,0.375,416378
RHI,20130520,0.81,0.81,0.805,0.805,14687
RHL,20130520,2.85,2.85,2.79,2.8,78033
RIA,20130520,0.033,0.033,0.032,0.033,3230665
RIC,20130520,0.785,0.785,0.77,0.775,164799
RIO,20130520,55.66,56.04,55.15,55.42,2571427
RKN,20130520,2.5,2.5,2.4,2.5,28046
RMD,20130520,5.12,5.16,5.06,5.08,2672662
RMG,20130520,0.002,0.002,0.002,0.002,5999999
RMI,20130520,0.001,0.001,0.001,0.001,3384850
RMP,20130520,0.05,0.05,0.05,0.05,200000
RMR,20130520,0.001,0.001,0.001,0.001,13650000
RMS,20130520,0.205,0.205,0.195,0.2,1340357
RMX,20130520,0.011,0.014,0.011,0.014,937834
RNC,20130520,0.185,0.185,0.18,0.18,188277
RNI,20130520,0.081,0.081,0.08,0.08,174095
RNS,20130520,0.12,0.12,0.105,0.105,15304
RNY,20130520,0.305,0.305,0.305,0.305,936474
ROC,20130520,0.48,0.48,0.46,0.48,378428
ROG,20130520,0.002,0.002,0.002,0.002,8650000
ROL,20130520,0.23,0.25,0.23,0.23,61833
ROY,20130520,0.04,0.04,0.04,0.04,15000
RQL,20130520,0.15,0.15,0.145,0.145,285244
RRL,20130520,3.46,3.64,3.41,3.62,2660670
RRS,20130520,0.049,0.049,0.047,0.047,235150
RSG,20130520,0.705,0.737,0.695,0.705,5239400
RSR,20130520,4.02,4.02,4.02,4.02,3476
RUL,20130520,0.59,0.59,0.57,0.57,1121223
RUM,20130520,0.16,0.16,0.14,0.16,166339
RVA,20130520,0.58,0.58,0.58,0.58,179442
RVR,20130520,0.012,0.012,0.012,0.012,35000
RWD,20130520,0.315,0.315,0.3,0.3,63738
RWH,20130520,3.02,3.02,3,3,9800
RXL,20130520,0.038,0.039,0.035,0.035,1444385
RXM,20130520,0.27,0.27,0.26,0.26,390780
RYG,20130520,0.01,0.01,0.01,0.01,42394
SAI,20130520,3.97,4.05,3.9,3.92,405713
SAR,20130520,0.15,0.155,0.145,0.145,2163647
SAU,20130520,0.018,0.018,0.018,0.018,160000
SBI,20130520,0.059,0.06,0.059,0.06,95000
SBM,20130520,0.62,0.65,0.615,0.63,3076195
SBR,20130520,0.105,0.105,0.1,0.1,22223
SCC,20130520,0.4,0.4,0.4,0.4,23000
SCI,20130520,0.06,0.06,0.055,0.056,234806
SCP,20130520,1.765,1.78,1.76,1.76,1316142
SDG,20130520,1.7,1.7,1.675,1.69,262291
SDI,20130520,0.515,0.52,0.51,0.52,51894
SDL,20130520,0.092,0.093,0.087,0.088,19922375
SDM,20130520,0.585,0.585,0.54,0.56,423636
SEA,20130520,0.92,0.93,0.905,0.91,821383
SEG,20130520,0.002,0.002,0.002,0.002,10000000
SEH,20130520,0.13,0.13,0.125,0.125,819817
SEK,20130520,10.8,11.01,10.66,10.79,1555749
SEN,20130520,0.014,0.014,0.013,0.014,581347
SER,20130520,0.034,0.034,0.034,0.034,100000
SFC,20130520,4.44,4.44,4.4,4.4,5200
SFH,20130520,0.99,1.03,0.985,1.03,595136
SFR,20130520,6.52,6.54,6.32,6.35,701634
SFW,20130520,0.7,0.705,0.69,0.7,1388105
SFX,20130520,0.525,0.525,0.52,0.52,52014
SFY,20130520,52.6,52.83,52.42,52.42,10457
SGH,20130520,3.07,3.09,3,3.05,256502
SGM,20130520,10,10.09,9.84,9.95,1623674
SGN,20130520,1.49,1.54,1.48,1.5,418674
SGP,20130520,3.9,3.94,3.89,3.92,5169519
SGT,20130520,3.29,3.32,3.28,3.3,2188733
SGZ,20130520,0.02,0.02,0.02,0.02,546872
SHD,20130520,0.08,0.08,0.08,0.08,7446
SHE,20130520,0.018,0.023,0.018,0.023,1703181
SHJ,20130520,1.46,1.49,1.445,1.485,1380837
SHL,20130520,14.55,14.6,14.32,14.36,1003269
SHV,20130520,3.25,3.3,3.25,3.27,129793
SIH,20130520,0.08,0.08,0.077,0.08,100000
SIP,20130520,0.85,0.852,0.845,0.85,1937500
SIR,20130520,2.63,2.63,2.46,2.56,1157606
SIT,20130520,0.1,0.1,0.095,0.1,2676824
SIV,20130520,7.69,7.69,7.6,7.61,19917
SIX,20130520,0.02,0.02,0.02,0.02,332125
SKC,20130520,3.65,3.68,3.6,3.66,448833
SKE,20130520,2.65,2.79,2.58,2.62,1138947
SKI,20130520,1.815,1.84,1.815,1.835,4535032
SKT,20130520,4.72,4.74,4.68,4.72,53575
SLE,20130520,0.027,0.027,0.027,0.027,50000
SLF,20130520,10.31,10.42,10.3,10.31,79160
SLM,20130520,2.03,2.07,2.02,2.03,20547
SLR,20130520,0.78,0.785,0.71,0.71,10573546
SLX,20130520,2.42,2.49,2.38,2.45,40199
SMA,20130520,0.004,0.004,0.004,0.004,82413
SMC,20130520,0.02,0.02,0.02,0.02,142903
SMM,20130520,1.4,1.4,1.4,1.4,3400
SMR,20130520,0.135,0.135,0.135,0.135,110524
SMX,20130520,5.07,5.11,4.96,4.98,123869
SND,20130520,0.73,0.73,0.7,0.7,51082
SNY,20130520,0.33,0.33,0.33,0.33,20000
SOL,20130520,14.9,14.99,14.9,14.9,9277
SOO,20130520,0.018,0.018,0.016,0.016,85025
SPI,20130520,0.033,0.033,0.029,0.031,1168497
SPL,20130520,0.87,0.89,0.845,0.88,709220
SPN,20130520,1.31,1.31,1.285,1.295,4234781
SPS,20130520,0.007,0.008,0.007,0.008,1015000
SRH,20130520,0.095,0.095,0.095,0.095,1200
SRI,20130520,0.076,0.076,0.076,0.076,444303
SRK,20130520,0.063,0.063,0.063,0.063,10000
SRM,20130520,0.14,0.14,0.13,0.135,486499
SRR,20130520,0.008,0.009,0.008,0.008,429047
SRV,20130520,3.7,3.7,3.43,3.55,78296
SRX,20130520,11.06,11.06,10.86,10.99,159529
SRZ,20130520,0.06,0.06,0.055,0.055,95429
SSM,20130520,0.22,0.225,0.22,0.22,217956
SSN,20130520,0.024,0.025,0.024,0.025,3335503
SSO,20130520,11.68,11.68,11.66,11.66,3459
STB,20130520,0.36,0.36,0.36,0.36,2800
STE,20130520,0.022,0.022,0.022,0.022,1575000
STO,20130520,13.05,13.3,12.97,13.14,3160664
STP,20130520,1.4,1.4,1.37,1.37,1571
STS,20130520,0.48,0.48,0.47,0.47,40266
STW,20130520,49.35,49.77,49.35,49.42,156454
STX,20130520,0.087,0.089,0.086,0.086,427093
SUD,20130520,0.033,0.034,0.033,0.034,20000
SUL,20130520,11.25,11.67,11.12,11.67,645398
SUM,20130520,0.185,0.19,0.18,0.185,1202374
SUN,20130520,12.6,12.79,12.56,12.64,3552327
SUR,20130520,0.031,0.032,0.031,0.032,1027998
SVL,20130520,0.025,0.025,0.02,0.023,774334
SVM,20130520,0.17,0.17,0.17,0.17,35000
SVW,20130520,8,8.05,7.89,7.93,756933
SWE,20130520,0.13,0.13,0.13,0.13,270000
SWJ,20130520,0.125,0.125,0.12,0.12,511376
SWK,20130520,0.325,0.33,0.32,0.32,605000
SWL,20130520,1,1,0.96,1,37226
SWM,20130520,2.38,2.38,2.35,2.36,898341
SWW,20130520,0.002,0.002,0.002,0.002,26499
SXA,20130520,0.235,0.235,0.23,0.23,16667
SXE,20130520,1.105,1.11,1.1,1.11,106370
SXG,20130520,0.02,0.02,0.02,0.02,90000
SXI,20130520,0.015,0.015,0.015,0.015,335109
SXL,20130520,1.485,1.5,1.455,1.46,1116035
SXT,20130520,0.2,0.25,0.2,0.24,111468
SXY,20130520,0.71,0.73,0.71,0.72,2085014
SYD,20130520,3.74,3.77,3.73,3.74,3619335
SYI,20130520,29.71,29.75,29.63,29.63,7790
SYR,20130520,1.86,1.86,1.79,1.85,144203
TAG,20130520,0.23,0.23,0.225,0.23,41000
TAH,20130520,3.57,3.62,3.56,3.58,1975963
TAM,20130520,0.098,0.098,0.095,0.095,756667
TAP,20130520,0.545,0.56,0.52,0.55,279836
TAW,20130520,0.007,0.007,0.006,0.007,443659
TBR,20130520,1.38,1.38,1.37,1.37,26000
TCL,20130520,7.14,7.18,7.08,7.12,5909702
TDX,20130520,0.001,0.001,0.001,0.001,28900000
TEG,20130520,0.01,0.01,0.007,0.008,5142961
TEL,20130520,1.985,2.03,1.975,2.01,4111721
TEN,20130520,0.295,0.3,0.285,0.285,6171397
TEX,20130520,0.061,0.061,0.061,0.061,61136
TEY,20130520,0.035,0.035,0.035,0.035,33500
TFC,20130520,0.495,0.495,0.46,0.46,26495
TGA,20130520,2.17,2.17,2.1,2.13,409568
TGG,20130520,1,1.02,0.99,1.02,1820209
TGN,20130520,0.18,0.18,0.18,0.18,278
TGP,20130520,0.48,0.48,0.48,0.48,5000
TGR,20130520,2.01,2.03,2.01,2.03,137027
TGS,20130520,0.245,0.26,0.24,0.245,2952615
TGZ,20130520,0.76,0.77,0.74,0.74,170479
THR,20130520,0.005,0.005,0.004,0.004,1168745
THX,20130520,0.043,0.043,0.042,0.042,111500
TIG,20130520,0.165,0.17,0.165,0.165,227900
TIS,20130520,0.12,0.12,0.115,0.12,63503
TIX,20130520,0.53,0.55,0.53,0.535,209412
TKG,20130520,0.016,0.016,0.016,0.016,512
TLG,20130520,0.15,0.15,0.13,0.13,58125
TLM,20130520,0.12,0.125,0.12,0.125,56000
TLS,20130520,5.1,5.1,5.06,5.1,24613911
TME,20130520,4.38,4.43,4.35,4.41,11239592
TND,20130520,0.033,0.033,0.032,0.032,25000
TNE,20130520,1.7,1.725,1.63,1.68,75769
TNG,20130520,0.072,0.077,0.065,0.069,1695448
TNP,20130520,0.023,0.023,0.023,0.023,1202834
TOE,20130520,0.084,0.084,0.08,0.08,305119
TOL,20130520,5.3,5.35,5.21,5.25,3511902
TON,20130520,0.07,0.077,0.065,0.077,2335000
TOX,20130520,3.44,3.45,3.4,3.45,388305
TPD,20130520,0.04,0.04,0.04,0.04,89488
TPI,20130520,0.855,0.88,0.85,0.87,2557631
TPM,20130520,3.87,3.98,3.87,3.92,725589
TPR,20130520,0.075,0.075,0.075,0.075,75000
TPT,20130520,0.255,0.255,0.25,0.25,80577
TRF,20130520,0.11,0.11,0.1,0.1,72355
TRG,20130520,6.95,6.95,6.84,6.95,78057
TRM,20130520,0.045,0.045,0.04,0.04,15000
TRS,20130520,16.74,17.49,16.66,17.18,146087
TRU,20130520,6.79,6.87,6.74,6.75,76324
TRY,20130520,1.62,1.72,1.615,1.695,228448
TSE,20130520,1.31,1.315,1.265,1.275,3052017
TSM,20130520,0.28,0.285,0.28,0.285,68189
TSN,20130520,0.005,0.005,0.005,0.005,1400000
TSV,20130520,0.005,0.005,0.005,0.005,2410668
TTE,20130520,0.012,0.012,0.011,0.011,885000
TTI,20130520,0.063,0.063,0.063,0.063,8000
TTN,20130520,1.66,1.7,1.65,1.7,26340
TTS,20130520,3.38,3.4,3.35,3.38,2159903
TUC,20130520,0.05,0.05,0.05,0.05,2000
TUP,20130520,1.7,1.79,1.7,1.73,152869
TWD,20130520,2.8,2.8,2.74,2.74,9500
TWE,20130520,6.44,6.47,6.3,6.33,1464795
TWR,20130520,1.52,1.52,1.52,1.52,1409
TZL,20130520,0.115,0.115,0.115,0.115,14550
TZN,20130520,0.023,0.023,0.021,0.021,1230518
UBI,20130520,0.67,0.67,0.64,0.64,48361
UCL,20130520,0.31,0.31,0.31,0.31,116336
UEQ,20130520,0.024,0.025,0.024,0.024,125256
UGL,20130520,7.73,7.74,7.27,7.35,2931991
UML,20130520,0.067,0.069,0.066,0.069,789720
UNS,20130520,0.62,0.66,0.61,0.63,2327496
UNV,20130520,0.069,0.07,0.065,0.07,162691
UNX,20130520,0.038,0.04,0.036,0.038,98384
UOS,20130520,0.485,0.485,0.485,0.485,40000
URF,20130520,1.8,1.8,1.77,1.77,11200
USA,20130520,0.03,0.03,0.03,0.03,238500
USD,20130520,10.16,10.17,10.11,10.13,334886
UXC,20130520,1.04,1.04,1,1.015,432462
VAF,20130520,49.64,49.64,49.55,49.55,2610
VAH,20130520,0.415,0.43,0.41,0.42,6250331
VAP,20130520,65.01,65.18,64.41,64.41,6193
VAS,20130520,66.4,67.07,66.4,66.65,9980
VBP,20130520,6.7,6.7,6.7,6.7,6228
VEC,20130520,0.028,0.028,0.028,0.028,32000
VEI,20130520,0.7,0.72,0.69,0.69,1855160
VEU,20130520,50.15,50.17,50,50.1,14648
VGB,20130520,49.23,49.23,49.23,49.23,30
VGO,20130520,0.07,0.07,0.06,0.06,140000
VHY,20130520,64.24,64.35,64,64,16729
VIC,20130520,0.046,0.046,0.041,0.041,150000
VIE,20130520,0.28,0.28,0.27,0.27,354561
VKA,20130520,0.037,0.037,0.037,0.037,17250
VLA,20130520,0.295,0.295,0.29,0.29,85214
VLC,20130520,58.77,58.77,58.77,58.77,303
VLW,20130520,1.2,1.21,1.2,1.21,72875
VMC,20130520,0.11,0.11,0.11,0.11,30000
VMG,20130520,0.012,0.012,0.011,0.011,2876035
VML,20130520,0.021,0.021,0.02,0.02,124000
VMS,20130520,0.17,0.17,0.165,0.165,41658
VMT,20130520,0.014,0.014,0.014,0.014,2500
VOC,20130520,2.46,2.48,2.42,2.42,177981
VOR,20130520,0.009,0.009,0.008,0.008,992555
VRL,20130520,5.17,5.34,5.17,5.25,39970
VSC,20130520,1.02,1.02,1.02,1.02,165000
VSO,20130520,45.08,45.08,45.02,45.02,2050
VTG,20130520,0.635,0.66,0.63,0.66,315212
VTS,20130520,88.5,88.55,88,88.24,7593
VXR,20130520,0.019,0.019,0.019,0.019,5000
WAA,20130520,1.165,1.165,1.165,1.165,53967
WAF,20130520,0.16,0.16,0.16,0.16,12500
WAM,20130520,1.74,1.75,1.74,1.75,493447
WAS,20130520,0.007,0.007,0.007,0.007,1000000
WAX,20130520,1.025,1.03,1.02,1.02,94642
WBA,20130520,0.63,0.63,0.63,0.63,1606
WBB,20130520,6.1,6.14,6.02,6.02,17438
WBC,20130520,31.42,31.885,31.41,31.79,5512731
WCB,20130520,4.04,4.07,4,4,114972
WCL,20130520,0.215,0.215,0.19,0.19,326881
WCN,20130520,0.01,0.01,0.01,0.01,170000
WCP,20130520,0.06,0.06,0.06,0.06,134536
WDC,20130520,12.4,12.55,12.25,12.25,3122820
WDR,20130520,0.785,0.79,0.76,0.78,145810
WDS,20130520,0.39,0.395,0.38,0.38,235641
WEB,20130520,4.12,4.3,4.12,4.26,132955
WEC,20130520,0.17,0.17,0.17,0.17,100269
WES,20130520,43,43.55,42.95,43,2134877
WFE,20130520,0.018,0.018,0.018,0.018,28000
WGO,20130520,0.029,0.032,0.029,0.032,115000
WHC,20130520,2.37,2.38,2.26,2.28,13015123
WHE,20130520,0.054,0.055,0.054,0.055,145225
WHF,20130520,3.76,3.77,3.76,3.77,20516
WHG,20130520,0.685,0.69,0.675,0.68,854276
WHN,20130520,0.029,0.029,0.028,0.029,1039593
WIC,20130520,1.16,1.16,1.15,1.15,11920
WIN,20130520,0.25,0.25,0.25,0.25,30000
WLL,20130520,2.69,2.7,2.67,2.67,27468
WOR,20130520,20,20.3,19.26,19.26,2690511
WOW,20130520,34.7,34.88,34.375,34.43,1556269
WPG,20130520,0.04,0.04,0.039,0.039,632200
WPL,20130520,38.43,38.69,38.17,38.28,1496332
WRM,20130520,0.046,0.046,0.045,0.045,133417
WRT,20130520,3.34,3.41,3.32,3.33,5919978
WSA,20130520,3,3.15,2.92,2.93,452057
WTF,20130520,5.38,5.57,5.38,5.5,430727
WTP,20130520,0.78,0.78,0.76,0.765,86583
WTR,20130520,0.235,0.235,0.235,0.235,331301
XRF,20130520,0.33,0.33,0.33,0.33,4000
XRO,20130520,11.45,11.58,11.45,11.58,16975
YAL,20130520,0.68,0.72,0.68,0.7,121100
YBR,20130520,0.62,0.625,0.6,0.6,404400
YOW,20130520,0.17,0.17,0.17,0.17,6000
YRR,20130520,0.008,0.008,0.008,0.008,28300
YTC,20130520,0.205,0.205,0.19,0.19,195985
ZGL,20130520,0.265,0.265,0.265,0.265,18513
ZGM,20130520,0.007,0.007,0.007,0.007,106382
ZIM,20130520,9,9.01,9,9,20169
ZNC,20130520,0.135,0.135,0.135,0.135,12038
ZRL,20130520,0.001,0.001,0.001,0.001,250000
ZTA,20130520,0.02,0.02,0.02,0.02,125000
ZYL,20130520,0.016,0.018,0.016,0.018,1612001
XAF,20130520,5283.3,5353.9,5289.8,5314.5,0
XAO,20130520,5159.8,5221.8,5165.4,5185.4,0
XAT,20130520,5147.2,5213.5,5153.7,5175.7,0
XDJ,20130520,1669.9,1691.5,1670.8,1677.9,0
XEC,20130520,1092.1,1097.4,1083.4,1084.7,0
XEJ,20130520,13374,13584.6,13365,13430.2,0
XFJ,20130520,5773.9,5862.8,5777.8,5816.3,0
XFL,20130520,5336.7,5407.7,5343.3,5368,0
XGD,20130520,2941.9,2937.3,2845.7,2875.8,0
XHJ,20130520,13155.3,13234.1,13122.1,13154,0
XIJ,20130520,715.7,728.5,715.7,722.1,0
XJO,20130520,5180.8,5246.9,5187.2,5209,0
XJR,20130520,3940.1,3998.5,3952,3964,0
XKO,20130520,5137.2,5201.2,5143.3,5164.1,0
XMD,20130520,4227.3,4282.6,4237,4250.8,0
XMJ,20130520,9423.2,9554.9,9461.1,9481.5,0
XMM,20130520,3100.2,3144.1,3113.3,3119.3,0
XNJ,20130520,3810.7,3846.3,3813.6,3816.3,0
XPJ,20130520,1126.3,1145.4,1126.2,1128.2,0
XSJ,20130520,10284.3,10407.7,10278.6,10284.8,0
XSO,20130520,2184.3,2194,2178.5,2179,0
XTJ,20130520,1753.3,1761.1,1748,1761.1,0
XTL,20130520,3244.7,3287.4,3249.2,3264.8,0
XTO,20130520,4295,4351.6,4300.7,4320,0
XUJ,20130520,5699.7,5810.2,5726.8,5770.1,0
XXJ,20130520,6684.3,6787.1,6689.7,6740.5,0
