AAA,20131111,50.13,50.14,50.13,50.14,8276
AAC,20131111,1.135,1.145,1.125,1.13,741141
AAD,20131111,2,2,1.96,1.96,770619
AAR,20131111,0.003,0.003,0.003,0.003,100000
AAU,20131111,0.07,0.07,0.07,0.07,4000
AAX,20131111,1.53,1.55,1.5,1.52,327094
ABC,20131111,3.85,3.85,3.73,3.76,801221
ABN,20131111,0.023,0.024,0.021,0.023,1358386
ABP,20131111,2.31,2.315,2.29,2.29,321741
ABQ,20131111,0.033,0.034,0.033,0.034,350000
ABU,20131111,0.025,0.026,0.025,0.026,5179455
ABV,20131111,0.016,0.017,0.015,0.017,575000
ABY,20131111,0.345,0.345,0.345,0.345,47385
ABZ,20131111,0.275,0.275,0.255,0.255,937522
ACB,20131111,0.05,0.05,0.05,0.05,7075
ACG,20131111,0.18,0.2,0.18,0.19,5411300
ACL,20131111,0.595,0.62,0.585,0.62,420150
ACR,20131111,2.63,2.71,2.62,2.69,819892
ACS,20131111,0.2,0.2,0.2,0.2,5000
ADJ,20131111,0.12,0.125,0.115,0.12,2010391
ADN,20131111,0.056,0.057,0.055,0.055,121372
ADO,20131111,0.077,0.093,0.077,0.091,27417373
ADQ,20131111,0.015,0.015,0.012,0.012,1765096
ADX,20131111,0.017,0.017,0.017,0.017,931500
ADY,20131111,0.018,0.018,0.018,0.018,161308
AEB,20131111,0.145,0.155,0.14,0.14,125523
AEE,20131111,0.05,0.05,0.05,0.05,115000
AEU,20131111,1.57,1.57,1.56,1.57,243611
AFI,20131111,6.02,6.04,5.98,5.98,272130
AFR,20131111,0.14,0.155,0.14,0.15,334610
AGE,20131111,0.075,0.075,0.073,0.073,192410
AGF,20131111,0.775,0.775,0.765,0.775,152878
AGG,20131111,3.12,3.23,3.12,3.22,2351
AGI,20131111,4.23,4.23,4.13,4.13,156058
AGK,20131111,15.35,15.36,15.12,15.2,1228719
AGO,20131111,1.165,1.21,1.147,1.15,24515020
AGR,20131111,0.05,0.05,0.05,0.05,75000
AGS,20131111,0.125,0.125,0.125,0.125,110000
AGX,20131111,0.024,0.024,0.022,0.022,450336
AHC,20131111,2.1,2.1,2.1,2.1,1000
AHD,20131111,8.1,8.22,8.1,8.15,234613
AHE,20131111,3.7,3.71,3.63,3.63,413372
AHZ,20131111,0.175,0.185,0.17,0.18,16469202
AIA,20131111,3.15,3.15,3.11,3.11,219719
AIB,20131111,0.94,0.94,0.94,0.94,30000
AIO,20131111,5.83,5.85,5.72,5.75,1769958
AIQ,20131111,0.29,0.29,0.29,0.29,10000
AIW,20131111,0.008,0.01,0.008,0.01,150933
AIX,20131111,0.008,0.009,0.008,0.009,520250
AIZ,20131111,1.445,1.445,1.425,1.425,15290
AJA,20131111,3.59,3.61,3.55,3.59,64002
AJC,20131111,0.01,0.01,0.01,0.01,132000
AJD,20131111,1.07,1.09,1.07,1.09,69160
AJL,20131111,1.005,1.03,0.92,0.955,49990
AJM,20131111,0.135,0.145,0.135,0.145,232157
AJQ,20131111,0.26,0.265,0.255,0.26,333364
AJX,20131111,0.16,0.16,0.16,0.16,60000
AKF,20131111,0.17,0.185,0.17,0.185,8790340
AKK,20131111,0.01,0.01,0.009,0.01,1999700
AKM,20131111,0.07,0.072,0.068,0.071,39135
AKP,20131111,4.75,4.75,4.75,4.75,200
ALF,20131111,1.67,1.67,1.65,1.65,385632
ALK,20131111,0.415,0.43,0.4,0.415,368535
ALL,20131111,4.85,4.88,4.78,4.81,1461222
ALQ,20131111,9.89,9.89,9.655,9.66,581021
ALR,20131111,1.335,1.35,1.335,1.35,14034
ALT,20131111,0.021,0.022,0.02,0.022,6604303
ALU,20131111,2.6,2.63,2.56,2.56,13444
ALY,20131111,0.05,0.05,0.043,0.046,202000
ALZ,20131111,3.99,4.02,3.96,3.96,843894
AMA,20131111,0.38,0.38,0.365,0.365,375195
AMC,20131111,10.91,10.98,10.86,10.92,2583073
AMH,20131111,0.93,0.93,0.93,0.93,32100
AMM,20131111,1.99,2.02,1.982,1.995,304630
AMP,20131111,4.68,4.68,4.6,4.61,6890854
AMX,20131111,0.1,0.105,0.098,0.1,368783
ANG,20131111,3.89,3.97,3.89,3.94,143882
ANI,20131111,2.08,2.08,2.07,2.07,52050
ANN,20131111,19.34,19.74,19.28,19.6,426545
ANO,20131111,0.01,0.01,0.009,0.009,2200000
ANQ,20131111,0.01,0.011,0.01,0.011,4206400
ANW,20131111,0.009,0.01,0.009,0.01,1131054
ANZ,20131111,32.88,32.96,32,32.14,5666478
AOC,20131111,0.087,0.087,0.085,0.087,160000
AOD,20131111,1.05,1.05,1.045,1.05,89888
AOH,20131111,0.145,0.15,0.145,0.15,65910
AOK,20131111,0.135,0.14,0.135,0.135,264632
AOU,20131111,0.075,0.075,0.075,0.075,50000
APA,20131111,6.12,6.15,6.06,6.15,2048778
APE,20131111,4.89,4.89,4.77,4.77,19995
APG,20131111,0.031,0.033,0.031,0.033,225000
API,20131111,0.64,0.64,0.585,0.615,1126973
APN,20131111,0.455,0.46,0.45,0.45,1028905
APP,20131111,0.014,0.014,0.014,0.014,646640
APZ,20131111,1.66,1.66,1.63,1.65,41704
AQA,20131111,2.35,2.35,2.31,2.32,164512
AQC,20131111,0.009,0.01,0.009,0.009,5342000
AQD,20131111,0.022,0.023,0.022,0.023,543350
AQG,20131111,2.5,2.51,2.43,2.43,1100970
AQI,20131111,0.23,0.23,0.23,0.23,10000
AQO,20131111,0.16,0.16,0.16,0.16,12500
AQP,20131111,0.75,0.765,0.745,0.75,65542
AQQ,20131111,0.028,0.03,0.028,0.028,75000
AQR,20131111,0.13,0.13,0.13,0.13,5000
AQZ,20131111,1.74,1.74,1.74,1.74,11487
ARA,20131111,0.34,0.34,0.34,0.34,7072
ARE,20131111,0.023,0.023,0.023,0.023,100000
ARF,20131111,1.24,1.24,1.2,1.2,383663
ARG,20131111,7.21,7.24,7.16,7.2,162565
ARH,20131111,0.052,0.052,0.052,0.052,26300
ARI,20131111,1.48,1.492,1.442,1.45,5505418
ARM,20131111,0.055,0.055,0.055,0.055,10000
ARP,20131111,11.74,11.81,11.72,11.78,217610
ARU,20131111,0.094,0.097,0.094,0.097,105001
ARV,20131111,0.004,0.005,0.004,0.004,1828043
ARW,20131111,0.685,0.685,0.67,0.68,132010
ASB,20131111,0.725,0.745,0.725,0.73,54461
ASL,20131111,1.02,1.05,0.99,1.02,3683282
ASX,20131111,37.01,37.15,36.73,37.01,400551
ASZ,20131111,0.395,0.4,0.395,0.4,99980
ATI,20131111,0.2,0.2,0.2,0.2,10000
ATU,20131111,1.485,1.53,1.48,1.48,86139
ATV,20131111,0.021,0.021,0.021,0.021,184477
AUB,20131111,11.69,11.99,11.54,11.61,30132
AUC,20131111,0.022,0.022,0.022,0.022,469999
AUF,20131111,1.1,1.1,1.1,1.1,80501
AUI,20131111,7.93,7.93,7.9,7.9,23380
AUQ,20131111,0.082,0.09,0.078,0.085,315657
AUT,20131111,3.23,3.24,3.16,3.2,1241202
AVA,20131111,0.13,0.13,0.13,0.13,5000
AVB,20131111,0.067,0.067,0.066,0.066,533947
AVD,20131111,0.001,0.001,0.001,0.001,1000000
AVG,20131111,0.43,0.43,0.415,0.42,349064
AVH,20131111,0.11,0.11,0.105,0.105,209000
AVI,20131111,0.012,0.013,0.012,0.012,4580873
AVQ,20131111,0.019,0.02,0.019,0.02,20140767
AWC,20131111,1.02,1.025,1.005,1.005,7421453
AWD,20131111,0.006,0.006,0.006,0.006,4803128
AWE,20131111,1.255,1.265,1.23,1.23,837495
AWK,20131111,0.5,0.5,0.48,0.495,277340
AWV,20131111,0.021,0.021,0.02,0.02,73806
AXE,20131111,0.155,0.16,0.155,0.155,39251
AYA,20131111,0.58,0.58,0.55,0.55,87336
AYB,20131111,0.055,0.06,0.054,0.06,108636
AYG,20131111,0.005,0.005,0.005,0.005,281000
AYN,20131111,0.003,0.003,0.002,0.003,3366666
AYR,20131111,0.008,0.008,0.008,0.008,1670000
AZF,20131111,2.3,2.3,2.3,2.3,18389
AZJ,20131111,4.77,4.78,4.735,4.75,4609272
AZK,20131111,0.041,0.041,0.04,0.04,65929
AZM,20131111,0.029,0.029,0.029,0.029,162760
AZS,20131111,0.034,0.034,0.033,0.033,149859
AZV,20131111,0.25,0.25,0.245,0.245,89364
AZZ,20131111,0.495,0.495,0.485,0.485,136394
BAU,20131111,0.13,0.135,0.12,0.125,461260
BBG,20131111,0.385,0.39,0.365,0.365,1416472
BBR,20131111,0.365,0.365,0.365,0.365,5438
BCC,20131111,0.033,0.034,0.031,0.032,7014372
BCD,20131111,0.028,0.028,0.027,0.027,70000
BCI,20131111,5.05,5.17,5.03,5.03,694453
BCK,20131111,0.048,0.052,0.046,0.05,3767050
BCN,20131111,0.003,0.003,0.003,0.003,1200000
BDI,20131111,0.001,0.001,0.001,0.001,12800
BDR,20131111,0.89,0.89,0.852,0.86,1869831
BEAR,20131111,18.14,18.25,18,18.24,4748
BEL,20131111,0.16,0.16,0.16,0.16,4000
BEN,20131111,10.99,11.06,10.91,10.93,674403
BER,20131111,0.43,0.43,0.43,0.43,39941
BFE,20131111,0.008,0.008,0.008,0.008,36739
BFG,20131111,0.775,0.79,0.775,0.79,23970
BGA,20131111,4.62,4.66,4.52,4.52,205257
BGG,20131111,0.16,0.16,0.16,0.16,11676
BGL,20131111,0.845,0.85,0.84,0.845,410390
BGS,20131111,0.013,0.013,0.012,0.013,4160169
BHP,20131111,38.24,38.27,37.73,37.91,5049216
BIS,20131111,0.88,0.92,0.88,0.92,153430
BIT,20131111,0.09,0.092,0.086,0.086,235000
BKI,20131111,1.57,1.57,1.555,1.555,272480
BKL,20131111,21.7,22.15,21.6,22.01,28415
BKN,20131111,6,6.09,6,6.06,843000
BKP,20131111,0.005,0.005,0.005,0.005,200000
BKW,20131111,13.9,13.96,13.82,13.86,9660
BKY,20131111,0.225,0.23,0.22,0.22,117772
BLA,20131111,1.52,1.52,1.52,1.52,8400
BLD,20131111,4.87,4.89,4.79,4.8,2445150
BLG,20131111,0.175,0.175,0.16,0.16,20000
BLR,20131111,0.012,0.012,0.012,0.012,790332
BLT,20131111,0.585,0.61,0.585,0.61,155092
BLY,20131111,0.385,0.39,0.375,0.375,1273248
BMB,20131111,0.092,0.098,0.091,0.098,222750
BMG,20131111,0.004,0.004,0.004,0.004,1350000
BML,20131111,0.003,0.003,0.003,0.003,10332
BMN,20131111,0.052,0.053,0.052,0.053,82031
BMY,20131111,0.012,0.012,0.012,0.012,36348
BMZ,20131111,0.097,0.097,0.09,0.09,175000
BND,20131111,0.215,0.215,0.195,0.195,376970
BNO,20131111,0.73,0.73,0.665,0.675,326166
BNR,20131111,0.015,0.015,0.015,0.015,100000
BOC,20131111,0.45,0.45,0.425,0.425,42560
BOL,20131111,0.19,0.19,0.185,0.185,147880
BOP,20131111,0.41,0.41,0.41,0.41,3500
BOQ,20131111,12.2,12.25,11.99,11.99,2756373
BPA,20131111,4.05,4.05,4.01,4.01,5370
BPT,20131111,1.445,1.445,1.41,1.415,1598545
BRB,20131111,0.19,0.19,0.19,0.19,4000
BRC,20131111,0.35,0.35,0.35,0.35,20000
BRG,20131111,7.8,8.015,7.79,8,319709
BRL,20131111,0.21,0.215,0.195,0.195,1794450
BRO,20131111,0.002,0.002,0.002,0.002,1147233
BRU,20131111,1.515,1.532,1.46,1.515,802394
BSA,20131111,0.13,0.135,0.13,0.135,316288
BSE,20131111,0.44,0.465,0.44,0.44,481402
BSL,20131111,5.03,5.04,4.89,4.93,1546073
BSM,20131111,0.007,0.007,0.006,0.006,130000
BSR,20131111,0.006,0.006,0.006,0.006,313573
BTR,20131111,0.245,0.245,0.24,0.24,290511
BTT,20131111,5.17,5.23,5.06,5.12,156785
BUG,20131111,0.7,0.7,0.7,0.7,5000
BUL,20131111,0.072,0.072,0.066,0.067,1876995
BUX,20131111,0.18,0.18,0.18,0.18,15498
BUY,20131111,0.015,0.015,0.015,0.015,101023
BWD,20131111,0.093,0.1,0.093,0.095,210100
BWF,20131111,0.24,0.24,0.24,0.24,7000
BWP,20131111,2.3,2.32,2.29,2.3,989990
BXB,20131111,9.4,9.44,9.18,9.22,3661933
BYE,20131111,0.825,0.835,0.8,0.8,233611
BYI,20131111,1.915,1.915,1.9,1.9,36256
BYL,20131111,0.34,0.34,0.33,0.335,242248
CAA,20131111,0.19,0.19,0.185,0.19,1289142
CAB,20131111,3.89,3.9,3.74,3.75,212802
CAF,20131111,0.325,0.325,0.32,0.32,130436
CAJ,20131111,0.465,0.465,0.4,0.415,6486066
CAM,20131111,1.08,1.09,1.08,1.08,28102
CAP,20131111,0.17,0.175,0.17,0.175,25000
CAQ,20131111,0.091,0.091,0.09,0.09,91204
CAS,20131111,0.345,0.36,0.345,0.36,175165
CAV,20131111,0.018,0.018,0.018,0.018,29000
CAZ,20131111,0.11,0.11,0.11,0.11,60167
CBA,20131111,79.25,79.4,77.81,78.35,2540053
CBS,20131111,0.026,0.026,0.025,0.025,864618
CCC,20131111,0.027,0.027,0.023,0.024,2702693
CCL,20131111,12.1,12.14,11.99,11.99,2285928
CCP,20131111,9.41,9.55,9.34,9.43,79804
CCU,20131111,0.099,0.105,0.086,0.089,2085166
CCV,20131111,0.965,0.97,0.95,0.95,858503
CDA,20131111,1.68,1.71,1.625,1.625,365265
CDB,20131111,0.01,0.011,0.01,0.011,425000
CDD,20131111,7.2,7.28,7.16,7.19,448217
CDG,20131111,0.115,0.115,0.115,0.115,99491
CDI,20131111,2.61,2.62,2.6,2.6,115354
CDM,20131111,1.4,1.405,1.4,1.405,170552
CDP,20131111,5.4,5.45,5.4,5.42,21386
CDT,20131111,0.036,0.037,0.036,0.037,38453
CDU,20131111,2.11,2.13,2.05,2.06,284038
CDY,20131111,0.039,0.04,0.039,0.04,7904832
CEL,20131111,0.1,0.1,0.097,0.1,2164592
CEN,20131111,0.02,0.02,0.02,0.02,150000
CES,20131111,0.008,0.008,0.008,0.008,2854
CFE,20131111,0.125,0.125,0.125,0.125,335649
CFU,20131111,0.036,0.037,0.034,0.034,2671862
CFX,20131111,2.04,2.05,2.02,2.02,5058675
CGF,20131111,6.17,6.23,6.05,6.05,1917430
CGH,20131111,0.36,0.36,0.345,0.345,84118
CGM,20131111,0.005,0.005,0.004,0.004,1000000
CGN,20131111,0.093,0.093,0.084,0.084,149505
CGO,20131111,0.42,0.42,0.42,0.42,7000
CGP,20131111,0.068,0.068,0.064,0.067,1026629
CGR,20131111,0.195,0.2,0.195,0.195,48729
CHC,20131111,3.89,3.9,3.78,3.78,424656
CHN,20131111,0.16,0.16,0.16,0.16,87710
CHP,20131111,0.004,0.005,0.003,0.003,450000
CHZ,20131111,0.11,0.11,0.105,0.11,182706
CIN,20131111,25.2,25.25,25.15,25.15,2919
CIR,20131111,0.25,0.25,0.25,0.25,10000
CIW,20131111,0.82,0.82,0.82,0.82,25000
CIX,20131111,0.265,0.27,0.265,0.27,489864
CKA,20131111,0.18,0.185,0.175,0.185,978231
CKF,20131111,1.64,1.64,1.62,1.62,105590
CKK,20131111,0.006,0.006,0.006,0.006,22312
CLA,20131111,0.013,0.014,0.013,0.014,182000
CLH,20131111,1.68,1.68,1.615,1.615,232078
CLO,20131111,1.455,1.46,1.455,1.46,267230
CLR,20131111,0.265,0.265,0.25,0.25,283439
CLV,20131111,0.47,0.47,0.47,0.47,73667
CLX,20131111,2.13,2.14,2.13,2.14,150846
CMC,20131111,0.026,0.026,0.025,0.025,200000
CMG,20131111,0.48,0.485,0.475,0.48,678657
CMI,20131111,1.7,1.7,1.7,1.7,2453
CMW,20131111,1,1.015,0.995,1.015,2322764
CMY,20131111,0.008,0.008,0.008,0.008,1850781
CND,20131111,0.3,0.3,0.3,0.3,10347
CNI,20131111,0.81,0.81,0.805,0.81,17722
CNN,20131111,0.002,0.002,0.002,0.002,330000
CNU,20131111,1.815,1.845,1.81,1.83,725741
CNX,20131111,0.024,0.025,0.024,0.025,2056365
COD,20131111,0.185,0.185,0.18,0.185,60016
COE,20131111,0.445,0.45,0.44,0.445,956029
COF,20131111,0.27,0.32,0.27,0.28,826760
COH,20131111,56.8,57.14,56.55,57.14,235955
COI,20131111,0.19,0.2,0.18,0.18,516182
COK,20131111,0.054,0.061,0.054,0.057,6247476
COM,20131111,0.024,0.025,0.024,0.025,66800
COO,20131111,0.16,0.16,0.155,0.155,41028
COZ,20131111,0.06,0.06,0.06,0.06,18266
CPA,20131111,1.185,1.205,1.185,1.2,75267877
CPD,20131111,0.074,0.074,0.074,0.074,8000
CPL,20131111,0.18,0.19,0.177,0.18,412621
CPU,20131111,10.74,10.87,10.66,10.85,1782436
CQR,20131111,4.14,4.15,4.115,4.13,513146
CRB,20131111,0.03,0.03,0.03,0.03,50000
CRH,20131111,0.615,0.615,0.6,0.6,303071
CRZ,20131111,10.27,10.38,10.215,10.29,919749
CSD,20131111,0.092,0.095,0.087,0.089,292653
CSE,20131111,0.16,0.16,0.16,0.16,28333
CSL,20131111,68.45,68.5,67.55,67.72,634983
CSP,20131111,0.14,0.14,0.14,0.14,98317
CSR,20131111,2.49,2.49,2.39,2.4,1999468
CSS,20131111,0.04,0.043,0.039,0.039,11783930
CSV,20131111,0.97,0.98,0.95,0.96,204347
CTD,20131111,5.35,5.35,5.21,5.22,60241
CTN,20131111,1.13,1.14,1.13,1.135,127522
CTO,20131111,0.046,0.047,0.046,0.046,648900
CTP,20131111,0.405,0.42,0.39,0.39,469913
CTR,20131111,0.015,0.015,0.015,0.015,2099833
CTX,20131111,18.81,18.81,18.545,18.62,270438
CUE,20131111,0.14,0.14,0.13,0.135,92454
CUL,20131111,0.007,0.007,0.007,0.007,150000
CUP,20131111,1.78,1.825,1.75,1.75,81912
CUU,20131111,0.024,0.024,0.024,0.024,16500
CUV,20131111,1.5,1.6,1.48,1.5,107916
CUX,20131111,0.029,0.029,0.029,0.029,10000
CVC,20131111,1.1,1.1,1.1,1.1,21300
CVN,20131111,0.072,0.072,0.067,0.068,1690044
CVV,20131111,0.014,0.014,0.014,0.014,242857
CVW,20131111,0.61,0.62,0.61,0.62,19681
CWE,20131111,0.048,0.048,0.041,0.041,4449024
CWG,20131111,0.058,0.058,0.058,0.058,80000
CWN,20131111,16.7,16.89,16.53,16.63,823012
CWP,20131111,6.78,6.85,6.67,6.67,73549
CXB,20131111,0.048,0.05,0.048,0.05,29600
CXO,20131111,0.038,0.038,0.038,0.038,20000
CXX,20131111,0.215,0.215,0.21,0.21,10000
CYA,20131111,0.89,0.89,0.885,0.885,45145
CYG,20131111,2.91,2.92,2.91,2.92,11800
CYU,20131111,0.04,0.04,0.04,0.04,46501
CYY,20131111,0.075,0.075,0.075,0.075,75390
CZA,20131111,0.13,0.13,0.13,0.13,6041
CZD,20131111,0.074,0.074,0.072,0.072,228385
CZN,20131111,0.024,0.025,0.024,0.025,1078000
CZR,20131111,0.03,0.03,0.03,0.03,7657
CZZ,20131111,4.52,4.52,4.52,4.52,500
DAU,20131111,0.023,0.023,0.023,0.023,50000
DCG,20131111,2.28,2.29,2.22,2.22,134969
DDT,20131111,0.02,0.02,0.018,0.018,662450
DGI,20131111,0.008,0.008,0.008,0.008,70000
DGR,20131111,0.04,0.04,0.04,0.04,73820
DGX,20131111,0.038,0.038,0.037,0.037,888339
DIG,20131111,0.014,0.014,0.011,0.012,664130
DJS,20131111,3.05,3.06,3.02,3.02,1888032
DJW,20131111,4.7,4.7,4.61,4.64,80718
DLS,20131111,1.28,1.285,1.22,1.23,2604697
DLX,20131111,5.17,5.19,5.14,5.17,768763
DMA,20131111,0.055,0.055,0.055,0.055,30000
DME,20131111,0.29,0.29,0.29,0.29,10000
DML,20131111,0.068,0.072,0.067,0.069,3199937
DMP,20131111,16.4,16.99,16.09,16.24,142780
DMY,20131111,0.004,0.004,0.004,0.004,163
DNA,20131111,0.8,0.81,0.765,0.775,1186534
DOW,20131111,5.11,5.17,5.06,5.09,956586
DRA,20131111,0.195,0.195,0.195,0.195,10000
DRG,20131111,0.029,0.03,0.029,0.03,125000
DRK,20131111,0.02,0.02,0.02,0.02,22470
DRM,20131111,0.68,0.68,0.63,0.66,209356
DRX,20131111,0.023,0.028,0.023,0.028,1172268
DSB,20131111,0.425,0.425,0.425,0.425,35000
DTE,20131111,0.125,0.13,0.125,0.125,504843
DTL,20131111,1.08,1.12,1.08,1.12,82014
DTQ,20131111,0.054,0.055,0.054,0.055,361256
DUE,20131111,2.16,2.17,2.15,2.16,2869175
DUI,20131111,3.5,3.5,3.5,3.5,206
DVA,20131111,0.029,0.029,0.029,0.029,353774
DVN,20131111,1.07,1.15,1.045,1.13,229941
DWS,20131111,1.5,1.505,1.48,1.48,137841
DXS,20131111,1.065,1.072,1.06,1.07,30187817
DYE,20131111,0.335,0.34,0.32,0.325,163292
DYL,20131111,0.02,0.021,0.02,0.021,250000
EAF,20131111,0.011,0.011,0.011,0.011,53000
EAL,20131111,0.75,0.75,0.75,0.75,45171
EAR,20131111,0.067,0.067,0.067,0.067,20000
EAS,20131111,0.19,0.19,0.19,0.19,70167
EAX,20131111,3.98,3.98,3.94,3.94,125105
EBT,20131111,3.22,3.25,3.12,3.12,26078
EDE,20131111,0.018,0.018,0.017,0.017,874015
EEG,20131111,0.085,0.085,0.085,0.085,10000
EEU,20131111,14.12,14.12,14.12,14.12,300
EGG,20131111,0.67,0.67,0.67,0.67,15563
EGN,20131111,0.165,0.165,0.16,0.16,45888
EGO,20131111,0.014,0.014,0.014,0.014,14402817
EGP,20131111,2.46,2.49,2.44,2.46,4246035
EHL,20131111,0.28,0.3,0.28,0.285,2972669
ELD,20131111,0.14,0.14,0.115,0.115,6029094
ELI,20131111,0.935,0.94,0.93,0.93,385835
ELK,20131111,0.165,0.165,0.16,0.16,76625
ELM,20131111,0.47,0.47,0.46,0.46,142768
ELX,20131111,0.3,0.3,0.28,0.28,33283
EMA,20131111,0.048,0.048,0.048,0.048,12500
EML,20131111,0.54,0.545,0.54,0.54,666677
ENE,20131111,5.4,5.4,5.39,5.4,55669
ENR,20131111,0.22,0.225,0.22,0.225,4800
ENU,20131111,0.031,0.031,0.031,0.031,19601
ENV,20131111,1.11,1.11,1.1,1.1,839915
EOS,20131111,0.445,0.45,0.445,0.45,17500
EPD,20131111,0.735,0.75,0.73,0.75,80300
EPW,20131111,2.88,2.88,2.81,2.82,88228
EPX,20131111,1.79,1.795,1.78,1.795,79152
EPY,20131111,0.68,0.71,0.68,0.71,345112
EQE,20131111,0.015,0.015,0.013,0.013,500000
EQT,20131111,19.25,19.5,19.25,19.36,6760
EQX,20131111,0.725,0.725,0.71,0.725,46482
ERA,20131111,1.285,1.3,1.285,1.29,141854
ERI,20131111,0.01,0.01,0.009,0.009,520000
ERJ,20131111,0.003,0.003,0.003,0.003,1066666
ERM,20131111,0.047,0.047,0.047,0.047,111000
ESI,20131111,0.008,0.009,0.007,0.009,3928161
ESN,20131111,0.004,0.005,0.004,0.005,16741452
ESR,20131111,0.225,0.225,0.195,0.215,429305
ESV,20131111,0.645,0.645,0.63,0.64,79328
ETE,20131111,0.034,0.036,0.033,0.036,249411
EVM,20131111,0.048,0.048,0.048,0.048,87869
EVN,20131111,0.805,0.805,0.752,0.755,659546
EVR,20131111,0.62,0.62,0.59,0.59,44234
EVZ,20131111,0.057,0.057,0.057,0.057,277074
EWC,20131111,0.43,0.43,0.42,0.43,331844
EXR,20131111,0.011,0.011,0.011,0.011,16300
EZL,20131111,1.15,1.175,1.145,1.175,9000
FAC,20131111,0.135,0.14,0.135,0.14,27428
FAN,20131111,2.23,2.25,2.23,2.24,227253
FAR,20131111,0.04,0.04,0.039,0.04,4752488
FAS,20131111,0.019,0.02,0.018,0.02,6069157
FBU,20131111,8.49,8.49,8.35,8.36,211135
FCN,20131111,0.012,0.015,0.012,0.015,220000
FDC,20131111,2.47,2.495,2.45,2.45,4039272
FKP,20131111,1.87,1.94,1.865,1.9,3520824
FLT,20131111,50.66,51.01,49.77,49.77,297361
FMG,20131111,5.55,5.59,5.44,5.44,20949615
FML,20131111,0.012,0.013,0.012,0.012,2720393
FMS,20131111,0.038,0.039,0.038,0.038,2697907
FND,20131111,0.2,0.2,0.2,0.2,95170
FNP,20131111,2.9,2.95,2.81,2.85,191321
FNT,20131111,0.006,0.006,0.006,0.006,629185
FOX,20131111,35.86,35.92,35.61,35.68,772976
FOY,20131111,0.002,0.002,0.002,0.002,80000
FPH,20131111,3.32,3.4,3.32,3.37,28521
FPS,20131111,1.22,1.25,1.2,1.2,17680
FRI,20131111,1.58,1.595,1.575,1.58,79863
FRM,20131111,0.14,0.14,0.14,0.14,21596
FRR,20131111,0.01,0.01,0.01,0.01,6684
FSA,20131111,1.065,1.1,1.065,1.08,174705
FSE,20131111,0.009,0.009,0.009,0.009,594000
FSF,20131111,6.02,6.02,5.78,5.78,21939
FSI,20131111,1.52,1.52,1.52,1.52,4486
FTE,20131111,0.007,0.007,0.007,0.007,10000
FTZ,20131111,0.51,0.55,0.51,0.55,3176
FUN,20131111,0.175,0.175,0.17,0.17,1730149
FWD,20131111,3.17,3.17,3.04,3.04,197901
FXJ,20131111,0.6,0.605,0.582,0.59,7063264
FXL,20131111,4.63,4.69,4.6,4.61,534261
FXR,20131111,0.016,0.016,0.015,0.016,330219
FZR,20131111,0.425,0.425,0.425,0.425,5000
GAP,20131111,0.285,0.29,0.285,0.29,140604
GBE,20131111,0.04,0.04,0.04,0.04,255000
GBG,20131111,0.135,0.135,0.13,0.13,684360
GBI,20131111,0.097,0.098,0.097,0.098,55500
GBP,20131111,0.09,0.09,0.09,0.09,49600
GBT,20131111,3.48,3.7,3.48,3.56,193567
GBZ,20131111,0.043,0.043,0.041,0.043,3043068
GCG,20131111,0.079,0.079,0.079,0.079,26000
GCN,20131111,0.014,0.014,0.014,0.014,1078664
GCS,20131111,0.575,0.6,0.53,0.6,77679
GCY,20131111,0.185,0.185,0.18,0.18,45000
GDO,20131111,0.225,0.225,0.225,0.225,56990
GDY,20131111,0.088,0.088,0.086,0.087,522554
GEM,20131111,3.17,3.19,3.075,3.11,1607173
GFF,20131111,0.735,0.745,0.725,0.735,3789607
GGE,20131111,0.015,0.016,0.015,0.016,372000
GGG,20131111,0.285,0.29,0.277,0.28,508362
GGP,20131111,0.001,0.001,0.001,0.001,208305834
GGX,20131111,0.022,0.022,0.021,0.021,1554579
GHC,20131111,1.215,1.22,1.215,1.215,71350
GID,20131111,0.74,0.74,0.67,0.7,1164034
GIP,20131111,0.004,0.004,0.004,0.004,64191
GJT,20131111,1.495,1.505,1.49,1.5,83965
GLH,20131111,0.43,0.43,0.4,0.42,52334
GLL,20131111,0.14,0.14,0.14,0.14,142760
GLM,20131111,0.007,0.007,0.007,0.007,100000
GLY,20131111,0.16,0.16,0.16,0.16,3040200
GME,20131111,0.03,0.03,0.03,0.03,45779
GMG,20131111,5.08,5.08,4.99,5,3496568
GML,20131111,0.105,0.11,0.1,0.1,347810
GMR,20131111,0.012,0.012,0.012,0.012,693191
GMY,20131111,1.025,1.025,1.02,1.02,4606
GNC,20131111,12.21,12.26,12.18,12.19,822359
GNG,20131111,0.63,0.67,0.63,0.67,3949292
GOLD,20131111,132.3,132.39,131.6,132.12,6264
GOR,20131111,0.081,0.081,0.076,0.078,298258
GOW,20131111,2.62,2.65,2.62,2.65,16500
GOZ,20131111,2.62,2.62,2.59,2.6,50446
GPG,20131111,0.515,0.53,0.515,0.53,368318
GPS,20131111,0.07,0.1,0.07,0.1,30000
GPT,20131111,3.73,3.74,3.71,3.72,1524688
GRB,20131111,0.24,0.245,0.24,0.24,40159
GRK,20131111,0.001,0.001,0.001,0.001,200000
GRR,20131111,0.22,0.225,0.215,0.215,299894
GRV,20131111,0.09,0.09,0.09,0.09,70000
GRY,20131111,0.14,0.14,0.14,0.14,621661
GSC,20131111,0.027,0.027,0.027,0.027,100000
GSE,20131111,0.005,0.005,0.005,0.005,200000
GSZ,20131111,0.025,0.025,0.023,0.023,130006
GTE,20131111,0.13,0.13,0.11,0.12,231500
GTG,20131111,0.065,0.069,0.062,0.064,575688
GUD,20131111,5.5,5.58,5.45,5.48,232575
GUF,20131111,0.093,0.094,0.088,0.089,2105549
GUN,20131111,0.023,0.023,0.023,0.023,34000
GWA,20131111,3.18,3.24,3.165,3.18,268265
GWR,20131111,0.15,0.15,0.13,0.13,30700
GXL,20131111,6.6,6.6,6.5,6.52,25181
GXY,20131111,0.057,0.058,0.056,0.056,985564
HAO,20131111,0.325,0.34,0.3,0.34,210000
HAR,20131111,0.081,0.081,0.081,0.081,10400
HAS,20131111,0.07,0.07,0.061,0.061,1566973
HAV,20131111,0.27,0.27,0.26,0.26,50160
HAZ,20131111,0.048,0.048,0.047,0.047,210000
HCH,20131111,0.5,0.515,0.5,0.51,119755
HCT,20131111,0.11,0.115,0.11,0.115,120911
HDG,20131111,0.035,0.035,0.035,0.035,9740
HDX,20131111,0.31,0.315,0.31,0.31,19333
HEG,20131111,0.006,0.006,0.006,0.006,23784
HFA,20131111,0.735,0.745,0.735,0.745,2875
HFR,20131111,0.35,0.35,0.35,0.35,15000
HGG,20131111,3.77,3.79,3.73,3.77,7266257
HGL,20131111,0.065,0.065,0.065,0.065,3200
HGO,20131111,0.088,0.089,0.085,0.088,674921
HHV,20131111,0.98,0.99,0.98,0.99,42618
HHY,20131111,0.345,0.35,0.345,0.345,37850
HIG,20131111,0.08,0.08,0.08,0.08,11500
HIL,20131111,1.8,1.84,1.77,1.77,480684
HIT,20131111,0.09,0.09,0.09,0.09,20000
HLX,20131111,0.045,0.045,0.045,0.045,22010
HNG,20131111,0.54,0.54,0.54,0.54,2200
HNR,20131111,0.005,0.005,0.005,0.005,1554776
HOG,20131111,0.027,0.028,0.027,0.027,450000
HRR,20131111,0.145,0.15,0.145,0.145,96000
HSK,20131111,0.069,0.075,0.069,0.07,73090
HSN,20131111,1.07,1.1,1.07,1.07,101723
HTA,20131111,0.1,0.1,0.095,0.095,728112
HUB,20131111,1.46,1.57,1.46,1.5,225799
HVN,20131111,3.35,3.37,3.27,3.28,1062382
HZN,20131111,0.335,0.34,0.33,0.335,2304459
IAA,20131111,50.98,51,50.24,50.24,6638
IAF,20131111,100.1,100.27,100.04,100.27,689
IAG,20131111,6.19,6.19,6.05,6.12,7980913
IAU,20131111,0.295,0.295,0.275,0.275,988553
IAW,20131111,0.076,0.076,0.076,0.076,36217
IBC,20131111,0.565,0.565,0.565,0.565,81000
IBG,20131111,0.054,0.054,0.049,0.051,691280
IBK,20131111,39.78,39.96,39.59,39.7,4758
ICG,20131111,0.037,0.039,0.037,0.038,2326163
ICN,20131111,0.15,0.15,0.145,0.145,289257
ICP,20131111,0.09,0.099,0.09,0.099,103850
ICQ,20131111,0.925,0.95,0.92,0.94,84763
ICX,20131111,0.11,0.11,0.11,0.11,7500
ICZ,20131111,0.12,0.12,0.12,0.12,24500
IDC,20131111,0.071,0.071,0.07,0.07,376158
IDT,20131111,0.46,0.46,0.46,0.46,10000
IDZ,20131111,0.56,0.56,0.56,0.56,3500
IEC,20131111,0.11,0.11,0.105,0.105,204178
IEM,20131111,43.9,44.49,43.7,43.7,5900
IEU,20131111,49.35,49.35,48.17,48.46,8273
IFE,20131111,0.195,0.195,0.19,0.19,73165
IFL,20131111,9.1,9.1,9,9.02,354367
IFM,20131111,0.595,0.595,0.58,0.585,145796
IFN,20131111,0.26,0.265,0.25,0.25,502735
IGB,20131111,99.16,99.16,99.16,99.16,69
IGO,20131111,3.84,3.86,3.78,3.81,726996
IHD,20131111,17.6,17.7,17.34,17.34,34566
IHK,20131111,21.39,21.62,21.36,21.36,20106
IIN,20131111,6.45,6.47,6.33,6.35,373659
IJH,20131111,136.78,137.21,136.6,136.6,1162
IJP,20131111,12.49,12.49,12.42,12.45,18130
IJR,20131111,110,111.17,110,111,798
IKO,20131111,66.62,66.62,66.62,66.62,250
ILB,20131111,99.35,99.35,98.92,98.92,225
ILC,20131111,25.09,25.09,24.74,24.81,39421
ILU,20131111,10.1,10.11,9.84,9.86,4118591
IMA,20131111,0.15,0.15,0.14,0.14,11500
IMC,20131111,0.009,0.014,0.009,0.011,23695652
IMD,20131111,0.72,0.72,0.695,0.7,796159
IMF,20131111,1.775,1.775,1.72,1.75,499408
IMI,20131111,0.001,0.001,0.001,0.001,952
IMU,20131111,0.02,0.02,0.018,0.02,1791730
INA,20131111,0.51,0.515,0.5,0.5,5174644
IOF,20131111,3.2,3.2,3.16,3.16,1728145
IOG,20131111,0.11,0.11,0.11,0.11,314000
IOH,20131111,0.89,0.91,0.88,0.91,59722
IOO,20131111,79.5,80.54,79.5,80.14,12701
IOZ,20131111,23.64,23.81,23.31,23.39,45103
IPD,20131111,0.16,0.16,0.155,0.16,35700
IPE,20131111,0.47,0.47,0.465,0.47,405347
IPL,20131111,2.66,2.67,2.6,2.61,7274931
IPP,20131111,2,2.02,1.91,1.94,431854
IPT,20131111,0.055,0.057,0.05,0.054,1184744
IRD,20131111,0.31,0.31,0.31,0.31,13200
IRE,20131111,10.2,10.38,10.13,10.2,286173
IRI,20131111,0.955,0.96,0.95,0.955,49147
IRL,20131111,0.005,0.005,0.005,0.005,9900
IRN,20131111,0.155,0.155,0.142,0.145,844611
IRU,20131111,116.34,116.34,116.34,116.34,133
ISG,20131111,14.56,14.56,14.48,14.48,5500
ISN,20131111,0.63,0.637,0.59,0.59,418791
ISO,20131111,4.06,4.08,4.02,4.02,39274
ISU,20131111,1.28,1.3,1.265,1.265,119527
ITD,20131111,0.3,0.3,0.3,0.3,4200
IVA,20131111,0.22,0.22,0.215,0.217,3529855
IVC,20131111,10.78,10.78,10.55,10.56,136753
IVE,20131111,69.25,69.55,69.25,69.5,1123
IVG,20131111,0.054,0.054,0.054,0.054,6000
IVR,20131111,0.06,0.061,0.052,0.052,1118940
IVV,20131111,187.9,190.5,187.9,189.78,6717
IVX,20131111,0.11,0.125,0.105,0.115,964050
IXI,20131111,91.56,91.9,91.56,91.9,707
IXJ,20131111,88.45,88.45,88.05,88.05,1813
IXP,20131111,72.26,72.26,71.75,71.75,935
IXR,20131111,0.055,0.06,0.055,0.059,558477
IZM,20131111,0.002,0.002,0.002,0.002,25942
IZZ,20131111,39.46,40.5,39,39.05,4790
JAL,20131111,0.27,0.27,0.27,0.27,93116
JAT,20131111,0.022,0.022,0.02,0.02,11000
JBH,20131111,22,22.27,21.9,21.95,663886
JET,20131111,0.42,0.42,0.42,0.42,7900
JHX,20131111,10.9,10.93,10.54,10.59,824041
JIN,20131111,2.26,2.3,2.26,2.3,183086
JKA,20131111,0.078,0.078,0.07,0.071,609303
JMB,20131111,0.021,0.021,0.021,0.021,298389
JMS,20131111,0.056,0.056,0.055,0.055,396755
JPR,20131111,0.41,0.42,0.41,0.42,25566
JRV,20131111,0.036,0.036,0.036,0.036,300
KAM,20131111,0.7,0.72,0.7,0.72,40000
KAR,20131111,4.43,4.53,4.39,4.4,370416
KAS,20131111,0.14,0.14,0.135,0.135,360794
KAT,20131111,0.83,0.83,0.83,0.83,12500
KBC,20131111,0.15,0.15,0.15,0.15,278275
KBL,20131111,0.063,0.063,0.06,0.06,131269
KCN,20131111,1.45,1.45,1.38,1.385,1378272
KDL,20131111,0.79,0.86,0.765,0.815,402774
KDR,20131111,0.22,0.22,0.205,0.21,816865
KFE,20131111,0.084,0.084,0.084,0.084,46200
KGD,20131111,0.1,0.1,0.1,0.1,4000
KGL,20131111,0.082,0.085,0.082,0.085,183429
KGM,20131111,0.033,0.033,0.033,0.033,100000
KIN,20131111,0.28,0.28,0.28,0.28,8928
KIS,20131111,0.125,0.125,0.125,0.125,25000
KKL,20131111,0.011,0.011,0.011,0.011,2461000
KKT,20131111,0.05,0.05,0.05,0.05,6815
KMD,20131111,3.39,3.49,3.36,3.46,762641
KNL,20131111,0.1,0.1,0.1,0.1,196255
KOR,20131111,0.029,0.029,0.029,0.029,93125
KPL,20131111,0.49,0.51,0.49,0.49,616574
KPR,20131111,0.115,0.115,0.115,0.115,31415
KRL,20131111,0.016,0.016,0.016,0.016,20000
KRM,20131111,0.4,0.42,0.395,0.4,126251
KRS,20131111,0.175,0.175,0.175,0.175,20000
KSC,20131111,1.715,1.725,1.7,1.72,47736
KTE,20131111,0.014,0.014,0.014,0.014,1
LBT,20131111,0.082,0.082,0.082,0.082,140528
LCE,20131111,0.22,0.22,0.22,0.22,6000
LCM,20131111,1.68,1.69,1.61,1.635,148720
LCR,20131111,0.01,0.01,0.01,0.01,67225
LCT,20131111,0.089,0.089,0.084,0.084,16236
LCY,20131111,0.04,0.04,0.04,0.04,50000
LEG,20131111,0.011,0.011,0.011,0.011,414350
LEI,20131111,17.33,17.4,17.07,17.17,542210
LEP,20131111,2.68,2.69,2.62,2.63,141630
LGD,20131111,0.335,0.335,0.325,0.325,161100
LIC,20131111,1.1,1.15,1.1,1.15,14545
LKO,20131111,0.007,0.007,0.006,0.006,6724082
LLC,20131111,11.06,11.17,10.975,11,1525769
LMB,20131111,0.14,0.18,0.14,0.165,1369096
LMG,20131111,0.006,0.006,0.006,0.006,4011675
LML,20131111,0.054,0.054,0.054,0.054,23574
LMW,20131111,0.47,0.47,0.47,0.47,19000
LNC,20131111,1.365,1.375,1.215,1.22,8501027
LNG,20131111,0.315,0.33,0.315,0.315,420783
LNR,20131111,0.27,0.28,0.265,0.28,762000
LNY,20131111,0.008,0.008,0.008,0.008,123392
LOM,20131111,0.008,0.008,0.007,0.007,2561934
LRG,20131111,0.18,0.18,0.18,0.18,25800
LRL,20131111,0.125,0.125,0.12,0.12,80000
LRR,20131111,0.002,0.002,0.002,0.002,4305
LSA,20131111,0.24,0.275,0.24,0.275,34222
LSX,20131111,0.55,0.565,0.55,0.565,21901
LYC,20131111,0.345,0.352,0.33,0.33,9859125
LYL,20131111,4.75,4.88,4.75,4.88,1626
MAB,20131111,0.48,0.48,0.47,0.48,42000
MAD,20131111,0.58,0.6,0.55,0.55,2470987
MAH,20131111,0.145,0.15,0.14,0.14,2675139
MAK,20131111,0.16,0.165,0.16,0.165,59000
MAQ,20131111,8.5,8.5,8.5,8.5,2148
MAT,20131111,0.25,0.25,0.25,0.25,69143
MAU,20131111,0.14,0.14,0.13,0.13,79500
MBE,20131111,0.205,0.215,0.195,0.195,4318849
MBO,20131111,0.049,0.05,0.04,0.05,240981
MCE,20131111,0.67,0.67,0.61,0.65,214765
MCP,20131111,1.66,1.69,1.63,1.64,362265
MCR,20131111,0.58,0.58,0.555,0.56,159614
MCX,20131111,0.16,0.16,0.16,0.16,35473
MDL,20131111,2.94,3.01,2.77,2.78,94649
MDX,20131111,0.1,0.1,0.1,0.1,50000
MED,20131111,0.11,0.115,0.11,0.115,74962
MEI,20131111,0.033,0.033,0.033,0.033,13000
MEJ,20131111,0.018,0.018,0.018,0.018,1000
MEL,20131111,0.12,0.125,0.11,0.115,314426
MEO,20131111,0.064,0.065,0.063,0.063,710484
MEP,20131111,0.125,0.125,0.125,0.125,22823
MEU,20131111,0.018,0.018,0.017,0.018,1516221
MEY,20131111,0.005,0.005,0.005,0.005,668889
MFF,20131111,1.385,1.39,1.37,1.385,265570
MFG,20131111,11.09,11.13,10.87,10.88,229695
MGL,20131111,0.027,0.029,0.026,0.027,773138
MGR,20131111,1.78,1.795,1.76,1.77,8076719
MGU,20131111,0.013,0.013,0.013,0.013,20000
MGV,20131111,0.089,0.09,0.089,0.089,178000
MGX,20131111,0.99,1.022,0.985,0.985,8795676
MGZ,20131111,0.025,0.025,0.025,0.025,20000
MHM,20131111,0.095,0.095,0.092,0.092,42880
MIN,20131111,11.5,11.55,11.31,11.39,317764
MIO,20131111,2.13,2.14,2.115,2.14,22582
MIR,20131111,2.74,2.76,2.73,2.76,113250
MIX,20131111,0.15,0.15,0.145,0.145,98100
MIZ,20131111,0.006,0.006,0.006,0.006,2958888
MKB,20131111,0.21,0.23,0.21,0.23,2604941
MLA,20131111,0.185,0.19,0.185,0.19,66500
MLB,20131111,1.61,1.63,1.6,1.62,60147
MLD,20131111,2.41,2.53,2.39,2.45,274477
MLS,20131111,0.016,0.016,0.016,0.016,125000
MLT,20131111,4.24,4.26,4.18,4.18,101468
MLX,20131111,0.155,0.16,0.155,0.16,1044981
MMC,20131111,0.021,0.021,0.019,0.019,1515631
MML,20131111,1.88,1.88,1.78,1.8,1115385
MMS,20131111,12.7,12.77,12.44,12.45,265820
MMX,20131111,0.045,0.045,0.045,0.045,17000
MNB,20131111,0.009,0.009,0.009,0.009,70481
MNC,20131111,0.044,0.044,0.043,0.043,781108
MND,20131111,17.79,17.9,17.5,17.6,265533
MNE,20131111,0.028,0.028,0.026,0.028,601381
MNF,20131111,1.46,1.5,1.46,1.46,61858
MNM,20131111,0.035,0.035,0.035,0.035,270000
MNW,20131111,0.265,0.285,0.24,0.25,5461030
MNY,20131111,0.99,0.99,0.965,0.965,125268
MNZ,20131111,0.009,0.009,0.008,0.008,279222
MOC,20131111,2.96,2.98,2.93,2.94,101270
MOD,20131111,0.028,0.028,0.028,0.028,230000
MOL,20131111,0.125,0.13,0.125,0.13,144064
MOO,20131111,0.007,0.007,0.007,0.007,1385714
MOT,20131111,0.002,0.002,0.002,0.002,2948294
MOU,20131111,0.005,0.005,0.004,0.004,4565332
MOY,20131111,0.25,0.25,0.25,0.25,231135
MPJ,20131111,0.003,0.004,0.003,0.004,1611350
MPO,20131111,0.205,0.205,0.195,0.2,661351
MQA,20131111,2.57,2.65,2.55,2.55,443695
MQG,20131111,53.99,54.52,53.89,54.18,3740071
MRC,20131111,0.15,0.15,0.15,0.15,80000
MRM,20131111,3.55,3.59,3.52,3.56,484290
MRN,20131111,1.16,1.17,1.16,1.16,27846
MRP,20131111,0.205,0.205,0.19,0.19,306150
MRV,20131111,0.002,0.002,0.002,0.002,2691266
MSB,20131111,6.32,6.36,6.23,6.27,389749
MSR,20131111,0.036,0.036,0.036,0.036,20000
MTA,20131111,0.14,0.14,0.13,0.13,74000
MTE,20131111,0.034,0.036,0.033,0.035,350000
MTI,20131111,0.002,0.002,0.002,0.002,2500000
MTN,20131111,0.035,0.035,0.031,0.031,625348
MTS,20131111,3.31,3.34,3.28,3.29,2307222
MTU,20131111,6.31,6.34,6.24,6.25,455003
MUE,20131111,0.044,0.044,0.044,0.044,100000
MUM,20131111,0.01,0.01,0.01,0.01,41666
MUT,20131111,0.004,0.004,0.004,0.004,200000
MUX,20131111,0.045,0.045,0.045,0.045,28000
MVA,20131111,15.36,15.36,15.35,15.35,764
MVP,20131111,1.25,1.25,1.25,1.25,3000
MWR,20131111,1.59,1.59,1.55,1.55,16606
MXI,20131111,1.22,1.22,1.185,1.19,426847
MXQ,20131111,0.155,0.155,0.155,0.155,5544
MXR,20131111,0.003,0.003,0.003,0.003,16667
MYG,20131111,0.037,0.037,0.034,0.034,515800
MYR,20131111,2.59,2.69,2.59,2.68,4324774
MYS,20131111,4.82,4.85,4.8,4.8,42124
MYT,20131111,1.955,1.955,1.925,1.93,78523
MYX,20131111,0.79,0.825,0.79,0.805,1171614
MZI,20131111,0.015,0.015,0.013,0.013,3144741
MZM,20131111,0.083,0.083,0.082,0.082,50000
NAB,20131111,34.88,35,34.32,34.56,3732273
NAM,20131111,0.26,0.27,0.26,0.27,274170
NAN,20131111,0.85,0.85,0.83,0.83,139753
NCC,20131111,1.15,1.16,1.15,1.16,25621
NCK,20131111,3.1,3.25,3.09,3.25,1134649
NCM,20131111,9.9,9.9,9.63,9.74,3183913
NDO,20131111,0.038,0.04,0.037,0.04,2524640
NEA,20131111,0.53,0.555,0.53,0.545,789831
NEN,20131111,0.28,0.28,0.27,0.27,680775
NEU,20131111,0.105,0.115,0.1,0.11,8627988
NFE,20131111,0.255,0.255,0.255,0.255,76068
NGE,20131111,0.022,0.023,0.022,0.023,187000
NGF,20131111,0.125,0.13,0.125,0.13,48399
NGY,20131111,0.039,0.039,0.032,0.032,220474
NHC,20131111,3.65,3.68,3.61,3.64,105871
NHF,20131111,2.43,2.46,2.42,2.44,504936
NIU,20131111,0.008,0.008,0.008,0.008,19964
NLS,20131111,0.008,0.008,0.008,0.008,141666
NMI,20131111,0.018,0.018,0.014,0.014,1088000
NML,20131111,0.05,0.05,0.05,0.05,63468
NMS,20131111,0.048,0.048,0.048,0.048,7309
NNW,20131111,0.375,0.38,0.375,0.38,50000
NOD,20131111,0.068,0.068,0.068,0.068,180000
NPX,20131111,3.13,3.13,3.13,3.13,4000
NRR,20131111,0.018,0.018,0.018,0.018,200000
NRT,20131111,0.22,0.22,0.215,0.22,980108
NSE,20131111,0.13,0.135,0.13,0.135,211200
NSL,20131111,0.012,0.012,0.01,0.01,5060566
NSP,20131111,0.042,0.042,0.042,0.042,119975
NST,20131111,0.795,0.8,0.76,0.76,4068896
NTC,20131111,0.225,0.225,0.225,0.225,188200
NTU,20131111,0.22,0.22,0.215,0.215,67665
NUF,20131111,4.81,4.9,4.8,4.88,340751
NVI,20131111,0.84,0.84,0.84,0.84,327
NVT,20131111,5.77,5.815,5.74,5.79,314115
NWE,20131111,0.018,0.018,0.018,0.018,739000
NWF,20131111,0.285,0.285,0.285,0.285,16000
NWH,20131111,1.27,1.31,1.207,1.24,2684480
NWS,20131111,19.04,19.1,18.99,19.02,95402
NWT,20131111,0.405,0.415,0.38,0.38,2031982
NXS,20131111,0.072,0.072,0.07,0.07,1808121
NXT,20131111,2.28,2.38,2.28,2.37,399084
OBJ,20131111,0.019,0.02,0.019,0.019,1826730
OBL,20131111,0.015,0.016,0.015,0.015,641550
OBS,20131111,0.35,0.35,0.34,0.34,179931
OCL,20131111,0.58,0.58,0.57,0.58,33090
OCP,20131111,1.65,1.65,1.65,1.65,27500
OEC,20131111,0.17,0.17,0.17,0.17,40000
OEG,20131111,0.062,0.062,0.062,0.062,80000
OEL,20131111,0.08,0.085,0.08,0.085,2580145
OEX,20131111,0.046,0.046,0.044,0.045,1402088
OFX,20131111,2.58,2.64,2.53,2.54,394149
OGC,20131111,1.85,1.875,1.82,1.825,1468365
OGH,20131111,0.015,0.015,0.015,0.015,498975
OGX,20131111,0.15,0.15,0.14,0.14,63433
OGY,20131111,0.021,0.021,0.02,0.02,1115496
OIL,20131111,0.056,0.056,0.056,0.056,50000
OKN,20131111,1.76,1.825,1.76,1.825,150654
OKU,20131111,0.005,0.005,0.005,0.005,240000
OMH,20131111,0.32,0.32,0.32,0.32,45011
ONC,20131111,0.19,0.19,0.18,0.18,123750
ONT,20131111,6.55,6.55,6.54,6.55,1760
OOO,20131111,49.12,49.12,49.12,49.12,50
ORE,20131111,2.33,2.37,2.25,2.26,119254
ORG,20131111,14.5,14.52,14.2,14.24,1425367
ORI,20131111,20.7,21.81,20.6,21.81,4186524
ORL,20131111,5.22,5.23,5.085,5.1,76894
ORN,20131111,0.095,0.095,0.095,0.095,115000
ORR,20131111,0.07,0.07,0.07,0.07,18750
ORS,20131111,0.078,0.078,0.078,0.078,127885
ORX,20131111,0.03,0.03,0.03,0.03,10000
OSH,20131111,8.45,8.53,8.34,8.44,2229736
OSL,20131111,0.11,0.11,0.11,0.11,30000
OSP,20131111,0.73,0.73,0.72,0.72,49561
OTC,20131111,0.115,0.115,0.11,0.11,535956
OTE,20131111,0.001,0.001,0.001,0.001,125000
OTH,20131111,0.65,0.655,0.63,0.645,153623
OVL,20131111,0.018,0.018,0.014,0.014,1046132
OXX,20131111,0.19,0.19,0.19,0.19,10000
OZF,20131111,22.45,22.45,21.18,21.22,19311
OZG,20131111,0.19,0.19,0.185,0.185,108790
OZL,20131111,3.48,3.48,3.39,3.41,762806
OZR,20131111,10.31,10.31,10.31,10.31,1446
PAA,20131111,0.012,0.015,0.012,0.014,51078375
PAB,20131111,0.062,0.092,0.062,0.08,155839402
PAN,20131111,0.265,0.267,0.26,0.265,666805
PBD,20131111,0.015,0.015,0.014,0.015,514600
PBG,20131111,0.7,0.705,0.695,0.695,1364389
PBT,20131111,0.435,0.445,0.43,0.435,424300
PCL,20131111,0.07,0.071,0.07,0.07,324085
PDI,20131111,0.018,0.018,0.018,0.018,160000
PDN,20131111,0.405,0.412,0.39,0.395,3712013
PDY,20131111,0.003,0.003,0.003,0.003,2141000
PDZ,20131111,0.335,0.335,0.335,0.335,22000
PEA,20131111,0.42,0.43,0.42,0.43,110032
PEH,20131111,0.065,0.065,0.065,0.065,25000
PEK,20131111,0.095,0.099,0.095,0.095,1376449
PEM,20131111,0.335,0.34,0.335,0.34,318229
PEN,20131111,0.023,0.023,0.022,0.022,1461832
PEX,20131111,0.3,0.3,0.3,0.3,54340
PFG,20131111,0.135,0.14,0.135,0.135,48800
PFL,20131111,1.42,1.42,1.405,1.41,97033
PGI,20131111,0.05,0.051,0.049,0.05,834666
PGM,20131111,0.06,0.06,0.057,0.057,55221
PGS,20131111,0.022,0.022,0.022,0.022,25000
PHG,20131111,0.12,0.13,0.12,0.13,842524
PHI,20131111,2.5,2.5,2.5,2.5,1348
PIE,20131111,0.05,0.05,0.05,0.05,6709
PIO,20131111,0.016,0.016,0.015,0.015,1964240
PIR,20131111,1.12,1.125,1.07,1.07,1396527
PKO,20131111,0.008,0.008,0.008,0.008,101930
PLP,20131111,0.002,0.002,0.002,0.002,82500
PLV,20131111,0.066,0.066,0.066,0.066,25000
PMC,20131111,1.65,1.66,1.58,1.635,884219
PME,20131111,0.64,0.66,0.64,0.66,48220
PMP,20131111,0.485,0.49,0.465,0.475,483526
PMQ,20131111,0.03,0.03,0.03,0.03,741075
PMV,20131111,8.06,8.1,7.95,7.98,450296
PMY,20131111,0.019,0.019,0.018,0.018,663157
PNA,20131111,1.895,1.895,1.84,1.845,2219844
PNL,20131111,0.235,0.235,0.235,0.235,5000
PNR,20131111,0.07,0.07,0.07,0.07,60000
POH,20131111,0.135,0.135,0.135,0.135,280217
POK,20131111,0.086,0.086,0.086,0.086,4500
POS,20131111,0.096,0.096,0.095,0.095,143252
POU,20131111,17,17.03,17,17.03,320
PPC,20131111,1.4,1.42,1.38,1.42,108641
PPG,20131111,0.46,0.465,0.46,0.465,102040
PPK,20131111,0.73,0.75,0.73,0.75,39700
PPM,20131111,6.04,6.04,6,6.02,118378
PPP,20131111,0.115,0.115,0.115,0.115,49200
PPS,20131111,0.16,0.16,0.155,0.155,35328
PPT,20131111,46.77,47.32,46.09,46.34,133041
PPX,20131111,0.05,0.05,0.048,0.05,543653
PRA,20131111,0.03,0.03,0.027,0.029,686211
PRG,20131111,2.8,2.83,2.77,2.83,133209
PRL,20131111,0.16,0.165,0.15,0.15,1005657
PRO,20131111,0.66,0.665,0.66,0.665,31734
PRR,20131111,0.038,0.04,0.038,0.038,4067922
PRT,20131111,1.075,1.075,1.06,1.06,122968
PRU,20131111,0.4,0.4,0.385,0.39,3675048
PRY,20131111,5.03,5.04,4.935,4.96,1004609
PSA,20131111,0.095,0.095,0.092,0.095,277332
PSF,20131111,0.011,0.011,0.011,0.011,1380363
PSH,20131111,0.055,0.055,0.053,0.053,53954
PSP,20131111,0.007,0.007,0.007,0.007,150000
PSY,20131111,0.005,0.013,0.005,0.013,1051599
PTL,20131111,0.027,0.027,0.027,0.027,200000
PTM,20131111,6.14,6.14,5.94,5.94,782571
PVA,20131111,2.57,2.57,2.57,2.57,500
PVD,20131111,0.74,0.75,0.72,0.725,311892
PVM,20131111,0.325,0.33,0.32,0.33,1311055
PXG,20131111,0.175,0.175,0.175,0.175,7800
PXS,20131111,0.13,0.13,0.125,0.13,183334
PXT,20131111,0.21,0.21,0.21,0.21,25155
PYC,20131111,0.018,0.018,0.015,0.017,3819897
PZC,20131111,0.025,0.025,0.025,0.025,8
QAG,20131111,10.76,10.76,10.76,10.76,800
QAN,20131111,1.27,1.275,1.237,1.25,8897006
QAU,20131111,13.4,13.4,13.3,13.33,1315
QBE,20131111,15.13,15.39,15.1,15.35,7531036
QBL,20131111,0.007,0.007,0.007,0.007,2585700
QFN,20131111,11.54,11.54,11.46,11.46,13464
QFX,20131111,0.02,0.021,0.017,0.018,67938982
QHL,20131111,0.24,0.24,0.23,0.23,143000
QMN,20131111,0.012,0.012,0.012,0.012,500000
QNA,20131111,0.003,0.003,0.003,0.003,500000
QOZ,20131111,12.39,12.39,12.3,12.3,3825
QPN,20131111,0.002,0.002,0.002,0.002,1981683
QRE,20131111,5.8,5.82,5.78,5.78,40
QUB,20131111,2.15,2.17,2.09,2.09,762976
QUR,20131111,0.001,0.001,0.001,0.001,300000
RAU,20131111,0.01,0.01,0.01,0.01,186334
RAW,20131111,0.05,0.05,0.049,0.049,630000
RCB,20131111,20.34,20.46,20.34,20.4,8104
RCG,20131111,0.74,0.74,0.73,0.74,69943
RCM,20131111,0.007,0.007,0.007,0.007,3312
RCP,20131111,0.002,0.002,0.002,0.002,13334
RCR,20131111,3.7,3.7,3.57,3.57,130752
RCT,20131111,2.77,2.8,2.7,2.8,3500
RCU,20131111,0.34,0.34,0.31,0.31,22375
RDF,20131111,1.2,1.2,1.2,1.2,3841
RDH,20131111,0.72,0.74,0.72,0.74,73747
RDM,20131111,0.12,0.12,0.12,0.12,38969
RDR,20131111,0.031,0.034,0.03,0.031,743000
RDS,20131111,0.045,0.045,0.045,0.045,24311
RDV,20131111,29.6,29.78,29.54,29.54,3398
REA,20131111,40.9,41.07,39.81,40,312920
RED,20131111,0.091,0.091,0.082,0.087,5380514
REH,20131111,31,31.08,30.99,31.07,3607
RER,20131111,0.022,0.022,0.022,0.022,170000
RES,20131111,0.225,0.225,0.215,0.22,399600
REX,20131111,1.03,1.03,1.015,1.015,3500
REY,20131111,0.115,0.12,0.115,0.12,810837
RFE,20131111,0.445,0.445,0.415,0.415,2090819
RFG,20131111,4.42,4.45,4.4,4.42,643764
RFL,20131111,0.245,0.25,0.24,0.25,129919
RFX,20131111,0.1,0.1,0.1,0.1,13000
RGP,20131111,0.029,0.029,0.029,0.029,30000
RGS,20131111,0.28,0.29,0.28,0.29,171533
RGX,20131111,0.02,0.02,0.02,0.02,60003
RHC,20131111,39.13,39.5,38.43,38.83,249535
RHG,20131111,0.492,0.492,0.49,0.49,2382601
RHI,20131111,0.8,0.8,0.8,0.8,15000
RHL,20131111,3.21,3.21,3.18,3.18,16028
RHT,20131111,0.013,0.013,0.013,0.013,80000
RIA,20131111,0.041,0.041,0.036,0.038,4828316
RIC,20131111,0.86,0.87,0.855,0.855,642403
RIO,20131111,65.8,65.93,64.87,65.07,921319
RKN,20131111,2.31,2.31,2.26,2.26,195218
RMD,20131111,5.38,5.465,5.38,5.4,6222985
RMX,20131111,0.007,0.007,0.006,0.007,719000
RNC,20131111,0.28,0.28,0.28,0.28,8937
RND,20131111,0.585,0.62,0.585,0.6,150762
RNI,20131111,0.067,0.067,0.065,0.066,344223
RNS,20131111,0.075,0.075,0.075,0.075,51132
RNU,20131111,0.041,0.041,0.041,0.041,14646
RNY,20131111,0.295,0.295,0.29,0.29,80000
ROC,20131111,0.47,0.475,0.465,0.465,437452
ROG,20131111,0.002,0.002,0.002,0.002,10550842
ROL,20131111,0.41,0.46,0.41,0.44,167005
RQL,20131111,0.165,0.165,0.165,0.165,50000
RRL,20131111,3.27,3.27,3.17,3.25,1165006
RRS,20131111,0.03,0.031,0.029,0.029,338001
RSG,20131111,0.615,0.615,0.585,0.59,4355586
RTD,20131111,0.065,0.065,0.065,0.065,754267
RUL,20131111,0.675,0.685,0.675,0.68,347493
RUM,20131111,0.17,0.17,0.16,0.17,212764
RVA,20131111,0.56,0.56,0.56,0.56,6500
RWH,20131111,3.35,3.35,3.26,3.26,30476
RXL,20131111,0.032,0.032,0.031,0.032,1701155
RXM,20131111,0.465,0.48,0.46,0.47,122196
RXP,20131111,0.81,0.82,0.8,0.8,50963
RYG,20131111,0.012,0.012,0.01,0.01,129855
SAI,20131111,4.04,4.15,4.04,4.1,402477
SAR,20131111,0.22,0.22,0.215,0.215,988871
SAU,20131111,0.013,0.013,0.013,0.013,475681
SBM,20131111,0.33,0.335,0.31,0.31,5844008
SBN,20131111,0.008,0.008,0.008,0.008,82478
SBR,20131111,0.052,0.052,0.05,0.05,83064
SCC,20131111,0.55,0.57,0.55,0.57,21270
SCD,20131111,1.19,1.19,1.155,1.165,20000
SCI,20131111,0.076,0.08,0.075,0.08,185000
SCP,20131111,1.61,1.61,1.6,1.6,925479
SDF,20131111,1.67,1.67,1.62,1.65,3543561
SDG,20131111,1.63,1.66,1.617,1.66,92254
SDI,20131111,0.56,0.56,0.555,0.555,9148
SDL,20131111,0.115,0.125,0.11,0.115,40847761
SDM,20131111,0.76,0.785,0.75,0.765,457102
SEA,20131111,1.14,1.14,1.125,1.125,509142
SEG,20131111,0.005,0.005,0.005,0.005,1500000
SEH,20131111,0.25,0.25,0.245,0.245,897474
SEK,20131111,12.81,12.94,12.52,12.56,1370688
SEN,20131111,0.058,0.062,0.057,0.06,11530585
SEO,20131111,0.044,0.044,0.044,0.044,13500
SER,20131111,0.028,0.03,0.028,0.03,60000
SFC,20131111,5.39,5.39,5.39,5.39,500
SFH,20131111,0.875,0.88,0.84,0.86,171282
SFR,20131111,6.29,6.32,6.08,6.14,339460
SFW,20131111,0.76,0.765,0.745,0.75,91157
SFX,20131111,0.51,0.51,0.49,0.5,143500
SFY,20131111,55.5,55.5,54.8,54.92,30093
SFZ,20131111,0.06,0.06,0.06,0.06,165000
SGH,20131111,4.15,4.15,4.11,4.15,232681
SGM,20131111,10.05,10.05,9.88,9.96,466734
SGN,20131111,1.5,1.535,1.5,1.505,443272
SGP,20131111,4.06,4.08,4.02,4.02,5289678
SGQ,20131111,0.12,0.125,0.11,0.11,125547
SGT,20131111,3.26,3.27,3.21,3.24,631746
SGU,20131111,0.007,0.007,0.007,0.007,50000
SGY,20131111,0.004,0.004,0.004,0.004,500000
SGZ,20131111,0.02,0.02,0.02,0.02,61749
SHD,20131111,0.15,0.15,0.15,0.15,341892
SHH,20131111,0.18,0.18,0.18,0.18,10850
SHJ,20131111,1.72,1.73,1.72,1.73,19803
SHK,20131111,0.004,0.004,0.004,0.004,20000
SHL,20131111,16.31,16.49,16.21,16.29,651224
SHV,20131111,4.41,4.47,4.3,4.3,97639
SIP,20131111,0.58,0.582,0.57,0.575,1515508
SIR,20131111,2.64,2.72,2.5,2.51,1050163
SIT,20131111,0.155,0.16,0.155,0.16,183387
SIV,20131111,7.98,7.98,7.79,7.81,73779
SKC,20131111,3.45,3.45,3.37,3.43,2141299
SKE,20131111,3.47,3.48,3.43,3.43,420023
SKI,20131111,1.675,1.677,1.64,1.65,5005633
SKT,20131111,5.71,5.73,5.6,5.62,1183391
SLF,20131111,9.63,9.64,9.59,9.62,52045
SLK,20131111,1.47,1.47,1.47,1.47,3680
SLM,20131111,2.1,2.15,2.09,2.15,16768
SLR,20131111,0.68,0.68,0.665,0.665,2582732
SLX,20131111,2.44,2.45,2.25,2.27,159774
SMA,20131111,0.027,0.031,0.026,0.03,13317896
SMC,20131111,0.023,0.023,0.023,0.023,35885
SMD,20131111,0.032,0.032,0.032,0.032,7500
SMI,20131111,0.115,0.115,0.115,0.115,147418
SMN,20131111,0.28,0.285,0.22,0.23,228088
SMP,20131111,0.3,0.3,0.295,0.295,28000
SMR,20131111,0.18,0.19,0.18,0.185,132330
SMX,20131111,4.55,4.58,4.525,4.54,187600
SNL,20131111,1.7,1.7,1.7,1.7,20000
SNY,20131111,0.475,0.475,0.47,0.475,192414
SOC,20131111,0.23,0.23,0.22,0.23,122333
SOI,20131111,0.003,0.003,0.003,0.003,580250
SOL,20131111,14.88,15.04,14.69,14.8,67196
SOM,20131111,1.23,1.295,1.23,1.295,8450
SPA,20131111,0.43,0.43,0.38,0.38,1209725
SPL,20131111,0.91,0.915,0.87,0.875,255602
SPN,20131111,1.255,1.26,1.235,1.235,4428905
SPQ,20131111,0.01,0.011,0.009,0.009,223333
SPS,20131111,0.006,0.007,0.006,0.007,650344
SPZ,20131111,0.27,0.285,0.27,0.27,62200
SRH,20131111,0.17,0.17,0.17,0.17,20000
SRI,20131111,0.06,0.06,0.059,0.059,172000
SRK,20131111,0.055,0.055,0.054,0.054,68100
SRM,20131111,0.285,0.29,0.285,0.285,724438
SRQ,20131111,0.012,0.012,0.01,0.01,595839
SRR,20131111,0.003,0.003,0.003,0.003,41716
SRV,20131111,4.01,4.01,4,4,4939
SRX,20131111,12.49,12.49,12.13,12.15,75098
SRZ,20131111,0.05,0.05,0.05,0.05,250000
SSM,20131111,0.19,0.2,0.19,0.19,641408
SSN,20131111,0.025,0.025,0.024,0.025,619665
SSO,20131111,11.93,11.93,11.87,11.88,4958
SST,20131111,31.6,31.6,31.6,31.6,93
STB,20131111,0.215,0.23,0.2,0.21,158433
STE,20131111,0.076,0.078,0.071,0.078,1372838
STO,20131111,15.02,15.03,14.76,14.8,1585424
STP,20131111,1.36,1.36,1.33,1.33,18080
STS,20131111,0.47,0.485,0.47,0.485,55690
STW,20131111,51.89,51.92,51.22,51.36,131578
STX,20131111,0.099,0.099,0.098,0.098,1360714
SUL,20131111,13.84,13.93,13.72,13.8,552031
SUM,20131111,0.135,0.135,0.13,0.13,104311
SUN,20131111,13.44,13.48,13.24,13.3,3710972
SUR,20131111,0.034,0.035,0.034,0.035,409785
SVL,20131111,0.014,0.014,0.014,0.014,61000
SVW,20131111,7.92,7.99,7.69,7.71,290711
SWK,20131111,0.34,0.35,0.335,0.35,325296
SWL,20131111,1.24,1.24,1.19,1.19,17973
SWM,20131111,2.45,2.46,2.36,2.37,1050293
SXA,20131111,0.38,0.38,0.37,0.37,118700
SXE,20131111,1,1,0.98,0.98,10464
SXG,20131111,0.015,0.017,0.015,0.017,99348
SXL,20131111,1.725,1.725,1.685,1.7,2094225
SXY,20131111,0.84,0.84,0.805,0.81,2386047
SYD,20131111,4.03,4.06,3.99,4.04,5267029
SYI,20131111,31,31,30.72,30.74,2722
SYR,20131111,2.56,2.6,2.49,2.51,145152
SYS,20131111,0.001,0.001,0.001,0.001,14000
SZG,20131111,0.1,0.1,0.1,0.1,1000000
TAG,20131111,0.19,0.19,0.19,0.19,33481
TAH,20131111,3.52,3.54,3.5,3.5,1382363
TAM,20131111,0.046,0.046,0.045,0.045,170881
TAP,20131111,0.535,0.535,0.52,0.52,100957
TAR,20131111,0.013,0.013,0.012,0.012,1165000
TAW,20131111,0.03,0.031,0.03,0.031,2820000
TBR,20131111,3.01,3.33,2.99,3.21,183991
TCL,20131111,7.17,7.17,7,7.04,2645521
TCN,20131111,0.078,0.078,0.073,0.074,155420
TCQ,20131111,0.28,0.28,0.28,0.28,200000
TEG,20131111,0.013,0.013,0.012,0.012,4546667
TEL,20131111,2.08,2.08,2.05,2.05,1384414
TEN,20131111,0.275,0.28,0.27,0.27,7063828
TEX,20131111,0.053,0.053,0.053,0.053,192948
TFC,20131111,0.79,0.795,0.78,0.795,175976
TFS,20131111,0.12,0.12,0.12,0.12,10000
TGA,20131111,2.58,2.62,2.56,2.58,508312
TGG,20131111,1.27,1.28,1.27,1.27,41176
TGP,20131111,0.73,0.73,0.725,0.73,1060574
TGR,20131111,3.2,3.24,3.16,3.16,162081
TGS,20131111,0.31,0.32,0.31,0.32,2638588
TGZ,20131111,0.59,0.6,0.515,0.515,52490
TIG,20131111,0.175,0.175,0.175,0.175,11111
TIS,20131111,0.23,0.23,0.215,0.215,769600
TIX,20131111,2.08,2.09,2.07,2.07,70529
TLG,20131111,0.076,0.076,0.076,0.076,50000
TLM,20131111,0.125,0.125,0.125,0.125,34772
TLS,20131111,5.2,5.2,5.12,5.14,22237323
TME,20131111,3.89,3.89,3.835,3.86,266312
TMX,20131111,0.007,0.007,0.006,0.006,524321
TNE,20131111,2.05,2.12,2.05,2.11,102756
TNG,20131111,0.045,0.047,0.045,0.047,111290
TNP,20131111,0.008,0.009,0.008,0.008,1938282
TNR,20131111,0.004,0.004,0.004,0.004,92250
TOE,20131111,0.083,0.085,0.083,0.085,190312
TOL,20131111,5.65,5.68,5.56,5.59,1842872
TOU,20131111,0.36,0.36,0.35,0.35,242421
TOX,20131111,3.57,3.57,3.51,3.53,273294
TPC,20131111,0.105,0.12,0.105,0.12,191491
TPD,20131111,0.04,0.04,0.04,0.04,67940
TPI,20131111,1.17,1.187,1.14,1.165,7165277
TPL,20131111,0.002,0.002,0.002,0.002,1349603
TPM,20131111,4.6,4.6,4.45,4.45,381439
TPR,20131111,0.066,0.066,0.066,0.066,30000
TPT,20131111,0.28,0.28,0.25,0.265,849064
TRF,20131111,0.115,0.125,0.105,0.105,296180
TRG,20131111,8.83,9.12,8.83,8.83,10043
TRS,20131111,17.6,17.99,17.6,17.66,103439
TRU,20131111,8.45,8.55,8.45,8.48,107609
TRY,20131111,1.235,1.255,1.215,1.22,348386
TSE,20131111,1.37,1.37,1.345,1.35,963293
TSM,20131111,0.345,0.35,0.34,0.34,110388
TSN,20131111,0.008,0.008,0.007,0.008,2226800
TSV,20131111,0.005,0.005,0.004,0.004,800660
TTI,20131111,0.088,0.088,0.088,0.088,25000
TTN,20131111,3.46,3.5,3.43,3.49,98091
TTS,20131111,3.19,3.195,3.15,3.17,1461578
TUC,20131111,0.035,0.035,0.035,0.035,160000
TWD,20131111,3.36,3.4,3.36,3.39,68817
TWE,20131111,4.8,4.92,4.78,4.82,3732409
TWR,20131111,1.53,1.53,1.52,1.52,4342
TYK,20131111,0.003,0.003,0.003,0.003,1000000
TZL,20131111,0.125,0.13,0.125,0.13,22000
TZN,20131111,0.037,0.038,0.036,0.036,1878030
UBI,20131111,0.57,0.57,0.545,0.545,26170
UCM,20131111,0.15,0.15,0.15,0.15,80000
UEQ,20131111,0.014,0.014,0.012,0.012,100000
UGL,20131111,7.23,7.26,7.11,7.15,385970
UML,20131111,0.06,0.06,0.059,0.059,128822
UNS,20131111,0.455,0.495,0.45,0.49,458600
UNV,20131111,0.1,0.1,0.1,0.1,19231
UNX,20131111,0.078,0.08,0.075,0.075,469344
UOS,20131111,0.55,0.55,0.55,0.55,30000
URF,20131111,1.8,1.8,1.8,1.8,23967
USD,20131111,10.6,10.6,10.53,10.56,45268
UXC,20131111,1.01,1.015,1,1,290608
VAF,20131111,48.13,48.13,48.13,48.13,300
VAH,20131111,0.42,0.42,0.41,0.41,2430919
VAP,20131111,60.64,60.66,60.48,60.5,5027
VAS,20131111,69.35,69.6,68.78,68.84,14333
VEI,20131111,0.685,0.685,0.66,0.68,211310
VEU,20131111,53.24,53.24,52.5,52.65,5790
VHY,20131111,66.6,67,66.39,66.44,22715
VIA,20131111,0.2,0.2,0.2,0.2,15000
VIE,20131111,0.36,0.37,0.36,0.37,27000
VLA,20131111,0.36,0.36,0.35,0.35,134335
VLC,20131111,61.86,61.86,61.55,61.55,3434
VLW,20131111,1.74,1.74,1.66,1.68,61425
VMG,20131111,0.009,0.009,0.009,0.009,656000
VML,20131111,0.048,0.049,0.048,0.049,88917
VMS,20131111,0.185,0.185,0.18,0.18,210831
VMT,20131111,0.025,0.025,0.025,0.025,4575100
VOC,20131111,2.9,2.91,2.86,2.9,103147
VRL,20131111,7.35,7.61,7.35,7.49,85388
VRT,20131111,8.64,8.65,8.49,8.56,151396
VSC,20131111,1.53,1.53,1.52,1.52,57184
VSO,20131111,45.85,45.85,45.6,45.6,2956
VTG,20131111,0.73,0.73,0.73,0.73,93
VTS,20131111,98.28,98.28,97.64,97.64,2376
VXR,20131111,0.007,0.007,0.007,0.007,29998
WAA,20131111,1.25,1.25,1.2,1.2,157000
WAM,20131111,1.875,1.875,1.865,1.865,418160
WAS,20131111,0.006,0.006,0.005,0.006,1530000
WAT,20131111,1.27,1.27,1.27,1.27,1111
WAX,20131111,1.15,1.15,1.145,1.145,137803
WBA,20131111,0.955,0.96,0.955,0.955,26195
WBB,20131111,5.93,5.95,5.9,5.9,26443
WBC,20131111,33.37,33.48,32.86,33.12,5047441
WCB,20131111,8.46,8.46,8.37,8.45,39323
WCC,20131111,0.195,0.195,0.185,0.185,270027
WCL,20131111,0.185,0.185,0.18,0.185,2145015
WCN,20131111,0.008,0.008,0.008,0.008,275000
WCP,20131111,0.035,0.035,0.035,0.035,100000
WDC,20131111,10.89,10.95,10.87,10.92,4329981
WDR,20131111,0.685,0.705,0.675,0.68,2948336
WDS,20131111,0.68,0.7,0.67,0.695,218987
WEB,20131111,3,3.08,2.93,2.95,390179
WEC,20131111,0.245,0.245,0.24,0.24,119874
WFE,20131111,0.016,0.016,0.016,0.016,50000
WHC,20131111,1.55,1.57,1.525,1.56,6680997
WHE,20131111,0.038,0.038,0.038,0.038,10000
WHF,20131111,4.1,4.13,4.1,4.1,38460
WHN,20131111,0.011,0.012,0.011,0.011,231750
WIC,20131111,1.205,1.21,1.2,1.21,159454
WIG,20131111,0.6,0.65,0.6,0.65,213504
WIN,20131111,0.245,0.245,0.24,0.24,61000
WKT,20131111,0.009,0.01,0.009,0.01,1300000
WLF,20131111,0.31,0.31,0.31,0.31,31000
WLL,20131111,2.65,2.65,2.61,2.61,9000
WLR,20131111,0.008,0.008,0.007,0.007,110075
WMK,20131111,1.05,1.05,1.035,1.05,65200
WMN,20131111,0.062,0.062,0.062,0.062,20000
WOR,20131111,22,22.15,21.9,22.06,786380
WOW,20131111,34.83,34.99,34.39,34.54,2222304
WPG,20131111,0.036,0.036,0.035,0.035,32134
WPL,20131111,39.4,39.48,39.04,39.16,813028
WRM,20131111,0.036,0.036,0.036,0.036,31348
WRT,20131111,3.05,3.07,3.04,3.07,8055933
WSA,20131111,2.66,2.67,2.62,2.64,357957
WTF,20131111,4.32,4.325,4.255,4.31,286448
WTP,20131111,1.005,1.045,1,1.025,408594
WWI,20131111,0.024,0.024,0.024,0.024,10000
WWM,20131111,0.082,0.082,0.082,0.082,279602
XRF,20131111,0.305,0.31,0.305,0.31,155557
XRO,20131111,31.37,31.85,30.31,30.8,51713
XST,20131111,0.026,0.026,0.026,0.026,85287
YAL,20131111,0.715,0.735,0.715,0.735,3057
YBR,20131111,0.58,0.585,0.575,0.575,69924
YOW,20131111,0.22,0.24,0.22,0.22,280375
YTC,20131111,0.26,0.26,0.25,0.25,109462
ZGL,20131111,0.24,0.24,0.235,0.235,75000
ZNC,20131111,0.165,0.165,0.165,0.165,45000
ZNZ,20131111,3.4,3.4,3.35,3.35,8233
ZRL,20131111,0.001,0.001,0.001,0.001,1000000
XAF,20131111,5523.6,5560.7,5488.9,5508.3,0
XAO,20131111,5394.4,5432.4,5369.8,5380.8,0
XAT,20131111,5359.1,5396.2,5329.4,5344,0
XDJ,20131111,1802.6,1825.2,1802.6,1808.1,0
XEC,20131111,1172.1,1186,1168.4,1168.4,0
XEJ,20131111,13958.4,14083.8,13877.8,13920.4,0
XFJ,20131111,6026.4,6061.6,5970,5995.6,0
XFL,20131111,5589,5627.6,5555.1,5574.5,0
XGD,20131111,2249.8,2255.5,2205.1,2209.1,0
XHJ,20131111,13988.2,14153.5,13988.2,14035.9,0
XIJ,20131111,736.2,746.8,736.2,745.9,0
XJO,20131111,5400.7,5439.2,5372.6,5387.1,0
XJR,20131111,4215.3,4248.5,4190,4202.8,0
XKO,20131111,5352.5,5390.3,5325.2,5338.4,0
XMD,20131111,4277.5,4321.5,4274.2,4276.3,0
XMJ,20131111,10053.8,10154.5,10036.7,10066.2,0
XMM,20131111,3342.8,3367.5,3322.1,3330.7,0
XNJ,20131111,3976.4,4014.3,3949.6,3961.4,0
XPJ,20131111,1044.7,1051.5,1044.7,1047,0
XSJ,20131111,10160.2,10262.5,10153.6,10174.6,0
XSO,20131111,2231.4,2247,2218.1,2218.1,0
XTJ,20131111,1791.8,1797.6,1772.9,1777.7,0
XTL,20131111,3419.7,3440.3,3390.5,3403.7,0
XTO,20131111,4482.4,4514.2,4458,4471.8,0
XUJ,20131111,5509.2,5509.2,5469.8,5485.4,0
XXJ,20131111,7122.1,7164.8,7041.6,7077.2,0
