AAA,20130528,50.2,50.22,50.2,50.2,270523
AAC,20130528,1.095,1.145,1.08,1.115,700977
AAD,20130528,1.675,1.725,1.67,1.72,1183066
AAR,20130528,0.005,0.005,0.004,0.004,230000
AAU,20130528,0.1,0.1,0.1,0.1,29302
AAX,20130528,2.23,2.25,2.18,2.19,777527
ABC,20130528,3.32,3.35,3.3,3.32,3975669
ABP,20130528,2.34,2.34,2.31,2.31,188837
ABU,20130528,0.025,0.028,0.025,0.028,9601150
ABV,20130528,0.016,0.016,0.015,0.015,767420
ABY,20130528,0.385,0.39,0.38,0.38,71524
ABZ,20130528,0.2,0.2,0.2,0.2,15000
ACB,20130528,0.048,0.05,0.048,0.05,502788
ACG,20130528,0.07,0.07,0.069,0.07,236328
ACL,20130528,0.375,0.375,0.365,0.365,12298
ACR,20130528,3.7,3.7,3.6,3.6,1726760
ADA,20130528,0.3,0.3,0.3,0.3,3000
ADD,20130528,0.005,0.005,0.004,0.004,473332
ADJ,20130528,0.046,0.046,0.043,0.044,1461850
ADN,20130528,0.079,0.087,0.079,0.085,1561917
ADO,20130528,0.063,0.063,0.058,0.06,1258484
ADX,20130528,0.017,0.017,0.017,0.017,621557
ADY,20130528,0.023,0.023,0.023,0.023,103655
AEB,20130528,0.2,0.205,0.2,0.205,80000
AEE,20130528,0.08,0.082,0.08,0.08,95000
AEF,20130528,21,21.2,21,21.2,1000
AEJ,20130528,8.5,9,8.5,9,605
AEM,20130528,0.016,0.017,0.016,0.017,890000
AEU,20130528,1.43,1.43,1.415,1.42,25198
AFA,20130528,0.19,0.19,0.19,0.19,30000
AFI,20130528,5.4,5.5,5.37,5.47,355277
AFR,20130528,0.085,0.088,0.085,0.088,2010000
AGF,20130528,0.72,0.73,0.72,0.73,80517
AGG,20130528,3.43,3.43,3.43,3.43,291
AGI,20130528,3.68,3.84,3.65,3.8,811527
AGK,20130528,14.32,14.48,14.29,14.3,1221561
AGO,20130528,0.755,0.795,0.745,0.775,10944625
AGR,20130528,0.056,0.056,0.051,0.051,383372
AGS,20130528,0.12,0.125,0.12,0.12,356439
AGX,20130528,0.036,0.036,0.031,0.035,223107
AGY,20130528,0.065,0.065,0.065,0.065,200000
AHD,20130528,8.33,8.45,8.3,8.45,33902
AHE,20130528,3.56,3.62,3.51,3.61,376575
AHN,20130528,0.03,0.03,0.03,0.03,3797
AHZ,20130528,0.041,0.041,0.037,0.037,6284838
AIA,20130528,2.54,2.55,2.53,2.53,12402
AIB,20130528,1.04,1.04,1.04,1.04,1000
AIO,20130528,5.15,5.21,5.1,5.15,3167399
AIQ,20130528,0.275,0.275,0.275,0.275,10000
AIR,20130528,0.15,0.15,0.15,0.15,20000
AIV,20130528,0.015,0.015,0.015,0.015,1520000
AIW,20130528,0.016,0.017,0.016,0.016,1240234
AIX,20130528,0.17,0.175,0.17,0.175,3128073
AIZ,20130528,1.23,1.23,1.23,1.23,5300
AJA,20130528,3.6,3.6,3.53,3.55,50232
AJD,20130528,1.13,1.13,1.13,1.13,13500
AJM,20130528,0.097,0.097,0.097,0.097,21000
AJQ,20130528,0.26,0.265,0.25,0.26,266096
AJX,20130528,0.089,0.089,0.089,0.089,48026
AKA,20130528,0.11,0.11,0.1,0.1,9200
AKK,20130528,0.015,0.015,0.014,0.015,1020800
AKM,20130528,0.066,0.066,0.064,0.064,906659
AKY,20130528,80.91,80.91,80.91,80.91,580
ALF,20130528,1.425,1.43,1.42,1.43,200992
ALK,20130528,0.465,0.475,0.42,0.435,827262
ALL,20130528,4.08,4.08,3.98,4.05,3738186
ALQ,20130528,9.16,9.48,9.15,9.37,2251837
ALR,20130528,1.34,1.345,1.34,1.345,8955
ALT,20130528,0.02,0.02,0.02,0.02,50000
ALU,20130528,1.41,1.43,1.4,1.43,24192
ALZ,20130528,3.4,3.5,3.31,3.5,6297444
AMA,20130528,0.29,0.295,0.29,0.295,421934
AMC,20130528,9.96,10.02,9.86,9.9,3117175
AMH,20130528,0.88,0.88,0.87,0.88,30000
AMM,20130528,1.705,1.8,1.705,1.8,792783
AMP,20130528,5.22,5.285,5.2,5.22,5934838
AMX,20130528,0.22,0.22,0.21,0.21,76912
ANG,20130528,4.36,4.41,4.3,4.34,108118
ANN,20130528,16.95,17.12,16.77,17.1,1866543
ANO,20130528,0.012,0.012,0.012,0.012,1500000
ANP,20130528,0.009,0.01,0.009,0.01,2400000
ANQ,20130528,0.01,0.01,0.01,0.01,25000
ANW,20130528,0.005,0.005,0.005,0.005,189661
ANZ,20130528,27.78,28.19,27.64,28.08,6224133
AOD,20130528,1.01,1.01,1.01,1.01,25454
AOH,20130528,0.16,0.162,0.15,0.16,325470
AOK,20130528,0.14,0.14,0.13,0.13,1149375
AON,20130528,0.035,0.035,0.035,0.035,20000
AOP,20130528,0.042,0.042,0.042,0.042,10000
APA,20130528,6.55,6.66,6.52,6.59,2322469
APE,20130528,4.41,4.51,4.41,4.51,15278
APG,20130528,0.017,0.017,0.017,0.017,100000
API,20130528,0.455,0.455,0.45,0.45,285036
APN,20130528,0.295,0.3,0.29,0.29,1432838
APZ,20130528,0.18,0.18,0.175,0.175,1353400
AQA,20130528,2.07,2.15,2.06,2.12,643542
AQC,20130528,0.016,0.016,0.016,0.016,862953
AQD,20130528,0.014,0.014,0.014,0.014,30865
AQF,20130528,1.77,1.77,1.77,1.77,6195
AQG,20130528,2.08,2.13,2.04,2.09,1673743
AQI,20130528,0.2,0.2,0.2,0.2,10000
AQP,20130528,0.645,0.66,0.64,0.65,118097
AQQ,20130528,0.035,0.035,0.035,0.035,50000
AQZ,20130528,1.7,1.7,1.66,1.69,227982
ARA,20130528,0.3,0.3,0.3,0.3,22068
ARE,20130528,0.028,0.028,0.026,0.026,560001
ARG,20130528,6.48,6.5,6.43,6.46,159168
ARH,20130528,0.04,0.04,0.04,0.04,112000
ARI,20130528,0.81,0.835,0.795,0.83,4952488
ARM,20130528,0.048,0.048,0.047,0.047,130000
ARP,20130528,12.3,12.5,12.25,12.5,57756
ARU,20130528,0.105,0.11,0.105,0.105,392973
ARV,20130528,0.009,0.009,0.008,0.008,230000
ARW,20130528,0.007,0.007,0.007,0.007,80000
ASB,20130528,0.635,0.66,0.635,0.66,29585
ASL,20130528,1.2,1.235,1.185,1.205,2411153
ASW,20130528,0.625,0.625,0.62,0.62,23333
ASX,20130528,38,38.44,37.75,38.25,456768
ASZ,20130528,0.315,0.32,0.315,0.32,201127
ATI,20130528,0.22,0.22,0.22,0.22,4386
ATN,20130528,0.004,0.004,0.004,0.004,362500
ATP,20130528,0.04,0.044,0.04,0.044,31184
ATR,20130528,1,1,1,1,450
ATU,20130528,0.715,0.745,0.715,0.745,40298
ATV,20130528,0.023,0.023,0.023,0.023,65000
AUB,20130528,9.9,10.34,9.84,10.34,22319
AUC,20130528,0.03,0.033,0.03,0.033,137000
AUF,20130528,1.02,1.08,1.02,1.08,53907
AUI,20130528,7.03,7.1,7.02,7.07,12209
AUQ,20130528,0.066,0.066,0.062,0.062,541444
AUT,20130528,2.95,3.02,2.91,3,1098743
AVA,20130528,0.105,0.11,0.1,0.1,267865
AVB,20130528,0.061,0.061,0.058,0.059,726555
AVG,20130528,0.49,0.5,0.49,0.49,38244
AVH,20130528,0.1,0.11,0.1,0.11,42050
AVI,20130528,0.014,0.015,0.014,0.014,2626190
AVJ,20130528,0.42,0.42,0.42,0.42,122773
AVQ,20130528,0.014,0.014,0.012,0.012,6996482
AVX,20130528,0.016,0.017,0.015,0.016,194740
AVY,20130528,0.045,0.05,0.045,0.05,81722
AWC,20130528,1,1.035,1,1.015,14191613
AWD,20130528,0.009,0.009,0.009,0.009,9797763
AWE,20130528,1.22,1.225,1.197,1.2,1533977
AWV,20130528,0.029,0.03,0.029,0.03,164865
AXE,20130528,0.15,0.15,0.145,0.15,110546
AXI,20130528,0.043,0.043,0.04,0.04,380000
AXM,20130528,0.014,0.015,0.014,0.014,83805
AXZ,20130528,1.015,1.015,1,1,30104
AYC,20130528,0.185,0.185,0.18,0.18,58767
AYD,20130528,101.08,101.08,101.08,101.08,100
AYE,20130528,0.027,0.032,0.027,0.032,114785
AYI,20130528,0.002,0.002,0.002,0.002,584700
AYR,20130528,0.006,0.007,0.006,0.006,2035608
AZH,20130528,0.285,0.285,0.28,0.285,409168
AZJ,20130528,4.35,4.355,4.25,4.29,7159718
AZK,20130528,0.052,0.052,0.052,0.052,150000
AZM,20130528,0.045,0.049,0.045,0.049,242690
AZS,20130528,0.033,0.036,0.031,0.033,2566162
AZV,20130528,0.072,0.08,0.07,0.08,793008
AZY,20130528,0.055,0.055,0.055,0.055,220000
AZZ,20130528,0.36,0.37,0.36,0.37,93907
BAR,20130528,0.013,0.013,0.013,0.013,347500
BAU,20130528,0.12,0.13,0.12,0.13,640000
BBL,20130528,0.305,0.305,0.305,0.305,16344
BBR,20130528,0.28,0.28,0.28,0.28,11035
BCC,20130528,0.036,0.038,0.036,0.036,2841131
BCD,20130528,0.032,0.032,0.032,0.032,245429
BCI,20130528,3.02,3.03,2.99,3.01,116916
BCK,20130528,0.059,0.059,0.059,0.059,13100
BCN,20130528,0.003,0.003,0.003,0.003,1140000
BCT,20130528,0.18,0.18,0.18,0.18,56000
BDI,20130528,0.002,0.002,0.002,0.002,200000
BDM,20130528,0.026,0.026,0.026,0.026,14892
BDR,20130528,0.635,0.64,0.615,0.63,5073071
BEAR,20130528,20.12,20.12,19.93,19.95,37849
BEN,20130528,10.1,10.34,10.07,10.28,794605
BEZ,20130528,0.069,0.069,0.069,0.069,200000
BFG,20130528,0.56,0.6,0.55,0.58,29664
BGA,20130528,2.8,2.86,2.78,2.8,50118
BGG,20130528,0.14,0.14,0.14,0.14,3600
BGH,20130528,0.06,0.06,0.06,0.06,51000
BGL,20130528,0.55,0.59,0.55,0.585,276128
BGS,20130528,0.027,0.027,0.026,0.026,3910076
BHP,20130528,34.08,34.2,33.81,33.98,7066851
BHU,20130528,0.12,0.12,0.12,0.12,459
BIS,20130528,0.97,0.97,0.97,0.97,5800
BKI,20130528,1.48,1.5,1.48,1.49,227024
BKL,20130528,27.05,27.45,27.05,27.11,2079
BKN,20130528,4.49,4.66,4.46,4.55,1684413
BKP,20130528,0.003,0.003,0.003,0.003,485000
BKW,20130528,12,12.24,11.96,12.24,21131
BKY,20130528,0.255,0.265,0.25,0.25,83800
BLD,20130528,4.35,4.47,4.35,4.39,3218821
BLG,20130528,0.185,0.185,0.185,0.185,195
BLK,20130528,0.145,0.145,0.145,0.145,2000
BLR,20130528,0.009,0.01,0.008,0.009,2914154
BLT,20130528,0.016,0.021,0.016,0.017,36007587
BLY,20130528,0.645,0.65,0.61,0.61,5511393
BLZ,20130528,0.001,0.001,0.001,0.001,1234567
BMN,20130528,0.05,0.055,0.05,0.051,411157
BMY,20130528,0.01,0.013,0.01,0.013,75378
BMZ,20130528,0.13,0.135,0.13,0.135,17500
BND,20130528,0.12,0.125,0.115,0.12,602135
BNE,20130528,0.001,0.001,0.001,0.001,10400000
BNO,20130528,0.36,0.365,0.36,0.365,27688
BNR,20130528,0.038,0.045,0.035,0.035,833728
BOC,20130528,0.5,0.5,0.5,0.5,73282
BOE,20130528,0.008,0.008,0.008,0.008,50000
BOL,20130528,0.12,0.12,0.11,0.11,1411871
BOQ,20130528,8.86,9.03,8.82,8.97,2351632
BPA,20130528,3.97,4,3.97,3.98,8000
BPH,20130528,0.015,0.015,0.013,0.013,148220
BPT,20130528,1.17,1.2,1.16,1.165,6712864
BRB,20130528,0.3,0.3,0.3,0.3,10025
BRD,20130528,0.001,0.001,0.001,0.001,753160
BRG,20130528,7.15,7.25,7.12,7.2,485512
BRU,20130528,1.505,1.51,1.385,1.4,1278688
BRW,20130528,0.011,0.011,0.011,0.011,80627
BSA,20130528,0.182,0.19,0.18,0.19,300000
BSE,20130528,0.365,0.365,0.355,0.355,68430
BSL,20130528,5.31,5.38,5.27,5.34,5334796
BSR,20130528,0.011,0.012,0.011,0.012,720600
BTN,20130528,0.016,0.03,0.016,0.03,143365
BTR,20130528,0.36,0.39,0.355,0.39,30468
BTT,20130528,3.39,3.46,3.35,3.42,109489
BTU,20130528,0.185,0.195,0.18,0.185,2599261
BUE,20130528,0.008,0.008,0.008,0.008,30000
BUL,20130528,0.04,0.046,0.04,0.045,1051939
BUR,20130528,0.011,0.011,0.011,0.011,185000
BUX,20130528,0.365,0.375,0.35,0.375,75000
BUY,20130528,0.015,0.016,0.015,0.016,109600
BVA,20130528,0.17,0.17,0.17,0.17,1000
BWF,20130528,0.135,0.135,0.135,0.135,1621
BWP,20130528,2.53,2.57,2.47,2.52,1044344
BXB,20130528,8.91,9.08,8.84,9.07,3479273
BYL,20130528,0.285,0.285,0.275,0.275,117683
BZL,20130528,0.013,0.013,0.011,0.011,145500
CAA,20130528,0.195,0.195,0.19,0.19,11200
CAB,20130528,4.7,4.75,3.99,4.15,2570316
CAJ,20130528,0.23,0.245,0.225,0.245,6526300
CAM,20130528,1.035,1.035,1.025,1.025,50000
CAP,20130528,0.23,0.23,0.23,0.23,32725
CAS,20130528,0.24,0.24,0.24,0.24,43000
CAV,20130528,0.02,0.02,0.02,0.02,10000
CAZ,20130528,0.1,0.1,0.095,0.1,91725
CBA,20130528,68.18,68.89,68.01,68.6,2665813
CBB,20130528,0.05,0.05,0.05,0.05,10000
CBD,20130528,0.012,0.012,0.011,0.011,240058
CBP,20130528,0.049,0.049,0.049,0.049,20000
CBX,20130528,0.065,0.065,0.065,0.065,100000
CCC,20130528,0.044,0.045,0.044,0.045,363957
CCL,20130528,12.93,12.94,12.8,12.82,1573293
CCP,20130528,9.16,9.4,9.16,9.4,75697
CCU,20130528,0.13,0.13,0.125,0.125,144460
CCV,20130528,1.145,1.185,1.145,1.155,617292
CCZ,20130528,0.06,0.06,0.06,0.06,580541
CDA,20130528,2.97,3,2.94,2.98,248858
CDB,20130528,0.024,0.024,0.022,0.023,8093000
CDD,20130528,5.35,5.45,5.3,5.38,408657
CDG,20130528,0.19,0.19,0.165,0.175,584418
CDI,20130528,2.63,2.66,2.61,2.66,52731
CDM,20130528,1.36,1.37,1.36,1.37,39187
CDP,20130528,5.49,5.88,5.49,5.88,9129
CDT,20130528,0.042,0.042,0.042,0.042,23255
CDU,20130528,3.74,3.79,3.63,3.7,569211
CDY,20130528,0.027,0.029,0.027,0.028,3070320
CEL,20130528,0.069,0.07,0.065,0.07,135589
CEN,20130528,0.017,0.018,0.016,0.018,1120000
CES,20130528,0.02,0.02,0.02,0.02,25000
CFE,20130528,0.135,0.142,0.135,0.135,1093114
CFU,20130528,0.043,0.043,0.042,0.043,761753
CFX,20130528,2.07,2.1,2.07,2.09,2944085
CGF,20130528,4.26,4.31,4.16,4.17,2386494
CGH,20130528,0.3,0.305,0.3,0.305,129160
CGM,20130528,0.006,0.006,0.006,0.006,75000
CGO,20130528,0.375,0.375,0.375,0.375,9500
CGP,20130528,0.026,0.026,0.025,0.025,368000
CHC,20130528,4.08,4.15,4.06,4.11,548353
CHN,20130528,0.15,0.155,0.15,0.15,60447
CHP,20130528,0.006,0.006,0.006,0.006,70000
CHZ,20130528,0.165,0.165,0.165,0.165,41400
CIN,20130528,22.01,22.5,21.8,22.5,5041
CIR,20130528,0.26,0.27,0.26,0.27,21500
CIW,20130528,0.72,0.72,0.72,0.72,26000
CIX,20130528,0.285,0.285,0.285,0.285,82000
CKA,20130528,0.155,0.16,0.14,0.155,1859899
CKF,20130528,1.725,1.76,1.67,1.67,86778
CKL,20130528,0.72,0.72,0.72,0.72,250000
CLA,20130528,0.012,0.012,0.012,0.012,745000
CLH,20130528,1.45,1.545,1.44,1.545,132781
CLO,20130528,1.13,1.14,1.105,1.11,1130644
CLQ,20130528,0.11,0.11,0.11,0.11,116057
CLR,20130528,0.3,0.3,0.29,0.29,410308
CLT,20130528,0.16,0.16,0.16,0.16,3000
CLV,20130528,0.59,0.59,0.59,0.59,20985
CLX,20130528,1.7,1.7,1.635,1.66,39829
CLY,20130528,0.012,0.012,0.012,0.012,220450
CLZ,20130528,0.155,0.155,0.145,0.145,40000
CMG,20130528,0.48,0.5,0.48,0.5,194604
CMI,20130528,1.52,1.52,1.45,1.45,13961
CMP,20130528,0.045,0.045,0.045,0.045,21000
CMV,20130528,0.021,0.021,0.021,0.021,2590
CMW,20130528,1.03,1.065,1.03,1.06,4855434
CMY,20130528,0.01,0.01,0.009,0.009,5300000
CNB,20130528,0.605,0.605,0.605,0.605,5815
CND,20130528,0.23,0.23,0.23,0.23,4400
CNI,20130528,0.81,0.81,0.8,0.81,720698
CNO,20130528,0.125,0.125,0.12,0.12,78196
CNQ,20130528,0.058,0.058,0.058,0.058,60000
CNU,20130528,2.17,2.2,2.17,2.18,59199
CNX,20130528,0.028,0.028,0.027,0.027,323228
COE,20130528,0.365,0.385,0.36,0.38,214715
COF,20130528,0.155,0.167,0.155,0.16,2795066
COH,20130528,63.52,65.24,63.52,64.98,174419
COI,20130528,0.215,0.22,0.215,0.22,11500
COK,20130528,0.05,0.052,0.049,0.049,1359998
COO,20130528,0.175,0.18,0.175,0.18,327800
COY,20130528,0.033,0.036,0.033,0.035,460000
COZ,20130528,0.086,0.086,0.085,0.086,45000
CPA,20130528,1.105,1.115,1.09,1.1,3470399
CPL,20130528,0.3,0.31,0.29,0.3,1109311
CPU,20130528,10.8,11.09,10.78,11.07,1769332
CPZ,20130528,0.17,0.18,0.17,0.18,55633
CQR,20130528,4.15,4.26,4.11,4.25,928812
CRB,20130528,0.033,0.033,0.033,0.033,74625
CRL,20130528,0.04,0.04,0.04,0.04,103300
CRV,20130528,0.008,0.008,0.007,0.007,1280357
CRZ,20130528,9.29,9.49,9.28,9.42,778056
CSD,20130528,0.06,0.067,0.06,0.06,78500
CSE,20130528,0.14,0.14,0.14,0.14,78100
CSL,20130528,59.49,59.5,58.71,58.93,953162
CSP,20130528,0.17,0.17,0.17,0.17,10000
CSR,20130528,2.03,2.07,2.01,2.07,4631938
CSS,20130528,0.017,0.017,0.015,0.015,1453921
CSV,20130528,0.81,0.83,0.81,0.83,59886
CTD,20130528,4.05,4.53,4.05,4.25,192135
CTM,20130528,0.16,0.16,0.15,0.15,181102
CTN,20130528,1.005,1.02,1.005,1.015,51382
CTO,20130528,0.05,0.05,0.049,0.05,965166
CTP,20130528,0.085,0.089,0.085,0.087,743417
CTX,20130528,21.9,22.51,21.87,22.22,815643
CUE,20130528,0.12,0.12,0.12,0.12,108200
CUL,20130528,0.013,0.013,0.012,0.013,1190000
CUP,20130528,1.72,1.755,1.72,1.745,21652
CUV,20130528,1.96,2,1.87,1.87,51000
CUX,20130528,0.03,0.03,0.03,0.03,1138571
CVC,20130528,1.03,1.03,1.025,1.025,7200
CVG,20130528,0.018,0.02,0.018,0.02,527777
CVN,20130528,0.045,0.046,0.044,0.044,738035
CVV,20130528,0.015,0.017,0.015,0.015,290000
CVW,20130528,0.61,0.635,0.61,0.635,2331
CWE,20130528,0.031,0.032,0.031,0.031,85000
CWG,20130528,0.056,0.056,0.053,0.053,300000
CWN,20130528,12.79,12.95,12.78,12.83,1248747
CWP,20130528,4.9,5.2,4.87,5.18,137382
CXO,20130528,0.048,0.048,0.048,0.048,9000
CXU,20130528,0.12,0.12,0.115,0.115,70000
CXX,20130528,0.155,0.155,0.155,0.155,200000
CXY,20130528,0.003,0.004,0.003,0.004,220000
CYA,20130528,0.8,0.8,0.8,0.8,37912
CYG,20130528,2.72,2.75,2.7,2.75,32009
CYU,20130528,0.07,0.07,0.07,0.07,82998
CZD,20130528,0.074,0.074,0.072,0.072,100000
CZI,20130528,0.14,0.14,0.135,0.135,120000
CZN,20130528,0.039,0.039,0.033,0.039,4741229
CZZ,20130528,2.67,2.67,2.65,2.65,6960
DCG,20130528,1.56,1.57,1.52,1.555,232050
DCN,20130528,0.18,0.19,0.18,0.19,120000
DDR,20130528,0.835,0.85,0.835,0.835,44735
DDT,20130528,0.016,0.016,0.016,0.016,54000
DEG,20130528,0.007,0.007,0.007,0.007,2781716
DGR,20130528,0.032,0.032,0.03,0.03,650000
DGX,20130528,0.037,0.04,0.037,0.04,105000
DJS,20130528,2.52,2.63,2.52,2.63,3301269
DJW,20130528,4.35,4.4,4.32,4.4,36817
DLS,20130528,1.06,1.08,1.03,1.03,1326134
DLX,20130528,4.47,4.51,4.45,4.5,1365989
DMA,20130528,0.041,0.045,0.041,0.045,220000
DML,20130528,0.235,0.24,0.2,0.2,7996895
DMP,20130528,11.62,11.87,11.57,11.79,240985
DNA,20130528,0.36,0.365,0.36,0.365,388910
DOW,20130528,3.85,3.85,3.71,3.78,4217413
DRA,20130528,0.255,0.255,0.2,0.225,156594
DRK,20130528,0.065,0.068,0.049,0.049,790350
DRM,20130528,0.44,0.44,0.435,0.44,60000
DRX,20130528,0.015,0.015,0.015,0.015,110000
DSB,20130528,0.445,0.46,0.43,0.46,27360
DSN,20130528,0.025,0.025,0.025,0.025,200000
DTE,20130528,0.049,0.049,0.047,0.049,2809736
DTL,20130528,1.195,1.2,1.16,1.17,123687
DTM,20130528,0.083,0.083,0.079,0.079,30000
DTQ,20130528,0.021,0.021,0.021,0.021,10000
DUE,20130528,2.31,2.35,2.3,2.32,2399045
DUI,20130528,3.05,3.1,3.04,3.09,39303
DVA,20130528,0.026,0.026,0.026,0.026,397246
DVN,20130528,0.87,0.88,0.87,0.88,44757
DWS,20130528,1.5,1.505,1.44,1.48,75715
DXS,20130528,1.11,1.14,1.11,1.125,10002270
DYE,20130528,0.335,0.36,0.315,0.315,4736951
DYL,20130528,0.038,0.039,0.038,0.038,205300
EAL,20130528,0.64,0.64,0.64,0.64,29830
EAR,20130528,0.08,0.08,0.08,0.08,200000
EAX,20130528,3.1,3.1,3.1,3.1,5000
EBT,20130528,1.42,1.42,1.42,1.42,10000
EEG,20130528,0.092,0.092,0.092,0.092,2000
EER,20130528,0.053,0.053,0.053,0.053,50000
EEU,20130528,13.32,13.32,13.32,13.32,223
EGG,20130528,0.345,0.345,0.345,0.345,4464
EGH,20130528,0.041,0.041,0.041,0.041,1830
EGN,20130528,0.17,0.17,0.17,0.17,7000
EGO,20130528,0.013,0.013,0.012,0.012,16562440
EGP,20130528,3.03,3.04,2.955,2.99,14912949
EHL,20130528,0.4,0.42,0.4,0.42,1519422
ELD,20130528,0.1,0.105,0.1,0.1,1015125
ELI,20130528,0.835,0.86,0.835,0.86,105800
ELK,20130528,0.17,0.185,0.17,0.185,21367
ELM,20130528,0.4,0.44,0.4,0.42,116245
ELT,20130528,0.02,0.02,0.02,0.02,114400
EMA,20130528,0.035,0.035,0.035,0.035,4800
EME,20130528,0.195,0.195,0.19,0.19,28300
EMG,20130528,0.012,0.012,0.012,0.012,500000
EML,20130528,0.32,0.32,0.32,0.32,114274
EMR,20130528,0.007,0.007,0.007,0.007,80000
EMU,20130528,0.07,0.09,0.07,0.09,883632
EMX,20130528,0.027,0.027,0.025,0.025,380000
ENB,20130528,0.016,0.016,0.016,0.016,72000
ENE,20130528,4.3,4.3,4.25,4.28,107000
ENR,20130528,0.21,0.21,0.21,0.21,44218
ENT,20130528,0.065,0.065,0.061,0.061,130000
ENV,20130528,1.035,1.035,1.02,1.03,1740804
EPM,20130528,0.009,0.009,0.009,0.009,45454
EPW,20130528,2.45,2.59,2.45,2.59,76329
EPX,20130528,1.76,1.76,1.7,1.76,130103
EQX,20130528,0.64,0.64,0.64,0.64,2032
ERA,20130528,1.135,1.14,1.085,1.14,507568
ERD,20130528,0.04,0.04,0.04,0.04,100000
ERI,20130528,0.04,0.04,0.04,0.04,10000
ERJ,20130528,0.005,0.007,0.005,0.005,16027292
ERM,20130528,0.043,0.043,0.043,0.043,394143
ERO,20130528,0.003,0.003,0.003,0.003,40000
ESI,20130528,0.009,0.009,0.008,0.008,3273811
ESK,20130528,0.68,0.68,0.68,0.68,8000
ESM,20130528,0.048,0.048,0.048,0.048,10000
ESN,20130528,0.001,0.001,0.001,0.001,46677014
ETE,20130528,0.049,0.049,0.045,0.045,300000
ETF,20130528,21.41,21.41,21.41,21.41,460
EUG,20130528,0.027,0.027,0.025,0.025,541040
EUM,20130528,0.09,0.09,0.09,0.09,10000
EVE,20130528,0.005,0.005,0.005,0.005,30000
EVM,20130528,0.028,0.028,0.028,0.028,30000
EVN,20130528,0.75,0.775,0.75,0.755,946109
EVR,20130528,0.9,0.9,0.875,0.875,17188
EWC,20130528,0.42,0.425,0.395,0.4,1550474
EXA,20130528,0.038,0.038,0.038,0.038,50100
EXC,20130528,0.032,0.032,0.032,0.032,15625
EXE,20130528,0.017,0.017,0.017,0.017,80000
EXG,20130528,0.125,0.13,0.122,0.122,311680
EZL,20130528,1.065,1.065,1.06,1.06,33300
FAN,20130528,1.96,1.975,1.95,1.96,19814
FAR,20130528,0.031,0.031,0.03,0.031,2762200
FAS,20130528,0.009,0.009,0.008,0.009,1316100
FBU,20130528,7.01,7.02,6.935,6.97,2338095
FCN,20130528,0.013,0.013,0.013,0.013,72915
FDC,20130528,2.38,2.47,2.38,2.46,4392185
FEL,20130528,0.018,0.018,0.018,0.018,50000
FFI,20130528,3.81,3.81,3.8,3.8,4600
FGE,20130528,4.12,4.27,4.12,4.19,500150
FGI,20130528,0.045,0.045,0.045,0.045,9194
FIN,20130528,5.58,5.58,5.58,5.58,2680
FKP,20130528,1.425,1.435,1.41,1.42,149885
FLK,20130528,0.16,0.16,0.15,0.155,696000
FLT,20130528,37.38,38.84,37.35,38.42,502252
FMG,20130528,3.4,3.45,3.37,3.39,16993938
FML,20130528,0.014,0.014,0.014,0.014,5498988
FMS,20130528,0.045,0.045,0.043,0.044,3879390
FND,20130528,0.16,0.16,0.16,0.16,100000
FNP,20130528,1.52,1.6,1.5,1.6,38038
FNT,20130528,0.015,0.015,0.015,0.015,81522
FOT,20130528,0.195,0.195,0.195,0.195,1475
FPH,20130528,2.69,2.69,2.67,2.67,10536
FPS,20130528,1.12,1.12,1.12,1.12,5000
FRC,20130528,0.06,0.06,0.06,0.06,10000
FRG,20130528,0.15,0.16,0.15,0.16,20600
FRI,20130528,1.38,1.38,1.325,1.335,344495
FSF,20130528,6.32,6.4,6.32,6.38,425815
FUN,20130528,0.175,0.18,0.175,0.177,193839
FWD,20130528,4.37,4.4,4.07,4.08,881365
FXJ,20130528,0.57,0.595,0.57,0.595,13932346
FXL,20130528,4.31,4.4,4.31,4.35,1104663
FZR,20130528,0.31,0.31,0.305,0.305,1538437
GAP,20130528,0.3,0.3,0.3,0.3,110000
GBG,20130528,0.11,0.115,0.105,0.11,13682449
GBI,20130528,0.105,0.105,0.105,0.105,62500
GBM,20130528,0.017,0.018,0.017,0.018,17721665
GBP,20130528,0.098,0.098,0.098,0.098,40000
GBT,20130528,1.42,1.43,1.42,1.42,416716
GBZ,20130528,0.02,0.025,0.02,0.025,266806
GCG,20130528,0.047,0.048,0.047,0.048,375542
GCN,20130528,0.008,0.008,0.008,0.008,62500
GCR,20130528,0.007,0.007,0.006,0.006,7023119
GCS,20130528,0.48,0.48,0.48,0.48,28732
GDO,20130528,0.185,0.185,0.185,0.185,7943
GDY,20130528,0.096,0.096,0.091,0.092,265802
GED,20130528,0.021,0.021,0.021,0.021,71000
GEM,20130528,2.19,2.34,2.16,2.31,980916
GER,20130528,0.028,0.028,0.024,0.024,73000
GFF,20130528,0.72,0.73,0.715,0.715,3988674
GGG,20130528,0.27,0.275,0.27,0.27,207575
GGP,20130528,0.002,0.003,0.002,0.003,3156955
GHC,20130528,1.05,1.05,1.045,1.045,98382
GID,20130528,0.58,0.58,0.58,0.58,16797
GIP,20130528,0.009,0.009,0.009,0.009,900000
GJT,20130528,0.71,0.71,0.71,0.71,23
GLA,20130528,0.006,0.006,0.005,0.005,2744647
GLF,20130528,0.001,0.001,0.001,0.001,5000000
GLL,20130528,0.11,0.11,0.11,0.11,50000
GLM,20130528,0.006,0.006,0.006,0.006,1850000
GLN,20130528,0.002,0.002,0.002,0.002,20455
GLY,20130528,0.05,0.05,0.05,0.05,20000
GME,20130528,0.028,0.028,0.028,0.028,32860
GMG,20130528,5.08,5.11,5.03,5.03,3015756
GMR,20130528,0.023,0.024,0.023,0.024,21671
GMX,20130528,0.02,0.02,0.02,0.02,83324
GMY,20130528,0.9,1,0.9,1,71515
GNC,20130528,12.7,12.73,12.7,12.7,422996
GNG,20130528,0.455,0.455,0.455,0.455,4500
GNM,20130528,0.17,0.17,0.15,0.17,25000
GOA,20130528,0.002,0.002,0.002,0.002,1000000
GOLD,20130528,139.5,139.69,138.5,138.5,4388
GOR,20130528,0.061,0.061,0.06,0.06,266746
GOW,20130528,2.36,2.4,2.36,2.4,5500
GOZ,20130528,2.59,2.6,2.58,2.58,82222
GPG,20130528,0.39,0.395,0.38,0.385,458162
GPT,20130528,3.91,3.97,3.9,3.97,9608365
GRB,20130528,0.18,0.18,0.18,0.18,410016
GRF,20130528,1.5,1.5,1.5,1.5,14400
GRK,20130528,0.001,0.001,0.001,0.001,27214570
GRR,20130528,0.19,0.192,0.18,0.185,626039
GRY,20130528,0.2,0.205,0.195,0.195,918803
GSC,20130528,0.035,0.035,0.035,0.035,33876
GTE,20130528,0.185,0.185,0.17,0.17,41047
GTG,20130528,0.105,0.105,0.1,0.105,227871
GUD,20130528,7.06,7.21,7.06,7.2,266807
GUF,20130528,0.195,0.195,0.195,0.195,147956
GUN,20130528,0.025,0.025,0.022,0.022,124200
GWA,20130528,2.21,2.3,2.18,2.25,1391125
GWR,20130528,0.165,0.165,0.165,0.165,4121
GXL,20130528,4.45,4.65,4.45,4.65,72251
GXN,20130528,0.001,0.001,0.001,0.001,3380000
HAO,20130528,0.2,0.2,0.18,0.18,6000
HAW,20130528,0.1,0.105,0.1,0.105,40000
HAZ,20130528,0.024,0.024,0.022,0.022,122916
HCH,20130528,0.44,0.455,0.44,0.45,98147
HDX,20130528,0.27,0.275,0.26,0.275,224891
HEG,20130528,0.007,0.007,0.007,0.007,41842
HFA,20130528,0.8,0.8,0.8,0.8,1
HFR,20130528,0.3,0.3,0.3,0.3,91000
HGG,20130528,2.65,2.66,2.61,2.64,4004088
HGO,20130528,0.066,0.066,0.061,0.065,21166838
HHV,20130528,0.855,0.855,0.85,0.85,58927
HHY,20130528,0.54,0.545,0.54,0.54,42848
HIG,20130528,0.067,0.068,0.067,0.068,50000
HIL,20130528,0.975,0.99,0.97,0.985,460317
HIN,20130528,2.71,2.71,2.7,2.7,10000
HLS,20130528,0.01,0.01,0.01,0.01,200000
HNR,20130528,0.015,0.015,0.014,0.014,753340
HOG,20130528,0.065,0.065,0.06,0.06,118000
HOR,20130528,0.078,0.078,0.078,0.078,61000
HRL,20130528,0.011,0.012,0.011,0.012,66920
HRR,20130528,0.145,0.15,0.14,0.14,96518
HSK,20130528,0.081,0.099,0.081,0.099,163771
HSN,20130528,0.92,0.92,0.915,0.92,67595
HTA,20130528,0.04,0.045,0.04,0.04,708450
HVN,20130528,2.51,2.59,2.51,2.57,1549194
HZN,20130528,0.385,0.4,0.38,0.38,2148782
IAA,20130528,48.55,48.55,47.9,47.9,6005
IAF,20130528,104.85,104.85,104.54,104.72,2982
IAG,20130528,5.44,5.53,5.43,5.49,6597752
IAU,20130528,0.31,0.31,0.295,0.3,2663649
IBC,20130528,0.555,0.555,0.555,0.555,30395
IBG,20130528,0.046,0.053,0.046,0.053,197422
IBK,20130528,41.32,41.32,40.75,40.75,7358
ICG,20130528,0.023,0.024,0.023,0.023,995171
ICN,20130528,0.13,0.135,0.13,0.135,197465
ICQ,20130528,0.46,0.47,0.455,0.46,127000
ICX,20130528,0.1,0.105,0.1,0.105,92316
IDC,20130528,0.059,0.06,0.059,0.059,166618
IEM,20130528,44.97,44.97,44.01,44.01,10141
IEU,20130528,44.15,44.51,43.96,44,11532
IFE,20130528,0.105,0.105,0.1,0.1,181600
IFL,20130528,8.2,8.3,8.175,8.25,486565
IFM,20130528,0.5,0.51,0.5,0.505,189271
IFN,20130528,0.245,0.25,0.24,0.24,160760
IGB,20130528,103.32,103.32,103.32,103.32,480
IGO,20130528,3.04,3.14,3.04,3.1,485828
IGS,20130528,0.005,0.005,0.005,0.005,100000
IHD,20130528,15.9,15.99,15.9,15.98,40912
IHK,20130528,21.27,21.27,21.27,21.27,250
IIN,20130528,5.8,5.91,5.71,5.79,1676660
IJH,20130528,124.62,124.76,123.96,123.96,4504
IJP,20130528,11.52,11.8,11.48,11.75,65898
IJR,20130528,95.2,95.35,94.89,94.89,1098
IKO,20130528,60.08,60.08,60.08,60.08,335
ILB,20130528,106.5,106.5,106.5,106.5,200
ILC,20130528,22.5,22.68,22.5,22.65,9363
ILU,20130528,10.54,10.865,10.37,10.8,3099402
IMA,20130528,0.13,0.135,0.13,0.135,63150
IMC,20130528,0.004,0.004,0.004,0.004,1000000
IMD,20130528,0.855,0.9,0.855,0.895,1140085
IMF,20130528,1.95,1.995,1.925,1.975,326474
IMU,20130528,0.006,0.006,0.006,0.006,50000
INA,20130528,0.34,0.345,0.335,0.345,4501777
IOF,20130528,3.15,3.21,3.15,3.2,1574029
IOG,20130528,0.13,0.13,0.13,0.13,15000
IOH,20130528,0.725,0.725,0.72,0.72,30000
IOO,20130528,75.07,75.1,74.6,74.65,11328
IOZ,20130528,21.5,21.64,21.5,21.61,159434
IPB,20130528,0.25,0.25,0.25,0.25,321166
IPD,20130528,0.077,0.077,0.077,0.077,38916
IPE,20130528,0.39,0.395,0.39,0.395,155000
IPL,20130528,2.8,2.81,2.755,2.79,9793489
IPP,20130528,0.715,0.715,0.71,0.71,2366294
IPT,20130528,0.021,0.021,0.021,0.021,60000
IRC,20130528,0.058,0.058,0.058,0.058,61515
IRD,20130528,0.225,0.23,0.225,0.23,3701
IRE,20130528,8.11,8.23,8.02,8.18,186900
IRI,20130528,1.1,1.14,1.08,1.14,31780
IRL,20130528,0.002,0.002,0.002,0.002,900000
IRN,20130528,0.28,0.295,0.265,0.295,51733
IRU,20130528,102.83,102.83,102.52,102.6,351
ISG,20130528,14.5,14.5,14.5,14.5,7
ISN,20130528,0.34,0.35,0.305,0.32,1001994
ISO,20130528,3.79,3.79,3.75,3.76,42584
ISS,20130528,0.23,0.23,0.23,0.23,359452
ITD,20130528,0.3,0.3,0.28,0.3,1680000
IVA,20130528,0.105,0.11,0.098,0.098,12045057
IVC,20130528,10.58,10.64,10.36,10.52,648936
IVE,20130528,64.87,64.87,63.64,63.67,5937
IVG,20130528,0.044,0.047,0.044,0.047,250000
IVR,20130528,0.11,0.115,0.105,0.105,380000
IVV,20130528,172.95,174.15,172.95,173.45,19498
IXI,20130528,89.14,89.14,88.53,88.9,2116
IXJ,20130528,82.1,82.14,81.49,81.55,4058
IXR,20130528,0.071,0.074,0.067,0.074,264500
IZZ,20130528,38.63,38.63,38.25,38.25,4106
JBH,20130528,15.13,15.2,14.64,15.03,847163
JHX,20130528,9.84,9.96,9.83,9.84,839600
JIN,20130528,1.53,1.54,1.5,1.525,66962
JKA,20130528,0.097,0.097,0.091,0.094,492500
JMB,20130528,0.011,0.011,0.011,0.011,15980
JMS,20130528,0.096,0.096,0.088,0.088,2684700
JPR,20130528,0.53,0.54,0.53,0.54,99311
JRL,20130528,0.22,0.22,0.22,0.22,4600
JRV,20130528,0.032,0.032,0.032,0.032,25551
KAB,20130528,0.005,0.005,0.005,0.005,350000
KAR,20130528,5.4,5.55,5.4,5.52,478236
KAS,20130528,0.12,0.12,0.115,0.12,182500
KBC,20130528,0.17,0.17,0.17,0.17,107343
KBL,20130528,0.041,0.053,0.041,0.051,616519
KCN,20130528,1.53,1.54,1.515,1.525,653059
KDL,20130528,0.29,0.3,0.29,0.29,76667
KDR,20130528,0.28,0.335,0.275,0.315,1190010
KEY,20130528,0.009,0.011,0.009,0.011,849022
KFE,20130528,0.09,0.09,0.09,0.09,47888
KGD,20130528,0.105,0.105,0.105,0.105,3215137
KGM,20130528,0.12,0.12,0.11,0.11,324200
KIS,20130528,0.052,0.052,0.052,0.052,1365
KMC,20130528,0.005,0.005,0.005,0.005,790000
KMD,20130528,2.02,2.19,2,2.17,893714
KOR,20130528,0.057,0.057,0.057,0.057,24525
KOV,20130528,5.15,5.2,5.15,5.15,12230
KPL,20130528,0.39,0.39,0.39,0.39,101300
KPR,20130528,0.085,0.105,0.085,0.105,774782
KRA,20130528,0.06,0.07,0.06,0.07,80000
KRB,20130528,0.07,0.07,0.063,0.07,243702
KRC,20130528,0.024,0.024,0.024,0.024,100000
KRL,20130528,0.028,0.03,0.028,0.028,681369
KRM,20130528,0.36,0.36,0.31,0.335,785668
KRS,20130528,0.16,0.16,0.16,0.16,15000
KSC,20130528,1.95,1.95,1.79,1.79,70718
KSN,20130528,0.075,0.075,0.075,0.075,10000
KSO,20130528,0.004,0.004,0.004,0.004,150000
KTL,20130528,0.001,0.001,0.001,0.001,1227200
LAT,20130528,0.014,0.014,0.014,0.014,100000
LBL,20130528,0.1,0.1,0.1,0.1,42727
LBY,20130528,0.039,0.039,0.039,0.039,12875
LCM,20130528,1.275,1.28,1.23,1.265,84478
LCT,20130528,0.048,0.048,0.048,0.048,185451
LCY,20130528,0.063,0.07,0.063,0.07,218379
LEG,20130528,0.009,0.009,0.009,0.009,541111
LEI,20130528,18.29,19.12,18.17,19.07,1867789
LEP,20130528,2.68,2.72,2.67,2.72,74433
LGD,20130528,0.255,0.27,0.255,0.27,25895
LIC,20130528,0.8,0.8,0.8,0.8,130064
LKO,20130528,0.005,0.006,0.005,0.006,1526500
LLC,20130528,9.95,10.18,9.82,10.11,2331215
LMB,20130528,0.07,0.07,0.07,0.07,2000
LMG,20130528,0.005,0.006,0.005,0.006,200000
LML,20130528,0.072,0.072,0.071,0.071,20000
LMR,20130528,0.062,0.062,0.062,0.062,100000
LMW,20130528,0.325,0.325,0.325,0.325,4000
LNC,20130528,1.44,1.495,1.42,1.485,1267546
LNG,20130528,0.19,0.19,0.19,0.19,73500
LNR,20130528,0.15,0.15,0.14,0.15,140800
LOM,20130528,0.009,0.009,0.007,0.007,22459522
LRL,20130528,0.24,0.26,0.23,0.26,2396421
LRR,20130528,0.002,0.003,0.002,0.003,401400
LRS,20130528,0.1,0.1,0.1,0.1,90599
LSA,20130528,0.15,0.16,0.13,0.16,560839
LSN,20130528,0.02,0.02,0.02,0.02,9764
LTN,20130528,0.074,0.074,0.072,0.074,171301
LYC,20130528,0.545,0.55,0.52,0.525,8848151
LYL,20130528,4.3,4.3,4.13,4.15,72250
MAB,20130528,0.5,0.505,0.5,0.505,4160
MAD,20130528,0.405,0.41,0.36,0.375,4697877
MAH,20130528,0.185,0.19,0.185,0.185,458948
MAK,20130528,0.13,0.13,0.12,0.12,99331
MAQ,20130528,8.54,8.6,8.53,8.6,125019
MAR,20130528,0.007,0.007,0.007,0.007,640000
MAT,20130528,0.375,0.38,0.36,0.38,63750
MBC,20130528,0.39,0.39,0.35,0.35,33000
MBN,20130528,0.16,0.2,0.16,0.195,6036932
MBT,20130528,0.02,0.02,0.02,0.02,76
MCE,20130528,0.85,0.865,0.83,0.84,133217
MCP,20130528,1.93,1.93,1.855,1.91,69438
MCR,20130528,0.64,0.64,0.59,0.61,428576
MCX,20130528,0.063,0.063,0.063,0.063,21
MDI,20130528,0.09,0.09,0.09,0.09,65000
MDL,20130528,2.8,2.81,2.71,2.81,68301
MDS,20130528,0.002,0.002,0.002,0.002,1391213
MDV,20130528,0.003,0.004,0.003,0.004,3100000
MDX,20130528,0.135,0.135,0.135,0.135,260000
MED,20130528,0.175,0.18,0.17,0.17,358315
MEL,20130528,0.053,0.064,0.053,0.064,1388388
MEO,20130528,0.07,0.071,0.067,0.067,1059346
MEU,20130528,0.049,0.052,0.049,0.049,410409
MFF,20130528,1.29,1.295,1.265,1.28,572959
MFG,20130528,7.95,8.34,7.93,8.32,425390
MGL,20130528,0.024,0.024,0.023,0.023,157300
MGR,20130528,1.665,1.695,1.66,1.685,9616660
MGV,20130528,0.07,0.07,0.07,0.07,25000
MGX,20130528,0.485,0.49,0.475,0.48,4409533
MHI,20130528,0.15,0.15,0.14,0.15,283228
MHM,20130528,0.15,0.155,0.13,0.145,102072
MIN,20130528,8.53,8.99,8.53,8.79,1218490
MIO,20130528,1.9,1.91,1.89,1.89,146895
MIR,20130528,2.31,2.36,2.29,2.36,61414
MIX,20130528,0.15,0.15,0.15,0.15,5000
MIZ,20130528,0.013,0.013,0.012,0.012,57902
MKB,20130528,0.047,0.047,0.047,0.047,341000
MLA,20130528,0.01,0.01,0.01,0.01,465162
MLB,20130528,2.23,2.23,2.2,2.21,181635
MLD,20130528,1.91,1.925,1.88,1.9,349000
MLI,20130528,0.11,0.11,0.11,0.11,5000
MLM,20130528,0.13,0.13,0.13,0.13,15500
MLS,20130528,0.013,0.013,0.013,0.013,100000
MLT,20130528,19.1,19.49,19,19.4,19509
MLX,20130528,0.11,0.115,0.11,0.115,302197
MMC,20130528,0.05,0.057,0.05,0.05,228000
MML,20130528,2.34,2.34,2.27,2.28,1099561
MMR,20130528,0.049,0.049,0.045,0.047,176526
MMS,20130528,15.74,16.22,15.63,16.2,177871
MMX,20130528,0.04,0.041,0.04,0.04,137121
MNB,20130528,0.022,0.022,0.022,0.022,215000
MNC,20130528,0.02,0.02,0.018,0.02,2999781
MND,20130528,15.62,16.06,15.58,15.99,430381
MNE,20130528,0.022,0.024,0.02,0.024,529281
MNF,20130528,1.36,1.38,1.35,1.36,45239
MNM,20130528,0.034,0.034,0.031,0.034,58842
MNY,20130528,0.83,0.83,0.8,0.8,131147
MNZ,20130528,0.028,0.028,0.028,0.028,4250
MOC,20130528,2.15,2.19,2.14,2.16,618078
MOD,20130528,0.04,0.04,0.039,0.039,830000
MOL,20130528,0.115,0.115,0.105,0.11,314526
MOO,20130528,0.007,0.008,0.007,0.008,930010
MOX,20130528,0.04,0.04,0.039,0.039,370400
MOY,20130528,0.015,0.017,0.015,0.017,6111933
MPO,20130528,0.255,0.255,0.255,0.255,63250
MPS,20130528,0.065,0.068,0.065,0.068,415000
MQA,20130528,1.785,1.835,1.785,1.83,2006069
MQG,20130528,43.43,43.71,42.71,43.27,1395534
MRM,20130528,3.19,3.36,3.19,3.33,1254623
MRP,20130528,0.2,0.2,0.2,0.2,32950
MRQ,20130528,0.185,0.195,0.18,0.195,80000
MSB,20130528,6,6.09,5.98,6.02,361337
MSC,20130528,0.005,0.005,0.004,0.004,2900000
MSR,20130528,0.077,0.078,0.077,0.077,200750
MTB,20130528,0.001,0.001,0.001,0.001,523361
MTE,20130528,0.07,0.07,0.07,0.07,8000
MTH,20130528,0.025,0.03,0.025,0.03,57835
MTN,20130528,0.025,0.027,0.024,0.027,712120
MTS,20130528,3.89,3.995,3.89,3.99,3792901
MTU,20130528,5.56,5.64,5.37,5.6,2883020
MUE,20130528,0.096,0.096,0.096,0.096,70000
MUM,20130528,0.029,0.029,0.029,0.029,39922
MVP,20130528,1.13,1.16,1.13,1.15,51383
MVT,20130528,0.096,0.096,0.093,0.093,234000
MWN,20130528,0.065,0.075,0.065,0.075,128196
MWR,20130528,0.94,0.96,0.94,0.96,9945
MXI,20130528,1.17,1.225,1.17,1.21,245346
MXQ,20130528,0.345,0.345,0.345,0.345,126710
MXR,20130528,0.003,0.003,0.003,0.003,97088
MYE,20130528,0.82,0.84,0.81,0.83,28100
MYG,20130528,0.037,0.037,0.036,0.036,138680
MYR,20130528,2.42,2.46,2.41,2.43,4414731
MYS,20130528,4.63,4.65,4.47,4.65,707975
MYT,20130528,1.995,2.03,1.97,2.03,3064858
MYX,20130528,0.425,0.445,0.415,0.44,391298
MZI,20130528,0.018,0.018,0.017,0.017,6523106
NAB,20130528,31.3,31.4,31,31.12,7382550
NAM,20130528,0.26,0.27,0.26,0.27,95936
NAN,20130528,0.46,0.49,0.46,0.49,31800
NBL,20130528,0.635,0.655,0.63,0.655,33251
NCK,20130528,2.13,2.13,2.13,2.13,211188
NCM,20130528,14.9,14.96,14.54,14.65,1688556
NCR,20130528,0.09,0.1,0.09,0.095,593483
NDL,20130528,0.032,0.032,0.032,0.032,130000
NDO,20130528,0.028,0.028,0.027,0.027,750000
NEA,20130528,0.24,0.25,0.225,0.25,1210581
NEN,20130528,0.245,0.26,0.24,0.26,1809427
NEU,20130528,0.062,0.067,0.06,0.061,23229811
NFE,20130528,0.1,0.1,0.096,0.096,1439491
NFK,20130528,0.45,0.45,0.445,0.45,1779445
NGE,20130528,0.019,0.02,0.019,0.02,105000
NGF,20130528,0.17,0.17,0.17,0.17,80000
NHC,20130528,3.75,3.78,3.61,3.62,317483
NHF,20130528,2.25,2.28,2.24,2.28,184846
NKP,20130528,0.058,0.058,0.058,0.058,19176
NOD,20130528,0.066,0.067,0.066,0.067,491702
NPX,20130528,2.43,2.43,2.43,2.43,2212
NRR,20130528,0.018,0.018,0.018,0.018,200000
NRT,20130528,0.16,0.165,0.16,0.16,59831
NRU,20130528,0.011,0.011,0.01,0.011,550800
NSE,20130528,0.14,0.14,0.125,0.13,296879
NST,20130528,0.655,0.675,0.65,0.675,1228150
NTC,20130528,0.275,0.285,0.275,0.285,196086
NTM,20130528,0.028,0.028,0.028,0.028,54585
NTU,20130528,0.11,0.11,0.098,0.098,323125
NUF,20130528,4.68,4.85,4.36,4.4,1013584
NVG,20130528,0.024,0.025,0.023,0.024,408055
NVT,20130528,5.51,5.62,5.45,5.6,628028
NWE,20130528,0.026,0.026,0.025,0.025,414982
NWH,20130528,1.13,1.185,1.13,1.145,2412743
NWS,20130528,33.25,33.76,33.18,33.72,1150524
NWT,20130528,0.375,0.38,0.375,0.38,247985
NXS,20130528,0.105,0.11,0.105,0.105,12041247
NXT,20130528,2.29,2.37,2.28,2.33,703394
NZO,20130528,0.7,0.7,0.695,0.695,38000
OBJ,20130528,0.013,0.013,0.012,0.012,2322712
OBL,20130528,0.015,0.016,0.015,0.016,113166
OBS,20130528,0.16,0.16,0.16,0.16,6000
OCL,20130528,0.385,0.39,0.385,0.385,7590
ODN,20130528,0.001,0.001,0.001,0.001,560000
OEC,20130528,0.17,0.18,0.17,0.18,364500
OEG,20130528,0.05,0.05,0.05,0.05,9250
OEX,20130528,0.056,0.056,0.055,0.055,200000
OGC,20130528,1.77,1.78,1.725,1.775,1023045
OGH,20130528,0.026,0.026,0.026,0.026,140000
OGX,20130528,0.185,0.22,0.18,0.22,815350
OGY,20130528,0.026,0.026,0.026,0.026,178113
OKN,20130528,1.2,1.205,1.18,1.18,133826
OMH,20130528,0.38,0.38,0.375,0.38,1074911
ONC,20130528,0.175,0.175,0.175,0.175,93
ONT,20130528,5.98,5.99,5.98,5.99,2340
OPG,20130528,0.185,0.185,0.185,0.185,633
ORD,20130528,0.009,0.01,0.009,0.01,217078
ORE,20130528,1.4,1.48,1.4,1.46,95247
ORG,20130528,13.22,13.25,12.96,13.1,2228692
ORI,20130528,22.28,22.49,22.03,22.1,993504
ORL,20130528,7.1,7.1,7.03,7.04,241629
ORN,20130528,0.078,0.08,0.078,0.08,15000
ORO,20130528,0.002,0.002,0.001,0.002,2116667
ORR,20130528,0.105,0.105,0.1,0.1,1013363
ORX,20130528,0.055,0.055,0.055,0.055,17560
OSH,20130528,8.14,8.36,8.13,8.32,6780629
OSP,20130528,0.405,0.405,0.4,0.4,536300
OTC,20130528,0.049,0.049,0.045,0.045,169327
OTE,20130528,0.002,0.002,0.002,0.002,21517666
OTH,20130528,0.45,0.465,0.45,0.46,128597
OVL,20130528,0.011,0.011,0.011,0.011,2077
OVR,20130528,0.009,0.009,0.009,0.009,1085100
OXX,20130528,0.235,0.24,0.235,0.24,23360
OZF,20130528,18.71,18.71,18.67,18.67,3718
OZG,20130528,0.175,0.175,0.175,0.175,150000
OZL,20130528,4,4.03,3.83,3.86,3610771
OZR,20130528,9.5,9.55,9.5,9.51,3772
PAA,20130528,0.01,0.01,0.01,0.01,1250000
PAB,20130528,0.024,0.025,0.024,0.025,135000
PAG,20130528,0.845,0.85,0.84,0.84,94303
PAN,20130528,0.27,0.275,0.265,0.27,250342
PBD,20130528,0.011,0.011,0.011,0.011,1800000
PBG,20130528,0.74,0.745,0.73,0.73,4026598
PBT,20130528,0.24,0.245,0.24,0.245,756418
PCL,20130528,0.066,0.07,0.066,0.07,408500
PDI,20130528,0.027,0.029,0.027,0.029,720730
PDM,20130528,0.004,0.004,0.004,0.004,10000
PDN,20130528,0.94,0.94,0.912,0.925,2877664
PDY,20130528,0.003,0.003,0.003,0.003,581000
PDZ,20130528,0.29,0.29,0.285,0.285,5500
PEA,20130528,0.4,0.4,0.4,0.4,20999
PEK,20130528,0.17,0.17,0.155,0.17,994617
PEM,20130528,0.15,0.152,0.135,0.14,1256817
PEN,20130528,0.024,0.024,0.024,0.024,2468033
PEX,20130528,0.505,0.53,0.48,0.48,384323
PFG,20130528,0.11,0.11,0.105,0.11,346948
PFL,20130528,1.5,1.5,1.49,1.5,3425
PGI,20130528,0.1,0.1,0.096,0.096,609392
PGS,20130528,0.024,0.024,0.021,0.021,925000
PHG,20130528,0.07,0.07,0.07,0.07,965
PHK,20130528,0.06,0.06,0.06,0.06,510
PIE,20130528,0.03,0.03,0.03,0.03,107297
PIO,20130528,0.02,0.02,0.02,0.02,210000
PIR,20130528,0.68,0.71,0.68,0.695,858927
PKO,20130528,0.02,0.02,0.02,0.02,259259
PKR,20130528,0.23,0.23,0.23,0.23,15000
PLY,20130528,0.18,0.18,0.18,0.18,5000
PMC,20130528,1.36,1.385,1.36,1.385,134357
PME,20130528,0.51,0.54,0.51,0.54,1039347
PMP,20130528,0.28,0.28,0.28,0.28,2000
PMV,20130528,7.01,7.25,6.91,7.24,327084
PNA,20130528,2.25,2.27,2.24,2.24,1236278
PNL,20130528,0.077,0.077,0.075,0.075,136667
PNN,20130528,0.022,0.022,0.022,0.022,5000
PNX,20130528,0.024,0.024,0.024,0.024,5898
POH,20130528,0.13,0.13,0.13,0.13,149231
POK,20130528,0.27,0.27,0.26,0.26,64700
POS,20130528,0.125,0.155,0.12,0.15,1480795
POU,20130528,15.64,15.64,15.64,15.64,635
POZ,20130528,0.022,0.022,0.02,0.02,241897
PPC,20130528,1.18,1.215,1.18,1.2,1289073
PPG,20130528,0.5,0.5,0.5,0.5,120000
PPM,20130528,5.08,5.1,5.05,5.1,22922
PPS,20130528,0.062,0.062,0.06,0.06,750000
PPT,20130528,41.09,41.995,40.61,41.95,131530
PPX,20130528,0.06,0.06,0.057,0.06,443035
PPY,20130528,0.011,0.011,0.011,0.011,20000
PRG,20130528,2.15,2.15,2.06,2.15,155389
PRL,20130528,0.089,0.092,0.089,0.092,136386
PRO,20130528,0.35,0.35,0.35,0.35,8700
PRR,20130528,0.075,0.078,0.075,0.075,746805
PRT,20130528,1.025,1.027,0.95,0.95,819818
PRU,20130528,0.995,1.02,0.985,1.005,2175890
PRW,20130528,0.002,0.002,0.001,0.002,3541600
PRY,20130528,4.92,5.07,4.89,5.04,4506442
PSA,20130528,0.13,0.14,0.125,0.13,21666
PSC,20130528,0.006,0.006,0.006,0.006,212038
PSH,20130528,0.078,0.08,0.078,0.08,22205
PSY,20130528,0.01,0.01,0.01,0.01,36824
PTL,20130528,0.014,0.014,0.013,0.014,815430
PTM,20130528,4.85,5.08,4.82,5.08,1155127
PUN,20130528,0.16,0.16,0.16,0.16,91278
PVA,20130528,3.2,3.2,3.2,3.2,7000
PVD,20130528,0.39,0.395,0.39,0.395,56450
PVM,20130528,0.37,0.37,0.36,0.36,226499
PWN,20130528,0.18,0.18,0.15,0.15,9351
PXG,20130528,0.16,0.17,0.16,0.165,151200
PXR,20130528,0.003,0.003,0.003,0.003,236753
PXS,20130528,0.235,0.235,0.2,0.2,7437521
PYC,20130528,0.021,0.021,0.021,0.021,628241
PYM,20130528,0.02,0.02,0.016,0.016,521000
PZC,20130528,0.034,0.034,0.034,0.034,102700
QAN,20130528,1.55,1.555,1.515,1.52,10299631
QAU,20130528,14.37,14.38,14.29,14.34,35829
QBE,20130528,15.42,15.53,15.15,15.25,4445195
QBL,20130528,0.008,0.008,0.007,0.008,1325274
QFN,20130528,10.01,10.05,10.01,10.03,3850
QFX,20130528,0.015,0.016,0.015,0.016,1400000
QHL,20130528,0.145,0.145,0.14,0.14,18410
QMN,20130528,0.019,0.02,0.019,0.019,80728
QRL,20130528,0.019,0.019,0.017,0.017,160588
QRX,20130528,1.15,1.155,1.135,1.15,176535
QST,20130528,0.068,0.068,0.068,0.068,400
QUB,20130528,1.68,1.715,1.68,1.71,642637
RAU,20130528,0.007,0.007,0.006,0.006,1712779
RBR,20130528,0.01,0.013,0.01,0.01,605606
RBX,20130528,0.018,0.018,0.018,0.018,28611
RCB,20130528,20.7,20.71,20.7,20.71,23187
RCG,20130528,0.52,0.545,0.51,0.545,211562
RCP,20130528,0.005,0.005,0.005,0.005,479325
RCR,20130528,1.96,2.07,1.955,2.07,1159519
RCT,20130528,2.65,2.65,2.65,2.65,30000
RCU,20130528,0.415,0.415,0.41,0.41,1550
RDF,20130528,1.06,1.105,1.055,1.105,38245
RDM,20130528,0.078,0.08,0.076,0.08,116014
RDR,20130528,0.067,0.067,0.066,0.066,301121
RDV,20130528,27.7,27.84,27.69,27.81,11921
REA,20130528,26.5,27.85,26.45,27.79,143042
REH,20130528,22,22,22,22,1463
RER,20130528,0.037,0.037,0.037,0.037,3400
RES,20130528,0.2,0.2,0.185,0.195,24400
REX,20130528,1.14,1.14,1.14,1.14,1000
REY,20130528,0.051,0.052,0.049,0.049,1824226
RFE,20130528,0.575,0.575,0.55,0.56,306599
RFG,20130528,3.82,3.96,3.82,3.93,48007
RFL,20130528,0.17,0.17,0.165,0.165,198706
RGB,20130528,20.76,20.76,20.76,20.76,939
RGX,20130528,0.043,0.043,0.043,0.043,25197
RHC,20130528,34.25,34.78,33.89,34.74,421473
RHG,20130528,0.405,0.41,0.405,0.405,761837
RHL,20130528,3.04,3.08,3.02,3.06,45038
RHT,20130528,0.011,0.015,0.011,0.014,540000
RIA,20130528,0.042,0.044,0.04,0.042,2682402
RIC,20130528,0.82,0.825,0.8,0.8,221508
RIG,20130528,0.036,0.036,0.036,0.036,15000
RIM,20130528,0.059,0.059,0.059,0.059,38000
RIO,20130528,53.5,53.72,52.61,52.88,3269866
RKN,20130528,2.41,2.52,2.4,2.5,26282
RMD,20130528,5.11,5.11,5.04,5.06,3896737
RMG,20130528,0.002,0.002,0.002,0.002,500000
RMI,20130528,0.001,0.001,0.001,0.001,6182498
RMR,20130528,0.001,0.001,0.001,0.001,1500000
RMS,20130528,0.195,0.195,0.185,0.185,705310
RMX,20130528,0.008,0.01,0.008,0.01,315000
RNI,20130528,0.076,0.083,0.074,0.075,312912
RNS,20130528,0.081,0.081,0.081,0.081,50000
RNY,20130528,0.29,0.3,0.29,0.3,124799
ROC,20130528,0.43,0.44,0.42,0.42,338233
ROG,20130528,0.002,0.002,0.002,0.002,976542
ROL,20130528,0.25,0.27,0.25,0.255,256734
ROY,20130528,0.032,0.032,0.032,0.032,79700
RRL,20130528,3.7,3.72,3.63,3.68,950143
RRS,20130528,0.044,0.045,0.044,0.045,290000
RSG,20130528,0.7,0.71,0.69,0.695,2904924
RSL,20130528,0.011,0.011,0.011,0.011,18023
RSM,20130528,20.79,20.79,20.79,20.79,937
RUM,20130528,0.14,0.155,0.14,0.155,104135
RVA,20130528,0.57,0.57,0.57,0.57,2303
RVL,20130528,30.6,30.6,30.6,30.6,7794
RXL,20130528,0.038,0.043,0.035,0.035,9059595
RXM,20130528,0.29,0.29,0.28,0.285,126418
RXP,20130528,0.675,0.675,0.67,0.67,32485
SAI,20130528,3.69,3.78,3.69,3.78,517902
SAR,20130528,0.15,0.15,0.14,0.14,1511131
SAU,20130528,0.015,0.015,0.015,0.015,42572
SAV,20130528,0.019,0.019,0.019,0.019,22000
SAY,20130528,0.041,0.041,0.037,0.037,50900
SBM,20130528,0.61,0.61,0.575,0.58,1421334
SBR,20130528,0.095,0.095,0.094,0.094,160000
SCI,20130528,0.058,0.058,0.058,0.058,78000
SCP,20130528,1.735,1.765,1.72,1.76,2460566
SDG,20130528,1.49,1.52,1.485,1.515,100100
SDI,20130528,0.475,0.5,0.475,0.5,22000
SDL,20130528,0.096,0.097,0.089,0.091,79618677
SDM,20130528,0.525,0.57,0.515,0.525,7580470
SEA,20130528,0.945,0.975,0.945,0.97,2668919
SEH,20130528,0.125,0.13,0.125,0.13,1198011
SEK,20130528,10.05,10.57,10,10.5,3154905
SEN,20130528,0.012,0.012,0.011,0.011,440000
SER,20130528,0.03,0.03,0.028,0.028,334290
SFH,20130528,0.88,0.9,0.88,0.895,15918
SFR,20130528,6.11,6.2,6.02,6.2,372572
SFW,20130528,0.705,0.715,0.69,0.71,277112
SFX,20130528,0.505,0.505,0.49,0.505,20992
SFY,20130528,49.98,50.24,49.93,50.11,13782
SGH,20130528,2.95,2.99,2.95,2.95,406623
SGI,20130528,0.31,0.31,0.31,0.31,20000
SGM,20130528,9.96,9.96,9.63,9.65,1299635
SGN,20130528,1.4,1.42,1.39,1.405,922259
SGP,20130528,3.7,3.775,3.7,3.75,7884635
SGT,20130528,3.22,3.29,3.22,3.24,915117
SGY,20130528,0.014,0.014,0.014,0.014,85350
SGZ,20130528,0.017,0.017,0.017,0.017,23274
SHD,20130528,0.08,0.08,0.08,0.08,18475
SHE,20130528,0.02,0.02,0.016,0.016,1309690
SHJ,20130528,1.45,1.48,1.45,1.45,145620
SHK,20130528,0.004,0.004,0.004,0.004,116200
SHL,20130528,13.94,14.26,13.85,14.16,1030656
SHV,20130528,3.01,3.05,3,3.05,19274
SIH,20130528,0.078,0.08,0.077,0.078,177500
SIP,20130528,0.81,0.81,0.795,0.8,1477042
SIR,20130528,2.63,2.75,2.63,2.74,794561
SIV,20130528,7.13,7.31,7.13,7.31,24591
SIX,20130528,0.016,0.016,0.016,0.016,500000
SKC,20130528,3.67,3.67,3.6,3.6,129096
SKE,20130528,2.35,2.42,2.35,2.4,631939
SKI,20130528,1.75,1.76,1.735,1.735,3408922
SKT,20130528,4.77,4.78,4.7,4.74,29849
SLF,20130528,9.82,9.86,9.75,9.86,107128
SLM,20130528,2.02,2.02,1.995,2,21770
SLR,20130528,0.76,0.817,0.75,0.8,9103405
SLT,20130528,0.06,0.06,0.05,0.05,59630
SLX,20130528,2.59,2.62,2.56,2.57,162621
SMA,20130528,0.003,0.003,0.003,0.003,500000
SMR,20130528,0.13,0.13,0.13,0.13,168754
SMX,20130528,4.92,4.94,4.86,4.89,99759
SND,20130528,0.695,0.695,0.695,0.695,55000
SNY,20130528,0.32,0.36,0.32,0.36,77245
SOL,20130528,14.52,14.7,14.5,14.59,203126
SPI,20130528,0.022,0.023,0.021,0.022,940994
SPL,20130528,0.855,0.88,0.835,0.87,624366
SPN,20130528,1.19,1.195,1.177,1.185,5593100
SRI,20130528,0.075,0.077,0.071,0.071,378700
SRK,20130528,0.052,0.053,0.051,0.053,460992
SRM,20130528,0.16,0.17,0.15,0.15,244719
SRQ,20130528,0.017,0.018,0.016,0.016,282954
SRR,20130528,0.008,0.008,0.008,0.008,7872
SRV,20130528,3.51,3.51,3.5,3.5,22558
SRX,20130528,10.75,10.75,10.56,10.65,188757
SRZ,20130528,0.06,0.06,0.06,0.06,140000
SSM,20130528,0.15,0.16,0.15,0.15,447600
SSN,20130528,0.024,0.026,0.024,0.026,1989177
SSO,20130528,10.95,10.97,10.95,10.97,5270
SST,20130528,31.69,31.7,31.5,31.5,750
STB,20130528,0.3,0.3,0.3,0.3,4700
STE,20130528,0.026,0.026,0.026,0.026,150000
STO,20130528,12.71,12.96,12.61,12.81,2445985
STW,20130528,47,47.23,46.93,47.14,232157
STX,20130528,0.094,0.095,0.094,0.094,212385
SUD,20130528,0.031,0.031,0.026,0.028,3309724
SUL,20130528,10.86,11.14,10.72,11.08,536793
SUM,20130528,0.17,0.17,0.17,0.17,192000
SUN,20130528,12.61,12.69,12.41,12.55,5167639
SUR,20130528,0.029,0.029,0.028,0.028,1600000
SVW,20130528,7.22,7.35,7.16,7.29,823074
SWE,20130528,0.13,0.13,0.13,0.13,4253
SWJ,20130528,0.1,0.1,0.1,0.1,150000
SWK,20130528,0.295,0.3,0.295,0.3,930175
SWL,20130528,1.01,1.01,1,1,2000
SWM,20130528,2.09,2.13,2.08,2.12,4569298
SXE,20130528,1.015,1.015,1,1.015,116726
SXG,20130528,0.017,0.017,0.017,0.017,513
SXI,20130528,0.018,0.018,0.018,0.018,25000
SXL,20130528,1.345,1.375,1.345,1.375,583899
SXT,20130528,0.21,0.21,0.21,0.21,45951
SXX,20130528,0.007,0.007,0.007,0.007,500000
SXY,20130528,0.62,0.63,0.605,0.615,1924300
SYD,20130528,3.67,3.72,3.65,3.68,4304379
SYI,20130528,27.98,28.14,27.97,28.08,16027
SYR,20130528,1.79,1.79,1.71,1.78,170708
SZG,20130528,0.16,0.16,0.15,0.16,221094
TAH,20130528,3.45,3.5,3.44,3.45,3086463
TAM,20130528,0.083,0.084,0.081,0.081,656000
TAP,20130528,0.53,0.53,0.52,0.52,73476
TAW,20130528,0.006,0.006,0.005,0.005,3000000
TCL,20130528,6.76,6.915,6.76,6.89,3474471
TCN,20130528,0.032,0.032,0.032,0.032,10000
TCQ,20130528,0.26,0.26,0.255,0.26,83200
TDI,20130528,0.042,0.042,0.042,0.042,5000
TDX,20130528,0.001,0.001,0.001,0.001,300000
TEG,20130528,0.009,0.009,0.009,0.009,2954929
TEL,20130528,1.93,1.945,1.9,1.915,1425500
TEN,20130528,0.26,0.265,0.25,0.26,6622293
TEX,20130528,0.06,0.06,0.06,0.06,105000
TFC,20130528,0.465,0.465,0.46,0.46,9200
TFS,20130528,0.095,0.095,0.095,0.095,5300
TGA,20130528,2.12,2.2,2.12,2.19,698617
TGG,20130528,1.01,1.01,1,1.01,472247
TGP,20130528,0.49,0.49,0.49,0.49,22317
TGR,20130528,1.9,1.92,1.83,1.92,2124476
TGS,20130528,0.23,0.24,0.225,0.235,1194293
TGZ,20130528,0.725,0.76,0.72,0.72,176128
THX,20130528,0.038,0.038,0.038,0.038,245000
TIG,20130528,0.17,0.18,0.17,0.18,383872
TIS,20130528,0.12,0.12,0.12,0.12,15587
TIX,20130528,0.545,0.55,0.53,0.53,1077404
TKG,20130528,0.015,0.015,0.015,0.015,40000
TLM,20130528,0.13,0.13,0.13,0.13,92926
TLS,20130528,4.93,4.995,4.92,4.92,26255570
TME,20130528,4.12,4.19,4.03,4.04,877290
TMM,20130528,1.3,1.3,1.3,1.3,1000
TNE,20130528,1.65,1.7,1.63,1.655,667224
TNG,20130528,0.066,0.066,0.064,0.064,72362
TNP,20130528,0.022,0.023,0.022,0.023,3301850
TOE,20130528,0.072,0.072,0.068,0.068,553305
TOL,20130528,4.99,5.02,4.86,4.89,3660699
TON,20130528,0.075,0.075,0.069,0.074,423186
TOU,20130528,0.25,0.275,0.25,0.275,46580
TOX,20130528,3.27,3.39,3.27,3.39,692791
TPD,20130528,0.04,0.045,0.04,0.045,162271
TPI,20130528,0.86,0.887,0.85,0.885,1915119
TPL,20130528,0.002,0.002,0.002,0.002,715278
TPM,20130528,3.6,3.74,3.54,3.56,1468505
TPP,20130528,0.05,0.05,0.05,0.05,44200
TPR,20130528,0.07,0.07,0.07,0.07,325000
TPT,20130528,0.24,0.24,0.24,0.24,70000
TRF,20130528,0.097,0.097,0.097,0.097,141250
TRG,20130528,6.39,6.39,6.39,6.39,1
TRO,20130528,0.045,0.045,0.045,0.045,10000
TRS,20130528,16.01,16.61,16,16.52,227713
TRU,20130528,6.3,6.3,6.3,6.3,10489
TRY,20130528,1.7,1.81,1.7,1.75,324072
TSE,20130528,0.905,0.915,0.88,0.885,2274768
TSM,20130528,0.275,0.275,0.275,0.275,22500
TTE,20130528,0.011,0.011,0.01,0.01,1825000
TTI,20130528,0.06,0.06,0.059,0.059,64173
TTN,20130528,1.56,1.56,1.515,1.515,6555
TTS,20130528,3.25,3.3,3.24,3.28,2945342
TUC,20130528,0.055,0.055,0.055,0.055,15500
TUP,20130528,1.8,1.81,1.8,1.81,102000
TWD,20130528,2.49,2.52,2.49,2.52,4880
TWE,20130528,6.05,6.16,6.05,6.14,1419541
TWR,20130528,1.52,1.52,1.48,1.52,11866
TZL,20130528,0.12,0.12,0.095,0.105,1467815
TZN,20130528,0.02,0.022,0.02,0.02,166500
UCL,20130528,0.31,0.31,0.31,0.31,167644
UEQ,20130528,0.026,0.027,0.025,0.025,1311339
UGL,20130528,6.95,7.04,6.85,6.98,977943
UML,20130528,0.07,0.07,0.067,0.069,289313
UNS,20130528,0.665,0.71,0.655,0.68,723939
UNV,20130528,0.07,0.072,0.07,0.07,136714
UNX,20130528,0.032,0.032,0.03,0.03,785735
UOS,20130528,0.5,0.52,0.5,0.52,826155
URF,20130528,1.77,1.8,1.77,1.8,97228
USA,20130528,0.03,0.03,0.027,0.027,267669
USD,20130528,10.3,10.32,10.25,10.25,132966
UXC,20130528,0.92,0.965,0.92,0.965,251430
VAF,20130528,49.52,49.52,49.52,49.52,1008
VAH,20130528,0.435,0.435,0.425,0.435,4752820
VAP,20130528,61.04,61.57,59.94,61.39,11839
VAS,20130528,63.41,63.62,63.35,63.54,18821
VBP,20130528,6.69,6.69,6.65,6.65,3025
VEC,20130528,0.022,0.023,0.022,0.023,60000
VEI,20130528,0.725,0.725,0.7,0.72,278413
VEU,20130528,49.45,50.35,49.45,49.58,7112
VGB,20130528,49.19,49.19,49,49,1053
VGO,20130528,0.075,0.075,0.075,0.075,22500
VHY,20130528,60.5,60.93,60.5,60.68,11810
VIE,20130528,0.25,0.27,0.25,0.27,16000
VLA,20130528,0.28,0.285,0.28,0.285,4580
VLC,20130528,56.01,56.04,55.9,55.9,481
VLW,20130528,1.145,1.175,1.145,1.155,36889
VMC,20130528,0.11,0.11,0.1,0.1,66500
VMG,20130528,0.011,0.011,0.01,0.011,2618557
VMS,20130528,0.155,0.155,0.14,0.14,552752
VMT,20130528,0.013,0.013,0.013,0.013,45000
VOC,20130528,2.08,2.25,2.06,2.17,168963
VOR,20130528,0.009,0.009,0.008,0.008,484000
VRL,20130528,5.07,5.12,4.97,5,167155
VSC,20130528,1.04,1.04,1.04,1.04,5000
VSO,20130528,42.45,42.51,42.45,42.51,670
VTG,20130528,0.63,0.63,0.63,0.63,2420
VTS,20130528,88.61,89.35,88.61,89,8267
VTX,20130528,0.001,0.001,0.001,0.001,200000
WAA,20130528,1.15,1.155,1.15,1.155,18850
WAM,20130528,1.685,1.695,1.67,1.695,339124
WAX,20130528,0.97,0.985,0.97,0.985,45050
WBB,20130528,6.09,6.09,6.02,6.06,8274
WBC,20130528,29.2,29.67,29.14,29.47,6786487
WCB,20130528,4.09,4.09,4.09,4.09,4073
WCL,20130528,0.17,0.18,0.16,0.17,204881
WCN,20130528,0.009,0.009,0.009,0.009,104800
WDC,20130528,12.05,12.11,11.92,11.92,3340039
WDR,20130528,0.67,0.68,0.66,0.665,267277
WDS,20130528,0.37,0.37,0.36,0.36,57365
WEB,20130528,4.1,4.33,4.1,4.26,385205
WEC,20130528,0.17,0.18,0.17,0.18,148943
WES,20130528,40.76,41.26,40.62,41.22,1998686
WFE,20130528,0.021,0.022,0.021,0.021,139635
WHC,20130528,2.18,2.21,2.14,2.2,2286632
WHE,20130528,0.052,0.052,0.051,0.051,23698
WHF,20130528,3.52,3.59,3.52,3.58,55631
WHG,20130528,0.68,0.68,0.655,0.675,537846
WHN,20130528,0.029,0.029,0.028,0.028,1618691
WIC,20130528,1.08,1.1,1.08,1.1,60471
WIG,20130528,0.255,0.26,0.245,0.245,27500
WIN,20130528,0.25,0.25,0.25,0.25,97500
WKT,20130528,0.011,0.011,0.01,0.01,1150000
WLF,20130528,0.29,0.29,0.29,0.29,3700
WLL,20130528,2.69,2.7,2.68,2.7,59500
WOF,20130528,0.06,0.06,0.06,0.06,45309
WOR,20130528,20.02,20.1,19.54,19.73,1147134
WOW,20130528,32.85,32.99,32.57,32.9,2447374
WPG,20130528,0.038,0.039,0.038,0.039,75000
WPL,20130528,37,37.09,36.35,36.68,1887244
WRM,20130528,0.035,0.035,0.03,0.03,22817
WRT,20130528,3.15,3.195,3.15,3.17,9535941
WSA,20130528,2.73,2.74,2.66,2.74,306493
WTF,20130528,5.53,5.54,5.47,5.5,525530
WTP,20130528,0.505,0.525,0.5,0.51,443097
WTR,20130528,0.25,0.25,0.25,0.25,35000
WWI,20130528,0.015,0.015,0.015,0.015,50000
XRO,20130528,11.01,11.18,11,11.18,22299
YAL,20130528,0.685,0.7,0.68,0.69,40575
YBR,20130528,0.56,0.565,0.56,0.56,66945
YOW,20130528,0.17,0.17,0.17,0.17,4334
YRR,20130528,0.007,0.007,0.007,0.007,12500
YTC,20130528,0.2,0.205,0.2,0.205,132000
ZEU,20130528,0.045,0.045,0.045,0.045,25000
ZGL,20130528,0.275,0.275,0.27,0.275,17293
ZGM,20130528,0.007,0.007,0.007,0.007,50000
ZMG,20130528,0.08,0.08,0.08,0.08,3090
ZNC,20130528,0.13,0.13,0.13,0.13,6459
ZYL,20130528,0.015,0.015,0.014,0.014,29579
XAF,20130528,5064.5,5085,5051.5,5071.7,0
XAO,20130528,4938.6,4959.4,4930.1,4950.6,0
XAT,20130528,4926.5,4947.4,4916,4936.7,0
XDJ,20130528,1576.2,1589.6,1572.9,1588.2,0
XEC,20130528,1037.3,1044.4,1037.7,1041.3,0
XEJ,20130528,13131.4,13198.1,13041.7,13130.9,0
XFJ,20130528,5446.5,5486.8,5428.8,5463.9,0
XFL,20130528,5117.7,5138.8,5105.3,5125.4,0
XGD,20130528,2893.4,2915.9,2865.1,2878.3,0
XHJ,20130528,12691.5,12774.8,12639.8,12742.4,0
XIJ,20130528,710.9,721.5,706.7,720.9,0
XJO,20130528,4959.9,4981.3,4950.1,4970.7,0
XJR,20130528,3871.6,3884.9,3848.1,3866.8,0
XKO,20130528,4915.8,4937.3,4906.7,4927.3,0
XMD,20130528,4025.1,4060.9,4027.3,4058,0
XMJ,20130528,9244.9,9270.7,9184,9216.9,0
XMM,20130528,3043.7,3056.8,3025.9,3038.6,0
XNJ,20130528,3664.7,3685.7,3647.2,3684.8,0
XPJ,20130528,1078.5,1081,1070.8,1076.1,0
XSJ,20130528,9864.7,9891.4,9783.4,9885.3,0
XSO,20130528,2052.5,2061.5,2046.7,2061.5,0
XTJ,20130528,1687.1,1720.2,1687.1,1694.2,0
XTL,20130528,3102.2,3115.6,3095.1,3106.4,0
XTO,20130528,4115.7,4134.2,4108.2,4124.7,0
XUJ,20130528,5495.6,5518.3,5478.2,5478.2,0
XXJ,20130528,6287.5,6342.8,6266.9,6314,0
