AAA,20130521,50.19,50.19,50.17,50.19,15099
AAC,20130521,1.075,1.08,1.065,1.075,275809
AAD,20130521,1.69,1.722,1.68,1.715,647196
AAI,20130521,8.75,8.75,8.75,8.75,2000
AAJ,20130521,0.04,0.04,0.04,0.04,10000
AAR,20130521,0.004,0.004,0.004,0.004,40000
AAU,20130521,0.1,0.1,0.1,0.1,28771
AAX,20130521,2.39,2.39,2.27,2.31,447546
AAY,20130521,0.01,0.01,0.01,0.01,50000
ABC,20130521,3.48,3.48,3.385,3.45,1180493
ABP,20130521,2.46,2.47,2.425,2.43,304497
ABU,20130521,0.028,0.029,0.028,0.029,4747196
ABV,20130521,0.016,0.016,0.016,0.016,24264
ABW,20130521,1.075,1.075,1.075,1.075,70000
ABY,20130521,0.385,0.39,0.385,0.385,38758
ABZ,20130521,0.19,0.2,0.19,0.195,125721
ACB,20130521,0.05,0.05,0.05,0.05,6500
ACG,20130521,0.074,0.074,0.072,0.072,25000
ACL,20130521,0.38,0.385,0.375,0.38,55785
ACR,20130521,3.83,3.89,3.77,3.87,437381
ACS,20130521,0.18,0.185,0.18,0.185,67960
ADA,20130521,0.355,0.355,0.355,0.355,2774
ADJ,20130521,0.043,0.045,0.043,0.045,840000
ADN,20130521,0.095,0.095,0.086,0.086,1188972
ADO,20130521,0.063,0.065,0.062,0.065,1798902
ADQ,20130521,0.031,0.031,0.03,0.03,207725
ADX,20130521,0.017,0.017,0.016,0.016,541875
ADY,20130521,0.031,0.031,0.03,0.03,9999
AEB,20130521,0.205,0.21,0.2,0.2,152166
AEE,20130521,0.081,0.081,0.08,0.08,98342
AEF,20130521,21,21,21,21,119
AEK,20130521,0.05,0.05,0.05,0.05,75000
AEM,20130521,0.018,0.018,0.016,0.016,1708158
AEU,20130521,1.495,1.495,1.485,1.485,15468
AFI,20130521,5.75,5.79,5.72,5.72,329688
AFR,20130521,0.09,0.09,0.085,0.085,269453
AGD,20130521,0.14,0.14,0.14,0.14,20
AGE,20130521,0.036,0.036,0.035,0.035,50000
AGF,20130521,0.735,0.75,0.735,0.74,354035
AGI,20130521,4.19,4.42,4.19,4.42,310600
AGK,20130521,14.95,14.99,14.83,14.92,1978978
AGO,20130521,0.84,0.85,0.815,0.845,6261264
AGR,20130521,0.06,0.06,0.06,0.06,140000
AGS,20130521,0.135,0.135,0.13,0.135,561257
AGX,20130521,0.027,0.027,0.025,0.025,24085
AHD,20130521,8.79,8.92,8.79,8.85,38667
AHE,20130521,3.82,3.88,3.75,3.8,470357
AHQ,20130521,0.035,0.035,0.035,0.035,30000
AHZ,20130521,0.045,0.045,0.041,0.042,13328783
AIA,20130521,2.61,2.62,2.61,2.62,821
AIO,20130521,5.24,5.3,5.12,5.13,3604312
AIR,20130521,0.15,0.15,0.15,0.15,4000
AIV,20130521,0.015,0.015,0.015,0.015,355000
AIW,20130521,0.02,0.02,0.02,0.02,190593
AIX,20130521,0.175,0.175,0.17,0.175,13685710
AIZ,20130521,1.29,1.29,1.29,1.29,1527
AJA,20130521,3.74,3.75,3.72,3.72,21912
AJC,20130521,0.011,0.011,0.01,0.01,350000
AJD,20130521,1.135,1.135,1.135,1.135,14552
AJL,20130521,1.42,1.57,1.42,1.55,30282
AJM,20130521,0.11,0.11,0.105,0.105,1094736
AJQ,20130521,0.28,0.295,0.265,0.265,83178
AJX,20130521,0.085,0.085,0.085,0.085,60000
AKA,20130521,0.105,0.135,0.105,0.12,1250227
AKK,20130521,0.014,0.014,0.014,0.014,7297801
AKM,20130521,0.067,0.07,0.067,0.07,188807
AKP,20130521,3.1,3.11,3,3,20352
AKY,20130521,80.9,80.9,80.9,80.9,510
ALF,20130521,1.45,1.455,1.44,1.455,448901
ALK,20130521,0.505,0.51,0.5,0.5,253147
ALL,20130521,4.26,4.42,4.22,4.23,4045792
ALQ,20130521,8.75,8.75,8.43,8.61,4283436
ALR,20130521,1.31,1.31,1.3,1.3,57652
ALT,20130521,0.023,0.023,0.022,0.023,358966
ALU,20130521,1.6,1.6,1.55,1.55,121920
ALZ,20130521,3.64,3.64,3.57,3.62,1015237
AMA,20130521,0.3,0.3,0.285,0.295,723300
AMC,20130521,10.01,10.08,9.88,9.9,5374044
AMH,20130521,0.925,0.925,0.905,0.905,37547
AMM,20130521,2.11,2.12,2.09,2.11,180656
AMP,20130521,5.58,5.61,5.5,5.55,5595192
AMX,20130521,0.23,0.23,0.22,0.23,1012515
ANG,20130521,4.94,4.94,4.6,4.61,119753
ANN,20130521,16.62,16.87,16.52,16.78,698893
ANP,20130521,0.01,0.01,0.009,0.009,4190000
ANQ,20130521,0.012,0.012,0.011,0.011,9074877
ANW,20130521,0.007,0.007,0.007,0.007,911435
ANZ,20130521,30.29,30.3,29.51,29.64,8702941
AOD,20130521,1.035,1.035,1.035,1.035,33352
AOH,20130521,0.185,0.19,0.185,0.19,59466
AOK,20130521,0.135,0.14,0.135,0.14,369340
AON,20130521,0.039,0.039,0.039,0.039,75000
AOP,20130521,0.046,0.046,0.04,0.04,10000
APA,20130521,6.88,6.91,6.76,6.78,1780611
APD,20130521,0.21,0.22,0.21,0.22,46700
APE,20130521,4.64,4.64,4.5,4.53,68776
APG,20130521,0.018,0.018,0.017,0.018,289944
API,20130521,0.45,0.455,0.44,0.45,615553
APN,20130521,0.335,0.34,0.325,0.33,1486327
APZ,20130521,0.185,0.185,0.18,0.18,617021
AQA,20130521,2.18,2.2,2.13,2.18,93622
AQC,20130521,0.015,0.018,0.014,0.017,5893461
AQG,20130521,2.42,2.45,2.38,2.4,401892
AQI,20130521,0.2,0.2,0.2,0.2,40000
AQO,20130521,0.165,0.165,0.13,0.165,1088452
AQP,20130521,0.655,0.66,0.645,0.645,340513
AQQ,20130521,0.034,0.035,0.032,0.032,557500
AQR,20130521,0.26,0.27,0.25,0.26,204500
AQZ,20130521,1.68,1.68,1.65,1.68,49500
ARA,20130521,0.315,0.315,0.305,0.305,46099
ARD,20130521,0.052,0.052,0.048,0.048,358332
ARG,20130521,6.71,6.71,6.63,6.7,195304
ARH,20130521,0.04,0.04,0.04,0.04,106864
ARI,20130521,0.92,0.92,0.855,0.87,6386673
ARM,20130521,0.05,0.05,0.047,0.047,160000
ARP,20130521,13.78,13.78,13.41,13.47,28692
ARU,20130521,0.11,0.115,0.105,0.11,449881
ARV,20130521,0.009,0.009,0.009,0.009,33889
ARX,20130521,0.003,0.003,0.003,0.003,20000
ASB,20130521,0.68,0.7,0.675,0.695,37539
ASL,20130521,1.3,1.3,1.18,1.24,5345452
ASW,20130521,0.66,0.66,0.655,0.655,1531
ASX,20130521,39.53,39.74,39.02,39.57,460300
ASZ,20130521,0.34,0.345,0.33,0.33,244690
ATI,20130521,0.19,0.21,0.19,0.2,56900
ATN,20130521,0.003,0.003,0.003,0.003,4860882
ATU,20130521,0.76,0.78,0.76,0.78,150878
ATV,20130521,0.023,0.023,0.023,0.023,160416
AUB,20130521,10.76,11,10.68,10.83,54516
AUC,20130521,0.033,0.033,0.028,0.028,169000
AUF,20130521,1.06,1.08,1.06,1.08,126996
AUI,20130521,7.52,7.52,7.5,7.5,7426
AUT,20130521,3,3,2.89,2.91,679484
AUZ,20130521,0.011,0.011,0.01,0.01,400000
AVA,20130521,0.105,0.105,0.1,0.105,521723
AVB,20130521,0.068,0.068,0.066,0.068,962279
AVG,20130521,0.475,0.475,0.465,0.47,12002
AVH,20130521,0.105,0.11,0.105,0.11,463497
AVI,20130521,0.017,0.017,0.017,0.017,1453350
AVJ,20130521,0.43,0.435,0.425,0.43,781361
AVQ,20130521,0.015,0.016,0.014,0.014,18206098
AWC,20130521,1.04,1.07,1.04,1.04,7330637
AWD,20130521,0.009,0.01,0.009,0.01,4640262
AWE,20130521,1.27,1.295,1.245,1.25,3636068
AWN,20130521,0.48,0.48,0.465,0.48,3532
AWV,20130521,0.038,0.038,0.038,0.038,115942
AXE,20130521,0.16,0.16,0.13,0.15,465517
AXM,20130521,0.02,0.02,0.017,0.02,401417
AXZ,20130521,1.1,1.1,1.1,1.1,7500
AYA,20130521,0.52,0.52,0.52,0.52,7114
AYE,20130521,0.035,0.035,0.03,0.03,625000
AYG,20130521,0.005,0.005,0.005,0.005,100000
AYI,20130521,0.003,0.003,0.003,0.003,15300
AZF,20130521,2.23,2.23,2.22,2.22,20757
AZG,20130521,0.04,0.04,0.038,0.038,170000
AZH,20130521,0.29,0.295,0.29,0.295,1006508
AZJ,20130521,4.48,4.49,4.38,4.4,13227547
AZK,20130521,0.06,0.06,0.06,0.06,28986
AZM,20130521,0.048,0.049,0.048,0.049,302235
AZQ,20130521,0.08,0.08,0.08,0.08,50000
AZS,20130521,0.034,0.035,0.031,0.033,2590000
AZV,20130521,0.07,0.07,0.07,0.07,7083
AZY,20130521,0.053,0.057,0.052,0.057,640484
AZZ,20130521,0.355,0.36,0.35,0.36,349149
BAB,20130521,0.047,0.047,0.044,0.044,255000
BAC,20130521,0.04,0.04,0.04,0.04,190000
BAR,20130521,0.012,0.014,0.012,0.014,222952
BAS,20130521,0.01,0.01,0.01,0.01,130000
BAU,20130521,0.12,0.12,0.12,0.12,556999
BBL,20130521,0.305,0.305,0.305,0.305,21184
BCC,20130521,0.036,0.037,0.036,0.036,1409182
BCD,20130521,0.032,0.032,0.032,0.032,12190
BCI,20130521,3.21,3.215,3.06,3.11,246836
BCT,20130521,0.185,0.185,0.185,0.185,7377
BDR,20130521,0.625,0.64,0.62,0.635,5232217
BEAR,20130521,19.18,19.24,19.16,19.2,33600
BEL,20130521,0.155,0.155,0.155,0.155,65000
BEN,20130521,10.9,10.96,10.76,10.83,787475
BEZ,20130521,0.061,0.061,0.06,0.061,301736
BFG,20130521,0.685,0.685,0.685,0.685,19291
BGA,20130521,2.9,2.99,2.89,2.89,304494
BGD,20130521,0.025,0.025,0.025,0.025,314200
BGG,20130521,0.15,0.15,0.14,0.14,20008
BGL,20130521,0.68,0.68,0.655,0.655,104853
BGS,20130521,0.026,0.029,0.026,0.028,28106972
BHP,20130521,34.72,34.98,34.51,34.83,7227122
BIS,20130521,1.04,1.04,1.04,1.04,7400
BIT,20130521,0.096,0.096,0.096,0.096,38000
BKI,20130521,1.54,1.55,1.53,1.54,212463
BKL,20130521,28.25,28.49,28.25,28.3,3411
BKN,20130521,4.82,4.82,4.62,4.74,855043
BKP,20130521,0.004,0.004,0.004,0.004,495000
BKW,20130521,12.54,12.54,12.35,12.45,9007
BKY,20130521,0.295,0.32,0.295,0.31,227521
BLA,20130521,1.1,1.1,1.09,1.09,20000
BLD,20130521,4.68,4.68,4.55,4.56,3586471
BLG,20130521,0.195,0.195,0.19,0.19,55681
BLK,20130521,0.15,0.15,0.15,0.15,40397
BLR,20130521,0.01,0.01,0.009,0.009,1558520
BLT,20130521,0.015,0.016,0.015,0.015,10903545
BLY,20130521,0.79,0.865,0.74,0.78,26270536
BLZ,20130521,0.001,0.001,0.001,0.001,3050000
BMB,20130521,0.077,0.077,0.075,0.076,142013
BMG,20130521,0.009,0.009,0.009,0.009,998889
BML,20130521,0.014,0.014,0.014,0.014,750
BMN,20130521,0.056,0.056,0.055,0.055,999085
BMY,20130521,0.012,0.012,0.012,0.012,20000
BMZ,20130521,0.14,0.14,0.135,0.135,145000
BND,20130521,0.13,0.13,0.125,0.13,621018
BNE,20130521,0.001,0.001,0.001,0.001,500000
BNO,20130521,0.385,0.385,0.375,0.375,172320
BNR,20130521,0.029,0.029,0.026,0.026,105000
BOA,20130521,0.42,0.42,0.42,0.42,500
BOC,20130521,0.49,0.5,0.475,0.5,16945
BOL,20130521,0.14,0.14,0.125,0.125,1480348
BOQ,20130521,9.52,9.55,9.4,9.43,1299742
BPH,20130521,0.018,0.018,0.018,0.018,300000
BPT,20130521,1.26,1.29,1.255,1.27,6154987
BRB,20130521,0.345,0.345,0.32,0.32,11180
BRG,20130521,7.18,7.27,7.1,7.17,313341
BRO,20130521,0.002,0.002,0.002,0.002,1416585
BRU,20130521,1.645,1.645,1.58,1.59,429757
BSA,20130521,0.185,0.187,0.185,0.185,247100
BSE,20130521,0.38,0.39,0.375,0.39,65040
BSL,20130521,5.41,5.465,5.35,5.35,3513631
BSM,20130521,0.01,0.01,0.009,0.01,320000
BTR,20130521,0.44,0.46,0.44,0.445,34311
BTT,20130521,3.82,3.84,3.73,3.75,175166
BTU,20130521,0.18,0.18,0.17,0.18,1059107
BUL,20130521,0.037,0.04,0.037,0.04,1036350
BUR,20130521,0.011,0.012,0.011,0.011,1390624
BUX,20130521,0.35,0.35,0.34,0.35,101605
BUY,20130521,0.016,0.016,0.015,0.015,1732120
BWP,20130521,2.73,2.74,2.69,2.71,795489
BXB,20130521,9.27,9.31,9.22,9.25,4967242
BYI,20130521,1.35,1.35,1.335,1.335,20000
BYL,20130521,0.31,0.31,0.295,0.3,131235
CAA,20130521,0.19,0.19,0.19,0.19,550000
CAB,20130521,4.9,5.1,4.87,5.04,566600
CAF,20130521,0.44,0.44,0.44,0.44,315
CAJ,20130521,0.24,0.24,0.235,0.24,1741611
CAM,20130521,1.08,1.09,1.08,1.09,15696
CAP,20130521,0.23,0.24,0.22,0.24,88516
CAS,20130521,0.26,0.26,0.25,0.25,25000
CAV,20130521,0.022,0.022,0.022,0.022,10580
CAZ,20130521,0.12,0.12,0.12,0.12,9090
CBA,20130521,73.05,73.21,72.19,72.48,2925685
CBD,20130521,0.012,0.012,0.011,0.012,745330
CBP,20130521,0.05,0.05,0.05,0.05,92834
CBQ,20130521,0.012,0.012,0.012,0.012,597603
CBS,20130521,0.025,0.025,0.023,0.023,170000
CCC,20130521,0.045,0.046,0.044,0.044,3318798
CCJ,20130521,0.1,0.1,0.1,0.1,217500
CCL,20130521,12.98,13.11,12.95,12.99,1415001
CCP,20130521,9.74,9.76,9.61,9.65,65613
CCU,20130521,0.125,0.13,0.12,0.13,819147
CCV,20130521,1.235,1.257,1.235,1.25,485431
CDA,20130521,3.21,3.21,3.08,3.08,335081
CDB,20130521,0.024,0.026,0.023,0.023,1063909
CDD,20130521,5.7,5.7,5.46,5.5,871193
CDG,20130521,0.225,0.23,0.22,0.22,449149
CDI,20130521,2.73,2.73,2.68,2.7,133201
CDM,20130521,1.38,1.385,1.375,1.385,146896
CDP,20130521,5.72,5.77,5.58,5.72,24666
CDU,20130521,3.95,4.02,3.95,4,123871
CDV,20130521,0.085,0.09,0.085,0.09,130000
CDY,20130521,0.032,0.032,0.031,0.031,2689667
CEL,20130521,0.07,0.075,0.07,0.074,632334
CEN,20130521,0.018,0.018,0.017,0.017,135943
CFE,20130521,0.16,0.16,0.15,0.15,844983
CFU,20130521,0.041,0.042,0.04,0.041,1211664
CFX,20130521,2.21,2.26,2.2,2.25,4731638
CGF,20130521,4.44,4.45,4.39,4.41,2787624
CGH,20130521,0.305,0.31,0.29,0.3,214343
CGM,20130521,0.007,0.007,0.007,0.007,58928
CGP,20130521,0.025,0.025,0.025,0.025,224242
CGR,20130521,0.1,0.1,0.1,0.1,3750
CGS,20130521,0.32,0.325,0.32,0.325,123000
CGU,20130521,0.038,0.038,0.038,0.038,10000
CHC,20130521,4.5,4.58,4.43,4.57,521099
CHF,20130521,0.055,0.055,0.055,0.055,10000
CHK,20130521,0.06,0.06,0.06,0.06,10000
CHN,20130521,0.15,0.15,0.15,0.15,136647
CHZ,20130521,0.165,0.17,0.165,0.165,166963
CIN,20130521,23.2,23.2,23,23.2,2560
CIW,20130521,0.755,0.755,0.755,0.755,12987
CIX,20130521,0.27,0.275,0.265,0.275,75000
CKA,20130521,0.18,0.18,0.165,0.175,538293
CKF,20130521,1.74,1.74,1.68,1.7,309873
CKK,20130521,0.004,0.004,0.004,0.004,262215
CKL,20130521,0.735,0.74,0.735,0.74,10000
CLA,20130521,0.014,0.014,0.013,0.013,2498062
CLH,20130521,1.66,1.66,1.63,1.63,86870
CLO,20130521,1.165,1.175,1.12,1.175,771661
CLQ,20130521,0.12,0.12,0.12,0.12,72000
CLR,20130521,0.3,0.3,0.295,0.3,381456
CLV,20130521,0.68,0.68,0.66,0.66,103450
CLX,20130521,1.9,1.9,1.9,1.9,8200
CLY,20130521,0.013,0.013,0.012,0.012,238994
CMC,20130521,0.079,0.079,0.079,0.079,20000
CMG,20130521,0.505,0.51,0.5,0.5,1740932
CMV,20130521,0.019,0.019,0.019,0.019,2619
CMW,20130521,1.04,1.045,1.03,1.04,2742136
CMY,20130521,0.009,0.012,0.009,0.011,23334850
CNB,20130521,0.605,0.605,0.605,0.605,106000
CND,20130521,0.24,0.24,0.24,0.24,14678
CNI,20130521,0.8,0.8,0.8,0.8,32454
CNN,20130521,0.002,0.002,0.002,0.002,8450399
CNO,20130521,0.115,0.13,0.115,0.12,91175
CNQ,20130521,0.054,0.055,0.052,0.055,177478
CNU,20130521,2.23,2.28,2.23,2.26,529108
CNX,20130521,0.031,0.031,0.029,0.029,132591
COE,20130521,0.41,0.415,0.41,0.415,97029
COF,20130521,0.16,0.18,0.16,0.16,6558492
COH,20130521,71.5,71.5,70.62,71.4,205318
COI,20130521,0.215,0.215,0.215,0.215,896509
COK,20130521,0.056,0.056,0.052,0.052,1892942
COY,20130521,0.03,0.03,0.03,0.03,33000
CPA,20130521,1.15,1.165,1.147,1.16,6663327
CPD,20130521,0.35,0.35,0.35,0.35,1001
CPL,20130521,0.37,0.38,0.36,0.37,837739
CPU,20130521,10.75,10.75,10.51,10.63,1854209
CPZ,20130521,0.18,0.18,0.17,0.18,212000
CQC,20130521,0.091,0.095,0.091,0.095,28778
CQR,20130521,4.32,4.41,4.32,4.4,393174
CRB,20130521,0.033,0.035,0.033,0.035,296100
CRL,20130521,0.034,0.035,0.034,0.035,23532
CRZ,20130521,10.35,10.42,10.24,10.33,364598
CSD,20130521,0.061,0.061,0.061,0.061,45000
CSJ,20130521,0.98,0.98,0.98,0.98,18500
CSL,20130521,61.02,61.28,60.78,60.85,1534450
CSP,20130521,0.19,0.19,0.19,0.19,55400
CSR,20130521,2.03,2.08,2.01,2.06,1175637
CSS,20130521,0.017,0.017,0.016,0.016,1922711
CSV,20130521,0.85,0.87,0.85,0.87,325051
CTD,20130521,4.99,4.99,4.92,4.94,33266
CTM,20130521,0.175,0.175,0.175,0.175,36222
CTN,20130521,1.07,1.07,1.05,1.05,101687
CTO,20130521,0.052,0.052,0.051,0.051,96288
CTP,20130521,0.09,0.092,0.088,0.088,3221504
CTR,20130521,0.011,0.011,0.011,0.011,500000
CTX,20130521,23.3,23.47,23.1,23.22,665418
CUE,20130521,0.125,0.125,0.125,0.125,229146
CUL,20130521,0.016,0.016,0.016,0.016,457000
CUP,20130521,1.9,1.9,1.89,1.9,19339
CUV,20130521,1.93,2.02,1.9,2,34283
CUX,20130521,0.032,0.032,0.032,0.032,103571
CVC,20130521,1.025,1.025,1.025,1.025,7154
CVG,20130521,0.016,0.018,0.016,0.018,131669
CVN,20130521,0.047,0.048,0.046,0.046,558393
CVV,20130521,0.018,0.018,0.018,0.018,233000
CVW,20130521,0.635,0.635,0.63,0.635,50000
CWE,20130521,0.032,0.032,0.031,0.031,2057562
CWN,20130521,13.47,13.51,13.19,13.2,1024838
CWP,20130521,5.72,5.73,5.65,5.66,106691
CXM,20130521,0.15,0.15,0.15,0.15,16700
CXU,20130521,0.115,0.12,0.115,0.12,34000
CXY,20130521,0.004,0.005,0.004,0.004,1331760
CYA,20130521,0.825,0.83,0.825,0.83,11180
CYG,20130521,3.13,3.13,3.1,3.1,5963
CZA,20130521,0.185,0.2,0.18,0.18,19752
CZD,20130521,0.079,0.079,0.075,0.075,144495
CZI,20130521,0.15,0.16,0.15,0.15,157333
CZN,20130521,0.047,0.047,0.043,0.044,2302101
CZZ,20130521,2.7,2.7,2.7,2.7,1710
DCG,20130521,1.645,1.645,1.56,1.61,700631
DCN,20130521,0.21,0.21,0.2,0.2,1500
DDR,20130521,0.89,0.89,0.89,0.89,6500
DDT,20130521,0.017,0.017,0.017,0.017,300000
DEG,20130521,0.008,0.008,0.008,0.008,500000
DGO,20130521,0.005,0.005,0.005,0.005,100000
DGR,20130521,0.031,0.031,0.03,0.03,600000
DJS,20130521,2.77,2.78,2.71,2.76,3412731
DJW,20130521,4.46,4.53,4.43,4.52,98905
DLC,20130521,0.003,0.003,0.003,0.003,80000
DLS,20130521,1.16,1.16,1.135,1.14,353868
DLX,20130521,4.67,4.73,4.65,4.65,1323231
DMA,20130521,0.041,0.041,0.041,0.041,5250
DML,20130521,0.32,0.32,0.2,0.2,30723162
DMP,20130521,13.2,13.6,13.07,13.5,196839
DNA,20130521,0.365,0.37,0.36,0.365,1543914
DOW,20130521,4.06,4.09,3.72,3.75,6575241
DRA,20130521,0.205,0.205,0.2,0.2,90000
DRM,20130521,0.45,0.455,0.44,0.45,831077
DTE,20130521,0.051,0.053,0.051,0.052,2069652
DTL,20130521,1.23,1.25,1.225,1.25,86765
DTM,20130521,0.086,0.086,0.086,0.086,180000
DTQ,20130521,0.03,0.03,0.03,0.03,82000
DUE,20130521,2.43,2.44,2.415,2.42,5994052
DUI,20130521,3.28,3.28,3.27,3.28,16504
DVA,20130521,0.024,0.024,0.024,0.024,93006
DVN,20130521,0.9,0.915,0.9,0.915,8268
DWS,20130521,1.57,1.57,1.505,1.52,119253
DXS,20130521,1.205,1.207,1.18,1.195,14508765
DYE,20130521,0.35,0.36,0.29,0.31,6413871
DYL,20130521,0.04,0.04,0.04,0.04,55000
EAF,20130521,0.01,0.01,0.01,0.01,285000
EAL,20130521,0.62,0.65,0.62,0.65,81000
EAR,20130521,0.075,0.075,0.07,0.07,108866
EAS,20130521,0.1,0.1,0.1,0.1,40000
EAX,20130521,3.11,3.11,3.09,3.1,14550
EBT,20130521,1.42,1.46,1.42,1.46,14328
ECQ,20130521,0.01,0.012,0.01,0.011,383333
EDE,20130521,0.01,0.01,0.01,0.01,14000
EEG,20130521,0.091,0.091,0.091,0.091,55000
EER,20130521,0.06,0.06,0.06,0.06,122500
EEU,20130521,13.07,13.07,13.07,13.07,180
EGG,20130521,0.355,0.355,0.35,0.35,3458
EGO,20130521,0.013,0.013,0.012,0.012,10946740
EGP,20130521,3.48,3.5,3.42,3.45,3876414
EGY,20130521,0.008,0.008,0.008,0.008,251680
EHL,20130521,0.44,0.445,0.415,0.415,3117064
EHR,20130521,0.003,0.003,0.003,0.003,1000000
ELD,20130521,0.115,0.12,0.094,0.094,1981440
ELI,20130521,0.85,0.85,0.835,0.835,33378
ELK,20130521,0.18,0.18,0.18,0.18,19693
ELM,20130521,0.39,0.395,0.37,0.37,149350
ELX,20130521,0.185,0.185,0.185,0.185,4800
EMA,20130521,0.04,0.04,0.04,0.04,159228
EMB,20130521,6.95,6.95,6.9,6.9,1000
EMG,20130521,0.011,0.011,0.011,0.011,1080004
EML,20130521,0.275,0.275,0.275,0.275,125000
EMR,20130521,0.007,0.008,0.007,0.008,700000
EMU,20130521,0.075,0.075,0.075,0.075,22982
EMX,20130521,0.02,0.025,0.02,0.025,692720
ENE,20130521,4.32,4.35,4.32,4.33,25342
ENR,20130521,0.23,0.23,0.23,0.23,30559
ENV,20130521,1.055,1.06,1.045,1.055,1679613
EPW,20130521,2.62,2.63,2.55,2.58,60925
EPX,20130521,1.77,1.795,1.75,1.79,107449
EQU,20130521,0.01,0.01,0.01,0.01,61500
EQX,20130521,0.7,0.72,0.695,0.7,35829
ERA,20130521,1.06,1.08,1.055,1.065,359181
ERD,20130521,0.043,0.043,0.04,0.04,500000
ERJ,20130521,0.004,0.006,0.004,0.006,20663207
ERL,20130521,0.022,0.022,0.021,0.021,880000
ERM,20130521,0.052,0.052,0.05,0.05,48038
ERO,20130521,0.004,0.004,0.003,0.003,1010000
ESI,20130521,0.009,0.009,0.009,0.009,4874887
ESK,20130521,0.82,0.82,0.82,0.82,2750
ETE,20130521,0.047,0.047,0.046,0.046,83665
ETF,20130521,22.21,22.21,22.21,22.21,1350
EUG,20130521,0.028,0.028,0.028,0.028,98372
EVE,20130521,0.006,0.006,0.006,0.006,100000
EVN,20130521,0.855,0.87,0.81,0.835,2500259
EVR,20130521,0.9,0.92,0.9,0.91,4676392
EWC,20130521,0.455,0.46,0.445,0.45,1449531
EXA,20130521,0.038,0.038,0.038,0.038,79900
EXE,20130521,0.017,0.018,0.017,0.018,58560
EXG,20130521,0.115,0.115,0.11,0.11,349234
EXR,20130521,0.015,0.015,0.015,0.015,146665
EZL,20130521,1.15,1.15,1.13,1.14,21508
FAC,20130521,0.016,0.016,0.016,0.016,160000
FAN,20130521,2.2,2.2,1.95,1.97,3390318
FAR,20130521,0.029,0.03,0.028,0.029,2643717
FAS,20130521,0.009,0.01,0.008,0.009,1460000
FBU,20130521,6.86,6.93,6.83,6.91,1402567
FDC,20130521,2.68,2.7,2.65,2.68,2433717
FFI,20130521,3.85,3.85,3.85,3.85,6
FGE,20130521,4.24,4.25,3.88,3.9,1320876
FIN,20130521,5.9,5.9,5.9,5.9,1000
FIS,20130521,0.02,0.02,0.02,0.02,8834
FKP,20130521,1.505,1.52,1.475,1.49,621857
FLK,20130521,0.17,0.18,0.17,0.18,886848
FLT,20130521,40.7,40.7,39.6,40.45,473821
FMG,20130521,3.53,3.55,3.47,3.51,13770866
FML,20130521,0.015,0.016,0.015,0.016,1010252
FMS,20130521,0.048,0.048,0.047,0.048,1941272
FND,20130521,0.175,0.175,0.175,0.175,50000
FNP,20130521,1.5,1.505,1.48,1.49,566148
FNT,20130521,0.019,0.019,0.019,0.019,26500
FOT,20130521,0.2,0.2,0.195,0.195,11051
FPH,20130521,2.54,2.54,2.54,2.54,2000
FPS,20130521,1.135,1.135,1.12,1.12,891
FRG,20130521,0.15,0.15,0.15,0.15,81700
FRI,20130521,1.64,1.64,1.5,1.5,755259
FSA,20130521,0.75,0.76,0.745,0.76,18102
FSF,20130521,6.7,6.75,6.7,6.75,170602
FSI,20130521,1.4,1.4,1.39,1.4,66164
FTE,20130521,0.011,0.011,0.011,0.011,28916
FUN,20130521,0.2,0.2,0.2,0.2,693027
FWD,20130521,5.06,6.26,5,5.65,2362623
FXJ,20130521,0.625,0.625,0.595,0.61,14658308
FXL,20130521,4.56,4.61,4.44,4.6,819822
FXR,20130521,0.036,0.036,0.035,0.035,120000
FYI,20130521,0.059,0.059,0.059,0.059,500
FZR,20130521,0.315,0.315,0.315,0.315,154000
GAP,20130521,0.315,0.315,0.315,0.315,311
GBG,20130521,0.15,0.155,0.145,0.155,3020572
GBI,20130521,0.105,0.105,0.105,0.105,21500
GBM,20130521,0.012,0.018,0.012,0.018,868500
GBT,20130521,1.5,1.5,1.475,1.5,22302
GCG,20130521,0.048,0.048,0.047,0.047,533569
GCR,20130521,0.006,0.006,0.006,0.006,7538427
GCS,20130521,0.56,0.56,0.525,0.53,51294
GDA,20130521,0.066,0.066,0.066,0.066,8500
GDY,20130521,0.105,0.105,0.1,0.1,118951
GEM,20130521,2.44,2.45,2.41,2.45,159795
GFF,20130521,0.735,0.737,0.73,0.735,6989548
GGG,20130521,0.3,0.3,0.282,0.285,204097
GGP,20130521,0.003,0.003,0.002,0.002,3883333
GHC,20130521,1.1,1.11,1.08,1.09,102824
GID,20130521,0.63,0.65,0.63,0.65,48964
GIP,20130521,0.008,0.008,0.008,0.008,238511
GJT,20130521,0.64,0.68,0.64,0.68,12200
GLA,20130521,0.006,0.006,0.006,0.006,1645000
GLF,20130521,0.001,0.002,0.001,0.001,485969
GLL,20130521,0.12,0.12,0.11,0.115,218420
GMD,20130521,0.04,0.04,0.04,0.04,25000
GMG,20130521,5.4,5.4,5.29,5.34,3948442
GML,20130521,0.065,0.068,0.064,0.068,120000
GMM,20130521,0.026,0.026,0.025,0.025,75000
GMR,20130521,0.023,0.024,0.023,0.023,579128
GMY,20130521,1.05,1.05,1.02,1.02,50000
GNC,20130521,12.76,12.78,12.73,12.73,1660948
GNG,20130521,0.5,0.5,0.48,0.5,52100
GNM,20130521,0.17,0.17,0.17,0.17,50381
GOA,20130521,0.002,0.002,0.001,0.002,4515000
GOLD,20130521,133,137,133,137,22913
GOR,20130521,0.064,0.065,0.062,0.065,237000
GOW,20130521,2.45,2.45,2.43,2.43,413
GOZ,20130521,2.63,2.65,2.59,2.63,245896
GPG,20130521,0.43,0.43,0.425,0.425,118957
GPR,20130521,0.052,0.06,0.052,0.06,151000
GPT,20130521,4.14,4.17,4.1,4.15,2809242
GRB,20130521,0.185,0.185,0.175,0.18,76234
GRF,20130521,1.5,1.51,1.5,1.51,73228
GRK,20130521,0.001,0.001,0.001,0.001,31567342
GRR,20130521,0.195,0.195,0.185,0.19,617280
GRV,20130521,0.07,0.07,0.07,0.07,2
GRY,20130521,0.205,0.205,0.195,0.195,1172499
GSE,20130521,0.006,0.008,0.006,0.008,1017857
GTE,20130521,0.2,0.2,0.195,0.195,126900
GTG,20130521,0.1,0.1,0.093,0.098,2044208
GTR,20130521,0.04,0.04,0.04,0.04,50000
GUD,20130521,7.35,7.44,7.35,7.35,113708
GUF,20130521,0.21,0.21,0.2,0.2,303520
GUN,20130521,0.026,0.027,0.026,0.027,258461
GWA,20130521,2.48,2.52,2.46,2.48,332030
GXL,20130521,5.19,5.31,5.15,5.15,18695
GXN,20130521,0.001,0.002,0.001,0.002,10800000
GZL,20130521,3,3,2.97,2.97,11785
HAO,20130521,0.18,0.18,0.18,0.18,1000
HAR,20130521,0.099,0.099,0.09,0.09,70000
HAS,20130521,0.048,0.048,0.048,0.048,2762
HAV,20130521,0.305,0.305,0.26,0.26,144131
HAW,20130521,0.09,0.09,0.09,0.09,50769
HCH,20130521,0.5,0.5,0.49,0.495,113871
HDG,20130521,0.06,0.06,0.06,0.06,15350
HDX,20130521,0.23,0.23,0.2,0.22,293900
HFA,20130521,0.85,0.85,0.84,0.84,548
HGG,20130521,2.79,2.79,2.755,2.77,3796999
HGO,20130521,0.071,0.071,0.069,0.069,1277169
HHL,20130521,2.64,2.64,2.61,2.61,23043
HHV,20130521,0.87,0.875,0.86,0.86,162800
HHY,20130521,0.535,0.54,0.535,0.54,273029
HIG,20130521,0.071,0.071,0.069,0.071,881030
HIL,20130521,1.01,1.025,0.995,1.005,290099
HIN,20130521,2.89,2.89,2.89,2.89,27
HLS,20130521,0.01,0.01,0.01,0.01,100000
HLX,20130521,0.044,0.044,0.044,0.044,5000
HNG,20130521,0.445,0.445,0.445,0.445,1368
HNR,20130521,0.016,0.016,0.015,0.015,850000
HOG,20130521,0.061,0.062,0.058,0.058,222000
HOM,20130521,0.945,0.945,0.94,0.94,13605
HOR,20130521,0.088,0.088,0.084,0.084,130000
HRR,20130521,0.145,0.145,0.145,0.145,740
HSK,20130521,0.098,0.1,0.098,0.1,170000
HSN,20130521,0.915,0.925,0.915,0.915,135806
HTA,20130521,0.035,0.038,0.035,0.036,227200
HVN,20130521,2.66,2.7,2.63,2.69,2627224
HZN,20130521,0.42,0.42,0.405,0.405,684088
IAA,20130521,48.53,48.57,48.22,48.41,5957
IAF,20130521,105.15,105.15,104.76,104.95,3999
IAG,20130521,5.7,5.745,5.595,5.6,6060205
IAU,20130521,0.27,0.275,0.265,0.27,344235
IBC,20130521,0.565,0.565,0.56,0.56,58333
IBG,20130521,0.051,0.051,0.051,0.051,60565
ICG,20130521,0.028,0.028,0.026,0.026,3600746
ICN,20130521,0.14,0.145,0.13,0.13,780521
ICQ,20130521,0.535,0.54,0.515,0.535,136557
ICS,20130521,0.02,0.02,0.019,0.019,522000
IDC,20130521,0.053,0.059,0.053,0.059,291596
IDO,20130521,0.084,0.085,0.084,0.085,127000
IEM,20130521,44.4,44.63,44.27,44.35,9905
IEU,20130521,43.8,43.85,43.43,43.43,4133
IFE,20130521,0.115,0.13,0.115,0.13,66500
IFL,20130521,8.89,8.9,8.69,8.8,307881
IFM,20130521,0.51,0.51,0.49,0.5,638545
IFN,20130521,0.245,0.25,0.245,0.245,184367
IFZ,20130521,2.15,2.15,2.14,2.14,1900
IGB,20130521,103.88,103.88,103.69,103.69,187
IGO,20130521,3.17,3.3,3.16,3.19,418819
IHD,20130521,16.84,16.84,16.57,16.63,34076
IHK,20130521,21.55,21.55,21.43,21.43,95
IIN,20130521,6.68,6.75,6.6,6.69,476557
IJH,20130521,123.81,123.83,123.45,123.45,458
IJP,20130521,12.45,12.49,12.39,12.39,44372
IJR,20130521,94.35,94.35,94.25,94.25,420
IKO,20130521,59.71,59.71,59.15,59.15,1405
IKW,20130521,0.05,0.05,0.05,0.05,120000
ILB,20130521,107,107,106.89,106.89,258
ILC,20130521,23.95,23.95,23.6,23.65,11111
ILU,20130521,10.99,11.28,10.94,11.15,6795678
IMA,20130521,0.15,0.15,0.135,0.15,62758
IMC,20130521,0.003,0.003,0.003,0.003,400000
IMD,20130521,0.91,0.99,0.91,0.96,966001
IMF,20130521,1.95,1.985,1.9,1.92,1195012
IMI,20130521,0.001,0.002,0.001,0.001,1500000
INA,20130521,0.325,0.345,0.325,0.345,559132
INL,20130521,0.006,0.007,0.006,0.007,300400
INQ,20130521,0.775,0.805,0.775,0.8,31000
IOF,20130521,3.36,3.4,3.325,3.4,1887437
IOG,20130521,0.14,0.14,0.14,0.14,70000
IOH,20130521,0.735,0.77,0.735,0.76,79298
IOO,20130521,73.93,74.18,73.67,73.8,10119
IOZ,20130521,22.83,22.83,22.5,22.53,7844
IPB,20130521,0.25,0.255,0.24,0.24,259769
IPD,20130521,0.08,0.08,0.078,0.08,1380496
IPE,20130521,0.39,0.39,0.385,0.39,17964
IPL,20130521,2.91,2.91,2.8,2.8,7625131
IPP,20130521,0.82,0.83,0.82,0.83,8000
IPT,20130521,0.018,0.018,0.018,0.018,65000
IRC,20130521,0.078,0.078,0.078,0.078,6688
IRD,20130521,0.21,0.21,0.2,0.2,22823
IRE,20130521,8.51,8.68,8.51,8.64,118113
IRG,20130521,0.002,0.002,0.002,0.002,4999500
IRI,20130521,1.135,1.14,1.13,1.14,54954
IRM,20130521,0.026,0.026,0.026,0.026,100000
IRN,20130521,0.285,0.29,0.28,0.28,462455
IRU,20130521,101.72,101.72,101.2,101.2,217
ISG,20130521,14.72,14.72,14.72,14.72,814
ISN,20130521,0.38,0.38,0.265,0.31,4151292
ISO,20130521,3.97,3.98,3.96,3.96,22122
ISS,20130521,0.24,0.245,0.24,0.245,77000
ITW,20130521,14.64,14.64,14.64,14.64,10
IVA,20130521,0.13,0.13,0.11,0.115,2132145
IVC,20130521,12.29,12.29,11.98,12.03,241214
IVE,20130521,64.96,64.97,64.69,64.69,1226
IVO,20130521,0.031,0.031,0.031,0.031,500
IVR,20130521,0.11,0.115,0.11,0.11,269299
IVT,20130521,0.014,0.014,0.014,0.014,100000
IVV,20130521,170.8,172.02,170.8,171.1,31890
IVX,20130521,0.049,0.049,0.044,0.044,244375
IXI,20130521,87.48,87.69,87,87,2854
IXJ,20130521,79.4,79.91,79.33,79.71,1328
IXP,20130521,65.81,65.81,65.57,65.57,914
IXR,20130521,0.073,0.075,0.072,0.073,985912
IZZ,20130521,39.25,39.25,38.69,38.69,6261
JAL,20130521,0.25,0.25,0.25,0.25,26791
JBH,20130521,16.55,16.73,16.42,16.42,320670
JET,20130521,0.4,0.4,0.4,0.4,10000
JHX,20130521,10.6,10.62,10.15,10.36,2084981
JIN,20130521,1.6,1.625,1.5,1.605,150026
JKA,20130521,0.115,0.12,0.115,0.12,279164
JMS,20130521,0.098,0.1,0.096,0.1,166579
JPR,20130521,0.55,0.57,0.55,0.55,246846
JRV,20130521,0.039,0.039,0.039,0.039,4185
JYC,20130521,0.45,0.45,0.44,0.44,60000
KAB,20130521,0.006,0.006,0.006,0.006,100000
KAM,20130521,0.56,0.58,0.56,0.58,2864000
KAR,20130521,6.02,6.08,5.88,5.93,401115
KAS,20130521,0.125,0.125,0.115,0.115,254470
KAT,20130521,0.81,0.81,0.81,0.81,156
KBC,20130521,0.17,0.17,0.17,0.17,158571
KBL,20130521,0.065,0.065,0.065,0.065,95945
KCN,20130521,1.55,1.575,1.52,1.56,2728907
KDL,20130521,0.255,0.265,0.255,0.265,53773
KDR,20130521,0.345,0.39,0.335,0.335,561122
KEY,20130521,0.011,0.013,0.01,0.01,1075680
KFE,20130521,0.098,0.1,0.098,0.1,34000
KGD,20130521,0.11,0.11,0.11,0.11,58227
KGM,20130521,0.13,0.13,0.125,0.125,150433
KIK,20130521,0.001,0.001,0.001,0.001,6000000
KKL,20130521,0.008,0.008,0.008,0.008,100000
KKO,20130521,0.275,0.275,0.26,0.26,15912
KMD,20130521,2.4,2.44,2.32,2.34,154676
KMR,20130521,0.1,0.105,0.1,0.105,100000
KNL,20130521,0.064,0.068,0.063,0.068,187967
KOR,20130521,0.064,0.065,0.062,0.062,31092
KOV,20130521,6.18,6.2,6.11,6.2,16540
KPL,20130521,0.4,0.4,0.385,0.39,28000
KPR,20130521,0.105,0.105,0.1,0.1,166667
KRA,20130521,0.05,0.05,0.05,0.05,200000
KRB,20130521,0.067,0.067,0.067,0.067,230000
KRC,20130521,0.022,0.022,0.021,0.021,220125
KRL,20130521,0.025,0.026,0.025,0.026,65998
KRM,20130521,0.41,0.44,0.41,0.43,229372
KSC,20130521,1.99,2.06,1.99,1.99,22605
KSN,20130521,0.08,0.08,0.075,0.075,12710
KTL,20130521,0.001,0.001,0.001,0.001,24408
LBT,20130521,0.05,0.05,0.05,0.05,35000
LCE,20130521,0.21,0.21,0.21,0.21,35000
LCM,20130521,1.38,1.38,1.28,1.3,116867
LCR,20130521,0.014,0.014,0.014,0.014,100000
LCT,20130521,0.046,0.048,0.046,0.048,300000
LCY,20130521,0.072,0.072,0.072,0.072,10000
LEG,20130521,0.008,0.008,0.008,0.008,2040000
LEI,20130521,18.52,18.54,18.06,18.45,2436616
LEP,20130521,2.68,2.69,2.68,2.69,239359
LGD,20130521,0.27,0.27,0.26,0.26,29000
LHD,20130521,0.076,0.076,0.076,0.076,165000
LIN,20130521,0.04,0.04,0.04,0.04,156200
LIO,20130521,0.026,0.026,0.026,0.026,1000
LKO,20130521,0.006,0.006,0.006,0.006,2086666
LLC,20130521,10.55,10.58,10.05,10.08,2299318
LMB,20130521,0.07,0.07,0.07,0.07,62600
LML,20130521,0.077,0.08,0.077,0.08,150570
LNC,20130521,1.49,1.49,1.38,1.4,3442014
LNG,20130521,0.19,0.19,0.19,0.19,1500
LNR,20130521,0.155,0.155,0.15,0.15,64160
LNY,20130521,0.028,0.028,0.028,0.028,3333
LOM,20130521,0.008,0.008,0.007,0.007,1876788
LRG,20130521,0.205,0.215,0.205,0.215,50000
LRL,20130521,0.225,0.225,0.22,0.22,54444
LRS,20130521,0.125,0.125,0.1,0.1,182884
LSN,20130521,0.021,0.021,0.021,0.021,15000
LSR,20130521,0.02,0.02,0.02,0.02,20000
LSX,20130521,0.55,0.555,0.55,0.555,60051
LTN,20130521,0.074,0.074,0.074,0.074,78653
LYC,20130521,0.625,0.635,0.6,0.6,10464118
LYL,20130521,4.8,4.8,4.7,4.7,25743
MAB,20130521,0.54,0.55,0.54,0.55,42000
MAD,20130521,0.56,0.57,0.475,0.49,6258671
MAH,20130521,0.195,0.2,0.19,0.19,2837903
MAK,20130521,0.14,0.15,0.14,0.15,188000
MAQ,20130521,8.85,8.95,8.8,8.9,6353
MAR,20130521,0.007,0.007,0.007,0.007,14200
MAU,20130521,0.11,0.11,0.11,0.11,25000
MBC,20130521,0.4,0.4,0.38,0.38,80000
MBD,20130521,0.05,0.05,0.05,0.05,120000
MBK,20130521,0.022,0.022,0.022,0.022,100000
MBN,20130521,0.17,0.175,0.16,0.16,1485437
MBT,20130521,0.02,0.02,0.02,0.02,210
MCE,20130521,0.91,0.92,0.875,0.89,53495
MCP,20130521,2,2,1.985,1.985,74850
MCR,20130521,0.64,0.645,0.635,0.635,88921
MDD,20130521,0.19,0.19,0.19,0.19,10000
MDG,20130521,0.021,0.021,0.021,0.021,11533
MDI,20130521,0.092,0.092,0.09,0.09,46500
MDL,20130521,2.93,3.01,2.93,2.99,48591
MDX,20130521,0.14,0.14,0.14,0.14,4910
MED,20130521,0.18,0.2,0.18,0.19,65435
MEF,20130521,0.43,0.43,0.43,0.43,12177
MEL,20130521,0.06,0.06,0.06,0.06,201726
MEO,20130521,0.071,0.071,0.069,0.071,1396064
MEP,20130521,0.135,0.135,0.13,0.13,79700
MEU,20130521,0.058,0.058,0.055,0.055,533293
MEY,20130521,0.007,0.007,0.007,0.007,18700
MFF,20130521,1.29,1.3,1.275,1.295,560644
MFG,20130521,8.6,8.78,8.55,8.74,157522
MGL,20130521,0.024,0.024,0.024,0.024,138953
MGR,20130521,1.8,1.802,1.745,1.8,15378497
MGV,20130521,0.073,0.078,0.071,0.078,100100
MGX,20130521,0.5,0.512,0.495,0.505,2981125
MGY,20130521,0.03,0.03,0.03,0.03,230000
MHM,20130521,0.105,0.115,0.105,0.11,61109
MIN,20130521,9.07,9.12,8.82,9.02,1770188
MIO,20130521,1.88,1.94,1.84,1.87,441527
MIR,20130521,2.34,2.36,2.32,2.34,98001
MIX,20130521,0.15,0.15,0.15,0.15,182493
MKB,20130521,0.044,0.044,0.042,0.043,551000
MLB,20130521,2.16,2.26,2.16,2.22,252495
MLD,20130521,2.1,2.12,2.01,2.05,541316
MLM,20130521,0.135,0.135,0.13,0.13,40250
MLT,20130521,19.85,19.96,19.79,19.85,16385
MLX,20130521,0.11,0.112,0.11,0.11,1120541
MMC,20130521,0.062,0.062,0.056,0.06,560285
MML,20130521,2.3,2.37,2.27,2.3,2279728
MMR,20130521,0.053,0.053,0.052,0.052,60000
MMS,20130521,16.33,16.6,16.28,16.37,127780
MMX,20130521,0.04,0.041,0.04,0.04,29219
MNB,20130521,0.02,0.021,0.02,0.021,1263780
MNC,20130521,0.025,0.025,0.024,0.024,467946
MND,20130521,17.02,17.02,16.15,16.6,1630196
MNE,20130521,0.022,0.026,0.022,0.026,202000
MNF,20130521,1.48,1.48,1.435,1.44,55443
MNW,20130521,0.017,0.017,0.017,0.017,120000
MNY,20130521,0.865,0.89,0.85,0.88,204930
MOC,20130521,2.31,2.36,2.27,2.3,96957
MOD,20130521,0.04,0.045,0.039,0.045,632600
MOG,20130521,0.006,0.006,0.006,0.006,360000
MOL,20130521,0.12,0.12,0.12,0.12,3035
MOU,20130521,0.008,0.008,0.008,0.008,945949
MOX,20130521,0.04,0.04,0.039,0.04,298131
MOY,20130521,0.018,0.018,0.017,0.018,14979600
MOZ,20130521,0.007,0.007,0.007,0.007,73000
MPE,20130521,0.018,0.018,0.018,0.018,275000
MPJ,20130521,0.007,0.007,0.007,0.007,2000000
MPO,20130521,0.25,0.265,0.25,0.25,781001
MPS,20130521,0.064,0.064,0.064,0.064,30000
MQA,20130521,1.865,1.88,1.775,1.86,360149
MQG,20130521,45.6,46,45.55,45.67,1280577
MRC,20130521,0.1,0.1,0.1,0.1,300
MRM,20130521,3.36,3.5,3.33,3.5,556547
MRP,20130521,0.19,0.21,0.19,0.21,191859
MRR,20130521,0.1,0.1,0.1,0.1,54600
MRX,20130521,0.009,0.009,0.009,0.009,148000
MSB,20130521,5.41,5.5,5.4,5.5,256327
MSC,20130521,0.005,0.005,0.004,0.005,5739675
MSP,20130521,0.012,0.012,0.012,0.012,63486
MSR,20130521,0.07,0.076,0.07,0.075,471881
MTB,20130521,0.001,0.001,0.001,0.001,2211373
MTE,20130521,0.076,0.076,0.076,0.076,98590
MTN,20130521,0.028,0.028,0.028,0.028,11040
MTS,20130521,4.11,4.15,4.095,4.14,4717463
MTU,20130521,6.1,6.2,6.05,6.2,413794
MUE,20130521,0.096,0.096,0.096,0.096,41000
MUM,20130521,0.03,0.03,0.03,0.03,182000
MVP,20130521,1.405,1.415,1.4,1.415,46123
MVT,20130521,0.1,0.1,0.1,0.1,2500
MWN,20130521,0.051,0.06,0.051,0.06,59000
MWR,20130521,0.985,1,0.985,1,11000
MXI,20130521,1.25,1.255,1.23,1.235,636372
MXQ,20130521,0.335,0.34,0.335,0.34,722932
MXR,20130521,0.003,0.003,0.003,0.003,56450
MYE,20130521,0.92,0.92,0.82,0.88,18950
MYG,20130521,0.038,0.05,0.038,0.042,27527193
MYR,20130521,2.73,2.78,2.65,2.77,6586492
MYS,20130521,4.71,4.72,4.62,4.66,76450
MYT,20130521,2.08,2.11,2.08,2.09,11273168
MYX,20130521,0.45,0.455,0.445,0.455,565490
MZI,20130521,0.017,0.018,0.017,0.018,267250
NAB,20130521,33.36,33.4,33.03,33.09,7629348
NAE,20130521,0.035,0.035,0.03,0.033,266650
NAM,20130521,0.29,0.29,0.28,0.28,72806
NAN,20130521,0.49,0.49,0.48,0.49,865900
NBL,20130521,0.71,0.71,0.71,0.71,15000
NCC,20130521,0.985,0.985,0.965,0.985,18054
NCK,20130521,2.36,2.36,2.3,2.35,36900
NCM,20130521,15.1,15.705,15.1,15.6,6605431
NCO,20130521,0.02,0.02,0.02,0.02,10000
NCR,20130521,0.105,0.105,0.086,0.086,137429
NDL,20130521,0.038,0.044,0.038,0.04,1309714
NDO,20130521,0.031,0.031,0.029,0.029,2312000
NEA,20130521,0.26,0.26,0.25,0.26,575473
NEN,20130521,0.275,0.285,0.27,0.27,2775346
NEU,20130521,0.058,0.062,0.054,0.055,11380821
NFK,20130521,0.455,0.455,0.455,0.455,42362
NGE,20130521,0.024,0.024,0.019,0.019,415332
NGY,20130521,0.042,0.042,0.04,0.04,465500
NHC,20130521,3.8,3.88,3.76,3.83,165174
NHF,20130521,2.38,2.4,2.36,2.37,440780
NIO,20130521,0.004,0.004,0.004,0.004,8450
NKP,20130521,0.056,0.056,0.056,0.056,55715
NLS,20130521,0.005,0.005,0.005,0.005,1000000
NMG,20130521,0.023,0.023,0.021,0.022,577000
NMI,20130521,0.004,0.004,0.004,0.004,144444
NOD,20130521,0.083,0.084,0.079,0.084,299491
NPX,20130521,2.5,2.53,2.5,2.53,1404
NRR,20130521,0.02,0.02,0.02,0.02,200000
NRT,20130521,0.16,0.165,0.16,0.165,608691
NRU,20130521,0.013,0.013,0.013,0.013,13167
NSE,20130521,0.155,0.155,0.145,0.15,627648
NST,20130521,0.71,0.715,0.67,0.69,3917970
NTC,20130521,0.295,0.295,0.285,0.285,107457
NTM,20130521,0.027,0.027,0.027,0.027,90000
NTU,20130521,0.12,0.125,0.12,0.12,182400
NUF,20130521,4.42,4.42,4.32,4.39,447993
NVG,20130521,0.021,0.023,0.02,0.021,311900
NVI,20130521,0.11,0.11,0.11,0.11,50000
NVT,20130521,5.9,6,5.89,5.94,5706653
NWE,20130521,0.025,0.026,0.025,0.025,921848
NWH,20130521,1.16,1.17,1.095,1.12,3567521
NWR,20130521,0.062,0.062,0.062,0.062,20000
NWS,20130521,33.79,34,33.65,33.89,964476
NWT,20130521,0.385,0.39,0.375,0.38,614289
NXS,20130521,0.13,0.13,0.115,0.12,4751997
NXT,20130521,2.32,2.34,2.27,2.3,837552
NZO,20130521,0.73,0.73,0.73,0.73,2500
OBJ,20130521,0.012,0.012,0.012,0.012,961113
OBL,20130521,0.015,0.016,0.015,0.016,573500
OBS,20130521,0.16,0.165,0.15,0.15,670119
OCL,20130521,0.42,0.42,0.38,0.38,60990
OEC,20130521,0.17,0.17,0.17,0.17,520
OEG,20130521,0.052,0.052,0.051,0.051,169150
OEL,20130521,0.071,0.072,0.071,0.071,282919
OEX,20130521,0.06,0.06,0.058,0.058,40150
OGC,20130521,1.83,1.845,1.79,1.82,599216
OGL,20130521,0.03,0.03,0.028,0.028,86971
OGX,20130521,0.22,0.22,0.195,0.2,858045
OGY,20130521,0.027,0.027,0.027,0.027,54250
OIL,20130521,0.083,0.083,0.083,0.083,68000
OKN,20130521,1.25,1.25,1.23,1.24,34412
OKU,20130521,0.005,0.005,0.005,0.005,2023636
OMH,20130521,0.385,0.395,0.385,0.39,306656
ONC,20130521,0.18,0.185,0.18,0.18,105461
ONT,20130521,6,6,5.99,6,1679
OOO,20130521,49,49,49,49,400
OPG,20130521,0.15,0.15,0.15,0.15,2361
ORD,20130521,0.008,0.008,0.008,0.008,125000
ORE,20130521,1.43,1.44,1.4,1.405,52751
ORG,20130521,13.02,13.32,13.01,13.31,2860969
ORI,20130521,23.1,23.18,22.66,22.85,3180337
ORL,20130521,7.12,7.35,7.12,7.35,38548
ORM,20130521,0.05,0.05,0.05,0.05,16635
ORO,20130521,0.002,0.002,0.002,0.002,750000
ORR,20130521,0.11,0.11,0.11,0.11,20000
ORS,20130521,0.1,0.1,0.096,0.096,238200
ORX,20130521,0.073,0.073,0.073,0.073,6900
OSH,20130521,8,8.17,7.99,8,4108161
OSP,20130521,0.41,0.41,0.4,0.4,51500
OTC,20130521,0.053,0.053,0.05,0.05,111429
OTE,20130521,0.002,0.002,0.002,0.002,51410
OTH,20130521,0.47,0.485,0.465,0.485,289614
OXX,20130521,0.21,0.225,0.21,0.225,13544
OZG,20130521,0.18,0.18,0.18,0.18,330000
OZL,20130521,4.18,4.31,4.12,4.31,1790749
OZR,20130521,9.81,9.81,9.81,9.81,510
PAB,20130521,0.025,0.026,0.025,0.025,280000
PAG,20130521,0.85,0.86,0.85,0.855,173838
PAN,20130521,0.26,0.265,0.255,0.26,233168
PBD,20130521,0.011,0.011,0.011,0.011,1180000
PBG,20130521,0.725,0.745,0.72,0.725,4663265
PBP,20130521,0.33,0.35,0.33,0.35,36943
PBT,20130521,0.24,0.245,0.235,0.235,1614134
PCL,20130521,0.066,0.067,0.066,0.066,954776
PDI,20130521,0.027,0.029,0.027,0.029,190958
PDN,20130521,0.96,0.995,0.96,0.97,5398276
PDY,20130521,0.003,0.003,0.003,0.003,1100000
PDZ,20130521,0.29,0.3,0.29,0.3,121500
PEA,20130521,0.41,0.415,0.41,0.415,16678
PEK,20130521,0.165,0.175,0.165,0.175,185000
PEL,20130521,0.008,0.008,0.008,0.008,801000
PEM,20130521,0.165,0.165,0.15,0.15,163480
PEN,20130521,0.023,0.024,0.023,0.023,560895
PEX,20130521,0.395,0.45,0.37,0.45,500807
PFG,20130521,0.115,0.115,0.115,0.115,135866
PFL,20130521,1.52,1.52,1.51,1.51,37836
PGC,20130521,0.365,0.365,0.335,0.335,141162
PGI,20130521,0.105,0.11,0.1,0.105,3450640
PGL,20130521,0.215,0.215,0.215,0.215,200
PGO,20130521,0.105,0.105,0.105,0.105,130500
PGS,20130521,0.022,0.035,0.022,0.026,14134215
PHG,20130521,0.07,0.076,0.07,0.074,213535
PIE,20130521,0.035,0.039,0.035,0.039,47000
PIO,20130521,0.021,0.021,0.021,0.021,72061
PIR,20130521,0.71,0.75,0.695,0.705,3319218
PKR,20130521,0.23,0.23,0.23,0.23,16963
PMC,20130521,1.38,1.385,1.375,1.385,140478
PME,20130521,0.52,0.52,0.515,0.52,27391
PMP,20130521,0.295,0.295,0.275,0.275,191900
PMV,20130521,7.54,7.55,7.45,7.47,538915
PNA,20130521,2.26,2.37,2.26,2.35,3652796
PNE,20130521,0.004,0.005,0.004,0.005,483500
PNN,20130521,0.031,0.031,0.03,0.03,215000
PNO,20130521,0.001,0.001,0.001,0.001,855556
PNR,20130521,0.15,0.15,0.15,0.15,347845
PNW,20130521,0.2,0.2,0.2,0.2,20000
PNX,20130521,0.025,0.025,0.025,0.025,2704
POH,20130521,0.135,0.135,0.13,0.135,482885
POK,20130521,0.36,0.36,0.295,0.3,303702
POS,20130521,0.135,0.135,0.12,0.12,522550
POZ,20130521,0.025,0.029,0.025,0.025,628750
PPC,20130521,1.305,1.315,1.275,1.3,1429724
PPG,20130521,0.49,0.49,0.48,0.48,14135
PPK,20130521,0.44,0.44,0.44,0.44,4732
PPP,20130521,0.105,0.105,0.105,0.105,32000
PPT,20130521,44.95,45.44,44.4,45.3,96300
PPX,20130521,0.058,0.06,0.058,0.058,173682
PPY,20130521,0.01,0.01,0.01,0.01,166668
PRA,20130521,0.039,0.039,0.039,0.039,21500
PRG,20130521,2.25,2.27,2.22,2.25,237933
PRL,20130521,0.088,0.092,0.086,0.092,778564
PRO,20130521,0.37,0.37,0.37,0.37,5000
PRR,20130521,0.081,0.086,0.081,0.081,5229067
PRT,20130521,1.08,1.09,1.07,1.07,57221
PRU,20130521,1.16,1.18,1.115,1.15,2971368
PRW,20130521,0.002,0.003,0.002,0.002,2500000
PRY,20130521,5.01,5.1,4.92,5.05,1969496
PSA,20130521,0.14,0.14,0.14,0.14,100000
PSH,20130521,0.074,0.079,0.074,0.079,85640
PSY,20130521,0.006,0.006,0.006,0.006,36824
PTL,20130521,0.012,0.012,0.012,0.012,95565
PTM,20130521,5.46,5.54,5.46,5.52,1941501
PTR,20130521,0.021,0.022,0.021,0.022,57750
PTS,20130521,0.05,0.05,0.05,0.05,69463
PUN,20130521,0.185,0.19,0.175,0.185,686539
PVA,20130521,2.88,2.88,2.85,2.85,3792
PVD,20130521,0.39,0.415,0.39,0.415,28513
PVE,20130521,0.11,0.11,0.11,0.11,100785
PVM,20130521,0.35,0.35,0.34,0.34,211514
PWN,20130521,0.17,0.17,0.16,0.16,125377
PXG,20130521,0.145,0.15,0.145,0.15,271200
PXR,20130521,0.003,0.003,0.003,0.003,194453
PXS,20130521,0.14,0.21,0.122,0.2,14832833
PXT,20130521,0.15,0.15,0.15,0.15,36758
PYC,20130521,0.023,0.023,0.023,0.023,696136
PYM,20130521,0.021,0.021,0.021,0.021,56875
QAN,20130521,1.635,1.65,1.612,1.635,15129217
QAU,20130521,13.9,14.42,13.9,14.42,19748
QBE,20130521,15.46,15.61,15.315,15.4,4257080
QFN,20130521,10.55,10.55,10.55,10.55,900
QFX,20130521,0.017,0.017,0.016,0.016,1095976
QHL,20130521,0.155,0.155,0.15,0.15,441846
QMN,20130521,0.018,0.018,0.017,0.017,900000
QNL,20130521,0.005,0.005,0.005,0.005,100
QPN,20130521,0.005,0.005,0.004,0.004,21340804
QRE,20130521,5.46,5.46,5.46,5.46,2000
QRX,20130521,1.21,1.23,1.2,1.23,818889
QUB,20130521,1.85,1.85,1.83,1.835,450481
RAD,20130521,0.08,0.08,0.08,0.08,50000
RAF,20130521,0.42,0.44,0.42,0.44,20000
RAU,20130521,0.008,0.008,0.008,0.008,1875
RBR,20130521,0.013,0.013,0.013,0.013,70406
RBX,20130521,0.015,0.015,0.015,0.015,70000
RCB,20130521,20.7,20.7,20.7,20.7,2377
RCF,20130521,0.025,0.025,0.025,0.025,1866
RCG,20130521,0.605,0.605,0.56,0.56,89211
RCO,20130521,0.43,0.45,0.43,0.44,56666
RCP,20130521,0.007,0.008,0.007,0.007,1758950
RCR,20130521,2.36,2.36,2.15,2.25,500495
RCT,20130521,2.65,2.65,2.65,2.65,54300
RDF,20130521,1.13,1.13,1.13,1.13,1719
RDG,20130521,0.06,0.06,0.06,0.06,90000
RDM,20130521,0.085,0.085,0.08,0.08,280000
RDR,20130521,0.075,0.076,0.07,0.072,588290
RDS,20130521,0.086,0.086,0.085,0.085,45235
RDV,20130521,29.39,29.39,28.94,29,15635
REA,20130521,31.5,32.28,31.06,31.81,147056
REF,20130521,0.036,0.036,0.031,0.031,221470
REH,20130521,22,22,22,22,4
RER,20130521,0.04,0.04,0.04,0.04,165402
RES,20130521,0.21,0.215,0.21,0.215,21238
REX,20130521,1.13,1.13,1.13,1.13,10000
REY,20130521,0.055,0.057,0.052,0.052,592687
RFE,20130521,0.64,0.64,0.625,0.64,128821
RFG,20130521,4.11,4.22,4.08,4.2,163046
RFL,20130521,0.16,0.165,0.16,0.16,1028237
RGB,20130521,20.8,20.84,20.8,20.84,3483
RHC,20130521,35.05,35.09,34.01,34.73,513947
RHG,20130521,0.37,0.37,0.365,0.37,157574
RHL,20130521,2.8,2.87,2.79,2.81,83100
RHT,20130521,0.015,0.015,0.015,0.015,21950
RIA,20130521,0.033,0.033,0.032,0.032,317852
RIC,20130521,0.79,0.81,0.79,0.79,476197
RIE,20130521,0.04,0.04,0.04,0.04,25000
RIM,20130521,0.06,0.061,0.059,0.061,196835
RIO,20130521,55.4,55.61,54.68,55.3,2408558
RIS,20130521,0.06,0.06,0.06,0.06,25000
RKN,20130521,2.48,2.48,2.43,2.47,38781
RLC,20130521,0.07,0.07,0.07,0.07,50000
RMD,20130521,5.12,5.12,5.04,5.06,2038708
RMI,20130521,0.001,0.001,0.001,0.001,500000
RMP,20130521,0.049,0.05,0.049,0.049,206924
RMR,20130521,0.001,0.001,0.001,0.001,24528970
RMS,20130521,0.21,0.215,0.205,0.21,268827
RNC,20130521,0.18,0.195,0.18,0.195,18723
RNI,20130521,0.083,0.083,0.083,0.083,267626
RNS,20130521,0.11,0.11,0.11,0.11,140000
RNY,20130521,0.3,0.3,0.295,0.295,124683
ROC,20130521,0.48,0.48,0.45,0.46,283686
ROG,20130521,0.002,0.002,0.002,0.002,2250000
ROL,20130521,0.24,0.24,0.24,0.24,4000
RQL,20130521,0.15,0.155,0.15,0.15,115500
RRE,20130521,0.042,0.042,0.042,0.042,21000
RRL,20130521,3.7,3.89,3.7,3.84,3294774
RRS,20130521,0.047,0.047,0.045,0.047,531500
RSG,20130521,0.74,0.77,0.715,0.75,12075060
RSL,20130521,0.017,0.017,0.017,0.017,7756
RTR,20130521,0.054,0.054,0.054,0.054,15000
RUL,20130521,0.58,0.58,0.57,0.57,34016
RUM,20130521,0.145,0.145,0.14,0.14,125000
RVA,20130521,0.57,0.58,0.56,0.58,221685
RVL,20130521,32.04,32.04,32.04,32.04,7794
RVY,20130521,0.025,0.025,0.025,0.025,115000
RWD,20130521,0.305,0.31,0.3,0.305,21995
RWH,20130521,2.97,3,2.97,3,3005
RXL,20130521,0.035,0.041,0.035,0.04,3370642
RXM,20130521,0.265,0.285,0.265,0.28,430139
RXP,20130521,0.7,0.7,0.67,0.67,31500
RYG,20130521,0.01,0.01,0.01,0.01,3997
SAI,20130521,3.89,3.97,3.86,3.93,417428
SAR,20130521,0.155,0.16,0.152,0.155,1528034
SBL,20130521,0.003,0.003,0.003,0.003,110000
SBM,20130521,0.69,0.705,0.675,0.69,2018305
SBR,20130521,0.1,0.1,0.094,0.1,498557
SCC,20130521,0.4,0.4,0.395,0.4,3764
SCD,20130521,0.455,0.455,0.45,0.45,2719
SCI,20130521,0.056,0.056,0.056,0.056,25000
SCP,20130521,1.76,1.81,1.75,1.8,2238430
SDG,20130521,1.69,1.69,1.655,1.67,151365
SDI,20130521,0.52,0.52,0.5,0.5,80209
SDL,20130521,0.086,0.086,0.077,0.078,39199359
SDM,20130521,0.545,0.58,0.54,0.57,517448
SEA,20130521,0.92,0.925,0.91,0.91,1719066
SEH,20130521,0.125,0.125,0.115,0.125,1904835
SEK,20130521,10.76,11.01,10.56,10.95,1635013
SEN,20130521,0.014,0.014,0.014,0.014,40000
SEO,20130521,0.02,0.02,0.02,0.02,52609
SER,20130521,0.036,0.036,0.033,0.033,204110
SFH,20130521,0.99,1.03,0.99,1.01,98271
SFR,20130521,6.41,6.6,6.41,6.53,833524
SFW,20130521,0.7,0.71,0.7,0.705,647281
SFX,20130521,0.52,0.54,0.52,0.53,81986
SFY,20130521,52.42,52.44,52.03,52.16,29490
SGH,20130521,3.05,3.05,3,3,584339
SGI,20130521,0.31,0.31,0.31,0.31,49987
SGM,20130521,9.99,10.06,9.9,10,1352355
SGN,20130521,1.52,1.52,1.46,1.5,453798
SGP,20130521,3.92,3.98,3.9,3.98,7761995
SGT,20130521,3.29,3.3,3.22,3.22,1391605
SGZ,20130521,0.018,0.018,0.018,0.018,47500
SHD,20130521,0.08,0.08,0.08,0.08,139396
SHE,20130521,0.021,0.021,0.021,0.021,150000
SHJ,20130521,1.48,1.48,1.445,1.45,702669
SHL,20130521,14.29,14.42,14.02,14.36,1941288
SHR,20130521,1.5,1.5,1.5,1.5,415
SHV,20130521,3.3,3.3,3.18,3.25,123387
SIH,20130521,0.078,0.078,0.077,0.078,136979
SIP,20130521,0.84,0.845,0.827,0.83,833206
SIR,20130521,2.54,2.62,2.51,2.53,488920
SIT,20130521,0.11,0.11,0.11,0.11,487500
SIV,20130521,7.61,7.66,7.31,7.33,71240
SKC,20130521,3.69,3.73,3.68,3.71,434839
SKE,20130521,2.58,2.59,2.32,2.48,897585
SKI,20130521,1.835,1.865,1.835,1.84,4255783
SKS,20130521,0.3,0.3,0.3,0.3,5000
SKT,20130521,4.75,4.78,4.72,4.73,268780
SLE,20130521,0.027,0.027,0.027,0.027,25167
SLF,20130521,10.4,10.4,10.19,10.33,110469
SLM,20130521,2.07,2.07,2.01,2.06,17192
SLR,20130521,0.77,0.795,0.72,0.73,16430041
SLT,20130521,0.088,0.09,0.088,0.09,10000
SLX,20130521,2.69,2.8,2.54,2.7,422233
SMC,20130521,0.02,0.027,0.02,0.02,842600
SMD,20130521,0.021,0.021,0.021,0.021,161000
SMN,20130521,0.042,0.042,0.042,0.042,5333
SMR,20130521,0.135,0.135,0.13,0.13,160061
SMX,20130521,4.95,5,4.9,4.91,219838
SND,20130521,0.7,0.75,0.69,0.69,35623
SNL,20130521,1.675,1.675,1.675,1.675,9568
SNY,20130521,0.34,0.38,0.34,0.38,216000
SOC,20130521,0.19,0.19,0.19,0.19,200000
SOI,20130521,0.001,0.001,0.001,0.001,230000
SOL,20130521,14.95,14.97,14.71,14.71,19369
SOM,20130521,0.88,0.93,0.865,0.93,5900
SOO,20130521,0.016,0.016,0.015,0.015,222238
SPI,20130521,0.03,0.03,0.026,0.026,1566538
SPL,20130521,0.87,0.9,0.87,0.89,456833
SPN,20130521,1.285,1.295,1.28,1.29,5696625
SRH,20130521,0.095,0.095,0.095,0.095,5000
SRI,20130521,0.078,0.08,0.078,0.08,852620
SRK,20130521,0.06,0.062,0.06,0.062,53077
SRM,20130521,0.145,0.145,0.14,0.14,204438
SRQ,20130521,0.017,0.017,0.016,0.016,2190900
SRR,20130521,0.008,0.009,0.008,0.008,333000
SRV,20130521,3.76,3.77,3.6,3.69,10375
SRX,20130521,10.85,10.89,10.57,10.78,88858
SSM,20130521,0.22,0.225,0.215,0.225,283297
SSN,20130521,0.024,0.025,0.024,0.025,1022000
STB,20130521,0.34,0.34,0.33,0.33,52248
STE,20130521,0.022,0.022,0.022,0.022,425000
STO,20130521,13.13,13.24,13,13.09,3231349
STS,20130521,0.47,0.47,0.44,0.45,61879
STW,20130521,49.36,49.36,48.93,49.1,132008
STX,20130521,0.09,0.09,0.088,0.088,153611
SUD,20130521,0.034,0.034,0.032,0.034,295330
SUL,20130521,11.6,11.74,11.36,11.74,754783
SUM,20130521,0.18,0.18,0.17,0.17,336537
SUN,20130521,12.65,12.72,12.55,12.71,3419789
SUR,20130521,0.031,0.032,0.031,0.031,1054000
SVL,20130521,0.025,0.028,0.024,0.028,457000
SVM,20130521,0.17,0.17,0.17,0.17,32999
SVW,20130521,7.93,7.97,7.47,7.47,704510
SWE,20130521,0.13,0.13,0.125,0.125,206000
SWJ,20130521,0.115,0.115,0.105,0.105,314403
SWK,20130521,0.315,0.315,0.305,0.305,122457
SWL,20130521,1.02,1.02,1.02,1.02,3750
SWM,20130521,2.35,2.37,2.28,2.28,1900472
SWW,20130521,0.002,0.002,0.002,0.002,66
SXA,20130521,0.235,0.235,0.23,0.23,85011
SXE,20130521,1.09,1.09,1.02,1.02,33643
SXG,20130521,0.019,0.019,0.018,0.018,1016614
SXI,20130521,0.016,0.019,0.016,0.019,107639
SXL,20130521,1.405,1.425,1.38,1.405,1182477
SXT,20130521,0.22,0.22,0.215,0.215,100000
SXY,20130521,0.72,0.725,0.652,0.675,6931195
SYD,20130521,3.75,3.77,3.7,3.77,4579860
SYI,20130521,29.4,29.4,29.1,29.1,8795
SYR,20130521,1.84,1.84,1.715,1.755,184730
SYS,20130521,0.003,0.003,0.003,0.003,170000
SZG,20130521,0.16,0.16,0.16,0.16,125000
TAG,20130521,0.23,0.24,0.23,0.24,40000
TAH,20130521,3.59,3.61,3.58,3.6,2607169
TAM,20130521,0.098,0.1,0.095,0.1,852688
TAN,20130521,0.415,0.415,0.415,0.415,8000
TAP,20130521,0.55,0.55,0.535,0.54,123888
TAW,20130521,0.007,0.007,0.007,0.007,669720
TBR,20130521,1.36,1.36,1.36,1.36,166791
TCL,20130521,7.12,7.12,7.04,7.06,3549838
TCQ,20130521,0.26,0.26,0.25,0.25,137124
TDX,20130521,0.001,0.001,0.001,0.001,1450000
TEG,20130521,0.008,0.008,0.008,0.008,116256
TEL,20130521,1.98,2.045,1.98,2.04,3917997
TEN,20130521,0.285,0.29,0.255,0.265,35142269
TEY,20130521,0.035,0.035,0.035,0.035,315101
TFC,20130521,0.46,0.46,0.45,0.45,61448
TGA,20130521,2.12,2.3,2.12,2.26,1575852
TGG,20130521,1.015,1.025,1.01,1.025,829656
TGP,20130521,0.49,0.49,0.48,0.48,101000
TGR,20130521,2.02,2.03,2.01,2.01,36175
TGS,20130521,0.25,0.26,0.24,0.245,1309323
TGZ,20130521,0.76,0.785,0.74,0.75,50890
THO,20130521,0.065,0.065,0.05,0.05,46896
THR,20130521,0.004,0.005,0.004,0.005,1099293
THX,20130521,0.043,0.043,0.042,0.042,81999
TIG,20130521,0.165,0.19,0.165,0.165,54000
TIS,20130521,0.12,0.12,0.115,0.12,222372
TIX,20130521,0.545,0.55,0.53,0.53,117541
TLG,20130521,0.14,0.14,0.14,0.14,4000
TLM,20130521,0.125,0.13,0.125,0.125,559943
TLS,20130521,5.09,5.13,5.06,5.13,21977832
TME,20130521,4.41,4.48,4.39,4.47,1954007
TMZ,20130521,0.042,0.042,0.042,0.042,48500
TNE,20130521,1.67,1.7,1.64,1.65,52778
TNG,20130521,0.068,0.069,0.063,0.063,417160
TNP,20130521,0.024,0.024,0.024,0.024,290000
TOE,20130521,0.08,0.081,0.078,0.08,589300
TOL,20130521,5.2,5.25,5.14,5.18,3897275
TON,20130521,0.077,0.083,0.076,0.083,1062595
TOU,20130521,0.32,0.32,0.32,0.32,43721
TOX,20130521,3.44,3.45,3.38,3.43,341377
TPD,20130521,0.04,0.04,0.04,0.04,70980
TPI,20130521,0.85,0.87,0.82,0.83,3691733
TPM,20130521,3.94,3.96,3.885,3.9,647740
TPP,20130521,0.055,0.055,0.055,0.055,10000
TPR,20130521,0.075,0.075,0.072,0.072,102000
TPT,20130521,0.245,0.25,0.245,0.25,28500
TRF,20130521,0.1,0.1,0.098,0.1,311600
TRG,20130521,6.8,6.95,6.8,6.95,36611
TRO,20130521,0.05,0.05,0.05,0.05,15000
TRS,20130521,17,17,16.52,16.7,178863
TRU,20130521,6.7,6.79,6.69,6.72,125556
TRY,20130521,1.735,1.765,1.72,1.75,306344
TSE,20130521,1.11,1.11,0.965,0.97,15325627
TSM,20130521,0.28,0.29,0.275,0.275,87051
TSN,20130521,0.005,0.005,0.005,0.005,180000
TSV,20130521,0.005,0.005,0.005,0.005,150000
TTE,20130521,0.011,0.011,0.01,0.011,5028962
TTI,20130521,0.067,0.07,0.065,0.065,944988
TTN,20130521,1.7,1.7,1.65,1.65,99325
TTS,20130521,3.36,3.37,3.31,3.34,2081608
TUC,20130521,0.052,0.052,0.052,0.052,10000
TUP,20130521,1.73,1.75,1.72,1.73,153000
TWD,20130521,2.71,2.71,2.7,2.7,2600
TWE,20130521,6.28,6.45,6.25,6.3,2744276
TWR,20130521,1.47,1.52,1.46,1.52,28929
TZL,20130521,0.115,0.135,0.115,0.125,440490
TZN,20130521,0.021,0.021,0.021,0.021,430400
UBI,20130521,0.64,0.69,0.64,0.69,50414
UCL,20130521,0.31,0.315,0.31,0.31,898053
UEQ,20130521,0.024,0.024,0.024,0.024,1016447
UGL,20130521,7.25,7.32,7.04,7.3,2966521
UML,20130521,0.07,0.074,0.069,0.071,2758042
UNS,20130521,0.615,0.64,0.605,0.62,2304238
UNV,20130521,0.07,0.07,0.067,0.067,34722
UNX,20130521,0.038,0.039,0.037,0.038,104248
UOG,20130521,0.018,0.018,0.018,0.018,5000
UOS,20130521,0.49,0.495,0.485,0.495,311164
URF,20130521,1.775,1.8,1.775,1.8,18800
USA,20130521,0.03,0.031,0.03,0.03,33500
USD,20130521,10.08,10.14,10.07,10.08,277890
UXC,20130521,1.02,1.02,0.985,1,819453
VAF,20130521,49.62,49.62,49.59,49.61,4299
VAH,20130521,0.42,0.425,0.415,0.42,1629906
VAP,20130521,64.15,64.55,63.73,64.55,10386
VAS,20130521,66.41,66.41,66.01,66.22,17916
VBP,20130521,6.7,6.7,6.69,6.69,14815
VEC,20130521,0.028,0.028,0.026,0.026,473800
VEI,20130521,0.705,0.71,0.7,0.7,519424
VEU,20130521,50.05,50.28,49.82,49.82,20741
VGB,20130521,49.24,49.24,49.23,49.23,547
VGO,20130521,0.06,0.065,0.06,0.06,80046
VHY,20130521,64.34,64.35,63.31,63.42,11614
VIE,20130521,0.28,0.28,0.27,0.28,579317
VKA,20130521,0.039,0.039,0.037,0.037,58750
VLA,20130521,0.285,0.285,0.285,0.285,20900
VLC,20130521,58.14,58.2,58.14,58.2,690
VLW,20130521,1.2,1.2,1.17,1.18,90491
VMC,20130521,0.12,0.12,0.12,0.12,19000
VMG,20130521,0.011,0.012,0.01,0.012,900000
VML,20130521,0.021,0.021,0.02,0.02,263300
VMS,20130521,0.165,0.17,0.165,0.17,103963
VMT,20130521,0.014,0.014,0.014,0.014,745000
VOC,20130521,2.42,2.45,2.4,2.42,130408
VOR,20130521,0.009,0.009,0.009,0.009,2126016
VRL,20130521,5.25,5.34,5.25,5.3,10430
VSO,20130521,44.51,44.73,44.51,44.73,2137
VTG,20130521,0.67,0.68,0.66,0.66,76362
VTS,20130521,88.33,88.39,87.75,87.75,14288
VXR,20130521,0.019,0.019,0.019,0.019,190691
WAA,20130521,1.16,1.16,1.155,1.155,40188
WAF,20130521,0.17,0.17,0.15,0.17,130147
WAM,20130521,1.75,1.75,1.735,1.745,756361
WAS,20130521,0.007,0.007,0.006,0.006,1547000
WAT,20130521,1.13,1.13,1.13,1.13,3672
WAX,20130521,1.02,1.03,1.02,1.025,44800
WBB,20130521,6.1,6.1,6.1,6.1,1000
WBC,20130521,31.79,31.79,31.3,31.48,7879333
WCB,20130521,4,4.01,3.94,3.99,12864
WCL,20130521,0.19,0.195,0.185,0.19,394110
WCP,20130521,0.053,0.055,0.053,0.055,261570
WDC,20130521,12.3,12.33,12.05,12.33,4301055
WDR,20130521,0.78,0.785,0.75,0.75,257375
WDS,20130521,0.38,0.38,0.37,0.37,737413
WEB,20130521,4.3,4.3,4.18,4.25,245291
WEC,20130521,0.17,0.17,0.17,0.17,111648
WES,20130521,42.81,42.91,42.44,42.78,2288757
WFE,20130521,0.015,0.015,0.014,0.014,112700
WGO,20130521,0.032,0.04,0.029,0.031,1280000
WHC,20130521,2.3,2.3,2.23,2.27,5025492
WHE,20130521,0.055,0.055,0.054,0.054,345493
WHF,20130521,3.76,3.76,3.68,3.7,76524
WHG,20130521,0.68,0.695,0.68,0.685,7431170
WHN,20130521,0.029,0.029,0.027,0.027,1503608
WIC,20130521,1.15,1.15,1.15,1.15,72100
WIG,20130521,0.265,0.265,0.265,0.265,2500
WIN,20130521,0.24,0.24,0.235,0.235,20000
WKT,20130521,0.013,0.013,0.013,0.013,520000
WLF,20130521,0.28,0.28,0.28,0.28,21500
WLL,20130521,2.7,2.7,2.7,2.7,12500
WLR,20130521,0.013,0.013,0.013,0.013,75000
WMN,20130521,0.065,0.065,0.065,0.065,34300
WOF,20130521,0.069,0.069,0.068,0.068,70000
WOR,20130521,19.32,19.62,19.1,19.45,1669830
WOW,20130521,34.36,34.74,34.35,34.52,2030417
WPG,20130521,0.039,0.04,0.039,0.04,81251
WPL,20130521,38.08,38.4,37.6,37.66,2335590
WRT,20130521,3.37,3.39,3.33,3.38,7440047
WSA,20130521,2.92,3.04,2.88,3,445014
WTF,20130521,5.5,5.6,5.47,5.6,437489
WTP,20130521,0.76,0.76,0.735,0.74,41293
WTR,20130521,0.235,0.235,0.235,0.235,200000
WWI,20130521,0.015,0.016,0.014,0.014,144000
XRF,20130521,0.33,0.33,0.32,0.32,255296
XRO,20130521,11.45,11.57,11.45,11.57,10106
YAL,20130521,0.68,0.7,0.67,0.7,121554
YBR,20130521,0.605,0.605,0.575,0.58,161750
YTC,20130521,0.19,0.195,0.19,0.19,95181
ZGL,20130521,0.265,0.275,0.265,0.275,151563
ZIM,20130521,9,9,9,9,28000
ZNC,20130521,0.135,0.135,0.13,0.13,50000
ZRL,20130521,0.001,0.001,0.001,0.001,3200000
ZYL,20130521,0.016,0.016,0.015,0.015,478911
XAF,20130521,5314.5,5313.4,5264.5,5286.2,0
XAO,20130521,5185.4,5184.4,5138.5,5156.2,0
XAT,20130521,5175.7,5174.4,5127,5146.5,0
XDJ,20130521,1677.9,1677.3,1656,1658.5,0
XEC,20130521,1084.7,1090.9,1081.3,1082.8,0
XEJ,20130521,13430.2,13491.1,13338.7,13368.6,0
XFJ,20130521,5816.3,5816.8,5741,5763.4,0
XFL,20130521,5368,5366.9,5317.7,5339.4,0
XGD,20130521,2875.8,3060.8,2883.7,3051.9,0
XHJ,20130521,13154,13155.7,12997.5,13059,0
XIJ,20130521,722.1,728.5,716.4,722.3,0
XJO,20130521,5209,5207.8,5160.6,5180.1,0
XJR,20130521,3964,3991.3,3955.2,3978.6,0
XKO,20130521,5164.1,5162.9,5116.5,5135.5,0
XMD,20130521,4250.8,4246.8,4202.9,4224.7,0
XMJ,20130521,9481.5,9538.4,9445.1,9504.4,0
XMM,20130521,3119.3,3153.3,3111.4,3141,0
XNJ,20130521,3816.3,3815.3,3744.2,3765,0
XPJ,20130521,1128.2,1135.4,1117.9,1135.4,0
XSJ,20130521,10284.8,10316.9,10226,10272,0
XSO,20130521,2179,2180.8,2161.9,2163.4,0
XTJ,20130521,1761.1,1771.1,1749.6,1771.1,0
XTL,20130521,3264.8,3264.4,3233.7,3248,0
XTO,20130521,4320,4318.7,4279.6,4296.6,0
XUJ,20130521,5770.1,5774.7,5717.4,5728.7,0
XXJ,20130521,6740.5,6741.1,6646.4,6659.9,0
