AAA,20130814,50.15,50.15,50.14,50.15,53646
AAC,20130814,1.115,1.115,1.095,1.115,265116
AAD,20130814,1.7,1.705,1.68,1.69,704583
AAR,20130814,0.003,0.004,0.003,0.004,995819
AAX,20130814,1.6,1.64,1.595,1.625,412382
AAY,20130814,0.012,0.013,0.012,0.013,116000
ABC,20130814,3.4,3.45,3.385,3.45,1193648
ABN,20130814,0.013,0.013,0.013,0.013,40000
ABP,20130814,2.2,2.22,2.19,2.22,390676
ABU,20130814,0.034,0.034,0.033,0.034,2428896
ABV,20130814,0.018,0.018,0.018,0.018,257000
ABW,20130814,1.06,1.07,1.06,1.07,103753
ABY,20130814,0.39,0.395,0.385,0.387,730208
ABZ,20130814,0.175,0.175,0.175,0.175,84028
ACB,20130814,0.075,0.075,0.07,0.072,80000
ACG,20130814,0.125,0.13,0.125,0.13,2563598
ACL,20130814,0.36,0.375,0.36,0.365,345561
ACP,20130814,0.12,0.12,0.12,0.12,41100
ACR,20130814,3.39,3.4,3.285,3.32,418809
ADA,20130814,0.385,0.385,0.385,0.385,5000
ADD,20130814,0.006,0.006,0.005,0.005,100000
ADJ,20130814,0.048,0.059,0.048,0.054,5707682
ADN,20130814,0.079,0.08,0.078,0.08,90000
ADO,20130814,0.055,0.055,0.054,0.055,475563
ADQ,20130814,0.015,0.015,0.015,0.015,250000
ADX,20130814,0.017,0.017,0.017,0.017,200000
ADY,20130814,0.019,0.019,0.019,0.019,80000
AEB,20130814,0.22,0.22,0.22,0.22,55000
AEE,20130814,0.065,0.066,0.065,0.066,49036
AEI,20130814,0.185,0.185,0.185,0.185,5000
AEJ,20130814,7.1,7.1,7.1,7.1,83
AEK,20130814,0.061,0.061,0.061,0.061,16678072
AEM,20130814,0.016,0.016,0.016,0.016,700000
AEU,20130814,1.55,1.55,1.53,1.545,121535
AFA,20130814,0.18,0.18,0.18,0.18,15000
AFI,20130814,5.77,5.79,5.72,5.72,335237
AFR,20130814,0.085,0.088,0.08,0.08,186501
AGF,20130814,0.74,0.76,0.74,0.755,573691
AGG,20130814,2.9,2.96,2.88,2.9,9800
AGI,20130814,3.64,3.64,3.53,3.53,201599
AGK,20130814,14.44,14.59,14.44,14.46,1605456
AGO,20130814,1.08,1.085,1.015,1.03,18917831
AGR,20130814,0.055,0.055,0.055,0.055,100000
AGS,20130814,0.14,0.14,0.135,0.135,40000
AHD,20130814,8.16,8.26,8.13,8.2,17059
AHE,20130814,3.93,4.04,3.92,4.02,507822
AHZ,20130814,0.063,0.064,0.062,0.062,3664890
AIA,20130814,2.79,2.79,2.79,2.79,805000
AIO,20130814,5.37,5.42,5.325,5.36,4154578
AIR,20130814,0.125,0.125,0.125,0.125,8000
AIW,20130814,0.012,0.012,0.011,0.011,510000
AIX,20130814,0.016,0.016,0.015,0.016,1534158
AIZ,20130814,1.19,1.19,1.19,1.19,11506
AJA,20130814,3.43,3.43,3.37,3.38,134461
AJC,20130814,0.01,0.01,0.01,0.01,1220000
AJD,20130814,1.13,1.13,1.12,1.125,20697
AJL,20130814,1.58,1.59,1.54,1.585,35700
AJQ,20130814,0.33,0.34,0.31,0.31,1830724
AJR,20130814,0.012,0.012,0.012,0.012,500000
AJX,20130814,0.13,0.135,0.13,0.135,138900
AKA,20130814,0.105,0.105,0.1,0.1,153850
AKG,20130814,0.9,0.9,0.9,0.9,2000
AKK,20130814,0.012,0.013,0.011,0.013,19972077
AKM,20130814,0.06,0.06,0.059,0.059,162998
AKY,20130814,80.6,80.6,80.6,80.6,120
ALF,20130814,1.63,1.64,1.62,1.625,366317
ALK,20130814,0.385,0.385,0.365,0.375,344534
ALL,20130814,4.27,4.39,4.27,4.39,1776738
ALQ,20130814,9.2,9.29,9,9.07,927421
ALR,20130814,1.255,1.255,1.245,1.25,45028
ALT,20130814,0.021,0.021,0.021,0.021,20000
ALU,20130814,2.53,2.53,2.48,2.49,27458
ALY,20130814,0.062,0.07,0.062,0.07,133000
ALZ,20130814,3.45,3.5,3.44,3.46,597077
AMA,20130814,0.325,0.325,0.315,0.315,45149
AMC,20130814,10.85,10.89,10.73,10.79,2854965
AMH,20130814,0.93,0.93,0.915,0.915,60626
AMM,20130814,2.05,2.07,2,2.02,800884
AMP,20130814,4.46,4.58,4.46,4.54,10324205
AMX,20130814,0.145,0.145,0.13,0.13,539491
ANG,20130814,4.4,4.45,4.33,4.45,37123
ANN,20130814,18.66,18.75,18.23,18.32,378844
ANO,20130814,0.013,0.013,0.013,0.013,450000
ANP,20130814,0.015,0.015,0.015,0.015,1206773
ANQ,20130814,0.008,0.008,0.008,0.008,750000
ANZ,20130814,29.98,30.24,29.95,30.15,6240195
AOD,20130814,1.015,1.015,1.015,1.015,40000
AOH,20130814,0.145,0.15,0.14,0.15,325286
AOK,20130814,0.13,0.135,0.13,0.135,2048703
AON,20130814,0.028,0.03,0.028,0.028,610000
APA,20130814,5.91,6.02,5.91,5.99,1693667
APD,20130814,0.265,0.265,0.265,0.265,2927
APE,20130814,4.65,4.73,4.65,4.73,19187
APG,20130814,0.034,0.034,0.031,0.031,88000
API,20130814,0.465,0.47,0.465,0.465,49791
APK,20130814,0.51,0.51,0.51,0.51,2000
APN,20130814,0.285,0.29,0.285,0.29,1850914
APZ,20130814,0.165,0.165,0.16,0.165,205983
AQA,20130814,2.38,2.38,2.26,2.29,456350
AQC,20130814,0.008,0.008,0.008,0.008,734185
AQF,20130814,1.87,1.87,1.87,1.87,10700
AQG,20130814,2.72,2.87,2.7,2.86,1066674
AQO,20130814,0.14,0.155,0.14,0.155,82500
AQP,20130814,0.785,0.8,0.775,0.775,308076
AQQ,20130814,0.028,0.028,0.028,0.028,3900
AQR,20130814,0.21,0.21,0.21,0.21,5000
AQZ,20130814,1.77,1.78,1.77,1.77,4948
ARD,20130814,0.05,0.05,0.047,0.049,68000
ARE,20130814,0.024,0.024,0.023,0.023,30000
ARF,20130814,1.06,1.06,1.05,1.05,205546
ARG,20130814,7,7,6.95,6.96,244876
ARI,20130814,1.14,1.14,1.09,1.11,9613446
ARP,20130814,13.13,13.35,13.03,13.25,77364
ARU,20130814,0.097,0.1,0.097,0.097,331142
ARV,20130814,0.007,0.007,0.006,0.007,400217
ARW,20130814,0.013,0.013,0.012,0.012,851466
ARX,20130814,0.004,0.004,0.004,0.004,500000
ASB,20130814,0.77,0.8,0.765,0.8,243865
ASL,20130814,1.42,1.43,1.315,1.35,6338575
ASX,20130814,35.29,35.88,35.29,35.81,685275
ASZ,20130814,0.37,0.375,0.36,0.365,293669
ATI,20130814,0.18,0.19,0.17,0.17,89775
ATN,20130814,0.002,0.002,0.002,0.002,909506
ATP,20130814,0.052,0.052,0.052,0.052,28500
ATR,20130814,1,1,1,1,10000
ATU,20130814,0.95,0.95,0.935,0.935,33557
ATV,20130814,0.022,0.023,0.02,0.023,165000
AUB,20130814,11.23,11.33,11.08,11.33,17463
AUF,20130814,1.09,1.09,1.09,1.09,32851
AUI,20130814,7.55,7.59,7.55,7.57,6948
AUK,20130814,0.013,0.013,0.013,0.013,49227
AUQ,20130814,0.063,0.074,0.061,0.072,3886271
AUT,20130814,3.35,3.37,3.27,3.31,1840042
AVA,20130814,0.13,0.14,0.125,0.14,129997
AVB,20130814,0.098,0.098,0.094,0.096,4785650
AVG,20130814,0.48,0.485,0.48,0.485,87000
AVH,20130814,0.13,0.13,0.125,0.125,75374
AVI,20130814,0.01,0.01,0.01,0.01,7645
AVQ,20130814,0.017,0.018,0.017,0.018,5611227
AVX,20130814,0.016,0.016,0.016,0.016,32000
AWC,20130814,1.05,1.05,1.015,1.02,7141013
AWD,20130814,0.006,0.007,0.006,0.007,1812200
AWE,20130814,1.3,1.305,1.28,1.295,882415
AWV,20130814,0.027,0.027,0.022,0.022,1325000
AXE,20130814,0.15,0.15,0.15,0.15,155250
AYA,20130814,0.46,0.46,0.46,0.46,29326
AYB,20130814,0.052,0.055,0.052,0.055,23000
AYF,20130814,6.4,6.4,6.4,6.4,174
AYG,20130814,0.004,0.004,0.004,0.004,250000
AYI,20130814,0.002,0.003,0.002,0.003,1000001
AYN,20130814,0.006,0.006,0.004,0.005,88889002
AYR,20130814,0.01,0.01,0.008,0.009,8859098
AZF,20130814,2.29,2.32,2.29,2.32,22105
AZJ,20130814,4.58,4.6,4.525,4.58,4660798
AZK,20130814,0.03,0.03,0.03,0.03,90000
AZM,20130814,0.033,0.033,0.032,0.033,1249490
AZS,20130814,0.04,0.04,0.037,0.038,1158141
AZV,20130814,0.125,0.125,0.12,0.12,15192
AZY,20130814,0.036,0.037,0.035,0.037,147780
AZZ,20130814,0.45,0.47,0.445,0.47,430348
BAB,20130814,0.04,0.04,0.04,0.04,80000
BAS,20130814,0.008,0.008,0.008,0.008,36000
BAU,20130814,0.145,0.145,0.135,0.135,985063
BBG,20130814,0.605,0.61,0.56,0.585,8248976
BCC,20130814,0.064,0.064,0.057,0.059,19120669
BCD,20130814,0.03,0.03,0.03,0.03,9381
BCI,20130814,4.21,4.21,4.01,4.1,352149
BCK,20130814,0.055,0.055,0.052,0.052,1246000
BDR,20130814,0.77,0.77,0.752,0.76,2982510
BEAR,20130814,19.17,19.25,19.13,19.23,17938
BEL,20130814,0.16,0.16,0.155,0.155,962
BEN,20130814,10.8,10.87,10.76,10.8,1203922
BFG,20130814,0.55,0.55,0.54,0.54,33153
BGA,20130814,2.77,2.77,2.72,2.76,141287
BGL,20130814,0.645,0.655,0.64,0.65,233859
BGS,20130814,0.021,0.021,0.019,0.019,3541377
BHP,20130814,37.05,37.07,36.76,36.9,6888544
BIS,20130814,0.88,0.88,0.85,0.85,10000
BIT,20130814,0.092,0.095,0.088,0.088,611000
BKI,20130814,1.58,1.6,1.57,1.59,151885
BKL,20130814,25.45,25.5,25.35,25.5,7664
BKN,20130814,5.89,5.89,5.6,5.79,4158523
BKW,20130814,12.02,12.15,11.95,12.09,354576
BKY,20130814,0.3,0.3,0.3,0.3,30000
BLA,20130814,1.5,1.5,1.5,1.5,28573
BLD,20130814,4.47,4.49,4.43,4.45,3774812
BLG,20130814,0.16,0.16,0.15,0.15,69057
BLR,20130814,0.014,0.014,0.013,0.013,280500
BLT,20130814,0.3,0.3,0.285,0.3,131223
BLY,20130814,0.605,0.62,0.57,0.58,5034198
BMB,20130814,0.095,0.096,0.086,0.086,301854
BMG,20130814,0.006,0.007,0.006,0.006,1207650
BMN,20130814,0.062,0.062,0.06,0.062,621475
BMY,20130814,0.014,0.014,0.014,0.014,39900
BND,20130814,0.19,0.19,0.175,0.175,1006847
BNO,20130814,0.63,0.655,0.6,0.655,927895
BNR,20130814,0.037,0.037,0.037,0.037,99661
BNX,20130814,0.17,0.17,0.17,0.17,50000
BOA,20130814,0.275,0.275,0.275,0.275,500
BOC,20130814,0.43,0.46,0.42,0.46,71483
BOL,20130814,0.145,0.16,0.125,0.15,3843098
BOQ,20130814,9.8,9.89,9.67,9.7,1436788
BPH,20130814,0.014,0.014,0.013,0.013,110000
BPT,20130814,1.35,1.37,1.34,1.355,3735513
BRB,20130814,0.18,0.18,0.18,0.18,3000
BRC,20130814,0.29,0.32,0.29,0.32,12707
BRD,20130814,0.001,0.002,0.001,0.002,5300000
BRG,20130814,7.28,7.48,7.15,7.48,249539
BRL,20130814,0.18,0.18,0.175,0.175,215556
BRU,20130814,1.78,1.825,1.77,1.8,1089901
BRW,20130814,0.012,0.012,0.012,0.012,12630
BSA,20130814,0.165,0.165,0.165,0.165,83600
BSE,20130814,0.385,0.39,0.385,0.385,21377
BSL,20130814,5.54,5.555,5.44,5.46,3934149
BSM,20130814,0.012,0.012,0.012,0.012,1437323
BTR,20130814,0.45,0.455,0.435,0.445,885174
BTT,20130814,3.75,3.89,3.72,3.8,203005
BUL,20130814,0.089,0.089,0.086,0.088,740195
BUY,20130814,0.015,0.015,0.015,0.015,900000
BWP,20130814,2.45,2.475,2.4,2.41,1632416
BXB,20130814,9.17,9.295,9.17,9.29,3722317
BYE,20130814,0.57,0.6,0.57,0.6,46630
BYL,20130814,0.305,0.305,0.3,0.3,268350
BYR,20130814,0.011,0.014,0.011,0.011,331818
CAA,20130814,0.18,0.185,0.18,0.185,112148
CAB,20130814,4.43,4.43,4.3,4.31,249509
CAJ,20130814,0.285,0.295,0.285,0.295,610902
CAM,20130814,1.03,1.05,1.03,1.05,74777
CAP,20130814,0.215,0.215,0.215,0.215,7000
CAS,20130814,0.23,0.23,0.23,0.23,90500
CAZ,20130814,0.11,0.12,0.11,0.12,94875
CBA,20130814,74.85,75,73.17,73.73,5708842
CBS,20130814,0.019,0.019,0.019,0.019,71000
CCC,20130814,0.037,0.037,0.035,0.037,2338684
CCF,20130814,0.029,0.03,0.029,0.03,188890
CCJ,20130814,0.085,0.09,0.085,0.09,10000
CCL,20130814,12.9,12.9,12.78,12.81,1512946
CCP,20130814,9.95,10.08,9.94,10.03,250885
CCU,20130814,0.17,0.185,0.17,0.18,1326234
CCV,20130814,1.265,1.265,1.245,1.26,282656
CDA,20130814,2.1,2.11,2.03,2.04,328370
CDB,20130814,0.013,0.013,0.013,0.013,45000
CDD,20130814,6.45,6.45,6.28,6.4,307941
CDG,20130814,0.115,0.12,0.115,0.115,130777
CDI,20130814,2.53,2.58,2.51,2.52,78091
CDM,20130814,1.455,1.455,1.445,1.455,112970
CDP,20130814,5.51,5.51,5.51,5.51,1228
CDU,20130814,1.66,1.74,1.585,1.655,2100596
CDY,20130814,0.031,0.031,0.031,0.031,670516
CEL,20130814,0.08,0.08,0.08,0.08,57937
CEN,20130814,0.018,0.018,0.018,0.018,25000
CFE,20130814,0.165,0.165,0.16,0.16,722528
CFU,20130814,0.043,0.044,0.042,0.042,393390
CFX,20130814,2.1,2.12,2.08,2.08,6774609
CGF,20130814,4.38,4.38,4.27,4.28,2211008
CGH,20130814,0.405,0.435,0.39,0.405,346635
CGN,20130814,0.002,0.002,0.001,0.001,700000
CGP,20130814,0.046,0.047,0.038,0.038,1846821
CHC,20130814,3.69,3.71,3.605,3.64,785690
CHF,20130814,0.039,0.039,0.035,0.035,430322
CHN,20130814,0.17,0.175,0.17,0.175,135000
CHP,20130814,0.005,0.006,0.005,0.006,1334771
CHR,20130814,2.8,2.8,2.8,2.8,379
CHZ,20130814,0.155,0.16,0.15,0.15,764570
CII,20130814,0.62,0.62,0.62,0.62,30000
CIN,20130814,23.14,23.15,23,23,5393
CIW,20130814,0.815,0.825,0.815,0.825,3633
CIX,20130814,0.355,0.375,0.355,0.375,56246
CKA,20130814,0.185,0.2,0.182,0.185,1850694
CKF,20130814,1.79,1.81,1.78,1.8,61159
CKL,20130814,0.83,0.84,0.83,0.84,40265
CLA,20130814,0.019,0.02,0.019,0.02,5453319
CLH,20130814,1.795,1.83,1.787,1.8,121588
CLO,20130814,1.42,1.42,1.415,1.42,1158817
CLR,20130814,0.31,0.315,0.27,0.275,635498
CLT,20130814,0.17,0.17,0.17,0.17,1155000
CLV,20130814,0.56,0.57,0.56,0.57,9300
CLX,20130814,1.85,1.9,1.85,1.9,21771
CLY,20130814,0.009,0.01,0.009,0.01,517336
CLZ,20130814,0.15,0.15,0.14,0.14,122219
CMG,20130814,0.48,0.5,0.48,0.48,495831
CMT,20130814,0.135,0.135,0.135,0.135,11858
CMW,20130814,0.98,0.99,0.975,0.99,2830747
CND,20130814,0.22,0.22,0.22,0.22,50000
CNI,20130814,0.85,0.85,0.85,0.85,24615
CNN,20130814,0.003,0.003,0.003,0.003,331000
CNO,20130814,0.06,0.062,0.06,0.062,40000
CNQ,20130814,0.056,0.056,0.055,0.055,163103
CNU,20130814,2.59,2.64,2.57,2.57,96652
CNX,20130814,0.023,0.023,0.022,0.022,2333707
COE,20130814,0.415,0.415,0.405,0.41,117973
COF,20130814,0.195,0.195,0.185,0.185,296476
COH,20130814,59.01,59.12,58.32,58.82,243083
COI,20130814,0.185,0.185,0.18,0.18,305166
COK,20130814,0.071,0.074,0.065,0.065,6513459
COM,20130814,0.013,0.013,0.013,0.013,1000
COO,20130814,0.165,0.165,0.165,0.165,500
COT,20130814,0.07,0.07,0.07,0.07,76500
CPA,20130814,1.18,1.18,1.17,1.175,14752345
CPD,20130814,0.115,0.13,0.115,0.13,89300
CPL,20130814,0.285,0.285,0.275,0.285,428140
CPU,20130814,9.99,9.99,9.66,9.75,7879601
CQC,20130814,0.066,0.066,0.065,0.065,110000
CQR,20130814,3.79,3.87,3.76,3.77,950264
CRH,20130814,0.76,0.78,0.76,0.775,234105
CRZ,20130814,10.2,10.78,10.09,10.72,1107693
CSD,20130814,0.06,0.06,0.06,0.06,9200
CSE,20130814,0.16,0.16,0.16,0.16,2783
CSL,20130814,65.86,66.03,64.7,65.79,2367062
CSR,20130814,2.3,2.31,2.21,2.25,2837884
CSS,20130814,0.026,0.026,0.025,0.025,1852710
CSV,20130814,1.03,1.045,1.03,1.04,424200
CTD,20130814,4.65,4.65,4.61,4.65,38863
CTE,20130814,0.59,0.59,0.59,0.59,1000
CTM,20130814,0.135,0.135,0.135,0.135,60250
CTN,20130814,1.05,1.055,1.04,1.04,103500
CTO,20130814,0.05,0.05,0.049,0.049,207777
CTP,20130814,0.115,0.115,0.11,0.11,1049786
CTR,20130814,0.018,0.018,0.017,0.017,1922000
CTX,20130814,18.59,18.7,18.43,18.68,449433
CUE,20130814,0.14,0.145,0.14,0.14,343527
CUL,20130814,0.012,0.012,0.011,0.011,600000
CUU,20130814,0.04,0.04,0.04,0.04,10000
CUV,20130814,1.75,1.75,1.7,1.7,11530
CUX,20130814,0.032,0.033,0.032,0.033,465000
CVC,20130814,1.1,1.1,1.1,1.1,11904
CVG,20130814,0.013,0.013,0.013,0.013,660000
CVN,20130814,0.059,0.06,0.058,0.059,367200
CVV,20130814,0.013,0.013,0.012,0.012,1130491
CVW,20130814,0.6,0.6,0.59,0.59,42301
CWE,20130814,0.046,0.046,0.045,0.046,1536538
CWG,20130814,0.076,0.076,0.076,0.076,52631
CWN,20130814,13.6,14.02,13.51,13.95,1586726
CWP,20130814,6.05,6.1,6.01,6.01,33375
CXM,20130814,0.12,0.12,0.12,0.12,3000
CXU,20130814,0.13,0.13,0.125,0.125,30000
CXX,20130814,0.195,0.195,0.195,0.195,7500
CXY,20130814,0.003,0.004,0.003,0.004,1825000
CYA,20130814,0.805,0.81,0.805,0.81,24953
CYG,20130814,2.98,3,2.9,2.9,120127
CYY,20130814,0.07,0.07,0.07,0.07,7539
CZA,20130814,0.14,0.145,0.14,0.14,13854
CZD,20130814,0.085,0.09,0.085,0.087,351829
CZI,20130814,0.12,0.12,0.12,0.12,245000
CZN,20130814,0.04,0.042,0.039,0.039,2231070
DCG,20130814,2.18,2.18,2.12,2.18,222320
DCN,20130814,0.23,0.23,0.22,0.22,18786
DDR,20130814,0.85,0.85,0.85,0.85,4000
DDT,20130814,0.02,0.02,0.02,0.02,450000
DGA,20130814,1.785,1.785,1.77,1.77,18350
DGH,20130814,0.54,0.54,0.54,0.54,25000
DGR,20130814,0.049,0.049,0.044,0.045,647000
DJS,20130814,2.8,2.83,2.76,2.83,2847978
DJW,20130814,4.37,4.42,4.37,4.42,49164
DLE,20130814,0.05,0.05,0.05,0.05,24800
DLS,20130814,1.35,1.35,1.305,1.325,1467842
DLX,20130814,4.58,4.62,4.53,4.56,661609
DMI,20130814,0.08,0.08,0.08,0.08,106250
DML,20130814,0.15,0.16,0.145,0.145,4976841
DNA,20130814,0.43,0.465,0.43,0.465,6348801
DOW,20130814,4.36,4.375,4.175,4.18,3170714
DRG,20130814,0.027,0.027,0.026,0.026,512887
DRK,20130814,0.028,0.028,0.027,0.028,340001
DRM,20130814,0.67,0.67,0.65,0.655,187312
DRX,20130814,0.022,0.022,0.022,0.022,62096
DSB,20130814,0.4,0.4,0.4,0.4,2000
DSN,20130814,0.02,0.025,0.02,0.025,90000
DTE,20130814,0.135,0.14,0.135,0.135,739055
DTL,20130814,1.215,1.215,1.155,1.185,261972
DTM,20130814,0.075,0.075,0.075,0.075,71667
DUE,20130814,2.16,2.16,2.1,2.13,5673793
DUI,20130814,3.42,3.42,3.4,3.4,13605
DVA,20130814,0.033,0.035,0.033,0.035,155000
DVN,20130814,0.785,0.785,0.785,0.785,5375
DWS,20130814,1.61,1.62,1.585,1.61,135190
DXS,20130814,1.03,1.045,1.025,1.04,14601438
DYE,20130814,0.455,0.46,0.445,0.455,261159
DYL,20130814,0.036,0.036,0.034,0.034,539000
EAL,20130814,0.615,0.635,0.615,0.635,14000
EAX,20130814,2.89,2.9,2.89,2.9,19000
EBT,20130814,2,2.08,2,2.08,11067
ECQ,20130814,0.016,0.021,0.015,0.021,3832191
EDE,20130814,0.013,0.013,0.013,0.013,1000000
EEG,20130814,0.095,0.098,0.095,0.098,111366
EEU,20130814,14.5,14.5,14.5,14.5,99
EGG,20130814,0.455,0.455,0.43,0.45,312548
EGO,20130814,0.012,0.012,0.012,0.012,11152730
EGP,20130814,2.55,2.57,2.52,2.55,5050589
EHL,20130814,0.23,0.23,0.215,0.215,5743837
ELD,20130814,0.095,0.095,0.091,0.092,248664
ELI,20130814,0.875,0.88,0.875,0.875,229998
ELK,20130814,0.16,0.16,0.16,0.16,5000
ELM,20130814,0.405,0.45,0.405,0.44,724269
ELT,20130814,0.025,0.025,0.016,0.025,238720
ELX,20130814,0.265,0.265,0.26,0.26,205000
EMA,20130814,0.04,0.04,0.04,0.04,28332
EMB,20130814,6.21,6.21,6.2,6.2,1150
EMG,20130814,0.011,0.011,0.01,0.01,1110000
EMR,20130814,0.007,0.007,0.007,0.007,600000
ENE,20130814,5,5,4.99,5,156605
ENR,20130814,0.175,0.175,0.175,0.175,3310
ENV,20130814,1.14,1.14,1.125,1.14,1957704
EOS,20130814,0.22,0.22,0.22,0.22,2211
EPD,20130814,0.69,0.69,0.68,0.68,12500
EPW,20130814,2.62,2.73,2.62,2.71,56068
EPX,20130814,1.8,1.8,1.78,1.8,51260
EPY,20130814,0.28,0.28,0.28,0.28,40000
EQE,20130814,0.022,0.022,0.022,0.022,575061
EQT,20130814,15.1,15.2,15,15.1,8577
EQX,20130814,0.6,0.605,0.6,0.605,165000
ERA,20130814,1.395,1.415,1.385,1.405,146781
ERJ,20130814,0.005,0.005,0.005,0.005,120000
ERM,20130814,0.049,0.049,0.049,0.049,100000
ERO,20130814,0.004,0.004,0.004,0.004,2150000
ESI,20130814,0.008,0.008,0.007,0.007,376828
ESR,20130814,0.12,0.12,0.12,0.12,4409
ETE,20130814,0.032,0.035,0.032,0.034,1236079
ETF,20130814,21.35,21.35,21.35,21.35,466
EVM,20130814,0.027,0.028,0.027,0.028,142473
EVN,20130814,0.9,0.9,0.85,0.855,1860319
EVR,20130814,0.765,0.78,0.765,0.77,295641
EWC,20130814,0.6,0.605,0.58,0.6,2551043
EXC,20130814,0.025,0.025,0.025,0.025,49990
EXM,20130814,0.039,0.039,0.038,0.038,40000
EXR,20130814,0.015,0.015,0.013,0.013,149508
EYM,20130814,0.013,0.013,0.013,0.013,65000
EZL,20130814,0.99,1,0.98,1,78359
FAN,20130814,2.38,2.38,2.32,2.32,8485
FAR,20130814,0.049,0.05,0.047,0.047,9456961
FAS,20130814,0.018,0.02,0.018,0.019,3538025
FBU,20130814,7.2,7.27,7.17,7.26,858241
FDC,20130814,2.27,2.295,2.25,2.26,3287559
FEO,20130814,0.035,0.038,0.035,0.038,35000
FGE,20130814,4.94,5.05,4.82,5.04,904604
FKP,20130814,1.405,1.41,1.375,1.41,648501
FLT,20130814,43.89,44,42.91,43.4,1478582
FMG,20130814,4.4,4.4,4.23,4.29,17797550
FML,20130814,0.014,0.014,0.013,0.013,8008595
FMS,20130814,0.05,0.051,0.048,0.048,6130575
FND,20130814,0.215,0.215,0.215,0.215,50000
FNP,20130814,1.95,1.96,1.95,1.96,13527
FNT,20130814,0.015,0.015,0.015,0.015,50000
FOT,20130814,0.195,0.195,0.195,0.195,2000
FOX,20130814,35.85,36,35.6,35.96,969758
FPH,20130814,3.17,3.2,3.17,3.19,6363
FRG,20130814,0.17,0.17,0.165,0.165,21900
FRI,20130814,1.31,1.335,1.28,1.325,91846
FRY,20130814,0.06,0.06,0.05,0.05,1334845
FSA,20130814,0.92,0.925,0.9,0.9,55555
FSF,20130814,6.05,6.17,6.05,6.08,477483
FSI,20130814,1.38,1.38,1.38,1.38,10165
FTE,20130814,0.01,0.01,0.01,0.01,100000
FUN,20130814,0.17,0.17,0.165,0.17,220380
FWD,20130814,4.17,4.28,3.98,4.01,376201
FWL,20130814,0.025,0.025,0.025,0.025,25000
FXJ,20130814,0.54,0.545,0.535,0.545,6816446
FXL,20130814,4.5,4.56,4.48,4.56,664965
FXR,20130814,0.026,0.026,0.025,0.026,227000
FZR,20130814,0.37,0.41,0.37,0.41,336500
GAP,20130814,0.29,0.295,0.29,0.29,118750
GBE,20130814,0.045,0.045,0.045,0.045,15000
GBG,20130814,0.16,0.16,0.152,0.155,3022229
GBT,20130814,2.45,2.55,2.45,2.55,249034
GBZ,20130814,0.043,0.043,0.042,0.043,145000
GCG,20130814,0.056,0.056,0.056,0.056,91295
GCS,20130814,0.505,0.505,0.505,0.505,2200
GCY,20130814,0.16,0.16,0.16,0.16,117594
GDY,20130814,0.15,0.165,0.145,0.165,916212
GEM,20130814,2.66,2.77,2.65,2.77,1892173
GFF,20130814,0.775,0.79,0.717,0.735,8288860
GFL,20130814,1.05,1.08,1.05,1.08,13259
GGE,20130814,0.008,0.008,0.008,0.008,80000
GGG,20130814,0.26,0.265,0.255,0.255,339064
GGP,20130814,0.002,0.002,0.001,0.001,10190227
GHC,20130814,1.09,1.09,1.08,1.085,51660
GID,20130814,0.655,0.715,0.655,0.7,947806
GIP,20130814,0.006,0.006,0.006,0.006,83570
GJT,20130814,0.705,0.705,0.705,0.705,700
GLA,20130814,0.005,0.005,0.005,0.005,2717498
GLH,20130814,0.16,0.175,0.16,0.175,7335
GLL,20130814,0.15,0.155,0.15,0.15,148315
GLM,20130814,0.005,0.005,0.005,0.005,950000
GMG,20130814,4.78,4.82,4.74,4.78,4244428
GMR,20130814,0.022,0.022,0.021,0.021,368320
GMX,20130814,0.033,0.033,0.033,0.033,32536
GMY,20130814,1.01,1.01,1.01,1.01,2303
GNC,20130814,12.4,12.4,12.36,12.38,425333
GOLD,20130814,140.73,140.73,139.45,140.09,18565
GOR,20130814,0.045,0.045,0.044,0.045,604102
GOZ,20130814,2.4,2.41,2.37,2.4,239881
GPG,20130814,0.485,0.485,0.48,0.48,15867
GPT,20130814,3.69,3.71,3.66,3.68,10547933
GRB,20130814,0.19,0.19,0.19,0.19,15000
GRR,20130814,0.245,0.25,0.23,0.23,2870479
GRY,20130814,0.185,0.185,0.175,0.185,940370
GSC,20130814,0.035,0.035,0.035,0.035,16258
GSE,20130814,0.007,0.007,0.007,0.007,264167
GTE,20130814,0.15,0.165,0.145,0.165,671403
GTG,20130814,0.079,0.082,0.079,0.082,730412
GUD,20130814,6.01,6.08,5.95,5.96,523789
GUF,20130814,0.14,0.14,0.125,0.135,1882148
GUN,20130814,0.022,0.022,0.021,0.021,70000
GWA,20130814,2.85,2.86,2.62,2.64,880732
GWR,20130814,0.155,0.155,0.14,0.14,15000
GXL,20130814,5.24,5.29,5.24,5.28,13071
GZL,20130814,2.65,2.65,2.65,2.65,4000
HAO,20130814,0.145,0.15,0.145,0.145,29465
HAS,20130814,0.04,0.04,0.04,0.04,20000
HAV,20130814,0.365,0.365,0.345,0.345,42700
HAW,20130814,0.045,0.045,0.045,0.045,87500
HCH,20130814,0.41,0.41,0.405,0.41,374858
HEG,20130814,0.009,0.009,0.008,0.008,1525000
HFA,20130814,0.86,0.86,0.82,0.82,1535
HFR,20130814,0.51,0.51,0.51,0.51,10000
HGG,20130814,2.99,2.99,2.96,2.99,3458573
HGL,20130814,0.12,0.12,0.12,0.12,4167
HGO,20130814,0.075,0.075,0.072,0.074,1305236
HHL,20130814,1.99,1.99,1.95,1.98,4090
HHV,20130814,0.95,0.96,0.95,0.96,20990
HHY,20130814,0.39,0.39,0.385,0.385,81237
HIG,20130814,0.07,0.07,0.067,0.067,66057
HIL,20130814,1.3,1.3,1.28,1.3,205014
HIN,20130814,2.54,2.54,2.53,2.53,11475
HLX,20130814,0.037,0.037,0.034,0.034,37917
HNG,20130814,0.545,0.55,0.545,0.55,36125
HNR,20130814,0.012,0.012,0.012,0.012,400000
HOG,20130814,0.037,0.037,0.034,0.034,1516491
HOM,20130814,1.02,1.03,1.02,1.03,10000
HOR,20130814,0.063,0.063,0.063,0.063,8600
HRR,20130814,0.16,0.16,0.16,0.16,25516
HRS,20130814,0.058,0.058,0.058,0.058,2000
HSK,20130814,0.07,0.07,0.07,0.07,43286
HSN,20130814,1.08,1.08,1.07,1.075,66833
HTA,20130814,0.043,0.044,0.042,0.044,205000
HVN,20130814,2.87,2.885,2.85,2.86,2122933
HZN,20130814,0.34,0.345,0.335,0.345,2004422
IAA,20130814,49.52,49.62,48.99,49.5,19609
IAB,20130814,1.28,1.29,1.28,1.29,7500
IAF,20130814,100.96,101.25,100.96,101.24,525
IAG,20130814,5.85,5.88,5.765,5.84,5741754
IAU,20130814,0.265,0.272,0.26,0.26,381870
IAW,20130814,0.08,0.08,0.08,0.08,208750
IBC,20130814,0.54,0.54,0.54,0.54,10000
IBG,20130814,0.055,0.055,0.055,0.055,10000
IBK,20130814,39.64,39.64,39.64,39.64,50
ICG,20130814,0.04,0.044,0.039,0.043,29564447
ICN,20130814,0.14,0.145,0.14,0.145,217620
ICQ,20130814,0.51,0.535,0.51,0.535,419423
ICX,20130814,0.1,0.1,0.097,0.097,13000
IDC,20130814,0.093,0.093,0.09,0.092,2293453
IDT,20130814,0.335,0.335,0.33,0.335,66912
IDZ,20130814,0.58,0.58,0.58,0.58,10000
IEM,20130814,44.2,44.44,43.71,43.95,41645
IEU,20130814,47.7,47.71,47.16,47.4,10916
IFE,20130814,0.115,0.115,0.115,0.115,25000
IFL,20130814,8.75,8.75,8.6,8.75,530181
IFM,20130814,0.64,0.64,0.61,0.62,353086
IFN,20130814,0.29,0.305,0.29,0.305,503088
IGB,20130814,100.34,100.34,100.34,100.34,1
IGO,20130814,3.59,3.61,3.37,3.38,1063937
IGS,20130814,0.005,0.005,0.005,0.005,330000
IHD,20130814,16.8,16.87,16.79,16.79,13552
IHK,20130814,21.75,21.75,21.75,21.75,150
IIN,20130814,6.28,6.39,6.23,6.31,1353034
IJH,20130814,136.44,136.48,136.22,136.34,13829
IJP,20130814,12.77,12.77,12.57,12.7,15318
IJR,20130814,107.89,107.89,107.5,107.5,279
IKO,20130814,61.98,61.98,61.98,61.98,80
ILC,20130814,23.68,23.68,23.62,23.62,15612
ILU,20130814,11.8,11.95,11.5,11.55,2594436
IMA,20130814,0.135,0.135,0.12,0.13,214963
IMD,20130814,0.805,0.805,0.775,0.78,345403
IMF,20130814,1.97,1.975,1.94,1.96,224062
IMU,20130814,0.006,0.006,0.006,0.006,16875
INA,20130814,0.4,0.405,0.395,0.395,1120447
INQ,20130814,1.2,1.2,1.13,1.175,54946
IOF,20130814,2.91,2.93,2.9,2.91,1324498
IOH,20130814,0.94,0.945,0.92,0.945,294001
IOO,20130814,79.03,79.03,78.35,78.85,10834
IOZ,20130814,22.33,22.35,22.25,22.29,33313
IPB,20130814,0.255,0.255,0.255,0.255,24500
IPD,20130814,0.14,0.14,0.14,0.14,40000
IPE,20130814,0.415,0.415,0.41,0.415,2071000
IPL,20130814,2.79,2.8,2.75,2.78,5685916
IPP,20130814,1.1,1.21,1.1,1.2,756985
IPT,20130814,0.026,0.026,0.026,0.026,310000
IRC,20130814,0.06,0.06,0.06,0.06,8333
IRD,20130814,0.195,0.195,0.195,0.195,25000
IRE,20130814,8.88,8.955,8.72,8.93,554250
IRI,20130814,1.02,1.13,1.02,1.11,382315
IRN,20130814,0.21,0.225,0.21,0.215,252107
IRU,20130814,115.27,115.27,115.27,115.27,220
ISG,20130814,14.82,14.82,14.82,14.82,15
ISN,20130814,0.52,0.57,0.515,0.545,481934
ISO,20130814,3.91,3.92,3.89,3.91,30683
ISU,20130814,1.71,1.74,1.71,1.71,548421
ITW,20130814,14.6,14.6,14.59,14.59,190
IVA,20130814,0.195,0.195,0.17,0.17,1038370
IVC,20130814,11.8,11.8,11.59,11.78,211191
IVE,20130814,68.61,68.61,68.2,68.2,1146
IVR,20130814,0.21,0.21,0.205,0.21,153420
IVV,20130814,187.01,187.93,187,187.4,10847
IVX,20130814,0.065,0.067,0.065,0.067,399776
IXI,20130814,91.95,92.09,91.7,92.09,2000
IXJ,20130814,87.82,87.82,87.5,87.65,3582
IXR,20130814,0.076,0.079,0.074,0.076,240020
IZZ,20130814,39.81,40.09,39.81,40.08,10575
JAL,20130814,0.24,0.24,0.24,0.24,34444
JBH,20130814,19,19.345,18.93,19.2,639191
JHX,20130814,10.12,10.12,9.875,10.09,1939647
JIN,20130814,1.85,1.85,1.8,1.82,37204
JKA,20130814,0.12,0.12,0.12,0.12,458500
JMS,20130814,0.077,0.077,0.075,0.075,166856
JPR,20130814,0.49,0.49,0.49,0.49,35762
KAM,20130814,0.61,0.61,0.58,0.58,27099
KAR,20130814,5.39,5.41,5.31,5.4,665151
KAS,20130814,0.13,0.13,0.12,0.125,660053
KAT,20130814,0.77,0.77,0.77,0.77,147000
KBC,20130814,0.13,0.13,0.125,0.125,53872
KBL,20130814,0.038,0.039,0.038,0.038,487556
KCN,20130814,1.79,1.79,1.73,1.76,926048
KDL,20130814,0.48,0.51,0.48,0.5,170334
KDR,20130814,0.28,0.335,0.28,0.315,9270085
KEY,20130814,0.012,0.012,0.011,0.011,500000
KFE,20130814,0.1,0.1,0.092,0.092,26862
KGD,20130814,0.11,0.12,0.11,0.12,41298
KGL,20130814,0.07,0.07,0.066,0.07,55600
KGM,20130814,0.042,0.042,0.042,0.042,128048
KKL,20130814,0.008,0.008,0.008,0.008,44286
KKO,20130814,0.175,0.175,0.175,0.175,80000
KMD,20130814,2.36,2.46,2.36,2.46,261849
KNL,20130814,0.08,0.08,0.08,0.08,3174
KOR,20130814,0.034,0.034,0.031,0.034,257100
KOV,20130814,5.86,6,5.86,5.87,5461
KPR,20130814,0.13,0.13,0.125,0.125,587555
KRA,20130814,0.065,0.065,0.065,0.065,20000
KRB,20130814,0.049,0.049,0.049,0.049,35000
KRC,20130814,0.044,0.044,0.04,0.04,420214
KRL,20130814,0.019,0.019,0.019,0.019,600000
KRM,20130814,0.4,0.4,0.39,0.39,121711
KSC,20130814,1.72,1.75,1.72,1.75,6854
KSN,20130814,0.105,0.105,0.1,0.1,3385
KSO,20130814,0.005,0.005,0.005,0.005,100000
KTE,20130814,0.008,0.008,0.008,0.008,11001
LAT,20130814,0.01,0.01,0.01,0.01,50000
LAU,20130814,0.22,0.22,0.21,0.21,195140
LBL,20130814,0.085,0.085,0.085,0.085,274845
LBT,20130814,0.078,0.08,0.078,0.08,27500
LBY,20130814,0.043,0.05,0.043,0.05,518446
LCM,20130814,1.47,1.49,1.465,1.47,108382
LCT,20130814,0.05,0.054,0.05,0.054,220000
LCY,20130814,0.053,0.055,0.053,0.055,129000
LEG,20130814,0.011,0.011,0.01,0.01,770000
LEI,20130814,17.3,17.35,16.13,16.24,3111828
LEP,20130814,2.7,2.7,2.68,2.68,41724
LGD,20130814,0.255,0.275,0.255,0.27,25099
LGM,20130814,0.012,0.012,0.011,0.011,25000
LGO,20130814,0.002,0.004,0.002,0.004,115894
LIC,20130814,0.85,0.85,0.85,0.85,2632
LKO,20130814,0.004,0.004,0.003,0.003,2437500
LLC,20130814,9.28,9.32,9.12,9.17,1627768
LLO,20130814,0.39,0.4,0.39,0.4,14400
LMG,20130814,0.006,0.006,0.006,0.006,500000
LML,20130814,0.06,0.06,0.06,0.06,8000
LMW,20130814,0.38,0.38,0.37,0.37,530700
LNC,20130814,1.81,1.83,1.76,1.78,2516368
LNG,20130814,0.205,0.205,0.195,0.195,867093
LNR,20130814,0.165,0.175,0.165,0.175,40000
LOM,20130814,0.006,0.006,0.006,0.006,1750000
LRG,20130814,0.285,0.285,0.285,0.285,29000
LRL,20130814,0.185,0.185,0.185,0.185,100000
LRR,20130814,0.002,0.002,0.002,0.002,1199395
LRS,20130814,0.07,0.07,0.07,0.07,31718
LSR,20130814,0.016,0.016,0.016,0.016,14428
LTR,20130814,0.01,0.01,0.01,0.01,14333
LYC,20130814,0.415,0.417,0.4,0.405,6043519
LYL,20130814,4.25,4.3,4.17,4.17,22846
MAB,20130814,0.55,0.56,0.55,0.55,70000
MAD,20130814,0.435,0.435,0.39,0.395,883111
MAH,20130814,0.155,0.165,0.155,0.165,8610468
MAK,20130814,0.12,0.125,0.12,0.12,141634
MAQ,20130814,8,8,7.96,7.98,3290
MAR,20130814,0.007,0.007,0.007,0.007,399771
MAT,20130814,0.315,0.315,0.315,0.315,3175
MBC,20130814,0.33,0.33,0.33,0.33,22500
MBE,20130814,0.063,0.064,0.057,0.062,3766000
MBK,20130814,0.022,0.025,0.022,0.025,516200
MBN,20130814,0.085,0.09,0.083,0.088,13185565
MCE,20130814,0.895,0.91,0.88,0.91,14994
MCP,20130814,1.47,1.47,1.455,1.455,20766
MCR,20130814,0.665,0.67,0.61,0.65,517960
MDL,20130814,2.15,2.34,2.13,2.32,517437
MDS,20130814,0.001,0.001,0.001,0.001,2000000
MED,20130814,0.11,0.125,0.11,0.11,21293
MEI,20130814,0.045,0.045,0.045,0.045,30000
MEL,20130814,0.072,0.073,0.07,0.07,614397
MEO,20130814,0.071,0.08,0.071,0.074,3338004
MEP,20130814,0.145,0.145,0.145,0.145,3070
MEU,20130814,0.025,0.025,0.024,0.024,195000
MEY,20130814,0.004,0.004,0.004,0.004,100000
MFF,20130814,1.41,1.42,1.4,1.41,279400
MFG,20130814,11.66,11.86,11.39,11.74,271900
MGB,20130814,0.16,0.17,0.16,0.17,35000
MGL,20130814,0.021,0.021,0.021,0.021,250
MGR,20130814,1.65,1.68,1.64,1.645,13235042
MGS,20130814,0.07,0.07,0.067,0.067,141000
MGV,20130814,0.058,0.06,0.058,0.059,174317
MGX,20130814,0.72,0.72,0.7,0.705,4118085
MGY,20130814,0.032,0.032,0.031,0.031,500000
MGZ,20130814,0.03,0.03,0.03,0.03,25470
MHC,20130814,0.065,0.065,0.065,0.065,25000
MHM,20130814,0.125,0.13,0.125,0.13,22333
MIN,20130814,10.87,10.88,10.81,10.82,735069
MIO,20130814,1.95,1.965,1.9,1.93,94537
MIR,20130814,2.38,2.4,2.38,2.4,41597
MIX,20130814,0.18,0.18,0.18,0.18,50000
MIZ,20130814,0.008,0.008,0.008,0.008,700000
MKB,20130814,0.091,0.091,0.083,0.09,626163
MLB,20130814,1.81,1.845,1.805,1.805,120155
MLD,20130814,2.06,2.09,2,2,1826027
MLI,20130814,0.07,0.07,0.07,0.07,104270
MLM,20130814,0.079,0.079,0.079,0.079,909
MLS,20130814,0.017,0.017,0.017,0.017,149292
MLT,20130814,20,20.24,20,20.24,163160
MLX,20130814,0.1,0.105,0.1,0.1,202192
MMC,20130814,0.025,0.026,0.023,0.023,4918004
MML,20130814,2.29,2.29,2.22,2.23,979312
MMR,20130814,0.062,0.062,0.061,0.061,116600
MMS,20130814,11.7,12.1,10.9,11.02,2095924
MMX,20130814,0.041,0.042,0.041,0.041,408447
MNC,20130814,0.04,0.041,0.039,0.039,5856282
MND,20130814,19.09,19.2,18.6,19.12,892455
MNF,20130814,1.205,1.24,1.2,1.24,11913
MNM,20130814,0.04,0.042,0.04,0.042,26846
MNW,20130814,0.027,0.028,0.026,0.028,702495
MNY,20130814,0.98,0.98,0.965,0.98,58800
MNZ,20130814,0.004,0.005,0.004,0.005,820371
MOC,20130814,2.67,2.7,2.65,2.69,154200
MOD,20130814,0.042,0.042,0.042,0.042,616738
MOL,20130814,0.125,0.13,0.125,0.13,65000
MOO,20130814,0.006,0.006,0.006,0.006,3417
MOT,20130814,0.001,0.001,0.001,0.001,483000
MOU,20130814,0.007,0.007,0.006,0.006,2112469
MOY,20130814,0.37,0.37,0.36,0.36,273211
MPJ,20130814,0.005,0.006,0.005,0.006,2100000
MPO,20130814,0.225,0.23,0.225,0.225,37250
MPS,20130814,0.079,0.08,0.079,0.08,318645
MQA,20130814,2.37,2.39,2.31,2.36,676131
MQG,20130814,44.4,44.9,44.22,44.63,1931351
MRM,20130814,3.85,3.94,3.83,3.93,487456
MRN,20130814,0.68,0.68,0.68,0.68,25062
MRP,20130814,0.14,0.145,0.14,0.14,157843
MRQ,20130814,0.21,0.23,0.205,0.21,97288
MRX,20130814,0.004,0.004,0.004,0.004,1600
MSB,20130814,6.17,6.17,6.05,6.1,641361
MTA,20130814,0.13,0.17,0.13,0.13,416694
MTE,20130814,0.047,0.047,0.047,0.047,175916
MTH,20130814,0.03,0.03,0.03,0.03,250000
MTN,20130814,0.024,0.024,0.024,0.024,150000
MTS,20130814,3.6,3.61,3.53,3.58,4103106
MTU,20130814,6.59,6.75,6.55,6.75,433513
MUE,20130814,0.046,0.046,0.046,0.046,20000
MVP,20130814,1.56,1.56,1.56,1.56,10000
MVT,20130814,0.105,0.105,0.105,0.105,150000
MWS,20130814,0.003,0.003,0.003,0.003,50000
MXI,20130814,1.315,1.32,1.29,1.3,120313
MXQ,20130814,0.385,0.385,0.385,0.385,129999
MYE,20130814,0.9,0.92,0.9,0.92,11750
MYG,20130814,0.029,0.029,0.028,0.028,626700
MYR,20130814,2.6,2.63,2.59,2.62,3463309
MYS,20130814,4.64,4.67,4.64,4.65,31114
MYT,20130814,1.98,2.01,1.98,2.01,2393279
MYX,20130814,0.575,0.597,0.575,0.59,584020
MZI,20130814,0.014,0.014,0.014,0.014,271428
MZM,20130814,0.1,0.1,0.1,0.1,91858
NAB,20130814,31.2,31.35,31.17,31.32,5261256
NAM,20130814,0.27,0.27,0.27,0.27,2500
NAN,20130814,0.785,0.9,0.785,0.865,830579
NBL,20130814,0.64,0.64,0.64,0.64,16475
NCC,20130814,1.05,1.05,1.04,1.05,46000
NCK,20130814,2.5,2.52,2.5,2.52,8750
NCM,20130814,12.08,12.27,11.88,11.94,5783215
NCR,20130814,0.066,0.066,0.065,0.065,24583
NDO,20130814,0.04,0.041,0.04,0.04,2289716
NEA,20130814,0.38,0.385,0.37,0.375,903133
NEN,20130814,0.32,0.327,0.315,0.315,1175893
NEU,20130814,0.105,0.125,0.105,0.12,10856936
NFE,20130814,0.155,0.155,0.14,0.14,4985480
NGE,20130814,0.027,0.027,0.027,0.027,300000
NGF,20130814,0.15,0.15,0.15,0.15,16566
NHC,20130814,3.95,3.96,3.9,3.96,354188
NHF,20130814,2.21,2.23,2.2,2.2,204262
NHO,20130814,0.02,0.021,0.02,0.021,185047
NIU,20130814,0.009,0.009,0.009,0.009,300000
NKP,20130814,0.05,0.05,0.045,0.045,60919
NME,20130814,0.017,0.017,0.017,0.017,90000
NMI,20130814,0.009,0.01,0.009,0.01,3877700
NNC,20130814,17.59,17.64,17.49,17.52,443433
NOD,20130814,0.066,0.066,0.065,0.065,42592
NOE,20130814,0.175,0.175,0.17,0.17,92000
NRT,20130814,0.17,0.17,0.165,0.165,170000
NSE,20130814,0.155,0.155,0.15,0.15,375866
NST,20130814,0.93,0.945,0.89,0.92,3769168
NTC,20130814,0.205,0.215,0.19,0.215,514087
NTM,20130814,0.044,0.045,0.044,0.045,131554
NTU,20130814,0.21,0.23,0.21,0.215,149000
NUF,20130814,4.7,4.71,4.61,4.67,359596
NVG,20130814,0.013,0.013,0.013,0.013,100000
NVI,20130814,0.145,0.15,0.145,0.15,35500
NVT,20130814,6.2,6.28,6.15,6.24,913836
NWE,20130814,0.031,0.031,0.031,0.031,555000
NWH,20130814,1.17,1.175,1.107,1.14,2689036
NWT,20130814,0.36,0.37,0.352,0.36,270527
NXM,20130814,0.058,0.058,0.058,0.058,13000
NXR,20130814,0.025,0.025,0.024,0.024,211000
NXS,20130814,0.073,0.073,0.07,0.07,3054185
NXT,20130814,2.72,2.73,2.7,2.71,135436
OBJ,20130814,0.018,0.018,0.016,0.017,5990000
OBL,20130814,0.025,0.025,0.024,0.025,378194
OBS,20130814,0.37,0.37,0.36,0.37,256064
OCL,20130814,0.5,0.525,0.5,0.525,11000
OCP,20130814,1.6,1.6,1.6,1.6,10000
ODY,20130814,0.013,0.013,0.013,0.013,90000
OEC,20130814,0.2,0.2,0.2,0.2,70393
OEL,20130814,0.077,0.08,0.076,0.08,447250
OEX,20130814,0.063,0.063,0.062,0.063,213779
OGC,20130814,1.88,1.895,1.85,1.885,927983
OGY,20130814,0.016,0.016,0.016,0.016,124150
OIL,20130814,0.07,0.07,0.07,0.07,5000
OKN,20130814,1.2,1.215,1.19,1.215,61093
OMH,20130814,0.335,0.34,0.335,0.335,74152
ONC,20130814,0.18,0.18,0.18,0.18,75000
ONT,20130814,6.5,6.58,6.5,6.5,7317
OPG,20130814,0.085,0.091,0.085,0.091,17289
ORD,20130814,0.007,0.007,0.007,0.007,63500
ORE,20130814,1.82,1.825,1.795,1.795,49854
ORG,20130814,11.86,11.98,11.86,11.94,3873987
ORI,20130814,19.8,19.99,19.29,19.44,1609826
ORL,20130814,6.85,6.85,6.68,6.69,93568
ORO,20130814,0.001,0.001,0.001,0.001,1000000
ORR,20130814,0.075,0.075,0.075,0.075,100000
ORS,20130814,0.097,0.1,0.097,0.1,20000
OSH,20130814,8.22,8.23,8.095,8.17,3232127
OSL,20130814,0.088,0.105,0.088,0.105,848978
OSP,20130814,0.52,0.56,0.52,0.55,61000
OTE,20130814,0.002,0.002,0.001,0.001,2350000
OTH,20130814,0.485,0.49,0.48,0.485,82324
OVL,20130814,0.012,0.012,0.012,0.012,254520
OVR,20130814,0.007,0.007,0.006,0.006,1334429
OXX,20130814,0.27,0.285,0.27,0.285,185008
OZF,20130814,19.42,19.42,19.42,19.42,2500
OZG,20130814,0.175,0.175,0.17,0.175,327397
OZL,20130814,4.32,4.32,4.18,4.21,4225141
OZR,20130814,10,10,9.96,9.96,6440
PAA,20130814,0.011,0.012,0.011,0.012,7394500
PAB,20130814,0.041,0.042,0.04,0.042,4138224
PAG,20130814,0.39,0.395,0.39,0.39,1143021
PAN,20130814,0.27,0.27,0.26,0.26,874905
PBD,20130814,0.014,0.014,0.014,0.014,400000
PBG,20130814,0.805,0.807,0.795,0.805,1984051
PBP,20130814,0.38,0.38,0.38,0.38,14438
PBT,20130814,0.415,0.43,0.405,0.41,1030469
PCL,20130814,0.07,0.073,0.068,0.073,1816797
PDI,20130814,0.023,0.023,0.023,0.023,100000
PDN,20130814,0.675,0.675,0.645,0.645,12592864
PDY,20130814,0.002,0.002,0.002,0.002,250000
PEA,20130814,0.41,0.41,0.41,0.41,777
PEK,20130814,0.125,0.13,0.125,0.13,100000
PEL,20130814,0.008,0.008,0.008,0.008,44510
PEM,20130814,0.205,0.205,0.19,0.19,887187
PEN,20130814,0.03,0.03,0.03,0.03,1517653
PEX,20130814,0.4,0.42,0.4,0.42,61500
PFL,20130814,1.435,1.47,1.435,1.47,67137
PFM,20130814,0.31,0.31,0.31,0.31,4000
PGC,20130814,0.335,0.335,0.33,0.33,4709
PGI,20130814,0.09,0.096,0.09,0.094,2775295
PGL,20130814,0.19,0.2,0.175,0.175,30200
PGM,20130814,0.051,0.054,0.05,0.05,111194
PHG,20130814,0.07,0.07,0.07,0.07,14250
PHK,20130814,0.055,0.055,0.055,0.055,192166
PIM,20130814,0.007,0.007,0.007,0.007,24000
PIR,20130814,1.07,1.095,1.05,1.06,706292
PKO,20130814,0.009,0.01,0.009,0.009,414852
PLV,20130814,0.12,0.125,0.11,0.11,575142
PMC,20130814,1.6,1.61,1.575,1.59,209024
PMP,20130814,0.275,0.275,0.27,0.275,115800
PMQ,20130814,0.019,0.019,0.019,0.019,100000
PMV,20130814,7.76,7.77,7.61,7.7,276044
PNA,20130814,2.18,2.2,2.12,2.14,2333988
PNN,20130814,0.022,0.022,0.022,0.022,368000
PNR,20130814,0.12,0.12,0.115,0.115,50974
POH,20130814,0.105,0.105,0.105,0.105,9000
POK,20130814,0.12,0.12,0.12,0.12,30000
POS,20130814,0.115,0.115,0.105,0.105,209759
POZ,20130814,0.013,0.013,0.012,0.013,315000
PPC,20130814,1.245,1.245,1.18,1.18,131644
PPG,20130814,0.47,0.47,0.47,0.47,3000
PPM,20130814,5.65,5.65,5.56,5.62,106500
PPP,20130814,0.1,0.105,0.1,0.105,75000
PPS,20130814,0.085,0.085,0.085,0.085,24350
PPT,20130814,40,40.12,39.6,40.06,117632
PPX,20130814,0.055,0.058,0.055,0.057,1410828
PRG,20130814,2.45,2.48,2.42,2.46,200220
PRL,20130814,0.092,0.105,0.09,0.105,2492799
PRO,20130814,0.455,0.46,0.43,0.43,171718
PRR,20130814,0.091,0.091,0.087,0.089,8082755
PRT,20130814,1.1,1.11,1.09,1.095,169110
PRU,20130814,0.58,0.58,0.555,0.57,2574450
PRW,20130814,0.001,0.001,0.001,0.001,500000
PRY,20130814,5.29,5.33,5.11,5.14,2180267
PSA,20130814,0.105,0.11,0.1,0.11,27500
PSH,20130814,0.085,0.088,0.085,0.088,16000
PSP,20130814,0.007,0.009,0.007,0.007,148151
PTL,20130814,0.025,0.027,0.025,0.027,1188359
PTM,20130814,6.33,6.33,6.17,6.26,708401
PTS,20130814,0.052,0.052,0.05,0.05,234400
PUN,20130814,0.14,0.14,0.14,0.14,10000
PVA,20130814,3.8,3.8,3.8,3.8,744
PVD,20130814,0.59,0.595,0.59,0.595,13005
PVE,20130814,0.115,0.115,0.115,0.115,15000
PVM,20130814,0.39,0.39,0.39,0.39,13413
PWN,20130814,0.165,0.165,0.15,0.15,70500
PXG,20130814,0.175,0.18,0.175,0.18,55000
PXS,20130814,0.16,0.16,0.155,0.155,1409804
PYC,20130814,0.019,0.019,0.018,0.018,1020000
PZC,20130814,0.042,0.05,0.042,0.05,181119
QAG,20130814,10.66,10.66,10.66,10.66,100
QAN,20130814,1.265,1.275,1.215,1.225,11498806
QAU,20130814,13.7,13.7,13.66,13.66,769
QBE,20130814,17.35,17.53,17.3,17.49,5287657
QBL,20130814,0.008,0.008,0.008,0.008,1887996
QFN,20130814,10.44,10.44,10.44,10.44,51
QFX,20130814,0.016,0.017,0.016,0.017,181250
QHL,20130814,0.265,0.265,0.26,0.26,349894
QOZ,20130814,11.59,11.59,11.57,11.58,9165
QPN,20130814,0.003,0.003,0.003,0.003,2000000
QRE,20130814,5.57,5.57,5.56,5.56,5000
QRX,20130814,1.15,1.25,1.15,1.23,530395
QUB,20130814,1.78,1.795,1.75,1.775,1006044
QUR,20130814,0.001,0.001,0.001,0.001,1237925
RAU,20130814,0.009,0.009,0.007,0.007,298850
RCB,20130814,20.5,20.58,20.49,20.58,73008
RCG,20130814,0.58,0.58,0.58,0.58,38473
RCO,20130814,0.405,0.405,0.38,0.38,52500
RCR,20130814,2.6,2.7,2.6,2.63,2262288
RCT,20130814,2.5,2.5,2.44,2.5,6786
RCU,20130814,0.44,0.44,0.43,0.43,9645
RDF,20130814,1.245,1.245,1.23,1.23,22000
RDH,20130814,0.445,0.445,0.44,0.445,67240
RDM,20130814,0.093,0.093,0.093,0.093,10000
RDR,20130814,0.05,0.05,0.048,0.05,750826
RDV,20130814,28.38,28.41,28.3,28.3,5208
REA,20130814,33.4,33.46,32,32.52,277757
REH,20130814,24.49,24.53,24.36,24.53,40152
RES,20130814,0.265,0.265,0.255,0.255,242437
REX,20130814,1.2,1.2,1.18,1.2,41602
REY,20130814,0.055,0.055,0.053,0.053,360000
RFE,20130814,0.435,0.435,0.425,0.43,1061112
RFG,20130814,4.1,4.1,4.01,4.03,227941
RFL,20130814,0.19,0.19,0.19,0.19,403612
RFX,20130814,0.099,0.11,0.099,0.11,70441
RHC,20130814,35.87,36,35.57,35.97,378346
RHG,20130814,0.48,0.485,0.48,0.485,584209
RHL,20130814,3.35,3.35,3.33,3.35,23512
RIA,20130814,0.024,0.025,0.023,0.024,2227998
RIC,20130814,0.83,0.84,0.815,0.83,53644
RIO,20130814,62,62.25,61.63,61.93,5942509
RKN,20130814,2.45,2.47,2.4,2.42,177938
RLC,20130814,0.05,0.05,0.05,0.05,145000
RMD,20130814,5.41,5.44,5.34,5.34,4075278
RMR,20130814,0.001,0.001,0.001,0.001,4500000
RMS,20130814,0.15,0.15,0.14,0.14,627085
RMX,20130814,0.011,0.011,0.01,0.01,13063132
RNI,20130814,0.095,0.095,0.084,0.084,113500
RNS,20130814,0.055,0.055,0.055,0.055,25000
RNY,20130814,0.315,0.315,0.315,0.315,689000
ROC,20130814,0.52,0.53,0.515,0.52,456415
ROL,20130814,0.24,0.24,0.23,0.235,219580
ROY,20130814,0.037,0.037,0.037,0.037,48666
RQL,20130814,0.165,0.17,0.16,0.17,28500
RRE,20130814,0.025,0.025,0.025,0.025,25000
RRL,20130814,3.61,3.72,3.59,3.72,6897467
RRS,20130814,0.04,0.04,0.04,0.04,568537
RSG,20130814,0.79,0.83,0.785,0.795,2721522
RSL,20130814,0.031,0.031,0.031,0.031,101471
RSM,20130814,20.43,20.45,20.43,20.43,40365
RUL,20130814,0.52,0.52,0.52,0.52,20800
RUM,20130814,0.12,0.12,0.12,0.12,161538
RVA,20130814,0.615,0.62,0.6,0.62,31300
RVL,20130814,31.71,31.71,31.66,31.66,1626
RWD,20130814,0.195,0.195,0.19,0.19,12000
RWH,20130814,3,3.28,3,3.28,157121
RXL,20130814,0.053,0.056,0.053,0.054,14647244
RXM,20130814,0.585,0.59,0.575,0.58,208801
RXP,20130814,0.62,0.62,0.62,0.62,46519
SAI,20130814,3.91,4.09,3.9,4.04,1431335
SAR,20130814,0.215,0.235,0.212,0.22,12325133
SBM,20130814,0.56,0.565,0.54,0.56,2786861
SCD,20130814,0.9,0.9,0.9,0.9,25000
SCI,20130814,0.074,0.075,0.074,0.075,65000
SCP,20130814,1.58,1.6,1.58,1.595,1341861
SDF,20130814,1.43,1.45,1.43,1.44,1161096
SDG,20130814,1.465,1.465,1.44,1.45,43571
SDI,20130814,0.77,0.78,0.755,0.78,10400
SDL,20130814,0.087,0.087,0.082,0.084,6285414
SDM,20130814,0.67,0.685,0.667,0.67,141444
SEA,20130814,1.05,1.055,1.01,1.035,584192
SEH,20130814,0.165,0.165,0.16,0.16,1715743
SEK,20130814,9.46,9.49,9.28,9.29,1634855
SEN,20130814,0.011,0.011,0.011,0.011,1131000
SER,20130814,0.036,0.04,0.036,0.036,783916
SFC,20130814,4.85,4.85,4.85,4.85,177
SFH,20130814,0.85,0.86,0.85,0.86,10100
SFR,20130814,6.08,6.16,5.9,6.07,674430
SFW,20130814,0.705,0.715,0.705,0.715,153641
SFX,20130814,0.35,0.36,0.35,0.36,20000
SFY,20130814,52,52,51.45,51.55,17668
SFZ,20130814,0.045,0.045,0.045,0.045,74111
SGH,20130814,3.05,3.07,2.98,3.02,259622
SGM,20130814,9.41,9.53,9.2,9.31,1526653
SGN,20130814,1.5,1.545,1.47,1.505,1354677
SGP,20130814,3.7,3.7,3.62,3.64,12826429
SGQ,20130814,0.1,0.11,0.1,0.11,35000
SGT,20130814,3.33,3.35,3.25,3.28,1547971
SGY,20130814,0.02,0.02,0.018,0.02,1610000
SGZ,20130814,0.013,0.013,0.013,0.013,350000
SHE,20130814,0.025,0.028,0.025,0.026,1073398
SHH,20130814,0.185,0.185,0.185,0.185,26000
SHJ,20130814,1.745,1.75,1.745,1.75,12911
SHL,20130814,14.6,14.69,14.48,14.54,1710890
SHR,20130814,1.45,1.45,1.45,1.45,2500
SHV,20130814,3.78,3.9,3.75,3.83,98329
SIP,20130814,0.66,0.66,0.645,0.655,1932041
SIR,20130814,2.83,2.83,2.72,2.81,1102419
SIT,20130814,0.12,0.12,0.12,0.12,500000
SIV,20130814,8.47,8.53,8.35,8.52,22557
SKC,20130814,3.42,3.49,3.42,3.44,752496
SKE,20130814,3.34,3.35,3.21,3.25,748382
SKI,20130814,1.795,1.8,1.765,1.78,2645929
SKS,20130814,0.35,0.35,0.35,0.35,15000
SKT,20130814,4.6,4.65,4.58,4.61,216227
SLF,20130814,9.41,9.45,9.35,9.39,63426
SLM,20130814,2.17,2.2,2.13,2.13,53904
SLR,20130814,0.855,0.855,0.83,0.83,2908452
SLX,20130814,2.85,2.89,2.75,2.8,66916
SMD,20130814,0.018,0.022,0.018,0.022,675000
SMI,20130814,0.08,0.08,0.08,0.08,6257
SMN,20130814,0.04,0.04,0.04,0.04,6000
SMR,20130814,0.175,0.18,0.17,0.18,140180
SMX,20130814,5.27,5.285,5.22,5.26,119838
SND,20130814,0.91,0.91,0.9,0.9,7550
SNY,20130814,0.29,0.3,0.29,0.3,102000
SNZ,20130814,2.75,2.75,2.7,2.7,17400
SOL,20130814,13.33,13.55,13.33,13.5,30335
SOM,20130814,1.06,1.15,1.06,1.15,27939
SOR,20130814,0.05,0.05,0.048,0.048,62500
SPI,20130814,0.017,0.017,0.017,0.017,110000
SPL,20130814,1,1.035,1,1.035,368898
SPN,20130814,1.175,1.175,1.155,1.17,3245464
SPS,20130814,0.009,0.009,0.008,0.008,300000
SPZ,20130814,0.15,0.165,0.15,0.16,162850
SRH,20130814,0.07,0.07,0.07,0.07,5000
SRI,20130814,0.074,0.075,0.074,0.074,164476
SRQ,20130814,0.014,0.015,0.013,0.013,1061581
SRR,20130814,0.005,0.005,0.005,0.005,748140
SRV,20130814,3.51,3.53,3.5,3.5,9521
SRX,20130814,13.04,13.2,12.62,13,134065
SRZ,20130814,0.055,0.055,0.055,0.055,303653
SSM,20130814,0.17,0.185,0.165,0.165,615277
SSN,20130814,0.033,0.034,0.033,0.034,771000
SST,20130814,27.75,27.75,27.75,27.75,45
STB,20130814,0.2,0.2,0.195,0.195,42000
STE,20130814,0.035,0.035,0.031,0.031,230000
STO,20130814,14.2,14.24,14.01,14.11,2708764
STS,20130814,0.35,0.35,0.35,0.35,1043
STW,20130814,48.42,48.48,48.14,48.25,130594
STX,20130814,0.098,0.099,0.096,0.097,179657
SUD,20130814,0.029,0.03,0.028,0.03,1043500
SUL,20130814,12.75,12.9,12.74,12.88,250647
SUM,20130814,0.145,0.155,0.145,0.155,36666
SUN,20130814,12.55,12.6,12.43,12.46,4040193
SUR,20130814,0.038,0.038,0.037,0.038,1078050
SVL,20130814,0.021,0.021,0.021,0.021,385640
SVM,20130814,0.13,0.135,0.13,0.13,59750
SVW,20130814,7.85,7.87,7.65,7.73,393434
SWE,20130814,0.25,0.25,0.23,0.235,1405866
SWJ,20130814,0.12,0.12,0.12,0.12,20000
SWK,20130814,0.31,0.31,0.31,0.31,51000
SWL,20130814,1.25,1.25,1.25,1.25,109
SWM,20130814,2.43,2.46,2.43,2.46,1695547
SXE,20130814,1.01,1.01,1.01,1.01,15000
SXG,20130814,0.016,0.023,0.016,0.021,1755873
SXI,20130814,0.018,0.018,0.018,0.018,80000
SXL,20130814,1.515,1.625,1.515,1.6,5954326
SXT,20130814,0.11,0.12,0.11,0.11,100726
SXY,20130814,0.725,0.727,0.71,0.71,1730338
SYA,20130814,0.01,0.01,0.009,0.009,564391
SYI,20130814,29.26,29.3,29.22,29.25,3813
SYR,20130814,2.09,2.09,1.95,2,208188
TAH,20130814,3.18,3.22,3.16,3.19,5541404
TAM,20130814,0.06,0.06,0.06,0.06,102000
TAN,20130814,0.49,0.49,0.49,0.49,10995
TAP,20130814,0.53,0.53,0.51,0.515,188990
TAS,20130814,0.083,0.083,0.077,0.081,200000
TBR,20130814,1.72,1.72,1.62,1.62,22148
TCL,20130814,6.94,6.95,6.89,6.9,3653868
TCM,20130814,0.089,0.089,0.088,0.088,100000
TCN,20130814,0.045,0.045,0.045,0.045,215000
TDO,20130814,0.09,0.09,0.09,0.09,26000
TDX,20130814,0.002,0.002,0.001,0.002,1326885
TEG,20130814,0.012,0.012,0.011,0.011,467877
TEL,20130814,2.02,2.03,1.995,2.01,2742523
TEN,20130814,0.295,0.295,0.285,0.295,5713746
TEX,20130814,0.068,0.068,0.067,0.067,55000
TFC,20130814,0.45,0.46,0.45,0.46,38970
TGA,20130814,2.18,2.19,2.165,2.19,159460
TGG,20130814,1.23,1.25,1.23,1.235,365825
TGR,20130814,2.5,2.585,2.46,2.56,121735
TGS,20130814,0.235,0.235,0.225,0.23,1205425
TGZ,20130814,0.58,0.58,0.565,0.565,243398
THR,20130814,0.006,0.006,0.005,0.005,1046078
THX,20130814,0.031,0.031,0.03,0.03,43112
TIG,20130814,0.205,0.205,0.205,0.205,61700
TIS,20130814,0.27,0.275,0.265,0.27,271096
TIX,20130814,2.07,2.07,2.06,2.06,227599
TLG,20130814,0.069,0.069,0.068,0.068,34500
TLM,20130814,0.105,0.105,0.105,0.105,37000
TLS,20130814,5.13,5.135,5.1,5.12,31913086
TLU,20130814,0.1,0.1,0.099,0.099,54800
TME,20130814,4.28,4.32,4.235,4.28,636951
TMX,20130814,0.007,0.007,0.007,0.007,50000
TNE,20130814,2.09,2.11,2.07,2.1,79641
TNG,20130814,0.038,0.039,0.037,0.038,704738
TNP,20130814,0.009,0.009,0.009,0.009,1575000
TNR,20130814,0.003,0.003,0.003,0.003,5000
TOE,20130814,0.091,0.091,0.087,0.087,507775
TOL,20130814,5.23,5.29,5.18,5.26,2447369
TOX,20130814,3.2,3.24,3,3.13,614635
TPC,20130814,0.068,0.068,0.068,0.068,29800
TPD,20130814,0.036,0.04,0.036,0.04,42725
TPI,20130814,0.885,0.9,0.875,0.88,2811371
TPM,20130814,3.7,3.7,3.66,3.67,942217
TPP,20130814,0.054,0.055,0.054,0.055,90000
TPR,20130814,0.085,0.085,0.085,0.085,83813
TPT,20130814,0.255,0.285,0.255,0.27,870241
TRF,20130814,0.105,0.105,0.105,0.105,7943
TRG,20130814,7.45,7.67,7.45,7.66,26459
TRS,20130814,17.54,17.74,17.28,17.64,104516
TRY,20130814,1.51,1.57,1.47,1.57,1137324
TSE,20130814,0.93,0.93,0.885,0.895,1999279
TSM,20130814,0.375,0.385,0.375,0.38,58000
TSN,20130814,0.004,0.004,0.004,0.004,11376618
TTE,20130814,0.008,0.008,0.007,0.007,782784
TTN,20130814,2.34,2.44,2.3,2.43,522871
TTS,20130814,3.11,3.2,3.105,3.2,4730148
TUC,20130814,0.03,0.03,0.03,0.03,250000
TWD,20130814,2.7,2.7,2.7,2.7,2120
TWE,20130814,4.97,5.04,4.97,5.01,2176060
TWR,20130814,1.5,1.5,1.5,1.5,9380
TZL,20130814,0.125,0.125,0.125,0.125,51000
TZN,20130814,0.022,0.022,0.022,0.022,266271
UBI,20130814,0.71,0.72,0.71,0.72,13000
UEQ,20130814,0.032,0.032,0.032,0.032,33400
UGL,20130814,7.48,7.52,7.12,7.22,1189413
UML,20130814,0.075,0.075,0.072,0.073,208053
UNS,20130814,0.505,0.51,0.49,0.505,1054399
UNV,20130814,0.082,0.082,0.07,0.073,210258
UNX,20130814,0.047,0.047,0.042,0.042,1399864
UOS,20130814,0.58,0.58,0.58,0.58,22000
URF,20130814,1.8,1.8,1.8,1.8,5495
USD,20130814,10.87,10.9,10.87,10.89,304087
UUL,20130814,0.04,0.04,0.04,0.04,82848
UXC,20130814,1.19,1.2,1.15,1.185,251243
VAF,20130814,48.6,48.6,48.51,48.51,749
VAH,20130814,0.42,0.42,0.405,0.42,4393414
VAP,20130814,59.45,59.54,58.98,59.19,13751
VAS,20130814,65.91,66.1,65.62,65.75,10822
VBP,20130814,6.55,6.55,6.55,6.55,10000
VEC,20130814,0.014,0.016,0.014,0.016,224000
VEI,20130814,0.85,0.86,0.85,0.85,184852
VEU,20130814,52.26,52.48,52.04,52.48,53744
VGB,20130814,46.99,46.99,46.99,46.99,52
VHY,20130814,63.2,63.2,62.88,62.88,5815
VIC,20130814,0.015,0.016,0.015,0.015,275000
VIE,20130814,0.3,0.3,0.3,0.3,39189
VLA,20130814,0.32,0.33,0.315,0.315,180772
VLW,20130814,1.495,1.55,1.495,1.505,229532
VMC,20130814,0.08,0.08,0.08,0.08,50000
VMG,20130814,0.019,0.02,0.019,0.019,379369
VMS,20130814,0.205,0.205,0.19,0.2,228000
VMT,20130814,0.023,0.023,0.022,0.022,2446035
VOC,20130814,2.15,2.21,2.15,2.21,67521
VOR,20130814,0.007,0.007,0.007,0.007,500000
VRL,20130814,6.15,6.37,6.15,6.23,244948
VRT,20130814,6.95,7,6.84,6.89,171192
VSO,20130814,43.84,43.84,43.84,43.84,434
VTG,20130814,0.7,0.71,0.7,0.71,64000
VTS,20130814,96.7,97.01,96.62,96.62,4950
VXR,20130814,0.011,0.011,0.011,0.011,204000
WAA,20130814,1.21,1.22,1.19,1.2,205165
WAF,20130814,0.18,0.2,0.18,0.18,581534
WAM,20130814,1.8,1.81,1.79,1.795,445437
WAS,20130814,0.009,0.009,0.008,0.008,2000000
WAT,20130814,1.1,1.1,1.1,1.1,3774
WAX,20130814,1.055,1.055,1.045,1.055,271869
WBB,20130814,5.03,5.1,5.02,5.09,22000
WBC,20130814,31.5,31.67,31.3,31.51,7801177
WCB,20130814,4.4,4.42,4.35,4.42,8659
WCL,20130814,0.19,0.195,0.19,0.195,6400
WCN,20130814,0.007,0.007,0.007,0.007,150000
WDC,20130814,11.15,11.18,10.99,11,9157225
WDR,20130814,0.63,0.635,0.62,0.625,380310
WDS,20130814,0.59,0.6,0.59,0.59,261113
WEB,20130814,4.44,4.44,4.25,4.28,77938
WEC,20130814,0.17,0.17,0.165,0.165,66371
WES,20130814,41.6,41.93,41.45,41.93,2602613
WGO,20130814,0.045,0.045,0.045,0.045,495000
WHC,20130814,2.08,2.1,2.04,2.05,1598098
WHE,20130814,0.055,0.059,0.055,0.059,24000
WHF,20130814,3.8,3.83,3.8,3.81,44039
WHN,20130814,0.016,0.016,0.015,0.016,3481484
WIC,20130814,1.09,1.09,1.07,1.075,414124
WIN,20130814,0.28,0.285,0.28,0.285,44327
WKT,20130814,0.015,0.016,0.015,0.016,829000
WLF,20130814,0.34,0.345,0.335,0.34,397130
WLR,20130814,0.006,0.006,0.006,0.006,767854
WMK,20130814,0.995,1,0.995,1,174050
WMN,20130814,0.05,0.052,0.047,0.052,50000
WOF,20130814,0.05,0.05,0.05,0.05,50000
WOR,20130814,22.37,23.38,22.03,22.65,1982268
WOW,20130814,33.39,33.69,33.39,33.61,2337924
WPG,20130814,0.035,0.036,0.034,0.034,373009
WPL,20130814,38.8,38.98,38.1,38.22,2064112
WRM,20130814,0.035,0.035,0.035,0.035,40800
WRR,20130814,0.195,0.195,0.195,0.195,30769
WRT,20130814,2.96,2.96,2.91,2.93,9157946
WSA,20130814,3.45,3.45,3.3,3.33,584616
WTF,20130814,4.9,4.91,4.76,4.83,390098
WTP,20130814,0.515,0.52,0.515,0.52,135057
WTR,20130814,0.13,0.13,0.13,0.13,360034
WWI,20130814,0.02,0.02,0.02,0.02,282997
WWM,20130814,0.07,0.07,0.07,0.07,147297
XAM,20130814,0.065,0.065,0.065,0.065,10000
XCD,20130814,0.1,0.1,0.1,0.1,148010
XRO,20130814,14.2,14.38,14.1,14.31,10339
XST,20130814,0.011,0.011,0.009,0.009,60954
YAL,20130814,0.695,0.72,0.695,0.72,12473
YBR,20130814,0.65,0.65,0.635,0.65,56671
YOW,20130814,0.175,0.175,0.175,0.175,22134
YRR,20130814,0.008,0.008,0.008,0.008,100000
YTC,20130814,0.205,0.22,0.205,0.22,166782
ZGL,20130814,0.23,0.23,0.23,0.23,55000
ZIM,20130814,8.27,8.27,8.27,8.27,450
ZNC,20130814,0.1,0.14,0.1,0.14,210400
ZRL,20130814,0.001,0.001,0.001,0.001,50000
ZYL,20130814,0.01,0.01,0.01,0.01,204000
XAF,20130814,5261.9,5273.8,5250.3,5264.2,0
XAO,20130814,5141.6,5151.6,5126.7,5141,0
XAT,20130814,5114.9,5125.5,5100.4,5114.8,0
XDJ,20130814,1701.6,1719.1,1701.6,1719.1,0
XEC,20130814,1127.2,1131.4,1125.9,1127.7,0
XEJ,20130814,13403.9,13486.1,13326.4,13388.2,0
XFJ,20130814,5635,5656.9,5629.6,5645.6,0
XFL,20130814,5326.2,5338.1,5314.7,5328.8,0
XGD,20130814,2634.2,2645.1,2599.2,2610.7,0
XHJ,20130814,13871.6,13875.2,13507.4,13604.1,0
XIJ,20130814,713.8,713.8,687.2,699.6,0
XJO,20130814,5157.7,5168.2,5143,5157.4,0
XJR,20130814,4121,4128.7,4089.7,4102.1,0
XKO,20130814,5114.3,5124.6,5099.8,5113.8,0
XMD,20130814,4104.6,4109.9,4067.4,4083.9,0
XMJ,20130814,9881.3,9907.1,9807.4,9837.9,0
XMM,20130814,3295,3302.6,3267,3274.8,0
XNJ,20130814,3760.9,3778.8,3733.1,3749.2,0
XPJ,20130814,1024.1,1024.6,1012.2,1014.3,0
XSJ,20130814,9848.8,9948,9848.8,9939.9,0
XSO,20130814,2183.2,2191.5,2174.3,2182.2,0
XTJ,20130814,1766.9,1770.5,1762,1767.2,0
XTL,20130814,3254.3,3261.8,3248.1,3256.8,0
XTO,20130814,4274.6,4282.8,4262.6,4274.2,0
XUJ,20130814,5398,5419.6,5365.7,5392.7,0
XXJ,20130814,6606.9,6640.7,6606.9,6632.3,0
