AAA,20130626,50.21,50.21,50.19,50.21,16325
AAC,20130626,1.14,1.17,1.13,1.13,154995
AAD,20130626,1.705,1.705,1.675,1.69,1840191
AAI,20130626,8.4,8.4,8.4,8.4,110
AAJ,20130626,0.032,0.032,0.032,0.032,9720
AAL,20130626,0.004,0.004,0.004,0.004,150000
AAP,20130626,0.012,0.012,0.012,0.012,250000
AAR,20130626,0.003,0.004,0.003,0.003,1985139
AAU,20130626,0.07,0.07,0.07,0.07,5000
AAX,20130626,1.99,2.03,1.835,1.88,902141
ABC,20130626,3.3,3.38,3.27,3.36,2355099
ABN,20130626,0.011,0.011,0.01,0.011,1100000
ABP,20130626,2.28,2.34,2.27,2.28,526409
ABQ,20130626,0.019,0.019,0.019,0.019,40444
ABU,20130626,0.025,0.027,0.024,0.024,3838101
ABW,20130626,1.045,1.045,1.045,1.045,1312
ABY,20130626,0.385,0.4,0.385,0.39,104230
ACB,20130626,0.045,0.045,0.045,0.045,228442
ACG,20130626,0.07,0.07,0.07,0.07,125000
ACK,20130626,0.165,0.165,0.165,0.165,25111
ACL,20130626,0.31,0.325,0.31,0.325,80832
ACR,20130626,3.41,3.6,3.41,3.6,1718611
ACS,20130626,0.2,0.225,0.2,0.225,48700
ADJ,20130626,0.039,0.04,0.039,0.04,53300
ADN,20130626,0.09,0.091,0.081,0.091,324030
ADO,20130626,0.059,0.063,0.057,0.06,1412562
ADQ,20130626,0.014,0.014,0.014,0.014,550000
ADX,20130626,0.012,0.013,0.012,0.013,60139
ADY,20130626,0.018,0.019,0.018,0.019,209500
AEB,20130626,0.175,0.19,0.175,0.19,11000
AEE,20130626,0.071,0.074,0.071,0.074,43334
AEJ,20130626,8,8.25,8,8.2,147
AEK,20130626,0.036,0.036,0.036,0.036,53750
AEM,20130626,0.02,0.02,0.019,0.019,1303550
AEU,20130626,1.39,1.39,1.32,1.375,158075
AFA,20130626,0.2,0.2,0.195,0.2,37746
AFI,20130626,5.34,5.47,5.34,5.36,258053
AFR,20130626,0.068,0.07,0.068,0.069,150399
AGD,20130626,0.11,0.11,0.11,0.11,4214
AGE,20130626,0.025,0.025,0.025,0.025,110000
AGF,20130626,0.63,0.64,0.63,0.64,205835
AGG,20130626,2.9,2.99,2.81,2.81,12453
AGI,20130626,3.75,3.98,3.73,3.98,328060
AGK,20130626,14.4,14.5,14.22,14.28,1550418
AGO,20130626,0.72,0.735,0.7,0.705,16184931
AGS,20130626,0.095,0.097,0.095,0.095,179657
AGX,20130626,0.014,0.023,0.014,0.02,24800
AHD,20130626,8.27,8.3,8.04,8.24,34132
AHE,20130626,3.12,3.22,3.12,3.2,375189
AHZ,20130626,0.048,0.052,0.048,0.049,7345352
AIA,20130626,2.48,2.48,2.48,2.48,727865
AIB,20130626,1.01,1.015,1.01,1.015,1434
AIO,20130626,4.88,5.08,4.825,4.93,11632781
AIQ,20130626,0.32,0.32,0.315,0.32,207251
AIR,20130626,0.16,0.16,0.16,0.16,4924568
AIV,20130626,0.015,0.015,0.015,0.015,1265195
AIW,20130626,0.013,0.013,0.013,0.013,420000
AIX,20130626,0.005,0.006,0.005,0.006,80159746
AIZ,20130626,1.2,1.2,1.16,1.17,10590
AJA,20130626,2.99,3.03,2.99,3,236842
AJC,20130626,0.008,0.008,0.007,0.008,2783164
AJD,20130626,1.09,1.09,1.09,1.09,3409
AJL,20130626,1.18,1.21,1.18,1.2,77043
AJM,20130626,0.088,0.088,0.088,0.088,9090
AJQ,20130626,0.2,0.205,0.185,0.2,558750
AJX,20130626,0.12,0.12,0.12,0.12,60000
AKA,20130626,0.08,0.08,0.08,0.08,119000
AKK,20130626,0.015,0.015,0.014,0.014,5016708
AKM,20130626,0.038,0.038,0.035,0.035,625000
AKP,20130626,2.2,2.2,2.2,2.2,2500
AKY,20130626,81.11,81.11,81.11,81.11,540
ALF,20130626,1.43,1.435,1.41,1.43,409796
ALK,20130626,0.29,0.295,0.265,0.275,788720
ALL,20130626,4.06,4.23,4.06,4.2,983680
ALQ,20130626,9.33,9.73,9.33,9.45,1386646
ALR,20130626,1.205,1.24,1.205,1.24,31500
ALT,20130626,0.02,0.02,0.02,0.02,290400
ALU,20130626,1.36,1.41,1.36,1.36,49658
ALY,20130626,0.036,0.036,0.035,0.035,74334
ALZ,20130626,3.27,3.36,3.24,3.31,616913
AMA,20130626,0.265,0.275,0.265,0.27,97930
AMB,20130626,0.16,0.16,0.16,0.16,10000
AMC,20130626,10.07,10.125,9.98,10.09,5895115
AMH,20130626,0.865,0.865,0.85,0.85,55000
AMM,20130626,1.805,1.91,1.79,1.86,1283951
AMP,20130626,4.34,4.43,4.33,4.35,19891561
AMX,20130626,0.14,0.15,0.135,0.15,270851
ANG,20130626,3.35,3.43,3.35,3.36,152020
ANN,20130626,18.43,18.67,18.22,18.38,543683
ANP,20130626,0.011,0.011,0.01,0.011,11660414
ANQ,20130626,0.008,0.009,0.008,0.009,274382
ANW,20130626,0.005,0.005,0.005,0.005,176568
ANZ,20130626,27.66,28.05,27.61,27.84,10690183
AOH,20130626,0.125,0.13,0.125,0.13,313110
AOK,20130626,0.125,0.13,0.125,0.125,294761
AOM,20130626,0.012,0.015,0.012,0.015,560350
APA,20130626,5.95,6.02,5.94,5.98,2722295
APE,20130626,4,4.02,3.98,4,5446
APG,20130626,0.015,0.015,0.013,0.013,1174746
API,20130626,0.445,0.45,0.445,0.45,248891
APN,20130626,0.245,0.285,0.245,0.285,731218
APZ,20130626,0.165,0.17,0.165,0.165,621787
AQA,20130626,1.735,1.83,1.705,1.765,610233
AQC,20130626,0.012,0.013,0.011,0.012,1142600
AQD,20130626,0.01,0.01,0.01,0.01,179400
AQG,20130626,2.32,2.33,2.23,2.29,503081
AQO,20130626,0.145,0.15,0.145,0.15,395000
AQP,20130626,0.635,0.64,0.61,0.625,591708
AQQ,20130626,0.032,0.032,0.032,0.032,168415
ARA,20130626,0.27,0.275,0.26,0.26,78608
ARD,20130626,0.036,0.04,0.036,0.04,113700
ARE,20130626,0.021,0.021,0.021,0.021,124000
ARF,20130626,1.025,1.03,1.02,1.025,209222
ARG,20130626,6.35,6.44,6.35,6.44,211435
ARH,20130626,0.022,0.025,0.022,0.025,455308
ARI,20130626,0.725,0.745,0.71,0.725,8329192
ARM,20130626,0.052,0.052,0.052,0.052,2365
ARP,20130626,11.42,11.45,11.33,11.39,157084
ARU,20130626,0.065,0.073,0.065,0.07,985440
ARV,20130626,0.008,0.008,0.008,0.008,300000
ARW,20130626,0.007,0.007,0.007,0.007,520000
ARX,20130626,0.003,0.003,0.002,0.002,619016
ASB,20130626,0.765,0.775,0.755,0.76,319928
ASL,20130626,0.925,0.967,0.907,0.915,5698811
ASW,20130626,0.65,0.65,0.65,0.65,1467
ASX,20130626,32.32,32.74,32.185,32.7,835126
ASZ,20130626,0.32,0.33,0.32,0.325,291263
ATI,20130626,0.25,0.25,0.25,0.25,5000
ATN,20130626,0.002,0.002,0.002,0.002,245347
ATP,20130626,0.043,0.043,0.043,0.043,264814
ATU,20130626,0.66,0.66,0.66,0.66,18425
AUB,20130626,10.94,11.01,10.88,11,24069
AUC,20130626,0.014,0.015,0.014,0.015,208045
AUF,20130626,0.96,0.965,0.96,0.96,113855
AUI,20130626,6.6,6.77,6.6,6.75,31679
AUK,20130626,0.013,0.013,0.013,0.013,1106000
AUP,20130626,5.28,5.28,5.28,5.28,1550
AUQ,20130626,0.042,0.049,0.042,0.049,75682
AUT,20130626,2.73,2.85,2.73,2.81,2842096
AUZ,20130626,0.007,0.008,0.007,0.007,812000
AVA,20130626,0.105,0.105,0.1,0.1,53809
AVB,20130626,0.055,0.06,0.055,0.055,1091953
AVG,20130626,0.48,0.48,0.475,0.48,69550
AVH,20130626,0.135,0.155,0.135,0.15,2482159
AVI,20130626,0.013,0.013,0.012,0.012,830692
AVJ,20130626,0.45,0.455,0.44,0.445,5679
AVK,20130626,0.016,0.016,0.016,0.016,15000
AVQ,20130626,0.011,0.012,0.011,0.011,4740299
AVX,20130626,0.016,0.016,0.015,0.015,1614022
AVZ,20130626,0.006,0.006,0.006,0.006,1200000
AWC,20130626,0.945,0.965,0.935,0.96,8136913
AWD,20130626,0.006,0.007,0.005,0.006,76649463
AWE,20130626,1.16,1.185,1.135,1.16,2834758
AWK,20130626,0.31,0.31,0.29,0.305,47864
AWV,20130626,0.023,0.023,0.02,0.02,370250
AXC,20130626,0.001,0.001,0.001,0.001,2700000
AXE,20130626,0.13,0.13,0.13,0.13,59000
AXI,20130626,0.031,0.031,0.031,0.031,280209
AXT,20130626,0.022,0.022,0.022,0.022,115000
AXZ,20130626,1.05,1.1,1.05,1.1,23000
AYA,20130626,0.45,0.45,0.45,0.45,5882
AYF,20130626,6.36,6.36,6.36,6.36,16025
AYI,20130626,0.002,0.002,0.002,0.002,10000
AYM,20130626,0.008,0.008,0.008,0.008,29472
AZH,20130626,0.225,0.25,0.205,0.23,3977971
AZJ,20130626,4.05,4.1,4.02,4.07,5599013
AZK,20130626,0.035,0.044,0.035,0.044,237042
AZM,20130626,0.025,0.028,0.025,0.025,1101345
AZS,20130626,0.071,0.071,0.05,0.051,38381224
AZV,20130626,0.065,0.065,0.064,0.065,318628
AZY,20130626,0.04,0.04,0.038,0.038,150000
AZZ,20130626,0.58,0.58,0.465,0.48,13794290
BAB,20130626,0.023,0.023,0.023,0.023,243300
BAR,20130626,0.01,0.01,0.01,0.01,300000
BAS,20130626,0.007,0.007,0.007,0.007,1003000
BAU,20130626,0.11,0.11,0.11,0.11,19800
BBG,20130626,0.195,0.2,0.167,0.18,23661934
BBR,20130626,0.28,0.285,0.28,0.285,70000
BBX,20130626,0.01,0.01,0.01,0.01,63000
BCC,20130626,0.035,0.036,0.034,0.034,5528163
BCD,20130626,0.024,0.024,0.024,0.024,23
BCI,20130626,3.15,3.15,3.13,3.13,122402
BCN,20130626,0.003,0.003,0.003,0.003,91630
BCT,20130626,0.19,0.19,0.16,0.16,9300
BDI,20130626,0.001,0.001,0.001,0.001,805532
BDM,20130626,0.034,0.034,0.034,0.034,40000
BDR,20130626,0.53,0.565,0.515,0.53,5146750
BEAR,20130626,21.13,21.13,20.88,20.94,158105
BEN,20130626,9.87,10.065,9.84,9.99,794668
BFE,20130626,0.006,0.006,0.006,0.006,3325997
BFG,20130626,0.49,0.495,0.49,0.495,15000
BGA,20130626,2.65,2.65,2.6,2.64,41856
BGD,20130626,0.023,0.023,0.023,0.023,44000
BGL,20130626,0.595,0.62,0.59,0.61,356347
BGS,20130626,0.018,0.019,0.017,0.017,8146600
BHP,20130626,31.22,31.72,31.15,31.62,12974481
BKI,20130626,1.345,1.36,1.335,1.36,325431
BKL,20130626,26.51,26.6,26.5,26.5,7880
BKN,20130626,4.28,4.6,4.28,4.47,1705087
BKP,20130626,0.004,0.004,0.003,0.004,2788000
BKW,20130626,12.52,12.76,12.34,12.62,82457
BKY,20130626,0.21,0.23,0.2,0.22,237757
BLD,20130626,4.19,4.39,4.19,4.27,6047960
BLG,20130626,0.165,0.165,0.165,0.165,5000
BLR,20130626,0.009,0.01,0.009,0.009,2020385
BLT,20130626,0.015,0.016,0.014,0.014,1512435
BLY,20130626,0.68,0.72,0.68,0.68,4629347
BMB,20130626,0.063,0.063,0.06,0.06,125000
BMG,20130626,0.007,0.007,0.006,0.007,1050909
BML,20130626,0.007,0.007,0.007,0.007,375000
BMN,20130626,0.06,0.065,0.058,0.063,181349
BND,20130626,0.105,0.105,0.097,0.097,2108072
BNE,20130626,0.001,0.001,0.001,0.001,364064
BNO,20130626,0.32,0.335,0.32,0.33,70955
BNR,20130626,0.018,0.018,0.018,0.018,60539
BOA,20130626,0.31,0.31,0.3,0.3,4310
BOC,20130626,0.45,0.45,0.45,0.45,15500
BOE,20130626,0.007,0.007,0.007,0.007,7400
BOL,20130626,0.07,0.088,0.069,0.081,10924184
BOQ,20130626,8.55,8.64,8.5,8.57,1178754
BPA,20130626,3.61,3.61,3.61,3.61,20
BPG,20130626,0.003,0.003,0.003,0.003,166667
BPH,20130626,0.008,0.008,0.007,0.007,1000000
BPL,20130626,0.042,0.042,0.042,0.042,10000
BPT,20130626,1.15,1.165,1.107,1.115,9110745
BRC,20130626,0.24,0.24,0.24,0.24,2000
BRG,20130626,7.07,7.2,7.06,7.11,806704
BRL,20130626,0.14,0.145,0.13,0.135,222714
BRU,20130626,1.205,1.22,1.192,1.205,1238617
BRW,20130626,0.007,0.007,0.006,0.006,124104
BSA,20130626,0.145,0.145,0.145,0.145,15000
BSE,20130626,0.37,0.37,0.355,0.37,893434
BSL,20130626,4.45,4.59,4.42,4.48,1698128
BSM,20130626,0.009,0.012,0.009,0.012,453333
BSR,20130626,0.009,0.01,0.009,0.009,657638
BTC,20130626,0.02,0.02,0.02,0.02,60000
BTN,20130626,0.012,0.018,0.011,0.017,2883365
BTR,20130626,0.24,0.245,0.225,0.235,434225
BTT,20130626,2.88,3.03,2.84,3.03,165139
BUE,20130626,0.004,0.004,0.004,0.004,301127
BUG,20130626,0.65,0.65,0.65,0.65,1381
BUL,20130626,0.045,0.045,0.043,0.043,834162
BUR,20130626,0.008,0.008,0.008,0.008,1728510
BUX,20130626,0.24,0.24,0.21,0.21,157000
BUY,20130626,0.015,0.015,0.015,0.015,771328
BVA,20130626,0.175,0.175,0.17,0.17,220000
BWD,20130626,0.046,0.05,0.046,0.05,25000
BWF,20130626,0.14,0.14,0.135,0.135,10578
BWP,20130626,2.2,2.25,2.17,2.19,1572939
BXB,20130626,8.95,9.155,8.91,9.09,6807192
BYE,20130626,0.405,0.405,0.405,0.405,60000
BYL,20130626,0.225,0.225,0.225,0.225,3464
BYR,20130626,0.009,0.01,0.009,0.009,130297
BZL,20130626,0.011,0.011,0.011,0.011,3311260
CAA,20130626,0.18,0.195,0.18,0.195,13747
CAB,20130626,4,4.1,4,4.07,263523
CAF,20130626,0.28,0.28,0.28,0.28,8383
CAJ,20130626,0.215,0.22,0.215,0.215,416729
CAM,20130626,1.02,1.03,1.02,1.03,14000
CAS,20130626,0.225,0.225,0.22,0.22,4436
CAY,20130626,0.048,0.049,0.047,0.047,391585
CAZ,20130626,0.083,0.089,0.08,0.08,152651
CBA,20130626,66.65,67.29,66.5,67.29,3892469
CBD,20130626,0.008,0.008,0.008,0.008,705603
CBP,20130626,0.03,0.03,0.025,0.025,141000
CBQ,20130626,0.01,0.01,0.01,0.01,100000
CBS,20130626,0.017,0.017,0.016,0.016,105500
CBX,20130626,0.063,0.063,0.063,0.063,25
CCC,20130626,0.036,0.037,0.035,0.035,792901
CCF,20130626,0.023,0.023,0.02,0.02,503750
CCJ,20130626,0.08,0.08,0.07,0.07,51156
CCL,20130626,12.41,12.52,12.32,12.38,1706802
CCP,20130626,9.28,9.59,9.28,9.47,131122
CCU,20130626,0.083,0.083,0.081,0.081,168426
CCV,20130626,1.05,1.06,1.025,1.055,551662
CCZ,20130626,0.034,0.034,0.034,0.034,100
CDA,20130626,1.68,1.73,1.6,1.6,1486465
CDB,20130626,0.022,0.022,0.021,0.022,548970
CDD,20130626,5.08,5.26,5.05,5.15,411372
CDG,20130626,0.1,0.105,0.099,0.099,997361
CDI,20130626,2.39,2.49,2.39,2.43,223277
CDM,20130626,1.275,1.305,1.275,1.305,93322
CDP,20130626,5.24,5.24,5.21,5.23,7103
CDU,20130626,2.33,2.43,2.29,2.33,547345
CDV,20130626,0.05,0.05,0.05,0.05,90000
CDY,20130626,0.022,0.023,0.022,0.023,1202222
CEL,20130626,0.058,0.058,0.058,0.058,43000
CFE,20130626,0.11,0.11,0.1,0.11,1749559
CFU,20130626,0.041,0.041,0.04,0.04,931528
CFX,20130626,1.925,1.965,1.915,1.93,12367075
CGF,20130626,3.91,3.99,3.89,3.94,1739213
CGH,20130626,0.28,0.305,0.28,0.3,148011
CGM,20130626,0.005,0.005,0.005,0.005,43300
CGP,20130626,0.02,0.02,0.02,0.02,811000
CGS,20130626,0.35,0.36,0.35,0.36,27900
CHC,20130626,3.53,3.74,3.52,3.73,682219
CHF,20130626,0.038,0.045,0.038,0.045,309300
CHK,20130626,0.07,0.07,0.07,0.07,20000
CHN,20130626,0.16,0.16,0.16,0.16,7397
CHR,20130626,2.7,2.7,2.7,2.7,150
CHZ,20130626,0.105,0.115,0.1,0.115,149021
CIN,20130626,20.29,20.54,20.29,20.54,3235
CIR,20130626,0.25,0.25,0.25,0.25,9200
CIX,20130626,0.285,0.29,0.285,0.29,129700
CKA,20130626,0.155,0.16,0.15,0.16,5835000
CKF,20130626,1.655,1.69,1.655,1.665,113777
CKK,20130626,0.002,0.002,0.002,0.002,100000
CLA,20130626,0.012,0.014,0.012,0.014,1772128
CLH,20130626,1.485,1.565,1.485,1.53,123203
CLO,20130626,1.08,1.08,1.07,1.08,291651
CLQ,20130626,0.09,0.09,0.09,0.09,100000
CLR,20130626,0.205,0.205,0.195,0.195,170000
CLT,20130626,0.16,0.16,0.16,0.16,4200
CLV,20130626,0.575,0.58,0.575,0.58,41300
CLX,20130626,1.66,1.7,1.66,1.7,11632
CLY,20130626,0.006,0.006,0.006,0.006,819980
CLZ,20130626,0.09,0.115,0.09,0.115,300000
CMC,20130626,0.068,0.068,0.065,0.065,216688
CMG,20130626,0.4,0.41,0.395,0.4,278461
CMT,20130626,0.15,0.15,0.15,0.15,3455
CMV,20130626,0.012,0.012,0.01,0.01,114452
CMW,20130626,0.935,0.95,0.935,0.95,2656827
CMY,20130626,0.004,0.004,0.003,0.004,5276700
CND,20130626,0.22,0.22,0.205,0.21,44693
CNI,20130626,0.815,0.82,0.815,0.815,6058
CNL,20130626,0.076,0.076,0.076,0.076,158570
CNN,20130626,0.002,0.002,0.002,0.002,1500000
CNO,20130626,0.08,0.087,0.08,0.087,109500
CNQ,20130626,0.057,0.057,0.056,0.057,161048
CNS,20130626,0.01,0.01,0.01,0.01,26882
CNU,20130626,1.925,1.945,1.92,1.92,76359
CNX,20130626,0.026,0.03,0.026,0.03,793160
COE,20130626,0.395,0.395,0.38,0.38,202239
COF,20130626,0.115,0.125,0.115,0.115,576460
COH,20130626,61.02,62.22,60.34,61.01,295040
COI,20130626,0.235,0.235,0.23,0.23,118520
COK,20130626,0.027,0.027,0.026,0.026,3735157
COO,20130626,0.175,0.175,0.165,0.165,68500
COY,20130626,0.03,0.035,0.03,0.035,1221853
COZ,20130626,0.092,0.092,0.092,0.092,18179
CPA,20130626,1.02,1.06,1.02,1.06,10531504
CPL,20130626,0.305,0.31,0.295,0.31,416437
CPU,20130626,10.5,10.76,10.45,10.51,1521594
CPZ,20130626,0.14,0.15,0.14,0.15,45240
CQC,20130626,0.07,0.07,0.07,0.07,136468
CQR,20130626,3.7,3.76,3.65,3.65,1414316
CRB,20130626,0.028,0.028,0.026,0.026,4180600
CRV,20130626,0.004,0.004,0.004,0.004,142500
CRZ,20130626,9.17,9.41,9.12,9.37,801632
CSD,20130626,0.05,0.05,0.049,0.05,130000
CSE,20130626,0.115,0.12,0.115,0.12,31428
CSL,20130626,60.62,60.98,60.08,60.51,1819305
CSP,20130626,0.17,0.17,0.17,0.17,78766
CSR,20130626,2.14,2.19,2.13,2.19,5432774
CSS,20130626,0.013,0.014,0.013,0.013,2326300
CSV,20130626,0.9,0.915,0.89,0.915,330678
CTD,20130626,4.03,4.11,4,4,56073
CTM,20130626,0.13,0.13,0.125,0.13,100945
CTN,20130626,0.945,0.98,0.94,0.98,164278
CTO,20130626,0.045,0.05,0.045,0.05,190000
CTP,20130626,0.066,0.071,0.065,0.069,2998521
CTR,20130626,0.018,0.019,0.017,0.018,7040666
CTX,20130626,19.49,19.74,19.2,19.72,1001143
CUE,20130626,0.115,0.115,0.105,0.105,375000
CUL,20130626,0.007,0.007,0.007,0.007,1300000
CUP,20130626,1.8,1.8,1.8,1.8,700
CUU,20130626,0.023,0.023,0.022,0.023,189850
CUV,20130626,1.82,1.9,1.79,1.9,48397
CVC,20130626,1,1,1,1,19000
CVE,20130626,0.007,0.007,0.007,0.007,90000
CVG,20130626,0.015,0.015,0.014,0.015,800000
CVN,20130626,0.04,0.042,0.04,0.04,1722810
CVS,20130626,0.002,0.002,0.002,0.002,225000
CVV,20130626,0.01,0.01,0.01,0.01,45000
CWE,20130626,0.03,0.03,0.029,0.029,106500
CWG,20130626,0.053,0.053,0.053,0.053,14000
CWN,20130626,11.63,12,11.59,12,1286152
CWP,20130626,5.18,5.18,5.06,5.16,20194
CXM,20130626,0.13,0.13,0.13,0.13,11400
CXO,20130626,0.027,0.027,0.027,0.027,130000
CXU,20130626,0.09,0.099,0.09,0.099,38800
CXY,20130626,0.003,0.003,0.003,0.003,380307
CYA,20130626,0.73,0.73,0.73,0.73,10000
CYC,20130626,0.16,0.16,0.155,0.155,7364
CYG,20130626,2.69,2.7,2.64,2.64,19165
CYS,20130626,0.055,0.055,0.055,0.055,38000
CYU,20130626,0.036,0.045,0.036,0.045,136226
CZA,20130626,0.195,0.195,0.19,0.195,61519
CZD,20130626,0.07,0.07,0.067,0.07,387724
CZI,20130626,0.125,0.125,0.125,0.125,15000
CZN,20130626,0.033,0.033,0.03,0.03,782277
DAU,20130626,0.03,0.03,0.03,0.03,20000
DCG,20130626,1.785,1.84,1.78,1.82,1355799
DCN,20130626,0.165,0.165,0.165,0.165,603928
DDR,20130626,0.82,0.83,0.82,0.83,12414
DDT,20130626,0.017,0.017,0.017,0.017,6200
DEG,20130626,0.006,0.007,0.006,0.007,324219
DGI,20130626,0.003,0.003,0.003,0.003,525000
DGR,20130626,0.024,0.024,0.024,0.024,1000000
DGX,20130626,0.041,0.041,0.04,0.04,100000
DIG,20130626,0.005,0.005,0.005,0.005,220000
DIS,20130626,0.05,0.05,0.05,0.05,10000
DJS,20130626,2.48,2.58,2.47,2.51,2468845
DJW,20130626,4.23,4.33,4.23,4.25,113961
DLC,20130626,0.003,0.003,0.003,0.003,434200
DLS,20130626,0.965,0.98,0.93,0.95,844007
DLX,20130626,4.15,4.2,4.13,4.15,845863
DML,20130626,0.16,0.16,0.12,0.13,7352280
DMP,20130626,10.91,11.41,10.91,11.14,198174
DNA,20130626,0.33,0.33,0.3,0.31,30000
DOW,20130626,3.4,3.54,3.36,3.5,1786300
DRA,20130626,0.14,0.155,0.13,0.155,26367
DRG,20130626,0.038,0.038,0.038,0.038,1000
DRK,20130626,0.028,0.032,0.028,0.03,1256019
DRM,20130626,0.43,0.43,0.39,0.39,324799
DRX,20130626,0.013,0.013,0.013,0.013,1126000
DSB,20130626,0.39,0.39,0.39,0.39,7028
DTE,20130626,0.069,0.069,0.064,0.068,2074285
DTL,20130626,1.065,1.095,1.06,1.095,113872
DTM,20130626,0.073,0.073,0.073,0.073,100000
DTQ,20130626,0.02,0.02,0.02,0.02,400000
DUE,20130626,2.04,2.1,2.04,2.04,3465244
DUI,20130626,2.9,2.99,2.9,2.99,32120
DVA,20130626,0.029,0.03,0.029,0.03,268000
DVN,20130626,0.67,0.73,0.67,0.675,30523
DWS,20130626,1.43,1.46,1.42,1.42,85224
DXS,20130626,1.015,1.047,1.01,1.035,11345680
DYE,20130626,0.35,0.36,0.34,0.34,498102
DYL,20130626,0.033,0.035,0.032,0.032,584726
EAF,20130626,0.007,0.007,0.007,0.007,3255000
EAL,20130626,0.53,0.53,0.52,0.52,38514
EAR,20130626,0.07,0.07,0.069,0.07,728604
EBT,20130626,1.135,1.135,1.135,1.135,1
ECQ,20130626,0.009,0.009,0.008,0.008,1000000
EDE,20130626,0.01,0.01,0.009,0.009,1000000
EEG,20130626,0.076,0.08,0.076,0.08,123332
EER,20130626,0.03,0.03,0.03,0.03,8000
EEU,20130626,14.02,14.02,14.02,14.02,710
EGG,20130626,0.335,0.35,0.335,0.35,79396
EGL,20130626,0.033,0.033,0.03,0.03,146186
EGN,20130626,0.12,0.12,0.12,0.12,941
EGO,20130626,0.011,0.012,0.011,0.011,4936223
EGP,20130626,3.02,3.08,3.02,3.05,1996789
EHL,20130626,0.27,0.285,0.265,0.265,3536669
ELD,20130626,0.074,0.076,0.068,0.068,1784660
ELK,20130626,0.17,0.17,0.165,0.17,57964
ELM,20130626,0.435,0.46,0.435,0.455,128360
ELT,20130626,0.015,0.015,0.015,0.015,14088
EMA,20130626,0.038,0.04,0.038,0.04,55773
EMG,20130626,0.01,0.01,0.01,0.01,180000
EML,20130626,0.31,0.31,0.31,0.31,48109
EMX,20130626,0.021,0.021,0.021,0.021,125000
ENB,20130626,0.01,0.01,0.01,0.01,40000
ENE,20130626,4.35,4.4,4.35,4.4,200000
ENR,20130626,0.15,0.15,0.14,0.14,27297
ENT,20130626,0.051,0.051,0.046,0.046,223545
ENV,20130626,0.95,0.98,0.95,0.98,2429827
EOS,20130626,0.125,0.13,0.12,0.12,100000
EPW,20130626,2.43,2.57,2.43,2.52,378618
EPX,20130626,1.72,1.73,1.71,1.73,49524
EPY,20130626,0.135,0.135,0.135,0.135,16
EQE,20130626,0.032,0.032,0.026,0.029,1058277
EQT,20130626,14.7,14.7,14.63,14.7,789
EQX,20130626,0.48,0.48,0.475,0.475,179184
ERA,20130626,1.12,1.15,1.115,1.15,297343
ERD,20130626,0.021,0.021,0.021,0.021,26362
ERJ,20130626,0.003,0.004,0.003,0.003,800000
ERM,20130626,0.034,0.035,0.034,0.034,124681
ERO,20130626,0.003,0.003,0.003,0.003,8000
ESI,20130626,0.009,0.009,0.008,0.009,15104506
ESM,20130626,0.025,0.025,0.025,0.025,61685
ESN,20130626,0.001,0.001,0.001,0.001,551
ESV,20130626,0.35,0.35,0.35,0.35,12864
ETE,20130626,0.028,0.029,0.027,0.028,1693226
ETF,20130626,20,20.1,20,20.1,900
EVE,20130626,0.004,0.004,0.003,0.003,200000
EVM,20130626,0.027,0.027,0.025,0.026,142332
EVN,20130626,0.56,0.6,0.53,0.56,2475126
EVR,20130626,0.5,0.545,0.455,0.465,856761
EVZ,20130626,0.045,0.045,0.045,0.045,7228
EWC,20130626,0.39,0.41,0.39,0.405,588577
EXA,20130626,0.035,0.035,0.035,0.035,25000
EXC,20130626,0.029,0.029,0.025,0.025,248726
EXE,20130626,0.013,0.014,0.013,0.014,888000
EXG,20130626,0.091,0.091,0.09,0.09,80000
EXR,20130626,0.014,0.016,0.014,0.016,84232
EZL,20130626,1,1,0.985,1,26700
FAN,20130626,1.925,1.925,1.925,1.925,1500
FAR,20130626,0.026,0.026,0.025,0.025,1787135
FAS,20130626,0.01,0.01,0.009,0.009,695000
FBU,20130626,6.92,7.09,6.9,7.08,1830148
FCN,20130626,0.01,0.01,0.01,0.01,375500
FCR,20130626,0.014,0.014,0.014,0.014,56816
FDC,20130626,2.22,2.26,2.22,2.23,7723008
FFF,20130626,0.012,0.012,0.011,0.011,356277
FGE,20130626,4.2,4.41,4.19,4.3,421708
FKP,20130626,1.15,1.205,1.15,1.205,544373
FLK,20130626,0.15,0.15,0.15,0.15,100000
FLR,20130626,0.003,0.003,0.003,0.003,10000
FLT,20130626,38.6,39.9,38.42,39.65,512678
FMG,20130626,3.05,3.09,2.99,3.03,18246759
FML,20130626,0.014,0.015,0.013,0.014,6404219
FMS,20130626,0.032,0.033,0.031,0.031,2114575
FND,20130626,0.165,0.165,0.165,0.165,50000
FNP,20130626,1.65,1.65,1.65,1.65,50686
FNT,20130626,0.007,0.007,0.007,0.007,34880
FOY,20130626,0.002,0.002,0.002,0.002,800000
FPH,20130626,2.8,2.82,2.78,2.8,27100
FPS,20130626,1.025,1.025,1.025,1.025,2700
FRC,20130626,0.039,0.039,0.039,0.039,5000
FRE,20130626,0.002,0.002,0.002,0.002,32099480
FRG,20130626,0.17,0.17,0.17,0.17,2301
FRI,20130626,1.18,1.185,1.115,1.185,185732
FSA,20130626,0.66,0.685,0.66,0.685,18003
FSE,20130626,0.007,0.007,0.006,0.006,3992850
FSF,20130626,5.99,6.1,5.9,6.05,188760
FTE,20130626,0.014,0.014,0.014,0.014,120000
FUN,20130626,0.15,0.15,0.15,0.15,340925
FWD,20130626,3.59,3.76,3.56,3.68,596321
FWL,20130626,0.022,0.022,0.022,0.022,15000
FXJ,20130626,0.47,0.49,0.465,0.48,11385681
FXL,20130626,4.35,4.47,4.33,4.47,478947
FXR,20130626,0.022,0.024,0.022,0.024,359000
FYI,20130626,0.051,0.051,0.051,0.051,25760
FZR,20130626,0.33,0.33,0.33,0.33,38749
GAP,20130626,0.25,0.25,0.24,0.24,202782
GBE,20130626,0.06,0.06,0.06,0.06,10000
GBG,20130626,0.12,0.12,0.112,0.115,2285170
GBI,20130626,0.1,0.105,0.1,0.105,25000
GBT,20130626,1.7,1.72,1.7,1.72,41079
GCN,20130626,0.007,0.007,0.007,0.007,954897
GCR,20130626,0.004,0.004,0.004,0.004,4026096
GCS,20130626,0.395,0.415,0.395,0.415,65187
GCY,20130626,0.15,0.15,0.14,0.14,124851
GDA,20130626,0.058,0.06,0.058,0.06,8500
GDO,20130626,0.125,0.125,0.12,0.12,123500
GDY,20130626,0.085,0.09,0.083,0.086,200268
GED,20130626,0.018,0.018,0.018,0.018,100000
GEM,20130626,2.48,2.5,2.39,2.4,1201603
GFF,20130626,0.725,0.745,0.717,0.73,6820889
GGG,20130626,0.225,0.26,0.22,0.255,1531242
GGP,20130626,0.001,0.002,0.001,0.002,14345000
GGX,20130626,0.034,0.034,0.031,0.033,151066
GHC,20130626,1.02,1.07,1.02,1.07,10350
GID,20130626,0.555,0.56,0.555,0.56,20142
GIP,20130626,0.008,0.009,0.008,0.008,1214450
GJT,20130626,0.66,0.66,0.66,0.66,3000
GLB,20130626,0.35,0.35,0.35,0.35,5302
GLF,20130626,0.001,0.001,0.001,0.001,900000
GLH,20130626,0.04,0.04,0.025,0.025,7164
GLL,20130626,0.11,0.11,0.11,0.11,129601
GLM,20130626,0.005,0.005,0.004,0.005,2950000
GMD,20130626,0.015,0.015,0.015,0.015,273211
GME,20130626,0.022,0.022,0.022,0.022,121045
GMG,20130626,4.69,4.81,4.66,4.7,4704340
GML,20130626,0.065,0.065,0.065,0.065,54880
GMM,20130626,0.036,0.04,0.036,0.04,113701
GMR,20130626,0.012,0.012,0.011,0.011,767371
GMX,20130626,0.015,0.015,0.015,0.015,700
GMY,20130626,1.04,1.04,1,1,31000
GNC,20130626,12.55,12.62,12.52,12.54,457713
GOA,20130626,0.001,0.001,0.001,0.001,10378216
GOLD,20130626,132.6,132.7,129.5,129.5,11562
GOR,20130626,0.036,0.044,0.036,0.044,1132090
GOZ,20130626,2.39,2.46,2.39,2.4,72048
GPG,20130626,0.375,0.375,0.375,0.375,15736
GPR,20130626,0.035,0.035,0.035,0.035,17994
GPT,20130626,3.71,3.78,3.71,3.73,6020692
GRB,20130626,0.18,0.185,0.18,0.185,486861
GRF,20130626,1.5,1.5,1.5,1.5,74740
GRK,20130626,0.001,0.001,0.001,0.001,500000
GRR,20130626,0.165,0.17,0.162,0.17,690959
GRV,20130626,0.051,0.051,0.051,0.051,412
GRY,20130626,0.135,0.142,0.125,0.13,3012521
GSE,20130626,0.005,0.005,0.005,0.005,150000
GSZ,20130626,0.015,0.015,0.015,0.015,50000
GTE,20130626,0.15,0.17,0.15,0.17,244470
GTG,20130626,0.086,0.09,0.086,0.09,195000
GUD,20130626,5.99,6.06,5.95,6.06,289954
GUF,20130626,0.12,0.12,0.11,0.11,88412
GUL,20130626,0.026,0.026,0.026,0.026,84202
GUN,20130626,0.019,0.019,0.018,0.018,66050
GWA,20130626,2.25,2.42,2.25,2.4,870614
GWR,20130626,0.14,0.14,0.14,0.14,66467
GXL,20130626,4.72,4.8,4.7,4.75,14719
HAR,20130626,0.063,0.063,0.063,0.063,180000
HAS,20130626,0.04,0.04,0.039,0.04,137986
HAV,20130626,0.24,0.24,0.24,0.24,20000
HAW,20130626,0.05,0.05,0.05,0.05,25000
HAZ,20130626,0.02,0.021,0.019,0.02,1262778
HCH,20130626,0.43,0.44,0.42,0.44,57658
HEG,20130626,0.008,0.008,0.008,0.008,589064
HFA,20130626,0.84,0.85,0.795,0.81,36167
HFR,20130626,0.36,0.36,0.36,0.36,25000
HGG,20130626,2.42,2.47,2.4,2.43,3341689
HGO,20130626,0.056,0.057,0.052,0.052,1266133
HHL,20130626,1.75,1.75,1.69,1.7,70468
HHM,20130626,0.035,0.035,0.035,0.035,439997
HHV,20130626,0.835,0.845,0.835,0.84,47500
HHY,20130626,0.37,0.375,0.37,0.37,67675
HIG,20130626,0.051,0.052,0.05,0.05,726670
HIL,20130626,0.925,0.955,0.91,0.95,164865
HIN,20130626,2.86,2.87,2.86,2.86,89376
HLX,20130626,0.03,0.03,0.03,0.03,208000
HNG,20130626,0.52,0.52,0.52,0.52,4007
HNR,20130626,0.015,0.016,0.014,0.014,719374
HOG,20130626,0.04,0.04,0.036,0.037,380000
HOM,20130626,0.915,0.925,0.915,0.925,18001
HOR,20130626,0.049,0.05,0.049,0.05,174000
HRR,20130626,0.125,0.125,0.125,0.125,125000
HSK,20130626,0.062,0.064,0.062,0.064,164922
HSN,20130626,0.9,0.905,0.9,0.9,99422
HTA,20130626,0.049,0.049,0.046,0.046,177044
HVN,20130626,2.46,2.535,2.43,2.49,1904066
HZN,20130626,0.32,0.34,0.315,0.33,5180205
IAA,20130626,44.59,44.6,44.05,44.46,3032
IAF,20130626,102.85,102.86,102.54,102.86,2588
IAG,20130626,5.47,5.59,5.47,5.51,6511221
IAU,20130626,0.215,0.225,0.21,0.22,1585668
IAW,20130626,0.081,0.081,0.072,0.081,67000
IBC,20130626,0.51,0.51,0.51,0.51,7092
IBG,20130626,0.045,0.045,0.044,0.045,82000
IBK,20130626,35.99,36.75,35.99,36.63,4788
ICG,20130626,0.02,0.023,0.02,0.02,949420
ICN,20130626,0.125,0.125,0.125,0.125,566025
ICP,20130626,0.056,0.072,0.056,0.072,111559
ICQ,20130626,0.435,0.445,0.415,0.42,20500
ICS,20130626,0.026,0.026,0.026,0.026,150334
ICX,20130626,0.1,0.1,0.1,0.1,14158
IDC,20130626,0.055,0.055,0.051,0.054,826763
IDO,20130626,0.057,0.057,0.057,0.057,44444
IDT,20130626,0.2,0.2,0.2,0.2,12520
IEC,20130626,0.092,0.092,0.09,0.09,89000
IEM,20130626,41,41,40.27,40.6,17633
IEU,20130626,41.7,41.95,40.95,41.69,42402
IFE,20130626,0.075,0.075,0.071,0.071,580595
IFL,20130626,7.07,7.32,7.07,7.32,824077
IFM,20130626,0.485,0.485,0.46,0.47,130299
IFN,20130626,0.25,0.255,0.25,0.255,587714
IGB,20130626,101.5,101.5,101.25,101.25,5006
IGO,20130626,2.5,2.62,2.48,2.54,1595114
IHD,20130626,16,16,15.64,15.79,100983
IHK,20130626,19.94,19.94,19.94,19.94,6
IIN,20130626,5.68,5.93,5.65,5.9,592594
IJH,20130626,122.8,122.8,122.7,122.7,125
IJP,20130626,11.82,11.82,11.69,11.76,9369
IJR,20130626,96.34,96.36,95.74,96.36,748
IKW,20130626,0.035,0.035,0.035,0.035,307293
ILB,20130626,99.2,99.76,99.2,99.74,145
ILC,20130626,21.57,21.71,21.55,21.61,13924
ILU,20130626,9.75,9.83,9.56,9.79,2498902
IMA,20130626,0.11,0.115,0.11,0.115,18000
IMC,20130626,0.004,0.004,0.004,0.004,10000
IMD,20130626,0.675,0.695,0.625,0.625,1183578
IMF,20130626,1.68,1.75,1.68,1.745,243385
IMU,20130626,0.004,0.004,0.004,0.004,209295
INA,20130626,0.33,0.34,0.33,0.34,1200519
INQ,20130626,0.72,0.74,0.7,0.7,70985
INT,20130626,0.001,0.001,0.001,0.001,1700000
IOF,20130626,2.78,2.86,2.78,2.83,1187733
IOG,20130626,0.135,0.14,0.135,0.14,58153
IOH,20130626,0.695,0.7,0.695,0.7,12111
IOO,20130626,73.03,76.06,71.4,71.83,46107
IOZ,20130626,20.58,20.69,20.54,20.57,22046
IPE,20130626,0.415,0.415,0.405,0.405,7500
IPL,20130626,2.82,2.9,2.82,2.85,5528895
IPP,20130626,0.745,0.745,0.745,0.745,5625
IRC,20130626,0.059,0.059,0.059,0.059,97225
IRD,20130626,0.16,0.165,0.16,0.165,100000
IRE,20130626,7.56,7.64,7.51,7.51,365671
IRG,20130626,0.002,0.002,0.002,0.002,28293
IRI,20130626,1.01,1.045,0.995,1.02,99012
IRL,20130626,0.002,0.002,0.002,0.002,50000
IRM,20130626,0.024,0.024,0.024,0.024,15000
IRN,20130626,0.255,0.255,0.235,0.255,213736
IRU,20130626,103.27,103.27,102.85,103.14,336
ISG,20130626,13.88,13.88,13.82,13.82,750
ISK,20130626,0.002,0.003,0.002,0.003,1028948
ISN,20130626,0.365,0.385,0.36,0.36,954655
ISO,20130626,3.54,3.54,3.53,3.53,7909
ISS,20130626,0.32,0.32,0.32,0.32,248250
ISU,20130626,1.535,1.58,1.53,1.56,1930537
ITD,20130626,0.28,0.3,0.28,0.3,250000
ITT,20130626,0.005,0.005,0.005,0.005,7000
ITW,20130626,13.71,13.71,13.71,13.71,10
IVA,20130626,0.2,0.205,0.2,0.205,1387377
IVC,20130626,10.9,11.33,10.9,11.16,258904
IVE,20130626,62.01,62.62,62.01,62.25,2775
IVR,20130626,0.14,0.14,0.135,0.135,461417
IVT,20130626,0.012,0.012,0.012,0.012,100000
IVV,20130626,173,173,172.5,172.6,20137
IVX,20130626,0.03,0.03,0.03,0.03,13736
IXI,20130626,85.19,85.35,85.1,85.1,1439
IXJ,20130626,79,79.49,79,79.01,1237
IXP,20130626,63.3,63.3,63.3,63.3,22
IXR,20130626,0.057,0.057,0.057,0.057,100000
IZM,20130626,0.004,0.004,0.004,0.004,350000
IZZ,20130626,34.1,34.5,33.55,34.3,32045
JAL,20130626,0.22,0.22,0.22,0.22,19000
JBH,20130626,15.33,16.15,15.33,15.85,724363
JET,20130626,0.355,0.355,0.33,0.33,27850
JHX,20130626,8.95,9.39,8.95,9.33,1216543
JIN,20130626,1.64,1.68,1.59,1.62,53427
JKA,20130626,0.079,0.079,0.07,0.07,1221647
JMB,20130626,0.012,0.012,0.012,0.012,32583
JMS,20130626,0.067,0.07,0.067,0.068,106783
JPR,20130626,0.55,0.55,0.55,0.55,10000
JRL,20130626,0.185,0.185,0.185,0.185,1633
JRV,20130626,0.02,0.02,0.02,0.02,13001
KAB,20130626,0.004,0.005,0.003,0.004,511679
KAM,20130626,0.4,0.4,0.38,0.38,15000
KAR,20130626,5.02,5.16,4.94,5,381537
KAS,20130626,0.088,0.105,0.087,0.095,512440
KBC,20130626,0.14,0.14,0.14,0.14,30715
KBL,20130626,0.05,0.051,0.05,0.05,445123
KCN,20130626,1.35,1.445,1.29,1.34,3047184
KDL,20130626,0.28,0.28,0.25,0.255,28500
KDR,20130626,0.185,0.19,0.18,0.185,376832
KEY,20130626,0.007,0.007,0.006,0.007,1318013
KFE,20130626,0.088,0.1,0.088,0.1,290121
KGD,20130626,0.09,0.09,0.09,0.09,567892
KGM,20130626,0.07,0.07,0.07,0.07,33326
KIK,20130626,0.001,0.001,0.001,0.001,5500000
KKL,20130626,0.006,0.007,0.006,0.007,33897
KKO,20130626,0.175,0.19,0.175,0.19,22443
KKT,20130626,0.027,0.027,0.027,0.027,100000
KMD,20130626,2.02,2.15,2.02,2.12,253141
KNL,20130626,0.077,0.079,0.07,0.07,249663
KOR,20130626,0.038,0.038,0.033,0.037,144982
KOV,20130626,5.72,5.72,5.72,5.72,2000
KPL,20130626,0.36,0.36,0.36,0.36,6744
KPR,20130626,0.08,0.081,0.08,0.081,217687
KRB,20130626,0.056,0.057,0.056,0.057,19000
KRC,20130626,0.035,0.035,0.035,0.035,1000
KRL,20130626,0.022,0.022,0.022,0.022,20000
KRM,20130626,0.305,0.317,0.29,0.295,1563942
KSC,20130626,1.5,1.6,1.5,1.6,92233
KTA,20130626,0.05,0.05,0.05,0.05,10000
LAU,20130626,0.175,0.175,0.175,0.175,2000
LBT,20130626,0.075,0.075,0.075,0.075,40000
LBY,20130626,0.048,0.048,0.048,0.048,3000
LCM,20130626,1.23,1.24,1.225,1.225,16364
LCR,20130626,0.008,0.008,0.008,0.008,200000
LCT,20130626,0.042,0.042,0.042,0.042,40000
LCY,20130626,0.052,0.054,0.048,0.05,186816
LEG,20130626,0.009,0.009,0.009,0.009,61191
LEI,20130626,15.63,15.82,15.51,15.75,2690787
LEP,20130626,2.5,2.65,2.49,2.61,232492
LER,20130626,0.058,0.058,0.058,0.058,13726
LGD,20130626,0.215,0.235,0.21,0.225,269972
LGM,20130626,0.012,0.012,0.012,0.012,225000
LIC,20130626,0.72,0.72,0.72,0.72,2375
LKO,20130626,0.004,0.004,0.004,0.004,1376500
LLC,20130626,8.3,8.5,8.28,8.4,2493168
LMB,20130626,0.075,0.075,0.075,0.075,31000
LML,20130626,0.048,0.049,0.048,0.048,50000
LNC,20130626,0.86,0.95,0.86,0.91,10328431
LNG,20130626,0.145,0.145,0.145,0.145,178000
LNR,20130626,0.155,0.155,0.145,0.145,822166
LNY,20130626,0.018,0.026,0.018,0.026,14515
LOM,20130626,0.006,0.007,0.005,0.005,3852040
LRG,20130626,0.21,0.215,0.205,0.205,68194
LRL,20130626,0.165,0.165,0.165,0.165,114000
LSA,20130626,0.155,0.155,0.145,0.145,43878
LSR,20130626,0.014,0.015,0.014,0.015,100000
LSX,20130626,0.535,0.55,0.52,0.53,33027
LTN,20130626,0.074,0.078,0.073,0.078,17937300
LTX,20130626,0.02,0.02,0.02,0.02,12000
LYC,20130626,0.39,0.395,0.37,0.375,16165523
LYL,20130626,4.27,4.35,4.27,4.27,5370
MAB,20130626,0.3,0.31,0.27,0.31,82500
MAD,20130626,0.33,0.36,0.33,0.355,1351835
MAH,20130626,0.115,0.125,0.112,0.12,10900393
MAK,20130626,0.094,0.095,0.092,0.095,358628
MAQ,20130626,7.4,7.5,7.31,7.32,152754
MAR,20130626,0.005,0.005,0.005,0.005,200000
MAT,20130626,0.28,0.33,0.28,0.32,213084
MAU,20130626,0.09,0.09,0.085,0.085,24444
MBC,20130626,0.27,0.29,0.27,0.27,26086
MBE,20130626,0.022,0.022,0.021,0.021,1845714
MBK,20130626,0.014,0.02,0.014,0.02,300000
MBN,20130626,0.11,0.11,0.093,0.095,10530061
MBO,20130626,0.065,0.065,0.065,0.065,220681
MCE,20130626,0.74,0.755,0.74,0.75,49339
MCP,20130626,1.2,1.28,1.2,1.24,296021
MCR,20130626,0.465,0.48,0.465,0.47,284989
MCX,20130626,0.063,0.063,0.063,0.063,100556
MDI,20130626,0.07,0.07,0.07,0.07,49306
MDL,20130626,1.98,2.12,1.855,1.985,255961
MDS,20130626,0.001,0.001,0.001,0.001,4812670
MDV,20130626,0.001,0.002,0.001,0.002,500000
MED,20130626,0.145,0.145,0.145,0.145,29250
MEL,20130626,0.054,0.055,0.053,0.053,391242
MEO,20130626,0.058,0.058,0.053,0.057,1641702
MEP,20130626,0.12,0.12,0.12,0.12,50000
MEU,20130626,0.025,0.025,0.024,0.024,450000
MEY,20130626,0.004,0.004,0.004,0.004,133000
MFF,20130626,1.32,1.345,1.315,1.34,383251
MFG,20130626,9.56,9.95,9.42,9.95,337579
MGL,20130626,0.02,0.02,0.02,0.02,400243
MGR,20130626,1.54,1.565,1.53,1.545,9885980
MGV,20130626,0.055,0.057,0.052,0.052,559309
MGX,20130626,0.42,0.437,0.415,0.43,4645841
MHM,20130626,0.1,0.105,0.1,0.1,361600
MIN,20130626,8.14,8.49,8.13,8.22,775021
MIO,20130626,1.74,1.745,1.705,1.725,98040
MIR,20130626,2.18,2.33,2.18,2.33,96815
MIX,20130626,0.16,0.16,0.16,0.16,4600
MIZ,20130626,0.01,0.01,0.009,0.009,148354
MKB,20130626,0.039,0.04,0.039,0.04,265000
MKO,20130626,0.016,0.016,0.016,0.016,25000
MLA,20130626,0.017,0.017,0.016,0.016,100000
MLB,20130626,2.14,2.18,2.14,2.18,64743
MLD,20130626,1.765,1.86,1.76,1.82,562819
MLI,20130626,0.075,0.076,0.075,0.076,52000
MLM,20130626,0.105,0.105,0.105,0.105,30000
MLS,20130626,0.013,0.013,0.013,0.013,330000
MLT,20130626,18,18.2,17.96,18.1,35073
MLX,20130626,0.11,0.11,0.105,0.105,448397
MMC,20130626,0.028,0.03,0.026,0.026,728428
MML,20130626,1.56,1.57,1.427,1.485,3755328
MMR,20130626,0.038,0.038,0.038,0.038,87071
MMS,20130626,15.82,16.39,15.71,16.27,123380
MMX,20130626,0.04,0.04,0.04,0.04,257850
MNC,20130626,0.013,0.017,0.013,0.013,5577858
MND,20130626,16.45,17.17,16.45,16.68,769761
MNE,20130626,0.018,0.018,0.017,0.018,287428
MNF,20130626,1.235,1.235,1.205,1.235,9414
MNM,20130626,0.027,0.029,0.027,0.029,21000
MNW,20130626,0.018,0.018,0.018,0.018,25000
MNY,20130626,0.79,0.79,0.785,0.79,22819
MOC,20130626,2.06,2.13,2.06,2.12,43044
MOD,20130626,0.031,0.031,0.031,0.031,160500
MOL,20130626,0.11,0.145,0.11,0.12,682976
MOO,20130626,0.005,0.005,0.005,0.005,25000
MOU,20130626,0.007,0.007,0.007,0.007,79000
MOX,20130626,0.038,0.038,0.038,0.038,65789
MOY,20130626,0.013,0.013,0.012,0.012,5660586
MOZ,20130626,0.004,0.004,0.004,0.004,50000
MPJ,20130626,0.005,0.005,0.004,0.004,2158388
MPO,20130626,0.21,0.23,0.21,0.22,1281266
MPS,20130626,0.068,0.069,0.068,0.069,90000
MQA,20130626,1.935,1.965,1.935,1.95,1551551
MQG,20130626,40.98,42.37,40.7,41.74,1812000
MRM,20130626,3.47,3.63,3.47,3.55,504580
MRP,20130626,0.115,0.155,0.115,0.15,749328
MRQ,20130626,0.19,0.19,0.19,0.19,50000
MRX,20130626,0.004,0.005,0.004,0.005,87775
MRY,20130626,0.03,0.03,0.03,0.03,9740
MSB,20130626,5.36,5.49,5.36,5.42,393638
MSI,20130626,0.006,0.006,0.006,0.006,50000
MSP,20130626,0.004,0.004,0.004,0.004,157144
MSR,20130626,0.052,0.055,0.05,0.051,229660
MTB,20130626,0.001,0.001,0.001,0.001,1387550
MTH,20130626,0.02,0.02,0.019,0.019,390302
MTN,20130626,0.025,0.025,0.025,0.025,2000
MTS,20130626,3.7,3.74,3.65,3.65,7382543
MTU,20130626,5.47,5.61,5.47,5.5,704772
MUE,20130626,0.03,0.03,0.026,0.026,205000
MUX,20130626,0.057,0.057,0.057,0.057,15000
MVP,20130626,1.31,1.31,1.31,1.31,5000
MVT,20130626,0.095,0.095,0.095,0.095,10000
MWR,20130626,0.88,0.88,0.88,0.88,691
MXI,20130626,0.97,0.98,0.95,0.95,161767
MXQ,20130626,0.36,0.365,0.355,0.365,313888
MXR,20130626,0.002,0.002,0.002,0.002,48000
MYE,20130626,0.75,0.76,0.715,0.725,38953
MYG,20130626,0.03,0.032,0.03,0.031,592000
MYR,20130626,2.27,2.33,2.25,2.26,6535370
MYS,20130626,4.18,4.2,4.18,4.18,7346
MYT,20130626,1.88,1.915,1.88,1.915,5043
MYX,20130626,0.415,0.44,0.415,0.44,1725530
MZI,20130626,0.015,0.015,0.014,0.015,195000
MZM,20130626,0.09,0.09,0.09,0.09,3000
NAB,20130626,29,29.35,28.9,29.23,5640876
NAE,20130626,0.027,0.027,0.027,0.027,450000
NAG,20130626,0.018,0.02,0.018,0.02,500000
NAM,20130626,0.26,0.26,0.26,0.26,70440
NAN,20130626,0.6,0.605,0.585,0.585,516936
NCK,20130626,2,2,2,2,6500
NCM,20130626,9.31,9.63,9.14,9.31,9088788
NCO,20130626,0.01,0.01,0.01,0.01,220475
NCR,20130626,0.065,0.065,0.059,0.065,1123010
NDO,20130626,0.022,0.023,0.022,0.022,3507823
NEA,20130626,0.28,0.28,0.265,0.265,2593357
NEN,20130626,0.21,0.225,0.205,0.21,1579829
NEU,20130626,0.073,0.074,0.067,0.069,5016807
NFE,20130626,0.12,0.125,0.11,0.11,831788
NFK,20130626,0.45,0.45,0.45,0.45,2400
NGE,20130626,0.014,0.014,0.01,0.013,1061652
NGF,20130626,0.13,0.13,0.13,0.13,6000
NGY,20130626,0.032,0.032,0.032,0.032,5770
NHC,20130626,3.65,3.68,3.6,3.68,325067
NHF,20130626,2.07,2.12,2.06,2.1,636648
NHO,20130626,0.023,0.023,0.023,0.023,30000
NIU,20130626,0.008,0.008,0.008,0.008,100552
NKP,20130626,0.046,0.047,0.046,0.047,194263
NLS,20130626,0.003,0.003,0.002,0.003,700000
NMG,20130626,0.009,0.009,0.008,0.009,3649654
NMI,20130626,0.005,0.005,0.005,0.005,30096
NML,20130626,0.045,0.045,0.045,0.045,12500
NMS,20130626,0.032,0.032,0.032,0.032,8500
NNC,20130626,16.8,16.8,16.47,16.49,1988343
NOD,20130626,0.049,0.05,0.049,0.05,399211
NRR,20130626,0.019,0.019,0.019,0.019,25000
NRT,20130626,0.2,0.23,0.2,0.21,804096
NRU,20130626,0.008,0.008,0.008,0.008,3732400
NSE,20130626,0.105,0.12,0.105,0.115,321708
NSL,20130626,0.021,0.021,0.02,0.02,83700
NSP,20130626,0.041,0.041,0.041,0.041,149447
NST,20130626,0.59,0.6,0.54,0.565,3695112
NTC,20130626,0.245,0.25,0.245,0.25,227779
NTM,20130626,0.036,0.038,0.036,0.038,26000
NTU,20130626,0.12,0.13,0.105,0.11,81500
NUF,20130626,4.57,4.73,4.57,4.7,630588
NVG,20130626,0.016,0.017,0.016,0.016,425000
NVI,20130626,0.095,0.095,0.095,0.095,10000
NVT,20130626,5.64,5.86,5.61,5.73,602253
NWE,20130626,0.019,0.019,0.019,0.019,55000
NWH,20130626,0.87,0.91,0.85,0.855,2680043
NWR,20130626,0.04,0.041,0.04,0.041,53666
NWS,20130626,29.95,30.58,29.95,30.47,1329189
NWT,20130626,0.335,0.345,0.335,0.34,461399
NXM,20130626,0.065,0.065,0.065,0.065,9757
NXS,20130626,0.086,0.087,0.083,0.084,4545610
NXT,20130626,2.61,2.63,2.55,2.6,452089
NZO,20130626,0.69,0.69,0.69,0.69,4763
OBJ,20130626,0.011,0.011,0.011,0.011,910761
OBL,20130626,0.011,0.012,0.011,0.012,237000
OBS,20130626,0.125,0.125,0.12,0.12,263165
ODY,20130626,0.009,0.009,0.009,0.009,150000
OEC,20130626,0.16,0.165,0.16,0.165,907011
OEL,20130626,0.069,0.07,0.069,0.07,104562
OEX,20130626,0.053,0.053,0.051,0.051,368082
OGC,20130626,1.22,1.265,1.1,1.135,1240224
OGH,20130626,0.015,0.017,0.015,0.017,46800
OGL,20130626,0.028,0.028,0.028,0.028,30000
OGX,20130626,0.125,0.125,0.12,0.12,72166
OGY,20130626,0.016,0.016,0.015,0.015,71500
OIL,20130626,0.073,0.073,0.073,0.073,20000
OKN,20130626,1.12,1.175,1.12,1.175,30533
OMH,20130626,0.33,0.345,0.33,0.34,382326
ONC,20130626,0.165,0.165,0.165,0.165,1500
OPG,20130626,0.11,0.11,0.11,0.11,1581
ORD,20130626,0.006,0.006,0.006,0.006,270833
ORE,20130626,1.365,1.465,1.365,1.42,116796
ORG,20130626,12.29,12.51,12.17,12.24,2516923
ORI,20130626,20.07,20.54,19.995,20.38,1873417
ORL,20130626,6.75,6.95,6.6,6.95,33177
ORO,20130626,0.001,0.001,0.001,0.001,3442433
ORR,20130626,0.11,0.11,0.11,0.11,110000
ORS,20130626,0.09,0.09,0.085,0.086,140680
OSH,20130626,7.71,7.78,7.645,7.73,4226336
OSL,20130626,0.041,0.041,0.04,0.041,434247
OSP,20130626,0.5,0.52,0.45,0.45,26030
OTC,20130626,0.055,0.055,0.052,0.054,88200
OTE,20130626,0.001,0.001,0.001,0.001,106463
OTH,20130626,0.365,0.375,0.365,0.365,85866
OVL,20130626,0.01,0.01,0.01,0.01,334
OVR,20130626,0.008,0.008,0.008,0.008,87000
OXX,20130626,0.195,0.195,0.195,0.195,8000
OZF,20130626,17.73,17.88,17.73,17.77,2319
OZG,20130626,0.155,0.16,0.155,0.16,818569
OZL,20130626,4.02,4.16,4.02,4.08,1782184
OZR,20130626,8.59,8.59,8.59,8.59,601
PAB,20130626,0.025,0.025,0.025,0.025,2842303
PAG,20130626,0.81,0.825,0.81,0.825,89295
PAN,20130626,0.205,0.23,0.2,0.2,841913
PBD,20130626,0.009,0.009,0.009,0.009,85700
PBG,20130626,0.67,0.7,0.67,0.69,1684832
PBP,20130626,0.28,0.28,0.27,0.28,40798
PBT,20130626,0.235,0.245,0.235,0.245,276041
PCL,20130626,0.048,0.049,0.048,0.048,2192545
PDI,20130626,0.018,0.018,0.017,0.017,118000
PDN,20130626,0.89,0.91,0.775,0.82,11489985
PDY,20130626,0.002,0.002,0.002,0.002,33903248
PDZ,20130626,0.32,0.32,0.285,0.285,29233
PEK,20130626,0.14,0.145,0.13,0.14,124200
PEL,20130626,0.008,0.008,0.006,0.006,161901
PEM,20130626,0.115,0.115,0.11,0.11,276687
PEN,20130626,0.023,0.023,0.021,0.023,9746668
PEX,20130626,0.32,0.36,0.32,0.32,86235
PFG,20130626,0.1,0.1,0.1,0.1,300526
PFL,20130626,1.5,1.51,1.485,1.5,135761
PGC,20130626,0.275,0.275,0.275,0.275,92555
PGI,20130626,0.08,0.083,0.071,0.072,2214898
PGL,20130626,0.23,0.23,0.23,0.23,17180
PGM,20130626,0.018,0.022,0.018,0.022,304240
PGS,20130626,0.019,0.019,0.018,0.018,367900
PHA,20130626,0.048,0.048,0.048,0.048,20296
PHG,20130626,0.08,0.08,0.08,0.08,25000
PHK,20130626,0.045,0.045,0.044,0.044,51408
PIO,20130626,0.015,0.017,0.014,0.014,436500
PIR,20130626,0.665,0.71,0.64,0.65,7539364
PKO,20130626,0.012,0.012,0.012,0.012,459086
PLV,20130626,0.052,0.052,0.05,0.051,534431
PLY,20130626,0.16,0.16,0.16,0.16,3200
PMC,20130626,1.405,1.41,1.375,1.405,167281
PME,20130626,0.41,0.41,0.41,0.41,1200
PMP,20130626,0.255,0.26,0.255,0.26,160930
PMV,20130626,6.4,6.51,6.35,6.47,417757
PNA,20130626,1.845,1.895,1.82,1.835,2363510
PNL,20130626,0.06,0.06,0.06,0.06,150000
PNN,20130626,0.021,0.021,0.02,0.02,60000
PNO,20130626,0.001,0.001,0.001,0.001,9009841
PNR,20130626,0.115,0.115,0.1,0.1,42481
PNX,20130626,0.045,0.045,0.045,0.045,250000
POH,20130626,0.125,0.125,0.125,0.125,66384
POK,20130626,0.14,0.165,0.13,0.165,48250
POS,20130626,0.13,0.13,0.12,0.12,246896
POU,20130626,16.59,16.59,16.59,16.59,120
POZ,20130626,0.012,0.012,0.011,0.011,225341
PPC,20130626,1.06,1.06,1.06,1.06,10480
PPK,20130626,0.45,0.45,0.44,0.44,47897
PPM,20130626,4.48,4.5,4.48,4.5,15950
PPP,20130626,0.105,0.105,0.1,0.1,108658
PPS,20130626,0.061,0.061,0.061,0.061,291541
PPT,20130626,35.1,36.5,35.1,35.39,274459
PPX,20130626,0.047,0.053,0.047,0.047,440601
PPY,20130626,0.011,0.011,0.011,0.011,10000
PRA,20130626,0.023,0.023,0.023,0.023,299900
PRG,20130626,2.32,2.34,2.305,2.32,535024
PRL,20130626,0.084,0.085,0.084,0.085,181764
PRO,20130626,0.32,0.32,0.32,0.32,24000
PRR,20130626,0.069,0.071,0.068,0.068,2233211
PRT,20130626,0.995,1.045,0.995,1,51210
PRU,20130626,0.505,0.55,0.445,0.475,11989778
PRW,20130626,0.001,0.001,0.001,0.001,18450000
PRY,20130626,4.56,4.71,4.56,4.63,3023125
PSA,20130626,0.12,0.125,0.12,0.12,94840
PSF,20130626,0.016,0.016,0.016,0.016,140000
PSH,20130626,0.065,0.065,0.061,0.061,44118
PSP,20130626,0.01,0.01,0.01,0.01,25000
PSY,20130626,0.005,0.005,0.004,0.004,100000
PTL,20130626,0.013,0.014,0.013,0.014,1437696
PTM,20130626,5.32,5.485,5.32,5.45,986959
PTR,20130626,0.022,0.022,0.019,0.019,117000
PTS,20130626,0.047,0.047,0.047,0.047,121350
PVA,20130626,3.98,3.98,3.98,3.98,762
PVD,20130626,0.415,0.43,0.415,0.43,47031
PVE,20130626,0.1,0.1,0.1,0.1,36389
PVM,20130626,0.335,0.335,0.335,0.335,132280
PWN,20130626,0.095,0.095,0.095,0.095,45744
PXG,20130626,0.12,0.12,0.11,0.11,663084
PXS,20130626,0.14,0.15,0.14,0.145,786285
PXT,20130626,0.14,0.145,0.14,0.145,76732
PYC,20130626,0.018,0.018,0.018,0.018,802500
PYM,20130626,0.013,0.015,0.013,0.015,465000
QAG,20130626,12.1,12.1,12.1,12.1,71
QAN,20130626,1.275,1.315,1.275,1.29,6198487
QAU,20130626,13.14,13.14,12.89,12.89,1600
QBE,20130626,15.5,15.7,15.36,15.37,8064518
QFN,20130626,9.66,9.67,9.66,9.67,28551
QFX,20130626,0.017,0.017,0.017,0.017,1000000
QHL,20130626,0.14,0.14,0.14,0.14,25000
QMN,20130626,0.019,0.019,0.018,0.018,22524
QNL,20130626,0.003,0.003,0.003,0.003,1270
QRE,20130626,4.87,4.87,4.83,4.83,7000
QRL,20130626,0.014,0.014,0.011,0.011,374500
QTG,20130626,0.009,0.009,0.009,0.009,94000
QUB,20130626,1.6,1.675,1.6,1.675,737664
RAD,20130626,0.038,0.038,0.037,0.037,223050
RAU,20130626,0.008,0.008,0.007,0.007,1138464
RBR,20130626,0.01,0.01,0.01,0.01,2483840
RCB,20130626,20.27,20.27,20.27,20.27,1282
RCF,20130626,0.019,0.019,0.018,0.018,38461
RCG,20130626,0.54,0.57,0.54,0.57,104780
RCO,20130626,0.37,0.38,0.36,0.37,68500
RCP,20130626,0.004,0.004,0.004,0.004,1145000
RCR,20130626,2.2,2.28,2.2,2.23,400814
RCT,20130626,2.55,2.55,2.51,2.54,2221
RCU,20130626,0.385,0.385,0.38,0.38,29417
RDF,20130626,1.065,1.09,1.065,1.09,3510
RDH,20130626,0.21,0.21,0.21,0.21,10000
RDM,20130626,0.074,0.074,0.073,0.073,81856
RDR,20130626,0.034,0.037,0.033,0.037,1311247
RDS,20130626,0.068,0.068,0.065,0.065,52836
RDV,20130626,26.12,26.25,26.12,26.19,13482
REA,20130626,26.24,27,26.24,27,385972
REF,20130626,0.022,0.022,0.022,0.022,25365
REH,20130626,23.4,23.8,23.4,23.8,1095
RER,20130626,0.02,0.02,0.02,0.02,156667
RES,20130626,0.19,0.19,0.18,0.19,137969
REX,20130626,1.12,1.145,1.12,1.14,51593
REY,20130626,0.052,0.053,0.052,0.053,446100
RFE,20130626,0.465,0.51,0.465,0.485,218405
RFG,20130626,3.83,3.89,3.81,3.88,73556
RFL,20130626,0.17,0.17,0.17,0.17,65574
RFX,20130626,0.04,0.04,0.036,0.04,96631
RGU,20130626,0.012,0.012,0.012,0.012,75000
RHC,20130626,34.63,35.57,34.475,35.46,323808
RHG,20130626,0.38,0.39,0.38,0.39,452802
RHL,20130626,3.17,3.18,3.08,3.09,7843
RHT,20130626,0.012,0.012,0.012,0.012,90000
RIA,20130626,0.027,0.027,0.026,0.027,2432887
RIC,20130626,0.79,0.79,0.715,0.76,178797
RIE,20130626,0.022,0.022,0.022,0.022,501
RIO,20130626,51.19,51.91,51.175,51.9,3285983
RKN,20130626,2.51,2.54,2.5,2.54,37913
RMD,20130626,5.1,5.11,5.05,5.05,3166647
RMP,20130626,0.048,0.048,0.048,0.048,59829
RMR,20130626,0.001,0.001,0.001,0.001,2826000
RMS,20130626,0.115,0.12,0.1,0.1,3325771
RMX,20130626,0.007,0.007,0.007,0.007,130000
RNC,20130626,0.195,0.195,0.19,0.19,4410
RNI,20130626,0.055,0.055,0.054,0.055,313250
RNS,20130626,0.053,0.053,0.053,0.053,21000
RNY,20130626,0.285,0.29,0.285,0.285,530000
ROC,20130626,0.425,0.45,0.42,0.42,1336780
ROG,20130626,0.002,0.002,0.001,0.001,1700300
ROL,20130626,0.215,0.22,0.215,0.22,43318
ROY,20130626,0.032,0.035,0.032,0.035,291332
RQL,20130626,0.13,0.13,0.13,0.13,180969
RRE,20130626,0.03,0.03,0.03,0.03,56700
RRL,20130626,3.05,3.15,2.995,3,3461188
RRS,20130626,0.046,0.046,0.046,0.046,238961
RSG,20130626,0.605,0.635,0.58,0.605,3516022
RSM,20130626,20.23,20.23,20.23,20.23,865
RTR,20130626,0.023,0.024,0.02,0.024,345050
RUB,20130626,0.005,0.008,0.005,0.008,235000
RUL,20130626,0.43,0.43,0.43,0.43,20000
RUM,20130626,0.11,0.12,0.11,0.12,171013
RVA,20130626,0.545,0.545,0.545,0.545,4997
RVY,20130626,0.022,0.022,0.021,0.021,140000
RWD,20130626,0.215,0.22,0.21,0.21,106200
RWH,20130626,2.79,2.79,2.79,2.79,1781
RXL,20130626,0.031,0.032,0.03,0.031,1417611
RXM,20130626,0.32,0.325,0.29,0.29,312472
RXP,20130626,0.68,0.69,0.68,0.68,155100
RYG,20130626,0.012,0.014,0.012,0.012,124408
SAI,20130626,3.55,3.63,3.52,3.59,548889
SAR,20130626,0.13,0.135,0.12,0.13,4903326
SAU,20130626,0.015,0.015,0.013,0.015,262705
SAV,20130626,0.023,0.023,0.023,0.023,150000
SAY,20130626,0.025,0.025,0.025,0.025,11112
SBL,20130626,0.003,0.004,0.003,0.004,1561438
SBM,20130626,0.43,0.44,0.375,0.4,4877372
SBN,20130626,0.004,0.004,0.004,0.004,400000
SBR,20130626,0.093,0.094,0.093,0.093,202400
SCC,20130626,0.39,0.39,0.39,0.39,6180
SCD,20130626,0.45,0.45,0.45,0.45,4000
SCP,20130626,1.54,1.57,1.53,1.54,1685498
SDG,20130626,1.36,1.36,1.36,1.36,53165
SDI,20130626,0.5,0.5,0.49,0.5,55162
SDL,20130626,0.072,0.077,0.071,0.072,23041969
SDM,20130626,0.54,0.545,0.515,0.52,727909
SEA,20130626,0.81,0.835,0.81,0.82,1440418
SEG,20130626,0.002,0.002,0.002,0.002,1399460
SEH,20130626,0.1,0.105,0.1,0.1,2530341
SEK,20130626,8.76,9.09,8.76,9,1440155
SEN,20130626,0.01,0.011,0.01,0.011,192040
SEO,20130626,0.007,0.008,0.007,0.007,343478
SER,20130626,0.024,0.024,0.02,0.02,703000
SFH,20130626,0.76,0.78,0.755,0.77,59594
SFR,20130626,5.16,5.32,5.11,5.2,683129
SFW,20130626,0.57,0.6,0.57,0.57,234333
SFX,20130626,0.325,0.34,0.325,0.335,272106
SFY,20130626,47.08,47.39,47.01,47.16,13108
SFZ,20130626,0.042,0.042,0.042,0.042,31144
SGH,20130626,2.76,2.8,2.75,2.76,571920
SGM,20130626,8.26,8.86,8.26,8.54,622288
SGN,20130626,1.36,1.392,1.36,1.385,563412
SGP,20130626,3.42,3.47,3.395,3.43,8080893
SGQ,20130626,0.095,0.1,0.095,0.1,20000
SGT,20130626,3.02,3.11,3.02,3.07,1245863
SGU,20130626,0.006,0.006,0.006,0.006,14000
SGY,20130626,0.013,0.013,0.013,0.013,45636
SGZ,20130626,0.015,0.015,0.015,0.015,425247
SHD,20130626,0.06,0.064,0.06,0.061,168750
SHE,20130626,0.012,0.012,0.011,0.011,186600
SHJ,20130626,1.46,1.5,1.46,1.49,52306
SHK,20130626,0.004,0.004,0.004,0.004,10638
SHL,20130626,14.89,15.3,14.83,14.92,1090013
SHV,20130626,3.2,3.2,3.17,3.19,46733
SIH,20130626,0.073,0.075,0.071,0.075,55000
SIP,20130626,0.755,0.77,0.75,0.77,2358781
SIR,20130626,1.9,1.945,1.85,1.9,2795290
SIT,20130626,0.12,0.12,0.12,0.12,6642
SIV,20130626,7.06,7.08,6.87,6.95,9933
SIX,20130626,0.017,0.017,0.017,0.017,8000
SKC,20130626,3.6,3.65,3.56,3.64,381357
SKE,20130626,2.71,2.73,2.56,2.58,858407
SKI,20130626,1.69,1.71,1.665,1.695,9060639
SKT,20130626,4.4,4.48,4.4,4.48,797665
SLE,20130626,0.027,0.027,0.027,0.027,7873
SLF,20130626,9.05,9.2,9.05,9.14,62577
SLM,20130626,1.91,1.92,1.905,1.92,27280
SLR,20130626,0.585,0.625,0.55,0.555,8385319
SLT,20130626,0.02,0.02,0.02,0.02,9992
SLX,20130626,2.17,2.27,2.16,2.19,174650
SMA,20130626,0.005,0.005,0.005,0.005,260642
SMD,20130626,0.022,0.022,0.019,0.019,335172
SMI,20130626,0.055,0.055,0.054,0.054,95808
SMN,20130626,0.024,0.024,0.024,0.024,91666
SMR,20130626,0.13,0.13,0.13,0.13,134500
SMX,20130626,4.36,4.44,4.36,4.4,217899
SND,20130626,0.725,0.725,0.72,0.72,25840
SNL,20130626,1.3,1.3,1.3,1.3,10000
SOL,20130626,13.3,13.3,13.05,13.1,56676
SOM,20130626,0.87,0.91,0.87,0.91,5921
SOO,20130626,0.015,0.015,0.015,0.015,25000
SOP,20130626,0.05,0.05,0.05,0.05,135
SPI,20130626,0.013,0.013,0.012,0.012,154509
SPL,20130626,0.78,0.84,0.78,0.84,114297
SPN,20130626,1.12,1.145,1.12,1.14,7546145
SPS,20130626,0.008,0.011,0.008,0.01,630000
SRI,20130626,0.059,0.06,0.059,0.059,279494
SRK,20130626,0.043,0.043,0.043,0.043,11855
SRM,20130626,0.125,0.13,0.125,0.13,800000
SRQ,20130626,0.011,0.011,0.01,0.01,3418583
SRR,20130626,0.004,0.004,0.004,0.004,233943
SRV,20130626,3.17,3.18,3.14,3.17,12451
SRX,20130626,12.15,12.17,12,12.05,174362
SRZ,20130626,0.048,0.048,0.048,0.048,16334
SSN,20130626,0.022,0.023,0.022,0.023,802600
SSO,20130626,10.16,10.18,10.13,10.13,10500
SST,20130626,25.51,25.51,25.5,25.5,500
STB,20130626,0.195,0.205,0.195,0.195,94948
STO,20130626,12.27,12.475,12.18,12.33,2408229
STS,20130626,0.32,0.32,0.315,0.315,13502
STW,20130626,43.88,44.45,43.87,44.3,336827
STX,20130626,0.072,0.072,0.069,0.069,425688
SUD,20130626,0.026,0.026,0.025,0.025,200000
SUH,20130626,0.08,0.081,0.08,0.081,55000
SUL,20130626,11.44,11.88,11.35,11.75,484720
SUM,20130626,0.16,0.17,0.16,0.17,202298
SUN,20130626,11.85,12.03,11.84,11.87,3431065
SUR,20130626,0.028,0.028,0.027,0.028,1201135
SVL,20130626,0.013,0.013,0.012,0.013,280000
SVW,20130626,7,7.36,6.96,7.07,473211
SWE,20130626,0.17,0.175,0.17,0.175,128295
SWJ,20130626,0.115,0.115,0.115,0.115,4347
SWK,20130626,0.285,0.285,0.28,0.28,232650
SWL,20130626,1.05,1.05,1.05,1.05,13891
SWM,20130626,1.85,1.892,1.835,1.86,4108392
SXA,20130626,0.22,0.22,0.22,0.22,5000
SXE,20130626,0.78,0.78,0.78,0.78,10000
SXL,20130626,1.335,1.45,1.325,1.45,1695553
SXX,20130626,0.004,0.004,0.004,0.004,36800
SXY,20130626,0.52,0.555,0.51,0.525,7739484
SYD,20130626,3.31,3.39,3.31,3.34,4456188
SYI,20130626,27.05,27.4,27.05,27.1,35582
SYP,20130626,0.013,0.014,0.013,0.013,1365058
SYR,20130626,1.65,1.695,1.58,1.695,471891
SYS,20130626,0.002,0.002,0.002,0.002,50000
TAH,20130626,3.14,3.165,3.1,3.1,3250694
TAM,20130626,0.059,0.059,0.055,0.055,790327
TAN,20130626,0.41,0.41,0.41,0.41,2325
TAP,20130626,0.45,0.45,0.43,0.45,451902
TAS,20130626,0.043,0.043,0.04,0.04,171956
TAU,20130626,0.1,0.1,0.1,0.1,439
TAW,20130626,0.01,0.01,0.007,0.007,513000
TCL,20130626,6.65,6.74,6.63,6.68,3451581
TCQ,20130626,0.26,0.26,0.255,0.255,213184
TDI,20130626,0.058,0.058,0.058,0.058,3856
TDO,20130626,0.086,0.086,0.086,0.086,12500
TEG,20130626,0.007,0.007,0.007,0.007,910000
TEL,20130626,1.88,1.91,1.87,1.91,2827478
TEN,20130626,0.27,0.275,0.265,0.275,3484667
TEX,20130626,0.069,0.07,0.06,0.061,409347
TFC,20130626,0.42,0.445,0.42,0.44,448063
TFS,20130626,0.085,0.085,0.085,0.085,4690
TGA,20130626,1.925,2.01,1.925,1.99,488775
TGG,20130626,1.045,1.045,1.04,1.045,663789
TGR,20130626,2.39,2.49,2.35,2.43,292753
TGS,20130626,0.165,0.17,0.16,0.17,3317479
TGZ,20130626,0.635,0.7,0.635,0.7,47881
THO,20130626,0.042,0.042,0.042,0.042,8168
THR,20130626,0.005,0.005,0.005,0.005,150000
THX,20130626,0.02,0.022,0.02,0.022,107790
TIG,20130626,0.155,0.155,0.15,0.15,49000
TIS,20130626,0.11,0.12,0.11,0.115,421164
TIX,20130626,0.51,0.51,0.51,0.51,372786
TKG,20130626,0.012,0.012,0.012,0.012,500
TLG,20130626,0.075,0.075,0.075,0.075,100704
TLM,20130626,0.089,0.089,0.08,0.083,1519000
TLS,20130626,4.56,4.65,4.55,4.65,33264516
TME,20130626,3.89,4.02,3.89,4.02,561580
TMM,20130626,1.28,1.28,1.25,1.25,1500
TMZ,20130626,0.024,0.026,0.024,0.026,85000
TNC,20130626,0.01,0.011,0.008,0.01,3587516
TNE,20130626,1.69,1.72,1.67,1.7,582093
TNG,20130626,0.054,0.058,0.054,0.058,127626
TNP,20130626,0.016,0.016,0.014,0.016,2555600
TNR,20130626,0.005,0.005,0.005,0.005,242791
TOE,20130626,0.083,0.087,0.074,0.074,2331519
TOL,20130626,5.15,5.34,5.15,5.25,6043530
TON,20130626,0.065,0.067,0.065,0.067,383576
TOU,20130626,0.26,0.26,0.25,0.25,148556
TOX,20130626,3.43,3.47,3.41,3.44,254187
TPD,20130626,0.049,0.053,0.044,0.053,232294
TPI,20130626,0.75,0.785,0.75,0.78,2199297
TPL,20130626,0.001,0.001,0.001,0.001,60000
TPM,20130626,3.3,3.44,3.3,3.42,1200224
TPP,20130626,0.05,0.05,0.05,0.05,19000
TPR,20130626,0.065,0.065,0.06,0.06,226556
TPT,20130626,0.18,0.18,0.175,0.175,300002
TRF,20130626,0.092,0.092,0.089,0.091,235542
TRG,20130626,6.8,7,6.8,7,12033
TRO,20130626,0.044,0.049,0.044,0.048,420484
TRS,20130626,16.6,17.34,16.6,17.16,205024
TRU,20130626,5.3,5.35,5.3,5.35,4013
TRY,20130626,1.575,1.61,1.455,1.495,573414
TSE,20130626,0.705,0.765,0.705,0.755,3078239
TSM,20130626,0.265,0.27,0.255,0.265,35001
TSV,20130626,0.005,0.005,0.005,0.005,521666
TTA,20130626,0.07,0.07,0.07,0.07,150000
TTE,20130626,0.008,0.009,0.008,0.008,4743321
TTI,20130626,0.059,0.059,0.059,0.059,500000
TTN,20130626,1.38,1.4,1.35,1.4,243875
TTS,20130626,3.09,3.17,3.09,3.1,3801198
TUC,20130626,0.037,0.037,0.036,0.036,51465
TUP,20130626,1.98,2,1.98,2,68000
TWD,20130626,2.37,2.37,2.37,2.37,10000
TWE,20130626,5.8,5.94,5.8,5.86,2022117
TWR,20130626,1.6,1.62,1.6,1.62,5036
TZL,20130626,0.115,0.12,0.11,0.11,91152
TZN,20130626,0.017,0.017,0.017,0.017,158173
UBI,20130626,0.67,0.67,0.67,0.67,163749
UEQ,20130626,0.025,0.025,0.025,0.025,10000
UGL,20130626,6.54,6.84,6.54,6.78,1523107
UML,20130626,0.071,0.074,0.069,0.07,924950
UNS,20130626,0.56,0.57,0.555,0.56,796395
UNV,20130626,0.061,0.061,0.06,0.06,326921
UNX,20130626,0.05,0.05,0.042,0.044,220049
UOG,20130626,0.013,0.013,0.013,0.013,10000
UOS,20130626,0.525,0.525,0.525,0.525,1540
URF,20130626,1.9,1.9,1.9,1.9,9506
USA,20130626,0.023,0.023,0.021,0.022,545000
USD,20130626,10.72,10.72,10.67,10.67,70720
UXC,20130626,1.015,1.035,1.005,1.035,1208077
VAF,20130626,48.63,48.63,48.63,48.63,306
VAH,20130626,0.395,0.41,0.395,0.405,2460158
VAP,20130626,58.05,58.21,57.64,57.81,21410
VAS,20130626,60.55,60.92,60.5,60.65,24770
VBP,20130626,6.41,6.41,6.41,6.41,17500
VEC,20130626,0.015,0.015,0.015,0.015,154917
VEI,20130626,0.78,0.8,0.78,0.79,434942
VEU,20130626,46.8,47.1,46.8,46.97,8324
VGB,20130626,49,49,48.14,48.14,541
VGO,20130626,0.051,0.051,0.048,0.048,100000
VHY,20130626,58.1,58.32,57.5,58.11,17542
VIE,20130626,0.22,0.22,0.22,0.22,2310
VII,20130626,0.13,0.13,0.13,0.13,4500
VIL,20130626,0.017,0.018,0.017,0.017,73500
VLA,20130626,0.24,0.25,0.225,0.235,147384
VLC,20130626,53.35,53.35,53.35,53.35,1000
VLW,20130626,1.15,1.15,1.15,1.15,246178
VMC,20130626,0.105,0.105,0.105,0.105,1836
VMG,20130626,0.011,0.011,0.011,0.011,306398
VMS,20130626,0.11,0.11,0.09,0.095,911198
VMT,20130626,0.012,0.014,0.012,0.013,742025
VOC,20130626,2.08,2.08,1.97,2.08,48175
VOR,20130626,0.005,0.007,0.005,0.007,26732006
VRL,20130626,5.4,5.53,5.37,5.5,284930
VRT,20130626,6.34,6.46,6.33,6.45,1006249
VSO,20130626,39.4,39.98,39.4,39.87,1765
VTG,20130626,0.63,0.63,0.62,0.62,88973
VTS,20130626,88.46,88.47,88.03,88.32,10930
VXR,20130626,0.011,0.011,0.011,0.011,52653
WAA,20130626,1.11,1.11,1.1,1.11,20476
WAM,20130626,1.61,1.63,1.61,1.63,416788
WAS,20130626,0.006,0.006,0.006,0.006,1166000
WAT,20130626,1.005,1.005,1,1,11501
WAX,20130626,0.95,0.97,0.95,0.97,64445
WBB,20130626,5.6,5.6,5.31,5.4,23402
WBC,20130626,27.99,28.28,27.93,28.24,8759444
WCB,20130626,3.9,3.9,3.9,3.9,666
WCL,20130626,0.14,0.145,0.13,0.13,149800
WCN,20130626,0.007,0.007,0.007,0.007,30000
WCP,20130626,0.042,0.05,0.042,0.05,35500
WDC,20130626,11.24,11.29,11.105,11.22,6140840
WDR,20130626,0.68,0.69,0.655,0.665,125819
WDS,20130626,0.36,0.36,0.35,0.36,347142
WEB,20130626,4.36,4.43,4.36,4.43,87361
WEC,20130626,0.135,0.135,0.135,0.135,40719
WES,20130626,38.75,39,38.37,38.57,2192404
WHC,20130626,2.18,2.245,2.15,2.17,4075472
WHE,20130626,0.041,0.041,0.038,0.038,567871
WHF,20130626,3.44,3.47,3.44,3.47,3936
WHG,20130626,0.68,0.68,0.665,0.675,152611
WHN,20130626,0.024,0.024,0.023,0.024,2560301
WIC,20130626,0.965,0.99,0.965,0.985,179691
WIG,20130626,0.18,0.19,0.18,0.19,16600
WKT,20130626,0.005,0.005,0.005,0.005,369606
WLF,20130626,0.23,0.23,0.23,0.23,252000
WLR,20130626,0.009,0.009,0.008,0.009,327000
WMN,20130626,0.055,0.055,0.05,0.05,130000
WOR,20130626,19.38,19.82,19.26,19.43,982001
WOW,20130626,31.96,32.19,31.86,32.09,2081560
WPG,20130626,0.033,0.033,0.032,0.032,794899
WPL,20130626,34.01,34.61,33.93,34.31,1750812
WRT,20130626,2.99,3.03,2.98,3.03,17215391
WSA,20130626,2.22,2.39,2.21,2.28,1346685
WTF,20130626,4.47,4.64,4.42,4.64,1162054
WTP,20130626,0.55,0.56,0.55,0.56,200495
WWM,20130626,0.052,0.052,0.051,0.051,120000
XAM,20130626,0.04,0.04,0.037,0.037,205000
XCD,20130626,0.1,0.1,0.087,0.087,26097
XRF,20130626,0.305,0.31,0.3,0.31,130119
XRO,20130626,12.85,13.15,12.78,13,13973
XST,20130626,0.007,0.007,0.007,0.007,399135
YAL,20130626,0.7,0.705,0.69,0.69,2222
YBR,20130626,0.52,0.535,0.52,0.535,8149
YRR,20130626,0.008,0.008,0.008,0.008,10000
YTC,20130626,0.155,0.155,0.145,0.15,670665
ZAM,20130626,0.14,0.14,0.14,0.14,20000
ZER,20130626,0.44,0.44,0.44,0.44,30930
ZGL,20130626,0.225,0.24,0.22,0.22,189851
ZGM,20130626,0.005,0.005,0.005,0.005,70100
ZNC,20130626,0.09,0.09,0.09,0.09,15000
ZRL,20130626,0.001,0.001,0.001,0.001,2297048
ZYL,20130626,0.008,0.008,0.006,0.006,767762
XAF,20130626,4754.7,4847.7,4754.7,4831.6,0
XAO,20130626,4633.5,4724.4,4633.5,4707.8,0
XAT,20130626,4619.6,4713.2,4619.6,4695.2,0
XDJ,20130626,1520.8,1554.3,1520.8,1548,0
XEC,20130626,914.2,936.3,914,929.4,0
XEJ,20130626,12193.8,12470.8,12193.8,12314.3,0
XFJ,20130626,5141.8,5244,5141.8,5229.3,0
XFL,20130626,4807.3,4901.3,4807.3,4885.5,0
XGD,20130626,2019.8,2088.8,1989,2008.5,0
XHJ,20130626,12923.1,13051.5,12862.5,12941.4,0
XIJ,20130626,680.5,697.3,680.5,688.4,0
XJO,20130626,4656,4749.7,4656,4731.7,0
XJR,20130626,3468.3,3566.1,3468.3,3538,0
XKO,20130626,4613.2,4705.9,4613.2,4688.2,0
XMD,20130626,3799.1,3887.8,3799.1,3855.4,0
XMJ,20130626,8283.8,8521.4,8283.8,8473.1,0
XMM,20130626,2682,2764.8,2682,2747.1,0
XNJ,20130626,3461.4,3560.2,3461.4,3534.2,0
XPJ,20130626,986.1,1006.2,986.1,1001.3,0
XSJ,20130626,9412.7,9514.8,9400.6,9441.9,0
XSO,20130626,1888.4,1932,1888.4,1923.3,0
XTJ,20130626,1559.4,1604.4,1559.4,1604.4,0
XTL,20130626,2915.1,2972.5,2915.1,2964.2,0
XTO,20130626,3868,3944.9,3868,3930.3,0
XUJ,20130626,5182.8,5270.7,5182.8,5224.1,0
XXJ,20130626,5971.3,6091.3,5971.3,6074.7,0
