AAA,20130530,50.23,50.23,50.21,50.22,14473
AAC,20130530,1.11,1.125,1.095,1.12,586265
AAD,20130530,1.745,1.745,1.67,1.685,682523
AAJ,20130530,0.039,0.039,0.039,0.039,10000
AAR,20130530,0.004,0.004,0.004,0.004,120000
AAU,20130530,0.105,0.105,0.105,0.105,20000
AAX,20130530,2.19,2.26,2.17,2.17,671769
AAY,20130530,0.015,0.015,0.015,0.015,34354
ABC,20130530,3.31,3.34,3.29,3.32,1966295
ABP,20130530,2.4,2.4,2.35,2.38,425386
ABU,20130530,0.028,0.029,0.028,0.029,1721302
ABY,20130530,0.4,0.4,0.38,0.4,108881
ABZ,20130530,0.195,0.2,0.19,0.2,40161
ACB,20130530,0.05,0.052,0.05,0.052,109030
ACG,20130530,0.071,0.071,0.071,0.071,51614
ACL,20130530,0.36,0.365,0.36,0.36,192924
ACR,20130530,3.72,3.74,3.64,3.74,493144
ADJ,20130530,0.044,0.044,0.042,0.042,287000
ADO,20130530,0.058,0.06,0.058,0.06,160500
ADX,20130530,0.015,0.015,0.015,0.015,587844
ADY,20130530,0.024,0.03,0.024,0.03,513242
AEB,20130530,0.195,0.195,0.19,0.19,98023
AEE,20130530,0.08,0.08,0.08,0.08,224107
AEJ,20130530,9.94,9.94,9,9.88,1624
AEK,20130530,0.05,0.05,0.05,0.05,5000
AEM,20130530,0.018,0.018,0.017,0.017,145673
AEU,20130530,1.415,1.42,1.4,1.405,78164
AFA,20130530,0.185,0.185,0.18,0.18,20000
AFI,20130530,5.57,5.57,5.43,5.49,310471
AFR,20130530,0.085,0.085,0.085,0.085,91814
AGF,20130530,0.74,0.74,0.73,0.74,193760
AGG,20130530,3.44,3.44,3.41,3.41,2290
AGI,20130530,3.8,3.82,3.73,3.78,584397
AGJ,20130530,0.1,0.1,0.09,0.09,35703
AGK,20130530,14.2,14.34,14.08,14.13,2101496
AGO,20130530,0.78,0.795,0.755,0.77,12082348
AGR,20130530,0.054,0.055,0.054,0.055,175000
AGS,20130530,0.12,0.12,0.11,0.115,687496
AGX,20130530,0.032,0.032,0.032,0.032,366
AGY,20130530,0.06,0.061,0.06,0.061,132034
AHD,20130530,8.4,8.6,8.39,8.59,42345
AHE,20130530,3.79,3.79,3.63,3.72,762352
AHZ,20130530,0.039,0.041,0.039,0.04,2593447
AIA,20130530,2.52,2.52,2.46,2.46,238166
AIK,20130530,0.049,0.049,0.049,0.049,21317
AIO,20130530,5.12,5.16,5.06,5.11,7001608
AIR,20130530,0.18,0.18,0.18,0.18,6583
AIV,20130530,0.015,0.015,0.015,0.015,1300000
AIW,20130530,0.016,0.017,0.015,0.017,2092592
AIX,20130530,0.17,0.175,0.17,0.175,1805205
AIZ,20130530,1.25,1.25,1.25,1.25,824
AJA,20130530,3.52,3.57,3.52,3.52,92691
AJC,20130530,0.01,0.011,0.01,0.011,855000
AJD,20130530,1.14,1.14,1.13,1.13,42762
AJL,20130530,1.44,1.455,1.44,1.44,7195
AJM,20130530,0.099,0.1,0.097,0.1,63088
AJQ,20130530,0.26,0.27,0.26,0.27,240638
AJX,20130530,0.086,0.09,0.086,0.09,288500
AKG,20130530,0.8,0.8,0.8,0.8,5000
AKM,20130530,0.063,0.063,0.062,0.063,195000
AKP,20130530,3.1,3.1,3.1,3.1,3700
AKY,20130530,80.95,80.95,80.95,80.95,505
ALF,20130530,1.44,1.445,1.43,1.44,123573
ALK,20130530,0.43,0.43,0.405,0.415,934161
ALL,20130530,4.3,4.43,4.19,4.22,3792670
ALQ,20130530,9.85,10.46,9.79,10.11,1702179
ALR,20130530,1.33,1.33,1.27,1.27,35302
ALU,20130530,1.59,1.59,1.52,1.52,15700
ALZ,20130530,3.54,3.55,3.42,3.42,1004569
AMA,20130530,0.295,0.3,0.295,0.295,209022
AMC,20130530,10.04,10.1,9.89,10.07,4415322
AMM,20130530,1.75,1.75,1.715,1.75,694907
AMP,20130530,5.27,5.27,5.13,5.16,8286869
AMX,20130530,0.21,0.21,0.195,0.2,4505727
ANG,20130530,4.4,4.4,4.34,4.37,46581
ANN,20130530,16.9,17.16,16.8,17.16,990141
ANO,20130530,0.012,0.012,0.012,0.012,1550000
ANP,20130530,0.01,0.01,0.01,0.01,167000
ANQ,20130530,0.011,0.011,0.01,0.011,5047208
ANZ,20130530,27.35,27.73,27.18,27.53,6616118
AOD,20130530,1.005,1.005,1,1,26909
AOH,20130530,0.17,0.175,0.165,0.175,694914
AOK,20130530,0.14,0.14,0.135,0.135,612034
AON,20130530,0.035,0.04,0.035,0.039,44751
AOP,20130530,0.042,0.042,0.042,0.042,4000
AOU,20130530,0.09,0.09,0.09,0.09,50000
APA,20130530,6.42,6.59,6.33,6.4,4473192
APD,20130530,0.205,0.205,0.2,0.2,29000
APE,20130530,4.54,4.54,4.44,4.49,14844
APG,20130530,0.016,0.017,0.016,0.017,892012
API,20130530,0.45,0.455,0.45,0.455,312862
APN,20130530,0.295,0.3,0.29,0.29,1357662
APZ,20130530,0.18,0.18,0.175,0.175,536427
AQA,20130530,2.17,2.17,2.07,2.12,124202
AQC,20130530,0.016,0.017,0.016,0.016,1950000
AQD,20130530,0.018,0.018,0.018,0.018,40000
AQF,20130530,1.78,1.89,1.78,1.81,63549
AQG,20130530,2.15,2.16,2.07,2.1,1088880
AQO,20130530,0.15,0.155,0.15,0.15,116408
AQP,20130530,0.625,0.63,0.6,0.615,881256
AQQ,20130530,0.036,0.038,0.036,0.038,30000
AQR,20130530,0.23,0.23,0.22,0.22,47333
AQZ,20130530,1.66,1.66,1.65,1.65,10568
ARA,20130530,0.295,0.295,0.285,0.285,148000
ARD,20130530,0.053,0.053,0.051,0.051,80000
ARE,20130530,0.029,0.029,0.028,0.028,60000
ARG,20130530,6.56,6.56,6.45,6.45,197153
ARH,20130530,0.04,0.04,0.04,0.04,500000
ARI,20130530,0.82,0.825,0.795,0.795,10348936
ARM,20130530,0.048,0.048,0.048,0.048,31500
ARP,20130530,12.7,12.71,12.6,12.64,45956
ARU,20130530,0.105,0.105,0.105,0.105,230197
ARV,20130530,0.008,0.009,0.008,0.009,233333
ARW,20130530,0.007,0.007,0.007,0.007,13888
ARX,20130530,0.004,0.004,0.004,0.004,125000
ASB,20130530,0.67,0.675,0.67,0.67,65389
ASL,20130530,1.245,1.37,1.235,1.36,3612579
ASX,20130530,37.65,38.09,37.38,37.49,491017
ASZ,20130530,0.315,0.315,0.28,0.3,2495746
ATI,20130530,0.21,0.21,0.19,0.2,158934
ATN,20130530,0.003,0.003,0.003,0.003,1622912
ATU,20130530,0.665,0.665,0.65,0.65,37626
ATV,20130530,0.024,0.024,0.024,0.024,395000
AUB,20130530,10.25,10.25,10.13,10.22,29866
AUC,20130530,0.031,0.033,0.029,0.033,176290
AUF,20130530,1.07,1.07,1.03,1.03,83354
AUI,20130530,7.19,7.19,7.1,7.1,22709
AUQ,20130530,0.06,0.06,0.057,0.06,837746
AUT,20130530,3,3.08,2.98,3.08,1322172
AUZ,20130530,0.012,0.012,0.009,0.009,43500
AVA,20130530,0.1,0.1,0.1,0.1,74870
AVB,20130530,0.06,0.06,0.058,0.06,2874803
AVD,20130530,0.001,0.001,0.001,0.001,3000000
AVG,20130530,0.51,0.51,0.49,0.49,123785
AVH,20130530,0.1,0.105,0.1,0.105,154854
AVI,20130530,0.015,0.015,0.014,0.014,190000
AVJ,20130530,0.44,0.44,0.44,0.44,522163
AVQ,20130530,0.014,0.014,0.013,0.013,1625369
AVX,20130530,0.015,0.015,0.015,0.015,740077
AWC,20130530,1.04,1.045,1.02,1.04,7298707
AWD,20130530,0.009,0.009,0.009,0.009,995672
AWE,20130530,1.27,1.33,1.255,1.325,2618786
AWV,20130530,0.03,0.03,0.03,0.03,10000
AXC,20130530,0.002,0.002,0.002,0.002,350000
AXE,20130530,0.145,0.145,0.14,0.14,53241
AXM,20130530,0.013,0.014,0.012,0.014,558392
AXZ,20130530,1,1,1,1,1500
AYA,20130530,0.49,0.495,0.49,0.495,20000
AYE,20130530,0.033,0.033,0.033,0.033,215200
AYF,20130530,6.43,6.43,6.43,6.43,1165
AYG,20130530,0.004,0.004,0.004,0.004,10265000
AYR,20130530,0.006,0.006,0.006,0.006,100000
AZF,20130530,2.2,2.2,2.17,2.17,33794
AZH,20130530,0.29,0.295,0.285,0.29,994877
AZJ,20130530,4.35,4.35,4.27,4.32,5696360
AZM,20130530,0.047,0.047,0.045,0.045,145030
AZS,20130530,0.032,0.033,0.031,0.031,1135257
AZV,20130530,0.085,0.085,0.085,0.085,84217
AZY,20130530,0.055,0.055,0.055,0.055,102769
AZZ,20130530,0.35,0.35,0.345,0.345,180244
BAB,20130530,0.037,0.037,0.034,0.034,78000
BAR,20130530,0.012,0.012,0.01,0.01,140000
BAS,20130530,0.01,0.01,0.01,0.01,100000
BAU,20130530,0.13,0.13,0.13,0.13,100000
BBL,20130530,0.28,0.28,0.28,0.28,2528
BCC,20130530,0.038,0.039,0.037,0.039,1530295
BCD,20130530,0.032,0.032,0.032,0.032,27778
BCI,20130530,2.87,2.98,2.87,2.95,214208
BCK,20130530,0.062,0.063,0.062,0.063,220127
BCN,20130530,0.003,0.003,0.003,0.003,100000
BDM,20130530,0.026,0.03,0.026,0.03,258705
BDR,20130530,0.67,0.695,0.662,0.695,5500303
BEAR,20130530,20.15,20.23,20.07,20.12,25100
BEL,20130530,0.155,0.155,0.155,0.155,993
BEN,20130530,10.05,10.11,9.85,9.94,867559
BEZ,20130530,0.071,0.071,0.07,0.07,78750
BFG,20130530,0.61,0.61,0.6,0.6,28066
BGA,20130530,2.8,2.83,2.73,2.73,451574
BGG,20130530,0.14,0.14,0.14,0.14,29854
BGL,20130530,0.61,0.61,0.58,0.58,40500
BGS,20130530,0.022,0.022,0.021,0.022,19936771
BHP,20130530,34.37,34.62,34.23,34.46,9683829
BIS,20130530,0.97,0.97,0.97,0.97,2353
BIT,20130530,0.095,0.1,0.095,0.1,69507
BKI,20130530,1.49,1.49,1.46,1.465,144995
BKL,20130530,27.65,27.99,27.64,27.77,7446
BKN,20130530,4.7,4.81,4.61,4.63,2336642
BKP,20130530,0.004,0.004,0.004,0.004,1636000
BKW,20130530,12.16,12.23,12.05,12.15,13520
BKY,20130530,0.255,0.275,0.255,0.275,169521
BLD,20130530,4.44,4.61,4.43,4.55,3465693
BLG,20130530,0.175,0.175,0.175,0.175,25000
BLK,20130530,0.15,0.15,0.15,0.15,10000
BLR,20130530,0.01,0.01,0.01,0.01,44776
BLT,20130530,0.016,0.017,0.015,0.015,2774000
BLY,20130530,0.675,0.73,0.67,0.7,10114765
BLZ,20130530,0.001,0.001,0.001,0.001,10500000
BMB,20130530,0.073,0.073,0.071,0.071,280000
BMG,20130530,0.009,0.009,0.009,0.009,229639
BMN,20130530,0.075,0.075,0.062,0.071,241416
BMY,20130530,0.013,0.013,0.013,0.013,50336
BND,20130530,0.12,0.12,0.11,0.11,917090
BNE,20130530,0.001,0.002,0.001,0.002,750000
BNO,20130530,0.37,0.395,0.37,0.395,150171
BOA,20130530,0.35,0.4,0.33,0.4,30000
BOC,20130530,0.5,0.5,0.48,0.5,51699
BOL,20130530,0.11,0.115,0.11,0.11,1108067
BOQ,20130530,8.85,8.87,8.72,8.75,1893923
BPA,20130530,3.9,3.9,3.9,3.9,15
BPH,20130530,0.013,0.013,0.013,0.013,200000
BPL,20130530,0.06,0.06,0.06,0.06,60000
BPT,20130530,1.175,1.19,1.155,1.16,5827035
BRG,20130530,7.42,7.6,7.36,7.56,591400
BRO,20130530,0.002,0.002,0.002,0.002,37415
BRU,20130530,1.385,1.465,1.37,1.465,813406
BRW,20130530,0.011,0.011,0.011,0.011,55510
BSE,20130530,0.36,0.37,0.355,0.355,138567
BSL,20130530,5.48,5.5,5.3,5.38,2855899
BSM,20130530,0.01,0.01,0.01,0.01,140000
BSR,20130530,0.011,0.011,0.011,0.011,553533
BTR,20130530,0.38,0.385,0.345,0.345,183214
BTT,20130530,3.35,3.44,3.33,3.38,190377
BTU,20130530,0.17,0.175,0.16,0.16,2928201
BUL,20130530,0.048,0.049,0.048,0.049,792316
BUX,20130530,0.345,0.365,0.34,0.34,22270
BUY,20130530,0.015,0.016,0.015,0.015,1206709
BVA,20130530,0.175,0.175,0.175,0.175,6000
BWD,20130530,0.05,0.05,0.05,0.05,20000
BWP,20130530,2.47,2.49,2.4,2.41,1354594
BXB,20130530,9.29,9.3,9.145,9.3,3665145
BXN,20130530,0.007,0.007,0.007,0.007,1000
BYE,20130530,0.6,0.6,0.46,0.5,501943
BYL,20130530,0.28,0.28,0.28,0.28,11820
CAA,20130530,0.195,0.205,0.195,0.2,818484
CAB,20130530,3.91,3.93,3.75,3.85,1198403
CAF,20130530,0.4,0.4,0.4,0.4,1429
CAJ,20130530,0.23,0.245,0.23,0.235,1259080
CAM,20130530,1.04,1.04,1.02,1.02,50000
CAP,20130530,0.24,0.25,0.24,0.24,62785
CAS,20130530,0.27,0.29,0.27,0.27,110300
CAZ,20130530,0.099,0.099,0.099,0.099,5000
CBA,20130530,66.77,67.61,66.5,67.61,5772561
CBD,20130530,0.009,0.01,0.009,0.009,1746505
CBP,20130530,0.05,0.05,0.05,0.05,100000
CBQ,20130530,0.013,0.013,0.013,0.013,281877
CBS,20130530,0.024,0.024,0.024,0.024,52500
CBX,20130530,0.065,0.065,0.065,0.065,2000
CCC,20130530,0.044,0.046,0.043,0.046,2268492
CCF,20130530,0.026,0.026,0.026,0.026,41200
CCL,20130530,13.13,13.26,12.95,13.11,2895490
CCP,20130530,9.49,9.59,9.33,9.57,58886
CCU,20130530,0.125,0.125,0.125,0.125,286054
CCV,20130530,1.16,1.175,1.145,1.15,368244
CDA,20130530,3,3.02,2.85,3.02,255356
CDB,20130530,0.025,0.025,0.024,0.024,1980000
CDD,20130530,5.42,5.42,5.28,5.36,200977
CDG,20130530,0.18,0.18,0.17,0.17,229284
CDI,20130530,2.68,2.68,2.61,2.64,101040
CDM,20130530,1.355,1.355,1.34,1.34,71051
CDP,20130530,5.6,5.6,5.55,5.59,1831
CDT,20130530,0.039,0.039,0.039,0.039,50000
CDU,20130530,3.7,3.75,3.67,3.73,260437
CDV,20130530,0.075,0.075,0.075,0.075,1000
CDY,20130530,0.027,0.027,0.027,0.027,102000
CEN,20130530,0.016,0.018,0.016,0.018,332000
CFE,20130530,0.13,0.13,0.115,0.12,1540753
CFU,20130530,0.043,0.051,0.043,0.047,4915607
CFX,20130530,2.09,2.1,2.03,2.04,5181417
CGF,20130530,4.07,4.1,3.99,4.03,4478396
CGH,20130530,0.315,0.33,0.3,0.3,144816
CGI,20130530,0.004,0.004,0.004,0.004,13500
CGP,20130530,0.026,0.026,0.023,0.023,380000
CGU,20130530,0.023,0.023,0.023,0.023,10000
CHC,20130530,4.14,4.2,3.99,4.02,705531
CHF,20130530,0.056,0.056,0.055,0.055,23728
CHN,20130530,0.15,0.155,0.15,0.155,220000
CHZ,20130530,0.15,0.15,0.145,0.145,56919
CIN,20130530,22.04,22.49,22,22.49,3677
CIR,20130530,0.295,0.3,0.295,0.3,74800
CIW,20130530,0.715,0.715,0.705,0.705,20098
CIX,20130530,0.285,0.285,0.28,0.285,207755
CKA,20130530,0.125,0.145,0.125,0.145,689000
CKF,20130530,1.72,1.72,1.685,1.705,31726
CKK,20130530,0.003,0.005,0.003,0.005,520000
CKL,20130530,0.71,0.71,0.71,0.71,1000
CLA,20130530,0.012,0.012,0.011,0.011,5551000
CLH,20130530,1.55,1.555,1.5,1.54,116207
CLO,20130530,1.095,1.14,1.095,1.14,320320
CLQ,20130530,0.105,0.105,0.1,0.1,312000
CLR,20130530,0.3,0.3,0.285,0.29,310000
CLT,20130530,0.16,0.16,0.16,0.16,4121
CLV,20130530,0.61,0.61,0.6,0.605,32729
CLX,20130530,1.69,1.69,1.69,1.69,12798
CLZ,20130530,0.13,0.145,0.13,0.145,50000
CMG,20130530,0.49,0.49,0.475,0.475,132176
CMP,20130530,0.043,0.043,0.043,0.043,12600
CMW,20130530,1.065,1.065,1.035,1.035,2095471
CMY,20130530,0.009,0.009,0.009,0.009,6499990
CND,20130530,0.21,0.21,0.21,0.21,3609
CNI,20130530,0.805,0.805,0.805,0.805,1533
CNN,20130530,0.002,0.002,0.002,0.002,9659551
CNO,20130530,0.12,0.12,0.12,0.12,18000
CNU,20130530,2.18,2.18,2.13,2.15,206823
CNX,20130530,0.028,0.031,0.028,0.031,43000
COE,20130530,0.38,0.38,0.36,0.36,35656
COF,20130530,0.15,0.15,0.145,0.145,906016
COH,20130530,66,66.65,65.37,65.96,174759
COI,20130530,0.23,0.23,0.215,0.215,48375
COK,20130530,0.047,0.057,0.04,0.041,20523000
COO,20130530,0.18,0.18,0.17,0.17,190000
COT,20130530,0.073,0.073,0.073,0.073,21169
CPA,20130530,1.12,1.12,1.095,1.1,6290796
CPD,20130530,0.3,0.3,0.3,0.3,50000
CPL,20130530,0.265,0.27,0.245,0.255,3725220
CPU,20130530,11.25,11.27,10.96,11.27,1915080
CPZ,20130530,0.19,0.205,0.19,0.205,259925
CQR,20130530,4.23,4.28,4.12,4.15,1002195
CRB,20130530,0.033,0.033,0.033,0.033,183165
CRL,20130530,0.04,0.04,0.04,0.04,50000
CRZ,20130530,9.33,9.4,9.04,9.17,573419
CSD,20130530,0.056,0.058,0.056,0.058,286700
CSL,20130530,61,61.42,59.66,60.37,1221905
CSP,20130530,0.17,0.17,0.17,0.17,90000
CSR,20130530,2.14,2.19,2.1,2.15,3623517
CSS,20130530,0.015,0.015,0.015,0.015,319090
CSV,20130530,0.83,0.845,0.765,0.805,238021
CTD,20130530,4.45,4.77,4.37,4.76,151255
CTM,20130530,0.13,0.13,0.12,0.12,99203
CTN,20130530,1.015,1.015,1.01,1.015,22959
CTO,20130530,0.051,0.051,0.049,0.051,880719
CTP,20130530,0.084,0.085,0.084,0.084,1240516
CTR,20130530,0.01,0.012,0.01,0.012,800000
CTX,20130530,22.69,23.12,22.33,22.6,658212
CUE,20130530,0.12,0.12,0.12,0.12,8334
CUG,20130530,0.055,0.055,0.055,0.055,6704
CUL,20130530,0.013,0.013,0.013,0.013,319626
CUP,20130530,1.69,1.705,1.62,1.705,55851
CUV,20130530,2,2,1.97,1.97,10842
CUX,20130530,0.025,0.025,0.024,0.024,200000
CVN,20130530,0.045,0.045,0.043,0.045,964307
CVV,20130530,0.015,0.015,0.015,0.015,161215
CVW,20130530,0.635,0.635,0.61,0.61,2780
CWE,20130530,0.032,0.032,0.031,0.031,1004651
CWG,20130530,0.059,0.059,0.059,0.059,20000
CWN,20130530,12.95,12.95,12.69,12.84,1776154
CWP,20130530,5.09,5.16,5.05,5.14,68123
CXU,20130530,0.11,0.11,0.11,0.11,80000
CXY,20130530,0.003,0.004,0.003,0.004,455451
CYA,20130530,0.795,0.795,0.785,0.79,34000
CYG,20130530,2.68,2.7,2.68,2.7,17798
CYU,20130530,0.07,0.07,0.07,0.07,58473
CYY,20130530,0.1,0.1,0.095,0.1,311129
CZI,20130530,0.125,0.14,0.125,0.14,35170
CZN,20130530,0.038,0.038,0.035,0.035,1604460
DCG,20130530,1.65,1.68,1.635,1.67,179902
DCN,20130530,0.195,0.195,0.195,0.195,5128
DDR,20130530,0.82,0.82,0.82,0.82,1740
DDT,20130530,0.016,0.016,0.016,0.016,11000
DEG,20130530,0.007,0.007,0.007,0.007,987585
DGX,20130530,0.04,0.04,0.04,0.04,152000
DIG,20130530,0.005,0.005,0.005,0.005,25000
DJS,20130530,2.55,2.57,2.51,2.55,2335393
DJW,20130530,4.36,4.38,4.28,4.28,94954
DLS,20130530,1.085,1.125,1.075,1.105,1744100
DLX,20130530,4.67,4.68,4.54,4.58,2124374
DMG,20130530,0.014,0.014,0.014,0.014,5266
DML,20130530,0.19,0.19,0.18,0.19,4496326
DMP,20130530,11.8,11.92,11.78,11.9,62042
DNA,20130530,0.36,0.36,0.36,0.36,94517
DOW,20130530,3.75,3.8,3.7,3.74,2169460
DRA,20130530,0.2,0.245,0.2,0.245,86593
DRG,20130530,0.058,0.058,0.051,0.051,556700
DRK,20130530,0.042,0.042,0.039,0.04,893000
DRM,20130530,0.45,0.5,0.45,0.5,200766
DSB,20130530,0.46,0.46,0.46,0.46,5000
DTE,20130530,0.041,0.041,0.038,0.04,3317841
DTL,20130530,1.18,1.2,1.18,1.19,15283
DTQ,20130530,0.021,0.021,0.021,0.021,14000
DUE,20130530,2.27,2.31,2.26,2.28,3873670
DUI,20130530,3.12,3.13,3.08,3.13,40646
DVA,20130530,0.025,0.027,0.025,0.027,1226205
DVN,20130530,0.885,0.885,0.885,0.885,161459
DWS,20130530,1.53,1.54,1.525,1.54,61646
DXS,20130530,1.115,1.12,1.09,1.095,12679377
DYE,20130530,0.41,0.425,0.385,0.39,5110541
DYL,20130530,0.041,0.041,0.038,0.039,357656
EAF,20130530,0.007,0.007,0.007,0.007,89167
EAL,20130530,0.64,0.65,0.6,0.62,31000
EAR,20130530,0.1,0.1,0.1,0.1,50000
EAS,20130530,0.1,0.1,0.1,0.1,50000
EAX,20130530,3.11,3.11,3.1,3.1,6500
EBT,20130530,1.41,1.41,1.41,1.41,3632
ECQ,20130530,0.01,0.01,0.01,0.01,50000
ECV,20130530,1.61,1.61,1.6,1.6,27052
EDE,20130530,0.015,0.015,0.012,0.012,890024
EEG,20130530,0.1,0.1,0.1,0.1,20545
EER,20130530,0.05,0.05,0.05,0.05,15000
EEU,20130530,13.32,13.32,13.32,13.32,1000
EFE,20130530,0.04,0.04,0.04,0.04,203400
EGG,20130530,0.34,0.34,0.31,0.31,86303
EGN,20130530,0.17,0.17,0.17,0.17,17543
EGO,20130530,0.013,0.013,0.012,0.013,28215435
EGP,20130530,2.98,2.98,2.93,2.94,13358046
EHL,20130530,0.425,0.425,0.405,0.42,1034102
ELD,20130530,0.105,0.125,0.105,0.115,4366988
ELI,20130530,0.87,0.88,0.87,0.88,141000
ELK,20130530,0.165,0.165,0.16,0.16,20000
ELM,20130530,0.435,0.435,0.435,0.435,51244
ELT,20130530,0.02,0.02,0.02,0.02,45000
EMA,20130530,0.035,0.035,0.035,0.035,10000
EMG,20130530,0.011,0.011,0.011,0.011,14000
EML,20130530,0.34,0.34,0.33,0.33,85000
EMU,20130530,0.089,0.09,0.089,0.09,55157
EMX,20130530,0.025,0.026,0.025,0.026,50000
ENE,20130530,4.18,4.18,4.1,4.15,10209
ENT,20130530,0.063,0.063,0.063,0.063,31400
ENV,20130530,1,1.025,1,1.015,1590633
EPW,20130530,2.59,2.62,2.59,2.59,33641
EPX,20130530,1.73,1.75,1.73,1.75,24647
EQE,20130530,0.039,0.04,0.039,0.04,22000
EQH,20130530,0.2,0.2,0.15,0.15,125000
EQT,20130530,15.9,15.97,15.9,15.97,1200
EQU,20130530,0.005,0.005,0.005,0.005,18000
EQX,20130530,0.63,0.64,0.58,0.63,152626
ERA,20130530,1.18,1.205,1.15,1.16,745410
ERI,20130530,0.03,0.03,0.03,0.03,70000
ERJ,20130530,0.005,0.005,0.004,0.005,6161480
ERM,20130530,0.049,0.049,0.049,0.049,20000
ERN,20130530,0.005,0.005,0.005,0.005,262000
ESK,20130530,0.7,0.7,0.7,0.7,1500
ESN,20130530,0.001,0.001,0.001,0.001,17914
ESV,20130530,0.36,0.365,0.36,0.36,115250
ETE,20130530,0.045,0.046,0.045,0.045,349562
ETF,20130530,21.63,21.63,21.63,21.63,1160
EUG,20130530,0.026,0.03,0.026,0.03,118404
EVE,20130530,0.005,0.005,0.004,0.005,641039
EVM,20130530,0.028,0.028,0.028,0.028,100000
EVN,20130530,0.76,0.81,0.74,0.78,2279806
EVR,20130530,0.92,0.925,0.885,0.89,1018290
EWC,20130530,0.355,0.4,0.355,0.385,2516430
EXC,20130530,0.032,0.032,0.03,0.03,603437
EXG,20130530,0.12,0.12,0.12,0.12,8400
EZL,20130530,1.065,1.065,1.04,1.04,43100
FAN,20130530,1.95,1.96,1.94,1.96,26117
FAR,20130530,0.031,0.033,0.03,0.03,6682914
FAS,20130530,0.009,0.01,0.009,0.009,1089777
FBU,20130530,7.05,7.05,6.98,7,2621696
FCN,20130530,0.013,0.013,0.012,0.012,98085
FDC,20130530,2.47,2.5,2.415,2.45,5745107
FEL,20130530,0.015,0.015,0.015,0.015,10000
FFF,20130530,0.016,0.016,0.016,0.016,14662
FGE,20130530,4.32,4.45,4.28,4.45,358370
FIN,20130530,5.52,5.52,5.47,5.47,4690
FIX,20130530,6.43,6.43,6.43,6.43,78
FKP,20130530,1.42,1.43,1.37,1.4,825079
FLK,20130530,0.15,0.155,0.15,0.155,77932
FLT,20130530,39,39.26,38.79,39,377188
FMG,20130530,3.33,3.4,3.27,3.35,28527998
FML,20130530,0.014,0.014,0.013,0.013,27088579
FMS,20130530,0.042,0.044,0.042,0.044,523079
FNP,20130530,1.7,1.75,1.68,1.695,597769
FOT,20130530,0.2,0.2,0.2,0.2,30000
FOY,20130530,0.004,0.004,0.003,0.003,1767564
FPH,20130530,2.74,2.74,2.7,2.7,25700
FRC,20130530,0.059,0.059,0.058,0.058,20000
FRG,20130530,0.16,0.16,0.14,0.14,167000
FRI,20130530,1.32,1.33,1.28,1.32,254749
FSA,20130530,0.7,0.7,0.7,0.7,10000
FSE,20130530,0.006,0.006,0.006,0.006,300133
FSF,20130530,6.55,6.58,6.46,6.46,178977
FSI,20130530,1.38,1.38,1.38,1.38,235
FTE,20130530,0.017,0.017,0.017,0.017,416200
FUN,20130530,0.177,0.177,0.175,0.175,391610
FWD,20130530,4.22,4.23,4.07,4.08,703257
FXJ,20130530,0.61,0.615,0.6,0.61,6560147
FXL,20130530,4.4,4.48,4.37,4.42,1047601
FYI,20130530,0.05,0.05,0.05,0.05,1012
FZR,20130530,0.3,0.32,0.3,0.32,132563
GAP,20130530,0.3,0.3,0.3,0.3,4439
GBE,20130530,0.064,0.064,0.062,0.063,215856
GBG,20130530,0.11,0.115,0.11,0.11,2021997
GBT,20130530,1.485,1.5,1.485,1.5,209844
GCG,20130530,0.048,0.048,0.048,0.048,190000
GCN,20130530,0.009,0.009,0.009,0.009,1971427
GCR,20130530,0.006,0.006,0.005,0.005,1805932
GCS,20130530,0.46,0.46,0.42,0.43,189286
GCY,20130530,0.195,0.195,0.18,0.18,31018
GDA,20130530,0.058,0.058,0.058,0.058,51631
GDO,20130530,0.18,0.18,0.17,0.17,62505
GDY,20130530,0.09,0.091,0.087,0.09,349159
GEM,20130530,2.2,2.29,2.2,2.28,857492
GER,20130530,0.024,0.024,0.024,0.024,10000
GFF,20130530,0.73,0.732,0.71,0.73,3199886
GGE,20130530,0.001,0.001,0.001,0.001,770000
GGG,20130530,0.27,0.275,0.27,0.27,196634
GGP,20130530,0.003,0.003,0.003,0.003,235815
GGX,20130530,0.027,0.027,0.027,0.027,38754
GHC,20130530,1.055,1.065,1.05,1.065,69010
GID,20130530,0.55,0.55,0.55,0.55,3055
GIP,20130530,0.008,0.008,0.007,0.007,254132
GJT,20130530,0.67,0.67,0.66,0.66,3600
GLL,20130530,0.105,0.105,0.1,0.1,135000
GLM,20130530,0.006,0.006,0.006,0.006,1000000
GLY,20130530,0.051,0.051,0.05,0.05,35000
GMG,20130530,5.09,5.125,5.01,5.02,7026789
GML,20130530,0.06,0.06,0.06,0.06,35000
GMR,20130530,0.023,0.023,0.022,0.022,259612
GNC,20130530,12.75,12.76,12.72,12.74,554979
GNG,20130530,0.45,0.45,0.42,0.42,72750
GOA,20130530,0.002,0.002,0.002,0.002,1450000
GOLD,20130530,139.3,139.81,138.8,139.7,11683
GOR,20130530,0.063,0.063,0.06,0.06,316468
GOW,20130530,2.4,2.4,2.4,2.4,11000
GOZ,20130530,2.58,2.59,2.55,2.59,96292
GPG,20130530,0.405,0.405,0.4,0.4,22379
GPH,20130530,0.04,0.04,0.04,0.04,12500
GPT,20130530,3.96,3.96,3.83,3.86,7469307
GRB,20130530,0.18,0.185,0.18,0.18,28281
GRF,20130530,1.54,1.55,1.54,1.54,98338
GRR,20130530,0.175,0.18,0.165,0.175,2705291
GRY,20130530,0.2,0.205,0.195,0.195,1078739
GSE,20130530,0.008,0.008,0.007,0.007,2612500
GTE,20130530,0.18,0.215,0.18,0.195,127287
GUD,20130530,7.11,7.13,6.96,7,340561
GUF,20130530,0.21,0.215,0.19,0.19,1433317
GUN,20130530,0.02,0.02,0.02,0.02,22000
GWA,20130530,2.22,2.22,2.15,2.16,782900
GXL,20130530,4.98,4.98,4.76,4.76,49809
GXN,20130530,0.001,0.001,0.001,0.001,1000000
GZL,20130530,3.09,3.09,3.01,3.01,4800
HAO,20130530,0.16,0.16,0.16,0.16,2000
HAR,20130530,0.08,0.082,0.08,0.082,105960
HAS,20130530,0.043,0.05,0.043,0.05,184071
HAW,20130530,0.093,0.093,0.093,0.093,7500
HAZ,20130530,0.022,0.022,0.02,0.02,490000
HCH,20130530,0.45,0.465,0.45,0.46,129931
HDX,20130530,0.28,0.285,0.28,0.285,104322
HEG,20130530,0.009,0.009,0.009,0.009,88587
HFR,20130530,0.3,0.3,0.3,0.3,1225000
HGG,20130530,2.73,2.735,2.67,2.69,3441899
HGO,20130530,0.065,0.069,0.064,0.067,2117098
HHL,20130530,2.29,2.35,2.2,2.35,51327
HHV,20130530,0.85,0.85,0.84,0.85,149513
HHY,20130530,0.54,0.54,0.54,0.54,32000
HIG,20130530,0.066,0.066,0.066,0.066,20000
HIL,20130530,0.99,1.015,0.985,1.015,249708
HIN,20130530,2.8,2.8,2.74,2.74,4300
HLS,20130530,0.01,0.01,0.01,0.01,50000
HNG,20130530,0.54,0.54,0.495,0.495,69375
HNR,20130530,0.014,0.015,0.014,0.015,257059
HOG,20130530,0.065,0.065,0.065,0.065,137166
HOM,20130530,0.9,0.9,0.9,0.9,10000
HOR,20130530,0.078,0.079,0.075,0.079,137300
HRL,20130530,0.011,0.011,0.011,0.011,35000
HRR,20130530,0.14,0.14,0.14,0.14,41396
HSN,20130530,0.925,0.93,0.92,0.925,76319
HTA,20130530,0.041,0.041,0.041,0.041,55795
HVN,20130530,2.55,2.56,2.5,2.54,1508696
HZN,20130530,0.385,0.395,0.38,0.38,2015847
IAA,20130530,48.04,48.1,47.7,47.86,12696
IAF,20130530,104.1,104.61,104.1,104.28,12854
IAG,20130530,5.46,5.59,5.44,5.58,5696901
IAU,20130530,0.33,0.335,0.32,0.325,1940296
IBC,20130530,0.55,0.555,0.55,0.555,140000
IBG,20130530,0.044,0.046,0.043,0.046,556666
IBK,20130530,40.17,40.3,39.84,39.84,1270
ICG,20130530,0.022,0.024,0.022,0.024,1307224
ICN,20130530,0.145,0.155,0.145,0.155,382651
ICP,20130530,0.081,0.081,0.08,0.08,147100
ICQ,20130530,0.49,0.49,0.475,0.475,135000
ICX,20130530,0.105,0.105,0.1,0.1,90000
IDT,20130530,0.23,0.23,0.23,0.23,4750
IDZ,20130530,0.38,0.38,0.38,0.38,25000
IEC,20130530,0.12,0.12,0.12,0.12,41111
IEM,20130530,44.2,44.2,43.4,43.5,25941
IEU,20130530,44.12,44.12,43.75,43.75,2161
IFE,20130530,0.1,0.1,0.1,0.1,115294
IFL,20130530,8.3,8.44,8.2,8.32,471285
IFM,20130530,0.495,0.495,0.495,0.495,11000
IFN,20130530,0.24,0.245,0.24,0.245,21083
IGB,20130530,103,103,103,103,16
IGO,20130530,3.23,3.23,3.13,3.17,383790
IHD,20130530,15.95,15.96,15.8,15.91,22024
IHK,20130530,20.96,20.96,20.56,20.56,1266
IIN,20130530,5.78,5.82,5.62,5.65,953018
IJH,20130530,123.5,123.8,122.73,122.73,10810
IJP,20130530,11.78,11.78,11.39,11.43,53633
IJR,20130530,94.88,95.07,94.07,94.07,1022
IKO,20130530,60.58,60.58,60.54,60.54,247
ILB,20130530,105.37,105.5,105.37,105.5,595
ILC,20130530,22.5,22.5,22.28,22.38,12305
ILU,20130530,11.19,11.19,10.86,11.14,2761270
IMA,20130530,0.15,0.15,0.145,0.145,27754
IMD,20130530,0.875,0.91,0.87,0.88,558404
IMF,20130530,2,2,1.985,2,185077
IMI,20130530,0.001,0.001,0.001,0.001,6104
INA,20130530,0.34,0.345,0.34,0.345,195943
INQ,20130530,0.745,0.745,0.74,0.74,46000
IOF,20130530,3.25,3.25,3.095,3.14,1586782
IOH,20130530,0.72,0.72,0.715,0.72,45524
IOO,20130530,74.82,74.85,74.13,74.15,22751
IOZ,20130530,21.5,21.51,21.36,21.44,10275
IPB,20130530,0.25,0.25,0.25,0.25,64500
IPD,20130530,0.08,0.08,0.077,0.077,85494
IPE,20130530,0.39,0.39,0.39,0.39,27074
IPL,20130530,2.79,2.83,2.76,2.81,12345095
IPP,20130530,0.75,0.75,0.735,0.735,51300
IRE,20130530,8.43,8.43,8.11,8.32,220694
IRI,20130530,1.15,1.15,1.12,1.12,45951
IRL,20130530,0.002,0.002,0.002,0.002,50000
IRN,20130530,0.29,0.29,0.275,0.28,1784728
IRU,20130530,102.51,102.51,101.4,101.63,779
ISG,20130530,14.17,14.25,14.14,14.25,3521
ISN,20130530,0.315,0.325,0.3,0.32,919968
ISO,20130530,3.84,3.84,3.8,3.8,51222
ISS,20130530,0.22,0.22,0.22,0.22,5000
ITW,20130530,14.57,14.57,14.3,14.3,185
IVA,20130530,0.12,0.125,0.115,0.115,1242751
IVC,20130530,10.84,10.94,10.52,10.77,610913
IVE,20130530,63.66,63.84,63.4,63.4,1654
IVG,20130530,0.06,0.06,0.06,0.06,100000
IVR,20130530,0.11,0.115,0.11,0.115,157667
IVV,20130530,173,173.21,171.14,171.56,29112
IXI,20130530,87.31,87.31,86.46,86.46,939
IXJ,20130530,80.99,80.99,80.15,80.15,5859
IXR,20130530,0.068,0.068,0.065,0.065,1048300
IZM,20130530,0.005,0.005,0.005,0.005,850000
IZZ,20130530,38.15,38.25,37.72,37.72,2714
JAL,20130530,0.21,0.23,0.21,0.23,20000
JAT,20130530,0.026,0.026,0.026,0.026,50000
JBH,20130530,15.34,15.49,14.93,15.06,504442
JHX,20130530,9.9,9.96,9.68,9.75,1191186
JIN,20130530,1.52,1.52,1.45,1.51,14852
JKA,20130530,0.089,0.09,0.082,0.082,814695
JMB,20130530,0.011,0.011,0.011,0.011,150000
JMS,20130530,0.085,0.085,0.078,0.084,650491
JRV,20130530,0.032,0.032,0.032,0.032,3000
JYC,20130530,0.4,0.4,0.4,0.4,16953
KAB,20130530,0.005,0.006,0.005,0.006,2041000
KAR,20130530,5.77,5.83,5.53,5.55,469609
KAS,20130530,0.12,0.12,0.11,0.11,88000
KBC,20130530,0.17,0.17,0.17,0.17,130000
KBL,20130530,0.043,0.046,0.043,0.046,52500
KCN,20130530,1.575,1.62,1.55,1.58,1526206
KDL,20130530,0.28,0.3,0.28,0.3,200000
KDR,20130530,0.33,0.33,0.295,0.295,669700
KEY,20130530,0.009,0.009,0.009,0.009,400000
KGD,20130530,0.1,0.1,0.1,0.1,1121008
KIS,20130530,0.048,0.055,0.048,0.055,105423
KKO,20130530,0.24,0.24,0.24,0.24,25000
KMC,20130530,0.005,0.005,0.005,0.005,517060
KMD,20130530,2.28,2.37,2.28,2.33,340631
KNL,20130530,0.046,0.047,0.046,0.046,130000
KOV,20130530,5.22,5.22,5.22,5.22,459
KPL,20130530,0.385,0.4,0.38,0.4,80000
KPR,20130530,0.105,0.105,0.098,0.1,732896
KRA,20130530,0.055,0.055,0.055,0.055,80000
KRC,20130530,0.024,0.024,0.024,0.024,485000
KRL,20130530,0.03,0.03,0.029,0.029,811000
KRM,20130530,0.345,0.35,0.325,0.33,284198
KSC,20130530,1.755,1.755,1.63,1.665,35304
KSN,20130530,0.051,0.075,0.051,0.075,41512
KTA,20130530,0.06,0.06,0.06,0.06,10000
LAM,20130530,0.73,0.75,0.73,0.75,25000
LAT,20130530,0.016,0.016,0.016,0.016,250000
LAU,20130530,0.19,0.19,0.19,0.19,22500
LCM,20130530,1.26,1.26,1.235,1.25,45183
LCR,20130530,0.013,0.013,0.012,0.012,50000
LCT,20130530,0.046,0.046,0.046,0.046,17379
LCY,20130530,0.068,0.068,0.064,0.064,59040
LEG,20130530,0.009,0.009,0.009,0.009,4745000
LEI,20130530,18.8,18.91,18.36,18.5,1547640
LEP,20130530,2.7,2.71,2.66,2.71,243789
LGD,20130530,0.26,0.26,0.255,0.26,80000
LGM,20130530,0.02,0.02,0.02,0.02,500000
LIC,20130530,0.8,0.8,0.8,0.8,53747
LKO,20130530,0.006,0.006,0.006,0.006,3035000
LLC,20130530,10.04,10.05,9.8,9.93,1525001
LMB,20130530,0.085,0.09,0.085,0.09,110000
LMG,20130530,0.005,0.006,0.005,0.005,725289
LML,20130530,0.072,0.072,0.072,0.072,69169
LMR,20130530,0.05,0.05,0.05,0.05,200000
LNC,20130530,1.725,1.777,1.53,1.585,6932774
LNG,20130530,0.195,0.195,0.19,0.19,22000
LNR,20130530,0.145,0.15,0.145,0.15,77700
LNY,20130530,0.03,0.03,0.03,0.03,3332
LOM,20130530,0.008,0.008,0.008,0.008,892125
LRL,20130530,0.285,0.295,0.28,0.295,2175250
LRR,20130530,0.002,0.003,0.002,0.003,895000
LRS,20130530,0.1,0.1,0.1,0.1,136235
LSA,20130530,0.18,0.185,0.18,0.185,11250
LSR,20130530,0.016,0.016,0.016,0.016,1941
LSX,20130530,0.54,0.54,0.54,0.54,146800
LTX,20130530,0.029,0.029,0.028,0.029,80000
LYC,20130530,0.54,0.55,0.53,0.545,8959600
LYL,20130530,4.14,4.24,4.08,4.24,69493
MAD,20130530,0.35,0.41,0.345,0.39,3687436
MAH,20130530,0.18,0.187,0.18,0.18,2096377
MAK,20130530,0.12,0.12,0.115,0.115,29750
MAQ,20130530,8.54,8.54,8.45,8.45,3942
MAT,20130530,0.38,0.38,0.365,0.375,34050
MAU,20130530,0.105,0.105,0.105,0.105,8544
MBC,20130530,0.35,0.35,0.35,0.35,23000
MBE,20130530,0.021,0.021,0.02,0.02,725691
MBN,20130530,0.17,0.175,0.17,0.175,750047
MBO,20130530,0.04,0.045,0.04,0.043,430000
MCE,20130530,0.78,0.825,0.78,0.81,439846
MCP,20130530,1.87,1.87,1.87,1.87,8312
MCR,20130530,0.605,0.61,0.585,0.585,359360
MCX,20130530,0.064,0.07,0.064,0.07,4561
MDI,20130530,0.09,0.09,0.085,0.085,23441
MDL,20130530,2.8,2.88,2.77,2.85,521401
MDS,20130530,0.002,0.002,0.002,0.002,1996902
MDV,20130530,0.003,0.003,0.003,0.003,41714
MDX,20130530,0.135,0.135,0.135,0.135,50000
MED,20130530,0.175,0.18,0.175,0.18,424112
MEI,20130530,0.023,0.023,0.023,0.023,35000
MEL,20130530,0.059,0.059,0.056,0.056,444418
MEO,20130530,0.068,0.069,0.067,0.067,779128
MEP,20130530,0.12,0.12,0.12,0.12,3000
MEU,20130530,0.054,0.054,0.049,0.049,387048
MEY,20130530,0.005,0.005,0.005,0.005,500000
MFC,20130530,0.013,0.013,0.013,0.013,40000
MFF,20130530,1.28,1.36,1.275,1.285,307327
MFG,20130530,8.59,8.59,8.06,8.3,307595
MGL,20130530,0.023,0.024,0.023,0.024,150866
MGR,20130530,1.67,1.685,1.615,1.625,12567606
MGV,20130530,0.07,0.07,0.069,0.069,20000
MGX,20130530,0.49,0.49,0.475,0.48,3567208
MGY,20130530,0.03,0.035,0.03,0.035,73200
MGZ,20130530,0.033,0.033,0.033,0.033,10000
MHM,20130530,0.14,0.14,0.135,0.135,108160
MIN,20130530,8.79,8.95,8.7,8.84,1004792
MIO,20130530,1.855,1.885,1.84,1.85,290930
MIR,20130530,2.35,2.36,2.31,2.31,40599
MIZ,20130530,0.012,0.012,0.012,0.012,690280
MKB,20130530,0.046,0.049,0.045,0.046,485582
MLB,20130530,2.22,2.23,2.2,2.2,77869
MLD,20130530,1.925,1.925,1.865,1.895,370809
MLM,20130530,0.12,0.12,0.12,0.12,15000
MLT,20130530,19.4,19.4,19.01,19.01,17248
MLX,20130530,0.11,0.112,0.11,0.11,431816
MMC,20130530,0.074,0.074,0.07,0.07,265293
MML,20130530,2.36,2.43,2.33,2.39,2486945
MMS,20130530,16.51,16.57,16.14,16.56,127457
MMX,20130530,0.041,0.041,0.04,0.04,614111
MNB,20130530,0.024,0.024,0.023,0.023,304049
MNC,20130530,0.018,0.019,0.018,0.019,856555
MND,20130530,16.1,16.1,15.7,16.04,519725
MNE,20130530,0.025,0.04,0.025,0.03,2042253
MNF,20130530,1.415,1.415,1.36,1.36,53104
MNM,20130530,0.035,0.036,0.035,0.036,115000
MNW,20130530,0.018,0.018,0.018,0.018,486667
MNY,20130530,0.8,0.8,0.78,0.8,22098
MOC,20130530,2.17,2.17,2.15,2.15,226064
MOD,20130530,0.04,0.04,0.04,0.04,300000
MOO,20130530,0.007,0.008,0.006,0.008,4255083
MOX,20130530,0.041,0.041,0.041,0.041,42000
MOY,20130530,0.017,0.017,0.016,0.016,3051500
MOZ,20130530,0.006,0.006,0.006,0.006,5405
MPJ,20130530,0.006,0.006,0.006,0.006,15000
MPO,20130530,0.25,0.25,0.25,0.25,20500
MPS,20130530,0.065,0.065,0.065,0.065,5500
MQA,20130530,1.8,1.89,1.8,1.875,1406465
MQG,20130530,43.09,43.81,42.48,43.2,1211305
MRM,20130530,3.4,3.47,3.38,3.45,843057
MRN,20130530,0.75,0.75,0.75,0.75,1000
MRP,20130530,0.195,0.195,0.195,0.195,27000
MRQ,20130530,0.19,0.21,0.19,0.21,225000
MRR,20130530,0.09,0.09,0.09,0.09,65000
MRX,20130530,0.009,0.009,0.009,0.009,16287
MSB,20130530,6.13,6.27,6.04,6.25,649948
MSC,20130530,0.004,0.005,0.004,0.005,103000
MSR,20130530,0.076,0.076,0.076,0.076,205000
MTE,20130530,0.07,0.076,0.07,0.076,113000
MTN,20130530,0.025,0.025,0.025,0.025,100000
MTS,20130530,3.9,3.94,3.87,3.88,3385283
MTU,20130530,5.5,5.5,5.25,5.47,985184
MUE,20130530,0.096,0.096,0.096,0.096,16000
MUM,20130530,0.028,0.028,0.023,0.023,252077
MVP,20130530,1.155,1.175,1.155,1.17,15300
MXI,20130530,1.21,1.22,1.155,1.2,213683
MXQ,20130530,0.345,0.345,0.345,0.345,148960
MYE,20130530,0.8,0.83,0.8,0.83,16390
MYG,20130530,0.036,0.036,0.036,0.036,56300
MYR,20130530,2.48,2.51,2.43,2.44,3618701
MYS,20130530,4.55,4.65,4.55,4.62,26130
MYT,20130530,2.05,2.06,2.02,2.03,132202
MYX,20130530,0.435,0.435,0.42,0.425,644425
MZI,20130530,0.017,0.017,0.017,0.017,1215000
MZM,20130530,0.13,0.13,0.12,0.12,6756
NAB,20130530,29.15,29.63,29.09,29.32,40016900
NAE,20130530,0.031,0.031,0.03,0.03,115000
NAM,20130530,0.265,0.275,0.265,0.275,63600
NAN,20130530,0.5,0.515,0.5,0.515,398550
NBL,20130530,0.635,0.635,0.59,0.63,35262
NCK,20130530,2.12,2.12,2.12,2.12,850
NCM,20130530,15.04,15.19,14.42,14.42,4924670
NCR,20130530,0.1,0.1,0.095,0.095,230137
NDL,20130530,0.035,0.035,0.035,0.035,500000
NDO,20130530,0.027,0.028,0.026,0.027,867440
NEA,20130530,0.25,0.26,0.23,0.23,1562495
NEN,20130530,0.265,0.265,0.255,0.255,3622635
NEU,20130530,0.058,0.059,0.053,0.055,5700044
NFE,20130530,0.092,0.094,0.085,0.087,1691406
NFK,20130530,0.45,0.45,0.445,0.445,277610
NGE,20130530,0.02,0.02,0.02,0.02,100000
NGF,20130530,0.145,0.17,0.145,0.17,21500
NGY,20130530,0.042,0.044,0.04,0.04,300000
NHC,20130530,3.75,3.88,3.75,3.88,319977
NHF,20130530,2.3,2.31,2.26,2.28,231751
NIO,20130530,0.004,0.004,0.004,0.004,50000
NIU,20130530,0.012,0.012,0.012,0.012,25000
NKP,20130530,0.057,0.06,0.057,0.06,138127
NMG,20130530,0.019,0.019,0.018,0.018,119973
NOD,20130530,0.065,0.065,0.065,0.065,10890
NOE,20130530,0.18,0.18,0.18,0.18,30119
NRT,20130530,0.16,0.16,0.155,0.155,57964
NRU,20130530,0.011,0.011,0.011,0.011,3892
NSE,20130530,0.125,0.135,0.125,0.135,480251
NSL,20130530,0.025,0.028,0.023,0.028,673656
NSP,20130530,0.052,0.059,0.052,0.059,19187
NST,20130530,0.72,0.755,0.71,0.75,3291882
NTL,20130530,0.01,0.01,0.01,0.01,600000
NTU,20130530,0.12,0.12,0.11,0.11,349959
NUF,20130530,4.55,4.69,4.49,4.57,470256
NVG,20130530,0.024,0.024,0.024,0.024,77500
NVI,20130530,0.125,0.135,0.12,0.135,60000
NVT,20130530,5.69,5.69,5.55,5.63,340091
NWE,20130530,0.025,0.025,0.023,0.023,2449132
NWH,20130530,1.14,1.185,1.135,1.17,1721079
NWR,20130530,0.059,0.059,0.059,0.059,10000
NWS,20130530,34.05,34.19,33.46,33.84,2536882
NWT,20130530,0.385,0.39,0.38,0.39,338824
NXS,20130530,0.1,0.105,0.095,0.096,5853652
NXT,20130530,2.32,2.35,2.28,2.3,409252
NZO,20130530,0.69,0.69,0.675,0.675,17372
OBJ,20130530,0.013,0.013,0.013,0.013,499800
OBL,20130530,0.015,0.016,0.015,0.016,433000
OBS,20130530,0.16,0.16,0.15,0.15,212225
OCL,20130530,0.39,0.39,0.39,0.39,10000
ODY,20130530,0.012,0.012,0.012,0.012,25000
OEC,20130530,0.18,0.18,0.17,0.18,2516981
OEG,20130530,0.054,0.054,0.05,0.05,94013
OEL,20130530,0.067,0.07,0.067,0.07,190718
OEQ,20130530,0.24,0.24,0.24,0.24,2200
OEX,20130530,0.058,0.058,0.058,0.058,29330
OGC,20130530,1.875,1.89,1.825,1.85,807877
OGX,20130530,0.215,0.215,0.205,0.205,85700
OGY,20130530,0.026,0.026,0.026,0.026,40000
OIL,20130530,0.078,0.078,0.077,0.077,12090
OKN,20130530,1.16,1.185,1.16,1.18,152922
OMH,20130530,0.38,0.39,0.38,0.385,1671444
ONC,20130530,0.19,0.19,0.19,0.19,97501
ONT,20130530,5.95,5.95,5.95,5.95,500
OPG,20130530,0.175,0.175,0.175,0.175,24000
ORD,20130530,0.009,0.009,0.008,0.009,2821841
ORE,20130530,1.48,1.51,1.46,1.475,137557
ORG,20130530,13.31,13.49,13.25,13.47,2824006
ORI,20130530,22.27,22.43,21.85,21.94,1662963
ORL,20130530,7.1,7.1,6.9,7.03,30757
ORM,20130530,0.05,0.05,0.05,0.05,10000
ORO,20130530,0.001,0.002,0.001,0.002,1400000
ORR,20130530,0.11,0.11,0.11,0.11,200000
ORS,20130530,0.11,0.11,0.11,0.11,30000
ORX,20130530,0.05,0.05,0.05,0.05,50000
OSH,20130530,8.34,8.43,8.28,8.35,5115674
OTE,20130530,0.002,0.002,0.002,0.002,300000
OTH,20130530,0.45,0.45,0.43,0.43,282735
OTI,20130530,0.031,0.031,0.03,0.03,100000
OXX,20130530,0.23,0.23,0.22,0.22,95148
OZF,20130530,18.29,18.29,18.21,18.21,758
OZL,20130530,3.99,4.09,3.99,4.05,2965080
OZR,20130530,9.64,9.64,9.62,9.62,2030
PAB,20130530,0.025,0.025,0.025,0.025,220000
PAG,20130530,0.845,0.85,0.835,0.85,247375
PAN,20130530,0.275,0.275,0.255,0.255,925783
PBD,20130530,0.011,0.011,0.011,0.011,1500000
PBG,20130530,0.74,0.75,0.725,0.75,1939825
PBT,20130530,0.235,0.235,0.23,0.23,105000
PCL,20130530,0.067,0.067,0.065,0.067,973102
PDI,20130530,0.027,0.027,0.027,0.027,193600
PDN,20130530,0.97,1.022,0.96,0.98,8660178
PDY,20130530,0.003,0.003,0.003,0.003,6928881
PDZ,20130530,0.29,0.29,0.29,0.29,61818
PEA,20130530,0.4,0.4,0.395,0.4,50090
PEK,20130530,0.17,0.175,0.165,0.17,160395
PEM,20130530,0.14,0.145,0.14,0.14,308704
PEN,20130530,0.024,0.031,0.023,0.03,17805413
PEX,20130530,0.435,0.44,0.41,0.41,120135
PFG,20130530,0.11,0.11,0.11,0.11,28595
PFL,20130530,1.52,1.54,1.52,1.52,18410
PGC,20130530,0.33,0.33,0.31,0.31,38400
PGI,20130530,0.097,0.097,0.095,0.096,737601
PGL,20130530,0.24,0.24,0.24,0.24,450
PGS,20130530,0.021,0.021,0.021,0.021,254022
PHK,20130530,0.06,0.06,0.06,0.06,50000
PIO,20130530,0.019,0.019,0.019,0.019,50000
PIR,20130530,0.7,0.725,0.695,0.72,3648343
PKO,20130530,0.015,0.015,0.015,0.015,200000
PMC,20130530,1.38,1.385,1.36,1.37,203435
PME,20130530,0.52,0.52,0.52,0.52,48000
PMP,20130530,0.29,0.3,0.285,0.3,314841
PMQ,20130530,0.022,0.022,0.022,0.022,84424
PMV,20130530,7.23,7.23,7.11,7.2,883099
PNA,20130530,2.35,2.44,2.35,2.39,2572229
PNE,20130530,0.003,0.003,0.003,0.003,17244
PNL,20130530,0.071,0.071,0.071,0.071,30000
PNN,20130530,0.022,0.022,0.022,0.022,6000
PNR,20130530,0.145,0.145,0.145,0.145,50000
PNX,20130530,0.024,0.024,0.024,0.024,36108
POH,20130530,0.13,0.135,0.13,0.135,513583
POK,20130530,0.23,0.24,0.22,0.23,58006
POS,20130530,0.175,0.205,0.17,0.18,2009810
POZ,20130530,0.016,0.016,0.016,0.016,3800
PPC,20130530,1.195,1.2,1.19,1.195,196705
PPG,20130530,0.495,0.51,0.495,0.5,170296
PPK,20130530,0.445,0.445,0.445,0.445,27885
PPM,20130530,5.32,5.39,5.32,5.39,79224
PPS,20130530,0.065,0.065,0.06,0.06,24625
PPT,20130530,43.06,43.7,42.24,42.88,105694
PPX,20130530,0.057,0.058,0.057,0.058,200310
PRG,20130530,2.3,2.41,2.3,2.36,543686
PRL,20130530,0.09,0.09,0.089,0.089,950000
PRR,20130530,0.074,0.074,0.07,0.07,1648104
PRT,20130530,0.97,0.97,0.96,0.97,7602
PRU,20130530,1.005,1.04,0.99,1.04,4897780
PRY,20130530,5.16,5.21,5.085,5.13,2287431
PSA,20130530,0.135,0.14,0.13,0.14,253750
PSF,20130530,0.022,0.022,0.022,0.022,100000
PSP,20130530,0.008,0.008,0.008,0.008,155105
PTL,20130530,0.014,0.014,0.014,0.014,700000
PTM,20130530,5.15,5.2,5.05,5.09,865356
PTR,20130530,0.023,0.025,0.023,0.025,30871
PUN,20130530,0.175,0.195,0.175,0.185,377168
PVA,20130530,3.35,3.35,3.35,3.35,188
PVD,20130530,0.4,0.44,0.4,0.42,521740
PVM,20130530,0.37,0.37,0.37,0.37,322500
PWN,20130530,0.14,0.14,0.12,0.12,123569
PXG,20130530,0.17,0.175,0.17,0.17,240000
PXR,20130530,0.003,0.003,0.003,0.003,34000
PXS,20130530,0.18,0.195,0.17,0.18,3227884
PYC,20130530,0.02,0.02,0.02,0.02,25000
PYM,20130530,0.018,0.018,0.018,0.018,200000
PZC,20130530,0.03,0.03,0.03,0.03,3608
QAN,20130530,1.56,1.6,1.555,1.585,7756849
QAU,20130530,14.43,14.44,14.42,14.44,2219
QBE,20130530,15.99,16.08,15.74,15.93,6372871
QBL,20130530,0.009,0.009,0.009,0.009,220000
QFN,20130530,9.83,9.86,9.8,9.86,9419
QFX,20130530,0.016,0.016,0.016,0.016,435000
QHL,20130530,0.14,0.15,0.14,0.15,75000
QMN,20130530,0.018,0.018,0.018,0.018,5000
QPN,20130530,0.003,0.003,0.003,0.003,146328
QRE,20130530,5.4,5.4,5.4,5.4,5162
QRX,20130530,1.15,1.22,1.14,1.22,186688
QTG,20130530,0.01,0.011,0.01,0.011,301500
QUB,20130530,1.695,1.735,1.695,1.715,1750641
QXQ,20130530,0.002,0.002,0.002,0.002,36660
RAU,20130530,0.007,0.007,0.007,0.007,135994
RCB,20130530,20.7,20.7,20.7,20.7,942
RCF,20130530,0.022,0.022,0.022,0.022,36000
RCG,20130530,0.57,0.57,0.56,0.56,9000
RCM,20130530,0.007,0.007,0.005,0.005,2658511
RCO,20130530,0.41,0.41,0.41,0.41,1994
RCP,20130530,0.005,0.005,0.004,0.005,1730136
RCR,20130530,2.1,2.12,2.08,2.1,376133
RDF,20130530,1.1,1.145,1.1,1.145,10862
RDH,20130530,0.245,0.245,0.245,0.245,4000
RDM,20130530,0.078,0.079,0.075,0.075,64500
RDR,20130530,0.065,0.068,0.065,0.068,1923321
RDV,20130530,27.5,27.58,27.3,27.4,17039
REA,20130530,27.77,28.4,27.65,28.4,321848
REF,20130530,0.035,0.035,0.035,0.035,2500
REH,20130530,23.49,23.49,23.49,23.49,1980
RER,20130530,0.044,0.044,0.037,0.037,20500
RES,20130530,0.19,0.195,0.185,0.195,71500
REX,20130530,1.15,1.15,1.11,1.14,66000
REY,20130530,0.05,0.05,0.05,0.05,378717
RFE,20130530,0.55,0.55,0.525,0.54,473191
RFG,20130530,4,4,3.91,3.95,67173
RFL,20130530,0.17,0.17,0.17,0.17,65800
RFX,20130530,0.05,0.05,0.05,0.05,50000
RGB,20130530,20.5,20.5,20.5,20.5,220
RHC,20130530,34.9,35.41,34.39,35.11,480599
RHG,20130530,0.41,0.41,0.405,0.405,296315
RHL,20130530,3.1,3.35,3.1,3.28,304594
RIA,20130530,0.042,0.042,0.042,0.042,74000
RIC,20130530,0.79,0.807,0.79,0.805,486515
RIM,20130530,0.055,0.055,0.054,0.054,195000
RIO,20130530,53.9,53.99,53.13,53.96,2671820
RKN,20130530,2.47,2.51,2.42,2.42,79386
RMD,20130530,5.2,5.2,5.12,5.13,3179279
RMI,20130530,0.001,0.001,0.001,0.001,1700000
RMP,20130530,0.054,0.054,0.053,0.053,278000
RMR,20130530,0.001,0.001,0.001,0.001,685750
RMS,20130530,0.165,0.175,0.165,0.165,2351967
RMX,20130530,0.009,0.01,0.008,0.01,410000
RNC,20130530,0.19,0.19,0.19,0.19,4954
RNI,20130530,0.074,0.074,0.074,0.074,10000
RNS,20130530,0.082,0.082,0.08,0.08,185000
RNY,20130530,0.295,0.3,0.295,0.295,260000
ROC,20130530,0.415,0.45,0.41,0.445,1053617
ROG,20130530,0.002,0.002,0.002,0.002,14542
ROL,20130530,0.22,0.23,0.22,0.23,46414
ROY,20130530,0.031,0.031,0.031,0.031,8000
RQL,20130530,0.175,0.175,0.175,0.175,21195
RRE,20130530,0.038,0.038,0.038,0.038,4314
RRL,20130530,3.78,3.985,3.76,3.95,2396812
RRS,20130530,0.045,0.045,0.043,0.045,266719
RSG,20130530,0.73,0.75,0.725,0.75,5241311
RSL,20130530,0.014,0.014,0.014,0.014,50000
RUB,20130530,0.01,0.01,0.01,0.01,5000
RUL,20130530,0.51,0.51,0.505,0.51,547579
RUM,20130530,0.16,0.16,0.14,0.14,198065
RVA,20130530,0.57,0.57,0.57,0.57,84491
RVY,20130530,0.005,0.005,0.005,0.005,43478
RWH,20130530,2.86,2.91,2.85,2.9,237171
RXL,20130530,0.036,0.052,0.036,0.042,37145040
RXM,20130530,0.28,0.28,0.27,0.27,243641
RXP,20130530,0.67,0.67,0.66,0.66,10000
RYG,20130530,0.009,0.009,0.009,0.009,23000
SAI,20130530,3.7,3.86,3.7,3.79,879679
SAR,20130530,0.14,0.155,0.14,0.15,2524130
SAV,20130530,0.019,0.019,0.019,0.019,4000
SBL,20130530,0.003,0.003,0.003,0.003,2001000
SBM,20130530,0.58,0.685,0.58,0.66,3051716
SBN,20130530,0.005,0.005,0.005,0.005,19286
SCI,20130530,0.059,0.059,0.055,0.055,100001
SCP,20130530,1.745,1.75,1.645,1.655,2915971
SDG,20130530,1.54,1.57,1.52,1.565,156524
SDI,20130530,0.5,0.5,0.5,0.5,150000
SDL,20130530,0.086,0.088,0.084,0.085,19738316
SDM,20130530,0.62,0.62,0.55,0.57,523562
SEG,20130530,0.002,0.002,0.002,0.002,6418790
SEH,20130530,0.12,0.125,0.115,0.125,1010539
SEK,20130530,10,10.12,9.88,10.01,2868760
SEN,20130530,0.012,0.012,0.012,0.012,296923
SER,20130530,0.032,0.032,0.031,0.031,108183
SFC,20130530,4.4,4.4,4.4,4.4,1700
SFH,20130530,0.9,0.955,0.9,0.955,23547
SFN,20130530,0.55,0.55,0.55,0.55,65000
SFR,20130530,6.35,6.45,6.28,6.31,1313966
SFW,20130530,0.71,0.71,0.7,0.7,42135
SFX,20130530,0.45,0.46,0.45,0.45,182874
SFY,20130530,50.1,50.1,49.1,49.58,20609
SFZ,20130530,0.057,0.057,0.057,0.057,17000
SGH,20130530,3,3,2.94,2.95,197564
SGI,20130530,0.31,0.31,0.31,0.31,10000
SGM,20130530,9.87,10.02,9.86,9.9,2891893
SGN,20130530,1.485,1.505,1.47,1.5,1154282
SGP,20130530,3.73,3.75,3.64,3.66,13954133
SGQ,20130530,0.15,0.15,0.13,0.15,189674
SGT,20130530,3.23,3.23,3.07,3.11,3766702
SGZ,20130530,0.017,0.017,0.016,0.016,952960
SHD,20130530,0.079,0.079,0.079,0.079,25300
SHJ,20130530,1.43,1.43,1.41,1.42,102021
SHK,20130530,0.003,0.003,0.003,0.003,10000
SHL,20130530,14.34,14.45,14.22,14.45,1021880
SHV,20130530,3.02,3.18,3.02,3.15,72400
SIH,20130530,0.08,0.08,0.08,0.08,50000
SIP,20130530,0.815,0.815,0.777,0.805,3122964
SIR,20130530,2.88,3.05,2.85,2.95,1454658
SIV,20130530,7.2,7.2,6.9,7,60819
SIX,20130530,0.016,0.016,0.016,0.016,300000
SKC,20130530,3.6,3.64,3.45,3.5,308016
SKE,20130530,2.47,2.48,2.41,2.47,757332
SKI,20130530,1.71,1.73,1.695,1.72,4797001
SKT,20130530,4.81,4.82,4.73,4.78,203329
SLE,20130530,0.027,0.027,0.027,0.027,500
SLF,20130530,9.75,9.75,9.51,9.54,194778
SLM,20130530,1.99,1.995,1.98,1.99,35159
SLR,20130530,0.8,0.805,0.755,0.785,8649025
SLT,20130530,0.04,0.04,0.04,0.04,450
SLX,20130530,2.53,2.56,2.38,2.39,156053
SMA,20130530,0.003,0.004,0.003,0.004,1059890
SMC,20130530,0.02,0.02,0.02,0.02,46000
SMM,20130530,1.4,1.4,1.4,1.4,2633
SMR,20130530,0.13,0.13,0.13,0.13,65050
SMX,20130530,5.02,5.02,4.9,4.96,131425
SND,20130530,0.7,0.71,0.7,0.71,8252
SNL,20130530,1.5,1.5,1.4,1.4,60138
SNY,20130530,0.36,0.36,0.35,0.35,79000
SOC,20130530,0.165,0.19,0.165,0.19,7600
SOL,20130530,14.55,14.58,14.3,14.36,125877
SPI,20130530,0.021,0.023,0.021,0.023,66298
SPL,20130530,0.86,0.875,0.85,0.86,159436
SPN,20130530,1.19,1.2,1.182,1.19,8143458
SPS,20130530,0.009,0.009,0.009,0.009,800000
SRI,20130530,0.068,0.068,0.065,0.065,398000
SRK,20130530,0.055,0.055,0.055,0.055,76392
SRM,20130530,0.16,0.16,0.15,0.155,1713962
SRQ,20130530,0.017,0.017,0.016,0.016,38000
SRR,20130530,0.008,0.008,0.008,0.008,170000
SRV,20130530,3.49,3.5,3.49,3.5,16744
SRX,20130530,10.61,10.75,10.55,10.75,288717
SRZ,20130530,0.068,0.068,0.065,0.067,416666
SSM,20130530,0.15,0.15,0.145,0.15,1179148
SSN,20130530,0.024,0.024,0.023,0.023,156730
SST,20130530,30.99,30.99,30.99,30.99,123
STB,20130530,0.3,0.3,0.285,0.3,28334
STE,20130530,0.028,0.03,0.028,0.03,495437
STO,20130530,12.8,12.98,12.77,12.94,3520048
STP,20130530,1.38,1.38,1.38,1.38,175
STS,20130530,0.42,0.425,0.42,0.425,28014
STW,20130530,46.95,46.98,46.5,46.82,277611
STX,20130530,0.093,0.093,0.091,0.092,450001
SUD,20130530,0.029,0.03,0.028,0.028,921111
SUH,20130530,0.1,0.1,0.1,0.1,90000
SUL,20130530,11.21,11.24,10.94,11.07,508944
SUM,20130530,0.17,0.19,0.17,0.185,854174
SUN,20130530,12.5,12.525,12.3,12.47,2820249
SUR,20130530,0.031,0.031,0.027,0.027,4005237
SVW,20130530,7.7,7.7,7.32,7.43,556804
SWE,20130530,0.13,0.14,0.125,0.135,535000
SWJ,20130530,0.1,0.1,0.1,0.1,43000
SWK,20130530,0.3,0.3,0.295,0.3,85800
SWL,20130530,1.04,1.06,1.04,1.06,21015
SWM,20130530,2.21,2.21,2.145,2.18,2850427
SXE,20130530,1.015,1.015,1.015,1.015,640
SXG,20130530,0.018,0.018,0.017,0.017,485000
SXI,20130530,0.02,0.021,0.02,0.021,220000
SXL,20130530,1.385,1.41,1.357,1.41,3260745
SXY,20130530,0.58,0.582,0.51,0.57,8959793
SYD,20130530,3.72,3.72,3.63,3.66,4222282
SYI,20130530,27.75,27.94,27.63,27.77,41249
SYR,20130530,1.825,1.91,1.825,1.88,614227
TAH,20130530,3.46,3.46,3.33,3.38,2959176
TAM,20130530,0.081,0.081,0.08,0.08,820423
TAN,20130530,0.41,0.41,0.41,0.41,42500
TAP,20130530,0.51,0.525,0.505,0.51,216153
TAS,20130530,0.06,0.06,0.06,0.06,77918
TAW,20130530,0.009,0.009,0.008,0.009,2100000
TBR,20130530,1.33,1.33,1.33,1.33,6400
TCL,20130530,6.85,6.935,6.81,6.87,4406493
TCQ,20130530,0.255,0.255,0.25,0.25,12715
TEL,20130530,1.9,1.925,1.89,1.9,2224710
TEN,20130530,0.285,0.29,0.28,0.285,3939849
TEY,20130530,0.035,0.035,0.035,0.035,97000
TFC,20130530,0.46,0.46,0.46,0.46,23333
TGA,20130530,2.19,2.22,2.18,2.18,398715
TGG,20130530,1.02,1.025,1.015,1.025,461838
TGP,20130530,0.5,0.5,0.5,0.5,9000
TGR,20130530,1.94,2.14,1.935,2.09,297122
TGS,20130530,0.23,0.235,0.22,0.225,3395814
TGZ,20130530,0.7,0.7,0.695,0.7,89200
THR,20130530,0.004,0.004,0.004,0.004,170000
THX,20130530,0.039,0.039,0.037,0.037,68899
TIS,20130530,0.12,0.125,0.11,0.125,270000
TIX,20130530,0.545,0.55,0.54,0.54,820970
TLG,20130530,0.095,0.095,0.095,0.095,10900
TLM,20130530,0.125,0.125,0.115,0.115,130000
TLS,20130530,4.85,4.86,4.77,4.77,59763218
TME,20130530,4.1,4.2,4.1,4.2,1119442
TMM,20130530,1.25,1.25,1.25,1.25,80
TNC,20130530,0.009,0.009,0.009,0.009,600688
TNE,20130530,1.75,1.765,1.73,1.75,266724
TNG,20130530,0.061,0.061,0.06,0.06,180990
TNP,20130530,0.02,0.021,0.019,0.021,1085000
TOE,20130530,0.07,0.071,0.069,0.07,501661
TOL,20130530,4.92,4.92,4.84,4.87,2036870
TOU,20130530,0.25,0.25,0.25,0.25,43420
TOX,20130530,3.37,3.45,3.33,3.45,298509
TPD,20130530,0.049,0.05,0.047,0.05,1913861
TPI,20130530,0.89,0.9,0.855,0.86,2088345
TPL,20130530,0.002,0.002,0.002,0.002,84097
TPM,20130530,3.52,3.55,3.4,3.45,949389
TPT,20130530,0.235,0.235,0.235,0.235,8378
TRF,20130530,0.097,0.097,0.097,0.097,1200
TRG,20130530,6.26,6.27,6.23,6.26,22384
TRO,20130530,0.045,0.045,0.045,0.045,10000
TRS,20130530,16.73,16.79,16.24,16.34,73341
TRU,20130530,6.43,6.46,6.43,6.44,27493
TRY,20130530,1.795,1.85,1.76,1.77,472025
TSE,20130530,0.94,0.95,0.905,0.94,1884673
TSM,20130530,0.28,0.28,0.28,0.28,274
TSV,20130530,0.005,0.005,0.005,0.005,600000
TTE,20130530,0.011,0.011,0.01,0.01,4580137
TTN,20130530,1.5,1.5,1.47,1.47,1384
TTS,20130530,3.28,3.29,3.2,3.24,3698295
TUC,20130530,0.05,0.05,0.05,0.05,64000
TUP,20130530,1.79,1.8,1.7,1.7,229370
TWD,20130530,2.37,2.37,2.25,2.35,19902
TWE,20130530,6.15,6.32,6.15,6.24,1995810
TWR,20130530,1.57,1.6,1.57,1.58,57727
TZL,20130530,0.115,0.115,0.11,0.11,159565
TZN,20130530,0.02,0.023,0.02,0.023,977860
UBI,20130530,0.69,0.69,0.69,0.69,35000
UCL,20130530,0.31,0.31,0.31,0.31,178930
UCW,20130530,0.01,0.01,0.01,0.01,4630
UEQ,20130530,0.027,0.028,0.027,0.028,300000
UGL,20130530,7.1,7.16,7.03,7.13,889978
UML,20130530,0.07,0.075,0.07,0.07,874380
UNS,20130530,0.605,0.63,0.595,0.615,2573626
UNV,20130530,0.07,0.07,0.07,0.07,157537
UNX,20130530,0.027,0.03,0.024,0.03,9482373
UOG,20130530,0.018,0.019,0.018,0.019,45092
UOS,20130530,0.52,0.52,0.52,0.52,23160
URF,20130530,1.8,1.85,1.77,1.77,112823
USA,20130530,0.029,0.029,0.028,0.028,3619
USD,20130530,10.29,10.31,10.2,10.23,467517
USF,20130530,1.68,1.68,1.68,1.68,12000
UXC,20130530,0.975,0.99,0.97,0.98,554913
VAF,20130530,49.42,49.42,49.4,49.4,1399
VAH,20130530,0.435,0.455,0.435,0.455,5953389
VAP,20130530,60.93,60.93,59.55,59.55,5626
VAS,20130530,63.65,63.65,62.86,63.02,9360
VEI,20130530,0.71,0.78,0.705,0.735,491472
VEU,20130530,49.48,49.52,48.71,48.71,10197
VGB,20130530,48.99,48.99,48.94,48.94,559
VHY,20130530,59.93,60.05,59.45,59.74,14591
VIC,20130530,0.04,0.04,0.039,0.039,22750
VIE,20130530,0.27,0.27,0.27,0.27,6517
VIL,20130530,0.02,0.023,0.02,0.023,12141
VLA,20130530,0.275,0.275,0.275,0.275,23698
VLC,20130530,55.44,55.48,55.44,55.48,280
VLW,20130530,1.145,1.145,1.12,1.13,20508
VMC,20130530,0.099,0.099,0.099,0.099,5656
VMG,20130530,0.017,0.017,0.016,0.016,16185660
VML,20130530,0.018,0.018,0.018,0.018,40000
VMS,20130530,0.145,0.15,0.145,0.15,85629
VMT,20130530,0.013,0.013,0.012,0.012,1026749
VOC,20130530,2.16,2.18,2.12,2.16,100066
VOR,20130530,0.009,0.009,0.008,0.008,1429355
VRL,20130530,5.15,5.19,5.02,5.12,131338
VSO,20130530,42.91,43.13,42.7,42.7,3823
VTG,20130530,0.61,0.62,0.6,0.6,369875
VTS,20130530,88.88,88.89,87.66,87.66,10210
VTX,20130530,0.001,0.001,0.001,0.001,13500000
VXR,20130530,0.016,0.016,0.015,0.015,254000
WAA,20130530,1.14,1.14,1.13,1.13,48971
WAF,20130530,0.15,0.15,0.15,0.15,35609
WAM,20130530,1.68,1.685,1.665,1.68,482064
WAS,20130530,0.007,0.008,0.007,0.008,915000
WAX,20130530,0.98,0.99,0.97,0.97,94786
WBB,20130530,6,6.05,6,6,4088
WBC,20130530,28.35,28.86,28.295,28.86,10097341
WCB,20130530,4.09,4.09,4.09,4.09,5000
WCL,20130530,0.19,0.19,0.17,0.17,284960
WCN,20130530,0.01,0.01,0.01,0.01,100000
WCP,20130530,0.05,0.05,0.046,0.05,191300
WDC,20130530,11.73,11.76,11.425,11.49,8054240
WDR,20130530,0.695,0.695,0.65,0.66,661433
WDS,20130530,0.36,0.36,0.36,0.36,123898
WEB,20130530,4.39,4.42,4.38,4.4,122017
WEC,20130530,0.17,0.175,0.17,0.17,35500
WES,20130530,40.04,40.53,39,39.28,4028166
WHC,20130530,2.23,2.265,2.19,2.22,3810683
WHE,20130530,0.05,0.05,0.05,0.05,15000
WHF,20130530,3.57,3.57,3.5,3.5,50742
WHG,20130530,0.68,0.685,0.66,0.67,250449
WHN,20130530,0.028,0.028,0.028,0.028,763000
WIG,20130530,0.24,0.25,0.24,0.25,67500
WIN,20130530,0.25,0.25,0.25,0.25,4093
WKT,20130530,0.012,0.012,0.012,0.012,83000
WLF,20130530,0.28,0.28,0.28,0.28,84125
WLL,20130530,2.65,2.68,2.65,2.68,4242
WLR,20130530,0.012,0.012,0.012,0.012,42600
WOF,20130530,0.06,0.061,0.06,0.061,235941
WOR,20130530,20.1,20.7,20.09,20.7,1470984
WOW,20130530,33.22,33.59,32.75,33.18,3155399
WPG,20130530,0.038,0.038,0.035,0.035,200612
WPL,20130530,36.59,36.75,36.06,36.3,2858153
WRT,20130530,3.11,3.14,3.04,3.05,20027445
WSA,20130530,2.93,2.96,2.85,2.92,434525
WSR,20130530,0.008,0.008,0.008,0.008,5960
WTF,20130530,5.57,5.58,5.43,5.49,415466
WTP,20130530,0.545,0.62,0.545,0.58,335415
WTR,20130530,0.235,0.235,0.235,0.235,500000
XAM,20130530,0.04,0.04,0.04,0.04,67705
XCD,20130530,0.08,0.086,0.08,0.081,466018
XRO,20130530,11.06,11.2,11.05,11.2,10565
XST,20130530,0.012,0.012,0.012,0.012,29000
YAL,20130530,0.68,0.7,0.68,0.7,73470
YBR,20130530,0.565,0.565,0.545,0.545,81548
YOW,20130530,0.16,0.17,0.16,0.165,80450
YRR,20130530,0.007,0.007,0.007,0.007,2487500
YTC,20130530,0.2,0.2,0.195,0.195,70200
ZIM,20130530,8.5,8.5,8.5,8.5,400
ZNC,20130530,0.13,0.13,0.125,0.125,26145
ZRL,20130530,0.001,0.001,0.001,0.001,172000
ZTA,20130530,0.016,0.02,0.015,0.015,193755
XAF,20130530,5065.6,5065.6,4983.9,5019,0
XAO,20130530,4959.2,4959.2,4885.4,4917.1,0
XAT,20130530,4938.8,4938.8,4863.4,4896.1,0
XDJ,20130530,1616.8,1617.2,1584.9,1593.7,0
XEC,20130530,1043.8,1046.3,1040.6,1042.4,0
XEJ,20130530,13229.2,13302,13156.8,13257.8,0
XFJ,20130530,5394.4,5394.4,5308.2,5350.9,0
XFL,20130530,5120.2,5120.2,5036.9,5072.2,0
XGD,20130530,2887.4,2962.1,2887.4,2905.4,0
XHJ,20130530,13026.7,13098.6,12875.7,13001.7,0
XIJ,20130530,730.2,730.2,709.6,726.4,0
XJO,20130530,4974.7,4974.7,4897.9,4930.7,0
XJR,20130530,3948.7,3948.7,3893.7,3916.9,0
XKO,20130530,4932.5,4932.5,4856.9,4888.9,0
XMD,20130530,4092.4,4092.4,4048.3,4063.8,0
XMJ,20130530,9447,9447,9288.8,9340.5,0
XMM,20130530,3119.2,3119.2,3065,3081,0
XNJ,20130530,3735.4,3735.4,3694.8,3717.2,0
XPJ,20130530,1073.8,1074.1,1044.4,1047.2,0
XSJ,20130530,9804.7,9900.3,9640.8,9724.1,0
XSO,20130530,2092.6,2093.2,2069.1,2082,0
XTJ,20130530,1690.7,1690.7,1642.6,1643,0
XTL,20130530,3095.9,3095.9,3045,3068.3,0
XTO,20130530,4124.5,4124.5,4059.9,4086.9,0
XUJ,20130530,5444.6,5465.3,5378.4,5392.7,0
XXJ,20130530,6221,6221,6127.7,6190.8,0
