AAA,20130509,50.13,50.13,50.11,50.11,9767
AAC,20130509,1.125,1.13,1.09,1.125,302575
AAD,20130509,1.69,1.735,1.685,1.72,2181948
AAI,20130509,8.4,8.5,8.4,8.5,1100
AAJ,20130509,0.048,0.048,0.048,0.048,100000
AAU,20130509,0.11,0.11,0.11,0.11,69000
AAX,20130509,2.62,2.63,2.53,2.56,384977
ABC,20130509,3.35,3.38,3.32,3.36,2173301
ABP,20130509,2.44,2.44,2.41,2.43,597876
ABU,20130509,0.03,0.032,0.029,0.032,7725190
ABW,20130509,1.075,1.075,1.07,1.07,374569
ABY,20130509,0.395,0.4,0.385,0.395,328012
ABZ,20130509,0.185,0.195,0.185,0.195,149611
ACB,20130509,0.06,0.06,0.059,0.059,31792
ACK,20130509,0.17,0.17,0.17,0.17,300000
ACL,20130509,0.35,0.375,0.35,0.375,737491
ACR,20130509,3.81,3.85,3.78,3.83,1597180
ADA,20130509,0.34,0.34,0.33,0.33,3833
ADJ,20130509,0.029,0.035,0.029,0.035,1658310
ADN,20130509,0.105,0.105,0.085,0.089,5612698
ADO,20130509,0.061,0.065,0.06,0.065,1202800
ADX,20130509,0.016,0.016,0.016,0.016,230000
ADY,20130509,0.032,0.032,0.031,0.031,128457
AEB,20130509,0.21,0.235,0.21,0.235,108904
AEF,20130509,20.8,21,20.8,21,350
AEK,20130509,0.045,0.045,0.045,0.045,1845
AEU,20130509,1.53,1.595,1.53,1.56,130222
AFA,20130509,0.21,0.21,0.21,0.21,5252
AFI,20130509,5.63,5.69,5.61,5.64,360084
AFR,20130509,0.097,0.1,0.097,0.1,255767
AGD,20130509,0.14,0.14,0.14,0.14,2525
AGE,20130509,0.03,0.03,0.03,0.03,170000
AGF,20130509,0.69,0.7,0.685,0.685,434242
AGG,20130509,3.6,3.75,3.6,3.75,925
AGI,20130509,3.91,3.93,3.86,3.89,301591
AGK,20130509,14.88,15.05,14.82,15,2332604
AGO,20130509,1.045,1.055,0.965,1.015,29731886
AGR,20130509,0.079,0.079,0.075,0.075,332964
AGS,20130509,0.15,0.155,0.15,0.15,135529
AGX,20130509,0.015,0.015,0.015,0.015,25500
AGY,20130509,0.097,0.098,0.096,0.096,115000
AHD,20130509,8.49,8.62,8.49,8.62,7815
AHE,20130509,4.24,4.29,4.19,4.22,737541
AHZ,20130509,0.031,0.032,0.03,0.032,864350
AIA,20130509,2.63,2.63,2.58,2.62,11488
AIB,20130509,1.02,1.02,1.02,1.02,80500
AIO,20130509,5.38,5.39,5.26,5.32,4276013
AIQ,20130509,0.26,0.26,0.26,0.26,81000
AIW,20130509,0.024,0.025,0.023,0.023,6679692
AIX,20130509,3.14,3.15,3.14,3.15,1124958
AJA,20130509,3.93,3.95,3.91,3.94,219098
AJC,20130509,0.011,0.011,0.011,0.011,469552
AJL,20130509,1.35,1.36,1.28,1.32,68455
AJM,20130509,0.115,0.12,0.115,0.12,82470
AJQ,20130509,0.28,0.29,0.28,0.29,18211
AJX,20130509,0.079,0.079,0.079,0.079,75550
AKA,20130509,0.11,0.11,0.099,0.099,432954
AKK,20130509,0.013,0.013,0.013,0.013,5992185
AKM,20130509,0.075,0.075,0.071,0.071,468486
AKP,20130509,2.4,2.4,2.4,2.4,4648
ALF,20130509,1.535,1.535,1.52,1.53,1191518
ALK,20130509,0.51,0.535,0.5,0.535,349426
ALL,20130509,4.08,4.2,4.08,4.16,2268370
ALQ,20130509,9.8,9.8,9.63,9.7,1504145
ALR,20130509,1.34,1.345,1.335,1.34,75500
ALU,20130509,1.66,1.665,1.63,1.66,111832
ALY,20130509,0.052,0.052,0.052,0.052,1600
ALZ,20130509,3.63,3.655,3.59,3.64,509909
AMA,20130509,0.32,0.32,0.315,0.32,92090
AMC,20130509,9.75,9.88,9.74,9.83,2958713
AMH,20130509,0.925,0.925,0.925,0.925,10000
AMM,20130509,2.03,2.04,2.02,2.04,479798
AMP,20130509,5.55,5.57,5.48,5.5,8268295
AMX,20130509,0.205,0.225,0.205,0.22,964318
ANG,20130509,4.96,5.1,4.96,5.09,35812
ANN,20130509,16.53,16.6,16.36,16.46,616857
ANO,20130509,0.014,0.015,0.014,0.015,1256000
ANP,20130509,0.01,0.01,0.01,0.01,75000
ANQ,20130509,0.012,0.012,0.01,0.01,7023293
ANZ,20130509,30.41,30.66,30.315,30.59,45139696
AOC,20130509,0.041,0.041,0.041,0.041,104000
AOD,20130509,1.035,1.035,1.035,1.035,32000
AOH,20130509,0.2,0.2,0.195,0.195,425407
AOK,20130509,0.125,0.135,0.125,0.135,513346
AON,20130509,0.04,0.04,0.04,0.04,25500
AOU,20130509,0.12,0.12,0.12,0.12,12227
APA,20130509,6.6,6.74,6.56,6.59,2437793
APD,20130509,0.19,0.19,0.19,0.19,50000
APE,20130509,4.9,4.93,4.9,4.92,18052
APG,20130509,0.019,0.019,0.019,0.019,3754
API,20130509,0.45,0.455,0.445,0.45,883642
APK,20130509,0.38,0.4,0.38,0.4,63500
APN,20130509,0.38,0.39,0.38,0.39,906189
APZ,20130509,0.19,0.19,0.185,0.185,713160
AQA,20130509,2.26,2.34,2.18,2.24,719027
AQC,20130509,0.015,0.015,0.015,0.015,600000
AQF,20130509,1.91,1.91,1.91,1.91,18347
AQG,20130509,2.9,2.95,2.88,2.91,548245
AQO,20130509,0.195,0.21,0.195,0.21,169068
AQP,20130509,0.71,0.735,0.71,0.73,504666
AQQ,20130509,0.031,0.031,0.031,0.031,15000
AQR,20130509,0.18,0.18,0.175,0.175,87922
AQZ,20130509,1.785,1.8,1.785,1.8,20535
ARA,20130509,0.3,0.305,0.3,0.305,153722
ARD,20130509,0.065,0.065,0.065,0.065,7500
ARE,20130509,0.031,0.031,0.028,0.028,676000
ARG,20130509,6.66,6.75,6.66,6.75,241295
ARH,20130509,0.036,0.037,0.035,0.037,80200
ARI,20130509,0.9,0.94,0.9,0.905,11799497
ARM,20130509,0.049,0.05,0.046,0.046,154000
ARP,20130509,12.05,12.4,12,12.38,104118
ARU,20130509,0.11,0.11,0.105,0.11,71918
ARV,20130509,0.008,0.009,0.008,0.009,113760
ARW,20130509,0.007,0.007,0.007,0.007,40550
ARX,20130509,0.003,0.004,0.003,0.004,240000
ASB,20130509,0.63,0.65,0.63,0.645,103889
ASL,20130509,1.585,1.69,1.585,1.67,5671310
ASX,20130509,38.25,38.58,38.21,38.42,593450
ASZ,20130509,0.36,0.365,0.355,0.36,889909
ATI,20130509,0.17,0.18,0.17,0.18,29858
ATP,20130509,0.039,0.039,0.039,0.039,19400
ATU,20130509,0.72,0.775,0.72,0.76,436549
ATV,20130509,0.028,0.03,0.028,0.03,168371
AUB,20130509,10.29,10.29,10.1,10.1,17631
AUC,20130509,0.032,0.034,0.032,0.032,1743040
AUF,20130509,1.01,1.01,1,1,28669
AUI,20130509,7.42,7.5,7.42,7.43,8410
AUQ,20130509,0.09,0.09,0.085,0.09,79723
AUT,20130509,3.12,3.17,3.105,3.13,1298088
AUZ,20130509,0.011,0.011,0.011,0.011,77000
AVA,20130509,0.115,0.115,0.115,0.115,328610
AVB,20130509,0.057,0.059,0.056,0.057,562200
AVG,20130509,0.47,0.47,0.47,0.47,244689
AVH,20130509,0.1,0.1,0.1,0.1,110000
AVI,20130509,0.041,0.041,0.037,0.037,245000
AVJ,20130509,0.415,0.415,0.41,0.41,68896
AVQ,20130509,0.017,0.017,0.016,0.016,6923753
AVX,20130509,0.016,0.016,0.016,0.016,522000
AVY,20130509,0.05,0.05,0.05,0.05,10000
AVZ,20130509,0.009,0.009,0.009,0.009,783287
AWC,20130509,1.07,1.08,1.045,1.08,13032240
AWE,20130509,1.26,1.275,1.23,1.255,2269615
AWV,20130509,0.042,0.042,0.042,0.042,62766
AXC,20130509,0.003,0.003,0.003,0.003,300000
AXE,20130509,0.155,0.155,0.14,0.15,363850
AXI,20130509,0.045,0.046,0.045,0.045,307908
AXM,20130509,0.021,0.022,0.019,0.022,423301
AYB,20130509,0.065,0.065,0.065,0.065,7695
AYC,20130509,0.195,0.195,0.195,0.195,5000
AYE,20130509,0.036,0.036,0.036,0.036,15549
AYF,20130509,6.43,6.43,6.43,6.43,200
AYI,20130509,0.003,0.003,0.003,0.003,1400000
AYM,20130509,0.017,0.017,0.017,0.017,70000
AYR,20130509,0.007,0.008,0.007,0.008,1091000
AZF,20130509,2.18,2.25,2.18,2.25,76905
AZG,20130509,0.048,0.048,0.043,0.043,463500
AZH,20130509,0.305,0.32,0.295,0.32,1928291
AZJ,20130509,4.27,4.32,4.25,4.25,9034988
AZM,20130509,0.053,0.053,0.052,0.052,591883
AZS,20130509,0.045,0.049,0.045,0.047,2561764
AZV,20130509,0.065,0.065,0.065,0.065,52230
AZY,20130509,0.064,0.064,0.062,0.062,308520
AZZ,20130509,0.37,0.37,0.37,0.37,1287935
BAB,20130509,0.037,0.037,0.037,0.037,100000
BAC,20130509,0.045,0.054,0.045,0.05,741500
BAS,20130509,0.008,0.008,0.008,0.008,1398902
BAU,20130509,0.11,0.115,0.11,0.115,648302
BBR,20130509,0.26,0.26,0.26,0.26,38000
BCC,20130509,0.04,0.04,0.038,0.039,821870
BCD,20130509,0.037,0.037,0.032,0.032,310867
BCI,20130509,3.29,3.4,3.26,3.35,332660
BCN,20130509,0.003,0.003,0.003,0.003,1180000
BCT,20130509,0.195,0.2,0.195,0.2,116975
BDI,20130509,0.002,0.002,0.002,0.002,42531
BDR,20130509,0.74,0.77,0.735,0.75,9898449
BEAR,20130509,19.15,19.17,19.11,19.16,7369
BEN,20130509,11.08,11.11,10.91,10.98,680686
BER,20130509,0.42,0.42,0.42,0.42,50000
BEZ,20130509,0.075,0.075,0.075,0.075,200000
BFG,20130509,0.7,0.74,0.7,0.72,75756
BGA,20130509,2.81,2.89,2.81,2.84,44175
BGD,20130509,0.024,0.025,0.024,0.025,122000
BGG,20130509,0.185,0.185,0.185,0.185,6084
BGL,20130509,0.69,0.69,0.67,0.68,159181
BGS,20130509,0.031,0.034,0.031,0.032,20263323
BHP,20130509,34.71,34.75,34.23,34.54,8899355
BIS,20130509,1.13,1.13,1.1,1.1,100100
BIT,20130509,0.097,0.097,0.096,0.096,300000
BKI,20130509,1.52,1.53,1.515,1.52,223878
BKL,20130509,26.74,27.5,26.52,27.5,15652
BKN,20130509,5.17,5.47,5.08,5.43,2078937
BKP,20130509,0.004,0.004,0.004,0.004,340000
BKW,20130509,11.9,12.01,11.9,12.01,98719
BKY,20130509,0.29,0.29,0.285,0.285,79587
BLD,20130509,4.45,4.53,4.425,4.51,4629244
BLG,20130509,0.18,0.19,0.18,0.185,209549
BLK,20130509,0.15,0.17,0.15,0.155,143000
BLR,20130509,0.01,0.011,0.01,0.011,1500000
BLT,20130509,0.014,0.014,0.014,0.014,130000
BLY,20130509,0.95,0.97,0.93,0.93,8424470
BMB,20130509,0.08,0.08,0.078,0.08,255938
BMG,20130509,0.008,0.009,0.008,0.009,667568
BMN,20130509,0.059,0.059,0.057,0.058,339667
BMY,20130509,0.012,0.012,0.012,0.012,190000
BMZ,20130509,0.14,0.145,0.14,0.145,50000
BND,20130509,0.125,0.125,0.12,0.125,1592802
BNO,20130509,0.375,0.38,0.37,0.37,71402
BOA,20130509,0.38,0.38,0.38,0.38,7667
BOC,20130509,0.515,0.525,0.51,0.52,161026
BOL,20130509,0.135,0.135,0.11,0.12,9396773
BOQ,20130509,9.68,9.78,9.65,9.73,1549153
BPA,20130509,3.9,4,3.9,4,6475
BPH,20130509,0.017,0.017,0.017,0.017,358823
BPT,20130509,1.36,1.365,1.325,1.345,6482020
BRB,20130509,0.33,0.35,0.33,0.35,25000
BRC,20130509,0.27,0.27,0.27,0.27,50000
BRG,20130509,7.22,7.24,7.07,7.1,719175
BRU,20130509,1.8,1.825,1.775,1.82,712932
BRW,20130509,0.013,0.013,0.012,0.012,105000
BSA,20130509,0.19,0.195,0.19,0.19,110789
BSE,20130509,0.32,0.355,0.32,0.355,76692
BSL,20130509,5,5.05,4.9,4.98,2436234
BSM,20130509,0.01,0.01,0.01,0.01,19031
BSR,20130509,0.013,0.015,0.012,0.015,1540787
BTC,20130509,0.024,0.024,0.024,0.024,9000
BTR,20130509,0.475,0.5,0.475,0.5,68154
BTT,20130509,3.75,3.82,3.72,3.82,153236
BTU,20130509,0.19,0.21,0.185,0.21,2462471
BUG,20130509,0.75,0.75,0.75,0.75,12500
BUL,20130509,0.036,0.036,0.035,0.036,198800
BUR,20130509,0.01,0.01,0.01,0.01,20000
BUX,20130509,0.445,0.445,0.4,0.4,285618
BUY,20130509,0.016,0.016,0.015,0.015,520000
BWF,20130509,0.145,0.145,0.145,0.145,16200
BWP,20130509,2.69,2.745,2.66,2.74,2094383
BXB,20130509,8.94,8.94,8.77,8.78,2797278
BXN,20130509,0.014,0.014,0.014,0.014,30000
BYI,20130509,1.35,1.35,1.33,1.33,4000
BYL,20130509,0.3,0.31,0.295,0.305,479203
BYR,20130509,0.022,0.022,0.018,0.022,440276
CAA,20130509,0.19,0.19,0.19,0.19,500
CAB,20130509,4.87,4.87,4.79,4.85,361851
CAJ,20130509,0.195,0.2,0.195,0.2,314925
CAM,20130509,1.09,1.1,1.075,1.075,15694
CAP,20130509,0.21,0.21,0.21,0.21,23278
CAZ,20130509,0.14,0.145,0.135,0.135,132327
CBA,20130509,71.44,71.66,70.8,71.04,2260137
CBD,20130509,0.012,0.014,0.012,0.012,1481631
CBP,20130509,0.05,0.05,0.05,0.05,49968
CBQ,20130509,0.013,0.013,0.013,0.013,368364
CBS,20130509,0.024,0.024,0.024,0.024,30000
CBX,20130509,0.07,0.07,0.07,0.07,23460
CCC,20130509,0.047,0.047,0.045,0.046,1443090
CCF,20130509,0.04,0.04,0.04,0.04,32000
CCL,20130509,12.83,13.01,12.78,13,4242132
CCP,20130509,9.4,9.48,9.29,9.38,153988
CCU,20130509,0.15,0.155,0.145,0.15,165488
CCV,20130509,1.185,1.255,1.185,1.245,1618799
CDA,20130509,2.99,3.02,2.99,3,338039
CDB,20130509,0.022,0.022,0.02,0.02,316500
CDD,20130509,6.45,6.52,6.4,6.4,394830
CDG,20130509,0.165,0.23,0.16,0.23,747336
CDI,20130509,2.79,2.8,2.77,2.78,23310
CDM,20130509,1.37,1.38,1.36,1.375,303109
CDP,20130509,5.95,5.99,5.9,5.98,3574
CDT,20130509,0.05,0.05,0.05,0.05,41343
CDU,20130509,3.7,3.78,3.68,3.78,250561
CDV,20130509,0.075,0.1,0.075,0.1,52000
CDY,20130509,0.034,0.034,0.031,0.031,5757698
CEL,20130509,0.065,0.065,0.065,0.065,20000
CEN,20130509,0.019,0.019,0.019,0.019,131578
CFE,20130509,0.14,0.15,0.135,0.14,2453236
CFU,20130509,0.044,0.044,0.042,0.042,818506
CFX,20130509,2.22,2.23,2.2,2.23,5946418
CGF,20130509,4.19,4.2,4.14,4.17,2532201
CGH,20130509,0.38,0.39,0.38,0.38,229002
CGO,20130509,0.365,0.365,0.365,0.365,3736
CGP,20130509,0.019,0.019,0.018,0.018,667757
CGS,20130509,0.36,0.36,0.36,0.36,183583
CHC,20130509,4.63,4.66,4.57,4.6,1149407
CHF,20130509,0.056,0.056,0.056,0.056,10506
CHN,20130509,0.165,0.165,0.165,0.165,50000
CII,20130509,0.8,0.81,0.8,0.8,102250
CIN,20130509,22.58,22.86,22.58,22.72,2397
CIR,20130509,0.24,0.24,0.24,0.24,5000
CIX,20130509,0.225,0.23,0.22,0.23,11602871
CJO,20130509,0.13,0.135,0.13,0.13,2984449
CKA,20130509,0.165,0.185,0.165,0.18,1139089
CKF,20130509,1.78,1.8,1.75,1.79,166580
CLA,20130509,0.013,0.014,0.013,0.014,2538358
CLH,20130509,1.585,1.585,1.555,1.58,144424
CLO,20130509,1.18,1.2,1.18,1.19,951575
CLQ,20130509,0.145,0.15,0.14,0.15,119000
CLR,20130509,0.29,0.305,0.285,0.3,236300
CLT,20130509,0.16,0.16,0.16,0.16,18009
CLV,20130509,0.65,0.68,0.65,0.67,302560
CLX,20130509,1.985,2.02,1.85,1.9,409508
CMG,20130509,0.59,0.59,0.57,0.575,354274
CMI,20130509,1.905,1.905,1.905,1.905,4700
CMT,20130509,0.17,0.17,0.17,0.17,50000
CMV,20130509,0.021,0.021,0.021,0.021,150000
CMW,20130509,1.08,1.115,1.07,1.11,2477451
CNB,20130509,0.59,0.6,0.59,0.6,65827
CND,20130509,0.295,0.295,0.295,0.295,14200
CNI,20130509,0.79,0.79,0.79,0.79,8619
CNN,20130509,0.003,0.003,0.003,0.003,250000
CNO,20130509,0.135,0.135,0.13,0.13,457582
CNU,20130509,2.23,2.26,2.22,2.23,618367
CNX,20130509,0.031,0.033,0.03,0.03,784409
COE,20130509,0.435,0.445,0.435,0.445,150521
COF,20130509,0.215,0.245,0.215,0.23,506593
COH,20130509,68.52,69.66,68.21,69.13,226576
COI,20130509,0.22,0.22,0.21,0.22,138806
COK,20130509,0.058,0.058,0.056,0.056,5203588
COM,20130509,0.008,0.01,0.008,0.01,44000
COO,20130509,0.19,0.19,0.185,0.19,225263
COY,20130509,0.03,0.03,0.028,0.028,418729
COZ,20130509,0.07,0.07,0.07,0.07,18000
CPA,20130509,1.18,1.18,1.165,1.18,6604576
CPL,20130509,0.48,0.49,0.47,0.475,940032
CPU,20130509,10.01,10.04,9.885,9.99,1286049
CPZ,20130509,0.22,0.22,0.215,0.215,16483
CQR,20130509,4.38,4.43,4.32,4.43,499594
CRZ,20130509,9.8,9.88,9.65,9.82,648448
CSD,20130509,0.075,0.076,0.068,0.072,169833
CSE,20130509,0.15,0.15,0.15,0.15,100000
CSL,20130509,60.4,61,60.355,60.72,1838792
CSR,20130509,1.91,1.995,1.91,1.99,2236852
CSS,20130509,0.013,0.013,0.012,0.013,2399179
CSV,20130509,0.825,0.835,0.815,0.82,108494
CTD,20130509,4.77,4.83,4.41,4.53,152940
CTE,20130509,0.525,0.525,0.525,0.525,7500
CTM,20130509,0.185,0.195,0.185,0.185,137500
CTN,20130509,1.06,1.06,1.035,1.055,202483
CTO,20130509,0.053,0.053,0.052,0.052,170000
CTP,20130509,0.1,0.11,0.1,0.105,3999439
CTR,20130509,0.01,0.01,0.01,0.01,138580
CTX,20130509,21.45,21.71,21.34,21.67,752912
CUE,20130509,0.125,0.125,0.125,0.125,17855
CUL,20130509,0.017,0.019,0.017,0.018,379333
CUP,20130509,1.9,1.9,1.89,1.9,29059
CUU,20130509,0.038,0.038,0.038,0.038,58125
CUV,20130509,2.1,2.1,2.05,2.05,8744
CUX,20130509,0.031,0.034,0.031,0.031,37543
CVC,20130509,1.05,1.05,1.05,1.05,1000
CVG,20130509,0.02,0.02,0.02,0.02,114135
CVN,20130509,0.052,0.052,0.049,0.049,334530
CVW,20130509,0.65,0.66,0.65,0.66,60000
CWE,20130509,0.032,0.033,0.031,0.033,1234546
CWG,20130509,0.036,0.036,0.036,0.036,232000
CWN,20130509,13.13,13.24,13.04,13.11,2198571
CWP,20130509,5.53,5.58,5.53,5.57,11994
CXX,20130509,0.15,0.15,0.15,0.15,100000
CXY,20130509,0.004,0.004,0.004,0.004,2592500
CYA,20130509,0.815,0.815,0.815,0.815,10000
CYG,20130509,3.2,3.25,3.2,3.25,13046
CYL,20130509,0.35,0.35,0.35,0.35,2500
CYY,20130509,0.115,0.115,0.115,0.115,13360
CZA,20130509,0.16,0.16,0.16,0.16,5630
CZD,20130509,0.07,0.07,0.068,0.068,164000
CZI,20130509,0.165,0.165,0.16,0.16,23150
CZN,20130509,0.042,0.043,0.038,0.038,3049047
CZR,20130509,0.058,0.06,0.058,0.06,205000
CZZ,20130509,2.85,2.85,2.85,2.85,940
DCG,20130509,1.86,1.86,1.8,1.845,441323
DCN,20130509,0.235,0.235,0.235,0.235,15000
DDD,20130509,0.018,0.018,0.018,0.018,30000
DDR,20130509,0.825,0.825,0.825,0.825,19000
DDT,20130509,0.02,0.02,0.019,0.019,218615
DGA,20130509,1.79,1.79,1.79,1.79,300
DGH,20130509,0.54,0.54,0.54,0.54,16545
DGO,20130509,0.005,0.005,0.005,0.005,128600
DGR,20130509,0.033,0.033,0.033,0.033,400000
DGX,20130509,0.029,0.029,0.029,0.029,60000
DJS,20130509,2.87,2.9,2.87,2.9,1423274
DJW,20130509,4.36,4.45,4.35,4.44,120302
DLC,20130509,0.003,0.003,0.003,0.003,3400
DLS,20130509,1.12,1.165,1.12,1.15,4365785
DLX,20130509,4.46,4.55,4.46,4.49,2730639
DMP,20130509,13.07,13.47,13.06,13.37,132945
DNA,20130509,0.36,0.365,0.35,0.365,297323
DOW,20130509,4.92,4.98,4.79,4.83,2967980
DRA,20130509,0.43,0.43,0.43,0.43,12680
DRG,20130509,0.068,0.068,0.068,0.068,100000
DRK,20130509,0.071,0.074,0.071,0.074,106152
DRM,20130509,0.53,0.54,0.52,0.54,181860
DRX,20130509,0.013,0.013,0.013,0.013,165000
DSB,20130509,0.53,0.545,0.53,0.545,35005
DTE,20130509,0.054,0.056,0.053,0.053,1019297
DTL,20130509,1.22,1.23,1.21,1.21,91400
DTM,20130509,0.093,0.095,0.093,0.095,11000
DTQ,20130509,0.025,0.025,0.025,0.025,55000
DUE,20130509,2.48,2.52,2.465,2.48,2537225
DUI,20130509,3.21,3.21,3.2,3.21,18435
DVA,20130509,0.02,0.02,0.02,0.02,469774
DVN,20130509,0.91,0.91,0.9,0.9,17728
DWS,20130509,1.43,1.47,1.425,1.47,115670
DXS,20130509,1.175,1.195,1.165,1.195,14798117
DYE,20130509,0.22,0.24,0.19,0.19,7441267
DYL,20130509,0.045,0.045,0.044,0.044,256511
EAL,20130509,0.65,0.65,0.64,0.64,62292
EAR,20130509,0.1,0.1,0.09,0.09,82000
EAS,20130509,0.095,0.095,0.095,0.095,39999
EAX,20130509,3.1,3.12,3.1,3.12,16575
ECV,20130509,1.6,1.6,1.6,1.6,7000
EDE,20130509,0.012,0.012,0.012,0.012,633609
EEG,20130509,0.105,0.105,0.1,0.105,123000
EFT,20130509,0.45,0.45,0.45,0.45,1290
EGN,20130509,0.17,0.17,0.17,0.17,6000
EGO,20130509,0.012,0.013,0.012,0.013,9182499
EGP,20130509,3.65,3.69,3.61,3.67,3403565
EHL,20130509,0.485,0.49,0.475,0.48,2646203
EHR,20130509,0.003,0.003,0.003,0.003,450000
ELD,20130509,0.061,0.064,0.057,0.063,3840862
ELI,20130509,0.84,0.845,0.84,0.845,84000
ELK,20130509,0.18,0.19,0.17,0.19,33669
ELM,20130509,0.415,0.44,0.4,0.44,146600
ELX,20130509,0.175,0.175,0.175,0.175,18340
EME,20130509,0.205,0.205,0.205,0.205,11033
EML,20130509,0.3,0.3,0.3,0.3,517300
EMR,20130509,0.007,0.007,0.007,0.007,525000
EMU,20130509,0.07,0.07,0.07,0.07,6961
ENB,20130509,0.017,0.017,0.017,0.017,30000
ENE,20130509,4,4.08,4,4.08,29497
ENR,20130509,0.23,0.235,0.23,0.23,77200
ENT,20130509,0.085,0.085,0.085,0.085,248524
ENV,20130509,1.1,1.125,1.072,1.08,7321040
EOS,20130509,0.17,0.17,0.165,0.165,30000
EPD,20130509,0.595,0.61,0.595,0.61,174998
EPW,20130509,2.67,2.67,2.64,2.66,461583
EPX,20130509,1.815,1.825,1.755,1.8,150296
EQH,20130509,0.24,0.24,0.24,0.24,3290
EQT,20130509,16.7,16.7,16.7,16.7,400
EQX,20130509,0.77,0.8,0.77,0.77,32046
ERA,20130509,1.045,1.08,1.03,1.075,1237199
ERD,20130509,0.06,0.063,0.06,0.063,111746
ERJ,20130509,0.003,0.003,0.002,0.002,7160000
ERL,20130509,0.023,0.025,0.023,0.025,200000
ERM,20130509,0.055,0.06,0.055,0.06,44143
ERN,20130509,0.01,0.01,0.01,0.01,200000
ESI,20130509,0.01,0.01,0.009,0.01,1234930
ESN,20130509,0.001,0.001,0.001,0.001,10350
ESR,20130509,0.16,0.16,0.16,0.16,23473
ESV,20130509,0.36,0.36,0.35,0.35,8050
ETE,20130509,0.052,0.052,0.051,0.051,73500
ETF,20130509,22.72,22.72,22.72,22.72,2000
EUM,20130509,0.11,0.11,0.11,0.11,10000
EVE,20130509,0.004,0.005,0.004,0.005,509482
EVM,20130509,0.03,0.03,0.03,0.03,6985
EVN,20130509,0.975,1.02,0.95,1,9110509
EVR,20130509,0.9,0.935,0.9,0.93,301252
EVZ,20130509,0.045,0.045,0.045,0.045,70000
EWC,20130509,0.3,0.312,0.295,0.3,1396197
EXE,20130509,0.018,0.02,0.018,0.02,139842
EXG,20130509,0.14,0.15,0.14,0.15,367000
EXM,20130509,0.001,0.001,0.001,0.001,103626904
EZL,20130509,1.1,1.125,1.09,1.09,149182
FAN,20130509,2.95,2.95,2.93,2.94,191049
FAR,20130509,0.033,0.033,0.031,0.031,4091908
FAS,20130509,0.007,0.007,0.007,0.007,200000
FBU,20130509,6.96,7.02,6.93,6.99,1060640
FCN,20130509,0.018,0.018,0.018,0.018,32000
FDC,20130509,2.6,2.65,2.59,2.63,5335888
FEL,20130509,0.023,0.023,0.023,0.023,50000
FFF,20130509,0.019,0.019,0.017,0.018,566411
FFI,20130509,3.7,3.7,3.7,3.7,779
FGE,20130509,5.56,5.65,5.49,5.55,365227
FIX,20130509,6.86,6.86,6.86,6.86,300
FKP,20130509,1.59,1.6,1.555,1.58,1066351
FLK,20130509,0.16,0.16,0.16,0.16,361292
FLT,20130509,41.78,41.88,41.02,41.39,453149
FMG,20130509,3.94,3.97,3.87,3.92,16135525
FML,20130509,0.016,0.017,0.016,0.017,12892989
FMS,20130509,0.053,0.055,0.051,0.055,5825365
FND,20130509,0.16,0.16,0.16,0.16,35000
FNP,20130509,1.52,1.535,1.48,1.535,50479
FNT,20130509,0.015,0.015,0.015,0.015,381217
FOY,20130509,0.004,0.004,0.004,0.004,19509
FPH,20130509,2.26,2.28,2.25,2.25,405994
FPS,20130509,1.12,1.12,1.12,1.12,160
FRG,20130509,0.14,0.14,0.14,0.14,7000
FRI,20130509,1.57,1.58,1.56,1.58,62462
FRR,20130509,0.01,0.01,0.01,0.01,584
FSA,20130509,0.745,0.76,0.74,0.76,71750
FSF,20130509,6.52,6.56,6.48,6.56,56257
FUN,20130509,0.195,0.195,0.195,0.195,10000
FWD,20130509,8.5,8.6,8.5,8.58,175441
FWL,20130509,0.035,0.035,0.035,0.035,40000
FXJ,20130509,0.635,0.65,0.635,0.65,4231418
FXL,20130509,4.38,4.48,4.37,4.48,773173
FXR,20130509,0.038,0.04,0.038,0.04,30000
FYI,20130509,0.05,0.05,0.05,0.05,667
FZR,20130509,0.36,0.36,0.36,0.36,4000
GAP,20130509,0.3,0.31,0.3,0.31,70000
GBE,20130509,0.07,0.07,0.068,0.07,455501
GBG,20130509,0.17,0.17,0.16,0.165,2583685
GBI,20130509,0.085,0.085,0.085,0.085,40000
GBZ,20130509,0.018,0.02,0.018,0.02,231000
GCN,20130509,0.008,0.008,0.008,0.008,102360
GCR,20130509,0.005,0.005,0.005,0.005,463400
GCS,20130509,0.605,0.605,0.58,0.585,129693
GCY,20130509,0.22,0.22,0.205,0.205,42779
GDO,20130509,0.22,0.22,0.205,0.205,183170
GDY,20130509,0.115,0.115,0.11,0.11,526828
GEM,20130509,2.33,2.34,2.15,2.27,2081043
GFF,20130509,0.74,0.76,0.74,0.755,5429291
GFL,20130509,0.895,0.895,0.895,0.895,30000
GGE,20130509,0.002,0.002,0.002,0.002,1250000
GGG,20130509,0.25,0.26,0.245,0.26,694674
GGP,20130509,0.003,0.003,0.003,0.003,111112713
GGX,20130509,0.026,0.026,0.025,0.026,687251
GHC,20130509,1.09,1.11,1.09,1.11,155104
GJT,20130509,0.595,0.595,0.595,0.595,5802
GLA,20130509,0.01,0.01,0.009,0.009,489769
GMD,20130509,0.04,0.04,0.04,0.04,100000
GME,20130509,0.03,0.031,0.03,0.031,615413
GMG,20130509,5.45,5.49,5.4,5.4,4187155
GML,20130509,0.07,0.07,0.07,0.07,61000
GMR,20130509,0.025,0.025,0.025,0.025,335007
GMY,20130509,0.98,1,0.98,1,25311
GNC,20130509,12.73,12.79,12.73,12.77,1146409
GNG,20130509,0.615,0.615,0.61,0.61,10000
GNM,20130509,0.195,0.195,0.185,0.185,141000
GNV,20130509,0.077,0.077,0.075,0.075,377210
GOA,20130509,0.001,0.001,0.001,0.001,4500000
GOLD,20130509,138.5,139.26,137.5,138.15,12674
GOR,20130509,0.067,0.067,0.065,0.066,292950
GOW,20130509,2.43,2.43,2.43,2.43,466
GOZ,20130509,2.5,2.5,2.49,2.5,117666
GPG,20130509,0.46,0.46,0.445,0.445,202255
GPT,20130509,4.13,4.145,4.1,4.13,3913781
GRB,20130509,0.18,0.18,0.175,0.175,318889
GRF,20130509,1.5,1.5,1.49,1.49,201746
GRK,20130509,0.001,0.001,0.001,0.001,43333
GRM,20130509,0.073,0.073,0.073,0.073,55000
GRR,20130509,0.18,0.18,0.165,0.17,2587781
GRX,20130509,0.3,0.3,0.275,0.275,122624
GRY,20130509,0.21,0.245,0.205,0.24,6148166
GSC,20130509,0.041,0.041,0.041,0.041,11000
GTE,20130509,0.23,0.23,0.21,0.21,226900
GTG,20130509,0.079,0.08,0.079,0.08,200000
GUD,20130509,7.36,7.55,7.34,7.5,441813
GUF,20130509,0.2,0.21,0.195,0.195,576441
GUL,20130509,0.036,0.036,0.036,0.036,50000
GUN,20130509,0.027,0.03,0.027,0.028,59500
GWA,20130509,2.51,2.56,2.5,2.55,632042
GXL,20130509,5.49,5.5,5.47,5.47,41660
GXN,20130509,0.003,0.003,0.003,0.003,250000
GZL,20130509,2.9,2.96,2.9,2.96,13018
HAO,20130509,0.17,0.17,0.17,0.17,4000
HAR,20130509,0.115,0.115,0.115,0.115,8695
HAS,20130509,0.054,0.054,0.05,0.05,107592
HAV,20130509,0.32,0.32,0.32,0.32,61213
HAZ,20130509,0.025,0.025,0.024,0.024,535402
HCH,20130509,0.56,0.56,0.51,0.525,306833
HDG,20130509,0.067,0.068,0.067,0.068,30000
HDX,20130509,0.265,0.285,0.265,0.275,157506
HFA,20130509,0.805,0.845,0.805,0.845,66200
HFR,20130509,0.305,0.305,0.3,0.3,178659
HGG,20130509,2.62,2.65,2.62,2.64,2857758
HGO,20130509,0.071,0.071,0.069,0.071,3421518
HHL,20130509,2.73,2.86,2.73,2.84,18000
HHV,20130509,0.84,0.84,0.83,0.84,384702
HHY,20130509,0.53,0.53,0.525,0.525,44000
HIG,20130509,0.085,0.085,0.08,0.08,135801
HIL,20130509,1.05,1.06,1.035,1.04,277389
HLX,20130509,0.051,0.057,0.051,0.057,519528
HNG,20130509,0.47,0.47,0.425,0.425,64711
HNR,20130509,0.016,0.016,0.016,0.016,271000
HOG,20130509,0.064,0.065,0.062,0.062,159464
HOM,20130509,0.91,0.91,0.91,0.91,20000
HOR,20130509,0.11,0.11,0.11,0.11,9000
HRR,20130509,0.145,0.145,0.145,0.145,20000
HSK,20130509,0.09,0.09,0.082,0.085,13158
HSN,20130509,0.915,0.92,0.915,0.915,13500
HVN,20130509,2.86,2.91,2.86,2.88,2540541
HZN,20130509,0.42,0.435,0.415,0.435,2775281
IAA,20130509,46.94,47.24,46.82,46.9,6052
IAF,20130509,105.23,105.23,104.66,104.66,967
IAG,20130509,5.94,5.98,5.91,5.94,3354178
IAU,20130509,0.295,0.295,0.25,0.265,3390871
IAW,20130509,0.079,0.08,0.076,0.08,148801
IBC,20130509,0.56,0.57,0.56,0.56,220331
IBG,20130509,0.045,0.045,0.044,0.044,500000
IBK,20130509,39.85,39.85,39.85,39.85,402
ICG,20130509,0.028,0.028,0.026,0.026,1046719
ICN,20130509,0.155,0.155,0.15,0.155,132824
ICQ,20130509,0.49,0.49,0.48,0.48,120000
ICX,20130509,0.1,0.1,0.1,0.1,17555
IDC,20130509,0.06,0.065,0.058,0.065,1098407
IDD,20130509,3.9,3.9,3.9,3.9,2500
IDT,20130509,0.24,0.24,0.24,0.24,7830
IEC,20130509,0.135,0.135,0.135,0.135,51750
IEM,20130509,43.58,43.58,43.14,43.2,19303
IEU,20130509,41.95,41.95,41.7,41.8,10257
IFE,20130509,0.105,0.105,0.1,0.1,36500
IFL,20130509,8.82,8.96,8.75,8.75,655585
IFM,20130509,0.435,0.45,0.435,0.445,140153
IFN,20130509,0.26,0.265,0.26,0.26,130345
IGO,20130509,3.59,3.63,3.4,3.48,1586068
IGS,20130509,0.005,0.005,0.005,0.005,25000
IHD,20130509,16.95,17.01,16.9,16.93,26166
IHK,20130509,20.26,20.26,20.13,20.13,45
IIN,20130509,6.45,6.57,6.425,6.51,953970
IJH,20130509,116.2,116.2,115.49,115.49,540
IJP,20130509,11.58,11.67,11.46,11.46,49988
IJR,20130509,87.85,87.85,87.62,87.62,1284
IKO,20130509,57.78,57.95,57.78,57.78,520
ILC,20130509,23.6,23.62,23.47,23.55,19300
ILU,20130509,10.8,10.8,10.35,10.74,5208761
IMA,20130509,0.155,0.155,0.155,0.155,27800
IMC,20130509,0.004,0.005,0.004,0.004,9070000
IMD,20130509,1.025,1.025,0.995,1.02,871389
IMF,20130509,1.89,1.9,1.86,1.88,176362
INA,20130509,0.315,0.33,0.315,0.32,1255807
INL,20130509,0.007,0.007,0.006,0.006,140000
INQ,20130509,0.82,0.82,0.82,0.82,13982
INT,20130509,0.001,0.002,0.001,0.001,1318333
IOF,20130509,3.32,3.36,3.28,3.34,1581561
IOG,20130509,0.15,0.15,0.15,0.15,10000
IOH,20130509,0.76,0.76,0.76,0.76,73500
IOO,20130509,70.1,70.64,69.99,70.1,24686
IOZ,20130509,22.56,22.61,22.55,22.55,15512
IPB,20130509,0.27,0.27,0.27,0.27,29000
IPD,20130509,0.052,0.052,0.052,0.052,7231
IPE,20130509,0.385,0.395,0.38,0.385,326570
IPL,20130509,2.9,2.91,2.805,2.83,6834766
IPP,20130509,0.825,0.88,0.825,0.85,135816
IRE,20130509,8.51,8.58,8.45,8.58,215987
IRI,20130509,1.07,1.095,1.055,1.08,41860
IRL,20130509,0.004,0.004,0.003,0.003,2475000
IRM,20130509,0.027,0.027,0.027,0.027,10000
IRN,20130509,0.24,0.26,0.24,0.26,133692
IRU,20130509,94,94,94,94,142
ISG,20130509,14.4,14.4,14.39,14.39,354
ISN,20130509,0.135,0.15,0.135,0.15,408775
ISO,20130509,4.06,4.09,4.06,4.06,47261
ISS,20130509,0.235,0.24,0.235,0.24,21000
ITW,20130509,14.06,14.1,14.06,14.1,397
IVA,20130509,0.17,0.175,0.16,0.17,437607
IVC,20130509,11.65,11.77,11.6,11.63,262649
IVE,20130509,62.1,62.3,61.9,61.9,5344
IVO,20130509,0.03,0.03,0.03,0.03,48500
IVR,20130509,0.11,0.11,0.105,0.11,566005
IVV,20130509,161.33,161.41,160.28,160.62,12050
IVX,20130509,0.05,0.05,0.05,0.05,16333
IXI,20130509,84.2,84.53,83.95,83.95,1776
IXJ,20130509,76.01,76.01,75.25,75.4,1345
IXP,20130509,63.29,63.29,63,63,168
IXR,20130509,0.085,0.105,0.085,0.099,8148113
IZM,20130509,0.005,0.005,0.005,0.005,169348
IZZ,20130509,37.74,38,37.35,37.47,8046
JAG,20130509,0.015,0.015,0.015,0.015,14500
JAL,20130509,0.28,0.28,0.28,0.28,358
JAT,20130509,0.024,0.024,0.023,0.023,12500
JBH,20130509,17.45,17.49,17.11,17.16,400931
JET,20130509,0.4,0.4,0.375,0.38,51852
JHX,20130509,10.45,10.56,10.39,10.56,1301830
JIN,20130509,1.685,1.77,1.6,1.77,364485
JKA,20130509,0.125,0.13,0.125,0.125,210780
JMB,20130509,0.015,0.015,0.015,0.015,3079
JMS,20130509,0.093,0.11,0.093,0.105,486177
JPR,20130509,0.58,0.58,0.57,0.57,20310
KAB,20130509,0.006,0.006,0.006,0.006,460000
KAM,20130509,0.58,0.62,0.58,0.62,106660
KAR,20130509,5.39,5.45,5.22,5.34,635976
KAS,20130509,0.11,0.11,0.11,0.11,144530
KAT,20130509,0.81,0.81,0.81,0.81,46829
KBC,20130509,0.17,0.175,0.17,0.17,375776
KBL,20130509,0.061,0.064,0.061,0.062,357104
KCN,20130509,1.99,2.07,1.96,2.07,2613220
KDR,20130509,0.48,0.5,0.47,0.485,1292556
KEY,20130509,0.012,0.012,0.012,0.012,502281
KFE,20130509,0.105,0.105,0.105,0.105,7200
KGD,20130509,0.145,0.145,0.125,0.125,126700
KGM,20130509,0.165,0.165,0.16,0.16,56388
KIK,20130509,0.001,0.001,0.001,0.001,6783500
KKL,20130509,0.009,0.009,0.008,0.008,314167
KKO,20130509,0.36,0.36,0.33,0.33,188854
KMC,20130509,0.005,0.005,0.005,0.005,550000
KMD,20130509,2.39,2.44,2.39,2.4,339723
KNL,20130509,0.045,0.047,0.045,0.045,75000
KOR,20130509,0.068,0.068,0.064,0.064,132148
KOV,20130509,6.74,6.74,6.73,6.73,2215
KPL,20130509,0.37,0.37,0.37,0.37,4959
KPR,20130509,0.105,0.105,0.105,0.105,102620
KRA,20130509,0.045,0.052,0.045,0.048,365000
KRB,20130509,0.08,0.08,0.08,0.08,19979
KRC,20130509,0.025,0.025,0.025,0.025,7630
KRL,20130509,0.03,0.03,0.027,0.027,33600
KRM,20130509,0.53,0.55,0.515,0.55,106266
KSC,20130509,1.88,1.88,1.855,1.87,19312
KSN,20130509,0.098,0.098,0.095,0.095,1000
KSO,20130509,0.005,0.005,0.005,0.005,410000
KTE,20130509,0.017,0.017,0.017,0.017,12000
KTL,20130509,0.001,0.001,0.001,0.001,400000
LAM,20130509,0.765,0.765,0.765,0.765,1000
LAT,20130509,0.013,0.014,0.013,0.014,409905
LAU,20130509,0.17,0.17,0.17,0.17,195000
LBT,20130509,0.05,0.05,0.05,0.05,255000
LCE,20130509,0.21,0.21,0.21,0.21,35000
LCM,20130509,1.51,1.6,1.51,1.56,187005
LCR,20130509,0.015,0.015,0.015,0.015,625310
LCY,20130509,0.077,0.08,0.075,0.078,353334
LEG,20130509,0.008,0.008,0.008,0.008,200000
LEI,20130509,19.65,20.17,19.65,19.93,863168
LEP,20130509,2.63,2.65,2.62,2.63,146381
LGD,20130509,0.27,0.27,0.27,0.27,268329
LGM,20130509,0.023,0.023,0.023,0.023,64000
LHD,20130509,0.07,0.07,0.07,0.07,21000
LIN,20130509,0.039,0.04,0.039,0.04,38000
LKO,20130509,0.005,0.005,0.005,0.005,1018700
LLC,20130509,10.88,10.88,10.71,10.87,1162495
LMG,20130509,0.008,0.008,0.007,0.008,950000
LMR,20130509,0.06,0.06,0.06,0.06,50000
LNC,20130509,1.575,1.76,1.575,1.76,6389958
LNG,20130509,0.21,0.21,0.21,0.21,32000
LNR,20130509,0.16,0.16,0.16,0.16,300000
LNY,20130509,0.022,0.022,0.022,0.022,3499
LOM,20130509,0.008,0.008,0.007,0.007,505000
LRG,20130509,0.205,0.205,0.205,0.205,25000
LRL,20130509,0.205,0.205,0.2,0.205,140014
LRR,20130509,0.002,0.002,0.002,0.002,4000
LRS,20130509,0.125,0.125,0.125,0.125,45000
LSA,20130509,0.22,0.22,0.22,0.22,24226
LSR,20130509,0.018,0.02,0.018,0.02,411007
LSX,20130509,0.6,0.6,0.6,0.6,92300
LTR,20130509,0.02,0.02,0.02,0.02,200000
LYC,20130509,0.6,0.65,0.6,0.645,37313976
LYL,20130509,5.18,5.25,5.18,5.22,22825
MAD,20130509,0.6,0.605,0.59,0.6,1119842
MAH,20130509,0.17,0.17,0.165,0.165,7150179
MAK,20130509,0.14,0.14,0.135,0.135,285598
MAQ,20130509,8.4,8.55,8.4,8.55,17806
MAR,20130509,0.006,0.007,0.006,0.006,967167
MAT,20130509,0.42,0.42,0.38,0.415,182565
MAU,20130509,0.12,0.12,0.12,0.12,7875
MBE,20130509,0.02,0.02,0.02,0.02,105700
MBN,20130509,0.195,0.21,0.19,0.195,14182669
MCE,20130509,0.9,0.93,0.9,0.92,208381
MCH,20130509,0.092,0.092,0.08,0.08,20000
MCP,20130509,2.25,2.25,2.18,2.18,457136
MCR,20130509,0.68,0.72,0.68,0.705,297666
MCX,20130509,0.063,0.063,0.063,0.063,2000
MDL,20130509,3.14,3.16,3,3.16,361096
MDO,20130509,0.02,0.02,0.02,0.02,20000
MED,20130509,0.155,0.18,0.155,0.18,9971
MEI,20130509,0.025,0.025,0.025,0.025,9000
MEL,20130509,0.063,0.069,0.063,0.066,1296041
MEO,20130509,0.068,0.07,0.067,0.067,620232
MEP,20130509,0.14,0.145,0.14,0.145,53877
MEU,20130509,0.055,0.055,0.052,0.053,398172
MFF,20130509,1.195,1.24,1.19,1.235,878841
MFG,20130509,7.76,7.87,7.64,7.71,206451
MGL,20130509,0.02,0.02,0.02,0.02,9500
MGR,20130509,1.73,1.75,1.725,1.745,9521842
MGX,20130509,0.535,0.537,0.515,0.53,8728461
MGY,20130509,0.031,0.031,0.031,0.031,185000
MHC,20130509,0.09,0.09,0.09,0.09,100198
MHM,20130509,0.11,0.115,0.105,0.105,214280
MIN,20130509,10.04,10.19,9.9,9.9,992169
MIO,20130509,1.96,1.99,1.95,1.99,155657
MIR,20130509,2.36,2.36,2.31,2.35,88537
MIX,20130509,0.155,0.155,0.15,0.15,109080
MIZ,20130509,0.027,0.029,0.026,0.028,842787
MKB,20130509,0.042,0.044,0.042,0.044,800221
MKO,20130509,0.016,0.016,0.016,0.016,70963
MLA,20130509,0.009,0.011,0.009,0.009,1650000
MLB,20130509,2.12,2.12,2.07,2.07,90345
MLD,20130509,2.25,2.33,2.25,2.3,930278
MLM,20130509,0.135,0.135,0.125,0.125,350000
MLT,20130509,19.7,19.99,19.7,19.7,29519
MLX,20130509,0.115,0.12,0.115,0.12,3539220
MMC,20130509,0.075,0.075,0.075,0.075,145000
MML,20130509,2.87,2.92,2.78,2.91,1553060
MMR,20130509,0.05,0.05,0.05,0.05,60000
MMS,20130509,16.24,17.05,16.21,16.63,271215
MMX,20130509,0.04,0.041,0.04,0.04,77690
MNB,20130509,0.018,0.019,0.017,0.019,481326
MNC,20130509,0.025,0.025,0.024,0.025,1238113
MND,20130509,21.08,21.16,20.58,20.8,486337
MNE,20130509,0.028,0.028,0.025,0.025,442242
MNF,20130509,1.57,1.58,1.545,1.56,225945
MNM,20130509,0.038,0.039,0.037,0.039,30000
MNY,20130509,0.82,0.82,0.77,0.8,127881
MOC,20130509,2.09,2.18,2.07,2.17,164935
MOD,20130509,0.045,0.045,0.045,0.045,270000
MOL,20130509,0.115,0.115,0.115,0.115,52805
MOO,20130509,0.009,0.009,0.007,0.007,2854776
MOU,20130509,0.009,0.01,0.009,0.009,1950000
MOY,20130509,0.02,0.021,0.02,0.021,7152323
MPJ,20130509,0.008,0.008,0.008,0.008,100000
MPO,20130509,0.3,0.305,0.29,0.3,362785
MPS,20130509,0.062,0.062,0.062,0.062,150000
MQA,20130509,1.89,1.93,1.85,1.93,3079623
MQG,20130509,44.71,45.66,44.71,45.4,1954633
MRM,20130509,3.8,3.84,3.75,3.79,505633
MRP,20130509,0.2,0.22,0.2,0.22,221742
MRQ,20130509,0.205,0.21,0.2,0.2,192500
MRX,20130509,0.011,0.011,0.011,0.011,5000
MRY,20130509,0.047,0.047,0.045,0.045,160000
MSB,20130509,5.92,5.92,5.69,5.75,266506
MSC,20130509,0.006,0.006,0.006,0.006,4500000
MSR,20130509,0.079,0.08,0.079,0.08,214500
MTH,20130509,0.031,0.031,0.031,0.031,48000
MTN,20130509,0.031,0.032,0.028,0.032,260000
MTS,20130509,4.14,4.21,4.11,4.21,4629825
MTU,20130509,5.98,6.13,5.96,6.1,1793074
MUB,20130509,0.029,0.029,0.029,0.029,30000
MUE,20130509,0.096,0.096,0.096,0.096,102778
MUM,20130509,0.032,0.032,0.032,0.032,16564
MUT,20130509,0.002,0.002,0.002,0.002,2000000
MVP,20130509,1.34,1.36,1.34,1.36,38486
MWR,20130509,0.95,0.98,0.92,0.98,33270
MXI,20130509,1.355,1.365,1.34,1.365,305867
MXQ,20130509,0.33,0.33,0.33,0.33,507709
MYE,20130509,1.12,1.125,1.1,1.1,91723
MYG,20130509,0.043,0.046,0.043,0.044,708000
MYR,20130509,2.95,2.96,2.86,2.91,5681234
MYS,20130509,4.85,4.85,4.74,4.75,36758
MYX,20130509,0.43,0.43,0.415,0.43,538857
MZI,20130509,0.02,0.02,0.018,0.018,920000
NAB,20130509,32.8,33.16,32.62,32.68,10011709
NAG,20130509,0.023,0.025,0.023,0.025,227033
NAM,20130509,0.305,0.305,0.305,0.305,20000
NAN,20130509,0.445,0.45,0.445,0.445,283900
NCK,20130509,2.37,2.41,2.37,2.4,23600
NCM,20130509,17.55,17.69,17.27,17.61,2687214
NCR,20130509,0.075,0.08,0.075,0.08,99967
NDO,20130509,0.027,0.03,0.027,0.03,13236220
NEA,20130509,0.29,0.3,0.285,0.285,7546065
NEN,20130509,0.255,0.255,0.25,0.25,1336351
NEU,20130509,0.037,0.038,0.037,0.037,7581950
NFE,20130509,0.24,0.245,0.24,0.245,158577
NFK,20130509,0.455,0.455,0.455,0.455,99940
NGE,20130509,0.026,0.026,0.026,0.026,100000
NGF,20130509,0.15,0.15,0.15,0.15,10000
NHC,20130509,3.81,3.9,3.79,3.85,121980
NHF,20130509,2.32,2.33,2.3,2.3,106877
NIO,20130509,0.004,0.004,0.004,0.004,200
NKP,20130509,0.071,0.071,0.068,0.068,83000
NLS,20130509,0.005,0.005,0.005,0.005,188000
NMG,20130509,0.031,0.031,0.028,0.029,357785
NMI,20130509,0.006,0.006,0.005,0.005,939029
NMS,20130509,0.03,0.03,0.027,0.027,78735
NOD,20130509,0.087,0.089,0.084,0.084,90685
NRR,20130509,0.023,0.023,0.021,0.021,395000
NRT,20130509,0.165,0.17,0.16,0.16,185264
NRU,20130509,0.014,0.014,0.014,0.014,36966
NSE,20130509,0.165,0.18,0.165,0.18,804714
NST,20130509,0.87,0.877,0.825,0.86,5346412
NSX,20130509,0.14,0.14,0.13,0.13,21000
NTC,20130509,0.245,0.245,0.24,0.24,262350
NTM,20130509,0.029,0.033,0.029,0.033,84171
NTU,20130509,0.12,0.125,0.12,0.125,147966
NUF,20130509,4.22,4.22,4.13,4.15,567748
NVG,20130509,0.022,0.022,0.022,0.022,214715
NVT,20130509,5.51,5.6,5.51,5.57,712505
NWE,20130509,0.028,0.031,0.027,0.031,1156312
NWH,20130509,1.34,1.35,1.3,1.305,2766921
NWR,20130509,0.074,0.074,0.074,0.074,10000
NWS,20130509,32.51,32.77,32.4,32.47,1576469
NWT,20130509,0.395,0.4,0.395,0.4,221195
NXS,20130509,0.13,0.135,0.13,0.135,1395991
NXT,20130509,2.03,2.03,1.97,2,242650
OBJ,20130509,0.012,0.012,0.012,0.012,350000
OBL,20130509,0.019,0.019,0.019,0.019,1250000
OBS,20130509,0.195,0.195,0.195,0.195,29102
OCL,20130509,0.47,0.47,0.46,0.47,28600
ODY,20130509,0.021,0.021,0.021,0.021,75000
OEC,20130509,0.19,0.19,0.19,0.19,1900
OEL,20130509,0.07,0.077,0.07,0.074,1790679
OEX,20130509,0.061,0.061,0.061,0.061,8400
OGC,20130509,2.04,2.06,2.02,2.06,719180
OGY,20130509,0.027,0.028,0.027,0.028,1438943
OKN,20130509,1.24,1.24,1.24,1.24,10000
OMH,20130509,0.382,0.395,0.38,0.395,705994
ONT,20130509,5.75,5.85,5.75,5.85,4887
OOO,20130509,48.5,48.5,48.5,48.5,100
OPG,20130509,0.145,0.145,0.145,0.145,4650
ORD,20130509,0.01,0.01,0.01,0.01,17600
ORE,20130509,1.4,1.515,1.37,1.515,363330
ORG,20130509,12.48,12.55,12.42,12.48,1546103
ORI,20130509,23.58,23.92,23.46,23.87,2553150
ORL,20130509,7.2,7.28,7.16,7.27,38080
ORN,20130509,0.087,0.09,0.087,0.09,12825
ORO,20130509,0.001,0.002,0.001,0.002,1709000
ORR,20130509,0.11,0.11,0.11,0.11,20000
ORS,20130509,0.115,0.115,0.115,0.115,50000
OSH,20130509,7.88,7.93,7.8,7.86,3402928
OSP,20130509,0.38,0.38,0.365,0.365,7958
OTE,20130509,0.002,0.002,0.002,0.002,773600
OTH,20130509,0.505,0.51,0.49,0.5,216751
OVR,20130509,0.012,0.012,0.012,0.012,42000
OXX,20130509,0.22,0.225,0.22,0.225,12000
OZB,20130509,0.005,0.005,0.005,0.005,2000000
OZF,20130509,19.7,19.73,19.58,19.61,156500
OZL,20130509,4.63,4.73,4.51,4.56,2748928
OZR,20130509,9.92,9.92,9.92,9.92,5100
PAB,20130509,0.026,0.026,0.024,0.025,3746197
PAG,20130509,0.885,0.895,0.885,0.895,84403
PAN,20130509,0.295,0.305,0.29,0.305,1202701
PBD,20130509,0.01,0.01,0.01,0.01,37042756
PBG,20130509,0.83,0.845,0.83,0.835,2561847
PBP,20130509,0.305,0.315,0.3,0.3,105378
PBT,20130509,0.21,0.21,0.205,0.21,430000
PCL,20130509,0.074,0.074,0.067,0.072,1654749
PDI,20130509,0.03,0.03,0.03,0.03,70000
PDN,20130509,0.865,0.93,0.86,0.91,12132639
PDY,20130509,0.003,0.003,0.003,0.003,1858000
PDZ,20130509,0.34,0.34,0.33,0.33,19000
PEA,20130509,0.43,0.435,0.43,0.435,9999
PEM,20130509,0.15,0.16,0.147,0.15,915634
PEN,20130509,0.026,0.027,0.026,0.027,717727
PET,20130509,1.14,1.155,1.14,1.155,18500
PEX,20130509,0.485,0.54,0.485,0.5,759936
PFG,20130509,0.11,0.11,0.11,0.11,275000
PFL,20130509,1.51,1.52,1.51,1.51,197360
PGC,20130509,0.3,0.3,0.3,0.3,4200
PGI,20130509,0.079,0.081,0.079,0.081,699890
PGM,20130509,0.039,0.039,0.039,0.039,15000
PGS,20130509,0.016,0.017,0.016,0.017,745185
PHG,20130509,0.06,0.06,0.06,0.06,17543
PIM,20130509,0.01,0.01,0.01,0.01,10000
PIO,20130509,0.025,0.025,0.024,0.024,267936
PIR,20130509,0.87,0.89,0.845,0.89,3886528
PLY,20130509,0.28,0.28,0.28,0.28,22834
PMC,20130509,1.29,1.3,1.29,1.295,173240
PME,20130509,0.535,0.57,0.535,0.56,366660
PMP,20130509,0.305,0.315,0.305,0.315,361000
PMV,20130509,8.49,8.57,8.48,8.54,437490
PNA,20130509,2.59,2.59,2.47,2.5,2587739
PNE,20130509,0.004,0.004,0.004,0.004,1805067
PNL,20130509,0.1,0.1,0.1,0.1,50000
PNR,20130509,0.14,0.15,0.14,0.15,272500
POH,20130509,0.115,0.115,0.115,0.115,325328
POK,20130509,0.4,0.42,0.39,0.39,514214
POS,20130509,0.18,0.18,0.175,0.18,140819
POZ,20130509,0.027,0.027,0.023,0.026,238502
PPC,20130509,1.44,1.5,1.44,1.47,3171957
PPS,20130509,0.06,0.06,0.055,0.055,105000
PPT,20130509,42.45,42.94,42.02,42.64,130829
PPX,20130509,0.064,0.067,0.062,0.063,341796
PRA,20130509,0.043,0.043,0.042,0.042,370000
PRG,20130509,2.38,2.42,2.38,2.4,933598
PRH,20130509,0.005,0.005,0.005,0.005,4417
PRL,20130509,0.096,0.098,0.094,0.094,530000
PRR,20130509,0.094,0.095,0.088,0.09,1036296
PRT,20130509,1.06,1.085,1.06,1.085,9589
PRU,20130509,1.41,1.465,1.37,1.44,3236599
PRW,20130509,0.002,0.002,0.002,0.002,11100000
PRY,20130509,5.29,5.355,5.23,5.3,1699840
PSA,20130509,0.145,0.15,0.145,0.145,135500
PSF,20130509,0.019,0.019,0.019,0.019,120000
PSP,20130509,0.015,0.015,0.015,0.015,135000
PTL,20130509,0.013,0.014,0.013,0.014,926001
PTM,20130509,5.08,5.14,5.04,5.06,1748098
PTR,20130509,0.023,0.023,0.023,0.023,45000
PTS,20130509,0.048,0.06,0.048,0.06,212834
PUN,20130509,0.2,0.2,0.18,0.18,372759
PVA,20130509,2.8,2.86,2.8,2.86,2441
PVD,20130509,0.39,0.41,0.39,0.4,571626
PVM,20130509,0.38,0.38,0.38,0.38,37417
PWN,20130509,0.19,0.19,0.19,0.19,20000
PXG,20130509,0.18,0.18,0.17,0.18,400039
PXS,20130509,0.155,0.165,0.15,0.16,4533946
PXT,20130509,0.145,0.145,0.145,0.145,130932
PYC,20130509,0.016,0.018,0.016,0.017,370908
PYM,20130509,0.025,0.025,0.025,0.025,10000
PZC,20130509,0.039,0.039,0.039,0.039,15100
QAG,20130509,12,12,12,12,215
QAN,20130509,1.795,1.815,1.79,1.815,5686986
QAU,20130509,15.22,15.22,15.18,15.22,12102
QBE,20130509,13.98,14.28,13.92,14.08,4124157
QFN,20130509,10.54,10.54,10.54,10.54,1918
QFX,20130509,0.019,0.02,0.018,0.018,4448896
QHL,20130509,0.135,0.135,0.125,0.125,36310
QMN,20130509,0.02,0.02,0.02,0.02,25000
QPN,20130509,0.004,0.004,0.004,0.004,2000000
QRE,20130509,5.58,5.58,5.52,5.52,33098
QRL,20130509,0.031,0.031,0.03,0.03,22500
QRX,20130509,1.17,1.17,1.16,1.17,63764
QTM,20130509,0.008,0.008,0.008,0.008,75000
QUB,20130509,1.7,1.735,1.7,1.71,737851
QXQ,20130509,0.002,0.002,0.002,0.002,598
RAD,20130509,0.06,0.06,0.06,0.06,4000
RAU,20130509,0.009,0.009,0.008,0.008,300000
RCB,20130509,20.69,20.69,20.69,20.69,3
RCG,20130509,0.61,0.62,0.605,0.62,110100
RCM,20130509,0.007,0.007,0.007,0.007,100000
RCO,20130509,0.465,0.465,0.465,0.465,15198
RCR,20130509,2.38,2.42,2.33,2.4,293752
RDF,20130509,1.1,1.1,1.09,1.09,17850
RDM,20130509,0.115,0.115,0.115,0.115,38559
RDR,20130509,0.081,0.081,0.079,0.079,961641
RDS,20130509,0.083,0.083,0.083,0.083,15000
RDV,20130509,28.93,29.04,28.9,28.95,203175
REA,20130509,31.89,32.88,31.69,31.69,436773
RER,20130509,0.045,0.045,0.04,0.042,350112
RES,20130509,0.235,0.235,0.225,0.225,304795
REX,20130509,1.115,1.135,1.115,1.135,6848
REY,20130509,0.061,0.061,0.06,0.06,108000
RFE,20130509,0.67,0.68,0.665,0.68,1235593
RFG,20130509,4.05,4.09,4.03,4.04,63924
RFL,20130509,0.155,0.155,0.15,0.15,234333
RFX,20130509,0.049,0.049,0.049,0.049,600000
RGB,20130509,20.88,20.88,20.88,20.88,2
RGX,20130509,0.049,0.049,0.049,0.049,15000
RHC,20130509,33.83,33.83,33.21,33.44,429747
RHG,20130509,0.39,0.395,0.375,0.375,1344243
RHI,20130509,0.81,0.81,0.81,0.81,1000
RHL,20130509,2.94,2.94,2.93,2.93,9205
RIA,20130509,0.042,0.043,0.04,0.04,566998
RIC,20130509,0.85,0.87,0.815,0.82,1687665
RIM,20130509,0.06,0.06,0.06,0.06,40000
RIO,20130509,59.18,59.22,57.73,58.2,2830230
RKN,20130509,2.5,2.5,2.46,2.49,16672
RMD,20130509,4.85,4.89,4.83,4.84,4552122
RMI,20130509,0.001,0.001,0.001,0.001,3676400
RMP,20130509,0.05,0.05,0.049,0.049,107707
RMR,20130509,0.002,0.002,0.001,0.001,2020000
RMS,20130509,0.215,0.22,0.21,0.21,771527
RNC,20130509,0.2,0.2,0.2,0.2,3124
RND,20130509,0.4,0.4,0.4,0.4,9605
RNI,20130509,0.09,0.09,0.087,0.087,19667
RNY,20130509,0.29,0.3,0.29,0.29,247919
ROC,20130509,0.435,0.455,0.43,0.455,702354
ROG,20130509,0.001,0.001,0.001,0.001,50000
ROL,20130509,0.265,0.275,0.255,0.275,161588
ROY,20130509,0.035,0.035,0.033,0.033,120000
RQL,20130509,0.16,0.16,0.16,0.16,153189
RRL,20130509,4.17,4.25,4.16,4.25,4530432
RRP,20130509,0.006,0.006,0.006,0.006,17417
RRS,20130509,0.048,0.048,0.046,0.046,639483
RSG,20130509,0.87,0.915,0.855,0.915,11594312
RSM,20130509,20.81,20.81,20.72,20.72,42125
RUB,20130509,0.01,0.01,0.01,0.01,50000
RUL,20130509,0.595,0.595,0.59,0.59,140113
RUM,20130509,0.15,0.15,0.145,0.145,247296
RUR,20130509,0.004,0.004,0.004,0.004,100000
RVA,20130509,0.55,0.55,0.55,0.55,13550
RVL,20130509,32.17,32.17,32.17,32.17,124511
RVY,20130509,0.03,0.03,0.029,0.029,67500
RWD,20130509,0.37,0.37,0.37,0.37,4200
RWH,20130509,3.06,3.06,3.06,3.06,2000
RXL,20130509,0.041,0.041,0.039,0.04,1303722
RXM,20130509,0.29,0.295,0.285,0.29,921292
RXP,20130509,0.725,0.725,0.72,0.72,238000
RYG,20130509,0.011,0.011,0.011,0.011,100000
SAI,20130509,3.9,3.915,3.87,3.91,449051
SAR,20130509,0.17,0.18,0.165,0.175,10167871
SAY,20130509,0.035,0.035,0.035,0.035,30850
SBM,20130509,0.625,0.715,0.622,0.715,7935172
SBR,20130509,0.092,0.095,0.092,0.095,110880
SCC,20130509,0.415,0.415,0.415,0.415,15000
SCI,20130509,0.076,0.076,0.07,0.07,118684
SCP,20130509,1.82,1.835,1.775,1.775,3001222
SDG,20130509,1.475,1.57,1.475,1.53,785185
SDI,20130509,0.5,0.51,0.5,0.51,101315
SDL,20130509,0.1,0.105,0.1,0.1,4211757
SDM,20130509,0.725,0.725,0.715,0.72,209726
SEA,20130509,0.925,0.93,0.91,0.93,904711
SEG,20130509,0.002,0.002,0.002,0.002,50000
SEH,20130509,0.135,0.135,0.125,0.135,836158
SEK,20130509,10.7,10.79,10.61,10.68,1212606
SEO,20130509,0.02,0.02,0.02,0.02,30000
SER,20130509,0.039,0.039,0.039,0.039,350000
SFC,20130509,4.4,4.4,4.4,4.4,4000
SFH,20130509,1.17,1.2,1.16,1.2,114642
SFP,20130509,0.005,0.005,0.005,0.005,705662
SFR,20130509,6.5,6.55,6.36,6.45,777421
SFW,20130509,0.65,0.665,0.65,0.66,161735
SFX,20130509,0.52,0.525,0.52,0.52,51930
SFY,20130509,51.89,52.2,51.89,52.01,24975
SFZ,20130509,0.075,0.075,0.075,0.075,100000
SGH,20130509,2.8,2.8,2.68,2.74,352626
SGM,20130509,10.55,10.75,10.52,10.72,984953
SGN,20130509,1.5,1.55,1.49,1.545,624732
SGP,20130509,3.79,3.81,3.73,3.79,13344454
SGT,20130509,3.05,3.1,3.05,3.08,1870910
SGZ,20130509,0.022,0.022,0.022,0.022,15700
SHD,20130509,0.085,0.085,0.085,0.085,62793
SHE,20130509,0.012,0.012,0.012,0.012,100
SHK,20130509,0.006,0.006,0.006,0.006,410000
SHL,20130509,14,14.2,13.85,14.1,1947964
SHV,20130509,3.35,3.35,3.2,3.25,72969
SIH,20130509,0.083,0.083,0.083,0.083,37500
SIP,20130509,0.775,0.795,0.77,0.795,2047351
SIR,20130509,2.82,2.85,2.75,2.8,422378
SIT,20130509,0.13,0.13,0.13,0.13,60000
SIV,20130509,7.64,7.98,7.56,7.74,46943
SIX,20130509,0.015,0.015,0.015,0.015,200000
SKC,20130509,3.69,3.71,3.61,3.64,114386
SKE,20130509,2.85,2.87,2.82,2.85,613763
SKI,20130509,1.815,1.837,1.815,1.83,2654681
SKT,20130509,4.65,4.67,4.51,4.58,47919
SLE,20130509,0.049,0.049,0.049,0.049,20000
SLF,20130509,10.13,10.24,10.1,10.24,45159
SLM,20130509,1.98,2,1.98,1.995,14159
SLR,20130509,1.11,1.165,1.08,1.15,6976572
SLT,20130509,0.1,0.1,0.1,0.1,48510
SLX,20130509,2.45,2.48,2.33,2.39,38837
SML,20130509,0.075,0.08,0.075,0.08,108341
SMR,20130509,0.15,0.15,0.135,0.135,123080
SMX,20130509,5.14,5.17,4.98,5.08,357516
SND,20130509,0.7,0.7,0.7,0.7,137017
SNL,20130509,1.45,1.52,1.45,1.52,15598
SNY,20130509,0.335,0.36,0.33,0.36,26402
SOL,20130509,14.7,14.76,14.55,14.56,17960
SOR,20130509,0.05,0.05,0.05,0.05,25000
SPI,20130509,0.026,0.026,0.026,0.026,192000
SPL,20130509,0.875,0.895,0.86,0.875,1347309
SPN,20130509,1.31,1.31,1.292,1.305,6397583
SRI,20130509,0.074,0.075,0.074,0.074,87149
SRK,20130509,0.072,0.079,0.072,0.079,59500
SRM,20130509,0.17,0.215,0.17,0.215,412660
SRQ,20130509,0.028,0.028,0.026,0.026,1853205
SRV,20130509,3.6,3.62,3.6,3.62,12220
SRX,20130509,10.55,10.57,10.26,10.34,152565
SRZ,20130509,0.046,0.046,0.046,0.046,103333
SSM,20130509,0.22,0.22,0.21,0.21,1000067
SSN,20130509,0.024,0.025,0.023,0.024,1222000
SSO,20130509,11.9,11.9,11.89,11.89,6300
STB,20130509,0.3,0.33,0.29,0.29,139131
STE,20130509,0.022,0.022,0.022,0.022,487108
STO,20130509,12.6,12.95,12.55,12.83,3488653
STS,20130509,0.49,0.495,0.48,0.48,171529
STW,20130509,49.17,49.29,49,49.17,119770
STX,20130509,0.093,0.098,0.09,0.098,778108
SUD,20130509,0.035,0.036,0.034,0.036,449849
SUH,20130509,0.1,0.11,0.1,0.11,114199
SUL,20130509,12.71,12.77,12.5,12.58,295153
SUM,20130509,0.19,0.195,0.19,0.195,152934
SUN,20130509,12.51,12.54,12.34,12.45,4390098
SUR,20130509,0.035,0.035,0.03,0.03,1356287
SVL,20130509,0.034,0.035,0.034,0.034,120906
SVW,20130509,9.65,9.72,9.23,9.37,673685
SWE,20130509,0.14,0.14,0.125,0.125,290000
SWJ,20130509,0.145,0.15,0.13,0.135,864157
SWK,20130509,0.335,0.335,0.325,0.325,532208
SWL,20130509,1,1.05,1,1.035,50524
SWM,20130509,2.3,2.39,2.29,2.37,5087820
SXE,20130509,1.19,1.19,1.19,1.19,1000
SXG,20130509,0.022,0.022,0.022,0.022,494444
SXL,20130509,1.51,1.56,1.51,1.555,2233659
SXY,20130509,0.72,0.73,0.71,0.72,2828652
SYD,20130509,3.55,3.55,3.515,3.53,3438103
SYI,20130509,29.7,29.79,29.7,29.7,8854
SYR,20130509,1.745,1.845,1.745,1.845,222749
SZG,20130509,0.18,0.18,0.18,0.18,3000
TAH,20130509,3.55,3.63,3.535,3.58,2601297
TAM,20130509,0.099,0.105,0.099,0.105,378375
TAN,20130509,0.415,0.42,0.415,0.415,233400
TAP,20130509,0.545,0.545,0.54,0.545,253019
TAS,20130509,0.065,0.065,0.058,0.058,63100
TAW,20130509,0.006,0.006,0.006,0.006,750000
TBR,20130509,1.35,1.35,1.35,1.35,119000
TCL,20130509,6.85,6.93,6.85,6.9,12560847
TDI,20130509,0.052,0.059,0.052,0.059,230946
TDX,20130509,0.001,0.001,0.001,0.001,550000
TEL,20130509,2.22,2.23,2.21,2.22,3587778
TEN,20130509,0.31,0.32,0.305,0.32,4509246
TEX,20130509,0.061,0.07,0.061,0.07,113312
TFC,20130509,0.51,0.52,0.51,0.52,33800
TGA,20130509,2.06,2.16,2.06,2.14,432170
TGG,20130509,0.93,0.95,0.92,0.94,547314
TGP,20130509,0.48,0.48,0.48,0.48,2000
TGR,20130509,2.05,2.05,1.975,2,209406
TGS,20130509,0.255,0.26,0.245,0.255,2458000
TGZ,20130509,0.88,0.9,0.88,0.9,48780
THX,20130509,0.048,0.048,0.048,0.048,3640
TIG,20130509,0.18,0.195,0.18,0.18,226009
TIS,20130509,0.12,0.12,0.12,0.12,140842
TIX,20130509,0.51,0.51,0.505,0.505,3121115
TKG,20130509,0.015,0.015,0.015,0.015,4000
TKL,20130509,0.052,0.052,0.052,0.052,11851
TLG,20130509,0.19,0.19,0.185,0.185,41150
TLM,20130509,0.145,0.15,0.135,0.14,1684927
TLS,20130509,5.07,5.1,5.02,5.03,42921252
TLU,20130509,0.08,0.08,0.08,0.08,120000
TME,20130509,4.13,4.18,4.13,4.17,213137
TMX,20130509,0.01,0.01,0.01,0.01,50000
TNC,20130509,0.01,0.01,0.01,0.01,1050000
TND,20130509,0.034,0.034,0.033,0.033,329264
TNE,20130509,1.68,1.705,1.68,1.705,142908
TNG,20130509,0.075,0.076,0.07,0.071,1007000
TNP,20130509,0.026,0.026,0.026,0.026,165287
TOE,20130509,0.09,0.092,0.088,0.088,497851
TOL,20130509,5.27,5.35,5.21,5.35,9699778
TON,20130509,0.07,0.07,0.066,0.068,832029
TOX,20130509,3.43,3.435,3.35,3.37,133408
TPD,20130509,0.042,0.044,0.042,0.044,107600
TPI,20130509,0.97,0.98,0.945,0.945,2229354
TPL,20130509,0.002,0.002,0.002,0.002,400000
TPM,20130509,3.83,3.85,3.77,3.79,1288072
TPP,20130509,0.055,0.06,0.052,0.06,704401
TPT,20130509,0.215,0.23,0.215,0.23,211600
TRF,20130509,0.125,0.135,0.11,0.11,768634
TRG,20130509,6.4,6.45,6.4,6.45,19220
TRO,20130509,0.045,0.045,0.045,0.045,105227
TRS,20130509,18.15,18.36,17.98,18.36,214951
TRU,20130509,6.32,6.49,6.3,6.4,236226
TRY,20130509,1.83,1.925,1.81,1.925,537409
TSE,20130509,1.645,1.7,1.615,1.67,2451125
TSM,20130509,0.28,0.285,0.28,0.285,465000
TSN,20130509,0.005,0.005,0.004,0.005,590000
TSV,20130509,0.005,0.005,0.005,0.005,14207243
TTE,20130509,0.013,0.013,0.012,0.013,1819261
TTI,20130509,0.058,0.058,0.055,0.055,100000
TTN,20130509,1.63,1.65,1.63,1.65,76974
TTS,20130509,3.32,3.34,3.285,3.31,3680972
TUC,20130509,0.055,0.059,0.055,0.055,346200
TUP,20130509,1.25,1.37,1.25,1.35,11250
TWD,20130509,2.68,2.7,2.67,2.7,10722
TWE,20130509,5.85,5.88,5.79,5.83,933605
TWH,20130509,0.003,0.003,0.003,0.003,300670
TZL,20130509,0.135,0.135,0.135,0.135,121500
TZN,20130509,0.02,0.022,0.019,0.02,2394977
UCL,20130509,0.31,0.31,0.31,0.31,550871
UEQ,20130509,0.025,0.028,0.025,0.028,380341
UGL,20130509,10.05,10.17,9.96,10.01,1200793
UML,20130509,0.065,0.067,0.062,0.066,846517
UNS,20130509,0.31,0.325,0.3,0.325,415311
UNX,20130509,0.039,0.039,0.037,0.037,149950
UOS,20130509,0.48,0.48,0.465,0.465,255000
USA,20130509,0.035,0.035,0.034,0.034,375000
USD,20130509,9.72,9.73,9.66,9.67,108069
UXC,20130509,1.07,1.09,1.065,1.085,366213
VAF,20130509,49.7,49.7,49.58,49.58,3100
VAH,20130509,0.47,0.475,0.465,0.475,9994857
VAP,20130509,63.6,64.38,63.4,63.52,6747
VAS,20130509,66.5,66.5,66.18,66.2,20563
VBP,20130509,6.75,6.75,6.75,6.75,722
VEC,20130509,0.028,0.028,0.028,0.028,9200
VEI,20130509,0.635,0.64,0.605,0.625,437802
VEU,20130509,48.39,48.4,47.85,47.85,10500
VHY,20130509,64.27,64.32,63.53,63.53,19813
VLA,20130509,0.305,0.31,0.3,0.31,24342
VLC,20130509,58.17,58.17,58.17,58.17,14
VLW,20130509,1.11,1.115,1.1,1.115,59000
VMG,20130509,0.013,0.014,0.012,0.014,7681004
VMS,20130509,0.165,0.17,0.165,0.17,60671
VMT,20130509,0.014,0.014,0.014,0.014,170000
VOC,20130509,2.4,2.4,2.25,2.28,254233
VOR,20130509,0.009,0.009,0.009,0.009,2416123
VRL,20130509,5.3,5.33,5.2,5.26,39554
VSC,20130509,1.01,1.01,1.01,1.01,5000
VSO,20130509,46.23,46.26,46.23,46.26,1823
VTG,20130509,0.59,0.59,0.59,0.59,20892
VTS,20130509,83.15,83.15,82.26,82.53,13315
WAA,20130509,1.165,1.17,1.16,1.17,109643
WAM,20130509,1.76,1.76,1.745,1.75,616942
WAS,20130509,0.008,0.008,0.008,0.008,2559733
WAX,20130509,1.025,1.035,1.025,1.035,72265
WBA,20130509,0.64,0.64,0.64,0.64,18182
WBB,20130509,6.05,6.1,5.98,6.03,10322
WBC,20130509,33.1,33.37,33,33.35,8510883
WCB,20130509,4.28,4.41,4.25,4.25,25953
WCL,20130509,0.295,0.3,0.28,0.28,234749
WCN,20130509,0.013,0.013,0.011,0.011,845000
WDC,20130509,11.9,11.94,11.8,11.84,3471608
WDR,20130509,0.77,0.77,0.75,0.77,191933
WDS,20130509,0.395,0.395,0.385,0.385,49353
WEB,20130509,4.69,4.69,4.48,4.51,255423
WEC,20130509,0.17,0.185,0.17,0.175,258893
WES,20130509,41.95,42.07,41.85,41.91,2765953
WFE,20130509,0.023,0.023,0.022,0.022,200000
WGO,20130509,0.03,0.03,0.03,0.03,477639
WHC,20130509,2.05,2.14,2.05,2.1,5129980
WHE,20130509,0.057,0.057,0.055,0.057,305000
WHF,20130509,3.85,3.85,3.83,3.85,26034
WHG,20130509,0.665,0.665,0.635,0.645,4377762
WHN,20130509,0.03,0.03,0.028,0.029,1513679
WIC,20130509,1.16,1.17,1.15,1.17,48500
WIG,20130509,0.3,0.3,0.3,0.3,897
WKT,20130509,0.012,0.014,0.012,0.014,967165
WLL,20130509,2.53,2.59,2.53,2.53,7570
WLR,20130509,0.013,0.013,0.013,0.013,116250
WMN,20130509,0.105,0.105,0.105,0.105,12800
WOR,20130509,23.48,24.13,23.3,23.96,1044083
WOW,20130509,34.53,35.12,34.49,34.61,2786144
WPG,20130509,0.043,0.047,0.043,0.046,1123941
WPI,20130509,0.04,0.04,0.04,0.04,30000
WPL,20130509,36.8,37.09,36.7,36.97,1534246
WRT,20130509,3.37,3.39,3.35,3.37,6656426
WSA,20130509,2.99,2.995,2.93,2.95,968161
WTF,20130509,5.2,5.435,5.2,5.35,700540
WTP,20130509,0.805,0.84,0.805,0.83,121391
WWI,20130509,0.015,0.015,0.015,0.015,772682
XCD,20130509,0.08,0.095,0.08,0.095,477343
XRF,20130509,0.335,0.34,0.335,0.34,349022
XRO,20130509,11.22,11.22,11.04,11.17,7633
XST,20130509,0.016,0.017,0.011,0.011,529135
YAL,20130509,0.62,0.64,0.62,0.64,4097
YBR,20130509,0.58,0.58,0.56,0.57,210500
YOW,20130509,0.16,0.175,0.16,0.175,50667
YRR,20130509,0.009,0.009,0.009,0.009,97900
YTC,20130509,0.2,0.22,0.2,0.205,174300
ZEU,20130509,0.04,0.04,0.04,0.04,50000
ZGL,20130509,0.28,0.28,0.28,0.28,92702
ZYL,20130509,0.01,0.01,0.008,0.009,2890896
XAF,20130509,5297.6,5303.2,5272.4,5288.5,0
XAO,20130509,5177.9,5192.2,5164.7,5180.6,0
XAT,20130509,5170.3,5180.6,5151.7,5167.9,0
XDJ,20130509,1665.8,1688.7,1666,1681,0
XEC,20130509,1086.8,1105.9,1088.6,1105.9,0
XEJ,20130509,13155.3,13269.4,13105.1,13216.5,0
XFJ,20130509,5809.2,5797.3,5754,5778.4,0
XFL,20130509,5348.8,5355.4,5324.4,5340.5,0
XGD,20130509,3349.2,3477.9,3352.7,3477.9,0
XHJ,20130509,12770.4,12969.7,12768.4,12924.7,0
XIJ,20130509,689.7,689.7,680.5,687,0
XJO,20130509,5199.8,5211.5,5182.3,5198.4,0
XJR,20130509,4001.6,4040.8,4002.1,4029.7,0
XKO,20130509,5155.9,5168.4,5139.9,5156.2,0
XMD,20130509,4267.4,4302.5,4270.8,4289,0
XMJ,20130509,9627.4,9738.3,9610.2,9696.2,0
XMM,20130509,3188.7,3232.5,3184.5,3216.8,0
XNJ,20130509,3882.2,3893.6,3867.1,3872.8,0
XPJ,20130509,1113.6,1114.9,1110.4,1114.5,0
XSJ,20130509,10146.4,10222.3,10146.4,10171.2,0
XSO,20130509,2210.7,2236.3,2212.6,2236.3,0
XTJ,20130509,1749.3,1758.6,1734.2,1737.5,0
XTL,20130509,3252.7,3256.2,3233.6,3244.3,0
XTO,20130509,4307.8,4316,4290.9,4304.1,0
XUJ,20130509,5661.6,5737.8,5676.2,5695.4,0
XXJ,20130509,6746.8,6729.8,6672.8,6703.6,0
