AAA,20130621,50.17,50.19,50.17,50.17,68940
AAC,20130621,1.1,1.11,1.095,1.1,492889
AAD,20130621,1.65,1.705,1.65,1.705,4521364
AAJ,20130621,0.037,0.037,0.037,0.037,10000
AAR,20130621,0.004,0.004,0.004,0.004,1513000
AAU,20130621,0.081,0.081,0.077,0.077,9846
AAX,20130621,2.15,2.16,2.05,2.16,398485
ABC,20130621,3.3,3.32,3.23,3.3,3907450
ABP,20130621,2.22,2.31,2.22,2.31,9742135
ABQ,20130621,0.017,0.018,0.016,0.016,315868
ABU,20130621,0.022,0.024,0.021,0.023,8586782
ABV,20130621,0.015,0.015,0.014,0.014,500000
ABW,20130621,1.08,1.09,1.08,1.08,202550
ABY,20130621,0.385,0.42,0.38,0.42,702777
ABZ,20130621,0.175,0.18,0.17,0.18,80000
ACB,20130621,0.045,0.046,0.045,0.046,89278
ACG,20130621,0.075,0.075,0.071,0.071,60000
ACL,20130621,0.32,0.325,0.315,0.32,131713
ACR,20130621,3.52,3.595,3.48,3.51,621982
ADD,20130621,0.004,0.004,0.004,0.004,500000
ADJ,20130621,0.039,0.04,0.037,0.04,514648
ADN,20130621,0.093,0.093,0.088,0.088,983027
ADO,20130621,0.062,0.062,0.058,0.062,1298562
ADX,20130621,0.014,0.014,0.013,0.014,738942
ADY,20130621,0.023,0.023,0.021,0.021,562880
AEB,20130621,0.19,0.19,0.185,0.19,40000
AEE,20130621,0.077,0.082,0.075,0.075,1419284
AEF,20130621,19.75,19.75,19.5,19.5,200
AEJ,20130621,7.35,7.7,7.35,7.7,53
AEK,20130621,0.042,0.042,0.042,0.042,51904
AEM,20130621,0.021,0.021,0.021,0.021,821055
AEU,20130621,1.465,1.465,1.43,1.43,71378
AFA,20130621,0.195,0.195,0.195,0.195,10000
AFI,20130621,5.34,5.54,5.28,5.53,390136
AFR,20130621,0.07,0.07,0.067,0.068,391445
AGF,20130621,0.675,0.68,0.67,0.675,1208661
AGG,20130621,3.25,3.5,3.25,3.33,11808
AGI,20130621,4.2,4.2,3.96,4.02,735125
AGJ,20130621,0.12,0.145,0.12,0.14,393000
AGK,20130621,13.91,14.05,13.88,14.05,2060749
AGO,20130621,0.72,0.745,0.707,0.745,12531881
AGR,20130621,0.05,0.05,0.05,0.05,50000
AGS,20130621,0.1,0.1,0.1,0.1,97392
AGX,20130621,0.024,0.026,0.024,0.026,69020
AHD,20130621,8.04,8.06,7.97,8.04,75854
AHE,20130621,3.29,3.39,3.21,3.21,8120146
AHK,20130621,0.08,0.08,0.05,0.05,12260
AHN,20130621,0.023,0.023,0.021,0.021,123750
AHQ,20130621,0.014,0.014,0.014,0.014,50000
AHZ,20130621,0.045,0.054,0.045,0.053,14938231
AIA,20130621,2.49,2.5,2.49,2.5,3497
AIO,20130621,4.61,4.75,4.57,4.72,2733231
AIQ,20130621,0.31,0.315,0.31,0.31,49700
AIR,20130621,0.175,0.175,0.175,0.175,42300
AIV,20130621,0.015,0.015,0.015,0.015,587140
AIX,20130621,0.18,0.18,0.17,0.175,30142509
AIZ,20130621,1.27,1.27,1.27,1.27,414
AJA,20130621,3.14,3.22,3.09,3.18,76309
AJC,20130621,0.009,0.009,0.009,0.009,820000
AJD,20130621,1.13,1.13,1.11,1.11,140000
AJJ,20130621,0.125,0.125,0.125,0.125,47500
AJL,20130621,1.205,1.205,1.095,1.2,132623
AJM,20130621,0.1,0.1,0.1,0.1,53900
AJQ,20130621,0.23,0.23,0.2,0.2,683727
AJX,20130621,0.115,0.115,0.115,0.115,57011
AKA,20130621,0.105,0.105,0.1,0.105,350000
AKK,20130621,0.014,0.014,0.014,0.014,9391009
AKM,20130621,0.045,0.045,0.04,0.043,446677
AKP,20130621,2.35,2.35,2.21,2.21,5300
AKY,20130621,81.02,81.02,81.02,81.02,450
ALF,20130621,1.405,1.44,1.405,1.43,451828
ALK,20130621,0.32,0.32,0.3,0.32,1204398
ALL,20130621,4.11,4.19,4.06,4.1,3115082
ALQ,20130621,9.19,9.36,9.13,9.35,1687719
ALR,20130621,1.25,1.365,1.225,1.25,165800
ALT,20130621,0.02,0.02,0.02,0.02,100000
ALU,20130621,1.45,1.45,1.42,1.42,41058
ALY,20130621,0.036,0.043,0.035,0.043,196833
ALZ,20130621,3.38,3.42,3.3,3.34,1313479
AMA,20130621,0.27,0.275,0.26,0.27,119027
AMC,20130621,9.66,9.96,9.66,9.84,7981589
AMH,20130621,0.86,0.86,0.84,0.85,203434
AMM,20130621,1.745,1.84,1.725,1.84,959684
AMP,20130621,4.88,5.02,4.87,4.98,11975307
AMX,20130621,0.16,0.17,0.16,0.16,839606
ANG,20130621,3.49,3.49,3.37,3.4,532775
ANN,20130621,18.09,18.47,17.9,18.16,959955
ANO,20130621,0.01,0.012,0.01,0.01,3083334
ANP,20130621,0.011,0.011,0.01,0.01,4933946
ANQ,20130621,0.008,0.008,0.008,0.008,1811318
ANW,20130621,0.006,0.006,0.006,0.006,15000
ANZ,20130621,27.2,27.64,27.1,27.41,9408489
AOH,20130621,0.155,0.155,0.14,0.15,580301
AOK,20130621,0.13,0.135,0.13,0.135,245271
AOM,20130621,0.018,0.018,0.015,0.015,149292
AON,20130621,0.026,0.026,0.026,0.026,89500
AOP,20130621,0.035,0.037,0.035,0.037,75584
APA,20130621,6.12,6.29,6.11,6.12,9554157
APD,20130621,0.205,0.22,0.205,0.22,43337
APE,20130621,4.05,4.33,3.86,4.25,40878
APG,20130621,0.016,0.016,0.015,0.016,955000
API,20130621,0.455,0.455,0.445,0.445,736414
APK,20130621,0.36,0.38,0.36,0.38,68743
APN,20130621,0.255,0.265,0.245,0.265,1726310
APZ,20130621,0.18,0.185,0.16,0.17,8280224
AQA,20130621,1.81,1.932,1.8,1.9,785627
AQC,20130621,0.014,0.014,0.014,0.014,141428
AQD,20130621,0.01,0.01,0.01,0.01,10000
AQF,20130621,1.63,1.63,1.63,1.63,703153
AQG,20130621,2.49,2.5,2.4,2.46,457933
AQO,20130621,0.15,0.15,0.15,0.15,1500
AQP,20130621,0.615,0.64,0.61,0.61,436827
AQQ,20130621,0.034,0.034,0.033,0.033,111750
AQR,20130621,0.21,0.21,0.205,0.205,205000
AQZ,20130621,1.6,1.77,1.57,1.77,61659
ARA,20130621,0.25,0.255,0.25,0.255,170856
ARD,20130621,0.043,0.043,0.043,0.043,93500
ARE,20130621,0.021,0.021,0.021,0.021,101334
ARF,20130621,1.03,1.035,1.03,1.035,1602852
ARG,20130621,6.35,6.51,6.32,6.51,243903
ARH,20130621,0.032,0.032,0.029,0.029,321711
ARI,20130621,0.72,0.775,0.71,0.775,10924589
ARM,20130621,0.052,0.052,0.052,0.052,5000
ARP,20130621,11.5,11.72,11.5,11.62,72618
ARU,20130621,0.09,0.09,0.08,0.082,367570
ARV,20130621,0.008,0.008,0.008,0.008,150170
ARW,20130621,0.007,0.008,0.007,0.008,19030489
ARX,20130621,0.003,0.003,0.003,0.003,1530000
ASB,20130621,0.73,0.75,0.72,0.75,395141
ASL,20130621,1.115,1.13,0.982,1.04,11371934
ASX,20130621,32.96,33.11,32.7,33.1,1022086
ASZ,20130621,0.325,0.34,0.32,0.33,341787
ATI,20130621,0.23,0.24,0.215,0.24,129154
ATP,20130621,0.045,0.045,0.043,0.045,303216
ATR,20130621,0.71,0.71,0.71,0.71,6500
ATU,20130621,0.74,0.74,0.73,0.735,45378
ATV,20130621,0.019,0.02,0.019,0.02,280000
AUB,20130621,11.03,11.24,10.97,11.24,80015
AUF,20130621,1,1,1,1,1973571
AUI,20130621,6.62,6.7,6.61,6.66,114206
AUK,20130621,0.016,0.016,0.016,0.016,500000
AUQ,20130621,0.051,0.051,0.048,0.048,17800
AUT,20130621,2.79,2.81,2.72,2.79,1806077
AUZ,20130621,0.008,0.008,0.008,0.008,15235
AVA,20130621,0.105,0.11,0.105,0.11,381861
AVB,20130621,0.057,0.058,0.055,0.058,1735792
AVG,20130621,0.49,0.5,0.485,0.49,847790
AVH,20130621,0.13,0.14,0.125,0.14,700119
AVJ,20130621,0.46,0.46,0.46,0.46,20000
AVK,20130621,0.016,0.016,0.016,0.016,100000
AVQ,20130621,0.01,0.011,0.01,0.011,5914592
AVX,20130621,0.017,0.019,0.017,0.018,2178871
AWC,20130621,0.945,0.985,0.945,0.975,12344016
AWD,20130621,0.006,0.007,0.006,0.006,10549478
AWE,20130621,1.19,1.23,1.175,1.22,3067051
AWN,20130621,0.43,0.43,0.43,0.43,33920
AWV,20130621,0.021,0.021,0.021,0.021,75550
AXE,20130621,0.125,0.13,0.125,0.125,104210
AXI,20130621,0.041,0.041,0.041,0.041,20732
AXM,20130621,0.01,0.011,0.01,0.011,81611
AXT,20130621,0.02,0.02,0.02,0.02,23529
AYD,20130621,101.22,101.22,100.35,100.35,2515
AYF,20130621,6.35,6.35,6.35,6.35,4079
AYR,20130621,0.004,0.004,0.004,0.004,1960000
AZF,20130621,2.19,2.2,2.19,2.2,2270
AZH,20130621,0.325,0.34,0.315,0.33,3334600
AZJ,20130621,4.1,4.16,4.06,4.12,7591086
AZM,20130621,0.039,0.039,0.028,0.03,3474153
AZS,20130621,0.044,0.047,0.042,0.047,2078435
AZV,20130621,0.066,0.066,0.066,0.066,184541
AZY,20130621,0.05,0.05,0.042,0.045,988000
AZZ,20130621,0.31,0.315,0.3,0.31,624484
BAB,20130621,0.025,0.025,0.021,0.022,735606
BAR,20130621,0.009,0.009,0.008,0.008,100000
BAU,20130621,0.105,0.11,0.105,0.11,164286
BBG,20130621,0.14,0.14,0.122,0.13,32598572
BBL,20130621,0.3,0.305,0.3,0.305,2000
BBX,20130621,0.009,0.009,0.009,0.009,5610
BCC,20130621,0.033,0.034,0.03,0.031,2234385
BCD,20130621,0.03,0.03,0.028,0.028,400002
BCI,20130621,3.2,3.22,3.13,3.2,318442
BCK,20130621,0.05,0.05,0.05,0.05,5150
BCN,20130621,0.004,0.004,0.004,0.004,100000
BCT,20130621,0.175,0.175,0.175,0.175,25000
BDI,20130621,0.001,0.001,0.001,0.001,6600
BDM,20130621,0.034,0.034,0.034,0.034,58705
BDR,20130621,0.575,0.64,0.565,0.62,23065107
BEAR,20130621,21.39,21.39,20.88,20.91,142126
BEL,20130621,0.16,0.16,0.16,0.16,34226
BEN,20130621,9.74,9.94,9.62,9.79,2045431
BER,20130621,0.345,0.345,0.345,0.345,7117
BEZ,20130621,0.066,0.066,0.061,0.061,368345
BFE,20130621,0.009,0.009,0.009,0.009,13370
BFG,20130621,0.515,0.52,0.5,0.52,85661
BGA,20130621,2.6,2.65,2.58,2.6,103880
BGD,20130621,0.022,0.022,0.022,0.022,230000
BGG,20130621,0.17,0.2,0.17,0.2,131250
BGH,20130621,0.042,0.042,0.042,0.042,17000
BGL,20130621,0.59,0.59,0.58,0.59,29596
BGS,20130621,0.018,0.02,0.017,0.02,15804081
BHP,20130621,31.6,32.45,31.56,32.45,12836723
BIT,20130621,0.09,0.093,0.09,0.093,11072
BKI,20130621,1.35,1.42,1.33,1.35,1363070
BKL,20130621,27.15,27.15,27,27.1,5088
BKN,20130621,4.3,4.38,4.18,4.38,1490512
BKP,20130621,0.004,0.004,0.004,0.004,898000
BKW,20130621,12.17,13.15,12.1,13.15,56425
BKY,20130621,0.23,0.25,0.23,0.245,85065
BLD,20130621,4.03,4.18,4.02,4.15,4414013
BLG,20130621,0.145,0.165,0.14,0.165,30333
BLK,20130621,0.14,0.14,0.14,0.14,5000
BLR,20130621,0.009,0.009,0.009,0.009,400000
BLT,20130621,0.016,0.017,0.016,0.017,3330249
BLY,20130621,0.705,0.74,0.68,0.74,7197125
BMB,20130621,0.072,0.073,0.072,0.072,49126
BMG,20130621,0.008,0.008,0.007,0.007,2210000
BML,20130621,0.007,0.007,0.007,0.007,180000
BMN,20130621,0.069,0.069,0.064,0.064,205069
BMZ,20130621,0.145,0.145,0.145,0.145,20000
BND,20130621,0.105,0.11,0.105,0.105,781215
BNE,20130621,0.001,0.001,0.001,0.001,2000000
BNO,20130621,0.35,0.35,0.35,0.35,34906
BNR,20130621,0.025,0.025,0.024,0.024,112676
BOA,20130621,0.39,0.39,0.39,0.39,14907
BOC,20130621,0.48,0.48,0.46,0.46,27637
BOE,20130621,0.007,0.007,0.007,0.007,1250000
BOL,20130621,0.085,0.085,0.077,0.08,2958905
BOQ,20130621,8.35,8.47,8.22,8.38,2370319
BPA,20130621,3.75,3.75,3.75,3.75,94
BPH,20130621,0.01,0.01,0.01,0.01,1971517
BPT,20130621,1.16,1.215,1.14,1.2,8691449
BRD,20130621,0.001,0.001,0.001,0.001,501000
BRG,20130621,7.23,7.34,7.15,7.33,392619
BRL,20130621,0.15,0.15,0.14,0.14,85344
BRU,20130621,1.245,1.325,1.23,1.3,1461902
BSA,20130621,0.155,0.16,0.15,0.16,89613
BSE,20130621,0.37,0.385,0.36,0.37,302355
BSL,20130621,4.36,4.52,4.35,4.47,2306350
BSM,20130621,0.01,0.01,0.01,0.01,576637
BSR,20130621,0.012,0.013,0.012,0.013,200000
BTC,20130621,0.02,0.02,0.02,0.02,4000
BTR,20130621,0.28,0.28,0.25,0.265,2525389
BTT,20130621,3.2,3.2,2.98,3.03,332868
BUG,20130621,0.66,0.66,0.66,0.66,700
BUL,20130621,0.044,0.045,0.044,0.045,400996
BUR,20130621,0.009,0.009,0.009,0.009,1900000
BUX,20130621,0.24,0.25,0.23,0.25,163048
BUY,20130621,0.013,0.013,0.012,0.013,618263
BVA,20130621,0.185,0.185,0.18,0.185,144327
BWD,20130621,0.047,0.047,0.046,0.046,80000
BWF,20130621,0.135,0.135,0.135,0.135,6093
BWP,20130621,2.34,2.37,2.31,2.31,2586980
BXB,20130621,8.97,9.16,8.96,9.08,4451332
BXN,20130621,0.004,0.004,0.004,0.004,391225
BYE,20130621,0.415,0.415,0.405,0.405,30000
BYI,20130621,1.46,1.46,1.45,1.45,14600
BYL,20130621,0.245,0.245,0.23,0.23,45700
BYR,20130621,0.01,0.01,0.01,0.01,465723
CAA,20130621,0.185,0.195,0.18,0.195,159300
CAB,20130621,3.76,3.85,3.75,3.84,359691
CAF,20130621,0.3,0.3,0.25,0.28,67335
CAJ,20130621,0.215,0.22,0.215,0.22,238914
CAM,20130621,1.01,1.01,1,1,105277
CAS,20130621,0.24,0.24,0.22,0.23,61750
CAY,20130621,0.07,0.07,0.07,0.07,14545
CAZ,20130621,0.085,0.1,0.082,0.093,211862
CBA,20130621,64.61,66.44,64.53,66.06,5345233
CBB,20130621,0.042,0.044,0.04,0.044,184375
CBD,20130621,0.007,0.007,0.006,0.007,1229560
CBP,20130621,0.035,0.035,0.03,0.035,385000
CBQ,20130621,0.007,0.007,0.007,0.007,263133
CBS,20130621,0.018,0.018,0.017,0.017,597970
CCC,20130621,0.038,0.039,0.037,0.039,711253
CCF,20130621,0.023,0.023,0.023,0.023,92000
CCL,20130621,12.74,12.79,12.49,12.49,3597463
CCP,20130621,9.3,9.45,9.1,9.45,50609
CCU,20130621,0.097,0.098,0.095,0.098,636142
CCV,20130621,1.02,1.05,1.005,1.05,1436004
CDA,20130621,1.74,1.775,1.665,1.75,1690686
CDB,20130621,0.024,0.024,0.023,0.024,1345000
CDD,20130621,4.9,5.01,4.79,5,650644
CDG,20130621,0.145,0.145,0.13,0.14,332445
CDI,20130621,2.58,2.62,2.54,2.58,128725
CDM,20130621,1.3,1.3,1.28,1.29,116175
CDP,20130621,5.23,5.45,5.2,5.45,122112
CDT,20130621,0.04,0.04,0.04,0.04,195876
CDU,20130621,2.7,2.705,2.57,2.7,1042183
CDY,20130621,0.025,0.025,0.025,0.025,514300
CEL,20130621,0.063,0.064,0.06,0.06,576000
CEN,20130621,0.014,0.014,0.014,0.014,483333
CFE,20130621,0.115,0.117,0.115,0.115,370316
CFU,20130621,0.04,0.041,0.04,0.041,1238268
CFX,20130621,1.965,2.01,1.95,1.995,11273859
CGF,20130621,3.8,3.935,3.78,3.91,2345364
CGH,20130621,0.265,0.3,0.26,0.265,498699
CGM,20130621,0.006,0.006,0.006,0.006,147167
CGP,20130621,0.018,0.02,0.017,0.02,171782
CGU,20130621,0.038,0.038,0.038,0.038,25000
CHC,20130621,3.78,3.82,3.67,3.78,657320
CHN,20130621,0.17,0.17,0.17,0.17,20000
CHP,20130621,0.012,0.013,0.012,0.013,194771
CHZ,20130621,0.125,0.125,0.115,0.115,381200
CIN,20130621,20,20.48,20,20.48,17094
CIR,20130621,0.25,0.25,0.25,0.25,12500
CIW,20130621,0.71,0.71,0.68,0.68,153700
CIX,20130621,0.3,0.3,0.275,0.28,293817
CJT,20130621,0.011,0.011,0.01,0.01,59958
CKA,20130621,0.15,0.162,0.15,0.162,1125497
CKF,20130621,1.64,1.69,1.61,1.65,363326
CKK,20130621,0.003,0.003,0.003,0.003,3900000
CLA,20130621,0.01,0.01,0.01,0.01,153025
CLH,20130621,1.435,1.465,1.4,1.465,125409
CLO,20130621,1.05,1.1,1.05,1.1,784258
CLR,20130621,0.22,0.22,0.22,0.22,66607
CLX,20130621,1.78,1.78,1.76,1.76,5722
CLY,20130621,0.008,0.008,0.006,0.006,108034
CLZ,20130621,0.1,0.1,0.1,0.1,5000
CMG,20130621,0.43,0.43,0.4,0.405,517588
CMW,20130621,0.95,0.985,0.945,0.985,3234895
CMY,20130621,0.005,0.005,0.005,0.005,9300000
CNB,20130621,0.605,0.605,0.605,0.605,45990
CND,20130621,0.24,0.24,0.24,0.24,6172
CNI,20130621,0.825,0.825,0.825,0.825,46126
CNL,20130621,0.075,0.075,0.075,0.075,120000
CNN,20130621,0.002,0.002,0.002,0.002,12373764
CNO,20130621,0.09,0.09,0.09,0.09,30000
CNQ,20130621,0.062,0.062,0.062,0.062,50000
CNU,20130621,2,2.04,1.915,2.03,289558
CNX,20130621,0.033,0.033,0.031,0.031,515410
COE,20130621,0.405,0.43,0.395,0.4,102334
COF,20130621,0.12,0.12,0.115,0.12,938523
COH,20130621,60.01,60.9,59.45,60.45,289603
COI,20130621,0.255,0.255,0.235,0.235,971850
COJ,20130621,0.012,0.012,0.012,0.012,17168
COK,20130621,0.037,0.04,0.032,0.033,11760298
COY,20130621,0.03,0.03,0.03,0.03,60000
COZ,20130621,0.093,0.093,0.093,0.093,72200
CPA,20130621,1.055,1.077,1.04,1.075,13745971
CPL,20130621,0.405,0.405,0.32,0.32,15756537
CPU,20130621,10.38,10.68,10.32,10.41,1686922
CPZ,20130621,0.16,0.16,0.14,0.16,109000
CQR,20130621,3.92,4.01,3.92,3.99,1022896
CRB,20130621,0.032,0.032,0.032,0.032,55000
CRL,20130621,0.026,0.026,0.026,0.026,2736
CRZ,20130621,9.1,9.32,9.01,9.16,529180
CSD,20130621,0.05,0.05,0.05,0.05,148270
CSE,20130621,0.14,0.155,0.135,0.135,479699
CSL,20130621,58,59.11,57.41,57.89,2093109
CSR,20130621,2.04,2.175,2.04,2.13,8967392
CSS,20130621,0.014,0.014,0.013,0.013,354700
CSV,20130621,0.885,0.9,0.85,0.885,345615
CTD,20130621,3.95,4.15,3.86,4.15,142690
CTM,20130621,0.125,0.125,0.125,0.125,129944
CTN,20130621,0.95,0.975,0.95,0.975,59997
CTO,20130621,0.05,0.05,0.05,0.05,118062
CTP,20130621,0.075,0.075,0.068,0.071,7724049
CTR,20130621,0.017,0.017,0.016,0.017,4830354
CTX,20130621,20.79,21.49,20.59,21.24,546717
CUE,20130621,0.115,0.12,0.11,0.115,1333965
CUL,20130621,0.009,0.009,0.008,0.009,1081000
CUP,20130621,1.74,1.75,1.7,1.75,20785
CUX,20130621,0.026,0.026,0.024,0.024,90540
CVE,20130621,0.012,0.012,0.01,0.01,175000
CVG,20130621,0.015,0.015,0.014,0.014,84334
CVN,20130621,0.04,0.041,0.039,0.041,1251017
CVV,20130621,0.013,0.013,0.013,0.013,891429
CVW,20130621,0.61,0.61,0.61,0.61,5333
CWE,20130621,0.031,0.031,0.029,0.029,1050834
CWG,20130621,0.055,0.055,0.055,0.055,100000
CWN,20130621,12.1,12.19,11.93,12.02,2112979
CWP,20130621,5.01,5.3,4.97,5.3,328197
CXM,20130621,0.135,0.135,0.135,0.135,1000
CXO,20130621,0.028,0.03,0.028,0.03,40000
CXU,20130621,0.12,0.12,0.105,0.105,70000
CXX,20130621,0.135,0.14,0.135,0.14,505000
CXY,20130621,0.004,0.004,0.003,0.003,881867
CYA,20130621,0.75,0.75,0.73,0.735,101987
CYG,20130621,2.81,2.81,2.73,2.74,9938
CYL,20130621,0.33,0.33,0.33,0.33,30000
CYU,20130621,0.036,0.04,0.036,0.04,107500
CZA,20130621,0.18,0.18,0.18,0.18,20833
CZD,20130621,0.068,0.068,0.068,0.068,13100
CZI,20130621,0.125,0.125,0.12,0.125,95530
CZN,20130621,0.029,0.029,0.024,0.026,911999
DAU,20130621,0.03,0.03,0.028,0.028,105460
DCG,20130621,1.55,1.76,1.525,1.76,1410221
DGI,20130621,0.003,0.003,0.003,0.003,25000
DGR,20130621,0.029,0.029,0.029,0.029,202000
DIG,20130621,0.005,0.005,0.005,0.005,11190
DJS,20130621,2.37,2.46,2.36,2.45,2448996
DJW,20130621,4.2,4.26,4.18,4.26,117578
DLS,20130621,0.97,1.035,0.97,1.03,1739297
DLX,20130621,4.11,4.15,4.06,4.13,2137674
DMA,20130621,0.044,0.044,0.042,0.042,70000
DMG,20130621,0.012,0.012,0.012,0.012,145000
DML,20130621,0.185,0.19,0.17,0.19,4283866
DMP,20130621,12.4,12.44,11.72,11.72,2060203
DNA,20130621,0.36,0.36,0.36,0.36,5000
DOW,20130621,3.3,3.54,3.27,3.54,3911641
DRA,20130621,0.2,0.2,0.175,0.175,43334
DRG,20130621,0.04,0.045,0.039,0.041,450349
DRK,20130621,0.026,0.027,0.026,0.027,191960
DRM,20130621,0.46,0.46,0.43,0.455,198037
DRX,20130621,0.014,0.015,0.013,0.015,241667
DTE,20130621,0.078,0.087,0.077,0.08,8704357
DTL,20130621,1.1,1.13,1.06,1.06,262639
DTM,20130621,0.073,0.073,0.073,0.073,17183
DTQ,20130621,0.023,0.023,0.023,0.023,50000
DUE,20130621,2.19,2.245,2.18,2.2,5155924
DUI,20130621,2.95,3.04,2.89,2.92,389971
DVA,20130621,0.028,0.029,0.028,0.029,593233
DVN,20130621,0.8,0.81,0.75,0.79,84283
DWS,20130621,1.48,1.49,1.45,1.47,128922
DXS,20130621,1.03,1.052,1.03,1.035,37266536
DYE,20130621,0.29,0.365,0.275,0.365,4180496
DYL,20130621,0.034,0.036,0.033,0.036,522045
EAF,20130621,0.007,0.008,0.007,0.008,10625
EAL,20130621,0.56,0.56,0.55,0.56,51477
EAR,20130621,0.092,0.092,0.092,0.092,30000
EAX,20130621,2.98,2.98,2.96,2.96,3085
EBG,20130621,0.05,0.05,0.05,0.05,100000
EBT,20130621,1.235,1.235,1.235,1.235,5000
ECQ,20130621,0.009,0.009,0.008,0.008,600000
EDE,20130621,0.01,0.01,0.01,0.01,825516
EEG,20130621,0.08,0.08,0.074,0.074,412145
EER,20130621,0.04,0.04,0.04,0.04,158000
EEU,20130621,14.27,14.27,14.25,14.26,5402
EGG,20130621,0.345,0.35,0.34,0.34,44634
EGN,20130621,0.15,0.15,0.15,0.15,42944
EGO,20130621,0.012,0.012,0.012,0.012,1345213
EGP,20130621,3.02,3.06,2.98,3.05,4376700
EHL,20130621,0.285,0.3,0.26,0.285,9595777
ELD,20130621,0.075,0.08,0.074,0.08,778111
ELI,20130621,0.815,0.815,0.8,0.8,63220
ELK,20130621,0.19,0.2,0.19,0.2,67631
ELM,20130621,0.45,0.455,0.44,0.455,629542
ELX,20130621,0.2,0.2,0.2,0.2,105000
EMA,20130621,0.024,0.026,0.024,0.026,25000
EMF,20130621,1.66,1.66,1.65,1.65,12150
EMG,20130621,0.01,0.01,0.01,0.01,167500
EML,20130621,0.32,0.32,0.32,0.32,150000
EMU,20130621,0.09,0.09,0.09,0.09,2574
EMX,20130621,0.022,0.022,0.02,0.02,350000
ENE,20130621,4.43,4.43,4.38,4.38,111217
ENL,20130621,0.004,0.004,0.004,0.004,370000
ENT,20130621,0.036,0.036,0.035,0.036,435350
ENU,20130621,0.037,0.037,0.037,0.037,30000
ENV,20130621,0.94,0.955,0.935,0.94,5641535
EOS,20130621,0.145,0.145,0.145,0.145,373000
EPW,20130621,2.5,2.55,2.47,2.55,202697
EPX,20130621,1.78,1.83,1.77,1.83,262566
EQE,20130621,0.035,0.035,0.035,0.035,100000
EQT,20130621,15.3,15.3,15.25,15.25,4982
EQU,20130621,0.028,0.028,0.028,0.028,150000
EQX,20130621,0.475,0.53,0.475,0.5,144175
ERA,20130621,1.18,1.19,1.155,1.19,1172736
ERD,20130621,0.028,0.028,0.015,0.022,288593
ERJ,20130621,0.003,0.004,0.003,0.003,31185671
ERL,20130621,0.017,0.017,0.017,0.017,72000
ERM,20130621,0.033,0.033,0.033,0.033,53000
ERN,20130621,0.005,0.008,0.004,0.008,3733000
ESI,20130621,0.008,0.009,0.008,0.008,5751275
ESM,20130621,0.033,0.033,0.033,0.033,5685
ESN,20130621,0.001,0.001,0.001,0.001,1612
ETE,20130621,0.035,0.035,0.031,0.031,2629326
EVM,20130621,0.027,0.029,0.027,0.028,550000
EVN,20130621,0.65,0.655,0.625,0.645,9418784
EVR,20130621,0.63,0.63,0.57,0.595,3445873
EWC,20130621,0.435,0.44,0.412,0.42,10943409
EXA,20130621,0.025,0.03,0.025,0.03,23228
EXE,20130621,0.016,0.016,0.015,0.015,520000
EXG,20130621,0.098,0.098,0.096,0.097,52334
EXR,20130621,0.015,0.015,0.015,0.015,61900
EZL,20130621,1,1,0.99,0.99,71250
FAC,20130621,0.023,0.023,0.023,0.023,290000
FAN,20130621,1.9,1.96,1.9,1.96,237442
FAR,20130621,0.027,0.027,0.026,0.026,2528089
FAS,20130621,0.01,0.011,0.01,0.011,1797500
FBU,20130621,6.9,6.97,6.85,6.94,837473
FCN,20130621,0.01,0.01,0.01,0.01,226341
FDC,20130621,2.31,2.36,2.3,2.36,5666037
FEL,20130621,0.015,0.015,0.015,0.015,30000
FEO,20130621,0.026,0.06,0.026,0.06,133000
FFF,20130621,0.011,0.014,0.011,0.014,221429
FGE,20130621,4.06,4.12,3.93,4.1,657413
FKP,20130621,1.14,1.15,1.105,1.15,427569
FLK,20130621,0.15,0.155,0.15,0.155,129681
FLT,20130621,38.5,39.975,38.49,39.89,684924
FMG,20130621,3.05,3.11,3.01,3.05,37901631
FML,20130621,0.017,0.019,0.016,0.019,286626697
FMS,20130621,0.037,0.037,0.034,0.034,3778454
FND,20130621,0.17,0.17,0.165,0.17,534213
FNP,20130621,1.67,1.67,1.67,1.67,7302
FNT,20130621,0.007,0.007,0.007,0.007,375000
FOY,20130621,0.002,0.002,0.002,0.002,130000
FPH,20130621,2.88,2.9,2.86,2.9,681434
FPS,20130621,1.01,1.01,1.01,1.01,4000
FRC,20130621,0.052,0.052,0.05,0.05,15000
FRG,20130621,0.17,0.17,0.165,0.165,37820
FRI,20130621,1.195,1.24,1.195,1.21,730481
FSA,20130621,0.67,0.68,0.67,0.68,12313
FSE,20130621,0.006,0.007,0.006,0.007,1114415
FSF,20130621,6.07,6.07,5.97,6.02,465951
FSI,20130621,1.35,1.35,1.34,1.34,5000
FTE,20130621,0.014,0.014,0.014,0.014,30000
FUN,20130621,0.15,0.16,0.15,0.15,15225
FWD,20130621,3.64,3.65,3.46,3.63,834070
FXJ,20130621,0.505,0.515,0.482,0.5,12362313
FXL,20130621,4.34,4.47,4.32,4.42,1187587
FXR,20130621,0.023,0.023,0.023,0.023,2000
FYI,20130621,0.05,0.05,0.05,0.05,17580
FZR,20130621,0.33,0.33,0.33,0.33,15000
GAP,20130621,0.245,0.255,0.245,0.25,421718
GBE,20130621,0.06,0.06,0.058,0.058,110000
GBG,20130621,0.11,0.125,0.11,0.125,5057711
GBI,20130621,0.12,0.12,0.11,0.11,8450
GBP,20130621,0.1,0.1,0.1,0.1,1000
GBT,20130621,1.66,1.74,1.66,1.72,72647
GCG,20130621,0.048,0.048,0.048,0.048,40000
GCN,20130621,0.008,0.008,0.008,0.008,1470000
GCR,20130621,0.005,0.005,0.005,0.005,843000
GCS,20130621,0.42,0.42,0.415,0.415,37093
GCY,20130621,0.165,0.17,0.165,0.17,11500
GDO,20130621,0.13,0.13,0.13,0.13,25000
GDY,20130621,0.082,0.085,0.081,0.085,265989
GEM,20130621,2.46,2.58,2.41,2.46,10688487
GES,20130621,0.095,0.095,0.095,0.095,76690
GFF,20130621,0.705,0.722,0.7,0.72,6699255
GFL,20130621,1.045,1.045,1.045,1.045,3000
GGE,20130621,0.002,0.002,0.001,0.001,1058725
GGG,20130621,0.26,0.26,0.245,0.26,736854
GGP,20130621,0.002,0.002,0.002,0.002,13525278
GGX,20130621,0.034,0.034,0.033,0.033,970588
GHC,20130621,1.085,1.09,1.05,1.08,183275
GID,20130621,0.62,0.63,0.62,0.63,16231
GIP,20130621,0.009,0.009,0.009,0.009,300000
GJT,20130621,0.66,0.66,0.66,0.66,1000
GLA,20130621,0.006,0.006,0.006,0.006,200000
GLE,20130621,0.28,0.28,0.28,0.28,5500
GLL,20130621,0.115,0.115,0.115,0.115,100000
GLM,20130621,0.005,0.005,0.005,0.005,1700000
GLY,20130621,0.06,0.06,0.06,0.06,25000
GME,20130621,0.022,0.022,0.022,0.022,81037
GMG,20130621,4.76,4.82,4.72,4.72,11278182
GML,20130621,0.068,0.068,0.065,0.065,162980
GMM,20130621,0.035,0.035,0.035,0.035,10778
GMR,20130621,0.017,0.017,0.015,0.017,882056
GMX,20130621,0.017,0.017,0.015,0.015,252000
GMY,20130621,1.05,1.05,1.05,1.05,2500
GNC,20130621,12.45,12.5,12.45,12.47,532347
GNG,20130621,0.46,0.48,0.46,0.48,22400
GNM,20130621,0.15,0.16,0.15,0.15,39711
GOA,20130621,0.001,0.001,0.001,0.001,3326177
GOLD,20130621,133.64,135.15,132.35,134.5,46362
GOR,20130621,0.044,0.046,0.041,0.043,1481185
GOW,20130621,2.4,2.4,2.4,2.4,2824
GOZ,20130621,2.4,2.47,2.3,2.47,548676
GPG,20130621,0.375,0.385,0.37,0.385,497000
GPT,20130621,3.72,3.75,3.7,3.71,16690200
GRB,20130621,0.18,0.18,0.18,0.18,96000
GRF,20130621,1.53,1.53,1.53,1.53,3980964
GRK,20130621,0.002,0.002,0.001,0.001,1184813
GRM,20130621,0.04,0.04,0.03,0.03,114312
GRR,20130621,0.16,0.175,0.15,0.175,3389265
GRY,20130621,0.145,0.15,0.13,0.14,66650765
GSZ,20130621,0.016,0.016,0.015,0.015,191000
GTE,20130621,0.18,0.19,0.18,0.18,41140
GUD,20130621,5.97,6.07,5.7,6.01,666452
GUF,20130621,0.145,0.145,0.135,0.135,734081
GUL,20130621,0.02,0.026,0.02,0.026,115000
GUN,20130621,0.02,0.02,0.019,0.02,719820
GWA,20130621,2.15,2.17,2.13,2.15,793510
GWR,20130621,0.15,0.15,0.15,0.15,18000
GXL,20130621,4.7,4.95,4.69,4.95,26710
GZL,20130621,2.95,2.95,2.95,2.95,961
HAO,20130621,0.18,0.18,0.18,0.18,120
HAR,20130621,0.068,0.071,0.068,0.071,39396
HAS,20130621,0.044,0.044,0.044,0.044,5500
HAV,20130621,0.215,0.215,0.21,0.21,70342
HAW,20130621,0.062,0.063,0.058,0.058,292475
HAZ,20130621,0.02,0.02,0.017,0.017,861195
HCH,20130621,0.48,0.49,0.46,0.48,650699
HDG,20130621,0.04,0.04,0.04,0.04,30000
HDX,20130621,0.23,0.23,0.23,0.23,35000
HEG,20130621,0.009,0.009,0.009,0.009,50000
HFA,20130621,0.83,0.93,0.805,0.91,109043
HGG,20130621,2.43,2.5,2.41,2.48,15112203
HGO,20130621,0.059,0.064,0.059,0.06,846189
HHL,20130621,2.13,2.13,2,2.05,49931
HHM,20130621,0.03,0.03,0.03,0.03,4000
HHV,20130621,0.83,0.85,0.825,0.85,337354
HHY,20130621,0.55,0.55,0.535,0.55,322464
HIG,20130621,0.058,0.058,0.055,0.056,73500
HIL,20130621,0.955,0.96,0.94,0.955,304219
HIN,20130621,2.8,2.85,2.8,2.85,124927
HLS,20130621,0.011,0.011,0.011,0.011,24000
HLX,20130621,0.031,0.031,0.031,0.031,44000
HNG,20130621,0.55,0.55,0.525,0.525,7160
HNR,20130621,0.014,0.015,0.014,0.014,496497
HOG,20130621,0.051,0.051,0.048,0.051,174726
HOR,20130621,0.058,0.06,0.05,0.06,377857
HRR,20130621,0.125,0.125,0.125,0.125,151663
HSK,20130621,0.065,0.065,0.065,0.065,211000
HSN,20130621,0.91,0.91,0.9,0.9,572776
HTA,20130621,0.048,0.05,0.048,0.048,61100
HVN,20130621,2.47,2.5,2.41,2.45,1459607
HZN,20130621,0.34,0.36,0.335,0.345,2093637
IAA,20130621,45.34,45.52,44.31,45.35,8579
IAF,20130621,103.65,103.65,103.07,103.07,1739
IAG,20130621,5.37,5.5,5.32,5.44,5815996
IAU,20130621,0.22,0.22,0.195,0.205,11211418
IAW,20130621,0.07,0.07,0.07,0.07,15881
IBC,20130621,0.51,0.51,0.51,0.51,18686
IBG,20130621,0.045,0.047,0.045,0.047,104150
IBK,20130621,37,37.11,36.4,37.11,2400
ICG,20130621,0.023,0.023,0.022,0.023,2467001
ICN,20130621,0.13,0.135,0.13,0.13,448679
ICQ,20130621,0.465,0.465,0.45,0.45,105770
ICX,20130621,0.1,0.1,0.1,0.1,20000
IDC,20130621,0.063,0.063,0.051,0.06,1813974
IDO,20130621,0.064,0.068,0.064,0.068,204000
IDT,20130621,0.205,0.205,0.205,0.205,16616
IEM,20130621,40.6,40.6,40.05,40.59,78053
IEU,20130621,44.1,44.3,43.5,44.3,29470
IFE,20130621,0.07,0.076,0.069,0.071,61800
IFL,20130621,7.27,7.3,7.09,7.22,822981
IFM,20130621,0.46,0.48,0.46,0.475,149916
IFN,20130621,0.25,0.27,0.25,0.27,1235486
IGB,20130621,102.12,102.12,101.65,101.65,863
IGO,20130621,2.73,2.74,2.57,2.62,2069885
IGS,20130621,0.003,0.004,0.002,0.002,1286223
IHD,20130621,15.5,15.6,15.33,15.57,42329
IHK,20130621,19.98,20.1,19.95,20.1,2753
IIN,20130621,5.7,5.78,5.61,5.71,601211
IJH,20130621,124.4,124.92,124.37,124.92,1619
IJP,20130621,11.65,11.99,11.56,11.99,34048
IJR,20130621,97.79,97.79,97.05,97.05,792
IKO,20130621,55.9,55.91,55.9,55.9,552
ILB,20130621,101.01,101.15,101.01,101.15,10260
ILC,20130621,21.6,21.71,21.39,21.59,29302
ILU,20130621,9.67,9.89,9.44,9.76,4729690
IMA,20130621,0.115,0.12,0.115,0.115,237700
IMC,20130621,0.004,0.004,0.004,0.004,4000000
IMD,20130621,0.75,0.75,0.675,0.715,9288658
IMF,20130621,1.75,1.8,1.715,1.77,629900
IMU,20130621,0.004,0.004,0.004,0.004,209295
INA,20130621,0.34,0.345,0.335,0.345,5955324
INL,20130621,0.006,0.006,0.006,0.006,517352
INQ,20130621,0.74,0.75,0.73,0.73,45500
IOF,20130621,2.91,2.93,2.88,2.89,4760948
IOG,20130621,0.13,0.13,0.13,0.13,6153
IOH,20130621,0.67,0.67,0.66,0.66,62500
IOO,20130621,75.29,75.29,74.5,74.9,38234
IOZ,20130621,20.19,20.67,20.19,20.62,27499
IPB,20130621,0.24,0.24,0.24,0.24,47400
IPD,20130621,0.1,0.1,0.095,0.095,319000
IPE,20130621,0.4,0.41,0.4,0.41,195000
IPL,20130621,2.7,2.78,2.68,2.78,6810026
IPP,20130621,0.73,0.745,0.725,0.745,36400
IPT,20130621,0.026,0.026,0.026,0.026,27338
IRD,20130621,0.165,0.17,0.165,0.17,119454
IRE,20130621,7.65,7.71,7.53,7.58,432675
IRI,20130621,1.01,1.04,1.01,1.04,47891
IRL,20130621,0.002,0.002,0.002,0.002,800000
IRM,20130621,0.023,0.023,0.023,0.023,96250
IRN,20130621,0.245,0.28,0.24,0.24,10121123
ISG,20130621,13.68,13.68,13.59,13.68,2347
ISN,20130621,0.395,0.415,0.365,0.405,2076306
ISO,20130621,3.6,3.61,3.55,3.61,30482
ISS,20130621,0.325,0.325,0.32,0.32,1078350
ITW,20130621,13.95,13.95,13.95,13.95,42
IVA,20130621,0.18,0.205,0.16,0.2,2484142
IVC,20130621,10.59,10.88,10.59,10.8,169989
IVE,20130621,63.13,63.2,62.87,62.87,752
IVR,20130621,0.15,0.15,0.145,0.15,499925
IVT,20130621,0.012,0.012,0.012,0.012,20000
IVV,20130621,175,175,174.1,174.85,15203
IXI,20130621,87.42,87.42,86.4,86.8,4094
IXJ,20130621,81.68,81.68,80.66,80.89,1575
IXP,20130621,64.42,64.42,64.28,64.4,1000
IXR,20130621,0.068,0.07,0.065,0.07,82284
IZM,20130621,0.004,0.004,0.004,0.004,4129193
IZZ,20130621,35.18,35.7,34.6,35.7,31692
JAL,20130621,0.22,0.22,0.22,0.22,2373
JAT,20130621,0.023,0.025,0.023,0.025,55000
JBH,20130621,15.63,15.96,15.6,15.67,648600
JHX,20130621,9.13,9.52,9.13,9.49,1365599
JIN,20130621,1.46,1.5,1.41,1.46,54867
JKA,20130621,0.082,0.082,0.078,0.078,217000
JMS,20130621,0.071,0.072,0.07,0.07,584341
JPR,20130621,0.56,0.56,0.54,0.54,76193
JRL,20130621,0.18,0.18,0.165,0.17,105000
JRV,20130621,0.021,0.021,0.021,0.021,32100
JYC,20130621,0.395,0.395,0.39,0.39,55000
KAB,20130621,0.004,0.004,0.004,0.004,500000
KAM,20130621,0.39,0.435,0.375,0.435,60370
KAR,20130621,4.94,5.23,4.92,5.22,408962
KAS,20130621,0.1,0.1,0.099,0.1,687288
KBC,20130621,0.145,0.145,0.14,0.14,102850
KBL,20130621,0.055,0.055,0.055,0.055,169126
KCN,20130621,1.43,1.52,1.395,1.5,6415932
KDR,20130621,0.22,0.22,0.21,0.215,393969
KEN,20130621,0.015,0.015,0.015,0.015,10000
KEY,20130621,0.008,0.008,0.008,0.008,300000
KFE,20130621,0.08,0.08,0.075,0.075,10200
KGD,20130621,0.091,0.091,0.09,0.09,217900
KGM,20130621,0.09,0.09,0.085,0.085,188201
KIK,20130621,0.001,0.001,0.001,0.001,1500000
KIS,20130621,0.049,0.049,0.047,0.049,313708
KKL,20130621,0.006,0.006,0.006,0.006,100600
KMC,20130621,0.005,0.005,0.005,0.005,8264213
KMD,20130621,2.05,2.14,2.03,2.14,348417
KNL,20130621,0.086,0.086,0.078,0.078,378750
KOR,20130621,0.041,0.041,0.041,0.041,183839
KPL,20130621,0.325,0.36,0.3,0.36,122300
KRA,20130621,0.051,0.051,0.05,0.05,503000
KRC,20130621,0.024,0.024,0.024,0.024,130824
KRL,20130621,0.023,0.024,0.023,0.024,330110
KRM,20130621,0.33,0.345,0.32,0.32,408672
KSC,20130621,1.45,1.515,1.45,1.47,48835
KSN,20130621,0.065,0.065,0.065,0.065,47550
KSO,20130621,0.003,0.003,0.003,0.003,633000
KTA,20130621,0.05,0.05,0.05,0.05,10000
KTE,20130621,0.01,0.01,0.01,0.01,50000
LAT,20130621,0.013,0.013,0.012,0.012,150000
LBL,20130621,0.098,0.098,0.098,0.098,25000
LBY,20130621,0.055,0.055,0.052,0.052,1073250
LCE,20130621,0.18,0.18,0.18,0.18,100
LCM,20130621,1.32,1.32,1.26,1.26,14075
LCT,20130621,0.043,0.044,0.043,0.044,139279
LEG,20130621,0.009,0.009,0.009,0.009,1770000
LEI,20130621,14.65,15.25,14.4,15.12,4824504
LEP,20130621,2.6,2.67,2.42,2.67,235105
LGD,20130621,0.225,0.225,0.22,0.225,125000
LGM,20130621,0.014,0.018,0.013,0.018,963786
LIC,20130621,0.78,0.78,0.78,0.78,44456
LIN,20130621,0.025,0.025,0.025,0.025,56125
LKO,20130621,0.004,0.005,0.004,0.004,1387010
LLC,20130621,8.2,8.42,8.19,8.4,3166959
LLO,20130621,0.42,0.42,0.42,0.42,1823
LMB,20130621,0.09,0.095,0.09,0.095,200000
LMG,20130621,0.005,0.005,0.005,0.005,263635
LML,20130621,0.047,0.047,0.047,0.047,2221
LNC,20130621,1.21,1.21,1.15,1.15,22965424
LNG,20130621,0.15,0.155,0.135,0.155,133884
LNR,20130621,0.15,0.155,0.145,0.155,32554
LNY,20130621,0.011,0.011,0.011,0.011,310
LOM,20130621,0.006,0.006,0.006,0.006,26798131
LRG,20130621,0.215,0.215,0.2,0.205,54237
LRL,20130621,0.18,0.195,0.18,0.19,405521
LRR,20130621,0.002,0.003,0.002,0.003,300000
LSR,20130621,0.014,0.016,0.014,0.014,105825
LSX,20130621,0.56,0.56,0.56,0.56,8547
LTN,20130621,0.075,0.078,0.075,0.078,102500
LTR,20130621,0.01,0.01,0.01,0.01,550000
LTX,20130621,0.025,0.025,0.025,0.025,4133
LYC,20130621,0.385,0.41,0.365,0.405,26458209
LYL,20130621,4.23,4.6,4.23,4.6,74441
MAB,20130621,0.31,0.33,0.3,0.33,61290
MAD,20130621,0.36,0.38,0.34,0.34,18068566
MAH,20130621,0.094,0.13,0.092,0.115,23873592
MAK,20130621,0.105,0.105,0.1,0.1,1031100
MAQ,20130621,7.51,7.7,7.4,7.47,20292
MAR,20130621,0.005,0.005,0.005,0.005,1740857
MAT,20130621,0.325,0.34,0.32,0.34,127000
MAU,20130621,0.08,0.081,0.08,0.081,60000
MBE,20130621,0.021,0.021,0.021,0.021,158500
MBK,20130621,0.014,0.014,0.014,0.014,100000
MBN,20130621,0.12,0.127,0.115,0.12,28914724
MBO,20130621,0.042,0.042,0.042,0.042,500000
MBT,20130621,0.005,0.005,0.005,0.005,300
MCE,20130621,0.8,0.825,0.73,0.825,308939
MCP,20130621,1.33,1.345,1.285,1.29,414856
MCR,20130621,0.515,0.52,0.5,0.5,635443
MDL,20130621,2.43,2.43,2.2,2.24,240763
MDS,20130621,0.001,0.001,0.001,0.001,7480050
MDV,20130621,0.002,0.002,0.002,0.002,2382520
MDX,20130621,0.135,0.135,0.135,0.135,44259
MED,20130621,0.165,0.165,0.1,0.15,138741
MEL,20130621,0.052,0.054,0.052,0.053,336129
MEO,20130621,0.058,0.06,0.057,0.06,669966
MEP,20130621,0.125,0.125,0.12,0.12,100000
MEU,20130621,0.026,0.028,0.025,0.028,1249991
MFF,20130621,1.295,1.33,1.29,1.3,510263
MFG,20130621,9.5,9.8,9.11,9.73,453283
MGL,20130621,0.022,0.022,0.02,0.02,403365
MGR,20130621,1.54,1.592,1.54,1.58,25401877
MGU,20130621,0.012,0.012,0.012,0.012,13000
MGV,20130621,0.066,0.066,0.066,0.066,210000
MGX,20130621,0.425,0.445,0.41,0.445,6626180
MGY,20130621,0.026,0.026,0.026,0.026,95000
MHI,20130621,0.17,0.17,0.17,0.17,106254
MHM,20130621,0.1,0.11,0.1,0.105,130978
MIN,20130621,8.31,8.51,8.2,8.51,1354997
MIO,20130621,1.78,1.86,1.78,1.86,212372
MIR,20130621,2.23,2.31,2.23,2.24,55280
MIX,20130621,0.16,0.16,0.15,0.16,3565760
MKB,20130621,0.042,0.043,0.04,0.04,302207
MKO,20130621,0.016,0.016,0.016,0.016,75000
MLA,20130621,0.016,0.02,0.016,0.02,1585724
MLB,20130621,2.18,2.21,2.13,2.2,241907
MLD,20130621,1.885,1.885,1.84,1.865,374861
MLI,20130621,0.075,0.075,0.075,0.075,38
MLM,20130621,0.11,0.11,0.105,0.105,16560
MLS,20130621,0.013,0.013,0.012,0.012,775000
MLT,20130621,18.23,18.32,18.05,18.26,56675
MLX,20130621,0.11,0.11,0.11,0.11,2367756
MMC,20130621,0.048,0.05,0.048,0.05,360172
MML,20130621,1.63,1.665,1.54,1.585,4620787
MMS,20130621,15.93,16.29,15.83,16.2,184932
MMX,20130621,0.04,0.041,0.04,0.04,235059
MNB,20130621,0.022,0.022,0.019,0.019,561741
MNC,20130621,0.012,0.014,0.012,0.013,2923613
MND,20130621,16.15,17.5,15.57,17.5,2361801
MNE,20130621,0.02,0.02,0.02,0.02,3000
MNF,20130621,1.205,1.23,1.19,1.215,52830
MNM,20130621,0.032,0.032,0.03,0.03,177536
MNY,20130621,0.75,0.79,0.75,0.79,38198
MNZ,20130621,0.002,0.003,0.002,0.002,292426
MOC,20130621,2.16,2.25,2.16,2.25,222036
MOD,20130621,0.03,0.03,0.029,0.03,1028789
MOG,20130621,0.005,0.006,0.005,0.006,1455457
MOL,20130621,0.115,0.115,0.11,0.11,574729
MOO,20130621,0.005,0.005,0.005,0.005,48000
MOT,20130621,0.001,0.001,0.001,0.001,50000
MOU,20130621,0.008,0.008,0.008,0.008,238762
MOX,20130621,0.036,0.036,0.036,0.036,39545
MOY,20130621,0.013,0.014,0.011,0.013,25507009
MPE,20130621,0.019,0.019,0.019,0.019,26500
MPO,20130621,0.225,0.24,0.225,0.23,177016
MPS,20130621,0.065,0.065,0.065,0.065,348329
MQA,20130621,1.865,1.985,1.835,1.955,2373455
MQG,20130621,41.5,42.27,41.36,41.82,1355575
MRC,20130621,0.08,0.08,0.08,0.08,104445
MRM,20130621,3.54,3.55,3.39,3.51,808941
MRP,20130621,0.14,0.14,0.14,0.14,15998
MRQ,20130621,0.185,0.195,0.185,0.195,25000
MRX,20130621,0.006,0.006,0.006,0.006,234645
MSB,20130621,5.7,5.8,5.52,5.55,631185
MSP,20130621,0.006,0.006,0.006,0.006,8572
MSR,20130621,0.06,0.06,0.052,0.055,679000
MTB,20130621,0.001,0.001,0.001,0.001,1500000
MTE,20130621,0.061,0.061,0.06,0.06,129184
MTH,20130621,0.02,0.02,0.019,0.02,195000
MTN,20130621,0.03,0.032,0.03,0.03,60000
MTS,20130621,3.48,3.51,3.41,3.44,8412504
MTU,20130621,5.25,5.49,5.2,5.45,890674
MUE,20130621,0.12,0.125,0.115,0.125,3890682
MUM,20130621,0.014,0.014,0.014,0.014,190000
MVP,20130621,1.3,1.305,1.3,1.305,25000
MVT,20130621,0.095,0.096,0.093,0.093,298334
MXI,20130621,1,1.03,0.985,1.03,852053
MXQ,20130621,0.36,0.36,0.36,0.36,30000
MXR,20130621,0.002,0.002,0.002,0.002,15000
MYE,20130621,0.75,0.75,0.745,0.75,39274
MYG,20130621,0.034,0.034,0.031,0.032,1378000
MYR,20130621,2.24,2.295,2.22,2.26,4911727
MYS,20130621,4.14,4.23,4.14,4.17,78078
MYT,20130621,1.88,1.88,1.88,1.88,244543
MYX,20130621,0.41,0.42,0.41,0.42,271017
MZI,20130621,0.016,0.016,0.015,0.015,664000
MZM,20130621,0.1,0.1,0.09,0.09,90000
NAB,20130621,28.61,29.15,28.59,28.98,6902456
NAM,20130621,0.26,0.26,0.255,0.26,125464
NAN,20130621,0.58,0.6,0.57,0.6,121095
NBL,20130621,0.62,0.62,0.62,0.62,300
NCK,20130621,2.03,2.03,2,2,8200
NCM,20130621,10.12,10.35,9.96,10.35,9350831
NCO,20130621,0.014,0.014,0.014,0.014,62500
NCR,20130621,0.08,0.08,0.08,0.08,250000
NDO,20130621,0.023,0.023,0.021,0.022,6280665
NEA,20130621,0.305,0.31,0.305,0.305,1107907
NEN,20130621,0.245,0.245,0.24,0.24,736841
NEU,20130621,0.064,0.065,0.062,0.064,2756373
NFE,20130621,0.11,0.115,0.11,0.11,1637234
NFK,20130621,0.46,0.46,0.46,0.46,602226
NGE,20130621,0.016,0.016,0.016,0.016,247617
NGF,20130621,0.135,0.135,0.13,0.13,22001
NGY,20130621,0.041,0.041,0.041,0.041,75000
NHC,20130621,3.77,3.83,3.71,3.72,768476
NHF,20130621,2.1,2.2,2.06,2.19,586884
NIO,20130621,0.002,0.002,0.002,0.002,36500
NIU,20130621,0.012,0.012,0.012,0.012,120000
NKP,20130621,0.045,0.046,0.044,0.046,127398
NLS,20130621,0.005,0.005,0.005,0.005,340000
NMG,20130621,0.011,0.011,0.009,0.01,1566726
NMI,20130621,0.005,0.005,0.004,0.005,2699000
NML,20130621,0.05,0.05,0.05,0.05,90000
NMS,20130621,0.027,0.027,0.027,0.027,178716
NNC,20130621,16.7,16.92,16.66,16.86,1627406
NOD,20130621,0.06,0.06,0.059,0.06,350000
NRR,20130621,0.019,0.019,0.019,0.019,18000
NRT,20130621,0.17,0.18,0.17,0.175,147631
NRU,20130621,0.008,0.008,0.007,0.007,1170000
NSE,20130621,0.115,0.12,0.115,0.117,401495
NSL,20130621,0.023,0.023,0.021,0.021,625500
NST,20130621,0.65,0.685,0.635,0.675,5724392
NSX,20130621,0.16,0.16,0.16,0.16,4460
NTC,20130621,0.245,0.255,0.245,0.255,142949
NTM,20130621,0.026,0.035,0.026,0.035,532800
NTU,20130621,0.12,0.12,0.105,0.11,128200
NUF,20130621,4.36,4.56,4.36,4.5,1181695
NVG,20130621,0.017,0.017,0.017,0.017,300000
NVI,20130621,0.1,0.1,0.1,0.1,10000
NVT,20130621,5.55,5.73,5.46,5.7,1267946
NWE,20130621,0.02,0.02,0.019,0.02,913267
NWH,20130621,0.9,0.93,0.88,0.93,3787895
NWR,20130621,0.04,0.04,0.04,0.04,3350
NWS,20130621,29.96,30.45,29.94,30.43,2991147
NWT,20130621,0.365,0.372,0.36,0.37,290257
NXM,20130621,0.061,0.061,0.06,0.061,110000
NXR,20130621,0.026,0.026,0.026,0.026,30000
NXS,20130621,0.087,0.09,0.081,0.09,8007199
NXT,20130621,2.58,2.65,2.52,2.63,531737
NZO,20130621,0.695,0.695,0.695,0.695,6686
OBL,20130621,0.015,0.015,0.014,0.014,225336
OBS,20130621,0.14,0.15,0.14,0.15,259054
OCL,20130621,0.39,0.39,0.39,0.39,3500
ODN,20130621,0.001,0.001,0.001,0.001,3999999
OEL,20130621,0.071,0.071,0.07,0.07,54399
OEX,20130621,0.06,0.06,0.056,0.056,381360
OGC,20130621,1.29,1.325,1.255,1.32,2348521
OGH,20130621,0.02,0.02,0.02,0.02,30830
OGL,20130621,0.04,0.04,0.04,0.04,18996
OGX,20130621,0.145,0.145,0.135,0.145,153015
OGY,20130621,0.016,0.016,0.016,0.016,320000
OKJ,20130621,0.1,0.1,0.1,0.1,15000
OKN,20130621,1.115,1.155,1.11,1.12,34760
OKU,20130621,0.004,0.004,0.004,0.004,4676000
OMH,20130621,0.335,0.35,0.335,0.35,197678
ONT,20130621,5.85,5.97,5.82,5.82,6660
OPG,20130621,0.11,0.11,0.11,0.11,4727
ORD,20130621,0.006,0.006,0.005,0.005,2499967
ORE,20130621,1.575,1.575,1.5,1.57,167302
ORG,20130621,12.5,12.77,12.4,12.72,3792652
ORI,20130621,19.97,20.18,19.65,20.14,1745862
ORL,20130621,6.79,6.79,6.64,6.75,40759
ORR,20130621,0.1,0.1,0.095,0.095,36945
ORS,20130621,0.098,0.098,0.097,0.097,65000
OSH,20130621,7.79,8,7.76,7.93,3883785
OSL,20130621,0.033,0.033,0.033,0.033,200000
OSP,20130621,0.42,0.43,0.42,0.42,15401
OTC,20130621,0.05,0.05,0.05,0.05,81
OTH,20130621,0.375,0.38,0.36,0.38,145000
OVL,20130621,0.014,0.014,0.014,0.014,686905
OVR,20130621,0.009,0.009,0.008,0.008,314200
OXX,20130621,0.21,0.21,0.21,0.21,25500
OZF,20130621,17.75,17.97,17.73,17.88,2545
OZG,20130621,0.155,0.16,0.15,0.16,1682862
OZL,20130621,3.96,4.16,3.96,4.15,3913745
OZR,20130621,8.79,8.98,8.79,8.98,3001
PAB,20130621,0.027,0.027,0.025,0.025,203250
PAG,20130621,0.82,0.825,0.82,0.825,6827
PAN,20130621,0.235,0.24,0.23,0.23,330855
PBD,20130621,0.009,0.009,0.009,0.009,10000
PBG,20130621,0.7,0.73,0.68,0.69,4471862
PBP,20130621,0.315,0.315,0.315,0.315,5000
PBT,20130621,0.225,0.23,0.225,0.23,1320629
PCL,20130621,0.054,0.054,0.051,0.052,5163444
PDI,20130621,0.022,0.022,0.02,0.022,387881
PDM,20130621,0.004,0.004,0.004,0.004,2881000
PDN,20130621,0.935,0.96,0.91,0.955,5261317
PDY,20130621,0.002,0.002,0.002,0.002,5600
PDZ,20130621,0.34,0.35,0.34,0.34,39796
PEK,20130621,0.14,0.145,0.13,0.14,485521
PEL,20130621,0.008,0.008,0.008,0.008,11250
PEM,20130621,0.125,0.13,0.12,0.12,1068203
PEN,20130621,0.025,0.025,0.025,0.025,2584724
PEX,20130621,0.375,0.38,0.375,0.38,169920
PFG,20130621,0.1,0.1,0.1,0.1,53501
PFL,20130621,1.5,1.505,1.48,1.495,78403
PGC,20130621,0.31,0.31,0.3,0.3,50000
PGI,20130621,0.077,0.085,0.072,0.084,1987585
PGM,20130621,0.026,0.026,0.025,0.025,407000
PGS,20130621,0.019,0.019,0.019,0.019,1442889
PHG,20130621,0.081,0.082,0.081,0.082,331000
PHK,20130621,0.045,0.045,0.045,0.045,25000
PIO,20130621,0.013,0.014,0.013,0.014,120000
PIR,20130621,0.795,0.845,0.76,0.805,44225078
PLV,20130621,0.063,0.064,0.061,0.063,1792156
PLY,20130621,0.17,0.18,0.17,0.18,100000
PMC,20130621,1.38,1.4,1.38,1.4,139007
PME,20130621,0.425,0.425,0.425,0.425,22447
PMP,20130621,0.265,0.27,0.255,0.255,196502
PMV,20130621,6.3,6.49,6.3,6.42,529148
PNA,20130621,1.96,2.01,1.905,1.98,6288101
PNE,20130621,0.006,0.007,0.006,0.007,950000
PNL,20130621,0.065,0.07,0.065,0.07,15355
PNO,20130621,0.001,0.001,0.001,0.001,1900061
PNR,20130621,0.12,0.12,0.112,0.115,87171
PNX,20130621,0.045,0.045,0.045,0.045,171602
POH,20130621,0.135,0.135,0.13,0.135,316778
POK,20130621,0.175,0.175,0.165,0.17,80130
POS,20130621,0.155,0.16,0.145,0.16,281833
POU,20130621,16.8,16.8,16.79,16.79,355
POZ,20130621,0.018,0.018,0.015,0.015,178700
PPC,20130621,1.065,1.065,1.025,1.055,7867
PPG,20130621,0.4,0.42,0.4,0.4,242500
PPP,20130621,0.105,0.11,0.105,0.11,81000
PPS,20130621,0.065,0.065,0.061,0.061,905500
PPT,20130621,38,39.23,37.91,38.86,128666
PPX,20130621,0.053,0.053,0.049,0.049,617411
PPY,20130621,0.016,0.016,0.016,0.016,3814
PRG,20130621,2.36,2.36,2.28,2.3,731496
PRL,20130621,0.087,0.09,0.085,0.09,459961
PRO,20130621,0.32,0.32,0.32,0.32,6582
PRR,20130621,0.062,0.07,0.061,0.07,5875519
PRT,20130621,1,1.05,1,1.035,586697
PRU,20130621,0.64,0.79,0.63,0.775,15568748
PRW,20130621,0.001,0.001,0.001,0.001,2881186
PRY,20130621,4.88,4.94,4.67,4.75,5538366
PSA,20130621,0.125,0.13,0.125,0.125,4550
PSH,20130621,0.067,0.067,0.067,0.067,5000
PSP,20130621,0.01,0.01,0.01,0.01,50000
PTL,20130621,0.014,0.014,0.013,0.013,974579
PTM,20130621,5.32,5.55,5.21,5.51,1266235
PTO,20130621,0.006,0.006,0.005,0.006,2762072
PTR,20130621,0.026,0.026,0.026,0.026,18437
PTS,20130621,0.045,0.045,0.044,0.045,257000
PUN,20130621,0.155,0.155,0.13,0.13,189303
PVA,20130621,4.05,4.05,4.05,4.05,1545
PVD,20130621,0.42,0.42,0.4,0.415,331670
PVE,20130621,0.1,0.1,0.1,0.1,117700
PVM,20130621,0.35,0.35,0.34,0.35,100700
PWN,20130621,0.115,0.12,0.115,0.12,351542
PXG,20130621,0.13,0.13,0.13,0.13,100000
PXS,20130621,0.15,0.155,0.15,0.15,3945305
PXT,20130621,0.135,0.135,0.135,0.135,29641
PYC,20130621,0.018,0.018,0.018,0.018,10000
PYM,20130621,0.013,0.013,0.012,0.012,286896
PZC,20130621,0.024,0.03,0.023,0.03,12500
QAG,20130621,12.28,12.28,12.28,12.28,1950
QAN,20130621,1.285,1.315,1.28,1.315,11630541
QAU,20130621,13.85,13.85,13.07,13.28,10552
QBE,20130621,16,16.12,15.79,15.81,9000100
QBL,20130621,0.008,0.008,0.008,0.008,600000
QFN,20130621,9.52,9.67,9.52,9.67,100867
QFX,20130621,0.018,0.019,0.018,0.019,1852891
QHL,20130621,0.14,0.145,0.135,0.135,256239
QMN,20130621,0.016,0.018,0.016,0.018,715120
QNA,20130621,0.002,0.002,0.002,0.002,900000
QPN,20130621,0.004,0.004,0.004,0.004,250000
QRE,20130621,4.86,4.97,4.86,4.97,49323
QRX,20130621,1.175,1.175,1.14,1.145,22758
QST,20130621,0.065,0.065,0.065,0.065,960
QTG,20130621,0.012,0.012,0.011,0.011,679304
QUB,20130621,1.58,1.625,1.565,1.62,1330661
RAU,20130621,0.007,0.01,0.007,0.01,100018
RAW,20130621,0.079,0.08,0.079,0.08,500000
RBR,20130621,0.008,0.008,0.008,0.008,105757
RCB,20130621,20.62,20.64,20.62,20.62,21384
RCF,20130621,0.02,0.02,0.02,0.02,183760
RCG,20130621,0.575,0.575,0.54,0.54,140360
RCM,20130621,0.005,0.005,0.005,0.005,1000
RCO,20130621,0.38,0.38,0.38,0.38,37264
RCP,20130621,0.003,0.003,0.003,0.003,165000
RCR,20130621,2.1,2.24,2.02,2.24,726294
RCT,20130621,2.5,2.53,2.5,2.53,24897
RCU,20130621,0.385,0.385,0.385,0.385,661
RDF,20130621,1.065,1.08,1.065,1.08,124279
RDH,20130621,0.2,0.2,0.2,0.2,86648
RDR,20130621,0.037,0.039,0.034,0.039,1608674
RDS,20130621,0.07,0.07,0.07,0.07,77000
RDV,20130621,26.5,26.61,26.26,26.55,33187
REA,20130621,28.6,29.16,27.41,27.41,2147215
REF,20130621,0.025,0.025,0.025,0.025,101300
REH,20130621,24,24,23.85,23.85,729
RER,20130621,0.023,0.023,0.023,0.023,104667
RES,20130621,0.19,0.2,0.18,0.2,139792
REX,20130621,1.13,1.13,1.125,1.125,28940
REY,20130621,0.052,0.052,0.052,0.052,190000
RFE,20130621,0.495,0.505,0.48,0.49,522579
RFG,20130621,3.88,3.89,3.77,3.89,153343
RFL,20130621,0.185,0.185,0.175,0.185,129194
RFX,20130621,0.04,0.04,0.04,0.04,119000
RGX,20130621,0.025,0.026,0.025,0.026,120000
RHC,20130621,35,35.7,34.645,34.65,597397
RHG,20130621,0.395,0.4,0.375,0.375,4140339
RHI,20130621,0.8,0.8,0.8,0.8,14900
RHL,20130621,3.2,3.24,3,3.24,67835
RHT,20130621,0.011,0.011,0.011,0.011,232073
RIC,20130621,0.76,0.775,0.75,0.76,197739
RIE,20130621,0.022,0.022,0.022,0.022,20000
RIM,20130621,0.052,0.052,0.045,0.046,376940
RIO,20130621,52.1,52.7,51.73,52.66,3895234
RIS,20130621,0.041,0.041,0.041,0.041,220
RKN,20130621,2.37,2.54,2.36,2.54,158679
RMD,20130621,5.11,5.15,5.08,5.14,2322711
RMR,20130621,0.001,0.002,0.001,0.002,2161210
RMS,20130621,0.11,0.11,0.098,0.11,55293840
RNI,20130621,0.067,0.067,0.065,0.065,95427
RNS,20130621,0.06,0.06,0.06,0.06,105000
RNU,20130621,0.035,0.035,0.034,0.034,85000
RNY,20130621,0.275,0.285,0.275,0.285,212200
ROC,20130621,0.49,0.5,0.47,0.5,918691
ROG,20130621,0.001,0.002,0.001,0.002,1135000
ROL,20130621,0.215,0.23,0.215,0.23,105777
ROY,20130621,0.031,0.032,0.031,0.032,227300
RQL,20130621,0.14,0.15,0.14,0.15,53628
RRE,20130621,0.028,0.032,0.028,0.032,31360
RRL,20130621,3.1,3.29,3.05,3.23,3050803
RRP,20130621,0.007,0.007,0.007,0.007,10000
RRS,20130621,0.047,0.047,0.045,0.045,673690
RSG,20130621,0.695,0.735,0.655,0.72,36317338
RSL,20130621,0.01,0.01,0.009,0.009,132060
RSM,20130621,20.72,20.72,20.72,20.72,2413
RTD,20130621,0.002,0.002,0.002,0.002,497503
RTR,20130621,0.035,0.035,0.03,0.03,25000
RUL,20130621,0.46,0.47,0.46,0.47,26172
RUM,20130621,0.125,0.13,0.12,0.13,100920
RVA,20130621,0.58,0.58,0.58,0.58,10000
RVY,20130621,0.023,0.023,0.023,0.023,67045
RWD,20130621,0.23,0.23,0.205,0.205,135963
RWH,20130621,2.85,2.89,2.85,2.85,11080
RXL,20130621,0.037,0.037,0.035,0.036,1863211
RXM,20130621,0.36,0.36,0.33,0.355,372293
RYG,20130621,0.009,0.01,0.009,0.01,290254
SAI,20130621,3.73,3.79,3.63,3.72,488698
SAR,20130621,0.14,0.145,0.135,0.14,5613507
SAU,20130621,0.015,0.015,0.015,0.015,880979
SAV,20130621,0.017,0.017,0.017,0.017,29600
SBM,20130621,0.505,0.505,0.46,0.48,13772545
SBR,20130621,0.099,0.1,0.098,0.1,39500
SCI,20130621,0.074,0.08,0.07,0.08,870000
SCP,20130621,1.57,1.65,1.565,1.65,5873520
SDG,20130621,1.4,1.435,1.4,1.435,97275
SDI,20130621,0.44,0.47,0.44,0.47,293865
SDL,20130621,0.078,0.079,0.075,0.077,21263013
SDM,20130621,0.57,0.6,0.53,0.6,944991
SEA,20130621,0.835,0.845,0.81,0.84,2686242
SEH,20130621,0.1,0.105,0.097,0.1,1495000
SEK,20130621,9.02,9.1,8.76,8.89,1096244
SEN,20130621,0.011,0.011,0.01,0.011,139000
SER,20130621,0.029,0.029,0.029,0.029,70000
SFH,20130621,0.8,0.81,0.77,0.8,187296
SFR,20130621,5.16,5.5,5.05,5.49,651590
SFW,20130621,0.64,0.64,0.595,0.595,188535
SFX,20130621,0.4,0.4,0.365,0.37,183965
SFY,20130621,47.37,48.01,47.34,47.9,15196
SFZ,20130621,0.044,0.044,0.043,0.043,181000
SGH,20130621,2.64,2.7,2.6,2.67,258630
SGM,20130621,8.3,8.75,8.13,8.7,1306010
SGN,20130621,1.44,1.445,1.367,1.385,1521341
SGP,20130621,3.47,3.57,3.44,3.57,23082207
SGQ,20130621,0.12,0.12,0.12,0.12,6000
SGT,20130621,3,3.06,2.98,3.06,5427326
SGZ,20130621,0.018,0.018,0.014,0.015,430000
SHD,20130621,0.069,0.069,0.068,0.068,501251
SHE,20130621,0.015,0.015,0.014,0.014,480000
SHJ,20130621,1.44,1.45,1.44,1.45,180203
SHK,20130621,0.003,0.003,0.003,0.003,160400
SHL,20130621,14.5,14.77,14.49,14.71,2210698
SHV,20130621,3.15,3.29,3.15,3.24,111397
SIH,20130621,0.073,0.076,0.073,0.076,80000
SIP,20130621,0.76,0.765,0.735,0.735,2970465
SIR,20130621,2.41,2.54,2.27,2.35,9385301
SIT,20130621,0.12,0.12,0.12,0.12,12500
SIV,20130621,6.91,7.12,6.71,7.12,110236
SIX,20130621,0.017,0.017,0.016,0.016,115000
SKC,20130621,3.61,3.61,3.55,3.55,479124
SKE,20130621,2.54,2.57,2.52,2.57,1507742
SKI,20130621,1.695,1.72,1.69,1.705,2452176
SKS,20130621,0.28,0.28,0.28,0.28,33000
SKT,20130621,4.29,4.315,4.25,4.27,269035
SLF,20130621,9.17,9.25,9.09,9.25,90465
SLM,20130621,1.92,1.965,1.9,1.9,277890
SLR,20130621,0.72,0.747,0.672,0.68,73754408
SLX,20130621,2.18,2.23,2.14,2.17,304991
SMA,20130621,0.004,0.006,0.004,0.006,22468326
SMC,20130621,0.03,0.03,0.03,0.03,15874
SMD,20130621,0.025,0.025,0.02,0.025,55900
SMI,20130621,0.058,0.058,0.053,0.053,106033
SMR,20130621,0.13,0.13,0.13,0.13,207178
SMX,20130621,4.27,4.4,4.26,4.37,430738
SND,20130621,0.73,0.735,0.73,0.735,39190
SOI,20130621,0.001,0.001,0.001,0.001,2014400
SOL,20130621,13.66,13.8,13.55,13.76,44217
SOM,20130621,0.9,0.9,0.895,0.895,10000
SOO,20130621,0.014,0.014,0.014,0.014,15000
SOP,20130621,0.05,0.05,0.05,0.05,75
SOR,20130621,0.05,0.05,0.05,0.05,5000
SPI,20130621,0.013,0.013,0.013,0.013,324509
SPL,20130621,0.775,0.875,0.77,0.84,525087
SPN,20130621,1.17,1.185,1.17,1.175,5273437
SPQ,20130621,0.03,0.03,0.03,0.03,135000
SPS,20130621,0.007,0.01,0.007,0.009,564626
SRH,20130621,0.07,0.07,0.07,0.07,22000
SRI,20130621,0.063,0.063,0.06,0.063,325000
SRK,20130621,0.045,0.045,0.04,0.043,719838
SRM,20130621,0.13,0.13,0.125,0.13,301429
SRQ,20130621,0.014,0.015,0.014,0.014,381273
SRR,20130621,0.006,0.006,0.006,0.006,127285
SRV,20130621,3.31,3.32,3.3,3.32,11618
SRX,20130621,11.62,12.2,11.5,12.2,299402
SRZ,20130621,0.046,0.049,0.046,0.048,619727
SSN,20130621,0.021,0.022,0.021,0.022,1902346
SSO,20130621,10.34,10.34,10.34,10.34,1
SST,20130621,25.6,25.6,25.55,25.55,776
STB,20130621,0.205,0.21,0.2,0.21,126002
STO,20130621,12.5,12.79,12.34,12.67,2922165
STS,20130621,0.33,0.33,0.32,0.32,86666
STW,20130621,44.51,45.16,44.49,45.02,282775
STX,20130621,0.079,0.079,0.073,0.077,1244134
SUD,20130621,0.025,0.026,0.025,0.026,715800
SUL,20130621,11.34,11.84,11.3,11.74,548719
SUM,20130621,0.165,0.165,0.165,0.165,12000
SUN,20130621,12.05,12.23,12.03,12.12,4677930
SUR,20130621,0.028,0.03,0.028,0.03,579580
SVL,20130621,0.015,0.017,0.015,0.017,294095
SVW,20130621,6.87,7.21,6.75,7.21,782105
SWE,20130621,0.16,0.17,0.16,0.165,808266
SWJ,20130621,0.12,0.12,0.115,0.12,111477
SWK,20130621,0.29,0.295,0.285,0.29,249001
SWL,20130621,1.05,1.05,1.04,1.045,55199
SWM,20130621,1.975,2.01,1.91,1.935,12690891
SXA,20130621,0.21,0.21,0.21,0.21,133399
SXG,20130621,0.015,0.015,0.011,0.013,4344000
SXI,20130621,0.018,0.024,0.015,0.015,261250
SXL,20130621,1.32,1.352,1.32,1.345,1429035
SXT,20130621,0.1,0.14,0.1,0.14,78542
SXX,20130621,0.005,0.005,0.005,0.005,160000
SXY,20130621,0.485,0.545,0.475,0.54,6274039
SYD,20130621,3.44,3.53,3.43,3.44,4619233
SYI,20130621,26.8,27.16,26.76,27.15,100795
SYP,20130621,0.013,0.013,0.013,0.013,200000
SYR,20130621,1.8,1.8,1.73,1.765,147741
SYS,20130621,0.002,0.002,0.002,0.002,5000000
TAH,20130621,3.2,3.245,3.19,3.19,3875694
TAM,20130621,0.062,0.062,0.06,0.062,880163
TAN,20130621,0.4,0.415,0.4,0.415,212000
TAP,20130621,0.47,0.485,0.465,0.485,557430
TAR,20130621,0.025,0.025,0.025,0.025,334500
TAS,20130621,0.05,0.05,0.05,0.05,6907
TAW,20130621,0.007,0.008,0.007,0.008,1061500
TBR,20130621,1.39,1.39,1.39,1.39,2312
TCL,20130621,6.78,6.89,6.75,6.79,10561144
TCN,20130621,0.035,0.035,0.035,0.035,100000
TCQ,20130621,0.265,0.265,0.26,0.26,56648
TDO,20130621,0.09,0.095,0.09,0.095,413000
TEG,20130621,0.007,0.007,0.007,0.007,205298
TEL,20130621,1.91,1.92,1.89,1.895,4102587
TEN,20130621,0.265,0.27,0.26,0.265,4742615
TEX,20130621,0.07,0.07,0.07,0.07,60514
TEY,20130621,0.03,0.032,0.03,0.032,34884
TFC,20130621,0.42,0.43,0.42,0.43,14651
TGA,20130621,2.02,2.05,2,2.01,389768
TGG,20130621,1.04,1.05,1.04,1.05,672956
TGP,20130621,0.495,0.495,0.495,0.495,32500
TGR,20130621,2.25,2.34,2.25,2.34,471768
TGS,20130621,0.195,0.195,0.175,0.185,5907718
TGZ,20130621,0.7,0.73,0.7,0.73,28227
THO,20130621,0.05,0.05,0.05,0.05,49920
THR,20130621,0.005,0.005,0.004,0.004,1015000
THX,20130621,0.028,0.028,0.027,0.027,304522
TIG,20130621,0.17,0.17,0.17,0.17,19157
TIS,20130621,0.125,0.125,0.12,0.125,108239
TIX,20130621,0.52,0.52,0.51,0.52,359361
TLG,20130621,0.105,0.12,0.105,0.11,100000
TLM,20130621,0.105,0.11,0.105,0.11,22850
TLS,20130621,4.55,4.58,4.52,4.55,36976413
TLU,20130621,0.08,0.08,0.08,0.08,50000
TME,20130621,3.94,3.97,3.82,3.96,390160
TNC,20130621,0.01,0.01,0.01,0.01,915791
TND,20130621,0.02,0.02,0.02,0.02,10000
TNE,20130621,1.8,1.8,1.69,1.74,163718
TNG,20130621,0.06,0.061,0.058,0.061,221000
TNP,20130621,0.02,0.02,0.019,0.019,2788068
TNR,20130621,0.008,0.008,0.006,0.006,608860
TOE,20130621,0.063,0.073,0.063,0.067,2941812
TOL,20130621,5.02,5.23,5.02,5.21,4760105
TON,20130621,0.072,0.072,0.069,0.069,405000
TOU,20130621,0.27,0.275,0.27,0.275,32000
TOX,20130621,3.41,3.55,3.41,3.51,410154
TPD,20130621,0.047,0.049,0.047,0.048,129390
TPI,20130621,0.76,0.765,0.725,0.74,7110731
TPL,20130621,0.001,0.001,0.001,0.001,3051000
TPM,20130621,3.19,3.37,3.09,3.34,2520834
TPP,20130621,0.07,0.07,0.07,0.07,71500
TPR,20130621,0.07,0.07,0.07,0.07,125000
TPT,20130621,0.175,0.18,0.175,0.18,538620
TRF,20130621,0.097,0.097,0.096,0.097,79848
TRG,20130621,6.75,7.12,6.7,7.12,90992
TRO,20130621,0.045,0.045,0.04,0.04,90000
TRS,20130621,16.09,16.26,15.86,16.14,173960
TRU,20130621,5.7,5.8,5.66,5.7,14499
TRY,20130621,2.06,2.3,2.06,2.21,14448336
TSE,20130621,0.7,0.74,0.66,0.74,6707623
TSM,20130621,0.24,0.245,0.24,0.245,50458
TSV,20130621,0.004,0.004,0.004,0.004,3219048
TTA,20130621,0.065,0.065,0.065,0.065,23506
TTE,20130621,0.008,0.008,0.008,0.008,1222982
TTI,20130621,0.058,0.058,0.058,0.058,49061
TTN,20130621,1.425,1.425,1.425,1.425,200646
TTS,20130621,3.11,3.17,3.1,3.11,5244489
TUC,20130621,0.042,0.042,0.04,0.04,137000
TUP,20130621,1.95,1.95,1.93,1.93,4540
TWD,20130621,2.49,2.49,2.47,2.47,9290
TWE,20130621,5.98,6.06,5.92,6.02,1493716
TWH,20130621,0.006,0.006,0.006,0.006,600000
TWR,20130621,1.61,1.61,1.61,1.61,11
TZL,20130621,0.105,0.105,0.105,0.105,5632
TZN,20130621,0.021,0.022,0.021,0.021,277000
UBI,20130621,0.65,0.65,0.65,0.65,30000
UCL,20130621,0.31,0.315,0.31,0.31,186300
UCM,20130621,0.18,0.2,0.18,0.2,60000
UEQ,20130621,0.026,0.026,0.024,0.025,526234
UGL,20130621,6.55,6.75,6.5,6.75,1652464
UML,20130621,0.071,0.075,0.07,0.073,1683152
UNS,20130621,0.55,0.59,0.535,0.57,592219
UNV,20130621,0.061,0.061,0.052,0.053,177949
UNX,20130621,0.059,0.059,0.046,0.05,1499017
URF,20130621,1.87,1.9,1.87,1.9,33693
USA,20130621,0.023,0.024,0.023,0.024,59400
USD,20130621,10.76,10.76,10.7,10.72,375655
USF,20130621,1.76,1.76,1.76,1.76,11750
UXC,20130621,1.02,1.035,0.97,1.03,925302
VAF,20130621,49.05,49.05,48.96,48.96,385
VAH,20130621,0.44,0.44,0.425,0.425,3092027
VAP,20130621,57.34,57.62,56.92,57.59,14727
VAS,20130621,60,60.9,60,60.77,44638
VBP,20130621,6.62,6.62,6.5,6.61,10100
VEI,20130621,0.77,0.78,0.75,0.77,197540
VEU,20130621,48.74,48.79,48.25,48.79,12894
VGB,20130621,48.5,48.51,48.4,48.41,721
VHY,20130621,57.71,58.12,56.9,57.87,58750
VIC,20130621,0.018,0.019,0.017,0.019,530303
VIE,20130621,0.22,0.22,0.22,0.22,5000
VIL,20130621,0.016,0.018,0.016,0.018,114000
VKA,20130621,0.02,0.02,0.02,0.02,100000
VLA,20130621,0.25,0.27,0.24,0.24,30650
VLC,20130621,53.22,53.22,53.22,53.22,190
VLW,20130621,1.15,1.155,1.15,1.15,123921
VMC,20130621,0.11,0.11,0.105,0.105,25242
VMG,20130621,0.011,0.012,0.011,0.012,119286
VML,20130621,0.012,0.012,0.012,0.012,377280
VMS,20130621,0.11,0.115,0.105,0.105,180649
VMT,20130621,0.012,0.012,0.011,0.012,2281592
VOC,20130621,2.06,2.08,2.01,2.07,101735
VOR,20130621,0.006,0.006,0.006,0.006,4558738
VRL,20130621,5.4,5.4,5.23,5.35,214149
VRT,20130621,6.49,6.54,6.41,6.49,394241
VSC,20130621,1.05,1.05,1.03,1.03,10000
VSO,20130621,39.93,40.32,39.93,40.32,7620
VTG,20130621,0.62,0.62,0.62,0.62,4274
VTS,20130621,90.16,90.16,89.5,89.84,6727
VXR,20130621,0.011,0.012,0.011,0.012,151000
WAA,20130621,1.115,1.12,1.11,1.11,20820
WAF,20130621,0.2,0.2,0.18,0.18,53375
WAM,20130621,1.62,1.63,1.61,1.62,433324
WAS,20130621,0.006,0.006,0.006,0.006,226000
WAX,20130621,0.95,0.95,0.94,0.94,56837
WBA,20130621,0.67,0.67,0.67,0.67,2100
WBB,20130621,5.85,5.9,5.85,5.87,10551
WBC,20130621,27.5,27.995,27.43,27.72,12370431
WCB,20130621,4.02,4.02,3.92,3.92,5871
WCL,20130621,0.165,0.175,0.16,0.16,781573
WCN,20130621,0.006,0.007,0.006,0.007,1500000
WDC,20130621,11.09,11.21,11.05,11.15,11408328
WDR,20130621,0.655,0.7,0.65,0.7,448877
WDS,20130621,0.34,0.37,0.335,0.37,65855
WEB,20130621,4.4,4.45,4.36,4.4,149005
WEC,20130621,0.15,0.17,0.15,0.17,174789
WES,20130621,38.44,38.77,38.1,38.22,3048325
WFE,20130621,0.03,0.03,0.03,0.03,107
WGO,20130621,0.024,0.024,0.02,0.021,615343
WHC,20130621,2.19,2.35,2.13,2.35,6269921
WHE,20130621,0.045,0.045,0.045,0.045,14000
WHF,20130621,3.43,3.47,3.37,3.47,16000
WHG,20130621,0.685,0.7,0.67,0.7,559840
WHN,20130621,0.025,0.028,0.025,0.025,2266172
WIC,20130621,1.015,1.015,0.985,0.99,214000
WIG,20130621,0.19,0.19,0.19,0.19,90000
WKT,20130621,0.006,0.007,0.005,0.006,7646389
WLF,20130621,0.255,0.255,0.23,0.23,162600
WLL,20130621,2.5,2.5,2.49,2.49,18410
WMN,20130621,0.075,0.075,0.07,0.07,30523
WOR,20130621,19.3,20.2,19.2,20.18,1168749
WOW,20130621,31.99,32.24,31.85,31.99,2417635
WPG,20130621,0.03,0.034,0.03,0.034,925837
WPL,20130621,34.65,35.5,34.41,35.5,2918254
WRG,20130621,0.007,0.007,0.007,0.007,150000
WRM,20130621,0.036,0.036,0.035,0.035,103536
WRT,20130621,2.91,2.94,2.875,2.91,18960588
WSA,20130621,2.45,2.45,2.37,2.4,2600443
WSR,20130621,0.007,0.007,0.007,0.007,40000
WTF,20130621,4.83,4.85,4.71,4.75,1335532
WTP,20130621,0.55,0.56,0.55,0.55,100350
WWI,20130621,0.016,0.016,0.016,0.016,250000
WWM,20130621,0.052,0.052,0.052,0.052,15000
XAM,20130621,0.06,0.06,0.06,0.06,835235
XRF,20130621,0.305,0.305,0.305,0.305,8000
XRO,20130621,13.4,14,13,14,41049
XST,20130621,0.007,0.007,0.007,0.007,409000
YAL,20130621,0.74,0.74,0.67,0.7,6929
YBR,20130621,0.53,0.55,0.52,0.54,586402
YOW,20130621,0.18,0.18,0.17,0.17,28041
YTC,20130621,0.175,0.175,0.165,0.17,140000
ZAM,20130621,0.14,0.14,0.14,0.14,95000
ZER,20130621,0.44,0.44,0.44,0.44,272500
ZGL,20130621,0.22,0.23,0.22,0.23,94105
ZGM,20130621,0.004,0.004,0.003,0.003,184483
ZIM,20130621,8.75,9,8.75,9,1248
ZNC,20130621,0.09,0.09,0.09,0.09,16925
ZRL,20130621,0.001,0.002,0.001,0.002,4850433
XAF,20130621,4851.6,4851.6,4776.8,4830.2,0
XAO,20130621,4743.9,4743.6,4668,4723.8,0
XAT,20130621,4721.5,4721,4646.6,4702.3,0
XDJ,20130621,1559.4,1558.2,1532.5,1547.9,0
XEC,20130621,977.2,977.2,952.1,967.8,0
XEJ,20130621,12675.6,12813.9,12441.4,12795.4,0
XFJ,20130621,5253.7,5253.7,5157.1,5207.9,0
XFL,20130621,4906.1,4906.1,4830.1,4884.1,0
XGD,20130621,2365.1,2365.1,2200.8,2271,0
XHJ,20130621,12619,12794.3,12599.3,12602,0
XIJ,20130621,689.7,694.5,677.1,681,0
XJO,20130621,4758.4,4758.1,4683.3,4738.8,0
XJR,20130621,3644.2,3658.4,3562.6,3658.4,0
XKO,20130621,4717.7,4717.3,4642.5,4697.6,0
XMD,20130621,3885.6,3892.3,3826.6,3883.3,0
XMJ,20130621,8638.7,8660.3,8450.2,8660.3,0
XMM,20130621,2836.1,2838.1,2765.1,2838.1,0
XNJ,20130621,3518.2,3545,3473.1,3537.1,0
XPJ,20130621,1022.7,1022.7,999.4,1008.7,0
XSJ,20130621,9453.8,9477.2,9365.3,9388.1,0
XSO,20130621,1979.1,1978.7,1934.6,1966.2,0
XTJ,20130621,1580.4,1580.4,1559.8,1570.3,0
XTL,20130621,2974.9,2974.9,2929.3,2962.4,0
XTO,20130621,3948.4,3948.2,3887.4,3932.3,0
XUJ,20130621,5319.7,5320.3,5258.9,5277.4,0
XXJ,20130621,6084.4,6084.4,5972.7,6037.1,0
