AAA,20140602,50.09,50.09,50.08,50.09,52959
AAC,20140602,1.25,1.26,1.24,1.25,362213
AAD,20140602,2.7,2.75,2.7,2.72,645315
AAI,20140602,15.3,15.3,15.3,15.3,200
AAK,20140602,0.001,0.001,0.001,0.001,500000
AAX,20140602,0.55,0.55,0.52,0.55,107544
ABC,20140602,3.35,3.4,3.31,3.35,3739217
ABP,20140602,2.43,2.47,2.425,2.45,717025
ABU,20140602,0.02,0.021,0.02,0.021,1722214
ABW,20140602,1.065,1.07,1.065,1.07,150185
ABY,20140602,0.21,0.21,0.2,0.2,358342
ABZ,20140602,0.215,0.22,0.215,0.22,403786
ACB,20140602,0.045,0.045,0.045,0.045,30871
ACG,20140602,0.11,0.135,0.11,0.115,1874912
ACJ,20140602,0.002,0.002,0.002,0.002,18310
ACL,20140602,0.48,0.505,0.47,0.475,236055
ACQ,20140602,0.9,0.9,0.895,0.895,52960
ACR,20140602,0.865,0.87,0.855,0.87,1118434
ADA,20140602,0.25,0.25,0.25,0.25,10000
ADJ,20140602,0.11,0.11,0.105,0.105,1062303
ADN,20140602,0.047,0.047,0.042,0.042,395498
ADO,20140602,0.23,0.24,0.225,0.225,2213585
ADQ,20140602,0.011,0.011,0.011,0.011,25000
ADX,20140602,0.013,0.014,0.013,0.014,180800
ADY,20140602,0.013,0.013,0.013,0.013,285120
AEB,20140602,0.079,0.079,0.075,0.075,63300
AEE,20140602,0.027,0.027,0.027,0.027,5000
AEF,20140602,33.67,33.7,33.67,33.68,446
AEM,20140602,0.013,0.013,0.013,0.013,100000
AEU,20140602,1.73,1.735,1.705,1.735,56686
AFI,20140602,6.04,6.04,5.99,6.02,214165
AFJ,20140602,1.285,1.295,1.26,1.26,74376
AFR,20140602,0.088,0.09,0.088,0.09,375941
AGE,20140602,0.034,0.034,0.034,0.034,181000
AGF,20140602,0.68,0.68,0.665,0.67,337598
AGG,20140602,3.28,3.28,3.28,3.28,1430
AGI,20140602,3.95,3.98,3.87,3.88,450043
AGJ,20140602,0.084,0.084,0.084,0.084,9349
AGK,20140602,15.46,15.46,15.32,15.4,2191560
AGO,20140602,0.67,0.7,0.665,0.695,14931023
AGR,20140602,0.048,0.048,0.048,0.048,12500
AGS,20140602,0.195,0.195,0.195,0.195,51000
AGY,20140602,0.009,0.009,0.009,0.009,100000
AHD,20140602,9.59,9.59,9.32,9.4,48886
AHE,20140602,3.75,3.77,3.66,3.7,1076078
AHN,20140602,0.035,0.035,0.035,0.035,6500
AHZ,20140602,0.105,0.11,0.102,0.11,3055903
AIA,20140602,3.52,3.555,3.495,3.52,80549
AIK,20140602,0.11,0.11,0.11,0.11,1111
AIO,20140602,5.58,5.59,5.49,5.53,4874713
AIQ,20140602,0.135,0.135,0.13,0.13,8920
AIX,20140602,0.005,0.005,0.004,0.004,478132
AIZ,20140602,1.9,1.92,1.86,1.87,48233
AJA,20140602,3.73,3.82,3.73,3.82,23538
AJC,20140602,0.008,0.008,0.008,0.008,1000000
AJD,20140602,1.06,1.06,1.055,1.06,582520
AJJ,20140602,0.091,0.091,0.091,0.091,100000
AJL,20140602,0.9,0.9,0.9,0.9,1000
AJM,20140602,0.155,0.155,0.14,0.145,896700
AJQ,20140602,0.175,0.18,0.165,0.165,239634
AKK,20140602,0.011,0.012,0.011,0.011,16881869
AKM,20140602,0.035,0.037,0.034,0.037,387089
AKP,20140602,5,5,4.8,4.8,7928
ALA,20140602,0.215,0.22,0.205,0.21,319046
ALF,20140602,1.7,1.7,1.69,1.695,209165
ALK,20140602,0.29,0.29,0.275,0.275,486427
ALL,20140602,5.25,5.35,5.25,5.28,1815683
ALQ,20140602,8.91,9.035,8.75,8.98,2222956
ALR,20140602,1.275,1.28,1.275,1.28,27515
ALT,20140602,0.043,0.046,0.043,0.046,3589405
ALU,20140602,2.2,2.21,2.16,2.16,72275
ALZ,20140602,4.29,4.34,4.27,4.3,3971439
AMA,20140602,0.245,0.25,0.24,0.25,461126
AMC,20140602,10.63,10.72,10.56,10.69,3214757
AMH,20140602,0.905,0.915,0.905,0.91,101681
AMM,20140602,2.18,2.3,2.16,2.26,885380
AMP,20140602,5.29,5.39,5.28,5.37,7368678
ANB,20140602,0.1,0.1,0.1,0.1,10000
ANG,20140602,1.36,1.39,1.35,1.38,251708
ANI,20140602,2.03,2.03,2.02,2.03,123066
ANN,20140602,19.3,19.8,19.27,19.79,542067
ANO,20140602,0.014,0.014,0.014,0.014,350000
ANP,20140602,0.15,0.155,0.145,0.155,276249
ANQ,20140602,0.008,0.008,0.007,0.008,925871
ANZ,20140602,33.5,33.8,33.5,33.71,3090734
AOD,20140602,1,1,1,1,11000
AOG,20140602,2.05,2.065,2.045,2.06,727090
AOH,20140602,0.175,0.175,0.17,0.17,151730
AOK,20140602,0.17,0.17,0.17,0.17,1251744
AON,20140602,0.028,0.028,0.026,0.027,359788
AOP,20140602,0.065,0.07,0.065,0.07,114462
APA,20140602,7.01,7.09,6.99,7.05,1576978
APD,20140602,0.275,0.275,0.275,0.275,12000
APE,20140602,5.49,5.55,5.46,5.53,52973
APG,20140602,0.019,0.019,0.019,0.019,285000
API,20140602,0.51,0.517,0.51,0.51,207222
APN,20140602,0.765,0.795,0.76,0.79,922674
APP,20140602,0.003,0.003,0.003,0.003,214140
APW,20140602,0.12,0.12,0.117,0.12,2364965
APY,20140602,0.02,0.022,0.02,0.02,385000
APZ,20140602,1.26,1.27,1.255,1.265,70640
AQA,20140602,3.48,3.525,3.48,3.52,323121
AQC,20140602,0.005,0.005,0.005,0.005,3359127
AQD,20140602,0.014,0.014,0.014,0.014,100000
AQF,20140602,1.95,1.95,1.95,1.95,50000
AQG,20140602,2.31,2.32,2.27,2.28,148260
AQO,20140602,0.277,0.277,0.27,0.27,722254
AQP,20140602,0.47,0.48,0.455,0.475,2680431
AQR,20140602,0.135,0.135,0.135,0.135,98
AQZ,20140602,1.155,1.19,1.15,1.15,180248
ARA,20140602,0.365,0.365,0.365,0.365,35082
ARD,20140602,0.023,0.023,0.023,0.023,45000
ARE,20140602,0.023,0.023,0.022,0.022,169434
ARF,20140602,1.17,1.195,1.165,1.19,224880
ARG,20140602,7.37,7.47,7.36,7.4,142745
ARH,20140602,0.02,0.02,0.019,0.019,69750
ARI,20140602,0.895,0.915,0.875,0.905,7708703
ARP,20140602,12.54,12.84,12.54,12.8,134154
ARU,20140602,0.058,0.058,0.056,0.057,172901
ARV,20140602,0.003,0.003,0.003,0.003,970000
ARX,20140602,0.004,0.004,0.004,0.004,67000
ASB,20140602,1.135,1.155,1.125,1.155,477614
ASL,20140602,0.9,0.915,0.84,0.865,6839004
ASW,20140602,0.65,0.65,0.65,0.65,35000
ASX,20140602,36.11,36.38,36,36.12,579932
ASZ,20140602,0.39,0.405,0.39,0.39,42340
ATP,20140602,0.067,0.067,0.067,0.067,9982
ATU,20140602,1.635,1.75,1.635,1.745,117132
AUB,20140602,10.4,10.45,10.13,10.45,51670
AUC,20140602,0.03,0.03,0.028,0.028,82000
AUF,20140602,1.02,1.02,1.02,1.02,50000
AUI,20140602,8.1,8.14,8.1,8.12,4814
AUQ,20140602,0.085,0.085,0.085,0.085,59614
AVB,20140602,0.082,0.083,0.081,0.082,2182569
AVG,20140602,0.345,0.35,0.345,0.35,36716
AVH,20140602,0.11,0.11,0.105,0.11,230000
AVI,20140602,0.009,0.009,0.009,0.009,440000
AVJ,20140602,0.575,0.58,0.56,0.575,52377
AVK,20140602,0.009,0.009,0.007,0.007,525000
AVQ,20140602,0.018,0.018,0.017,0.017,10317561
AVX,20140602,0.014,0.014,0.014,0.014,298765
AWC,20140602,1.425,1.47,1.425,1.46,6644149
AWE,20140602,1.78,1.795,1.765,1.78,2042129
AWI,20140602,0.3,0.3,0.285,0.285,85790
AWN,20140602,0.895,0.94,0.89,0.92,526200
AWV,20140602,0.03,0.03,0.029,0.03,340300
AXE,20140602,0.17,0.17,0.17,0.17,10000
AYA,20140602,0.34,0.34,0.34,0.34,6041
AYF,20140602,6.45,6.45,6.45,6.45,3000
AYG,20140602,0.003,0.003,0.003,0.003,15000
AYK,20140602,90.15,90.15,90.15,90.15,99
AYR,20140602,0.007,0.007,0.006,0.006,65200
AZF,20140602,2.68,2.68,2.6,2.6,8545
AZJ,20140602,4.94,4.94,4.905,4.94,3951020
AZK,20140602,0.02,0.02,0.02,0.02,108011
AZM,20140602,0.035,0.036,0.035,0.035,239191
AZS,20140602,0.03,0.03,0.029,0.029,625000
AZV,20140602,0.36,0.365,0.355,0.355,36591
AZZ,20140602,0.505,0.505,0.49,0.49,220619
BAB,20140602,0.072,0.072,0.07,0.07,6173631
BAP,20140602,1.94,1.94,1.91,1.91,77761
BAR,20140602,0.008,0.008,0.008,0.008,22100
BBG,20140602,0.53,0.57,0.527,0.57,2872326
BBL,20140602,0.25,0.25,0.25,0.25,12000
BBR,20140602,0.505,0.53,0.5,0.52,15873
BCD,20140602,0.035,0.035,0.035,0.035,61813
BCI,20140602,3.5,3.73,3.39,3.71,1380529
BCK,20140602,0.045,0.045,0.045,0.045,132233
BCT,20140602,0.056,0.056,0.056,0.056,10870
BDI,20140602,0.002,0.003,0.002,0.002,21100304
BDR,20140602,0.66,0.66,0.645,0.65,2565232
BEAR,20140602,17.76,17.76,17.69,17.7,5071
BEL,20140602,0.14,0.14,0.14,0.14,95200
BEN,20140602,11.8,11.87,11.75,11.83,1461254
BFE,20140602,0.005,0.005,0.005,0.005,525000
BFG,20140602,0.595,0.6,0.59,0.59,32897
BGA,20140602,5.32,5.33,5.24,5.28,130369
BGG,20140602,0.135,0.135,0.1,0.105,847817
BGL,20140602,0.92,0.94,0.92,0.92,121171
BHP,20140602,36.36,36.6,36.21,36.59,8189441
BIS,20140602,0.305,0.305,0.305,0.305,4800
BIT,20140602,0.093,0.093,0.093,0.093,10000
BKI,20140602,1.67,1.71,1.665,1.665,118278
BKL,20140602,27.35,27.35,27,27.12,2867
BKN,20140602,3.57,3.63,3.55,3.62,1419639
BKP,20140602,0.002,0.002,0.002,0.002,368500
BKW,20140602,13.6,13.66,13.55,13.55,134983
BKY,20140602,0.255,0.28,0.255,0.28,5889
BLA,20140602,2.59,2.59,2.49,2.49,49217
BLD,20140602,5.3,5.355,5.29,5.31,4111707
BLG,20140602,0.14,0.145,0.135,0.145,132000
BLR,20140602,0.005,0.006,0.005,0.006,1088000
BLT,20140602,1.225,1.225,1.155,1.16,279734
BLX,20140602,1.03,1.04,1.015,1.02,579199
BLY,20140602,0.19,0.195,0.185,0.19,1769364
BMB,20140602,0.094,0.095,0.086,0.086,366850
BMN,20140602,0.079,0.08,0.07,0.08,91210
BND,20140602,0.076,0.077,0.075,0.077,379535
BNE,20140602,0.023,0.023,0.023,0.023,1604623
BNO,20140602,0.4,0.405,0.395,0.395,94693
BOA,20140602,0.12,0.125,0.12,0.12,70161
BOC,20140602,0.53,0.53,0.525,0.525,12426
BOE,20140602,0.023,0.025,0.023,0.024,2834551
BOL,20140602,0.14,0.14,0.135,0.135,2765117
BOQ,20140602,12.09,12.18,12,12.15,2011614
BPA,20140602,4.3,4.3,4.3,4.3,14000
BPG,20140602,0.002,0.002,0.001,0.001,3050100
BPH,20140602,0.009,0.009,0.009,0.009,52650
BPT,20140602,1.67,1.7,1.66,1.695,6133262
BRC,20140602,0.23,0.23,0.23,0.23,4177
BRG,20140602,8.15,8.19,8.08,8.15,297799
BRL,20140602,0.056,0.056,0.052,0.052,1486588
BRO,20140602,0.002,0.002,0.002,0.002,102377
BRU,20140602,1.135,1.155,1.125,1.145,1000867
BSA,20140602,0.125,0.125,0.12,0.12,322900
BSE,20140602,0.39,0.39,0.38,0.38,381120
BSL,20140602,5.85,5.91,5.78,5.85,3562080
BSM,20140602,0.002,0.002,0.002,0.002,300000
BSR,20140602,0.006,0.007,0.006,0.007,2791000
BTR,20140602,0.16,0.16,0.155,0.155,154017
BTT,20140602,6.56,6.8,6.55,6.75,174065
BUE,20140602,0.006,0.006,0.006,0.006,519790
BUG,20140602,0.55,0.55,0.51,0.51,84854
BUL,20140602,0.056,0.056,0.054,0.055,93870
BUR,20140602,0.017,0.017,0.017,0.017,47058
BUX,20140602,0.25,0.25,0.25,0.25,38000
BUY,20140602,0.012,0.012,0.012,0.012,589500
BWF,20140602,0.27,0.27,0.265,0.265,62497
BWP,20140602,2.56,2.58,2.55,2.57,896298
BXB,20140602,9.59,9.7,9.58,9.68,2885021
BXN,20140602,0.025,0.025,0.025,0.025,654859
BYE,20140602,0.95,0.95,0.95,0.95,129000
BYI,20140602,1.49,1.49,1.48,1.48,10670
BYL,20140602,0.4,0.4,0.4,0.4,102938
BZL,20140602,0.014,0.015,0.014,0.015,237752
CAA,20140602,0.135,0.14,0.13,0.13,312024
CAB,20140602,4.05,4.14,4.045,4.11,281279
CAD,20140602,0.005,0.005,0.004,0.004,1499999
CAF,20140602,0.36,0.365,0.36,0.365,75894
CAJ,20140602,0.497,0.505,0.495,0.5,312774
CAM,20140602,0.99,0.99,0.985,0.985,115470
CAP,20140602,0.07,0.07,0.07,0.07,10644
CAQ,20140602,0.105,0.11,0.105,0.11,554823
CBA,20140602,81.61,82.44,81.61,82.26,1713043
CBQ,20140602,0.005,0.005,0.005,0.005,859412
CBX,20140602,0.009,0.012,0.009,0.012,327873
CCF,20140602,0.028,0.028,0.028,0.028,100000
CCL,20140602,9.62,9.7,9.55,9.65,3970893
CCP,20140602,9.1,9.22,9.1,9.2,72866
CCV,20140602,1.03,1.05,1.03,1.045,408393
CCZ,20140602,0.005,0.005,0.005,0.005,67353
CDA,20140602,0.7,0.75,0.69,0.725,260240
CDD,20140602,6.46,6.52,6.43,6.45,652697
CDI,20140602,2.74,2.75,2.74,2.74,53831
CDM,20140602,1.46,1.47,1.45,1.46,233043
CDP,20140602,5.66,5.79,5.66,5.79,1094
CDU,20140602,1.78,1.815,1.78,1.8,332489
CDY,20140602,0.024,0.026,0.024,0.026,3728843
CEL,20140602,0.08,0.08,0.079,0.079,52087
CFE,20140602,0.09,0.09,0.086,0.086,287210
CFU,20140602,0.016,0.016,0.015,0.016,3682441
CFX,20140602,2.06,2.09,2.06,2.09,2662136
CGF,20140602,7.12,7.24,7.07,7.16,916714
CGH,20140602,0.415,0.43,0.415,0.43,74615
CGN,20140602,0.082,0.09,0.082,0.09,178775
CGR,20140602,0.25,0.255,0.25,0.255,96019
CHC,20140602,4.33,4.41,4.33,4.38,733360
CHF,20140602,0.071,0.071,0.065,0.066,355500
CHN,20140602,0.14,0.14,0.135,0.135,475265
CHR,20140602,2.71,2.71,2.66,2.66,32000
CHZ,20140602,0.094,0.094,0.094,0.094,8000
CIA,20140602,0.36,0.37,0.36,0.36,45000
CIN,20140602,27,27,26.77,27,2397
CIR,20140602,0.23,0.23,0.23,0.23,8242
CIW,20140602,0.87,0.87,0.87,0.87,2000
CIX,20140602,0.38,0.38,0.38,0.38,16700
CKA,20140602,0.14,0.145,0.14,0.14,60857
CKF,20140602,1.925,1.965,1.925,1.945,8877
CKK,20140602,0.008,0.008,0.008,0.008,133000
CLA,20140602,0.001,0.001,0.001,0.001,500
CLH,20140602,1.86,1.88,1.85,1.875,139753
CLV,20140602,0.4,0.4,0.395,0.395,55565
CLX,20140602,1.91,1.91,1.9,1.9,3747
CMC,20140602,0.046,0.046,0.04,0.04,53433
CMG,20140602,0.34,0.34,0.32,0.34,236271
CMI,20140602,1.65,1.65,1.6,1.6,14279
CMT,20140602,0.115,0.115,0.11,0.115,104319
CMW,20140602,0.99,0.995,0.99,0.99,2764357
CND,20140602,0.26,0.26,0.25,0.26,3180532
CNI,20140602,0.82,0.82,0.79,0.79,22292
CNN,20140602,0.003,0.003,0.003,0.003,30000
CNQ,20140602,0.1,0.1,0.094,0.098,742400
CNU,20140602,1.555,1.57,1.545,1.57,147704
CNX,20140602,0.013,0.014,0.013,0.013,1809363
COE,20140602,0.535,0.54,0.52,0.53,164145
COF,20140602,0.215,0.22,0.215,0.22,169514
COH,20140602,60.2,62.31,60.2,61.5,361899
COI,20140602,0.155,0.155,0.155,0.155,230000
COJ,20140602,0.02,0.02,0.02,0.02,105439
COO,20140602,0.13,0.13,0.125,0.125,43538
COT,20140602,0.054,0.054,0.054,0.054,10200
COZ,20140602,0.064,0.064,0.053,0.054,559277
CPL,20140602,0.049,0.053,0.047,0.051,405703
CPU,20140602,12.6,12.65,12.43,12.62,1062097
CQR,20140602,4,4.02,3.96,3.98,649523
CRM,20140602,0.25,0.25,0.25,0.25,11305
CRZ,20140602,11,11.06,10.91,10.97,958775
CSD,20140602,0.06,0.06,0.06,0.06,4000
CSE,20140602,0.205,0.22,0.205,0.22,639844
CSL,20140602,70.5,71.24,70.42,71.05,733848
CSR,20140602,3.41,3.45,3.38,3.38,2053965
CSS,20140602,0.047,0.047,0.047,0.047,372456
CSV,20140602,0.86,0.88,0.86,0.88,35412
CTD,20140602,6.1,6.3,6.1,6.19,203166
CTM,20140602,0.095,0.095,0.095,0.095,12500
CTN,20140602,1.015,1.02,1.012,1.02,232418
CTO,20140602,0.033,0.033,0.03,0.03,496334
CTP,20140602,0.385,0.385,0.375,0.375,309389
CTR,20140602,0.013,0.013,0.013,0.013,8098977
CTT,20140602,0.012,0.012,0.012,0.012,30000
CTX,20140602,22.32,22.38,22.19,22.26,577850
CUE,20140602,0.115,0.115,0.115,0.115,250000
CUL,20140602,0.014,0.014,0.014,0.014,402248
CUP,20140602,1.77,1.77,1.755,1.755,35459
CUU,20140602,0.022,0.022,0.022,0.022,90000
CUV,20140602,1.56,1.6,1.5,1.6,207075
CVN,20140602,0.09,0.092,0.09,0.09,2069495
CVO,20140602,2.3,2.38,2.26,2.29,582090
CVW,20140602,0.81,0.83,0.81,0.82,85534
CWE,20140602,0.053,0.053,0.051,0.051,696320
CWG,20140602,0.063,0.063,0.063,0.063,115698
CWN,20140602,16.27,16.31,16.18,16.2,1208967
CWP,20140602,7.25,7.45,7.25,7.35,120613
CXM,20140602,0.105,0.105,0.105,0.105,19500
CXO,20140602,0.06,0.06,0.059,0.059,375750
CXU,20140602,0.25,0.26,0.24,0.24,381700
CYA,20140602,0.895,0.9,0.885,0.9,19447
CYG,20140602,2.65,2.69,2.65,2.69,15519
CYL,20140602,0.33,0.33,0.33,0.33,2016
CYP,20140602,0.36,0.45,0.36,0.405,604523
CYU,20140602,0.024,0.024,0.024,0.024,237500
CYY,20140602,0.01,0.01,0.009,0.009,279323
CZD,20140602,0.105,0.105,0.105,0.105,140000
CZI,20140602,0.165,0.165,0.16,0.16,522407
CZZ,20140602,5.93,5.93,5.93,5.93,176
DAU,20140602,0.028,0.028,0.025,0.025,170008
DCG,20140602,1.785,1.79,1.735,1.75,312080
DCN,20140602,0.26,0.26,0.26,0.26,1294
DDR,20140602,1.6,1.64,1.6,1.64,4115
DDT,20140602,0.023,0.023,0.023,0.023,1240132
DGR,20140602,0.031,0.031,0.031,0.031,120000
DGX,20140602,0.038,0.039,0.037,0.037,800000
DIG,20140602,0.021,0.021,0.021,0.021,12647
DIV,20140602,21.03,21.03,20.98,20.98,1692
DJS,20140602,4,4.01,4,4,6819104
DJW,20140602,4.71,4.71,4.66,4.68,89916
DLS,20140602,1.555,1.585,1.55,1.56,2202827
DLX,20140602,5.52,5.53,5.41,5.45,1961508
DMA,20140602,0.015,0.015,0.015,0.015,100000
DME,20140602,0.27,0.27,0.27,0.27,10000
DML,20140602,0.033,0.034,0.032,0.033,1124723
DMP,20140602,21.12,21.32,21.05,21.15,148111
DMY,20140602,0.005,0.006,0.005,0.006,1404578
DNA,20140602,1.04,1.065,1.025,1.03,887512
DOW,20140602,5.39,5.485,5.35,5.41,2527007
DRK,20140602,0.025,0.025,0.024,0.024,1349000
DRM,20140602,0.73,0.73,0.705,0.705,100026
DRX,20140602,0.013,0.013,0.013,0.013,92615
DSH,20140602,2.14,2.14,2.03,2.03,863761
DSX,20140602,0.235,0.245,0.22,0.24,233474
DTE,20140602,0.17,0.175,0.17,0.17,2760341
DTL,20140602,0.67,0.7,0.65,0.7,389931
DTM,20140602,0.024,0.024,0.024,0.024,111110
DTR,20140602,0.014,0.014,0.012,0.012,300000
DUE,20140602,2.4,2.425,2.4,2.42,2140304
DUI,20140602,3.57,3.6,3.55,3.57,26990
DVA,20140602,0.032,0.035,0.032,0.035,100000
DVI,20140602,0.014,0.015,0.014,0.015,140000
DVN,20140602,0.71,0.71,0.705,0.705,94912
DWS,20140602,1.225,1.25,1.22,1.25,84100
DXS,20140602,1.115,1.14,1.115,1.14,8897174
DYE,20140602,0.255,0.255,0.245,0.25,115753
DYL,20140602,0.022,0.024,0.021,0.021,250084
EAF,20140602,0.007,0.007,0.007,0.007,600
EAL,20140602,0.605,0.61,0.585,0.61,528718
EAR,20140602,0.115,0.115,0.115,0.115,22149
EAX,20140602,3.4,3.44,3.39,3.39,27758
EBG,20140602,0.052,0.052,0.052,0.052,80000
EBT,20140602,3.6,3.62,3.6,3.62,621
EDE,20140602,0.015,0.015,0.015,0.015,80750
EEG,20140602,0.091,0.091,0.087,0.087,320000
EER,20140602,0.023,0.023,0.023,0.023,55000
EEU,20140602,14.54,14.54,14.54,14.54,1055
EGG,20140602,1.05,1.05,1.045,1.045,80617
EGH,20140602,0.13,0.13,0.13,0.13,37000
EGL,20140602,0.04,0.04,0.04,0.04,82006
EGO,20140602,0.007,0.007,0.007,0.007,1588277
EGP,20140602,2.85,2.88,2.84,2.85,2732629
EHL,20140602,0.24,0.24,0.232,0.24,1247006
ELD,20140602,0.135,0.135,0.13,0.13,747080
ELM,20140602,0.245,0.25,0.24,0.25,92302
ELT,20140602,0.016,0.016,0.016,0.016,100000
ELX,20140602,0.32,0.32,0.32,0.32,6900
EMA,20140602,0.055,0.055,0.055,0.055,22540
EME,20140602,0.18,0.18,0.18,0.18,4377
EMF,20140602,1.63,1.645,1.63,1.645,27272
EML,20140602,0.68,0.68,0.65,0.675,192126
EMU,20140602,0.03,0.03,0.03,0.03,68947
EMX,20140602,0.022,0.022,0.022,0.022,247108
ENE,20140602,5.05,5.16,5.05,5.16,105131
ENT,20140602,0.088,0.105,0.085,0.1,2198626
ENV,20140602,1.365,1.37,1.365,1.37,7899153
EOS,20140602,0.4,0.41,0.4,0.41,84080
EPA,20140602,0.033,0.033,0.033,0.033,50000
EPD,20140602,0.545,0.545,0.545,0.545,40000
EPW,20140602,1.87,1.875,1.84,1.855,472693
EPX,20140602,1.14,1.15,1.14,1.15,84410
EQE,20140602,0.012,0.012,0.012,0.012,63700
EQT,20140602,20.46,21.19,19.85,19.87,21412
EQX,20140602,0.4,0.4,0.4,0.4,116559
ERA,20140602,1.34,1.37,1.335,1.37,466151
ERI,20140602,0.018,0.018,0.018,0.018,472000
ERJ,20140602,0.006,0.006,0.006,0.006,17030
ERM,20140602,0.037,0.037,0.037,0.037,1467
ESI,20140602,0.004,0.004,0.003,0.003,4685654
ESN,20140602,0.001,0.001,0.001,0.001,1144230
ESR,20140602,0.11,0.11,0.11,0.11,138113
ESV,20140602,0.9,0.9,0.89,0.9,48137
ETE,20140602,0.034,0.034,0.033,0.033,108558
ETF,20140602,23.7,23.7,23.7,23.7,211
EVE,20140602,0.004,0.004,0.003,0.003,9350
EVM,20140602,0.065,0.07,0.06,0.07,210000
EVN,20140602,0.765,0.77,0.76,0.765,4528220
EVR,20140602,0.74,0.74,0.71,0.735,33236
EVZ,20140602,0.01,0.01,0.01,0.01,500000
EWC,20140602,0.28,0.295,0.275,0.29,1297650
EXE,20140602,0.018,0.019,0.017,0.017,1117982
EXG,20140602,0.07,0.07,0.07,0.07,196346
EXM,20140602,0.009,0.009,0.009,0.009,5013
EXR,20140602,0.006,0.006,0.005,0.005,254667
EXU,20140602,0.005,0.005,0.005,0.005,15000
EZL,20140602,1.3,1.33,1.29,1.29,50253
FAN,20140602,1.6,1.6,1.59,1.6,15182
FAR,20140602,0.041,0.042,0.04,0.041,24939313
FAS,20140602,0.004,0.004,0.003,0.003,1295250
FBU,20140602,8.09,8.34,8.09,8.26,367174
FCN,20140602,0.013,0.013,0.013,0.013,29000
FDC,20140602,2.52,2.53,2.5,2.51,3230283
FEL,20140602,0.025,0.025,0.025,0.025,38000
FEO,20140602,0.072,0.072,0.07,0.07,301006
FIE,20140602,0.031,0.035,0.031,0.035,148333
FLK,20140602,0.225,0.225,0.225,0.225,146510
FLN,20140602,0.98,1,0.97,0.98,155905
FLT,20140602,50,50.58,49.99,50.48,258233
FMG,20140602,4.3,4.51,4.25,4.49,19551097
FML,20140602,0.012,0.012,0.011,0.012,7451753
FMS,20140602,0.02,0.02,0.019,0.02,14160465
FND,20140602,0.17,0.175,0.16,0.16,221371
FNP,20140602,2.86,2.88,2.85,2.88,861226
FNT,20140602,0.011,0.011,0.011,0.011,33540
FOY,20140602,0.001,0.002,0.001,0.002,262432
FPH,20140602,4.2,4.2,4.14,4.14,13880
FPS,20140602,1.79,1.79,1.77,1.77,9380
FRI,20140602,1.61,1.645,1.61,1.645,82629
FSA,20140602,1.16,1.165,1.145,1.165,118417
FSE,20140602,0.006,0.006,0.006,0.006,173530
FSF,20140602,5.62,5.62,5.61,5.61,10704
FTE,20140602,0.007,0.007,0.007,0.007,15000
FTH,20140602,0.43,0.43,0.42,0.42,50000
FTZ,20140602,0.55,0.55,0.55,0.55,60000
FUN,20140602,0.069,0.069,0.059,0.06,12750448
FWD,20140602,2.2,2.21,2.18,2.21,107212
FXJ,20140602,1.035,1.035,1.01,1.015,6509646
FXL,20140602,3.42,3.42,3.35,3.39,639115
FXR,20140602,0.012,0.012,0.012,0.012,87868
FZR,20140602,0.37,0.37,0.37,0.37,6435
GAP,20140602,0.245,0.245,0.24,0.24,47700
GBG,20140602,0.053,0.053,0.051,0.052,528166
GBI,20140602,0.225,0.225,0.225,0.225,121500
GBT,20140602,3.25,3.25,3.18,3.21,136722
GCN,20140602,0.014,0.014,0.013,0.013,2666171
GCR,20140602,0.005,0.005,0.005,0.005,296112
GCS,20140602,0.43,0.45,0.42,0.43,188319
GCY,20140602,0.115,0.12,0.115,0.12,26000
GDI,20140602,0.97,0.97,0.905,0.935,1874799
GDY,20140602,0.049,0.052,0.049,0.049,223617
GEM,20140602,4.55,4.64,4.55,4.62,810970
GER,20140602,0.078,0.078,0.074,0.074,17000
GFF,20140602,0.68,0.685,0.68,0.68,3282313
GFL,20140602,1.2,1.2,1.2,1.2,4154
GGP,20140602,0.007,0.007,0.006,0.006,286342
GGX,20140602,0.025,0.025,0.025,0.025,672
GHC,20140602,1.31,1.325,1.31,1.325,56884
GID,20140602,0.55,0.57,0.545,0.55,966596
GIP,20140602,0.004,0.004,0.004,0.004,250000
GJT,20140602,1.55,1.56,1.545,1.55,81573
GLH,20140602,0.62,0.62,0.61,0.61,141483
GMA,20140602,3.18,3.19,3.12,3.14,2099250
GMC,20140602,0.003,0.003,0.003,0.003,1160000
GME,20140602,0.027,0.027,0.027,0.027,10000
GMG,20140602,5.09,5.115,5.07,5.1,3437281
GMR,20140602,0.009,0.009,0.008,0.008,91769
GMY,20140602,0.96,0.97,0.96,0.97,21212
GNC,20140602,8.8,8.9,8.75,8.86,751650
GNE,20140602,1.66,1.71,1.65,1.68,77814
GNG,20140602,0.6,0.6,0.58,0.58,31900
GOLD,20140602,129.01,129.63,128.56,129,4044
GOR,20140602,0.17,0.175,0.165,0.165,850996
GOZ,20140602,2.52,2.58,2.51,2.58,101006
GPR,20140602,0.07,0.07,0.069,0.07,193629
GPT,20140602,3.9,3.92,3.9,3.92,5490433
GRB,20140602,0.17,0.17,0.17,0.17,155376
GRF,20140602,1.63,1.63,1.63,1.63,30000
GRK,20140602,0.001,0.001,0.001,0.001,10220832
GRR,20140602,0.17,0.175,0.16,0.165,4306409
GRY,20140602,0.13,0.135,0.13,0.13,1195208
GSC,20140602,0.028,0.028,0.028,0.028,60000
GSE,20140602,0.004,0.004,0.004,0.004,7916
GSZ,20140602,0.019,0.019,0.019,0.019,400000
GTE,20140602,0.029,0.029,0.028,0.028,467502
GUD,20140602,5.3,5.41,5.3,5.41,202591
GUF,20140602,0.065,0.065,0.058,0.061,1337773
GUN,20140602,0.015,0.015,0.015,0.015,2480000
GWA,20140602,2.6,2.67,2.59,2.66,489102
GXL,20140602,9.47,9.47,8.84,9.1,269938
GXY,20140602,0.065,0.065,0.06,0.064,713523
GZL,20140602,2.95,2.95,2.95,2.95,97
HAO,20140602,0.18,0.18,0.18,0.18,725
HAS,20140602,0.044,0.044,0.044,0.044,3000
HAV,20140602,0.19,0.19,0.19,0.19,19910
HAW,20140602,0.025,0.025,0.025,0.025,50000
HAZ,20140602,0.034,0.034,0.034,0.034,328571
HCH,20140602,0.245,0.245,0.235,0.235,154466
HDG,20140602,0.014,0.014,0.014,0.014,36500
HFA,20140602,1,1,1,1,5350
HFR,20140602,0.51,0.53,0.5,0.52,1870499
HGG,20140602,4.48,4.51,4.465,4.5,3042011
HGO,20140602,0.085,0.085,0.08,0.082,984447
HHL,20140602,1.95,1.95,1.94,1.95,16600
HHM,20140602,0.025,0.025,0.025,0.025,144775
HHV,20140602,1.025,1.025,1.02,1.02,75843
HHY,20140602,0.34,0.342,0.34,0.34,30416
HIG,20140602,0.058,0.058,0.057,0.057,350020
HIL,20140602,1.57,1.607,1.57,1.585,466885
HLO,20140602,0.3,0.3,0.265,0.265,60364
HLS,20140602,0.007,0.007,0.007,0.007,75000
HLX,20140602,0.026,0.026,0.026,0.026,34834
HMX,20140602,0.115,0.115,0.115,0.115,5000
HNG,20140602,0.54,0.55,0.54,0.55,97500
HOG,20140602,0.015,0.015,0.015,0.015,11712
HOM,20140602,0.78,0.78,0.78,0.78,20000
HOR,20140602,0.018,0.018,0.018,0.018,174561
HPI,20140602,2.065,2.08,2.06,2.08,55409
HRL,20140602,0.004,0.004,0.004,0.004,10000
HRR,20140602,0.115,0.115,0.115,0.115,59891
HRS,20140602,0.04,0.04,0.04,0.04,10000
HSK,20140602,0.095,0.099,0.095,0.099,220000
HSN,20140602,1.365,1.365,1.33,1.34,264433
HTA,20140602,0.072,0.072,0.071,0.072,131000
HUB,20140602,0.86,0.86,0.835,0.85,381430
HVN,20140602,3.2,3.225,3.195,3.2,1576295
HZN,20140602,0.37,0.38,0.37,0.38,2591992
IAA,20140602,52.35,52.6,52.33,52.41,4573
IAF,20140602,103.07,103.07,102.97,103.07,3756
IAG,20140602,5.95,6.02,5.95,5.99,5294546
IAU,20140602,0.27,0.28,0.27,0.28,1599769
IAW,20140602,0.04,0.04,0.04,0.04,250000
IBC,20140602,0.555,0.56,0.555,0.555,56907
IBG,20140602,0.049,0.049,0.049,0.049,220100
IBK,20140602,40.46,40.63,40.46,40.63,2433
IBY,20140602,0.38,0.38,0.365,0.37,1136395
ICG,20140602,0.018,0.018,0.018,0.018,832000
ICN,20140602,0.135,0.135,0.135,0.135,90000
ICP,20140602,0.051,0.051,0.051,0.051,13003
ICQ,20140602,1.35,1.36,1.325,1.33,117362
ICS,20140602,0.041,0.041,0.041,0.041,1119469
ICT,20140602,0.18,0.19,0.18,0.19,15000
IDC,20140602,0.042,0.042,0.038,0.039,5191189
IDO,20140602,0.041,0.047,0.041,0.047,299302
IDR,20140602,2.01,2.02,2,2,189246
IDT,20140602,0.23,0.23,0.23,0.23,2000
IDZ,20140602,0.68,0.68,0.67,0.68,20613
IEC,20140602,0.04,0.04,0.04,0.04,105409
IEM,20140602,46,46.1,45.76,46.05,13628
IEU,20140602,53.99,54.08,53.85,54,30576
IFE,20140602,0.092,0.092,0.09,0.09,69937
IFL,20140602,8.49,8.6,8.49,8.59,1075225
IFM,20140602,0.74,0.742,0.73,0.73,629047
IFN,20140602,0.2,0.215,0.2,0.21,11145035
IGO,20140602,4.25,4.29,4.2,4.23,710490
IGS,20140602,0.001,0.001,0.001,0.001,177000
IHD,20140602,17.21,17.21,17.1,17.18,10117
IHK,20140602,22.89,22.89,22.89,22.89,888
IIL,20140602,0.19,0.19,0.19,0.19,78000
IIN,20140602,7.4,7.53,7.31,7.47,997655
IJH,20140602,148.43,148.47,148.43,148.47,92
IJP,20140602,12.58,12.62,12.53,12.59,24251
IJR,20140602,115.72,116.42,115.72,116.41,538
IKO,20140602,69.72,69.72,69.72,69.72,170
ILB,20140602,106.67,106.71,106.45,106.62,3613
ILC,20140602,25.41,25.47,25.3,25.46,75491
ILU,20140602,8.69,8.765,8.6,8.73,1861900
IMA,20140602,0.155,0.155,0.155,0.155,165000
IMC,20140602,0.005,0.005,0.005,0.005,300000
IMD,20140602,0.635,0.71,0.635,0.7,423046
IMF,20140602,1.99,1.995,1.97,1.97,436760
IMI,20140602,0.001,0.001,0.001,0.001,95000
INA,20140602,0.455,0.46,0.45,0.45,466562
INL,20140602,0.008,0.008,0.008,0.008,105000
IOF,20140602,3.36,3.39,3.345,3.36,1574778
IOH,20140602,0.84,0.84,0.84,0.84,86000
IOO,20140602,85.99,86.73,85.95,86.5,8762
IOZ,20140602,23.89,23.91,23.82,23.9,12309
IPB,20140602,0.28,0.28,0.28,0.28,28519
IPD,20140602,0.2,0.2,0.195,0.2,89733
IPE,20140602,0.495,0.495,0.485,0.485,147696
IPL,20140602,2.78,2.82,2.76,2.79,5847091
IPP,20140602,2.9,2.9,2.72,2.8,689688
IPT,20140602,0.035,0.039,0.035,0.039,366355
IQE,20140602,2.3,2.3,2.3,2.3,5008
IRD,20140602,0.315,0.34,0.315,0.34,133000
IRE,20140602,8.48,8.52,8.38,8.42,468243
IRI,20140602,1.055,1.07,1.04,1.055,63440
IRN,20140602,0.155,0.16,0.145,0.16,443810
IRU,20140602,121.63,122.33,121.63,122.31,916
ISG,20140602,14.85,14.85,14.85,14.85,62
ISN,20140602,0.195,0.195,0.18,0.18,430652
ISO,20140602,3.94,3.94,3.93,3.94,34999
ISU,20140602,1.22,1.23,1.19,1.2,322570
ITD,20140602,0.24,0.24,0.225,0.225,27578
ITT,20140602,0.009,0.01,0.009,0.01,2040000
ITW,20140602,16.22,16.22,16.22,16.22,67
IVC,20140602,10.44,10.52,10.44,10.48,212161
IVE,20140602,74.85,75.27,74.85,75.11,2197
IVR,20140602,0.039,0.039,0.038,0.038,60000
IVV,20140602,208.96,209.76,208.24,209.47,11490
IVX,20140602,0.064,0.064,0.062,0.064,193433
IXI,20140602,98.38,98.55,98.38,98.55,637
IXJ,20140602,100.29,100.95,100.29,100.82,7954
IXR,20140602,0.052,0.052,0.05,0.05,150000
IZM,20140602,0.001,0.001,0.001,0.001,228750
IZZ,20140602,39.66,39.83,39.66,39.73,4008
JAL,20140602,0.17,0.17,0.17,0.17,98000
JBH,20140602,18.16,18.25,17.92,17.94,1106909
JCS,20140602,0.05,0.05,0.047,0.047,500000
JHC,20140602,2.71,2.72,2.68,2.72,1183499
JHX,20140602,14.34,14.52,14.34,14.47,1769953
JIN,20140602,1.405,1.405,1.4,1.4,22450
JKA,20140602,0.045,0.047,0.045,0.046,2374061
JPR,20140602,0.38,0.38,0.38,0.38,20018
JRV,20140602,0.035,0.035,0.035,0.035,50000
KAB,20140602,0.001,0.001,0.001,0.001,2664274
KAM,20140602,0.76,0.775,0.755,0.755,40000
KAR,20140602,3.94,4.05,3.35,3.51,12224109
KAS,20140602,0.082,0.084,0.082,0.084,95850
KBL,20140602,0.04,0.04,0.039,0.04,300433
KCN,20140602,0.745,0.75,0.715,0.725,922239
KDL,20140602,0.19,0.215,0.19,0.195,1011855
KDR,20140602,0.064,0.065,0.062,0.062,1070000
KEY,20140602,0.013,0.013,0.013,0.013,230000
KFE,20140602,0.04,0.04,0.04,0.04,40000
KGL,20140602,0.092,0.092,0.087,0.087,192659
KGM,20140602,0.009,0.009,0.008,0.008,193214
KIK,20140602,0.009,0.009,0.009,0.009,20000
KIN,20140602,0.17,0.17,0.15,0.15,4500
KIS,20140602,0.14,0.14,0.14,0.14,14000
KKL,20140602,0.003,0.003,0.003,0.003,565015
KMD,20140602,3.26,3.3,3.22,3.25,445986
KNL,20140602,0.135,0.135,0.13,0.13,301389
KOR,20140602,0.031,0.034,0.031,0.031,230000
KOV,20140602,7.61,7.67,7.53,7.66,91010
KPC,20140602,0.295,0.295,0.29,0.29,11724
KPL,20140602,0.37,0.37,0.365,0.365,1481
KPT,20140602,2.7,2.7,2.7,2.7,267
KRB,20140602,0.049,0.049,0.048,0.048,276000
KRC,20140602,0.135,0.14,0.13,0.135,345049
KRM,20140602,0.42,0.42,0.4,0.405,341481
KSC,20140602,1.3,1.3,1.3,1.3,69850
KTE,20140602,0.011,0.011,0.011,0.011,251938
LAM,20140602,0.465,0.465,0.4,0.4,6500
LAT,20140602,0.07,0.071,0.068,0.07,2680596
LAU,20140602,0.335,0.335,0.325,0.325,68000
LBL,20140602,0.094,0.094,0.091,0.091,308000
LBT,20140602,0.175,0.185,0.175,0.175,95121
LBY,20140602,0.015,0.015,0.014,0.014,1651403
LCM,20140602,0.86,0.875,0.86,0.86,55847
LCR,20140602,0.009,0.009,0.009,0.009,111111
LCT,20140602,0.055,0.055,0.05,0.05,6420
LCY,20140602,0.016,0.016,0.013,0.013,207521
LEG,20140602,0.007,0.007,0.007,0.007,8655
LEI,20140602,20.23,20.63,20.23,20.55,425762
LEP,20140602,2.93,3,2.92,2.98,148280
LFC,20140602,0.19,0.205,0.19,0.205,51444
LGD,20140602,0.32,0.32,0.31,0.315,57300
LHC,20140602,2.32,2.33,2.3,2.3,13021
LIC,20140602,1.45,1.45,1.405,1.405,18054
LIN,20140602,0.006,0.006,0.006,0.006,1500
LKE,20140602,0.01,0.01,0.01,0.01,50000
LKO,20140602,0.004,0.004,0.003,0.003,595125
LLC,20140602,13.41,13.5,13.375,13.43,1089177
LMB,20140602,0.76,0.81,0.75,0.81,960090
LMG,20140602,0.005,0.005,0.005,0.005,475000
LML,20140602,0.049,0.05,0.045,0.05,1189043
LMW,20140602,0.425,0.425,0.41,0.41,34000
LNG,20140602,1.15,1.275,1.145,1.25,10357715
LNR,20140602,0.29,0.29,0.28,0.285,270201
LNY,20140602,0.003,0.003,0.002,0.002,10391
LRS,20140602,0.036,0.036,0.036,0.036,19347
LSA,20140602,0.12,0.12,0.099,0.11,81115
LSR,20140602,0.007,0.007,0.007,0.007,5265
LSX,20140602,0.4,0.4,0.4,0.4,51710
LTN,20140602,0.072,0.072,0.072,0.072,55419
LYC,20140602,0.14,0.155,0.135,0.155,44953073
LYL,20140602,2.35,2.45,2.3,2.45,49175
MAD,20140602,0.225,0.225,0.215,0.215,450675
MAH,20140602,0.105,0.107,0.1,0.1,2475221
MAK,20140602,0.087,0.087,0.085,0.085,80020
MAQ,20140602,7.75,7.75,7.7,7.7,564
MAT,20140602,0.245,0.255,0.245,0.25,58507
MAU,20140602,0.185,0.2,0.185,0.2,45000
MBE,20140602,0.19,0.19,0.185,0.185,601094
MCE,20140602,1.485,1.485,1.41,1.44,93788
MCP,20140602,1.15,1.17,1.14,1.16,51460
MCR,20140602,0.95,0.955,0.935,0.94,223209
MCS,20140602,0.5,0.52,0.49,0.49,218575
MDL,20140602,1.495,1.695,1.495,1.68,129359
MDO,20140602,0.02,0.024,0.02,0.024,536065
MED,20140602,0.07,0.07,0.07,0.07,36405
MEH,20140602,0.05,0.05,0.05,0.05,10000
MEL,20140602,0.047,0.059,0.046,0.055,4755438
MEO,20140602,0.019,0.02,0.019,0.019,1366331
MEP,20140602,0.08,0.085,0.08,0.08,150630
MEU,20140602,0.017,0.017,0.015,0.015,720971
MEY,20140602,0.003,0.003,0.002,0.003,2741667
MFF,20140602,1.5,1.505,1.48,1.49,117304
MFG,20140602,12.3,12.67,12.26,12.61,227398
MGL,20140602,0.031,0.031,0.03,0.03,655468
MGR,20140602,1.815,1.822,1.807,1.815,6457326
MGS,20140602,0.06,0.06,0.06,0.06,71500
MGX,20140602,0.73,0.775,0.725,0.775,6508599
MGY,20140602,0.013,0.013,0.013,0.013,85000
MHM,20140602,0.015,0.015,0.015,0.015,3250
MIN,20140602,10.08,10.5,10.05,10.48,1214555
MIR,20140602,2.63,2.68,2.62,2.68,37219
MIX,20140602,0.17,0.17,0.165,0.165,917000
MIZ,20140602,0.004,0.004,0.004,0.004,2600000
MKB,20140602,0.175,0.175,0.17,0.17,454075
MKO,20140602,0.018,0.018,0.018,0.018,12000
MLB,20140602,1.55,1.65,1.55,1.65,260807
MLD,20140602,1.96,1.98,1.9,1.93,71404
MLI,20140602,0.054,0.054,0.054,0.054,1412
MLM,20140602,0.033,0.033,0.033,0.033,50000
MLT,20140602,4.36,4.44,4.36,4.4,205407
MLX,20140602,0.26,0.265,0.25,0.265,1487045
MMC,20140602,0.012,0.012,0.012,0.012,49100
MML,20140602,1.64,1.69,1.61,1.62,1258508
MMS,20140602,10.31,10.34,10.1,10.25,348938
MMX,20140602,0.046,0.046,0.046,0.046,80000
MNC,20140602,0.019,0.019,0.018,0.018,1062280
MND,20140602,17.69,18.08,17.65,18.02,474344
MNE,20140602,0.025,0.025,0.024,0.024,98175
MNF,20140602,2.42,2.66,2.42,2.55,217896
MNW,20140602,0.25,0.25,0.235,0.24,1613132
MNY,20140602,1.13,1.13,1.11,1.11,102914
MNZ,20140602,1.58,1.64,1.58,1.6,123185
MOC,20140602,2.9,2.9,2.88,2.89,14417
MOD,20140602,0.009,0.009,0.009,0.009,6300000
MOO,20140602,0.004,0.004,0.004,0.004,264183
MOU,20140602,0.002,0.002,0.002,0.002,1000000
MOX,20140602,0.021,0.025,0.021,0.025,423000
MOY,20140602,0.093,0.093,0.086,0.092,168824
MOZ,20140602,0.01,0.011,0.01,0.011,210693
MPE,20140602,0.008,0.008,0.008,0.008,200300
MPJ,20140602,0.008,0.008,0.007,0.007,3483612
MPO,20140602,0.17,0.175,0.17,0.17,367040
MQA,20140602,3.29,3.33,3.26,3.26,1076045
MQG,20140602,60.03,60.28,60,60.2,1062584
MRC,20140602,0.11,0.11,0.11,0.11,203000
MRF,20140602,0.084,0.086,0.08,0.08,796900
MRM,20140602,2.07,2.08,2.01,2.04,1534336
MRP,20140602,0.14,0.14,0.14,0.14,29125
MRV,20140602,0.004,0.004,0.004,0.004,535000
MSB,20140602,4.85,4.99,4.83,4.99,321313
MSR,20140602,0.031,0.031,0.031,0.031,40000
MSV,20140602,0.054,0.054,0.035,0.035,1153555
MTB,20140602,0.001,0.001,0.001,0.001,268500
MTE,20140602,0.025,0.027,0.025,0.027,534000
MTH,20140602,0.014,0.014,0.013,0.013,337300
MTN,20140602,0.02,0.02,0.02,0.02,49350
MTS,20140602,2.85,2.9,2.83,2.88,4544412
MTU,20140602,6.05,6.1,5.92,6.09,540347
MUE,20140602,0.031,0.031,0.031,0.031,35000
MUX,20140602,0.068,0.068,0.064,0.064,14250
MVA,20140602,15.93,15.93,15.93,15.93,2575
MVB,20140602,27.32,27.32,27.32,27.32,375
MVP,20140602,1.3,1.3,1.22,1.25,17284
MWR,20140602,1.24,1.24,1.24,1.24,404
MXI,20140602,0.95,0.97,0.94,0.95,196170
MXR,20140602,0.003,0.003,0.003,0.003,3007561
MYA,20140602,0.165,0.165,0.16,0.16,10000
MYE,20140602,0.43,0.45,0.43,0.45,93385
MYR,20140602,2.16,2.19,2.15,2.19,3933505
MYS,20140602,4.55,4.68,4.55,4.67,67647
MYT,20140602,2.03,2.05,2.03,2.05,47569
MYX,20140602,0.92,0.925,0.915,0.915,501322
MZI,20140602,0.01,0.01,0.01,0.01,1828899
NAB,20140602,33.5,34.005,33.49,33.88,3884667
NAE,20140602,0.025,0.031,0.024,0.031,270445
NAG,20140602,0.031,0.031,0.028,0.028,87000
NAM,20140602,0.29,0.29,0.29,0.29,26771
NAN,20140602,0.74,0.76,0.735,0.75,154886
NBL,20140602,0.375,0.375,0.375,0.375,658212
NCC,20140602,1.03,1.04,1.03,1.035,27300
NCK,20140602,2.6,2.6,2.57,2.57,1754
NCM,20140602,9.69,9.835,9.62,9.78,2768874
NCO,20140602,0.007,0.008,0.007,0.007,115000
NCR,20140602,0.016,0.017,0.015,0.016,35000
NDO,20140602,0.033,0.033,0.033,0.033,1118553
NEA,20140602,0.51,0.54,0.51,0.51,1209439
NEC,20140602,2.21,2.22,2.165,2.21,2965643
NEN,20140602,0.016,0.016,0.016,0.016,2206730
NEU,20140602,0.07,0.07,0.068,0.069,1194509
NFE,20140602,0.165,0.165,0.145,0.145,157689
NGE,20140602,0.014,0.014,0.014,0.014,50000
NGF,20140602,0.11,0.115,0.11,0.115,60000
NHC,20140602,2.97,2.98,2.88,2.89,205495
NHF,20140602,3.15,3.16,3.13,3.13,338233
NHO,20140602,0.004,0.004,0.004,0.004,100000
NIU,20140602,0.003,0.004,0.003,0.004,217699
NKP,20140602,0.085,0.089,0.085,0.089,525211
NLS,20140602,0.003,0.003,0.003,0.003,747000
NMI,20140602,0.037,0.037,0.037,0.037,125000
NML,20140602,0.075,0.075,0.075,0.075,150000
NNW,20140602,0.41,0.42,0.39,0.42,247047
NOD,20140602,0.046,0.046,0.045,0.046,695000
NPX,20140602,3.23,3.23,3.07,3.07,2469
NRT,20140602,0.155,0.155,0.15,0.15,495483
NSE,20140602,0.132,0.14,0.13,0.14,222512
NSR,20140602,1.295,1.35,1.29,1.325,1006420
NST,20140602,1.14,1.155,1.11,1.115,3540297
NTC,20140602,0.79,0.79,0.77,0.775,310375
NTM,20140602,0.017,0.018,0.017,0.018,46722
NTU,20140602,0.16,0.17,0.16,0.16,147095
NUF,20140602,4.3,4.53,4.29,4.44,2197020
NVG,20140602,0.004,0.004,0.004,0.004,523067
NVI,20140602,0.7,0.7,0.67,0.67,20226
NVT,20140602,7.79,7.88,7.74,7.81,421349
NWE,20140602,0.011,0.011,0.01,0.011,1349665
NWH,20140602,0.995,1.03,0.995,1.02,1200843
NWS,20140602,17.83,18.02,17.83,17.97,49861
NWT,20140602,0.415,0.425,0.415,0.425,692928
NXM,20140602,0.049,0.049,0.049,0.049,3500
NXR,20140602,0.023,0.023,0.022,0.022,765853
NXS,20140602,0.02,0.02,0.019,0.02,11504736
NXT,20140602,1.97,2.04,1.94,1.98,1325213
NYO,20140602,0.004,0.004,0.004,0.004,17410
NZO,20140602,0.715,0.715,0.715,0.715,38
OBJ,20140602,0.082,0.088,0.082,0.085,6652441
OBL,20140602,0.01,0.011,0.01,0.01,2635000
OBS,20140602,0.285,0.295,0.285,0.29,14500
OCL,20140602,1.13,1.18,1.13,1.16,70050
OEC,20140602,0.165,0.165,0.165,0.165,50000
OEG,20140602,0.03,0.03,0.03,0.03,811321
OEL,20140602,0.093,0.095,0.091,0.092,678804
OEQ,20140602,0.245,0.245,0.245,0.245,2440
OEX,20140602,0.115,0.12,0.11,0.12,427307
OFX,20140602,2.68,2.68,2.58,2.6,2388267
OGC,20140602,2.45,2.52,2.45,2.49,510510
OGX,20140602,0.095,0.095,0.095,0.095,56935
OGY,20140602,0.018,0.018,0.018,0.018,149900
OIL,20140602,0.035,0.035,0.032,0.032,35000
OKN,20140602,1.37,1.41,1.355,1.37,30427
OMH,20140602,0.28,0.285,0.275,0.28,1002526
ONC,20140602,0.29,0.3,0.29,0.29,116335
ONT,20140602,6,6,5.95,5.95,3832
ORA,20140602,1.385,1.435,1.385,1.435,5006980
ORD,20140602,0.004,0.004,0.004,0.004,150000
ORE,20140602,2.2,2.21,2.15,2.19,52773
ORG,20140602,15,15.04,14.51,14.55,5704909
ORH,20140602,0.004,0.004,0.003,0.003,1525000
ORI,20140602,19.71,19.79,19.5,19.6,1455878
ORL,20140602,3.9,4,3.9,4,26716
ORN,20140602,0.044,0.044,0.043,0.044,87443
ORO,20140602,0.001,0.001,0.001,0.001,500000
ORS,20140602,0.054,0.055,0.054,0.054,496228
OSH,20140602,9.4,9.46,9.31,9.45,5191891
OSL,20140602,0.105,0.11,0.105,0.11,54701
OTC,20140602,0.11,0.11,0.11,0.11,351000
OTE,20140602,0.001,0.001,0.001,0.001,25000
OTH,20140602,0.44,0.44,0.43,0.43,77577
OTI,20140602,0.085,0.085,0.085,0.085,40000
OUM,20140602,0.002,0.002,0.001,0.001,1957001
OXX,20140602,0.12,0.12,0.12,0.12,90000
OZF,20140602,21.6,21.7,21.57,21.7,1205
OZG,20140602,0.2,0.2,0.195,0.195,250000
OZL,20140602,4.36,4.39,4.27,4.34,2075040
OZR,20140602,10.09,10.12,10.09,10.12,6319
PAA,20140602,0.011,0.012,0.011,0.012,217155
PAB,20140602,0.033,0.034,0.033,0.034,1120440
PAF,20140602,0.94,0.945,0.94,0.94,50000
PAN,20140602,0.66,0.69,0.655,0.67,3950444
PBD,20140602,0.02,0.02,0.02,0.02,60000
PBG,20140602,0.565,0.57,0.545,0.55,3051139
PBT,20140602,0.205,0.205,0.19,0.205,562889
PCL,20140602,0.024,0.024,0.022,0.023,2580717
PDI,20140602,0.007,0.007,0.007,0.007,274727
PDN,20140602,0.39,0.4,0.385,0.39,3583190
PDY,20140602,0.003,0.003,0.003,0.003,100000
PDZ,20140602,0.525,0.525,0.52,0.52,109942
PEA,20140602,0.49,0.49,0.49,0.49,24552
PEK,20140602,0.069,0.069,0.069,0.069,34280
PEN,20140602,0.031,0.031,0.029,0.03,5093361
PEX,20140602,0.145,0.15,0.14,0.14,188546
PFG,20140602,0.115,0.115,0.115,0.115,232918
PFL,20140602,1.18,1.18,1.15,1.17,56605
PGC,20140602,0.255,0.255,0.235,0.235,362040
PGF,20140602,0.965,0.97,0.96,0.965,309960
PGH,20140602,3.4,3.4,3.31,3.36,830353
PGI,20140602,0.04,0.04,0.038,0.038,586678
PGL,20140602,0.93,0.93,0.86,0.86,5200
PGM,20140602,0.055,0.055,0.055,0.055,20000
PGO,20140602,0.045,0.045,0.045,0.045,20
PHG,20140602,0.58,0.58,0.56,0.56,186609
PHI,20140602,3.16,3.16,3.14,3.14,2662
PIE,20140602,0.14,0.14,0.12,0.12,44250
PIM,20140602,0.022,0.022,0.022,0.022,158332
PLD,20140602,0.007,0.007,0.007,0.007,250000
PLH,20140602,0.12,0.13,0.12,0.13,25000
PLS,20140602,0.01,0.01,0.01,0.01,1394616
PMC,20140602,1.74,1.745,1.71,1.73,228510
PME,20140602,0.85,0.86,0.85,0.86,12027
PML,20140602,0.022,0.022,0.02,0.02,320000
PMP,20140602,0.425,0.43,0.425,0.425,511245
PMV,20140602,8.78,8.91,8.765,8.86,323350
PMY,20140602,0.035,0.035,0.035,0.035,136086
PNA,20140602,2.2,2.22,2.2,2.2,2456711
PNC,20140602,1.59,1.59,1.59,1.59,867
PNL,20140602,0.4,0.4,0.4,0.4,20005
PNN,20140602,0.016,0.016,0.016,0.016,14375
PNX,20140602,0.016,0.016,0.016,0.016,8000
POH,20140602,0.093,0.093,0.093,0.093,176800
POK,20140602,0.028,0.03,0.028,0.03,100000
POS,20140602,0.083,0.083,0.081,0.081,295200
POZ,20140602,0.009,0.009,0.008,0.008,150000
PPC,20140602,1.38,1.4,1.38,1.38,197551
PPG,20140602,0.48,0.48,0.48,0.48,23500
PPK,20140602,0.68,0.68,0.68,0.68,55000
PPP,20140602,0.081,0.082,0.08,0.08,539000
PPS,20140602,0.16,0.16,0.16,0.16,1400000
PPT,20140602,47.08,48.26,47.06,48.09,94201
PPX,20140602,0.04,0.041,0.038,0.038,289567
PPY,20140602,0.016,0.016,0.016,0.016,1000
PRA,20140602,0.029,0.029,0.027,0.027,220000
PRG,20140602,2.93,2.96,2.9,2.92,146703
PRL,20140602,0.19,0.19,0.19,0.19,3000
PRO,20140602,0.48,0.48,0.46,0.46,47000
PRR,20140602,0.057,0.057,0.048,0.048,29214456
PRT,20140602,1.045,1.067,1.04,1.04,420888
PRU,20140602,0.3,0.315,0.3,0.3,4042136
PRY,20140602,4.49,4.54,4.47,4.53,1054791
PSA,20140602,0.092,0.105,0.092,0.1,416474
PSC,20140602,0.008,0.008,0.008,0.008,200000
PSY,20140602,0.055,0.055,0.051,0.052,1624649
PSZ,20140602,0.745,0.75,0.745,0.745,18666
PTB,20140602,0.29,0.29,0.29,0.29,17800
PTL,20140602,0.03,0.03,0.029,0.03,2325739
PTM,20140602,6.37,6.65,6.37,6.65,885542
PTR,20140602,0.007,0.007,0.006,0.006,294401
PUN,20140602,0.022,0.022,0.022,0.022,40000
PVD,20140602,0.35,0.35,0.35,0.35,95456
PVE,20140602,0.071,0.071,0.07,0.07,25000
PWN,20140602,0.04,0.04,0.04,0.04,17250
PXG,20140602,0.12,0.12,0.12,0.12,118300
PXR,20140602,0.001,0.001,0.001,0.001,11582308
PXS,20140602,0.066,0.068,0.063,0.064,309490
PYM,20140602,0.02,0.022,0.02,0.021,300972
PZC,20140602,0.01,0.01,0.01,0.01,400
QAG,20140602,11.15,11.15,11.14,11.14,950
QAN,20140602,1.4,1.41,1.39,1.405,8315608
QAU,20140602,13.02,13.03,12.99,12.99,2500
QBE,20140602,11.38,11.38,11.16,11.28,4985661
QBL,20140602,0.013,0.015,0.012,0.013,1893557
QCB,20140602,16.33,16.33,16.33,16.33,309
QFN,20140602,11.51,11.51,11.51,11.51,195
QFX,20140602,0.011,0.011,0.01,0.01,6985633
QHL,20140602,0.215,0.22,0.21,0.21,1708882
QMN,20140602,0.013,0.013,0.012,0.012,1618999
QNA,20140602,0.002,0.002,0.002,0.002,1100000
QOZ,20140602,12.69,12.69,12.68,12.68,4505
QPN,20140602,0.001,0.001,0.001,0.001,1028558
QRL,20140602,0.012,0.012,0.012,0.012,350000
QRX,20140602,0.11,0.115,0.105,0.105,235315
QTG,20140602,0.021,0.021,0.021,0.021,5379
QUB,20140602,2.35,2.35,2.31,2.32,2060497
RAD,20140602,0.055,0.055,0.055,0.055,8890
RAU,20140602,0.007,0.008,0.007,0.008,71180
RBR,20140602,0.004,0.004,0.004,0.004,56000
RCB,20140602,20.6,20.64,20.5,20.61,16240
RCG,20140602,0.66,0.66,0.56,0.61,1929147
RCM,20140602,0.028,0.033,0.028,0.031,2003876
RCO,20140602,0.28,0.28,0.275,0.275,24000
RCR,20140602,2.83,2.98,2.83,2.92,147016
RCT,20140602,4.13,4.13,4.07,4.13,8600
RDM,20140602,0.19,0.19,0.18,0.18,23000
RDR,20140602,0.023,0.024,0.023,0.023,566723
RDV,20140602,30.2,30.2,29.96,30.14,10593
REA,20140602,45.24,45.86,45.01,45.14,203527
REC,20140602,4.75,4.85,4.74,4.8,1816426
RED,20140602,0.071,0.071,0.067,0.07,159027
REF,20140602,0.13,0.135,0.12,0.13,113986
RER,20140602,0.049,0.049,0.049,0.049,141000
RES,20140602,0.125,0.125,0.12,0.125,180399
REX,20140602,0.75,0.75,0.725,0.725,8200
REY,20140602,0.105,0.105,0.1,0.1,170698
RFE,20140602,0.081,0.087,0.081,0.084,1685061
RFF,20140602,0.99,0.99,0.97,0.97,72348
RFG,20140602,4.26,4.3,4.21,4.23,451857
RFX,20140602,0.17,0.19,0.16,0.18,1000875
RGB,20140602,20.39,20.39,20.39,20.39,1475
RGP,20140602,0.053,0.053,0.053,0.053,15000
RGS,20140602,0.36,0.36,0.345,0.35,50000
RGU,20140602,0.01,0.01,0.01,0.01,187500
RHC,20140602,47.24,47.65,46.82,47.54,286233
RHI,20140602,1.4,1.4,1.4,1.4,11250
RHL,20140602,3.88,3.9,3.86,3.9,81913
RHP,20140602,0.725,0.8,0.725,0.75,445709
RHS,20140602,0.22,0.22,0.22,0.22,598
RIC,20140602,0.845,0.845,0.845,0.845,36028
RIM,20140602,0.02,0.022,0.02,0.022,450000
RIO,20140602,58.31,59.43,58.07,59.23,2885725
RKN,20140602,2.11,2.12,2.09,2.12,45880
RLE,20140602,0.265,0.29,0.265,0.265,612033
RMD,20140602,5.42,5.46,5.405,5.46,1890685
RMR,20140602,0.009,0.009,0.008,0.008,1471120
RMS,20140602,0.095,0.096,0.094,0.095,601862
RMX,20140602,0.013,0.013,0.012,0.012,2891265
RNI,20140602,0.13,0.132,0.125,0.13,1954931
RNO,20140602,0.027,0.027,0.026,0.026,300000
RNS,20140602,0.068,0.068,0.065,0.065,136923
RNU,20140602,0.052,0.055,0.052,0.055,100000
RNY,20140602,0.285,0.29,0.285,0.285,65000
ROC,20140602,0.535,0.545,0.527,0.545,1906841
ROL,20140602,0.22,0.22,0.215,0.215,9690
ROY,20140602,0.028,0.028,0.028,0.028,100000
RQL,20140602,0.13,0.13,0.13,0.13,4000
RRL,20140602,1.53,1.54,1.48,1.49,3398451
RRS,20140602,0.018,0.022,0.018,0.02,7891007
RSG,20140602,0.595,0.605,0.58,0.58,2667022
RSM,20140602,20.35,20.35,20.35,20.35,19
RTD,20140602,0.042,0.042,0.041,0.041,3202516
RTR,20140602,0.028,0.028,0.028,0.028,237222
RUL,20140602,0.565,0.605,0.565,0.605,24500
RUM,20140602,0.095,0.095,0.094,0.094,214000
RVL,20140602,34.98,35.16,34.98,35.16,279
RVR,20140602,0.056,0.061,0.053,0.061,408592
RVY,20140602,0.02,0.02,0.02,0.02,133523
RWD,20140602,0.6,0.6,0.59,0.59,35383
RWH,20140602,3.3,3.33,3.3,3.3,15614
RXL,20140602,0.046,0.046,0.043,0.044,2078688
RXM,20140602,0.28,0.28,0.27,0.27,97448
RXP,20140602,0.645,0.645,0.63,0.64,100716
RYG,20140602,0.012,0.012,0.012,0.012,418651
SAI,20140602,5.17,5.26,5.17,5.2,2204322
SAR,20140602,0.34,0.35,0.34,0.345,3793172
SAT,20140602,0.001,0.001,0.001,0.001,550000
SAU,20140602,0.006,0.006,0.006,0.006,312512
SAV,20140602,0.002,0.002,0.002,0.002,66000
SBB,20140602,0.195,0.195,0.18,0.18,100174
SBL,20140602,0.001,0.001,0.001,0.001,300000
SBM,20140602,0.135,0.14,0.13,0.14,2428327
SBN,20140602,0.007,0.007,0.007,0.007,34286
SBR,20140602,0.028,0.028,0.027,0.028,115565
SCP,20140602,1.735,1.76,1.73,1.76,1639721
SDF,20140602,1.535,1.535,1.505,1.51,881025
SDG,20140602,1.57,1.585,1.57,1.575,265622
SDI,20140602,0.47,0.505,0.47,0.505,20000
SDL,20140602,0.094,0.098,0.093,0.095,26332958
SDM,20140602,0.515,0.57,0.5,0.5,397420
SEA,20140602,1.095,1.095,1.07,1.085,1823763
SEG,20140602,0.008,0.008,0.007,0.007,4734348
SEH,20140602,0.16,0.16,0.15,0.16,1509242
SEK,20140602,17.05,17.28,17.05,17.18,730248
SEN,20140602,0.03,0.03,0.028,0.028,718318
SER,20140602,0.027,0.028,0.026,0.028,1385000
SFC,20140602,6.2,6.2,6.05,6.05,2311
SFH,20140602,0.945,0.945,0.917,0.925,92677
SFR,20140602,5.92,6.02,5.86,5.99,362362
SFW,20140602,0.87,0.875,0.862,0.87,1730203
SFX,20140602,0.94,0.94,0.93,0.93,36710
SFY,20140602,55.64,55.86,55.49,55.83,22758
SFZ,20140602,0.058,0.058,0.05,0.05,475000
SGF,20140602,1.82,1.84,1.82,1.84,308870
SGH,20140602,5.03,5.1,5.03,5.08,381018
SGM,20140602,9.65,9.86,9.64,9.86,827347
SGN,20140602,1.36,1.39,1.335,1.39,1642606
SGO,20140602,0.185,0.185,0.185,0.185,10000
SGP,20140602,3.93,3.97,3.91,3.95,7695992
SGQ,20140602,0.25,0.26,0.24,0.26,978075
SGT,20140602,3.32,3.35,3.32,3.35,1061986
SGZ,20140602,0.007,0.007,0.007,0.007,140000
SHE,20140602,0.007,0.007,0.007,0.007,118750
SHH,20140602,0.1,0.1,0.1,0.1,16000
SHJ,20140602,2.12,2.215,2.12,2.2,18357
SHK,20140602,0.003,0.003,0.003,0.003,68000
SHL,20140602,17.65,17.88,17.6,17.82,963422
SHV,20140602,5.5,5.5,5.21,5.3,423005
SIP,20140602,0.705,0.73,0.705,0.73,2789416
SIR,20140602,3.19,3.2,3.13,3.14,1276183
SIT,20140602,0.165,0.17,0.165,0.17,158183
SIV,20140602,4.81,4.85,4.81,4.85,46701
SIX,20140602,0.009,0.01,0.009,0.01,1400000
SKC,20140602,3.6,3.66,3.6,3.63,443358
SKE,20140602,2.7,2.71,2.61,2.65,959569
SKI,20140602,1.805,1.82,1.8,1.815,4548158
SKS,20140602,0.34,0.35,0.34,0.35,33000
SKT,20140602,6.02,6.04,5.97,5.99,174315
SLF,20140602,9.8,9.91,9.8,9.87,46463
SLK,20140602,1.79,1.8,1.74,1.74,38960
SLM,20140602,1.8,1.81,1.8,1.81,19237
SLR,20140602,0.345,0.35,0.335,0.345,4894187
SLX,20140602,1.4,1.46,1.357,1.43,305705
SMA,20140602,0.016,0.016,0.015,0.015,853000
SMC,20140602,0.028,0.028,0.028,0.028,473333
SMD,20140602,0.049,0.05,0.049,0.05,146000
SMI,20140602,0.04,0.04,0.04,0.04,3971
SMN,20140602,0.27,0.27,0.245,0.25,120239
SMP,20140602,0.32,0.32,0.32,0.32,20000
SMR,20140602,0.125,0.125,0.125,0.125,28597
SMX,20140602,3.34,3.365,3.3,3.3,328924
SNC,20140602,0.95,0.95,0.95,0.95,9205
SND,20140602,0.81,0.81,0.81,0.81,64170
SNL,20140602,2.29,2.29,2.29,2.29,5000
SOC,20140602,0.04,0.04,0.039,0.04,601567
SOL,20140602,14.7,14.8,14.56,14.77,24924
SOM,20140602,1.45,1.49,1.45,1.49,5600
SOO,20140602,0.006,0.006,0.006,0.006,100000
SOR,20140602,0.077,0.077,0.077,0.077,3500
SPL,20140602,0.61,0.625,0.605,0.615,387535
SPN,20140602,1.38,1.395,1.377,1.395,3635009
SPO,20140602,1.845,1.86,1.83,1.85,5454102
SPS,20140602,0.022,0.025,0.022,0.025,320150
SPX,20140602,0.044,0.044,0.044,0.044,16085
SPZ,20140602,0.16,0.165,0.16,0.16,84795
SRH,20140602,0.14,0.14,0.13,0.13,50000
SRI,20140602,0.03,0.03,0.029,0.029,363094
SRK,20140602,0.039,0.039,0.038,0.038,270000
SRQ,20140602,0.005,0.006,0.005,0.005,2273800
SRV,20140602,4.9,4.9,4.85,4.85,92561
SRX,20140602,17.2,17.36,17.06,17.19,225024
SRZ,20140602,0.05,0.05,0.05,0.05,92084
SSM,20140602,0.19,0.19,0.18,0.18,982235
SSN,20140602,0.017,0.017,0.016,0.017,2206749
SSO,20140602,11.6,11.6,11.6,11.6,3388
SST,20140602,38.5,38.5,38.5,38.5,29
STB,20140602,0.175,0.175,0.17,0.175,62200
STO,20140602,14.45,14.52,14.26,14.48,2518123
STP,20140602,1.73,1.735,1.73,1.735,16500
STS,20140602,0.6,0.61,0.6,0.61,27920
STW,20140602,51.96,52.37,51.96,52.32,269781
STX,20140602,0.115,0.12,0.115,0.12,1565699
SUD,20140602,0.051,0.054,0.051,0.052,769050
SUL,20140602,9.1,9.15,9.02,9.03,2324665
SUN,20140602,13.41,13.42,13.32,13.32,3871586
SUR,20140602,0.016,0.017,0.016,0.017,821515
SVA,20140602,0.59,0.59,0.59,0.59,660
SVL,20140602,0.003,0.003,0.003,0.003,279771
SVM,20140602,0.32,0.32,0.315,0.315,238168
SVW,20140602,8.01,8.11,8.01,8.07,265413
SVY,20140602,0.25,0.265,0.25,0.25,524746
SWE,20140602,0.235,0.235,0.215,0.235,558119
SWK,20140602,0.26,0.275,0.26,0.26,151222
SWL,20140602,2.16,2.18,2.15,2.15,103376
SWM,20140602,1.86,1.87,1.84,1.855,1989753
SXE,20140602,0.54,0.54,0.535,0.54,96789
SXG,20140602,0.012,0.012,0.011,0.011,88000
SXI,20140602,0.017,0.017,0.016,0.016,625112
SXL,20140602,1.085,1.085,1.04,1.06,4537118
SXS,20140602,0.036,0.036,0.036,0.036,6000
SXY,20140602,0.74,0.745,0.73,0.74,4247563
SYA,20140602,0.003,0.003,0.003,0.003,152891
SYD,20140602,4.39,4.475,4.39,4.45,2694569
SYI,20140602,30.41,30.53,30.41,30.53,3632
SYP,20140602,0.006,0.006,0.006,0.006,900
SYR,20140602,3.68,3.85,3.68,3.82,256210
TAH,20140602,3.49,3.5,3.475,3.49,1963104
TAM,20140602,0.014,0.014,0.014,0.014,40500
TAN,20140602,0.46,0.46,0.44,0.45,138966
TAP,20140602,0.46,0.46,0.445,0.445,11473
TAW,20140602,0.023,0.023,0.022,0.022,2427984
TBR,20140602,2.85,2.95,2.85,2.95,4000
TCL,20140602,7.45,7.53,7.44,7.51,5228115
TCN,20140602,0.07,0.07,0.07,0.07,1000
TCQ,20140602,0.25,0.25,0.25,0.25,4044
TDO,20140602,0.07,0.07,0.07,0.07,2174
TEL,20140602,2.45,2.47,2.435,2.46,830822
TEN,20140602,0.285,0.302,0.277,0.3,10743416
TEX,20140602,0.043,0.043,0.043,0.043,100000
TFC,20140602,1.85,1.865,1.765,1.77,809412
TGA,20140602,2.33,2.35,2.31,2.32,383920
TGG,20140602,1.285,1.31,1.285,1.3,157339
TGP,20140602,0.777,0.777,0.76,0.76,34000
TGR,20140602,3.87,4,3.87,3.95,400871
TGS,20140602,0.38,0.4,0.38,0.4,1418676
TGZ,20140602,0.6,0.6,0.6,0.6,102810
THR,20140602,0.003,0.003,0.003,0.003,20000
THX,20140602,0.095,0.095,0.09,0.09,188880
TIG,20140602,0.14,0.14,0.14,0.14,70000
TIS,20140602,0.285,0.285,0.285,0.285,59064
TIX,20140602,2.21,2.26,2.21,2.25,28563
TKG,20140602,0.001,0.003,0.001,0.003,10400
TLG,20140602,0.29,0.31,0.28,0.28,360411
TLM,20140602,0.09,0.09,0.09,0.09,200200
TLS,20140602,5.35,5.39,5.34,5.39,19988907
TLU,20140602,0.055,0.055,0.055,0.055,182500
TME,20140602,3.29,3.3,3.25,3.28,607516
TMX,20140602,0.002,0.002,0.002,0.002,200000
TND,20140602,0.009,0.009,0.009,0.009,380000
TNE,20140602,2.73,2.76,2.62,2.62,583950
TNG,20140602,0.18,0.18,0.165,0.165,3371514
TNR,20140602,0.002,0.002,0.002,0.002,8000
TOE,20140602,0.064,0.064,0.061,0.063,935568
TOF,20140602,2,2,1.985,1.99,189718
TOL,20140602,5.43,5.46,5.4,5.43,1292604
TON,20140602,0.14,0.18,0.14,0.18,10597056
TOP,20140602,0.45,0.45,0.42,0.42,143952
TOU,20140602,0.325,0.33,0.325,0.33,6565
TOX,20140602,3.6,3.61,3.55,3.57,79691
TPD,20140602,0.02,0.024,0.02,0.022,272130
TPI,20140602,1.125,1.14,1.125,1.13,2601400
TPM,20140602,5.94,5.96,5.83,5.93,2003507
TPP,20140602,0.09,0.093,0.09,0.09,200519
TPR,20140602,0.09,0.09,0.09,0.09,20000
TPT,20140602,0.255,0.295,0.25,0.28,6084431
TRF,20140602,0.057,0.057,0.054,0.054,39430
TRG,20140602,10.13,10.15,10.01,10.12,20927
TRS,20140602,10,10.1,9.96,10,126814
TRY,20140602,0.955,0.98,0.945,0.97,571976
TSE,20140602,1.16,1.195,1.16,1.185,2439936
TSM,20140602,0.4,0.4,0.39,0.395,136737
TSN,20140602,0.005,0.005,0.005,0.005,981300
TSV,20140602,0.002,0.002,0.002,0.002,300000
TTA,20140602,0.051,0.051,0.051,0.051,64012
TTE,20140602,0.017,0.017,0.016,0.016,472286
TTI,20140602,0.07,0.07,0.07,0.07,75000
TTN,20140602,1.98,2,1.915,1.96,61003
TTS,20140602,3.05,3.07,3.04,3.05,2025461
TUP,20140602,3.94,3.97,3.8,3.91,65250
TWD,20140602,2.9,2.9,2.85,2.9,12483
TWE,20140602,5.22,5.23,5.16,5.2,1681597
TWR,20140602,1.64,1.68,1.64,1.68,18588
TYK,20140602,0.003,0.004,0.003,0.004,4024999
TZL,20140602,0.16,0.16,0.15,0.15,234697
TZN,20140602,0.038,0.038,0.038,0.038,4500
UBI,20140602,0.22,0.22,0.195,0.195,733999
UGL,20140602,6.6,7.25,6.57,7.1,2477887
UML,20140602,0.013,0.013,0.012,0.012,434480
UNS,20140602,0.53,0.53,0.51,0.51,204906
UNV,20140602,0.105,0.105,0.1,0.1,41500
UNX,20140602,0.165,0.17,0.16,0.17,191195
UOS,20140602,0.545,0.545,0.53,0.53,99418
URF,20140602,1.83,1.835,1.83,1.83,94398
USA,20140602,0.018,0.018,0.018,0.018,100000
USD,20140602,10.6,10.65,10.59,10.64,48874
USF,20140602,1.69,1.69,1.69,1.69,17752
UUL,20140602,0.06,0.06,0.06,0.06,216670
UXC,20140602,0.76,0.76,0.71,0.725,663249
VAF,20140602,48.77,48.8,48.77,48.8,8445
VAH,20140602,0.41,0.41,0.4,0.4,1919136
VAP,20140602,61.8,61.82,61.5,61.75,13217
VAR,20140602,0.033,0.033,0.033,0.033,4000
VAS,20140602,70.25,70.5,70.01,70.5,20877
VBP,20140602,6.5,6.5,6.5,6.5,88
VEC,20140602,0.025,0.025,0.025,0.025,440
VED,20140602,2.25,2.3,2.25,2.28,1139996
VEI,20140602,0.59,0.6,0.59,0.595,259411
VET,20140602,3,3.05,2.98,3.03,414350
VEU,20140602,55.91,56.63,55.91,56.62,8778
VGB,20140602,47.37,47.41,47.37,47.41,5036
VGE,20140602,51.3,51.3,51.01,51.27,1241
VHL,20140602,0.007,0.007,0.007,0.007,3077000
VHY,20140602,67.64,68.14,67.63,68.1,8771
VIC,20140602,0.009,0.01,0.009,0.01,872222
VIE,20140602,0.21,0.22,0.2,0.22,141757
VIG,20140602,0.225,0.225,0.225,0.225,10000
VLA,20140602,0.29,0.3,0.29,0.29,214832
VLC,20140602,62.82,62.92,62.82,62.92,875
VLW,20140602,1.905,1.955,1.905,1.91,56495
VMG,20140602,0.009,0.011,0.009,0.011,13057959
VMS,20140602,0.12,0.12,0.115,0.115,93270
VMT,20140602,0.05,0.051,0.049,0.049,2008695
VMX,20140602,0.24,0.24,0.24,0.24,10000
VOC,20140602,4.3,4.36,4.19,4.34,171426
VOR,20140602,0.002,0.002,0.002,0.002,770000
VRL,20140602,8.4,8.44,8.12,8.24,359516
VRT,20140602,8.49,8.66,8.39,8.56,357709
VRX,20140602,0.038,0.039,0.037,0.037,69388
VSC,20140602,1.565,1.565,1.56,1.56,5499
VSO,20140602,45.45,45.56,45.39,45.56,1227
VTG,20140602,0.72,0.735,0.72,0.735,160781
VTM,20140602,0.065,0.065,0.065,0.065,9846
VTS,20140602,107.5,108,107.02,108,3677
VXL,20140602,0.47,0.475,0.46,0.46,226464
WAA,20140602,1.26,1.26,1.25,1.25,18647
WAF,20140602,0.105,0.105,0.105,0.105,163061
WAM,20140602,1.92,1.93,1.91,1.92,186646
WAX,20140602,1.13,1.14,1.125,1.13,61404
WBA,20140602,1.045,1.045,1.01,1.02,44456
WBB,20140602,5.65,5.65,5.65,5.65,19400
WBC,20140602,34.49,34.7,34.42,34.6,3282673
WCB,20140602,8.17,8.17,8.17,8.17,31
WCC,20140602,0.058,0.058,0.058,0.058,16
WCL,20140602,0.42,0.42,0.41,0.41,1355152
WCN,20140602,0.009,0.009,0.009,0.009,700000
WCP,20140602,0.022,0.022,0.022,0.022,50000
WDC,20140602,10.68,10.8,10.68,10.77,6171704
WDR,20140602,0.3,0.3,0.26,0.265,3046768
WDS,20140602,1.015,1.03,1.01,1.015,68551
WEB,20140602,2.47,2.58,2.46,2.52,199049
WEC,20140602,0.17,0.175,0.17,0.175,28993
WES,20140602,43.33,43.7,43.28,43.53,1672388
WFE,20140602,0.01,0.01,0.01,0.01,125000
WGO,20140602,0.018,0.018,0.018,0.018,60000
WHC,20140602,1.485,1.527,1.477,1.49,2446572
WHE,20140602,0.012,0.012,0.012,0.012,290714
WHF,20140602,4.15,4.15,4.11,4.11,16450
WHN,20140602,0.015,0.016,0.015,0.015,1239489
WIC,20140602,1.27,1.27,1.26,1.26,37500
WIG,20140602,0.6,0.6,0.6,0.6,3000
WLL,20140602,2.85,2.85,2.85,2.85,350
WMK,20140602,1.035,1.035,1.035,1.035,34162
WMN,20140602,0.073,0.135,0.073,0.135,737955
WOR,20140602,16,16.2,16,16.13,530969
WOW,20140602,37.6,38.05,37.58,37.96,2271059
WPG,20140602,0.036,0.036,0.036,0.036,100000
WPL,20140602,42.05,42.47,41.86,42.36,1217717
WRG,20140602,0.003,0.003,0.003,0.003,263592
WRR,20140602,0.205,0.215,0.2,0.215,12000
WRT,20140602,3.18,3.24,3.17,3.24,6246706
WSA,20140602,4.65,4.77,4.59,4.74,1461187
WTF,20140602,2.49,2.5,2.41,2.43,660351
WTP,20140602,0.885,0.885,0.85,0.87,35541
WTR,20140602,0.057,0.057,0.057,0.057,5000
XAM,20140602,0.048,0.048,0.048,0.048,88888
XRF,20140602,0.225,0.225,0.225,0.225,6000
XRO,20140602,29.25,29.25,28.7,29,12981
XST,20140602,0.039,0.039,0.039,0.039,25000
XTE,20140602,0.05,0.061,0.05,0.053,1389781
YAL,20140602,0.26,0.26,0.255,0.255,7950
YBR,20140602,0.64,0.65,0.635,0.64,151344
YOW,20140602,0.595,0.6,0.57,0.57,143611
YTC,20140602,0.23,0.235,0.225,0.235,235124
ZAM,20140602,0.045,0.045,0.045,0.045,37500
ZEU,20140602,0.013,0.013,0.013,0.013,404000
ZGL,20140602,0.2,0.2,0.2,0.2,50000
ZNZ,20140602,3.5,3.5,3.5,3.5,31706
ZRL,20140602,0.12,0.125,0.12,0.12,19912
XAF,20140602,5596.9,5625.5,5583.7,5620.3,0
XAO,20140602,5473.8,5502.4,5464.2,5499.2,0
XAT,20140602,5450.4,5480,5439.5,5475.8,0
XDJ,20140602,1818.2,1826.5,1817.1,1820.3,0
XEC,20140602,1054.7,1058.2,1052.6,1052.6,0
XEJ,20140602,14531.6,14540.7,14399.9,14493.7,0
XFJ,20140602,6126.6,6180,6126.6,6171,0
XFL,20140602,5662.5,5691.1,5649,5685.8,0
XGD,20140602,2085.3,2086.6,2067.6,2077.8,0
XHJ,20140602,14682,14845.8,14662.9,14821.9,0
XIJ,20140602,808.5,808.5,794.4,802.7,0
XJO,20140602,5492.5,5522.6,5482,5518.5,0
XJR,20140602,4136,4118.3,4075,4116.7,0
XKO,20140602,5432.9,5462.3,5422.7,5458.4,0
XMD,20140602,4585.3,4625.3,4584.6,4622,0
XMJ,20140602,9862.7,9834.5,9723.2,9829,0
XMM,20140602,3194.2,3194.2,3138.8,3177.6,0
XNJ,20140602,4167.8,4202,4161.5,4199,0
XPJ,20140602,1063.2,1072.7,1063.1,1072.3,0
XSJ,20140602,10243.5,10346.1,10243.5,10323.4,0
XSO,20140602,2162.4,2177.3,2161.5,2177.3,0
XTJ,20140602,1860.4,1876.9,1860.2,1876.9,0
XTL,20140602,3468.5,3484.9,3458.6,3480.9,0
XTO,20140602,4567.9,4592.5,4558.6,4588.5,0
XUJ,20140602,5923.1,5963,5917.3,5951.4,0
XXJ,20140602,7238.9,7302.6,7238.9,7289.9,0
