1PG,20141216,0.86,0.99,0.86,0.99,904617
3PL,20141216,2.06,2.11,2.06,2.1,125003
8CO,20141216,0.23,0.23,0.23,0.23,15000
AAA,20141216,50.16,50.17,50.15,50.17,32765
AAC,20141216,1.43,1.43,1.4,1.4,1384280
AAD,20141216,2.69,2.75,2.68,2.7,2456908
AAR,20141216,0.007,0.008,0.007,0.008,115500
AAX,20141216,0.41,0.42,0.405,0.41,94057
ABC,20141216,3.42,3.455,3.41,3.41,1073823
ABP,20141216,2.91,2.95,2.9,2.9,403056
ABU,20141216,0.26,0.26,0.25,0.255,66776
ABV,20141216,0.006,0.006,0.006,0.006,375315
ABW,20141216,1.005,1.03,1.005,1.03,5000
ABX,20141216,0.29,0.31,0.29,0.3,71776
ACG,20141216,0.098,0.098,0.098,0.098,11900
ACL,20141216,0.088,0.09,0.086,0.086,452947
ACO,20141216,1.35,1.39,1.35,1.37,511835
ACQ,20141216,0.73,0.73,0.73,0.73,1000
ACR,20141216,1.12,1.18,1.12,1.175,271604
ACW,20141216,0.04,0.04,0.04,0.04,250000
ACX,20141216,1.685,1.702,1.685,1.7,448078
ADJ,20141216,0.092,0.092,0.089,0.09,256105
ADN,20141216,0.027,0.027,0.026,0.026,227859
ADO,20141216,0.125,0.125,0.12,0.125,869264
ADV,20141216,0.004,0.004,0.004,0.004,469000
ADX,20141216,0.007,0.007,0.006,0.006,1144976
ADY,20141216,0.027,0.027,0.025,0.025,1777000
AEB,20141216,0.071,0.071,0.071,0.071,40000
AEE,20141216,0.029,0.03,0.029,0.03,170000
AFI,20141216,5.9,5.95,5.9,5.91,255481
AFJ,20141216,1.14,1.14,1.105,1.12,257965
AFR,20141216,0.058,0.058,0.058,0.058,100000
AGB,20141216,0.17,0.2,0.17,0.2,123619
AGE,20141216,0.022,0.024,0.022,0.023,4100000
AGF,20141216,0.985,1.03,0.985,1.03,2301713
AGG,20141216,1.95,1.96,1.95,1.96,1200
AGI,20141216,2.14,2.165,2.1,2.1,1492947
AGL,20141216,12.74,12.83,12.66,12.82,1630315
AGO,20141216,0.135,0.155,0.135,0.145,9909797
AGS,20141216,0.074,0.074,0.073,0.074,103105
AHD,20141216,10.85,11.16,10.75,10.93,131569
AHE,20141216,3.56,3.63,3.56,3.57,689808
AHQ,20141216,0.023,0.023,0.023,0.023,106100
AHY,20141216,1.755,1.78,1.73,1.75,1285727
AHZ,20141216,0.11,0.115,0.107,0.11,1084191
AIA,20141216,3.99,4.05,3.98,4.04,56261
AIB,20141216,0.82,0.82,0.82,0.82,1124
AIK,20141216,0.12,0.12,0.12,0.12,227500
AIO,20141216,5.59,5.62,5.52,5.59,2463293
AIZ,20141216,2.33,2.35,2.32,2.32,10646
AJA,20141216,4.66,4.67,4.63,4.63,97647
AJD,20141216,1.18,1.19,1.18,1.19,72616
AJL,20141216,0.69,0.69,0.665,0.685,125628
AJM,20141216,0.059,0.059,0.058,0.059,95000
AJQ,20141216,0.05,0.052,0.048,0.048,709058
AJX,20141216,0.39,0.41,0.36,0.38,4227730
AKG,20141216,1.08,1.08,1.08,1.08,10000
AKK,20141216,0.048,0.049,0.045,0.045,253128
AKM,20141216,0.035,0.035,0.035,0.035,225000
AKP,20141216,9.6,9.61,9.55,9.6,12500
ALA,20141216,0.175,0.18,0.175,0.18,81437
ALF,20141216,1.435,1.45,1.4,1.42,404696
ALK,20141216,0.205,0.22,0.2,0.205,254391
ALL,20141216,6.48,6.53,6.4,6.44,1481953
ALQ,20141216,4.56,4.66,4.5,4.58,1359021
ALR,20141216,1.065,1.065,1.06,1.06,22126
ALT,20141216,0.027,0.027,0.026,0.027,365000
ALU,20141216,3.3,3.3,3.28,3.29,321501
AMA,20141216,0.365,0.37,0.365,0.365,201772
AMC,20141216,13,13.04,12.875,13.02,4908958
AMH,20141216,0.84,0.845,0.84,0.845,26858
AMI,20141216,0.25,0.25,0.235,0.245,2617890
AMM,20141216,2.36,2.36,2.31,2.35,738946
AMP,20141216,5.35,5.38,5.26,5.3,5611097
AMT,20141216,0.057,0.057,0.057,0.057,500
ANG,20141216,0.72,0.76,0.72,0.76,28861
ANI,20141216,2.25,2.29,2.24,2.25,170350
ANN,20141216,21.28,21.42,21.12,21.38,615292
ANO,20141216,0.019,0.019,0.019,0.019,1000000
ANP,20141216,0.092,0.092,0.092,0.092,10000
ANQ,20141216,0.004,0.004,0.004,0.004,1445012
ANW,20141216,0.003,0.003,0.003,0.003,387629
ANZ,20141216,30.7,30.88,30.56,30.74,5883007
AOC,20141216,0.08,0.08,0.08,0.08,7812
AOD,20141216,0.88,0.885,0.88,0.88,46199
AOG,20141216,2,2.01,1.98,2.01,1082481
AOH,20141216,0.235,0.235,0.23,0.235,680740
AOK,20141216,0.115,0.12,0.115,0.12,284629
AON,20141216,0.007,0.007,0.007,0.007,1222589
APA,20141216,7.55,7.74,7.54,7.7,5852161
APD,20141216,0.335,0.335,0.335,0.335,50000
APE,20141216,5.75,5.75,5.72,5.75,17861
APG,20141216,0.014,0.016,0.013,0.016,1140000
API,20141216,0.91,0.95,0.9,0.945,878926
APN,20141216,0.715,0.75,0.71,0.73,1030333
APO,20141216,2.48,2.48,2.44,2.48,664806
APW,20141216,0.12,0.12,0.12,0.12,1618136
APY,20141216,0.005,0.005,0.005,0.005,629113
APZ,20141216,1.29,1.29,1.255,1.26,36735
AQC,20141216,0.005,0.005,0.005,0.005,68088
AQD,20141216,0.007,0.007,0.007,0.007,32948
AQG,20141216,2.48,2.54,2.47,2.53,289530
AQP,20141216,0.25,0.265,0.25,0.265,17598
AQQ,20141216,0.007,0.007,0.007,0.007,380000
AQZ,20141216,0.955,0.955,0.95,0.95,17577
ARA,20141216,0.38,0.38,0.38,0.38,2005
ARD,20141216,0.027,0.028,0.027,0.028,200000
ARE,20141216,0.015,0.015,0.015,0.015,40000
ARF,20141216,1.5,1.53,1.47,1.53,419642
ARG,20141216,7.66,7.7,7.57,7.61,99057
ARI,20141216,0.155,0.165,0.155,0.16,29116940
ARP,20141216,11.03,11.1,10.88,10.99,192810
ARU,20141216,0.044,0.044,0.044,0.044,54779
ARV,20141216,0.002,0.002,0.002,0.002,3505869
ARW,20141216,0.082,0.083,0.081,0.083,8500
ARX,20141216,0.004,0.004,0.004,0.004,180099
ASB,20141216,1.39,1.39,1.35,1.36,203730
ASH,20141216,1.37,1.37,1.295,1.3,129528
ASL,20141216,0.4,0.405,0.38,0.385,639653
AST,20141216,1.33,1.33,1.31,1.32,3023474
ASX,20141216,35.33,35.36,35.02,35.11,543356
ASZ,20141216,0.68,0.695,0.67,0.69,132575
ATC,20141216,0.078,0.078,0.078,0.078,62000
ATP,20141216,0.085,0.085,0.081,0.081,50000
ATU,20141216,1,1.005,1,1.005,4000
AUB,20141216,10.17,10.18,10.05,10.1,11549
AUF,20141216,1.15,1.15,1.15,1.15,3922
AUI,20141216,7.68,7.7,7.68,7.7,9740
AUP,20141216,5.31,5.31,5.31,5.31,5000
AUQ,20141216,0.024,0.024,0.019,0.02,2143922
AUZ,20141216,0.005,0.005,0.005,0.005,350000
AVB,20141216,0.069,0.069,0.066,0.067,755713
AVD,20141216,0.125,0.125,0.125,0.125,17500
AVG,20141216,0.4,0.4,0.39,0.4,138929
AVH,20141216,0.078,0.079,0.078,0.079,47419
AVQ,20141216,0.014,0.015,0.014,0.015,17902146
AVX,20141216,0.014,0.014,0.014,0.014,25000
AVZ,20141216,0.005,0.005,0.005,0.005,501000
AWC,20141216,1.64,1.647,1.625,1.635,18477753
AWD,20141216,0.004,0.004,0.004,0.004,74984
AWE,20141216,1.12,1.157,1.08,1.14,2631840
AWN,20141216,0.93,0.93,0.915,0.915,30500
AWO,20141216,0.007,0.007,0.006,0.006,250000
AWV,20141216,0.03,0.032,0.03,0.032,300000
AXE,20141216,0.13,0.13,0.125,0.125,30000
AXI,20141216,0.058,0.058,0.058,0.058,50000
AXZ,20141216,0.75,0.75,0.75,0.75,500
AYA,20141216,0.26,0.26,0.25,0.25,30000
AYR,20141216,0.009,0.009,0.009,0.009,77499
AZJ,20141216,4.44,4.45,4.37,4.4,6270605
AZK,20141216,0.02,0.02,0.02,0.02,350000
AZS,20141216,0.021,0.021,0.02,0.021,203602
AZV,20141216,0.3,0.3,0.3,0.3,48000
AZZ,20141216,0.21,0.21,0.185,0.21,893766
BAF,20141216,0.95,0.95,0.95,0.95,43034
BAL,20141216,1.57,1.6,1.545,1.58,173484
BAP,20141216,2.3,2.35,2.3,2.3,317884
BAU,20141216,0.096,0.097,0.096,0.097,70055
BBG,20141216,0.68,0.68,0.665,0.68,1134150
BBR,20141216,0.195,0.195,0.19,0.19,11031
BCI,20141216,0.355,0.37,0.355,0.36,2036293
BCT,20141216,0.06,0.064,0.059,0.059,67287
BDI,20141216,0.001,0.001,0.001,0.001,8383685
BDR,20141216,0.19,0.21,0.185,0.205,3716074
BEAR,20141216,18.77,18.83,18.72,18.82,50329
BEL,20141216,0.145,0.145,0.145,0.145,35000
BEN,20141216,12.29,12.29,12.2,12.22,972968
BFG,20141216,0.42,0.42,0.42,0.42,10993
BGA,20141216,4.78,4.79,4.73,4.77,315253
BGL,20141216,0.725,0.75,0.725,0.725,111467
BGS,20141216,0.011,0.011,0.009,0.009,2691785
BHP,20141216,27.53,27.63,27.29,27.42,12587657
BIT,20141216,0.105,0.105,0.099,0.1,346350
BKI,20141216,1.55,1.575,1.55,1.575,253624
BKL,20141216,32.6,33,32.6,33,2239
BKM,20141216,0.001,0.001,0.001,0.001,12500
BKN,20141216,4.38,4.48,4.26,4.4,754919
BKP,20141216,0.001,0.001,0.001,0.001,100000
BKW,20141216,11.9,11.95,11.77,11.91,42487
BKY,20141216,0.285,0.3,0.285,0.3,32400
BLD,20141216,5.01,5.07,4.96,4.98,1971374
BLG,20141216,0.1,0.1,0.098,0.098,10000
BLK,20141216,0.046,0.046,0.045,0.045,243000
BLR,20141216,0.004,0.004,0.004,0.004,250000
BLT,20141216,0.89,0.99,0.89,0.915,584369
BLX,20141216,1.175,1.175,1.175,1.175,816944
BLY,20141216,0.175,0.18,0.165,0.18,316449
BLZ,20141216,0.001,0.001,0.001,0.001,589710
BMB,20141216,0.041,0.042,0.041,0.042,160500
BML,20141216,0.014,0.014,0.011,0.012,4629974
BMN,20141216,0.073,0.08,0.073,0.08,87733
BNE,20141216,0.004,0.004,0.004,0.004,347000
BNO,20141216,0.43,0.435,0.43,0.435,123599
BOA,20141216,0.11,0.11,0.105,0.105,119679
BOC,20141216,0.255,0.255,0.25,0.25,22923
BOE,20141216,0.014,0.014,0.011,0.011,1098500
BOK,20141216,0.275,0.275,0.275,0.275,6667
BOL,20141216,0.14,0.14,0.13,0.14,473520
BOQ,20141216,11.7,11.77,11.67,11.7,1436664
BPF,20141216,0.265,0.29,0.26,0.26,571203
BPS,20141216,0.78,0.78,0.78,0.78,19514
BPT,20141216,0.89,0.915,0.88,0.91,5177160
BRG,20141216,6.15,6.33,6.15,6.3,280247
BRL,20141216,0.018,0.018,0.017,0.018,1180679
BRU,20141216,0.39,0.4,0.375,0.395,350233
BSA,20141216,0.135,0.135,0.13,0.135,636612
BSE,20141216,0.165,0.165,0.165,0.165,50000
BSL,20141216,5.04,5.1,5,5.04,2964031
BSM,20141216,0.003,0.003,0.003,0.003,240314
BSP,20141216,0.002,0.002,0.002,0.002,380000
BSR,20141216,0.012,0.012,0.012,0.012,3087164
BST,20141216,0.84,0.84,0.81,0.81,30000
BTI,20141216,0.86,0.86,0.86,0.86,2511
BTT,20141216,6.53,6.59,6.47,6.55,120356
BUG,20141216,0.65,0.65,0.65,0.65,2416
BUL,20141216,0.03,0.03,0.03,0.03,142000
BUR,20141216,0.005,0.005,0.005,0.005,85647
BUX,20141216,0.084,0.09,0.084,0.09,88819
BUY,20141216,0.012,0.012,0.012,0.012,674403
BWF,20141216,0.315,0.315,0.315,0.315,2400
BWP,20141216,2.66,2.71,2.65,2.7,1923009
BXB,20141216,10.08,10.1,9.97,10.07,3058350
BXN,20141216,0.015,0.015,0.014,0.014,900000
BYE,20141216,0.5,0.5,0.465,0.465,40000
BYL,20141216,0.37,0.38,0.365,0.38,136770
BYR,20141216,0.016,0.016,0.016,0.016,600000
CAA,20141216,0.11,0.11,0.105,0.105,180900
CAB,20141216,4.18,4.26,4.01,4.24,353620
CAD,20141216,0.01,0.01,0.009,0.01,800000
CAF,20141216,0.5,0.5,0.495,0.495,153464
CAJ,20141216,0.77,0.79,0.735,0.77,2478783
CAM,20141216,0.91,0.91,0.9,0.9,99268
CAS,20141216,0.2,0.2,0.2,0.2,38800
CAV,20141216,0.015,0.016,0.014,0.016,526333
CAY,20141216,0.04,0.045,0.04,0.045,180000
CBA,20141216,80.93,81.34,80.86,80.95,3434159
CCL,20141216,8.86,8.98,8.83,8.88,1545739
CCP,20141216,8.8,9.035,8.7,8.76,241747
CCV,20141216,0.935,0.935,0.905,0.93,107329
CDA,20141216,0.77,0.77,0.765,0.77,57024
CDD,20141216,2.96,3.2,2.96,3.05,575342
CDG,20141216,0.04,0.04,0.04,0.04,10000
CDM,20141216,1.385,1.4,1.38,1.395,177000
CDP,20141216,6.59,6.59,6.59,6.59,255
CDU,20141216,1.34,1.36,1.31,1.35,223702
CDY,20141216,0.028,0.028,0.027,0.027,472715
CEL,20141216,0.053,0.053,0.05,0.05,63006
CES,20141216,0.006,0.006,0.006,0.006,100000
CFE,20141216,0.083,0.088,0.083,0.084,681050
CFU,20141216,0.007,0.007,0.006,0.006,185718
CGF,20141216,5.98,6.08,5.85,5.9,3442458
CGN,20141216,0.11,0.11,0.11,0.11,11811
CGO,20141216,0.625,0.625,0.625,0.625,6000
CGU,20141216,0.028,0.028,0.028,0.028,291000
CHC,20141216,4.65,4.8,4.65,4.79,839216
CHK,20141216,0.02,0.02,0.02,0.02,225830
CHN,20141216,0.1,0.1,0.1,0.1,167555
CHP,20141216,0.012,0.012,0.012,0.012,250000
CHZ,20141216,0.026,0.027,0.025,0.026,2520051
CIA,20141216,0.15,0.15,0.14,0.15,655433
CIN,20141216,27.25,27.7,27.15,27.7,1825
CIR,20141216,0.16,0.16,0.16,0.16,2714
CIW,20141216,0.69,0.69,0.69,0.69,1480
CJC,20141216,0.001,0.001,0.001,0.001,138116
CJT,20141216,0.014,0.014,0.014,0.014,100000
CKA,20141216,0.085,0.085,0.085,0.085,56000
CKF,20141216,2.15,2.2,2.14,2.2,48841
CKL,20141216,0.65,0.66,0.65,0.66,37500
CL8,20141216,0.014,0.016,0.014,0.016,1051099
CLH,20141216,1.82,1.915,1.82,1.915,382160
CLQ,20141216,0.059,0.063,0.059,0.063,330588
CLV,20141216,0.3,0.31,0.295,0.31,15236
CLX,20141216,1.485,1.485,1.41,1.41,11904
CMA,20141216,2.08,2.08,2.06,2.06,201030
CMG,20141216,0.305,0.305,0.3,0.3,312040
CMI,20141216,1.26,1.295,1.26,1.295,10000
CMP,20141216,0.087,0.087,0.087,0.087,99209
CMW,20141216,1.02,1.035,1.012,1.035,2889248
CMY,20141216,0.004,0.004,0.004,0.004,450000
CND,20141216,0.255,0.255,0.255,0.255,5000
CNI,20141216,0.945,0.95,0.94,0.95,23569
CNN,20141216,0.002,0.002,0.002,0.002,20416667
CNQ,20141216,0.14,0.14,0.135,0.14,390950
CNU,20141216,2.51,2.56,2.51,2.53,1193214
CNX,20141216,0.034,0.034,0.03,0.031,308696
COE,20141216,0.315,0.325,0.315,0.325,99154
COF,20141216,0.275,0.275,0.265,0.265,60000
COH,20141216,72.27,72.59,71.33,72.2,192853
COI,20141216,0.11,0.11,0.11,0.11,52500
COM,20141216,0.024,0.024,0.024,0.024,142342
COY,20141216,0.006,0.006,0.006,0.006,573480
CPL,20141216,0.012,0.012,0.011,0.012,287783
CPU,20141216,11.03,11.19,11,11.17,1348427
CQR,20141216,4.05,4.14,4.05,4.14,1023472
CRB,20141216,0.03,0.03,0.03,0.03,43550
CRH,20141216,0.5,0.5,0.495,0.5,709016
CRZ,20141216,10.05,10.12,10.005,10.04,869959
CSD,20141216,0.04,0.04,0.04,0.04,49025
CSL,20141216,85.13,86.07,84.75,85.35,1107364
CSP,20141216,0.071,0.071,0.071,0.071,22463
CSR,20141216,3.48,3.49,3.42,3.49,1742879
CSS,20141216,0.067,0.067,0.062,0.066,4508895
CSV,20141216,1.155,1.17,1.145,1.15,521310
CTD,20141216,9.59,9.66,9.4,9.47,224812
CTN,20141216,1.015,1.03,1.01,1.01,278948
CTO,20141216,0.014,0.014,0.013,0.014,985599
CTP,20141216,0.1,0.1,0.095,0.099,602843
CTT,20141216,0.004,0.004,0.004,0.004,10000
CTX,20141216,32.42,32.71,31.76,32.3,1002043
CUE,20141216,0.074,0.075,0.074,0.075,57500
CUP,20141216,1.15,1.15,1.15,1.15,3780
CUV,20141216,4.12,4.35,4.12,4.12,25431
CUX,20141216,0.007,0.007,0.007,0.007,126000
CVG,20141216,0.012,0.012,0.011,0.011,201571
CVN,20141216,0.125,0.13,0.125,0.13,1056812
CVO,20141216,1.91,1.965,1.91,1.95,1685918
CVT,20141216,0.24,0.25,0.235,0.24,1292408
CVV,20141216,0.008,0.008,0.008,0.008,65000
CVW,20141216,0.84,0.85,0.835,0.85,304220
CWE,20141216,0.058,0.058,0.055,0.057,1719920
CWG,20141216,0.17,0.17,0.17,0.17,11764
CWN,20141216,12.63,12.86,12.56,12.63,2241874
CWP,20141216,5.77,5.81,5.66,5.72,127945
CXM,20141216,0.076,0.08,0.076,0.08,60000
CXO,20141216,0.05,0.05,0.05,0.05,70000
CXU,20141216,0.15,0.15,0.145,0.145,94560
CXX,20141216,0.155,0.17,0.155,0.17,62822
CXZ,20141216,0.175,0.175,0.175,0.175,46200
CYA,20141216,0.855,0.855,0.855,0.855,4000
CYL,20141216,0.18,0.18,0.18,0.18,9174
CZI,20141216,0.12,0.125,0.11,0.115,1069400
CZZ,20141216,7.1,7.15,7,7,2906
DCC,20141216,0.16,0.16,0.145,0.145,76293
DCG,20141216,1.32,1.33,1.3,1.315,85002
DDD,20141216,0.005,0.005,0.005,0.005,1000000
DDR,20141216,1.6,1.6,1.6,1.6,10000
DDT,20141216,0.025,0.025,0.025,0.025,200000
DGA,20141216,1.07,1.07,1.07,1.07,1400
DJW,20141216,4.58,4.59,4.52,4.53,28113
DKM,20141216,0.33,0.33,0.28,0.28,436704
DLC,20141216,0.004,0.004,0.004,0.004,24000
DLS,20141216,0.665,0.72,0.66,0.69,1964995
DLX,20141216,5.67,5.795,5.64,5.77,1227965
DML,20141216,0.018,0.019,0.017,0.017,982000
DMP,20141216,23.8,24.51,23.73,24.46,285886
DNA,20141216,0.68,0.735,0.63,0.72,2070031
DOW,20141216,4.15,4.15,4.04,4.07,1422180
DRA,20141216,0.093,0.093,0.092,0.092,21000
DRM,20141216,0.34,0.35,0.34,0.345,92314
DRX,20141216,0.012,0.012,0.012,0.012,10000
DSH,20141216,2.05,2.09,2.05,2.05,527891
DSX,20141216,0.13,0.13,0.13,0.13,78647
DTL,20141216,0.68,0.68,0.66,0.66,56000
DTM,20141216,0.031,0.031,0.03,0.03,326667
DUE,20141216,2.41,2.43,2.41,2.42,2757344
DUI,20141216,3.29,3.33,3.27,3.3,55292
DUO,20141216,0.007,0.008,0.006,0.007,10563234
DVL,20141216,0.375,0.38,0.375,0.38,3320674
DVN,20141216,0.925,0.93,0.915,0.92,218524
DWS,20141216,1.04,1.04,1.035,1.04,30009
DXS,20141216,6.99,7.11,6.99,7.05,2361137
DYE,20141216,0.21,0.21,0.21,0.21,54000
DYL,20141216,0.014,0.014,0.014,0.014,946966
E88,20141216,0.079,0.079,0.077,0.078,522768
EAF,20141216,0.003,0.003,0.003,0.003,400
EAL,20141216,0.39,0.4,0.39,0.4,25000
EAR,20141216,0.11,0.11,0.1,0.11,102000
EBT,20141216,3.82,3.82,3.65,3.77,14060
ECG,20141216,0.225,0.225,0.22,0.22,84000
EDE,20141216,0.011,0.011,0.011,0.011,160000
EEG,20141216,0.077,0.078,0.077,0.077,73088
EER,20141216,0.017,0.017,0.017,0.017,10000
EEU,20141216,14.93,14.94,14.92,14.92,2737
EGG,20141216,0.88,0.88,0.85,0.85,102450
EGH,20141216,0.27,0.27,0.27,0.27,1850000
EGI,20141216,1.08,1.1,1.065,1.1,104422
EGO,20141216,0.006,0.006,0.006,0.006,1095814
EGP,20141216,3.7,3.7,3.62,3.69,3001828
EHE,20141216,4.6,4.62,4.55,4.55,451640
EHL,20141216,0.155,0.17,0.155,0.16,1013268
ELD,20141216,0.21,0.215,0.205,0.21,3469469
ELM,20141216,0.2,0.2,0.2,0.2,54140
ELT,20141216,0.006,0.006,0.006,0.006,800000
EML,20141216,0.535,0.55,0.525,0.525,115998
EMR,20141216,0.02,0.021,0.02,0.021,195926
EMU,20141216,0.032,0.032,0.032,0.032,45964
EMX,20141216,0.027,0.028,0.025,0.025,7000000
ENB,20141216,0.016,0.016,0.013,0.013,171000
ENE,20141216,5.31,5.37,5.27,5.29,126186
ENN,20141216,1.45,1.46,1.45,1.46,140000
ENT,20141216,0.037,0.038,0.036,0.038,167400
ENU,20141216,0.033,0.033,0.033,0.033,20000
EPD,20141216,0.625,0.63,0.58,0.6,351557
EPM,20141216,0.003,0.003,0.003,0.003,200000
EPW,20141216,1.95,2.04,1.945,2.02,194852
EPX,20141216,1.76,1.77,1.74,1.74,63245
EQE,20141216,0.011,0.011,0.01,0.01,518647
EQT,20141216,19.1,19.44,18.95,18.95,4680
ERA,20141216,1.24,1.24,1.2,1.215,221619
ERL,20141216,0.003,0.003,0.003,0.003,20000
ESI,20141216,0.01,0.01,0.009,0.009,2175128
ESV,20141216,0.6,0.6,0.6,0.6,10000
ETE,20141216,0.024,0.026,0.024,0.024,422160
ETF,20141216,19.7,19.7,19.7,19.7,400
EVN,20141216,0.525,0.56,0.52,0.555,2583344
EVO,20141216,0.98,0.985,0.98,0.985,472500
EVR,20141216,0.43,0.43,0.43,0.43,24464
EWC,20141216,0.29,0.315,0.29,0.29,279096
EXE,20141216,0.029,0.03,0.029,0.03,235000
EXG,20141216,0.062,0.065,0.062,0.065,165000
EXM,20141216,0.006,0.006,0.006,0.006,50000
EXR,20141216,0.002,0.002,0.002,0.002,2589998
EXU,20141216,0.003,0.003,0.003,0.003,261459
EYM,20141216,0.005,0.005,0.005,0.005,647010
EZL,20141216,1,1,0.97,0.97,16005
FAR,20141216,0.061,0.065,0.061,0.065,10042090
FBU,20141216,7.57,7.6,7.44,7.48,725528
FDC,20141216,2.7,2.75,2.69,2.73,4279513
FET,20141216,1.96,1.97,1.95,1.965,109520
FFF,20141216,0.011,0.012,0.011,0.012,85001
FGX,20141216,1.025,1.03,1.02,1.02,118775
FIE,20141216,0.02,0.02,0.02,0.02,160000
FLK,20141216,0.215,0.22,0.215,0.22,200000
FLN,20141216,0.53,0.54,0.525,0.53,17502
FLT,20141216,36.72,36.94,36.54,36.63,456146
FMG,20141216,2.42,2.495,2.38,2.39,26782866
FML,20141216,0.01,0.01,0.009,0.01,2971954
FMS,20141216,0.012,0.012,0.012,0.012,10000
FND,20141216,0.14,0.14,0.14,0.14,60280
FNP,20141216,3.25,3.29,3.2,3.2,17767
FNT,20141216,0.007,0.007,0.007,0.007,920000
FOY,20141216,0.002,0.002,0.002,0.002,162000
FPH,20141216,5.73,5.83,5.72,5.82,53207
FRI,20141216,1.295,1.305,1.29,1.295,41472
FRM,20141216,0.19,0.19,0.19,0.19,5000
FSA,20141216,1.11,1.15,1.08,1.12,416514
FSE,20141216,0.005,0.005,0.005,0.005,735883
FSF,20141216,5.69,5.8,5.65,5.7,7413
FST,20141216,3.2,3.2,3.2,3.2,1213
FTZ,20141216,0.3,0.3,0.29,0.29,22803
FUN,20141216,0.049,0.05,0.049,0.05,20000
FWD,20141216,1.155,1.19,1.155,1.175,20260
FXJ,20141216,0.77,0.775,0.755,0.76,5674322
FXL,20141216,2.84,2.88,2.84,2.84,475857
FXR,20141216,0.005,0.005,0.004,0.004,1046000
GAL,20141216,0.007,0.007,0.007,0.007,1942
GAP,20141216,0.225,0.225,0.225,0.225,199066
GBG,20141216,0.019,0.019,0.019,0.019,415151
GBP,20141216,0.046,0.046,0.046,0.046,20000
GBT,20141216,3.68,3.75,3.67,3.69,73510
GBX,20141216,0.002,0.002,0.002,0.002,998995
GCN,20141216,0.005,0.005,0.005,0.005,98500
GCS,20141216,0.47,0.47,0.47,0.47,12188
GCY,20141216,0.091,0.091,0.09,0.09,30000
GDI,20141216,0.87,0.87,0.86,0.865,658263
GDY,20141216,0.039,0.04,0.039,0.04,189166
GEG,20141216,1.15,1.18,1.13,1.18,144685
GEM,20141216,4.27,4.33,4.22,4.3,1938342
GER,20141216,0.07,0.07,0.07,0.07,96885
GFF,20141216,0.63,0.63,0.62,0.62,3065573
GFL,20141216,1.5,1.5,1.5,1.5,1333
GFY,20141216,2.93,2.94,2.9,2.9,79910
GGE,20141216,0.007,0.007,0.006,0.006,221072
GGG,20141216,0.087,0.087,0.079,0.079,271603
GGX,20141216,0.014,0.014,0.014,0.014,150000
GHC,20141216,1.5,1.5,1.5,1.5,7325
GID,20141216,0.25,0.255,0.25,0.25,674481
GIP,20141216,0.002,0.002,0.002,0.002,500000
GJT,20141216,1.63,1.7,1.63,1.66,194003
GLB,20141216,0.73,0.73,0.7,0.7,68350
GLH,20141216,0.265,0.275,0.265,0.275,9640
GLN,20141216,0.002,0.002,0.002,0.002,3830124
GMA,20141216,3.39,3.42,3.33,3.36,957310
GME,20141216,0.025,0.025,0.025,0.025,22604
GMF,20141216,1.93,1.945,1.925,1.935,183002
GMG,20141216,5.7,5.81,5.69,5.81,3506949
GMR,20141216,0.005,0.005,0.005,0.005,1600000
GMX,20141216,0.021,0.021,0.02,0.02,395000
GMY,20141216,1,1,1,1,22303
GNC,20141216,7.9,7.98,7.9,7.95,473702
GNE,20141216,1.96,1.98,1.96,1.97,22143
GNG,20141216,0.67,0.67,0.665,0.665,13908
GOLD,20141216,139.22,139.78,139,139.33,3917
GOR,20141216,0.23,0.25,0.23,0.25,517499
GOW,20141216,2.85,2.85,2.85,2.85,1000
GOZ,20141216,2.77,2.8,2.75,2.8,261002
GPR,20141216,0.045,0.045,0.044,0.044,184801
GPT,20141216,4.18,4.31,4.17,4.31,7009970
GRB,20141216,0.15,0.15,0.145,0.145,135000
GRF,20141216,1.49,1.51,1.49,1.51,67548
GRR,20141216,0.09,0.092,0.088,0.09,591361
GRV,20141216,0.055,0.055,0.05,0.05,200000
GRY,20141216,0.053,0.053,0.053,0.053,981160
GSE,20141216,0.002,0.002,0.002,0.002,1735613
GTG,20141216,0.013,0.016,0.012,0.015,506885
GUD,20141216,6.77,6.96,6.76,6.95,186504
GUF,20141216,0.038,0.039,0.038,0.039,414339
GVF,20141216,1.05,1.05,1.04,1.04,26870
GWA,20141216,2.83,2.88,2.79,2.81,522610
GXL,20141216,7.29,7.46,7.29,7.4,321645
GXY,20141216,0.027,0.027,0.025,0.026,1056538
HAV,20141216,0.095,0.099,0.095,0.099,37234
HCH,20141216,0.145,0.145,0.135,0.135,105506
HFA,20141216,1.5,1.5,1.49,1.5,41847
HFR,20141216,0.53,0.55,0.53,0.55,43000
HGG,20141216,3.83,3.83,3.755,3.78,2259449
HGO,20141216,0.44,0.445,0.43,0.445,9894
HHL,20141216,1.67,1.67,1.65,1.65,38960
HHV,20141216,1.175,1.18,1.15,1.15,408936
HIL,20141216,1.04,1.055,1.025,1.05,230409
HLO,20141216,0.36,0.36,0.31,0.34,135573
HLX,20141216,0.026,0.027,0.026,0.027,494375
HNG,20141216,0.35,0.35,0.35,0.35,9000
HNR,20141216,0.003,0.003,0.003,0.003,2090000
HOG,20141216,0.003,0.003,0.003,0.003,36800
HOM,20141216,0.58,0.58,0.58,0.58,10000
HOR,20141216,0.02,0.021,0.02,0.021,560000
HPI,20141216,2.5,2.53,2.5,2.5,81946
HPR,20141216,0.135,0.135,0.135,0.135,140000
HRL,20141216,0.006,0.006,0.006,0.006,100000
HRR,20141216,0.13,0.13,0.125,0.13,123500
HSK,20141216,0.1,0.1,0.1,0.1,29900
HSN,20141216,1.65,1.65,1.61,1.62,78507
HSO,20141216,2.55,2.58,2.52,2.58,5821908
HUB,20141216,0.88,0.89,0.88,0.88,27165
HUO,20141216,4.8,4.85,4.78,4.78,13237
HVN,20141216,3.29,3.29,3.22,3.24,2082753
HZN,20141216,0.145,0.15,0.135,0.135,2377170
IAA,20141216,56.4,56.6,55.9,56.23,6479
IAF,20141216,106.34,106.4,106.31,106.4,2352
IAG,20141216,6.24,6.24,6.1,6.12,4860065
IAU,20141216,0.135,0.145,0.13,0.14,1356355
IBC,20141216,0.53,0.53,0.53,0.53,13564
IBG,20141216,0.07,0.07,0.07,0.07,100000
IBK,20141216,41.5,41.69,41.38,41.41,4700
ICG,20141216,0.013,0.014,0.012,0.014,985280
ICN,20141216,0.105,0.105,0.1,0.1,297727
ICQ,20141216,0.965,0.965,0.94,0.94,37064
ICS,20141216,1.05,1.05,1.03,1.03,18153
ICT,20141216,0.135,0.135,0.13,0.135,64000
ICU,20141216,0.225,0.225,0.2,0.2,18112
ICX,20141216,0.021,0.025,0.021,0.025,300001
IDC,20141216,0.009,0.011,0.009,0.011,3436904
IDO,20141216,0.022,0.022,0.022,0.022,25000
IDR,20141216,2.01,2.03,2,2.03,129423
IDT,20141216,0.17,0.18,0.16,0.18,15726
IDZ,20141216,0.47,0.47,0.465,0.465,25000
IEM,20141216,46.7,46.7,46.19,46.2,57777
IEU,20141216,51.49,51.49,50.84,50.92,14059
IFL,20141216,8.51,8.55,8.46,8.49,896510
IFM,20141216,1.125,1.21,1.125,1.2,1520273
IFN,20141216,0.255,0.26,0.24,0.255,187618
IGB,20141216,105.8,105.85,105.52,105.85,1292
IGO,20141216,3.99,3.99,3.82,3.91,1459217
IHD,20141216,14.08,14.08,13.99,13.99,29775
IHK,20141216,25.16,25.16,24.98,24.98,10946
IIN,20141216,7.56,7.7,7.01,7.56,977059
IJH,20141216,170.22,170.74,170,170.58,1214
IJP,20141216,13.68,13.73,13.55,13.65,19677
IJR,20141216,132.81,132.81,132.4,132.53,1325
IKW,20141216,0.007,0.007,0.007,0.007,300000
ILB,20141216,112.5,112.5,112.02,112.02,1365
ILC,20141216,23.67,23.67,23.48,23.51,27232
ILU,20141216,5.84,6.1,5.69,5.7,2613382
IMA,20141216,0.086,0.089,0.086,0.089,12000
IMC,20141216,0.2,0.21,0.2,0.21,8952
IMD,20141216,0.375,0.375,0.345,0.345,399204
IMF,20141216,2.06,2.075,2.05,2.05,214796
IMU,20141216,0.01,0.01,0.01,0.01,1513000
INA,20141216,0.435,0.435,0.425,0.425,1095425
INT,20141216,0.017,0.017,0.017,0.017,200000
IOF,20141216,3.58,3.68,3.58,3.63,1477714
IOO,20141216,91.09,91.68,91,91.43,22504
IOZ,20141216,22.49,22.49,22.37,22.38,41726
IPB,20141216,0.021,0.021,0.021,0.021,386600
IPD,20141216,0.745,0.78,0.74,0.77,95544
IPE,20141216,0.31,0.31,0.3,0.3,9000
IPH,20141216,3.39,3.44,3.37,3.4,471657
IPL,20141216,2.91,2.96,2.89,2.96,3789569
IPP,20141216,2.41,2.42,2.32,2.36,135326
IPT,20141216,0.017,0.017,0.017,0.017,70000
IQE,20141216,2.36,2.36,2.36,2.36,244
IRE,20141216,9.82,9.84,9.73,9.8,337121
IRI,20141216,0.94,0.97,0.93,0.94,57545
IRL,20141216,0.005,0.005,0.005,0.005,100000
IRM,20141216,0.015,0.015,0.015,0.015,40000
IRN,20141216,0.285,0.285,0.27,0.275,12160817
IRU,20141216,138.5,139.24,138.5,138.83,1616
ISD,20141216,2.78,2.82,2.76,2.8,265908
ISG,20141216,15.89,15.89,15.72,15.74,1186
ISO,20141216,3.5,3.51,3.48,3.48,11386
ISU,20141216,1.12,1.12,1.08,1.1,650841
ITW,20141216,17.9,17.9,17.9,17.9,7
IVC,20141216,11.71,11.965,11.68,11.83,350194
IVE,20141216,73.5,73.64,73.18,73.58,76513
IVR,20141216,0.013,0.014,0.012,0.012,171927
IVV,20141216,245.44,245.89,244.53,245.13,21859
IVX,20141216,0.051,0.051,0.05,0.05,489523
IXI,20141216,108.26,108.26,107.75,107.96,3646
IXJ,20141216,122.33,122.79,121.56,121.89,33590
IXP,20141216,73.64,73.66,73.64,73.66,276
IZZ,20141216,48.27,48.47,47.97,48,6095
JAL,20141216,0.075,0.079,0.075,0.079,35149
JBH,20141216,15.07,15.24,15.07,15.2,665745
JHC,20141216,1.92,1.92,1.84,1.87,2009212
JHX,20141216,12.32,12.52,12.17,12.48,1403868
JIN,20141216,0.995,0.995,0.96,0.96,47263
JKA,20141216,0.026,0.026,0.026,0.026,147500
JPR,20141216,0.4,0.4,0.4,0.4,1500
JRV,20141216,0.065,0.065,0.065,0.065,300
JVG,20141216,0.001,0.001,0.001,0.001,1150450
JYC,20141216,0.45,0.45,0.45,0.45,14989
KAM,20141216,0.495,0.495,0.495,0.495,8020
KAR,20141216,2.3,2.32,2.23,2.25,1103230
KAS,20141216,0.055,0.055,0.055,0.055,10439
KBC,20141216,0.175,0.175,0.175,0.175,108950
KBL,20141216,0.028,0.028,0.025,0.025,102629
KCN,20141216,0.655,0.655,0.64,0.655,1514809
KDL,20141216,0.095,0.096,0.095,0.095,65400
KEY,20141216,0.006,0.006,0.006,0.006,1264705
KFE,20141216,0.029,0.029,0.029,0.029,72000
KGD,20141216,0.042,0.042,0.042,0.042,20000
KGL,20141216,0.165,0.165,0.14,0.155,63307
KIN,20141216,0.13,0.14,0.13,0.14,35000
KKL,20141216,0.006,0.007,0.006,0.007,530492
KKT,20141216,0.11,0.11,0.11,0.11,5400
KMD,20141216,2.67,2.71,2.59,2.63,929092
KME,20141216,0.295,0.295,0.29,0.295,10500
KNL,20141216,0.12,0.125,0.115,0.12,618258
KOV,20141216,4.9,4.9,4.85,4.85,8000
KPC,20141216,0.26,0.265,0.26,0.26,105377
KPL,20141216,0.315,0.315,0.315,0.315,73000
KRB,20141216,0.068,0.073,0.068,0.073,179889
KRC,20141216,0.023,0.023,0.023,0.023,76545
KRM,20141216,0.23,0.23,0.23,0.23,4570
KSC,20141216,1.3,1.3,1.3,1.3,3618
KSN,20141216,0.018,0.02,0.018,0.02,1050000
LAU,20141216,0.375,0.38,0.375,0.38,27504
LBT,20141216,0.11,0.11,0.11,0.11,80000
LBY,20141216,0.015,0.015,0.015,0.015,130000
LCD,20141216,0.007,0.007,0.007,0.007,15000
LCM,20141216,0.595,0.595,0.57,0.59,426571
LCR,20141216,0.002,0.002,0.002,0.002,2597480
LEI,20141216,21.57,21.57,20.82,20.95,700617
LEP,20141216,3.28,3.28,3.23,3.26,64070
LGD,20141216,0.235,0.235,0.23,0.23,154242
LHC,20141216,2.09,2.1,2.06,2.06,44815
LIC,20141216,1.915,1.915,1.67,1.765,454289
LIN,20141216,0.005,0.005,0.005,0.005,96302
LKO,20141216,0.003,0.003,0.003,0.003,4437500
LLC,20141216,15.9,15.94,15.77,15.81,1878767
LMB,20141216,0.195,0.205,0.18,0.19,381595
LMG,20141216,0.013,0.013,0.013,0.013,54749
LML,20141216,0.051,0.051,0.051,0.051,20000
LMR,20141216,0.038,0.038,0.038,0.038,100000
LMW,20141216,0.5,0.5,0.5,0.5,3600
LNG,20141216,2.02,2.1,1.95,1.98,4331146
LNR,20141216,0.195,0.22,0.195,0.21,365862
LOM,20141216,0.26,0.26,0.23,0.26,598362
LRS,20141216,0.016,0.017,0.016,0.017,344402
LSA,20141216,0.023,0.023,0.022,0.022,166024
LSR,20141216,0.01,0.01,0.01,0.01,195000
LTN,20141216,0.08,0.08,0.08,0.08,27367
LTR,20141216,0.006,0.006,0.006,0.006,15000
LYC,20141216,0.047,0.049,0.045,0.049,14423999
MAD,20141216,0.12,0.135,0.115,0.135,2638436
MAH,20141216,0.07,0.07,0.069,0.069,605789
MAK,20141216,0.065,0.065,0.065,0.065,104250
MAQ,20141216,5,5,5,5,4000
MAR,20141216,0.007,0.007,0.006,0.006,4386871
MBE,20141216,0.155,0.155,0.14,0.14,1544354
MBK,20141216,0.005,0.005,0.005,0.005,10000
MBN,20141216,0.03,0.03,0.029,0.029,517263
MBT,20141216,0.008,0.008,0.008,0.008,780
MCE,20141216,0.7,0.7,0.695,0.695,7785
MCP,20141216,1.14,1.14,1.125,1.14,15817
MCR,20141216,0.57,0.58,0.56,0.58,214866
MCS,20141216,0.2,0.2,0.185,0.2,1420829
MDL,20141216,0.72,0.73,0.72,0.72,23716
MEB,20141216,0.003,0.003,0.002,0.002,11042229
MED,20141216,0.073,0.073,0.066,0.066,130500
MEO,20141216,0.02,0.025,0.02,0.02,1947249
MEP,20141216,0.14,0.14,0.135,0.14,202753
MEU,20141216,0.009,0.009,0.009,0.009,300000
MEY,20141216,0.24,0.24,0.24,0.24,3128
MFF,20141216,1.695,1.707,1.685,1.685,172500
MFG,20141216,15.81,16.08,15.67,16,472150
MGL,20141216,0.023,0.023,0.021,0.021,68433
MGR,20141216,1.795,1.81,1.79,1.795,8449844
MGX,20141216,0.21,0.22,0.205,0.21,7127410
MGZ,20141216,0.03,0.03,0.03,0.03,37533
MHI,20141216,0.2,0.2,0.2,0.2,4519
MHM,20141216,0.015,0.015,0.015,0.015,20000
MIG,20141216,0.52,0.55,0.51,0.515,149000
MIN,20141216,6.65,6.75,6.61,6.68,1041064
MIR,20141216,2.53,2.55,2.5,2.51,19728
MIZ,20141216,0.004,0.004,0.003,0.003,1499000
MKB,20141216,0.15,0.15,0.145,0.15,816749
MKO,20141216,0.031,0.031,0.031,0.031,410000
MLB,20141216,1.36,1.36,1.36,1.36,35000
MLD,20141216,0.86,0.86,0.78,0.78,989462
MLM,20141216,0.052,0.052,0.05,0.05,69861
MLT,20141216,4.2,4.28,4.2,4.24,145652
MLX,20141216,0.63,0.645,0.63,0.63,377967
MMC,20141216,0.006,0.006,0.005,0.005,760000
MMI,20141216,0.024,0.024,0.024,0.024,92293
MML,20141216,0.66,0.73,0.655,0.715,3358381
MMS,20141216,9.85,9.9,9.66,9.7,298450
MNC,20141216,0.008,0.008,0.007,0.007,1334256
MND,20141216,8.27,8.33,8.175,8.24,881651
MNE,20141216,0.014,0.015,0.014,0.014,2314196
MNF,20141216,3.54,3.54,3.28,3.28,267445
MNM,20141216,0.014,0.014,0.013,0.013,225000
MNW,20141216,0.078,0.078,0.074,0.074,525245
MNY,20141216,1.41,1.47,1.41,1.47,337402
MOC,20141216,2.38,2.4,2.21,2.34,137495
MOD,20141216,0.005,0.005,0.005,0.005,80375
MOO,20141216,0.002,0.002,0.002,0.002,126
MOQ,20141216,0.035,0.035,0.033,0.033,56391
MOT,20141216,0.001,0.001,0.001,0.001,134000
MOU,20141216,0.003,0.003,0.003,0.003,1000000
MOX,20141216,0.012,0.012,0.012,0.012,50000
MOY,20141216,0.06,0.062,0.051,0.051,839102
MPJ,20141216,0.006,0.006,0.006,0.006,8599420
MPL,20141216,2.3,2.31,2.27,2.29,14287025
MPO,20141216,0.145,0.15,0.145,0.15,46114
MPP,20141216,1.75,1.75,1.75,1.75,374
MPX,20141216,0.21,0.215,0.21,0.215,50000
MQA,20141216,3.16,3.16,3.09,3.09,961451
MQG,20141216,57.31,57.41,56.15,56.41,1773143
MRD,20141216,0.013,0.013,0.013,0.013,205714
MRF,20141216,0.055,0.06,0.055,0.06,263002
MRM,20141216,1.13,1.165,1.09,1.095,1900147
MRN,20141216,1.24,1.24,1.24,1.24,459
MRP,20141216,0.105,0.105,0.1,0.1,100000
MRV,20141216,0.004,0.004,0.004,0.004,418739
MRY,20141216,0.013,0.013,0.011,0.011,1629150
MSB,20141216,4.11,4.21,4.05,4.1,732665
MSC,20141216,0.045,0.045,0.045,0.045,10150
MSP,20141216,0.055,0.055,0.052,0.052,316539
MSR,20141216,0.016,0.016,0.013,0.013,1831896
MTA,20141216,0.049,0.051,0.045,0.051,543897
MTB,20141216,0.003,0.003,0.003,0.003,1
MTH,20141216,0.007,0.007,0.007,0.007,990326
MTN,20141216,0.027,0.028,0.027,0.027,91614
MTR,20141216,2.66,2.72,2.59,2.67,87623
MTS,20141216,1.73,1.74,1.7,1.715,5448080
MTU,20141216,7.89,7.95,7.81,7.91,426605
MUE,20141216,0.042,0.042,0.042,0.042,50000
MUM,20141216,0.003,0.003,0.003,0.003,500000
MUT,20141216,0.003,0.003,0.003,0.003,126000
MUX,20141216,0.1,0.1,0.1,0.1,60000
MVA,20141216,17.25,17.26,17.25,17.26,3579
MVB,20141216,25.29,25.29,25.26,25.27,255
MVF,20141216,1.42,1.44,1.385,1.42,266050
MVP,20141216,1.285,1.3,1.28,1.3,75290
MVR,20141216,16.66,16.66,16.66,16.66,115
MVT,20141216,0.125,0.125,0.125,0.125,26500
MVW,20141216,20.13,20.13,20.06,20.06,1703
MWR,20141216,0.955,1.15,0.955,1.15,166802
MXI,20141216,0.505,0.505,0.485,0.485,31670
MYE,20141216,0.245,0.245,0.245,0.245,24750
MYG,20141216,0.034,0.034,0.034,0.034,28824
MYR,20141216,1.34,1.365,1.285,1.305,6978300
MYS,20141216,4.56,4.65,4.56,4.65,48643
MYT,20141216,2.86,2.9,2.85,2.86,3969
MYX,20141216,0.6,0.6,0.585,0.59,668161
MZI,20141216,0.24,0.25,0.215,0.215,72639
NAB,20141216,31.35,31.7,31.33,31.5,5181570
NAE,20141216,0.008,0.008,0.008,0.008,300000
NAN,20141216,1.06,1.085,1.055,1.07,97081
NCC,20141216,1,1,1,1,23000
NCK,20141216,2.81,2.85,2.78,2.78,160711
NCM,20141216,10.35,10.455,10.27,10.38,2989681
NCO,20141216,0.004,0.004,0.004,0.004,550000
NCR,20141216,0.01,0.01,0.01,0.01,61802
NDO,20141216,0.031,0.031,0.031,0.031,34785
NEA,20141216,0.595,0.61,0.585,0.59,566285
NEC,20141216,1.9,1.915,1.855,1.875,1885019
NEN,20141216,0.036,0.036,0.036,0.036,2770787
NEU,20141216,0.115,0.115,0.11,0.11,2942002
NFE,20141216,0.02,0.02,0.018,0.019,2739864
NGE,20141216,0.008,0.008,0.008,0.008,1250000
NGF,20141216,0.125,0.125,0.125,0.125,45000
NHC,20141216,2.26,2.28,2.22,2.25,283057
NHF,20141216,3.13,3.14,3.11,3.13,143917
NHO,20141216,0.009,0.009,0.009,0.009,30000
NLS,20141216,0.005,0.005,0.005,0.005,200000
NNW,20141216,0.38,0.39,0.375,0.375,156357
NOD,20141216,0.046,0.046,0.046,0.046,684557
NRT,20141216,0.095,0.2,0.095,0.165,14902626
NRU,20141216,0.001,0.002,0.001,0.001,27619994
NSE,20141216,0.046,0.046,0.046,0.046,58404
NSR,20141216,1.4,1.44,1.4,1.42,705219
NST,20141216,1.1,1.175,1.085,1.175,4287255
NTC,20141216,0.46,0.46,0.445,0.445,140842
NTL,20141216,0.009,0.009,0.009,0.009,180000
NTU,20141216,0.25,0.25,0.24,0.24,64009
NUF,20141216,4.39,4.51,4.37,4.5,598174
NVN,20141216,2.14,2.18,2.14,2.17,5235780
NVT,20141216,5,5.02,4.92,5,993146
NWE,20141216,0.006,0.006,0.006,0.006,566000
NWH,20141216,0.38,0.38,0.355,0.36,1318459
NWS,20141216,17.43,17.46,17.29,17.34,93533
NWT,20141216,0.165,0.165,0.16,0.165,208166
NWZ,20141216,0.145,0.155,0.145,0.155,48000
NXM,20141216,0.055,0.055,0.055,0.055,25000
NXR,20141216,0.048,0.048,0.046,0.047,193493
NXT,20141216,1.805,1.855,1.78,1.82,492003
NZO,20141216,0.62,0.62,0.62,0.62,810
OAR,20141216,0.17,0.17,0.17,0.17,2944
OBJ,20141216,0.086,0.095,0.085,0.089,7087861
OBL,20141216,0.005,0.005,0.005,0.005,1159237
OBS,20141216,0.58,0.58,0.57,0.575,212883
OCC,20141216,0.4,0.44,0.4,0.43,142550
OCL,20141216,1.31,1.31,1.31,1.31,7000
ODY,20141216,0.05,0.05,0.05,0.05,37321
OEC,20141216,0.31,0.31,0.31,0.31,2000
OEG,20141216,0.01,0.011,0.01,0.011,253900
OEL,20141216,0.093,0.093,0.093,0.093,396990
OFX,20141216,2.75,2.77,2.705,2.72,920695
OGC,20141216,1.985,2.08,1.97,2.02,998120
OGH,20141216,0.11,0.11,0.11,0.11,12500
OGI,20141216,0.004,0.004,0.004,0.004,5700000
OGX,20141216,0.062,0.062,0.062,0.062,3047
OGY,20141216,0.007,0.007,0.006,0.006,2112520
OIL,20141216,0.046,0.046,0.042,0.042,547180
OKU,20141216,0.05,0.05,0.05,0.05,1548149
OMH,20141216,0.34,0.34,0.3,0.335,298239
ONC,20141216,0.24,0.24,0.24,0.24,1793000
ONT,20141216,6.45,6.45,6.2,6.2,16243
OOO,20141216,30.5,30.5,29.78,29.85,4259
ORA,20141216,1.875,1.89,1.81,1.83,5185351
ORE,20141216,2.6,2.6,2.5,2.54,143522
ORG,20141216,10.7,10.84,10.61,10.75,3769986
ORI,20141216,17.46,17.7,17.37,17.5,1856201
ORL,20141216,3.8,3.82,3.8,3.82,1807
OSH,20141216,7.1,7.165,6.97,7.06,4265292
OSL,20141216,0.085,0.085,0.082,0.082,99058
OSP,20141216,0.55,0.56,0.47,0.47,262559
OTC,20141216,0.18,0.18,0.18,0.18,20000
OTH,20141216,0.62,0.635,0.62,0.635,47646
OVH,20141216,0.265,0.265,0.25,0.26,1514600
OVR,20141216,0.007,0.007,0.007,0.007,350000
OXX,20141216,0.05,0.05,0.05,0.05,195900
OZF,20141216,20.77,20.86,20.72,20.72,1706
OZG,20141216,0.145,0.145,0.145,0.145,240000
OZL,20141216,3,3.17,2.98,3.15,2795355
OZR,20141216,7.77,7.77,7.68,7.68,10565
PAA,20141216,0.008,0.008,0.008,0.008,140775
PAB,20141216,0.016,0.016,0.016,0.016,312500
PAF,20141216,0.955,0.965,0.955,0.96,8045
PAN,20141216,0.37,0.38,0.36,0.36,996319
PBD,20141216,0.015,0.015,0.014,0.014,775000
PBG,20141216,0.505,0.51,0.485,0.485,1597720
PBP,20141216,0.24,0.24,0.24,0.24,10000
PBT,20141216,0.215,0.215,0.205,0.21,790782
PCL,20141216,0.016,0.017,0.016,0.016,1742964
PDN,20141216,0.295,0.3,0.287,0.29,9441956
PDY,20141216,0.006,0.006,0.006,0.006,5000000
PDZ,20141216,0.27,0.28,0.27,0.28,8000
PEA,20141216,0.39,0.42,0.39,0.42,19500
PEH,20141216,0.125,0.155,0.125,0.14,2037382
PEK,20141216,0.07,0.07,0.068,0.068,9388
PEX,20141216,0.057,0.057,0.045,0.051,754693
PFL,20141216,1.295,1.295,1.25,1.25,31310
PGC,20141216,0.35,0.35,0.35,0.35,15000
PGF,20141216,1.05,1.05,1.04,1.05,262038
PGH,20141216,4.2,4.24,4.16,4.18,381179
PGI,20141216,0.02,0.021,0.02,0.021,267498
PGL,20141216,0.18,0.18,0.18,0.18,80000
PGR,20141216,0.64,0.665,0.64,0.66,692442
PGS,20141216,0.008,0.008,0.008,0.008,800000
PHG,20141216,0.42,0.42,0.42,0.42,2640
PHK,20141216,0.048,0.048,0.048,0.048,5000
PIO,20141216,0.012,0.012,0.011,0.012,525000
PKO,20141216,0.003,0.003,0.002,0.002,1004290
PKR,20141216,0.26,0.26,0.255,0.255,26000
PLS,20141216,0.039,0.04,0.039,0.039,732036
PMC,20141216,1.82,1.83,1.775,1.8,174326
PME,20141216,1.05,1.05,1,1,127002
PMP,20141216,0.39,0.395,0.39,0.395,189315
PMV,20141216,9.8,9.8,9.37,9.48,414500
PMY,20141216,0.022,0.022,0.022,0.022,1000000
PNA,20141216,1.32,1.365,1.28,1.335,2742979
PNC,20141216,1.76,1.76,1.75,1.75,12500
PNE,20141216,0.001,0.001,0.001,0.001,150000
PNL,20141216,0.19,0.215,0.19,0.2,65500
PNV,20141216,0.098,0.098,0.098,0.098,402
POH,20141216,0.065,0.067,0.065,0.067,104399
POP,20141216,0.045,0.045,0.045,0.045,440000
POS,20141216,0.105,0.11,0.105,0.105,944000
POU,20141216,18.93,18.94,18.93,18.94,8409
PPC,20141216,1.09,1.09,1.09,1.09,3000
PPG,20141216,0.48,0.48,0.48,0.48,114582
PPK,20141216,0.65,0.65,0.65,0.65,10700
PPS,20141216,0.19,0.2,0.19,0.195,267860
PPT,20141216,44.7,45.25,44.36,44.43,110619
PPX,20141216,0.043,0.046,0.043,0.046,9847
PRG,20141216,2.26,2.31,2.21,2.24,209414
PRL,20141216,0.08,0.08,0.08,0.08,250000
PRO,20141216,0.45,0.45,0.45,0.45,13908
PRR,20141216,0.035,0.035,0.035,0.035,247700
PRT,20141216,0.81,0.855,0.8,0.855,364780
PRU,20141216,0.2,0.22,0.195,0.215,2285199
PRY,20141216,4.47,4.55,4.47,4.5,1913483
PSA,20141216,0.12,0.12,0.12,0.12,16900
PSF,20141216,0.008,0.008,0.008,0.008,500000
PSQ,20141216,1.8,1.8,1.755,1.79,105989
PSY,20141216,0.21,0.225,0.21,0.225,3368517
PSZ,20141216,0.77,0.77,0.765,0.765,63500
PTB,20141216,0.3,0.3,0.295,0.295,20000
PTM,20141216,6.86,6.9,6.75,6.78,487616
PTR,20141216,0.004,0.004,0.004,0.004,285000
PTX,20141216,0.14,0.16,0.14,0.155,272812
PXG,20141216,0.094,0.094,0.093,0.094,80900
PXR,20141216,0.002,0.002,0.002,0.002,5000000
PXS,20141216,0.051,0.055,0.048,0.055,333904
PYM,20141216,0.007,0.007,0.007,0.007,42000
PZC,20141216,0.013,0.013,0.012,0.012,1250800
QAG,20141216,9.46,9.47,9.46,9.47,2400
QAN,20141216,2.3,2.39,2.29,2.35,15951563
QAU,20141216,12.57,12.59,12.57,12.59,3515
QBE,20141216,10.7,10.75,10.4,10.48,6579217
QCB,20141216,13,13,12.69,12.69,1032
QFN,20141216,11.25,11.25,11.25,11.25,174
QFX,20141216,0.002,0.003,0.002,0.003,1004207
QHL,20141216,0.21,0.21,0.2,0.21,256365
QMN,20141216,0.006,0.006,0.006,0.006,300000
QOZ,20141216,11.97,11.99,11.94,11.94,16171
QRE,20141216,4.3,4.3,4.3,4.3,9999
QRX,20141216,0.017,0.017,0.017,0.017,66600
QUB,20141216,2.3,2.3,2.25,2.25,1021230
QUR,20141216,0.003,0.003,0.003,0.003,1400000
QVE,20141216,0.995,1.005,0.975,1,355913
RAD,20141216,0.015,0.015,0.015,0.015,28500
RCB,20141216,20.68,20.68,20.48,20.6,14551
RCG,20141216,0.64,0.655,0.64,0.645,145336
RCM,20141216,0.019,0.019,0.018,0.018,683053
RCP,20141216,0.001,0.001,0.001,0.001,15000
RCR,20141216,1.715,1.86,1.705,1.8,338301
RCT,20141216,3.02,3.16,3.01,3.16,42887
RDM,20141216,0.09,0.09,0.088,0.088,75000
RDR,20141216,0.035,0.037,0.035,0.037,1927782
RDS,20141216,0.04,0.041,0.04,0.04,138276
RDV,20141216,28.76,28.76,28.59,28.61,16519
REA,20141216,42.79,43.585,42.5,42.8,294696
REC,20141216,7.25,7.29,7,7,3904320
RED,20141216,0.087,0.089,0.087,0.087,248360
REF,20141216,0.11,0.11,0.11,0.11,146878
REG,20141216,4.08,4.17,4,4.1,339452
REH,20141216,31,31.01,31,31.01,301
RES,20141216,0.125,0.125,0.12,0.125,224258
REX,20141216,1.03,1.035,1.025,1.035,26681
REY,20141216,0.07,0.07,0.07,0.07,150000
REZ,20141216,0.072,0.1,0.07,0.07,29690
RFF,20141216,1.055,1.06,1.05,1.06,44227
RFG,20141216,5.6,5.63,5.57,5.6,509956
RFL,20141216,0.2,0.2,0.19,0.19,226765
RFX,20141216,0.29,0.31,0.29,0.305,322666
RGB,20141216,21.36,21.36,21.36,21.36,1170
RGP,20141216,0.056,0.062,0.05,0.062,190000
RGS,20141216,0.155,0.155,0.145,0.145,23935
RHC,20141216,55.15,55.17,53.86,54.08,483523
RHL,20141216,3.6,3.6,3.56,3.56,2100
RHS,20141216,0.13,0.16,0.13,0.16,22657
RHT,20141216,0.038,0.04,0.038,0.04,75000
RIC,20141216,0.92,0.93,0.915,0.915,189599
RIM,20141216,0.019,0.019,0.018,0.018,167589
RIO,20141216,52.33,52.94,52.21,52.65,1916253
RKN,20141216,1.78,1.8,1.725,1.78,48073
RLE,20141216,0.15,0.155,0.15,0.155,600255
RMD,20141216,6.5,6.52,6.44,6.45,1967554
RMG,20141216,0.047,0.047,0.047,0.047,14896
RMI,20141216,0.002,0.003,0.002,0.003,9080994
RMR,20141216,0.007,0.007,0.007,0.007,121000
RMS,20141216,0.048,0.049,0.046,0.047,1016867
RNI,20141216,0.081,0.087,0.08,0.087,725936
RNO,20141216,0.025,0.025,0.025,0.025,241800
ROC,20141216,0.685,0.685,0.68,0.68,194964
ROY,20141216,0.028,0.028,0.027,0.027,300000
RRL,20141216,1.55,1.62,1.535,1.565,5128895
RSG,20141216,0.215,0.23,0.215,0.22,5968014
RSL,20141216,0.004,0.004,0.004,0.004,416965
RSM,20141216,20.81,20.81,20.8,20.8,5039
RTD,20141216,0.003,0.003,0.002,0.003,1476667
RTG,20141216,0.66,0.66,0.63,0.63,252924
RTR,20141216,0.031,0.035,0.03,0.035,1056181
RUL,20141216,0.55,0.55,0.55,0.55,10000
RUM,20141216,0.055,0.056,0.055,0.056,80477
RVR,20141216,0.1,0.1,0.088,0.089,603507
RWH,20141216,3,3,3,3,325747
RXH,20141216,0.23,0.23,0.23,0.23,127900
RXL,20141216,0.027,0.027,0.025,0.026,1872267
RXM,20141216,0.088,0.088,0.085,0.085,445348
RXP,20141216,0.56,0.56,0.53,0.55,218548
SAI,20141216,3.68,3.69,3.61,3.65,744474
SAR,20141216,0.22,0.235,0.22,0.225,2283991
SBB,20141216,0.077,0.078,0.072,0.073,1111594
SBM,20141216,0.12,0.13,0.12,0.125,2184939
SBN,20141216,0.007,0.007,0.006,0.006,1761186
SBR,20141216,0.022,0.022,0.022,0.022,10000
SBU,20141216,0.053,0.053,0.053,0.053,137043
SCG,20141216,3.52,3.55,3.5,3.54,9082132
SCP,20141216,1.88,1.91,1.877,1.9,1652720
SDF,20141216,1.405,1.465,1.405,1.455,674368
SDG,20141216,1.6,1.6,1.535,1.54,283182
SDI,20141216,0.6,0.6,0.6,0.6,3000
SDL,20141216,0.029,0.029,0.025,0.026,17791039
SDM,20141216,0.55,0.55,0.55,0.55,14205
SEA,20141216,0.395,0.415,0.395,0.4,9873726
SEG,20141216,0.005,0.006,0.005,0.005,5671862
SEH,20141216,0.18,0.18,0.152,0.16,3191642
SEK,20141216,16.11,16.15,15.94,15.99,1149201
SEN,20141216,0.051,0.051,0.05,0.05,78000
SER,20141216,0.042,0.042,0.042,0.042,281000
SFC,20141216,5.17,5.25,5.17,5.25,10079
SFH,20141216,0.74,0.745,0.74,0.74,13040
SFP,20141216,0.005,0.005,0.005,0.005,5700000
SFR,20141216,4.03,4.21,3.96,4.16,988703
SFX,20141216,0.69,0.715,0.69,0.7,186895
SFY,20141216,51.57,51.57,51.2,51.3,14260
SFZ,20141216,0.007,0.007,0.007,0.007,170000
SGF,20141216,1.99,2,1.925,2,114102
SGH,20141216,6.08,6.1,6.02,6.1,1025037
SGM,20141216,10.89,10.92,10.76,10.82,818308
SGN,20141216,0.93,0.945,0.905,0.93,2422813
SGP,20141216,4.05,4.1,4.05,4.1,4319909
SGQ,20141216,0.061,0.061,0.061,0.061,19000
SGT,20141216,3.62,3.68,3.61,3.62,629931
SGZ,20141216,0.005,0.005,0.005,0.005,8515
SHJ,20141216,2.95,2.95,2.79,2.8,159681
SHL,20141216,17.71,17.8,17.41,17.44,1640028
SHP,20141216,0.014,0.014,0.013,0.013,1207083
SHV,20141216,6.29,6.32,6.04,6.06,87252
SIO,20141216,1.56,1.58,1.55,1.58,258600
SIP,20141216,0.73,0.735,0.72,0.72,1945067
SIQ,20141216,1.36,1.39,1.32,1.37,196881
SIR,20141216,2.25,2.27,2.205,2.23,1307424
SIV,20141216,5.92,6.03,5.92,6.03,25276
SKC,20141216,3.69,3.71,3.62,3.65,355824
SKE,20141216,1.15,1.165,1.13,1.135,2898518
SKI,20141216,1.955,1.97,1.955,1.97,2246464
SKT,20141216,5.52,5.55,5.48,5.52,813901
SLF,20141216,10.73,10.85,10.66,10.85,108326
SLK,20141216,1.88,1.88,1.88,1.88,4521
SLM,20141216,1.14,1.15,1.14,1.15,2558
SLR,20141216,0.2,0.21,0.2,0.205,2019316
SLX,20141216,0.55,0.55,0.51,0.55,108694
SMA,20141216,0.01,0.011,0.01,0.01,1985908
SMN,20141216,0.4,0.4,0.4,0.4,72000
SMP,20141216,0.18,0.18,0.175,0.175,267522
SMR,20141216,0.077,0.077,0.075,0.076,86300
SMX,20141216,3.41,3.5,3.38,3.43,286049
SND,20141216,0.92,0.92,0.9,0.9,241851
SNV,20141216,0.001,0.001,0.001,0.001,1238147
SOI,20141216,0.001,0.001,0.001,0.001,5785119
SOL,20141216,13.55,13.67,13.13,13.13,45206
SOM,20141216,2.66,2.66,2.55,2.55,593818
SPI,20141216,0.011,0.011,0.011,0.011,232800
SPK,20141216,2.89,2.92,2.85,2.86,1113292
SPL,20141216,0.415,0.445,0.41,0.445,440115
SPO,20141216,1.89,1.91,1.87,1.9,1730582
SPQ,20141216,0.009,0.009,0.009,0.009,457587
SPX,20141216,0.013,0.013,0.013,0.013,470000
SPY,20141216,243.28,244.16,243,243.12,570
SPZ,20141216,0.13,0.13,0.12,0.13,99700
SRF,20141216,0.98,1,0.94,1,3157464
SRI,20141216,0.037,0.038,0.037,0.038,187915
SRK,20141216,0.04,0.04,0.034,0.036,41000
SRQ,20141216,0.005,0.005,0.005,0.005,450000
SRR,20141216,0.025,0.025,0.024,0.024,954823
SRV,20141216,5.51,5.51,5.4,5.4,1025020
SRX,20141216,25.8,25.91,23.41,25.1,769994
SSM,20141216,0.18,0.185,0.18,0.185,88115
SSN,20141216,0.011,0.012,0.01,0.011,1755626
SSO,20141216,10.31,10.31,10.29,10.29,2
STA,20141216,0.008,0.008,0.008,0.008,200000
STB,20141216,0.19,0.19,0.19,0.19,10000
STO,20141216,7.4,7.4,7.2,7.27,10164410
STW,20141216,48.95,49.11,48.78,48.89,174294
STX,20141216,0.105,0.107,0.105,0.105,1073977
SUD,20141216,0.054,0.055,0.054,0.055,85545
SUL,20141216,6.8,6.82,6.7,6.72,716896
SUN,20141216,13.6,13.69,13.47,13.51,3004629
SUR,20141216,0.003,0.003,0.003,0.003,2838308
SVM,20141216,0.11,0.11,0.11,0.11,11593
SVW,20141216,5.05,5.14,5.05,5.1,356089
SVY,20141216,0.245,0.245,0.245,0.245,40000
SWL,20141216,1.33,1.34,1.275,1.3,29496
SWM,20141216,1.415,1.43,1.405,1.42,1788749
SWW,20141216,0.003,0.003,0.003,0.003,410808
SXA,20141216,0.165,0.165,0.165,0.165,95000
SXL,20141216,0.97,1.045,0.97,1.025,1396606
SXT,20141216,0.004,0.004,0.004,0.004,1000000
SXY,20141216,0.275,0.29,0.265,0.285,10043363
SYD,20141216,4.67,4.71,4.64,4.67,6030632
SYI,20141216,28.72,28.77,28.64,28.64,10150
SYR,20141216,2.64,2.7,2.52,2.66,786233
TAH,20141216,4.24,4.275,4.22,4.25,2160709
TAN,20141216,0.43,0.43,0.43,0.43,352010
TAP,20141216,0.375,0.39,0.375,0.38,198516
TAS,20141216,0.017,0.017,0.017,0.017,15000
TAW,20141216,0.01,0.01,0.01,0.01,1084191
TBR,20141216,2.6,2.6,2.53,2.53,5717
TCL,20141216,8.71,8.74,8.61,8.61,6191167
TCM,20141216,0.007,0.007,0.007,0.007,15000
TCN,20141216,0.076,0.076,0.076,0.076,18256
TEG,20141216,0.001,0.001,0.001,0.001,14139088
TEN,20141216,0.215,0.22,0.21,0.22,3416773
TEX,20141216,0.03,0.033,0.03,0.03,500000
TFC,20141216,1.36,1.42,1.35,1.4,817862
TGA,20141216,2.94,2.97,2.88,2.91,212506
TGG,20141216,1.38,1.4,1.37,1.38,124709
TGP,20141216,0.99,0.99,0.985,0.99,32523
TGR,20141216,3.55,3.61,3.54,3.6,466039
TGS,20141216,0.1,0.105,0.1,0.105,2459660
TGZ,20141216,0.45,0.455,0.45,0.45,49998
THR,20141216,0.002,0.002,0.001,0.002,4255140
THX,20141216,0.1,0.105,0.1,0.1,96492
TIG,20141216,0.094,0.094,0.09,0.09,225000
TIS,20141216,0.28,0.28,0.28,0.28,15000
TIX,20141216,2.48,2.5,2.42,2.49,122969
TLG,20141216,0.235,0.235,0.22,0.235,126100
TLM,20141216,0.155,0.155,0.155,0.155,5000
TLS,20141216,5.75,5.79,5.72,5.72,30973873
TLU,20141216,0.005,0.005,0.004,0.004,850000
TME,20141216,3.3,3.33,3.27,3.29,1073658
TMX,20141216,0.006,0.006,0.006,0.006,1766675
TNE,20141216,3.09,3.11,3.04,3.08,768931
TNG,20141216,0.075,0.08,0.073,0.08,1135000
TNK,20141216,1.02,1.02,1.02,1.02,10000
TOE,20141216,0.08,0.08,0.079,0.08,534561
TOF,20141216,2.05,2.05,2.03,2.03,19496
TOL,20141216,5.67,5.69,5.57,5.62,2016386
TON,20141216,0.19,0.19,0.17,0.175,1292426
TOP,20141216,0.425,0.425,0.42,0.42,86530
TOU,20141216,0.25,0.25,0.25,0.25,41482
TOX,20141216,2.34,2.35,2.29,2.35,252186
TPD,20141216,0.013,0.013,0.013,0.013,85000
TPI,20141216,0.84,0.84,0.815,0.83,7713019
TPM,20141216,6.3,6.35,6.05,6.29,4555136
TPR,20141216,0.195,0.2,0.195,0.195,278845
TPT,20141216,0.007,0.007,0.007,0.007,570495
TRG,20141216,11.39,11.5,11.25,11.25,35353
TRL,20141216,0.024,0.024,0.024,0.024,138000
TRS,20141216,5.99,6.2,5.95,6.07,84680
TRY,20141216,0.385,0.395,0.38,0.385,506182
TSE,20141216,1.69,1.705,1.63,1.645,1532624
TSM,20141216,0.315,0.325,0.315,0.325,543044
TSN,20141216,0.004,0.004,0.004,0.004,8202203
TSV,20141216,0.013,0.013,0.01,0.012,2564700
TTA,20141216,0.029,0.029,0.029,0.029,163091
TTE,20141216,0.021,0.021,0.02,0.02,330555
TTI,20141216,0.048,0.048,0.048,0.048,10358
TTN,20141216,0.235,0.235,0.235,0.235,12578
TTS,20141216,3.52,3.53,3.48,3.51,3305204
TUP,20141216,0.49,0.5,0.465,0.49,27550
TWD,20141216,3.55,3.65,3.55,3.65,14132
TWE,20141216,4.5,4.525,4.34,4.4,2241517
TWH,20141216,0.002,0.002,0.002,0.002,2322997
TWR,20141216,2.09,2.09,2.06,2.06,4433
TZL,20141216,0.125,0.125,0.125,0.125,2350
TZN,20141216,0.098,0.098,0.098,0.098,1020000
UBI,20141216,0.175,0.175,0.175,0.175,7429
UBN,20141216,0.74,0.74,0.74,0.74,830
UEQ,20141216,0.006,0.007,0.006,0.007,197000
UGL,20141216,1.87,1.902,1.85,1.885,722847
UML,20141216,0.007,0.007,0.007,0.007,417295
UNS,20141216,0.55,0.555,0.545,0.545,442699
UNV,20141216,0.115,0.115,0.115,0.115,100000
UPG,20141216,1.005,1.005,1.005,1.005,8789
URF,20141216,2.09,2.1,2.09,2.1,269311
USD,20141216,11.96,11.99,11.94,11.96,1981630
UXC,20141216,0.76,0.76,0.725,0.725,186301
VAF,20141216,50.09,50.09,50.04,50.09,11246
VAH,20141216,0.425,0.425,0.417,0.425,737267
VAP,20141216,67.87,68.44,67.44,68.31,15724
VAS,20141216,65.94,65.94,65.57,65.65,42117
VED,20141216,2.25,2.26,2.215,2.26,1132554
VEI,20141216,0.71,0.71,0.7,0.7,233914
VET,20141216,0.23,0.285,0.215,0.265,5329063
VEU,20141216,56.31,56.31,55.76,55.9,18913
VGB,20141216,48.76,48.76,48.76,48.76,1960
VGE,20141216,55.3,55.3,54,54.42,5962
VGS,20141216,51.22,51.26,51.1,51.2,2110
VHY,20141216,62.4,62.4,61.89,62,33877
VIC,20141216,0.003,0.003,0.003,0.003,560000
VLA,20141216,0.29,0.29,0.285,0.285,66131
VLC,20141216,58.76,58.76,58.55,58.57,2542
VLW,20141216,1.825,1.845,1.825,1.83,36776
VMG,20141216,0.01,0.01,0.01,0.01,1600000
VML,20141216,0.018,0.024,0.018,0.024,1404428
VMS,20141216,0.031,0.032,0.03,0.032,68750
VMT,20141216,0.04,0.04,0.039,0.039,3937466
VMX,20141216,0.185,0.185,0.185,0.185,45730
VMY,20141216,0.48,0.48,0.48,0.48,10000
VOC,20141216,5.8,5.8,5.63,5.74,230288
VRL,20141216,6.03,6.03,5.82,6,309391
VRT,20141216,7.35,7.4,7.25,7.27,179159
VRX,20141216,0.035,0.035,0.035,0.035,11500
VSC,20141216,1.405,1.405,1.4,1.4,49937
VSO,20141216,40.76,40.8,40.76,40.8,473
VTG,20141216,1.28,1.28,1.235,1.24,505105
VTS,20141216,125.71,125.71,124.94,125.3,23394
VTX,20141216,0.013,0.013,0.011,0.011,5043888
VXL,20141216,0.41,0.41,0.395,0.395,351230
WAA,20141216,1.1,1.105,1.1,1.105,60181
WAF,20141216,0.087,0.087,0.087,0.087,4320
WAM,20141216,1.95,1.99,1.95,1.98,263959
WAX,20141216,1.12,1.14,1.12,1.14,83158
WBA,20141216,1.15,1.15,1.12,1.13,23500
WBB,20141216,5.11,5.11,5.1,5.1,9017
WBC,20141216,31.6,31.88,31.52,31.57,5800446
WCC,20141216,0.045,0.045,0.045,0.045,5473
WDS,20141216,0.23,0.23,0.23,0.23,19200
WEB,20141216,2.93,3.07,2.91,3.06,152873
WEC,20141216,0.16,0.175,0.16,0.17,264884
WES,20141216,40.47,40.78,40.27,40.37,3022474
WFD,20141216,8.65,8.93,8.65,8.93,8703800
WGO,20141216,0.002,0.002,0.002,0.002,2015809
WHC,20141216,1.115,1.185,1.115,1.14,2365081
WHE,20141216,0.06,0.06,0.06,0.06,3671
WHF,20141216,4.14,4.14,4.11,4.11,4355
WHN,20141216,0.045,0.045,0.042,0.045,73995
WIC,20141216,0.945,0.95,0.945,0.95,10700
WIG,20141216,0.75,0.75,0.75,0.75,707
WIN,20141216,0.15,0.15,0.15,0.15,500
WKT,20141216,0.004,0.004,0.004,0.004,1153503
WLC,20141216,0.02,0.02,0.02,0.02,40000
WLF,20141216,0.23,0.25,0.23,0.25,101500
WLL,20141216,3.1,3.1,3.1,3.1,4000
WMK,20141216,0.9,0.915,0.9,0.915,92670
WMN,20141216,0.415,0.435,0.39,0.42,997766
WOF,20141216,0.046,0.046,0.046,0.046,150000
WOR,20141216,8.95,9.01,8.74,8.8,1772863
WOW,20141216,29.2,29.38,29.12,29.2,3748639
WPG,20141216,0.038,0.038,0.038,0.038,48514
WPL,20141216,34.27,34.77,34.26,34.46,3033423
WRM,20141216,0.017,0.017,0.017,0.017,206153
WRR,20141216,0.125,0.125,0.125,0.125,205000
WSA,20141216,3.58,3.61,3.46,3.47,1217324
WSR,20141216,0.055,0.057,0.05,0.056,2899659
WTP,20141216,0.775,0.775,0.735,0.735,250657
WTR,20141216,0.025,0.025,0.025,0.025,90000
WVL,20141216,0.012,0.012,0.011,0.011,1972450
WWI,20141216,0.007,0.007,0.007,0.007,278000
XAM,20141216,0.11,0.11,0.1,0.1,186499
XRF,20141216,0.18,0.18,0.18,0.18,15000
XRO,20141216,15.15,15.15,14.85,14.99,16549
XTE,20141216,0.41,0.43,0.41,0.43,7500
YBR,20141216,0.57,0.58,0.57,0.575,107520
YOW,20141216,0.55,0.56,0.535,0.55,128218
YPB,20141216,0.29,0.315,0.29,0.315,15000
YRR,20141216,0.008,0.008,0.008,0.008,1980000
ZGL,20141216,0.225,0.225,0.225,0.225,10000
ZIM,20141216,8.75,8.75,8.75,8.75,3000
ZIP,20141216,0.315,0.32,0.275,0.285,353140
ZNC,20141216,0.054,0.054,0.054,0.054,30000
ZNZ,20141216,4.15,4.15,4.15,4.15,450000
XAF,20141216,5275.5,5275.5,5230.6,5240.7,0
XAO,20141216,5164.6,5164.6,5121.7,5131,0
XAT,20141216,5139.3,5139.3,5096.7,5106.2,0
XDJ,20141216,1727,1730.5,1717,1720.5,0
XEC,20141216,919.6,921.2,916.2,920.3,0
XEJ,20141216,10677.2,10677.2,10401.7,10455.2,0
XFJ,20141216,6009.3,6015.6,5979.7,5993.2,0
XFL,20141216,5339.4,5339.4,5293.6,5303.9,0
XGD,20141216,1948.3,1948.3,1876.9,1903.1,0
XHJ,20141216,16945.6,16979.3,16788.3,16836.6,0
XIJ,20141216,741.6,742.3,735.1,741.3,0
XJO,20141216,5186.1,5186.1,5142.8,5152.3,0
XJR,20141216,3184.5,3184.5,3096.4,3107.3,0
XKO,20141216,5125.1,5125.1,5082.9,5092.4,0
XMD,20141216,4527.1,4529.5,4494.6,4503.4,0
XMJ,20141216,8262.2,8262.2,8075.6,8106.1,0
XMM,20141216,2506,2506,2432.5,2442,0
XNJ,20141216,4155.4,4158.9,4123,4129.1,0
XPJ,20141216,1175.3,1188.8,1173.6,1188.8,0
XSJ,20141216,8827,8860.8,8775.3,8793.4,0
XSO,20141216,1936.9,1936.9,1918.6,1926.4,0
XTJ,20141216,2006.4,2018.9,1997.4,1998.3,0
XTL,20141216,3256.4,3256.4,3226.3,3231.6,0
XTO,20141216,4328.2,4328.2,4292.4,4300.1,0
XUJ,20141216,5810.8,5852.5,5794.1,5845,0
XXJ,20141216,6957.8,6960,6910.8,6921.5,0
