3PL,20140829,2.5,2.52,2.45,2.52,341241
8CO,20140829,0.27,0.28,0.27,0.275,351601
AAA,20140829,50.2,50.21,50.2,50.2,185371
AAC,20140829,1.255,1.255,1.235,1.245,880343
AAD,20140829,3.1,3.14,3.09,3.13,1765396
AAJ,20140829,0.03,0.03,0.03,0.03,10000
AAR,20140829,0.011,0.011,0.011,0.011,375000
AAX,20140829,0.57,0.58,0.565,0.57,53943
ABC,20140829,3.65,3.65,3.53,3.55,2878128
ABP,20140829,2.7,2.7,2.66,2.7,663881
ABU,20140829,0.395,0.4,0.39,0.395,154007
ABV,20140829,0.008,0.008,0.008,0.008,862786
ABW,20140829,1.035,1.035,1.03,1.035,177702
ABX,20140829,0.22,0.22,0.215,0.215,106177
ABY,20140829,0.26,0.26,0.26,0.26,65000
ACG,20140829,0.092,0.095,0.092,0.095,62000
ACL,20140829,0.62,0.62,0.6,0.605,806493
ACQ,20140829,0.92,0.92,0.91,0.92,56950
ACR,20140829,1.99,2.04,1.985,2.04,1300390
ACU,20140829,0.001,0.001,0.001,0.001,6000000
ACW,20140829,0.046,0.047,0.046,0.047,755261
ADJ,20140829,0.16,0.16,0.147,0.155,5141552
ADN,20140829,0.042,0.042,0.042,0.042,84882
ADO,20140829,0.15,0.15,0.145,0.145,676532
ADQ,20140829,0.009,0.009,0.007,0.007,1273471
ADX,20140829,0.01,0.01,0.01,0.01,1540908
ADY,20140829,0.025,0.028,0.025,0.028,322000
AEB,20140829,0.078,0.078,0.078,0.078,147013
AEE,20140829,0.036,0.036,0.036,0.036,41906
AEF,20140829,45.8,45.8,45.8,45.8,920
AEK,20140829,0.092,0.095,0.09,0.093,295467
AEM,20140829,0.012,0.012,0.011,0.011,1500000
AFI,20140829,6.15,6.17,6.11,6.13,370375
AFJ,20140829,1.185,1.285,1.16,1.27,1503435
AFR,20140829,0.062,0.062,0.058,0.058,98502
AFV,20140829,0.615,0.615,0.615,0.615,5500
AGD,20140829,0.12,0.12,0.12,0.12,13982
AGE,20140829,0.042,0.042,0.042,0.042,279176
AGF,20140829,0.75,0.75,0.74,0.74,449441
AGG,20140829,3.53,3.53,3.53,3.53,15
AGI,20140829,3.38,3.38,3.33,3.36,1496952
AGK,20140829,14.04,14.1,13.9,14.1,5181221
AGO,20140829,0.57,0.585,0.56,0.57,12750825
AGR,20140829,0.044,0.044,0.044,0.044,40000
AGS,20140829,0.2,0.2,0.185,0.185,288103
AGY,20140829,0.003,0.003,0.003,0.003,2428240
AHA,20140829,0.052,0.054,0.052,0.054,95048
AHD,20140829,9.88,9.9,9.76,9.88,21927
AHE,20140829,4.02,4.05,3.99,4.04,1127376
AHY,20140829,2.01,2.04,2,2.03,1801199
AHZ,20140829,0.155,0.155,0.15,0.15,2283348
AIA,20140829,3.38,3.38,3.32,3.32,82803
AIO,20140829,6.3,6.305,6.25,6.28,7041094
AIZ,20140829,1.98,2,1.945,1.98,106307
AJA,20140829,4.35,4.35,4.27,4.28,339335
AJD,20140829,1.09,1.09,1.08,1.085,110397
AJL,20140829,0.7,0.75,0.69,0.71,106196
AJM,20140829,0.15,0.15,0.15,0.15,179482
AJQ,20140829,0.098,0.1,0.097,0.098,226131
AJX,20140829,0.145,0.16,0.145,0.155,1294281
AKG,20140829,1.375,1.375,1.375,1.375,9810
AKK,20140829,0.021,0.021,0.019,0.02,15243712
AKM,20140829,0.053,0.055,0.053,0.055,103500
AKP,20140829,13.95,13.95,11.9,13.29,51341
ALA,20140829,0.26,0.26,0.255,0.26,72641
ALF,20140829,1.725,1.735,1.72,1.73,383425
ALK,20140829,0.23,0.23,0.22,0.22,161537
ALL,20140829,5.48,5.53,5.44,5.53,1648535
ALQ,20140829,7.6,7.6,7.39,7.44,2002437
ALR,20140829,1.225,1.225,1.22,1.22,39603
ALU,20140829,2.85,2.98,2.85,2.9,1341606
ALY,20140829,0.022,0.022,0.022,0.022,16831
ALZ,20140829,4.47,4.49,4.47,4.49,379682
AMA,20140829,0.3,0.315,0.3,0.305,279987
AMC,20140829,11.45,11.47,11.33,11.42,5428728
AMH,20140829,0.96,0.96,0.95,0.95,147959
AMI,20140829,0.43,0.435,0.42,0.42,1211708
AMM,20140829,1.95,1.975,1.95,1.965,823400
AMO,20140829,0.15,0.15,0.15,0.15,20000
AMP,20140829,5.85,5.94,5.85,5.88,13827815
ANG,20140829,1.25,1.25,1.225,1.225,207838
ANI,20140829,2.11,2.11,2.08,2.1,85685
ANN,20140829,20,20.11,19.83,19.9,509374
ANO,20140829,0.017,0.017,0.017,0.017,700000
ANP,20140829,0.15,0.155,0.15,0.15,217700
ANQ,20140829,0.007,0.007,0.006,0.007,3525000
ANZ,20140829,33.4,33.5,33.27,33.43,5900083
AOC,20140829,0.12,0.12,0.12,0.12,5000
AOD,20140829,0.99,0.995,0.99,0.995,64860
AOG,20140829,2.3,2.32,2.29,2.3,676094
AOH,20140829,0.215,0.22,0.212,0.215,10124177
AOK,20140829,0.275,0.285,0.275,0.285,735421
AON,20140829,0.025,0.026,0.024,0.025,5606724
AOP,20140829,0.035,0.035,0.035,0.035,30000
AOW,20140829,0.18,0.18,0.18,0.18,9883
APA,20140829,7.75,7.78,7.68,7.75,2609201
APD,20140829,0.3,0.32,0.3,0.31,201166
APE,20140829,5.74,5.85,5.74,5.84,2382
APG,20140829,0.017,0.02,0.017,0.02,1073000
API,20140829,0.58,0.59,0.575,0.585,149785
APN,20140829,0.74,0.745,0.732,0.74,1991616
APP,20140829,0.041,0.041,0.04,0.04,84107
APY,20140829,0.015,0.015,0.013,0.013,1524742
APZ,20140829,1.27,1.28,1.26,1.27,145472
AQC,20140829,0.004,0.004,0.004,0.004,631966
AQD,20140829,0.012,0.013,0.012,0.013,333291
AQG,20140829,2.34,2.35,2.3,2.34,345370
AQO,20140829,0.32,0.32,0.32,0.32,10000
AQP,20140829,0.42,0.46,0.42,0.46,601153
AQQ,20140829,0.015,0.015,0.015,0.015,100000
AQR,20140829,0.21,0.215,0.205,0.215,243386
AQU,20140829,0.45,0.45,0.45,0.45,2000
AQZ,20140829,1.4,1.4,1.4,1.4,1085
ARD,20140829,0.033,0.036,0.033,0.036,336363
ARE,20140829,0.022,0.022,0.022,0.022,1293762
ARF,20140829,1.345,1.345,1.32,1.325,19605
ARG,20140829,7.91,7.96,7.88,7.9,169352
ARH,20140829,0.022,0.022,0.021,0.021,110000
ARI,20140829,0.76,0.785,0.75,0.785,11669214
ARP,20140829,13.27,13.38,13.25,13.31,62136
ARU,20140829,0.079,0.079,0.079,0.079,20000
ARV,20140829,0.002,0.002,0.002,0.002,50000
ARW,20140829,0.21,0.21,0.19,0.19,56375
ASB,20140829,1.265,1.3,1.25,1.275,335585
ASH,20140829,1.86,1.875,1.86,1.87,65186
ASL,20140829,1.3,1.36,1.275,1.305,2816716
AST,20140829,1.415,1.422,1.405,1.415,5140461
ASX,20140829,37.28,37.49,37.18,37.49,1184963
ASZ,20140829,0.65,0.66,0.64,0.645,529524
ATM,20140829,1.1,1.1,1.1,1.1,2000
ATP,20140829,0.14,0.14,0.135,0.135,116713
ATR,20140829,0.32,0.32,0.32,0.32,20066
ATU,20140829,1.52,1.53,1.47,1.52,157022
AUB,20140829,10.61,11.2,10.61,11.2,47459
AUC,20140829,0.049,0.049,0.049,0.049,60000
AUI,20140829,9.21,9.22,9.21,9.22,12073
AUZ,20140829,0.016,0.017,0.016,0.017,700000
AVB,20140829,0.092,0.093,0.087,0.093,4924132
AVD,20140829,0.21,0.21,0.21,0.21,4900
AVG,20140829,0.405,0.405,0.39,0.39,392084
AVH,20140829,0.1,0.1,0.098,0.098,464100
AVJ,20140829,0.65,0.655,0.64,0.65,170266
AVK,20140829,0.021,0.021,0.021,0.021,200000
AVQ,20140829,0.018,0.019,0.018,0.018,9158179
AWC,20140829,1.505,1.55,1.5,1.55,15057116
AWD,20140829,0.001,0.001,0.001,0.001,3735000
AWE,20140829,1.725,1.75,1.715,1.74,4181626
AWI,20140829,0.25,0.265,0.25,0.25,117689
AWV,20140829,0.032,0.032,0.03,0.03,75000
AXC,20140829,0.016,0.019,0.016,0.017,2357188
AXE,20140829,0.185,0.185,0.185,0.185,16492
AXI,20140829,0.057,0.057,0.057,0.057,100000
AXZ,20140829,0.85,0.89,0.85,0.89,8180
AYA,20140829,0.35,0.35,0.34,0.34,40000
AYC,20140829,0.062,0.062,0.062,0.062,100000
AYF,20140829,6.65,6.65,6.57,6.57,1595
AYG,20140829,0.004,0.005,0.003,0.003,8315100
AYR,20140829,0.009,0.009,0.008,0.008,433783
AZJ,20140829,4.78,4.81,4.69,4.77,6618564
AZK,20140829,0.026,0.026,0.026,0.026,295000
AZM,20140829,0.035,0.037,0.035,0.037,87940
AZQ,20140829,0.215,0.215,0.215,0.215,25000
AZS,20140829,0.03,0.031,0.03,0.031,1094912
AZV,20140829,0.46,0.46,0.445,0.45,669319
AZY,20140829,0.015,0.015,0.015,0.015,75000
AZZ,20140829,0.625,0.632,0.6,0.6,191519
BAF,20140829,0.97,0.97,0.96,0.965,54445
BAL,20140829,1.39,1.4,1.35,1.37,241364
BAP,20140829,2.3,2.37,2.3,2.35,1041350
BAU,20140829,0.15,0.155,0.15,0.15,596277
BBG,20140829,0.54,0.575,0.535,0.565,3507129
BBL,20140829,0.25,0.25,0.25,0.25,3050
BBR,20140829,0.525,0.545,0.51,0.545,17081
BCD,20140829,0.042,0.042,0.042,0.042,47852
BCI,20140829,2.81,2.82,2.755,2.79,2061284
BCK,20140829,0.047,0.047,0.047,0.047,100000
BCT,20140829,0.14,0.165,0.13,0.135,8015295
BDR,20140829,0.51,0.51,0.5,0.51,2945936
BEAR,20140829,17.34,17.41,17.34,17.39,13676
BEL,20140829,0.155,0.155,0.155,0.155,50000
BEN,20140829,12.41,12.48,12.38,12.45,1250207
BFG,20140829,0.55,0.55,0.55,0.55,13528
BGA,20140829,5,5.07,4.99,5.06,123403
BGL,20140829,0.97,0.97,0.95,0.95,196219
BGS,20140829,0.011,0.011,0.01,0.01,2070000
BHP,20140829,36.4,36.71,36.35,36.67,14953499
BIT,20140829,0.135,0.145,0.13,0.13,962345
BKI,20140829,1.665,1.675,1.66,1.675,134405
BKL,20140829,30.3,30.3,30,30.3,4248
BKN,20140829,4.72,4.76,4.66,4.7,610398
BKW,20140829,14.12,14.15,14.04,14.1,43489
BKY,20140829,0.325,0.325,0.32,0.32,40000
BLA,20140829,2.9,2.91,2.85,2.86,24591
BLD,20140829,5.59,5.6,5.48,5.51,6757071
BLG,20140829,0.15,0.15,0.15,0.15,2000
BLR,20140829,0.006,0.006,0.005,0.006,4707141
BLT,20140829,1.045,1.085,0.965,0.98,408739
BLX,20140829,1.18,1.18,1.18,1.18,23000
BLY,20140829,0.16,0.17,0.16,0.16,1318225
BLZ,20140829,0.001,0.002,0.001,0.001,26627449
BMB,20140829,0.074,0.074,0.074,0.074,60008
BMG,20140829,0.007,0.007,0.005,0.005,22482962
BML,20140829,0.022,0.022,0.022,0.022,1636083
BMN,20140829,0.072,0.074,0.072,0.074,58716
BMZ,20140829,0.032,0.032,0.032,0.032,40000
BNE,20140829,0.02,0.022,0.02,0.02,5812406
BNO,20140829,0.655,0.655,0.61,0.62,544239
BOC,20140829,0.4,0.4,0.385,0.385,14450
BOE,20140829,0.022,0.024,0.022,0.022,2157446
BOL,20140829,0.16,0.16,0.16,0.16,474016
BOQ,20140829,12.49,12.58,12.44,12.58,2154816
BPA,20140829,4.76,4.76,4.76,4.76,4475
BPF,20140829,0.35,0.35,0.35,0.35,32085
BPO,20140829,0.004,0.004,0.004,0.004,4189928
BPT,20140829,1.64,1.645,1.61,1.625,4070497
BRB,20140829,0.07,0.07,0.07,0.07,6992
BRC,20140829,0.29,0.29,0.285,0.29,17000
BRD,20140829,0.002,0.002,0.002,0.002,492525
BRG,20140829,7.25,7.27,7.21,7.27,358893
BRL,20140829,0.052,0.052,0.049,0.05,13528786
BRU,20140829,0.915,0.965,0.915,0.925,1156496
BSA,20140829,0.135,0.145,0.135,0.145,51790
BSE,20140829,0.3,0.3,0.3,0.3,2987339
BSL,20140829,5.5,5.52,5.46,5.51,3930799
BSM,20140829,0.004,0.004,0.003,0.003,143000
BSN,20140829,0.034,0.036,0.034,0.036,72777
BSP,20140829,0.005,0.005,0.005,0.005,59995
BSR,20140829,0.018,0.018,0.018,0.018,2382043
BST,20140829,1.03,1.03,1.03,1.03,1150
BTR,20140829,0.29,0.29,0.28,0.29,1232046
BTT,20140829,6.5,6.58,6.5,6.57,87851
BUG,20140829,0.56,0.56,0.56,0.56,930
BUL,20140829,0.053,0.054,0.053,0.054,242061
BUR,20140829,0.021,0.021,0.02,0.02,483197
BUX,20140829,0.26,0.26,0.23,0.23,356782
BUY,20140829,0.014,0.014,0.013,0.013,1148580
BWF,20140829,0.33,0.35,0.32,0.32,9082
BWP,20140829,2.65,2.66,2.63,2.64,1413691
BWR,20140829,0.091,0.094,0.09,0.094,479215
BXB,20140829,9.37,9.52,9.36,9.5,8356211
BYE,20140829,0.7,0.71,0.7,0.71,98500
BYI,20140829,1.35,1.35,1.35,1.35,3119
BYL,20140829,0.56,0.565,0.55,0.56,165618
BYR,20140829,0.025,0.026,0.025,0.026,8000000
CAA,20140829,0.13,0.135,0.13,0.135,765128
CAB,20140829,5.34,5.44,5.34,5.4,500330
CAD,20140829,0.013,0.013,0.013,0.013,2129619
CAF,20140829,0.51,0.51,0.5,0.51,988246
CAJ,20140829,0.635,0.64,0.615,0.64,438601
CAM,20140829,0.98,0.98,0.975,0.975,6660
CAQ,20140829,0.095,0.105,0.095,0.105,142777
CAS,20140829,0.4,0.41,0.4,0.4,104500
CAY,20140829,0.051,0.051,0.05,0.05,267000
CAZ,20140829,0.066,0.066,0.066,0.066,103000
CBA,20140829,81.22,81.38,80.99,81.32,4951235
CBQ,20140829,0.003,0.014,0.003,0.01,17930521
CBS,20140829,0.015,0.015,0.015,0.015,50000
CCF,20140829,0.03,0.03,0.03,0.03,158000
CCJ,20140829,0.06,0.073,0.06,0.073,77000
CCL,20140829,9.03,9.04,8.96,9,3423438
CCP,20140829,9.96,10.02,9.96,9.99,133811
CCV,20140829,1.13,1.165,1.13,1.165,530409
CDA,20140829,0.7,0.71,0.695,0.695,119413
CDB,20140829,0.003,0.003,0.003,0.003,200000
CDD,20140829,6.53,6.58,6.53,6.58,449039
CDG,20140829,0.073,0.074,0.071,0.074,100721
CDM,20140829,1.52,1.525,1.515,1.515,670497
CDP,20140829,6.05,6.18,6.05,6.15,14273
CDU,20140829,1.75,1.75,1.69,1.7,573472
CDV,20140829,0.05,0.05,0.05,0.05,107000
CDY,20140829,0.03,0.03,0.03,0.03,511500
CEL,20140829,0.08,0.082,0.08,0.082,298000
CES,20140829,0.022,0.022,0.022,0.022,392000
CFE,20140829,0.14,0.142,0.14,0.14,1028810
CFU,20140829,0.012,0.012,0.011,0.012,209587
CFX,20140829,2.17,2.17,2.14,2.15,10017745
CGF,20140829,7.84,7.85,7.725,7.85,2728669
CGH,20140829,0.465,0.48,0.465,0.48,201693
CGN,20140829,0.13,0.13,0.13,0.13,1350
CGO,20140829,0.74,0.74,0.74,0.74,5000
CGR,20140829,0.22,0.22,0.22,0.22,22727
CGS,20140829,0.27,0.27,0.27,0.27,35000
CHC,20140829,4.51,4.54,4.48,4.52,346579
CHK,20140829,0.06,0.06,0.06,0.06,2676
CHN,20140829,0.14,0.145,0.135,0.135,115069
CHZ,20140829,0.14,0.145,0.14,0.145,224432
CIA,20140829,0.295,0.295,0.295,0.295,45000
CIN,20140829,27.8,28.35,27.8,28.35,1840
CIR,20140829,0.195,0.195,0.19,0.19,15000
CIW,20140829,0.8,0.8,0.8,0.8,102559
CIX,20140829,0.47,0.475,0.47,0.475,1168000
CKA,20140829,0.16,0.165,0.16,0.165,344000
CKF,20140829,2.29,2.37,2.27,2.37,82782
CKK,20140829,0.007,0.008,0.007,0.007,472016
CKL,20140829,0.695,0.695,0.68,0.68,78997
CLH,20140829,2.3,2.3,2.14,2.16,8192712
CLQ,20140829,0.051,0.051,0.051,0.051,335318
CLV,20140829,0.42,0.42,0.405,0.405,11395
CLX,20140829,1.96,1.97,1.96,1.97,5100
CLY,20140829,0.013,0.013,0.013,0.013,105000
CLZ,20140829,0.041,0.042,0.04,0.04,455595
CMC,20140829,0.061,0.061,0.061,0.061,10000
CMG,20140829,0.41,0.41,0.385,0.39,262453
CMT,20140829,0.11,0.11,0.105,0.105,260073
CMW,20140829,1.03,1.03,0.995,1.005,60693740
CMY,20140829,0.006,0.006,0.006,0.006,550000
CNQ,20140829,0.1,0.105,0.099,0.099,361000
CNU,20140829,1.545,1.575,1.545,1.57,1171889
CNX,20140829,0.022,0.023,0.022,0.022,2660261
COE,20140829,0.47,0.48,0.47,0.475,9374
COF,20140829,0.35,0.355,0.345,0.355,186303
COH,20140829,72.39,72.55,71.77,72.55,306768
COK,20140829,0.025,0.025,0.024,0.024,2070217
COM,20140829,0.027,0.027,0.027,0.027,35000
COO,20140829,0.155,0.155,0.15,0.155,10044
COT,20140829,0.15,0.15,0.15,0.15,571
COZ,20140829,0.057,0.057,0.057,0.057,99625
CPL,20140829,0.055,0.072,0.055,0.06,1200075
CPU,20140829,12.26,12.34,12.19,12.32,1296273
CQR,20140829,3.99,4,3.97,3.97,823427
CRH,20140829,0.395,0.395,0.345,0.36,2394139
CRZ,20140829,11.19,11.23,11.06,11.13,443462
CSD,20140829,0.066,0.066,0.066,0.066,15151
CSE,20140829,0.325,0.33,0.315,0.32,240681
CSL,20140829,74.62,74.97,73.76,73.87,3470640
CSR,20140829,3.5,3.525,3.45,3.5,2277804
CSS,20140829,0.063,0.066,0.063,0.066,2228676
CSV,20140829,1.19,1.2,1.15,1.165,128658
CTD,20140829,7.5,7.74,7.38,7.5,168041
CTM,20140829,0.1,0.105,0.099,0.099,1243049
CTN,20140829,1.18,1.185,1.175,1.185,265218
CTO,20140829,0.018,0.021,0.018,0.02,1779500
CTP,20140829,0.33,0.34,0.33,0.34,373588
CTR,20140829,0.006,0.006,0.006,0.006,7139421
CTX,20140829,28.14,28.54,28,28.49,1018971
CUE,20140829,0.115,0.115,0.115,0.115,89850
CUL,20140829,0.015,0.016,0.015,0.016,1680000
CUP,20140829,1.36,1.36,1.35,1.36,52742
CUV,20140829,2.7,2.75,2.65,2.75,34683
CUX,20140829,0.012,0.012,0.012,0.012,107040
CVC,20140829,1.41,1.41,1.4,1.4,5850
CVN,20140829,0.27,0.275,0.265,0.265,12374560
CVO,20140829,2.21,2.37,2.19,2.32,3963150
CVV,20140829,0.019,0.019,0.016,0.016,600966
CVW,20140829,0.885,0.885,0.88,0.88,28840
CWE,20140829,0.047,0.048,0.046,0.048,1850598
CWN,20140829,16,16.12,15.75,15.8,2237704
CWP,20140829,7.4,7.49,7.4,7.47,52912
CXO,20140829,0.07,0.073,0.07,0.07,574746
CXU,20140829,0.2,0.235,0.2,0.235,21526
CXX,20140829,0.165,0.165,0.165,0.165,41203
CXZ,20140829,0.195,0.195,0.17,0.18,923584
CYA,20140829,0.915,0.92,0.91,0.91,31722
CYG,20140829,3.15,3.15,3.15,3.15,791
CYU,20140829,0.029,0.029,0.029,0.029,40000
CZA,20140829,0.065,0.065,0.062,0.062,160024
CZD,20140829,0.105,0.105,0.1,0.1,30000
CZI,20140829,0.265,0.305,0.265,0.3,4026831
CZR,20140829,0.033,0.033,0.033,0.033,275000
CZZ,20140829,7.69,7.8,7.65,7.7,59225
DCC,20140829,0.28,0.28,0.255,0.255,190256
DCG,20140829,2.01,2.04,1.995,2.02,380224
DCN,20140829,0.38,0.38,0.38,0.38,20157
DDR,20140829,1.8,1.82,1.8,1.82,3054
DDT,20140829,0.031,0.031,0.027,0.028,9428028
DGX,20140829,0.038,0.04,0.037,0.04,587645
DIV,20140829,21.45,21.45,21.45,21.45,11333
DJW,20140829,4.7,4.7,4.65,4.66,77033
DKM,20140829,0.25,0.255,0.24,0.255,192000
DLS,20140829,1.45,1.465,1.44,1.455,4380242
DLX,20140829,5.76,5.78,5.7,5.74,980328
DML,20140829,0.035,0.036,0.035,0.036,2012871
DMP,20140829,25.66,25.8,25.35,25.63,126690
DMY,20140829,0.002,0.002,0.002,0.002,250000
DNA,20140829,0.945,0.95,0.925,0.93,673107
DOW,20140829,4.84,4.87,4.8,4.87,1467109
DRA,20140829,0.125,0.13,0.125,0.13,66190
DRK,20140829,0.017,0.017,0.017,0.017,357117
DRM,20140829,0.635,0.645,0.625,0.63,219927
DSB,20140829,0.18,0.18,0.18,0.18,4815
DSH,20140829,2.27,2.29,2.25,2.29,1195901
DSX,20140829,0.19,0.19,0.185,0.185,30000
DTE,20140829,0.125,0.13,0.125,0.13,2893388
DTL,20140829,0.82,0.82,0.815,0.82,143746
DTR,20140829,0.018,0.018,0.017,0.017,102218
DUE,20140829,2.44,2.45,2.43,2.44,5426410
DUI,20140829,3.94,3.96,3.93,3.96,32730
DVA,20140829,0.028,0.028,0.028,0.028,40000
DVI,20140829,0.008,0.008,0.008,0.008,200000
DVL,20140829,0.43,0.43,0.43,0.43,59500
DVN,20140829,1.14,1.145,1.12,1.145,23000
DWS,20140829,1.26,1.26,1.25,1.255,91892
DXS,20140829,1.2,1.212,1.195,1.205,37401391
DYE,20140829,0.215,0.22,0.215,0.215,79669
DYL,20140829,0.018,0.018,0.017,0.017,6520255
EAF,20140829,0.008,0.008,0.006,0.006,5958905
EAL,20140829,0.475,0.505,0.475,0.495,418032
EAR,20140829,0.105,0.105,0.099,0.1,1100000
EAS,20140829,0.79,0.79,0.75,0.75,7163
EAX,20140829,2.95,3.1,2.95,3.01,18018
EBO,20140829,9,9,8.85,8.85,16970
EBT,20140829,4,4.03,3.96,3.98,55111
ECV,20140829,0.94,0.94,0.94,0.94,2930
EDE,20140829,0.015,0.015,0.015,0.015,300001
EEG,20140829,0.11,0.11,0.11,0.11,356971
EER,20140829,0.03,0.03,0.03,0.03,37500
EGG,20140829,1.14,1.18,1.14,1.17,158676
EGH,20140829,0.13,0.13,0.13,0.13,300000
EGP,20140829,3.18,3.23,3.16,3.16,4773849
EGY,20140829,0.008,0.008,0.008,0.008,500000
EHL,20140829,0.212,0.215,0.21,0.21,282702
ELD,20140829,0.19,0.19,0.185,0.19,437667
ELK,20140829,0.105,0.105,0.1,0.1,26096
ELM,20140829,0.24,0.24,0.23,0.23,67365
ELT,20140829,0.014,0.014,0.014,0.014,40000
ELX,20140829,0.35,0.35,0.35,0.35,42798
EMA,20140829,0.072,0.072,0.069,0.069,296905
EME,20140829,0.15,0.15,0.15,0.15,30000
EMG,20140829,0.011,0.011,0.011,0.011,5000
EML,20140829,0.59,0.6,0.58,0.6,72910
EMR,20140829,0.029,0.029,0.028,0.028,1310643
EMX,20140829,0.03,0.031,0.03,0.03,1140000
ENB,20140829,0.013,0.013,0.013,0.013,200000
ENE,20140829,5.25,5.25,5.06,5.09,96984
ENN,20140829,1.43,1.43,1.42,1.42,140849
ENR,20140829,0.28,0.28,0.28,0.28,20000
ENT,20140829,0.105,0.115,0.105,0.11,303330
ENV,20140829,1.32,1.325,1.315,1.325,84654
EOL,20140829,0.37,0.37,0.37,0.37,8000
EOS,20140829,0.73,0.74,0.69,0.695,239298
EPD,20140829,0.675,0.695,0.675,0.685,269846
EPM,20140829,0.006,0.006,0.006,0.006,350000
EPW,20140829,1.9,1.94,1.895,1.92,175587
EPX,20140829,1.18,1.19,1.18,1.18,30480
EQT,20140829,21.86,22,21.65,21.66,18775
EQX,20140829,0.315,0.345,0.31,0.335,21113849
ERA,20140829,1.32,1.34,1.315,1.34,293495
ERI,20140829,0.012,0.012,0.012,0.012,61987
ERJ,20140829,0.009,0.01,0.009,0.01,1370473
ERM,20140829,0.043,0.044,0.042,0.044,451000
ESI,20140829,0.008,0.008,0.007,0.008,3773100
ESK,20140829,0.35,0.35,0.35,0.35,28000
ESR,20140829,0.042,0.052,0.042,0.052,70000
ESV,20140829,0.64,0.64,0.61,0.61,50490
ETE,20140829,0.047,0.047,0.045,0.047,814191
EVE,20140829,0.006,0.006,0.006,0.006,500000
EVN,20140829,0.765,0.77,0.75,0.755,1064411
EVR,20140829,0.895,0.895,0.895,0.895,40000
EWC,20140829,0.395,0.395,0.37,0.37,1962845
EXE,20140829,0.022,0.022,0.021,0.021,619111
EXG,20140829,0.072,0.077,0.072,0.077,410000
EXM,20140829,0.01,0.01,0.01,0.01,125000
EYM,20140829,0.006,0.006,0.006,0.006,1677000
EZL,20140829,1.22,1.23,1.22,1.23,92869
FAR,20140829,0.051,0.053,0.05,0.052,12365652
FAS,20140829,0.004,0.004,0.004,0.004,462614
FBU,20140829,8.3,8.3,8.18,8.21,374866
FDC,20140829,2.72,2.74,2.66,2.66,7483641
FET,20140829,1.86,1.885,1.85,1.865,102287
FFF,20140829,0.013,0.013,0.012,0.013,151327
FFG,20140829,0.235,0.235,0.205,0.205,2251000
FFI,20140829,4.12,4.44,4.12,4.18,2500
FLK,20140829,0.245,0.25,0.24,0.245,786163
FLN,20140829,0.82,0.85,0.815,0.85,8212
FLT,20140829,46.36,47.01,46.18,46.9,413903
FMG,20140829,4.09,4.18,4.01,4.17,35969338
FML,20140829,0.01,0.01,0.01,0.01,1008634
FMS,20140829,0.023,0.023,0.022,0.023,2126548
FND,20140829,0.18,0.18,0.18,0.18,6087865
FNP,20140829,3.2,3.29,3.2,3.25,44314
FNT,20140829,0.016,0.016,0.014,0.014,691798
FOY,20140829,0.001,0.001,0.001,0.001,1675
FPH,20140829,4.57,4.58,4.55,4.56,20240
FPS,20140829,1.94,2.04,1.94,2,26470
FRE,20140829,0.002,0.003,0.002,0.002,2349552
FRI,20140829,1.51,1.55,1.51,1.535,104835
FRM,20140829,0.14,0.2,0.14,0.2,264032
FSA,20140829,1.22,1.23,1.19,1.22,22172
FSE,20140829,0.005,0.005,0.005,0.005,589
FSF,20140829,5.55,5.55,5.45,5.48,19897
FSI,20140829,1.68,1.68,1.68,1.68,11166
FST,20140829,2.72,2.72,2.7,2.7,80913
FUN,20140829,0.075,0.075,0.068,0.07,493946
FWD,20140829,2.05,2.1,2.01,2.08,274655
FXJ,20140829,0.885,0.887,0.865,0.865,9238306
FXL,20140829,3.94,3.95,3.9,3.92,1086236
FZR,20140829,0.28,0.28,0.28,0.28,38292
GAL,20140829,0.025,0.026,0.024,0.024,195000
GAP,20140829,0.25,0.25,0.245,0.245,472446
GBE,20140829,0.042,0.042,0.04,0.04,225217
GBG,20140829,0.048,0.049,0.047,0.049,1220921
GBI,20140829,0.245,0.28,0.24,0.28,38299
GBM,20140829,0.005,0.005,0.004,0.004,300000
GBP,20140829,0.07,0.07,0.07,0.07,22000
GBT,20140829,4,4,3.95,4,36570
GBZ,20140829,0.028,0.03,0.028,0.03,110000
GCN,20140829,0.015,0.016,0.015,0.016,1890631
GCS,20140829,0.47,0.47,0.47,0.47,25073
GDA,20140829,0.135,0.135,0.13,0.13,8736
GDI,20140829,0.895,0.895,0.88,0.88,1858238
GDY,20140829,0.048,0.049,0.048,0.049,45640
GEM,20140829,5.31,5.38,5.3,5.38,1509668
GER,20140829,0.05,0.05,0.05,0.05,30000
GFF,20140829,0.64,0.645,0.64,0.64,3049785
GGE,20140829,0.013,0.013,0.012,0.012,450000
GGG,20140829,0.155,0.16,0.15,0.16,1044144
GGX,20140829,0.02,0.02,0.02,0.02,35322
GHC,20140829,1.39,1.41,1.357,1.36,49506
GID,20140829,0.48,0.577,0.48,0.52,528627
GJT,20140829,1.65,1.65,1.65,1.65,5022
GLA,20140829,0.005,0.005,0.005,0.005,17000
GLB,20140829,0.49,0.49,0.48,0.49,17000
GLE,20140829,0.26,0.26,0.26,0.26,6000
GLH,20140829,0.565,0.565,0.55,0.55,47149
GLL,20140829,0.16,0.16,0.16,0.16,20000
GMA,20140829,3.85,3.85,3.765,3.77,947341
GMC,20140829,0.002,0.003,0.002,0.002,2644300
GMG,20140829,5.58,5.62,5.55,5.58,3191761
GMR,20140829,0.011,0.011,0.011,0.011,520000
GMY,20140829,1.05,1.05,1.05,1.05,8500
GNC,20140829,8.96,9.07,8.96,9.06,841504
GNE,20140829,1.62,1.62,1.6,1.6,12448
GNG,20140829,0.82,0.83,0.815,0.825,48100
GOLD,20140829,132.2,132.67,132.2,132.2,2230
GOR,20140829,0.36,0.365,0.357,0.365,2440477
GOZ,20140829,2.66,2.68,2.65,2.65,402142
GPG,20140829,0.55,0.56,0.545,0.545,798530
GPR,20140829,0.061,0.064,0.061,0.064,316000
GPT,20140829,4.04,4.04,3.99,3.99,13643344
GRB,20140829,0.17,0.17,0.152,0.165,3020262
GRK,20140829,0.004,0.004,0.004,0.004,4041333
GRM,20140829,0.17,0.17,0.17,0.17,5882
GRR,20140829,0.175,0.175,0.162,0.165,2065577
GRY,20140829,0.165,0.167,0.16,0.16,179955
GTE,20140829,0.045,0.047,0.045,0.047,122014
GTG,20140829,0.027,0.027,0.027,0.027,35833
GTK,20140829,2.01,2.01,2,2,64887
GUD,20140829,7.75,7.85,7.66,7.85,254828
GUF,20140829,0.06,0.062,0.057,0.057,2022905
GVF,20140829,0.995,1.005,0.995,1.005,96543
GWA,20140829,3.04,3.06,3.03,3.05,1042731
GXL,20140829,10,10,10,10,18410985
GXY,20140829,0.053,0.055,0.053,0.055,494239
HAO,20140829,0.21,0.21,0.2,0.2,35455
HAR,20140829,0.031,0.031,0.031,0.031,21300
HAS,20140829,0.082,0.085,0.082,0.085,139762
HAV,20140829,0.15,0.15,0.13,0.135,779825
HAZ,20140829,0.038,0.038,0.038,0.038,100000
HCH,20140829,0.24,0.245,0.235,0.235,330290
HDX,20140829,0.2,0.2,0.165,0.18,1025623
HFA,20140829,1.59,1.59,1.55,1.57,1007702
HFR,20140829,0.73,0.73,0.7,0.7,396626
HGG,20140829,4.17,4.2,4.13,4.16,3403468
HGO,20140829,0.083,0.086,0.083,0.084,9596740
HHL,20140829,2.06,2.11,2.06,2.11,11976
HHV,20140829,1.12,1.13,1.115,1.13,398911
HHY,20140829,0.165,0.165,0.165,0.165,1389906
HIG,20140829,0.06,0.06,0.059,0.06,195731
HIL,20140829,1.635,1.645,1.62,1.62,261068
HIT,20140829,0.07,0.07,0.07,0.07,66194
HLO,20140829,0.29,0.29,0.285,0.285,39511
HLX,20140829,0.032,0.032,0.032,0.032,10000
HNG,20140829,0.495,0.495,0.49,0.49,15822
HNR,20140829,0.007,0.008,0.007,0.007,1869904
HOM,20140829,0.72,0.72,0.72,0.72,10000
HOR,20140829,0.022,0.03,0.022,0.027,1986262
HPI,20140829,2.26,2.31,2.26,2.28,645057
HPR,20140829,0.18,0.18,0.18,0.18,30000
HRL,20140829,0.008,0.008,0.008,0.008,937500
HRR,20140829,0.175,0.19,0.175,0.185,204139
HSK,20140829,0.15,0.15,0.14,0.14,63112
HSN,20140829,1.535,1.535,1.5,1.5,63003
HSO,20140829,2.24,2.28,2.235,2.28,2969233
HTA,20140829,0.074,0.074,0.074,0.074,87345
HUB,20140829,1.15,1.15,1.13,1.13,19117
HVN,20140829,3.28,3.62,3.23,3.55,8324436
HZN,20140829,0.34,0.345,0.34,0.34,1462569
IAA,20140829,54.4,55.1,54.01,54.23,7430
IAF,20140829,104.26,104.26,104.05,104.05,3064
IAG,20140829,6.54,6.55,6.45,6.47,9747627
IAU,20140829,0.28,0.285,0.28,0.28,3090429
IBC,20140829,0.565,0.565,0.565,0.565,5000
IBG,20140829,0.135,0.14,0.135,0.14,8957851
IBK,20140829,43.98,44.1,43.87,43.91,12007
IBY,20140829,0.29,0.3,0.29,0.29,82482
ICG,20140829,0.021,0.022,0.021,0.021,1051856
ICN,20140829,0.165,0.17,0.16,0.17,984868
ICQ,20140829,1.49,1.5,1.475,1.485,211931
ICT,20140829,0.125,0.13,0.125,0.13,88335
ICX,20140829,0.042,0.042,0.042,0.042,120200
IDC,20140829,0.03,0.03,0.03,0.03,510000
IDR,20140829,2.01,2.01,1.995,2.01,328604
IDT,20140829,0.27,0.27,0.27,0.27,18500
IDZ,20140829,0.75,0.75,0.75,0.75,613361
IEC,20140829,0.03,0.03,0.027,0.027,50000
IEM,20140829,48.3,48.39,48.17,48.21,18971
IEU,20140829,50.43,50.56,49.95,49.96,41070
IFE,20140829,0.09,0.09,0.089,0.089,35360
IFL,20140829,9.53,9.57,9.42,9.43,1664412
IFM,20140829,1.08,1.115,1.07,1.09,8761814
IFN,20140829,0.23,0.23,0.22,0.23,4775309
IFZ,20140829,2.17,2.17,2.16,2.16,11195
IGB,20140829,103.26,103.27,103.26,103.27,203
IGO,20140829,4.53,4.7,4.52,4.67,629219
IGS,20140829,0.003,0.003,0.002,0.003,700000
IHD,20140829,16.05,16.09,16.04,16.06,19568
IHK,20140829,23.54,23.54,23.5,23.5,287
IIL,20140829,0.25,0.25,0.24,0.24,92222
IIN,20140829,7.85,7.87,7.7,7.72,835038
IJH,20140829,153.8,153.8,153.69,153.69,223
IJP,20140829,12.73,12.73,12.61,12.69,16021
IJR,20140829,117.95,118.15,117.67,117.67,242
ILB,20140829,109.59,109.59,109.49,109.52,532
ILC,20140829,25.83,25.84,25.78,25.8,13754
ILU,20140829,8.98,8.98,8.87,8.9,1443647
IMC,20140829,0.007,0.007,0.006,0.006,1615318
IMD,20140829,0.735,0.76,0.735,0.75,329226
IMF,20140829,2,2.01,1.99,1.99,435981
IMI,20140829,0.001,0.001,0.001,0.001,300000
IMU,20140829,0.017,0.017,0.017,0.017,140000
INA,20140829,0.475,0.48,0.465,0.47,335829
INT,20140829,0.02,0.021,0.02,0.021,110809
IOF,20140829,3.64,3.67,3.62,3.67,1571553
IOH,20140829,1.17,1.22,1.16,1.195,154617
IOO,20140829,85,85.01,84.46,84.67,19514
IOZ,20140829,24.58,24.58,24.5,24.5,27888
IPB,20140829,0.4,0.41,0.4,0.4,213230
IPD,20140829,0.36,0.36,0.345,0.36,182878
IPL,20140829,3.1,3.11,3.07,3.1,5286256
IPP,20140829,3.38,3.46,3.34,3.46,517636
IQE,20140829,2.81,2.82,2.8,2.8,433618
IRC,20140829,0.087,0.087,0.085,0.087,13481
IRD,20140829,0.26,0.26,0.26,0.26,33115
IRE,20140829,10.2,10.48,10.12,10.27,523969
IRG,20140829,0.001,0.002,0.001,0.002,1400100
IRI,20140829,0.975,0.975,0.955,0.955,200945
IRL,20140829,0.007,0.007,0.006,0.006,264159
IRN,20140829,0.215,0.22,0.2,0.2,1872597
IRU,20140829,124.7,124.7,124.24,124.24,453
ISD,20140829,2.62,2.62,2.54,2.59,205467
ISG,20140829,14.88,14.88,14.88,14.88,11
ISN,20140829,0.175,0.175,0.155,0.16,112363
ISO,20140829,4.1,4.1,4.08,4.08,6084
ISU,20140829,1.18,1.22,1.175,1.21,554241
ITD,20140829,0.25,0.25,0.25,0.25,31000
ITT,20140829,0.016,0.016,0.015,0.015,5004999
ITW,20140829,17.52,17.55,17.52,17.55,539
IVC,20140829,11.34,11.41,11.31,11.39,485879
IVE,20140829,71.88,71.9,71.2,71.55,37247
IVO,20140829,0.08,0.08,0.08,0.08,25029
IVR,20140829,0.035,0.036,0.035,0.035,767125
IVV,20140829,216.36,216.36,215.51,215.82,21776
IVX,20140829,0.083,0.083,0.08,0.08,460888
IXI,20140829,96.46,96.46,96.15,96.3,1742
IXJ,20140829,103.74,104,103.7,103.8,3182
IXR,20140829,0.028,0.028,0.028,0.028,2800336
IZM,20140829,0.003,0.003,0.003,0.003,445000
IZZ,20140829,43.45,43.66,43.32,43.4,3604
JAL,20140829,0.16,0.16,0.16,0.16,9725
JBH,20140829,16.97,16.98,16.68,16.87,404881
JHC,20140829,2.22,2.29,2.22,2.26,2127795
JHX,20140829,12.86,12.9,12.72,12.81,3129145
JIN,20140829,1.35,1.38,1.3,1.345,51488
JKA,20140829,0.045,0.045,0.045,0.045,423078
JPR,20140829,0.4,0.4,0.4,0.4,30100
JRV,20140829,0.05,0.051,0.05,0.051,25380
JYC,20140829,0.54,0.54,0.54,0.54,50000
KAM,20140829,0.59,0.59,0.58,0.58,10765
KAR,20140829,3.75,3.805,3.75,3.79,1036475
KAS,20140829,0.084,0.085,0.084,0.084,121000
KAT,20140829,0.98,0.98,0.98,0.98,6140
KBC,20140829,0.175,0.175,0.175,0.175,54000
KBL,20140829,0.064,0.064,0.062,0.062,572811
KCN,20140829,0.92,0.93,0.91,0.91,330667
KDL,20140829,0.18,0.185,0.18,0.18,254651
KDR,20140829,0.09,0.1,0.09,0.1,195500
KEY,20140829,0.018,0.018,0.016,0.016,5960856
KGD,20140829,0.081,0.081,0.08,0.08,68000
KGL,20140829,0.4,0.41,0.39,0.4,218500
KIK,20140829,0.014,0.014,0.014,0.014,75418
KIN,20140829,0.14,0.14,0.14,0.14,27000
KIS,20140829,0.125,0.13,0.125,0.13,93666
KMD,20140829,2.91,2.98,2.905,2.98,296788
KME,20140829,0.31,0.315,0.305,0.315,15001
KNL,20140829,0.365,0.365,0.335,0.335,1237930
KOR,20140829,0.05,0.05,0.05,0.05,13000
KOV,20140829,6.3,6.3,6.27,6.3,4121
KPC,20140829,0.155,0.16,0.155,0.155,72000
KPL,20140829,0.365,0.365,0.365,0.365,10000
KPT,20140829,3.35,3.35,3.35,3.35,1210
KRB,20140829,0.07,0.07,0.07,0.07,30303
KRC,20140829,0.067,0.069,0.065,0.067,201153
KRM,20140829,0.505,0.515,0.5,0.51,236622
KRS,20140829,0.23,0.23,0.23,0.23,430500
KSC,20140829,1.46,1.48,1.44,1.44,65268
KSN,20140829,0.017,0.017,0.017,0.017,38317
KTA,20140829,0.1,0.105,0.1,0.105,77500
LAU,20140829,0.39,0.4,0.39,0.39,114877
LBL,20140829,0.105,0.105,0.1,0.1,53404
LBT,20140829,0.125,0.13,0.125,0.13,46000
LBY,20140829,0.02,0.02,0.02,0.02,562000
LCM,20140829,0.975,1,0.975,1,290482
LCT,20140829,0.052,0.052,0.052,0.052,7692
LCY,20140829,0.014,0.014,0.014,0.014,71676
LEG,20140829,0.013,0.013,0.013,0.013,800000
LEI,20140829,22.55,22.62,22.34,22.44,804154
LEP,20140829,3.12,3.22,3.12,3.18,147711
LER,20140829,0.068,0.068,0.068,0.068,30000
LGD,20140829,0.28,0.28,0.28,0.28,66628
LGO,20140829,0.003,0.003,0.003,0.003,15000
LHB,20140829,0.155,0.17,0.15,0.15,424978
LHC,20140829,2.3,2.3,2.28,2.28,236731
LIC,20140829,1.75,1.82,1.75,1.8,86078
LIN,20140829,0.009,0.009,0.009,0.009,271557
LKO,20140829,0.003,0.004,0.003,0.003,633750
LLC,20140829,14.12,14.355,14.12,14.3,6356827
LLO,20140829,0.4,0.4,0.4,0.4,9500
LMB,20140829,0.75,0.77,0.745,0.75,303547
LMG,20140829,0.006,0.006,0.006,0.006,310000
LML,20140829,0.054,0.054,0.054,0.054,312000
LMR,20140829,0.047,0.049,0.045,0.047,591666
LMW,20140829,0.495,0.495,0.495,0.495,4300
LNG,20140829,3.71,3.84,3.69,3.8,1356685
LNR,20140829,0.48,0.495,0.48,0.485,630102
LOM,20140829,0.395,0.4,0.385,0.4,374617
LRS,20140829,0.039,0.039,0.039,0.039,342823
LSA,20140829,0.09,0.09,0.09,0.09,5000
LSN,20140829,0.032,0.032,0.032,0.032,1200000
LSR,20140829,0.018,0.018,0.018,0.018,1726
LTR,20140829,0.028,0.028,0.028,0.028,332625
LYC,20140829,0.155,0.16,0.15,0.16,9518737
LYL,20140829,2.18,2.18,2.18,2.18,229
MAD,20140829,0.23,0.252,0.23,0.245,2582646
MAH,20140829,0.12,0.125,0.115,0.12,5635423
MAK,20140829,0.099,0.1,0.097,0.1,30300
MAQ,20140829,4.56,4.9,4.56,4.8,28412
MAR,20140829,0.007,0.007,0.007,0.007,735000
MAT,20140829,0.26,0.26,0.25,0.25,147563
MAU,20140829,0.145,0.145,0.14,0.14,110714
MBE,20140829,0.275,0.275,0.27,0.27,1890082
MBK,20140829,0.013,0.013,0.013,0.013,100226
MBN,20140829,0.1,0.1,0.088,0.09,18302147
MBO,20140829,0.035,0.039,0.035,0.039,240000
MCE,20140829,1.095,1.12,1.09,1.095,13535
MCP,20140829,1.38,1.385,1.36,1.36,50271
MCR,20140829,0.655,0.67,0.65,0.65,384060
MCS,20140829,0.53,0.54,0.515,0.54,140792
MDG,20140829,0.17,0.17,0.17,0.17,32500
MDL,20140829,1.54,1.625,1.53,1.54,105975
MDX,20140829,0.064,0.07,0.064,0.07,70430
MED,20140829,0.07,0.07,0.07,0.07,4319
MEL,20140829,0.064,0.066,0.06,0.066,352042
MEO,20140829,0.047,0.048,0.046,0.046,1104966
MEP,20140829,0.26,0.26,0.205,0.205,2905558
MFF,20140829,1.49,1.495,1.475,1.475,370768
MFG,20140829,13.4,13.52,13.26,13.4,602826
MGB,20140829,0.1,0.1,0.099,0.099,75000
MGL,20140829,0.03,0.03,0.03,0.03,68
MGP,20140829,0.245,0.245,0.245,0.245,10000
MGR,20140829,1.84,1.842,1.815,1.835,14485616
MGV,20140829,0.062,0.062,0.062,0.062,25000
MGX,20140829,0.69,0.695,0.68,0.69,5488022
MGY,20140829,0.041,0.041,0.041,0.041,247621
MHI,20140829,0.21,0.21,0.21,0.21,7664
MHM,20140829,0.029,0.036,0.029,0.035,549286
MIG,20140829,0.325,0.33,0.32,0.33,43682
MIN,20140829,10.6,10.7,10.5,10.63,660075
MIR,20140829,2.74,2.75,2.73,2.74,72571
MIX,20140829,0.17,0.175,0.17,0.175,141536
MIZ,20140829,0.005,0.005,0.004,0.004,8570999
MKB,20140829,0.16,0.16,0.16,0.16,858265
MLA,20140829,0.16,0.16,0.16,0.16,7500
MLB,20140829,1.3,1.36,1.3,1.35,497466
MLI,20140829,0.052,0.052,0.052,0.052,70000
MLS,20140829,0.005,0.005,0.005,0.005,218848
MLT,20140829,4.55,4.55,4.5,4.53,223935
MLX,20140829,0.23,0.232,0.225,0.225,763488
MMC,20140829,0.016,0.016,0.015,0.015,552522
MML,20140829,1.2,1.22,1.19,1.21,1808129
MMS,20140829,11.26,11.66,11.25,11.66,532316
MNB,20140829,0.004,0.004,0.004,0.004,300000
MNC,20140829,0.017,0.019,0.017,0.019,1505714
MND,20140829,15.99,16,15.62,15.66,438179
MNE,20140829,0.016,0.017,0.016,0.017,1411101
MNF,20140829,2.73,2.85,2.65,2.65,186587
MNM,20140829,0.018,0.02,0.018,0.02,738000
MNW,20140829,0.185,0.19,0.185,0.185,112293
MNY,20140829,1.14,1.165,1.13,1.13,157040
MNZ,20140829,1.33,1.33,1.3,1.3,19706
MOC,20140829,2.9,2.93,2.89,2.93,205118
MOX,20140829,0.02,0.02,0.02,0.02,53638
MOY,20140829,0.1,0.1,0.097,0.097,162931
MOZ,20140829,0.011,0.011,0.011,0.011,68000
MPJ,20140829,0.007,0.008,0.007,0.008,3524018
MPO,20140829,0.155,0.155,0.15,0.15,270263
MPP,20140829,1.55,1.565,1.55,1.565,3017352
MQA,20140829,3.28,3.32,3.22,3.28,1748421
MQG,20140829,58.19,58.39,57.79,58.3,1811100
MRF,20140829,0.068,0.073,0.068,0.073,45666
MRM,20140829,2.3,2.31,2.27,2.31,998884
MRN,20140829,1.16,1.16,1.1,1.16,11820
MRP,20140829,0.17,0.17,0.165,0.165,25000
MRV,20140829,0.006,0.006,0.006,0.006,10000
MSB,20140829,5.1,5.13,4.89,5.03,392660
MSC,20140829,0.07,0.07,0.07,0.07,31990
MSR,20140829,0.039,0.039,0.037,0.037,223876
MSV,20140829,0.048,0.048,0.045,0.045,523000
MTA,20140829,0.18,0.18,0.165,0.17,420426
MTH,20140829,0.011,0.012,0.011,0.011,2656850
MTR,20140829,2.06,2.18,2.06,2.18,2031451
MTS,20140829,2.79,2.81,2.75,2.81,8256836
MTU,20140829,7.25,7.38,7.25,7.37,1110827
MUE,20140829,0.034,0.034,0.032,0.032,317350
MUT,20140829,0.003,0.003,0.003,0.003,320000
MUX,20140829,0.15,0.15,0.15,0.15,5000
MVA,20140829,16.84,16.84,16.84,16.84,2309
MVB,20140829,26.99,26.99,26.99,26.99,350
MVF,20140829,1.655,1.7,1.645,1.65,1188371
MVP,20140829,1.15,1.15,1.1,1.1,52000
MVT,20140829,0.125,0.135,0.125,0.135,201982
MVW,20140829,21.4,21.4,21.37,21.39,43651
MWR,20140829,1.19,1.33,1.19,1.33,30351
MXI,20140829,0.99,1.015,0.99,1.01,108652
MYA,20140829,0.11,0.115,0.11,0.115,535118
MYE,20140829,0.53,0.53,0.52,0.53,4116222
MYG,20140829,0.044,0.044,0.041,0.041,2759013
MYR,20140829,2.41,2.45,2.41,2.42,4074549
MYS,20140829,4.95,5.03,4.93,4.93,19809
MYT,20140829,2.1,2.1,2.1,2.1,52
MYX,20140829,0.8,0.805,0.78,0.79,1090306
MZI,20140829,0.007,0.008,0.007,0.007,2720000
NAB,20140829,34.91,35.27,34.84,35.2,10585891
NAM,20140829,0.325,0.33,0.325,0.33,141000
NAN,20140829,0.91,0.92,0.91,0.91,6773428
NCC,20140829,1.11,1.11,1.11,1.11,10000
NCM,20140829,11.36,11.38,11.22,11.32,3949421
NCR,20140829,0.011,0.011,0.011,0.011,653726
NDO,20140829,0.052,0.053,0.052,0.052,3647000
NEA,20140829,0.52,0.532,0.515,0.52,2260612
NEC,20140829,2.03,2.06,2,2.06,2687485
NEN,20140829,0.026,0.026,0.025,0.025,4122659
NEU,20140829,0.1,0.1,0.096,0.096,2487158
NFE,20140829,0.12,0.12,0.12,0.12,10000
NGF,20140829,0.145,0.15,0.145,0.15,114018
NGY,20140829,0.028,0.03,0.028,0.03,77497
NHC,20140829,3.03,3.1,3.03,3.06,183278
NHF,20140829,3.4,3.45,3.39,3.39,310119
NML,20140829,0.061,0.061,0.061,0.061,4000
NMS,20140829,1.4,1.4,1.4,1.4,391
NNW,20140829,0.5,0.515,0.5,0.51,198917
NOD,20140829,0.039,0.042,0.039,0.042,172414
NRR,20140829,0.024,0.024,0.024,0.024,200000
NRT,20140829,0.145,0.15,0.145,0.15,160778
NRU,20140829,0.002,0.002,0.002,0.002,2100000
NSE,20140829,0.115,0.115,0.115,0.115,110000
NSL,20140829,0.011,0.013,0.011,0.012,10820100
NSR,20140829,1.35,1.37,1.34,1.355,581637
NST,20140829,1.76,1.77,1.73,1.755,2844702
NTC,20140829,0.68,0.69,0.61,0.65,406060
NTM,20140829,0.02,0.02,0.018,0.018,156200
NTU,20140829,0.19,0.19,0.185,0.185,35000
NUF,20140829,4.36,4.37,4.3,4.31,806570
NVI,20140829,0.4,0.4,0.4,0.4,926
NVT,20140829,5.35,5.4,5.33,5.37,418554
NWE,20140829,0.01,0.01,0.01,0.01,1100000
NWF,20140829,0.405,0.48,0.405,0.48,30000
NWH,20140829,1.035,1.045,1.025,1.045,813299
NWR,20140829,0.009,0.009,0.009,0.009,239881
NWS,20140829,18.45,18.51,18.44,18.44,91768
NWT,20140829,0.29,0.29,0.275,0.28,761017
NWZ,20140829,0.095,0.095,0.09,0.09,252339
NXR,20140829,0.02,0.02,0.019,0.019,1000000
NXT,20140829,1.85,1.895,1.85,1.86,497830
NZO,20140829,0.71,0.71,0.7,0.7,3250
OBJ,20140829,0.097,0.097,0.094,0.095,2637549
OBL,20140829,0.009,0.01,0.009,0.009,3574888
OBS,20140829,0.365,0.39,0.365,0.39,52220
OCC,20140829,0.375,0.38,0.35,0.375,61238
OCL,20140829,1.49,1.5,1.46,1.49,38773
ODN,20140829,0.002,0.003,0.002,0.003,1247333
ODY,20140829,0.071,0.071,0.071,0.071,198200
OEC,20140829,0.2,0.2,0.195,0.2,411210
OEG,20140829,0.027,0.027,0.027,0.027,18256
OEL,20140829,0.089,0.089,0.087,0.089,1217989
OEX,20140829,0.16,0.165,0.16,0.16,104894
OFX,20140829,2.46,2.48,2.445,2.48,822160
OGC,20140829,2.85,2.89,2.85,2.88,84127
OGI,20140829,0.005,0.005,0.005,0.005,37264
OGL,20140829,0.011,0.011,0.011,0.011,285600
OIL,20140829,0.04,0.04,0.04,0.04,32213
OKN,20140829,1.865,1.87,1.865,1.865,60167
OKU,20140829,0.003,0.003,0.003,0.003,197100
OMH,20140829,0.415,0.415,0.4,0.405,249915
ONC,20140829,0.195,0.195,0.195,0.195,20000
ONT,20140829,5.88,6,5.88,6,6695
OPG,20140829,0.052,0.052,0.05,0.05,450000
ORA,20140829,1.69,1.695,1.632,1.65,6177115
ORE,20140829,3.08,3.09,2.97,2.97,145811
ORG,20140829,15.34,15.55,15.34,15.53,4552501
ORI,20140829,20.63,20.65,20.38,20.5,1834142
ORL,20140829,4.46,4.49,4.45,4.48,6840
ORN,20140829,0.042,0.042,0.042,0.042,8000
ORS,20140829,0.031,0.032,0.031,0.032,525966
ORX,20140829,0.02,0.02,0.02,0.02,12000
OSH,20140829,9.64,9.7,9.61,9.69,2994368
OSL,20140829,0.12,0.12,0.105,0.105,1741220
OTC,20140829,0.18,0.21,0.18,0.185,3537429
OTH,20140829,0.58,0.585,0.56,0.57,262190
OVH,20140829,0.345,0.345,0.345,0.345,11500
OVL,20140829,0.009,0.009,0.009,0.009,666500
OZB,20140829,0.01,0.012,0.01,0.012,7958969
OZF,20140829,21.75,21.8,21.73,21.73,40307
OZL,20140829,4.31,4.32,4.27,4.29,2197582
OZR,20140829,10.21,10.24,10.21,10.24,765
PAA,20140829,0.011,0.011,0.01,0.01,1500999
PAB,20140829,0.024,0.024,0.024,0.024,565500
PAF,20140829,0.955,0.955,0.945,0.95,25469
PAN,20140829,0.73,0.807,0.727,0.795,2222237
PBG,20140829,0.525,0.537,0.52,0.53,4672457
PBT,20140829,0.235,0.24,0.225,0.23,81030
PCL,20140829,0.028,0.029,0.028,0.028,855024
PDI,20140829,0.011,0.011,0.011,0.011,220000
PDM,20140829,0.003,0.003,0.003,0.003,200000
PDN,20140829,0.42,0.435,0.41,0.425,15166062
PDY,20140829,0.005,0.005,0.004,0.005,5645000
PDZ,20140829,0.37,0.37,0.37,0.37,65000
PEH,20140829,0.07,0.075,0.07,0.07,293000
PEK,20140829,0.085,0.094,0.085,0.087,712735
PEL,20140829,0.009,0.01,0.009,0.01,42381
PEN,20140829,0.024,0.025,0.024,0.024,5007491
PEX,20140829,0.1,0.1,0.1,0.1,10000
PFG,20140829,0.11,0.11,0.11,0.11,130000
PFL,20140829,1.335,1.335,1.305,1.32,25300
PGC,20140829,0.34,0.34,0.34,0.34,12088
PGF,20140829,0.94,0.94,0.91,0.91,95118
PGH,20140829,3.79,3.83,3.78,3.83,827082
PGI,20140829,0.054,0.054,0.052,0.053,277934
PGM,20140829,0.17,0.17,0.165,0.17,125500
PGR,20140829,1.085,1.11,1.06,1.07,223679
PHG,20140829,0.56,0.56,0.56,0.56,40385
PHK,20140829,0.031,0.031,0.03,0.03,100000
PIM,20140829,0.019,0.02,0.019,0.02,1269657
PIO,20140829,0.02,0.021,0.02,0.02,1337724
PIR,20140829,1.745,1.77,1.735,1.765,2550301
PKR,20140829,0.24,0.24,0.24,0.24,14871
PLD,20140829,0.009,0.009,0.008,0.008,200
PLP,20140829,0.027,0.027,0.024,0.024,39269
PLS,20140829,0.025,0.026,0.025,0.026,108000
PMC,20140829,1.79,1.795,1.775,1.795,174270
PME,20140829,0.94,0.96,0.94,0.945,29105
PMP,20140829,0.46,0.47,0.46,0.47,160673
PMV,20140829,9.78,9.81,9.61,9.65,184103
PMY,20140829,0.035,0.036,0.035,0.036,596037
PNA,20140829,2.3,2.3,2.28,2.29,560381
PNC,20140829,1.6,1.6,1.55,1.6,190030
PNL,20140829,0.38,0.38,0.38,0.38,5000
PNR,20140829,0.069,0.069,0.069,0.069,25000
POH,20140829,0.098,0.1,0.098,0.1,1325000
POK,20140829,0.041,0.042,0.041,0.042,170000
POP,20140829,0.056,0.056,0.056,0.056,50000
POS,20140829,0.18,0.18,0.17,0.18,1457386
POZ,20140829,0.018,0.02,0.016,0.016,4975763
PPC,20140829,1.28,1.32,1.28,1.32,75978
PPG,20140829,0.475,0.475,0.475,0.475,50000
PPK,20140829,0.73,0.73,0.71,0.71,1350
PPP,20140829,0.054,0.068,0.054,0.064,66360612
PPS,20140829,0.215,0.22,0.21,0.21,3379561
PPT,20140829,46.8,49.72,46.8,49.53,653469
PPX,20140829,0.046,0.047,0.045,0.046,261273
PRA,20140829,0.028,0.029,0.028,0.029,550000
PRG,20140829,2.82,2.85,2.77,2.85,147065
PRL,20140829,0.14,0.16,0.14,0.16,240000
PRO,20140829,0.4,0.43,0.39,0.42,253997
PRR,20140829,0.039,0.039,0.038,0.039,2740893
PRT,20140829,1.025,1.032,0.995,1,2450355
PRU,20140829,0.43,0.445,0.43,0.44,3789786
PRY,20140829,4.5,4.54,4.47,4.52,1552176
PSA,20140829,0.13,0.13,0.13,0.13,163969
PSF,20140829,0.016,0.016,0.016,0.016,870000
PSY,20140829,0.24,0.265,0.225,0.235,8684211
PSZ,20140829,0.835,0.875,0.835,0.875,31180
PTL,20140829,0.036,0.036,0.036,0.036,1100000
PTM,20140829,5.97,6.05,5.97,5.99,891458
PTR,20140829,0.007,0.007,0.007,0.007,210636
PVA,20140829,5.05,5.05,5.04,5.04,1400
PVD,20140829,0.5,0.51,0.48,0.5,929651
PVE,20140829,0.08,0.08,0.08,0.08,30000
PWN,20140829,0.042,0.042,0.042,0.042,13290
PXG,20140829,0.12,0.125,0.12,0.12,44333
PXS,20140829,0.056,0.056,0.053,0.053,990493
PYC,20140829,0.015,0.018,0.012,0.016,3166022
PYM,20140829,0.009,0.009,0.009,0.009,600000
QAG,20140829,9.53,9.53,9.53,9.53,700
QAN,20140829,1.405,1.477,1.405,1.47,28589041
QAU,20140829,13.5,13.53,13.5,13.51,15580
QBE,20140829,11.35,11.53,11.32,11.52,13995312
QBL,20140829,0.02,0.021,0.019,0.02,1634878
QFN,20140829,11.75,11.75,11.7,11.7,8800
QFX,20140829,0.012,0.016,0.011,0.013,45662736
QHL,20140829,0.185,0.19,0.185,0.185,896812
QMN,20140829,0.011,0.011,0.011,0.011,65904
QOZ,20140829,12.83,12.83,12.8,12.8,17200
QPN,20140829,0.001,0.001,0.001,0.001,1938000
QRL,20140829,0.017,0.019,0.017,0.019,42502
QRX,20140829,0.029,0.029,0.027,0.027,470712
QUB,20140829,2.44,2.47,2.415,2.42,3616019
QUR,20140829,0.003,0.003,0.003,0.003,2000000
QVE,20140829,0.97,0.97,0.965,0.97,162473
RAD,20140829,0.035,0.035,0.035,0.035,150000
RAU,20140829,0.007,0.007,0.007,0.007,150000
RBR,20140829,0.006,0.006,0.006,0.006,500000
RBX,20140829,0.013,0.013,0.013,0.013,7
RCB,20140829,20.44,20.44,20.36,20.36,11437
RCG,20140829,0.64,0.655,0.64,0.64,541594
RCM,20140829,0.024,0.025,0.024,0.025,550000
RCO,20140829,0.3,0.3,0.3,0.3,14345
RCR,20140829,3.18,3.23,3.17,3.22,131999
RCT,20140829,4.18,4.21,4.18,4.2,41750
RCU,20140829,0.2,0.2,0.2,0.2,585
RDG,20140829,0.105,0.11,0.1,0.1,411363
RDH,20140829,1.4,1.4,1.35,1.35,41766
RDM,20140829,0.185,0.185,0.185,0.185,16000
RDR,20140829,0.037,0.037,0.034,0.034,482600
RDV,20140829,30.99,30.99,30.79,30.82,9996
REA,20140829,48.16,48.31,47.71,47.92,204122
REC,20140829,4.84,4.86,4.74,4.77,772527
RED,20140829,0.095,0.095,0.091,0.091,379135
REF,20140829,0.14,0.14,0.125,0.125,320817
REH,20140829,31.7,33,31.7,32.7,838
RER,20140829,0.059,0.065,0.059,0.062,850000
RES,20140829,0.135,0.145,0.135,0.145,57215
REX,20140829,0.83,0.83,0.82,0.82,27749
REY,20140829,0.13,0.135,0.13,0.135,64000
RFE,20140829,0.092,0.094,0.09,0.094,523889
RFF,20140829,0.99,1,0.985,0.99,572915
RFG,20140829,4.68,4.74,4.66,4.74,287109
RFL,20140829,0.445,0.445,0.365,0.385,3215672
RFX,20140829,0.235,0.235,0.22,0.22,91867
RGS,20140829,0.285,0.29,0.28,0.29,188896
RGX,20140829,0.007,0.007,0.006,0.006,11116667
RHC,20140829,52.33,53.45,51.88,51.96,734521
RHI,20140829,1.56,1.56,1.55,1.55,12500
RHL,20140829,3.45,3.45,3.43,3.43,56152
RHP,20140829,0.85,0.86,0.84,0.86,307466
RHS,20140829,0.2,0.2,0.2,0.2,150000
RHT,20140829,0.051,0.06,0.051,0.06,1428310
RIC,20140829,0.89,0.89,0.885,0.89,4358182
RIM,20140829,0.028,0.03,0.026,0.03,167000
RIO,20140829,62.1,62.68,62,62.63,4844623
RKN,20140829,2.1,2.11,2.08,2.1,537215
RLE,20140829,0.295,0.35,0.295,0.32,301614
RMD,20140829,5.69,5.71,5.66,5.71,4193157
RMG,20140829,0.001,0.001,0.001,0.001,5613496
RMS,20140829,0.062,0.062,0.061,0.061,551911
RMX,20140829,0.009,0.009,0.009,0.009,142000
RNI,20140829,0.155,0.16,0.155,0.155,150600
RNS,20140829,0.073,0.075,0.073,0.075,125000
RNU,20140829,0.049,0.049,0.049,0.049,8500
RNY,20140829,0.295,0.295,0.292,0.292,52471
ROC,20140829,0.685,0.69,0.682,0.685,1306957
ROL,20140829,0.45,0.45,0.45,0.45,60023
ROY,20140829,0.049,0.049,0.049,0.049,110000
RQL,20140829,0.13,0.14,0.13,0.14,57175
RRE,20140829,0.015,0.015,0.015,0.015,200000
RRL,20140829,1.79,1.82,1.745,1.76,1687496
RRS,20140829,0.028,0.028,0.028,0.028,4765
RSG,20140829,0.575,0.575,0.56,0.57,2684847
RSM,20140829,20.48,20.48,20.48,20.48,8575
RTA,20140829,0.175,0.18,0.175,0.18,52500
RTD,20140829,0.01,0.01,0.01,0.01,699962
RTG,20140829,1.29,1.33,1.29,1.31,52134
RTR,20140829,0.043,0.043,0.042,0.042,140000
RUB,20140829,0.059,0.059,0.059,0.059,40000
RUL,20140829,0.63,0.63,0.63,0.63,54231
RUM,20140829,0.083,0.084,0.083,0.083,130692
RVA,20140829,0.145,0.145,0.145,0.145,23412
RVL,20140829,33.26,33.26,33.14,33.14,1447
RVR,20140829,0.245,0.245,0.225,0.245,540843
RWD,20140829,0.6,0.615,0.6,0.615,1131259
RWH,20140829,3.42,3.5,3.3,3.3,22455
RXL,20140829,0.049,0.05,0.048,0.048,840085
RXM,20140829,0.305,0.32,0.305,0.31,110629
RXP,20140829,0.745,0.745,0.72,0.73,29960
RYG,20140829,0.016,0.016,0.015,0.015,159654
SAI,20140829,4.7,4.7,4.67,4.69,659602
SAR,20140829,0.41,0.41,0.382,0.385,2114093
SAU,20140829,0.014,0.016,0.014,0.016,5476978
SBB,20140829,0.115,0.125,0.107,0.11,15269917
SBM,20140829,0.105,0.11,0.105,0.105,6795800
SCD,20140829,0.44,0.44,0.44,0.44,5000
SCG,20140829,3.45,3.46,3.42,3.43,20956279
SCP,20140829,1.855,1.86,1.835,1.85,1533047
SDA,20140829,2,2.03,2,2.03,521021
SDF,20140829,1.61,1.62,1.545,1.565,1404993
SDG,20140829,1.725,1.745,1.725,1.745,73693
SDL,20140829,0.083,0.085,0.083,0.085,2554072
SDM,20140829,0.545,0.575,0.54,0.57,448749
SEA,20140829,1.365,1.372,1.35,1.36,1182678
SEG,20140829,0.015,0.016,0.014,0.015,4833825
SEH,20140829,0.232,0.245,0.23,0.245,4664623
SEK,20140829,17.35,17.54,17.28,17.47,1573464
SEN,20140829,0.047,0.048,0.047,0.048,620000
SER,20140829,0.05,0.05,0.049,0.049,155830
SFC,20140829,6.05,6.05,6,6,7225
SFH,20140829,0.92,0.93,0.905,0.91,151204
SFP,20140829,0.008,0.008,0.008,0.008,6367775
SFR,20140829,6.43,6.43,6.22,6.34,427926
SFX,20140829,1.08,1.09,1.03,1.03,276719
SFY,20140829,55.23,55.34,55.19,55.28,27967
SGF,20140829,1.8,1.81,1.8,1.8,127793
SGH,20140829,6.28,6.43,6.26,6.28,1767771
SGM,20140829,11.85,12.05,11.82,12.04,549260
SGN,20140829,1.3,1.305,1.282,1.3,973464
SGP,20140829,4.24,4.25,4.19,4.25,6885425
SGQ,20140829,0.095,0.1,0.095,0.1,47043
SGT,20140829,3.34,3.36,3.32,3.33,2858730
SGZ,20140829,0.008,0.008,0.007,0.007,51984
SHJ,20140829,2.35,2.35,2.3,2.31,66225
SHL,20140829,17.71,17.76,17.6,17.63,1124235
SHP,20140829,0.02,0.02,0.02,0.02,1121667
SHV,20140829,5.85,5.88,5.73,5.88,363902
SIH,20140829,0.018,0.018,0.018,0.018,7000
SIP,20140829,0.82,0.825,0.815,0.825,1283963
SIQ,20140829,1.505,1.52,1.5,1.52,261090
SIR,20140829,3.86,3.86,3.75,3.79,1890132
SIV,20140829,6.45,6.45,6.32,6.33,11798
SIX,20140829,0.003,0.003,0.003,0.003,222901
SKC,20140829,3.37,3.39,3.35,3.39,221312
SKE,20140829,2.78,2.79,2.71,2.72,924227
SKI,20140829,1.96,1.975,1.94,1.97,5390572
SKT,20140829,5.98,6.01,5.88,5.92,325948
SLF,20140829,10.43,10.51,10.43,10.46,84239
SLK,20140829,1.8,1.83,1.77,1.83,13613
SLM,20140829,1.71,1.72,1.71,1.71,44493
SLR,20140829,0.435,0.447,0.43,0.445,2080766
SLX,20140829,0.77,0.87,0.767,0.87,2164777
SMA,20140829,0.011,0.011,0.011,0.011,34000
SMD,20140829,0.05,0.05,0.05,0.05,305000
SMN,20140829,0.5,0.5,0.47,0.47,29137
SMP,20140829,0.26,0.29,0.26,0.29,122730
SMR,20140829,0.12,0.12,0.115,0.115,150000
SMX,20140829,4.23,4.35,4.23,4.27,79067
SNC,20140829,0.985,0.99,0.985,0.99,75426
SND,20140829,1.02,1.03,1.01,1.01,75420
SNL,20140829,2.45,2.45,2.45,2.45,1000
SNY,20140829,0.23,0.23,0.22,0.22,28920
SOC,20140829,0.024,0.025,0.024,0.025,151000
SOI,20140829,0.002,0.002,0.002,0.002,31978119
SOL,20140829,14.99,14.99,14.6,14.6,24024
SOM,20140829,1.95,1.955,1.93,1.94,35694
SOO,20140829,0.009,0.017,0.009,0.015,2735463
SOR,20140829,0.065,0.065,0.065,0.065,14000
SPI,20140829,0.016,0.016,0.016,0.016,213287
SPK,20140829,2.64,2.67,2.61,2.67,2062715
SPL,20140829,0.735,0.74,0.715,0.715,173123
SPO,20140829,1.91,1.955,1.9,1.94,1574192
SPQ,20140829,0.009,0.009,0.009,0.009,100000
SPS,20140829,0.029,0.03,0.029,0.03,150000
SPX,20140829,0.056,0.056,0.056,0.056,15000
SRH,20140829,0.16,0.16,0.16,0.16,121105
SRI,20140829,0.06,0.061,0.06,0.06,428000
SRK,20140829,0.05,0.052,0.05,0.052,397355
SRQ,20140829,0.007,0.007,0.007,0.007,769129
SRR,20140829,0.015,0.015,0.015,0.015,290000
SRV,20140829,5.41,5.41,5.32,5.35,71303
SRX,20140829,21.58,22.14,21.57,21.8,288237
SRZ,20140829,0.044,0.044,0.044,0.044,15865
SSM,20140829,0.21,0.21,0.21,0.21,262627
SSN,20140829,0.022,0.022,0.021,0.021,360000
SST,20140829,33,33,33,33,50
STB,20140829,0.2,0.2,0.19,0.195,250200
STO,20140829,14.72,14.855,14.63,14.83,6109284
STS,20140829,0.55,0.55,0.53,0.53,152323
STW,20140829,52.75,52.85,52.67,52.71,201084
STX,20140829,0.105,0.105,0.105,0.105,4880886
SUD,20140829,0.047,0.049,0.046,0.049,217212
SUH,20140829,0.072,0.072,0.072,0.072,75163
SUL,20140829,9.47,9.48,9.41,9.45,636213
SUN,20140829,14.4,14.46,14.3,14.43,6501990
SUR,20140829,0.01,0.01,0.009,0.01,52206217
SVA,20140829,0.52,0.52,0.5,0.5,45159
SVL,20140829,0.004,0.004,0.004,0.004,1500000
SVM,20140829,0.33,0.33,0.33,0.33,50000
SVW,20140829,7.64,7.74,7.58,7.72,688729
SVY,20140829,0.52,0.52,0.43,0.49,156822
SWE,20140829,0.245,0.245,0.24,0.24,56800
SWJ,20140829,0.2,0.205,0.2,0.205,250000
SWK,20140829,0.275,0.28,0.275,0.275,146069
SWL,20140829,1.73,1.77,1.71,1.75,154349
SWM,20140829,1.915,1.925,1.83,1.855,7958847
SWW,20140829,0.008,0.009,0.008,0.009,906631
SXA,20140829,0.265,0.265,0.26,0.26,199334
SXE,20140829,0.57,0.585,0.57,0.585,18683
SXG,20140829,0.009,0.009,0.009,0.009,1357895
SXL,20140829,1.085,1.095,1.055,1.07,10218964
SXT,20140829,0.004,0.004,0.004,0.004,500000
SXX,20140829,0.004,0.004,0.004,0.004,223000
SXY,20140829,0.595,0.6,0.582,0.585,3047968
SYD,20140829,4.45,4.45,4.42,4.43,3901421
SYI,20140829,31.01,31.15,31.01,31.09,7502
SYR,20140829,5.1,5.1,4.77,5.05,593624
SZG,20140829,0.06,0.06,0.06,0.06,500000
TAG,20140829,0.11,0.11,0.11,0.11,84235
TAH,20140829,3.59,3.625,3.57,3.59,3587041
TAM,20140829,0.021,0.022,0.021,0.022,116175
TAN,20140829,0.43,0.43,0.425,0.43,152034
TAP,20140829,0.66,0.662,0.64,0.645,2262845
TAR,20140829,0.006,0.006,0.005,0.005,20819
TAS,20140829,0.028,0.028,0.028,0.028,6188
TAW,20140829,0.023,0.024,0.023,0.024,1084984
TBR,20140829,3.5,3.5,3.45,3.45,4630
TCL,20140829,8.1,8.14,8.06,8.06,7351321
TCN,20140829,0.089,0.089,0.087,0.087,136000
TCO,20140829,1.11,1.11,1.11,1.11,5000
TCQ,20140829,0.25,0.25,0.25,0.25,5367
TDO,20140829,0.09,0.09,0.085,0.085,76528
TEN,20140829,0.26,0.26,0.255,0.255,1494534
TEX,20140829,0.058,0.061,0.058,0.061,532651
TFC,20140829,1.995,2.04,1.96,1.985,1210832
TGA,20140829,2.41,2.45,2.41,2.45,145009
TGG,20140829,1.345,1.345,1.33,1.345,128814
TGN,20140829,0.06,0.06,0.06,0.06,34999
TGP,20140829,0.915,0.915,0.895,0.9,213073
TGR,20140829,4,4,3.95,3.99,867335
TGZ,20140829,0.83,0.85,0.83,0.845,140260
THO,20140829,0.015,0.015,0.015,0.015,13000
THR,20140829,0.003,0.003,0.003,0.003,200000
THX,20140829,0.195,0.195,0.19,0.19,331314
TIS,20140829,0.37,0.37,0.36,0.37,206569
TIX,20140829,2.38,2.4,2.34,2.4,183513
TLG,20140829,0.42,0.44,0.42,0.435,548352
TLM,20140829,0.14,0.14,0.14,0.14,6000
TLS,20140829,5.56,5.58,5.55,5.56,45350402
TME,20140829,3.31,3.35,3.28,3.34,435606
TMM,20140829,1.97,2,1.97,2,4000
TMX,20140829,0.002,0.003,0.002,0.003,615101
TMZ,20140829,0.023,0.023,0.022,0.022,173500
TNE,20140829,3.24,3.25,3.21,3.23,358005
TNG,20140829,0.22,0.225,0.21,0.22,1397896
TNR,20140829,0.005,0.005,0.005,0.005,68000
TOE,20140829,0.065,0.065,0.062,0.064,527825
TOF,20140829,2.05,2.05,2.04,2.05,29729
TOL,20140829,5.78,6.015,5.72,5.97,10846572
TON,20140829,0.455,0.48,0.44,0.445,9697426
TOP,20140829,0.455,0.455,0.44,0.45,134745
TOX,20140829,2.71,2.79,2.65,2.79,217005
TPC,20140829,0.78,0.78,0.78,0.78,1047
TPD,20140829,0.02,0.02,0.02,0.02,24153
TPI,20140829,0.905,0.912,0.895,0.9,5629001
TPM,20140829,6.1,6.14,6.02,6.03,1195021
TPP,20140829,0.071,0.079,0.07,0.078,167500
TRG,20140829,11,11.09,11,11.09,7407
TRS,20140829,9.65,9.69,9.58,9.66,92302
TRY,20140829,0.825,0.83,0.795,0.8,489324
TSE,20140829,1.49,1.81,1.49,1.75,15678423
TSM,20140829,0.355,0.36,0.35,0.36,113830
TSN,20140829,0.006,0.006,0.006,0.006,1520000
TSV,20140829,0.004,0.005,0.004,0.005,3589000
TTE,20140829,0.015,0.016,0.014,0.015,1490166
TTI,20140829,0.056,0.056,0.052,0.056,689071
TTN,20140829,1.91,1.925,1.905,1.91,36742
TTS,20140829,3.32,3.34,3.32,3.32,4598671
TUP,20140829,3.32,3.32,3.1,3.25,9000
TWD,20140829,3.51,3.53,3.5,3.53,38814
TWE,20140829,5.16,5.2,5.09,5.11,2266066
TZL,20140829,0.135,0.14,0.13,0.14,2056901
TZN,20140829,0.05,0.05,0.049,0.05,122581
UBI,20140829,0.175,0.185,0.175,0.185,1176843
UEQ,20140829,0.012,0.012,0.011,0.011,1100388
UGL,20140829,6.45,6.5,6.41,6.5,748597
UML,20140829,0.009,0.009,0.009,0.009,779776
UNS,20140829,0.45,0.47,0.45,0.46,479867
UNV,20140829,0.125,0.125,0.125,0.125,67000
UNX,20140829,0.215,0.225,0.21,0.21,1789665
UOS,20140829,0.49,0.495,0.49,0.495,1046590
USA,20140829,0.02,0.021,0.02,0.021,50000
USD,20140829,10.54,10.54,10.51,10.53,18634
USG,20140829,1.74,1.74,1.74,1.74,21062
UXC,20140829,0.87,0.87,0.852,0.86,994079
VAF,20140829,49.17,49.17,49.11,49.17,5600
VAH,20140829,0.405,0.415,0.4,0.415,3136120
VAP,20140829,66,66.34,66,66.08,7989
VAR,20140829,0.04,0.04,0.04,0.04,7200000
VAS,20140829,71.81,72.19,71.81,71.89,42443
VEC,20140829,0.016,0.016,0.016,0.016,365000
VED,20140829,2.21,2.29,2.2,2.26,5561003
VEI,20140829,0.7,0.7,0.695,0.7,169135
VET,20140829,3.11,3.16,3.07,3.13,701262
VEU,20140829,56.08,56.08,55.6,55.78,12257
VGB,20140829,47.68,47.68,47.68,47.68,336
VGE,20140829,55.2,55.2,54.31,54.66,1721
VGI,20140829,2.28,2.28,2.28,2.28,211
VGO,20140829,0.025,0.025,0.025,0.025,23862
VHL,20140829,0.006,0.007,0.006,0.006,1800000
VHY,20140829,68.55,68.71,68.55,68.58,9428
VIC,20140829,0.005,0.005,0.005,0.005,5215681
VIE,20140829,0.2,0.22,0.2,0.22,50000
VIG,20140829,0.225,0.225,0.225,0.225,25000
VKA,20140829,0.04,0.04,0.04,0.04,110000
VLA,20140829,0.275,0.275,0.275,0.275,11750
VLC,20140829,64.09,64.09,64,64,1087
VLW,20140829,2.24,2.29,2.23,2.27,350182
VMC,20140829,0.26,0.26,0.26,0.26,12500
VMG,20140829,0.012,0.012,0.012,0.012,100000
VML,20140829,0.036,0.039,0.036,0.039,95000
VMS,20140829,0.077,0.077,0.075,0.075,96000
VMT,20140829,0.044,0.046,0.044,0.044,6087128
VOC,20140829,5.22,5.38,5.09,5.38,326152
VOR,20140829,0.002,0.002,0.002,0.002,350714
VRL,20140829,7.55,7.61,7.39,7.44,193380
VRT,20140829,7.84,7.85,7.75,7.8,1858162
VRX,20140829,0.105,0.105,0.1,0.1,196447
VSC,20140829,1.625,1.625,1.625,1.625,24126
VSO,20140829,46.61,46.71,46.61,46.67,1158
VTG,20140829,1.07,1.07,1.035,1.035,217008
VTM,20140829,0.07,0.08,0.063,0.063,2163850
VTS,20140829,111,111.41,110.8,111.05,5051
VXL,20140829,0.605,0.65,0.605,0.62,343604
WAA,20140829,1.445,1.445,1.445,1.445,12353
WAF,20140829,0.12,0.12,0.115,0.115,27829
WAM,20140829,2.06,2.08,2.06,2.06,436946
WAX,20140829,1.185,1.185,1.175,1.175,58842
WBA,20140829,1.295,1.305,1.295,1.305,19222
WBB,20140829,5.7,5.8,5.65,5.72,9666
WBC,20140829,35.14,35.28,34.83,35.04,8665714
WCB,20140829,8,8,8,8,10
WCC,20140829,0.08,0.08,0.08,0.08,6320
WCN,20140829,0.016,0.016,0.014,0.015,4953174
WCP,20140829,0.035,0.035,0.035,0.035,100000
WDR,20140829,0.19,0.2,0.19,0.19,915768
WDS,20140829,0.99,1,0.98,1,1840357
WEB,20140829,2.99,3,2.98,2.99,54009
WEC,20140829,0.19,0.19,0.19,0.19,165590
WEG,20140829,0.015,0.015,0.015,0.015,66665
WES,20140829,43.5,43.69,43.1,43.31,7793395
WFD,20140829,7.59,7.68,7.52,7.62,7365904
WGO,20140829,0.018,0.018,0.018,0.018,200000
WHC,20140829,1.94,1.98,1.935,1.975,4029656
WHE,20140829,0.006,0.007,0.006,0.006,1675520
WHF,20140829,4.28,4.3,4.21,4.21,42885
WHN,20140829,0.013,0.015,0.013,0.013,10948223
WIC,20140829,1.23,1.24,1.23,1.24,30494
WIG,20140829,0.8,0.81,0.8,0.8,32019
WIN,20140829,0.26,0.26,0.26,0.26,20000
WLC,20140829,0.025,0.025,0.025,0.025,205000
WLF,20140829,0.285,0.285,0.285,0.285,5000
WLL,20140829,3.38,3.38,3.35,3.35,6278
WLR,20140829,0.004,0.004,0.004,0.004,1108
WMK,20140829,1.025,1.03,1.025,1.03,72120
WMN,20140829,0.24,0.24,0.225,0.24,546723
WOR,20140829,16.8,16.99,16.37,16.44,2335452
WOW,20140829,36.54,36.72,36.06,36.16,6410834
WPG,20140829,0.045,0.045,0.045,0.045,100000
WPI,20140829,0.01,0.01,0.01,0.01,40000
WPL,20140829,42.64,42.79,42.42,42.7,11303853
WRM,20140829,0.02,0.02,0.02,0.02,50000
WSA,20140829,4.87,4.94,4.85,4.91,835583
WSR,20140829,0.04,0.042,0.038,0.038,3505000
WTF,20140829,3.31,3.31,3.29,3.3,136192
WTP,20140829,0.94,0.94,0.93,0.93,721980
WVL,20140829,0.014,0.014,0.013,0.014,498610
XAM,20140829,0.15,0.16,0.14,0.16,61203
XRF,20140829,0.19,0.195,0.19,0.195,82321
XRO,20140829,22.77,22.77,22.3,22.57,31215
XST,20140829,0.03,0.03,0.03,0.03,200000
XTE,20140829,0.041,0.041,0.04,0.041,253200
YAL,20140829,0.3,0.315,0.3,0.3,70500
YBR,20140829,0.695,0.7,0.69,0.7,151930
YOW,20140829,0.69,0.71,0.68,0.71,314039
YPB,20140829,0.37,0.4,0.33,0.345,1127840
YRR,20140829,0.022,0.023,0.022,0.022,16262705
ZER,20140829,0.71,0.73,0.71,0.73,24200
ZGL,20140829,0.21,0.21,0.21,0.21,99698
ZGM,20140829,0.006,0.006,0.006,0.006,41323
ZIM,20140829,9,9,9,9,2124
ZNZ,20140829,3.6,3.6,3.59,3.6,706
ZTA,20140829,0.006,0.006,0.006,0.006,25000
XAF,20140829,5721.5,5724.8,5706.3,5718.3,0
XAO,20140829,5621.3,5628.3,5613.5,5624.6,0
XAT,20140829,5583,5589.4,5573.2,5584.6,0
XDJ,20140829,1844.7,1854.7,1844.6,1850.1,0
XEC,20140829,1172.6,1179.4,1171.9,1174.2,0
XEJ,20140829,14913.1,15013,14913.1,15003.7,0
XFJ,20140829,6284.7,6313.6,6284.4,6306.8,0
XFL,20140829,5787.8,5791.8,5772.5,5784.5,0
XGD,20140829,2354,2372.6,2343.2,2357.7,0
XHJ,20140829,15561.2,15644.2,15484.3,15502.1,0
XIJ,20140829,804.1,812.6,804.1,811.4,0
XJO,20140829,5624.4,5630.6,5614.3,5625.9,0
XJR,20140829,4210.8,4210.8,4178.1,4209.1,0
XKO,20140829,5568,5574.4,5558.5,5569.7,0
XMD,20140829,4716.6,4738.5,4713.9,4738.3,0
XMJ,20140829,10072,10072,9975,10036.3,0
XMM,20140829,3246.4,3246.4,3208.6,3235.5,0
XNJ,20140829,4222.2,4258.2,4212.5,4252.2,0
XPJ,20140829,1138.7,1145.7,1138.1,1141.6,0
XSJ,20140829,10283.8,10285.5,10019.4,10052.4,0
XSO,20140829,2271,2281.6,2271,2281.6,0
XTJ,20140829,1934.5,1947.6,1934.4,1940.6,0
XTL,20140829,3531.4,3532.7,3520.1,3528.2,0
XTO,20140829,4672,4676.1,4662.1,4671.8,0
XUJ,20140829,6038.4,6051.6,6008.5,6051.6,0
XXJ,20140829,7372.6,7407.6,7371.7,7399.7,0
