AAA,20140224,50.2,50.2,50.18,50.2,78483
AAC,20140224,1.195,1.205,1.195,1.2,449035
AAD,20140224,2.26,2.3,2.26,2.29,2133593
AAI,20140224,12.8,12.8,12.8,12.8,500
AAP,20140224,0.012,0.012,0.012,0.012,250000
AAR,20140224,0.018,0.019,0.018,0.019,14750
AAX,20140224,0.64,0.64,0.625,0.63,300559
ABC,20140224,4.33,4.34,4.27,4.3,1866240
ABP,20140224,2.32,2.35,2.31,2.34,599718
ABU,20140224,0.03,0.03,0.028,0.028,5062068
ABV,20140224,0.015,0.015,0.013,0.013,435907
ABY,20140224,0.33,0.33,0.33,0.33,41000
ABZ,20140224,0.24,0.25,0.23,0.24,1087496
ACB,20140224,0.058,0.058,0.055,0.055,345000
ACG,20140224,0.135,0.14,0.135,0.14,134500
ACL,20140224,0.605,0.62,0.59,0.615,609809
ACR,20140224,2.2,2.28,2.16,2.26,3321863
ACW,20140224,0.02,0.02,0.02,0.02,29000
ADA,20140224,0.4,0.4,0.4,0.4,17000
ADD,20140224,0.005,0.005,0.005,0.005,33334
ADJ,20140224,0.093,0.093,0.084,0.084,1716841
ADN,20140224,0.066,0.068,0.066,0.066,245039
ADO,20140224,0.165,0.167,0.16,0.16,1433189
ADY,20140224,0.015,0.015,0.015,0.015,800
AEB,20140224,0.145,0.155,0.145,0.15,512512
AEE,20140224,0.038,0.038,0.038,0.038,15000
AEF,20140224,30.49,31.5,30.49,31.5,1701
AEI,20140224,0.135,0.135,0.135,0.135,50000
AEK,20140224,0.068,0.068,0.068,0.068,7189
AEU,20140224,1.57,1.58,1.56,1.58,202375
AFA,20140224,0.12,0.135,0.12,0.135,20000
AFI,20140224,6.06,6.08,6.04,6.04,288186
AFJ,20140224,1.49,1.555,1.48,1.52,719340
AFR,20140224,0.09,0.09,0.09,0.09,50000
AFV,20140224,0.65,0.65,0.65,0.65,100000
AGF,20140224,0.815,0.825,0.805,0.805,240840
AGG,20140224,3.96,4.09,3.83,3.88,4376
AGI,20140224,4.6,4.61,4.46,4.46,541838
AGK,20140224,15.85,16.02,15.82,15.86,1079132
AGO,20140224,1.1,1.117,1.075,1.085,12279053
AGR,20140224,0.067,0.067,0.067,0.067,56521
AGS,20140224,0.18,0.18,0.175,0.175,128250
AGX,20140224,0.025,0.026,0.025,0.026,674697
AHA,20140224,0.041,0.041,0.041,0.041,30000
AHD,20140224,8.35,8.63,8.35,8.45,27244
AHE,20140224,3.82,3.9,3.8,3.84,399328
AHQ,20140224,0.015,0.015,0.015,0.015,112552
AHZ,20140224,0.175,0.185,0.175,0.175,19566578
AIA,20140224,3.44,3.52,3.42,3.43,39231
AIB,20140224,0.915,0.915,0.915,0.915,1071
AIK,20140224,0.1,0.1,0.1,0.1,104167
AIO,20140224,5.67,5.71,5.6,5.66,2318635
AIX,20140224,0.005,0.006,0.005,0.006,119559
AIY,20140224,0.029,0.029,0.029,0.029,350000
AIZ,20140224,1.585,1.65,1.57,1.645,109257
AJA,20140224,3.94,3.95,3.9,3.95,549787
AJC,20140224,0.009,0.01,0.009,0.01,301032
AJD,20140224,1.06,1.06,1.05,1.055,138818
AJJ,20140224,0.09,0.09,0.09,0.09,599
AJL,20140224,1.01,1.01,0.98,1.01,8240
AJM,20140224,0.19,0.192,0.19,0.19,133350
AJQ,20140224,0.18,0.18,0.18,0.18,18000
AJR,20140224,0.003,0.005,0.003,0.005,2225000
AKA,20140224,0.096,0.096,0.095,0.095,17000
AKG,20140224,0.95,0.975,0.95,0.97,68162
AKK,20140224,0.011,0.012,0.011,0.011,2100000
AKM,20140224,0.044,0.044,0.044,0.044,125000
AKP,20140224,3.5,3.5,3.5,3.5,10000
ALA,20140224,0.23,0.245,0.215,0.245,197701
ALF,20140224,1.7,1.71,1.695,1.7,520152
ALK,20140224,0.4,0.405,0.39,0.4,214069
ALL,20140224,4.96,4.98,4.91,4.95,1638605
ALQ,20140224,8.39,8.49,8.34,8.42,786279
ALR,20140224,1.3,1.33,1.285,1.33,17967
ALT,20140224,0.027,0.027,0.025,0.025,556911
ALU,20140224,2.39,2.4,2.37,2.39,39449
ALZ,20140224,3.86,3.92,3.86,3.89,2047614
AMA,20140224,0.275,0.275,0.275,0.275,147069
AMC,20140224,10.6,10.705,10.555,10.66,4081078
AMH,20140224,0.89,0.895,0.885,0.895,68390
AMM,20140224,2.1,2.1,2.06,2.09,529709
AMP,20140224,4.97,5,4.935,5,13538764
AMX,20140224,0.185,0.195,0.185,0.195,1052310
ANG,20140224,3.35,3.49,3.35,3.49,52350
ANN,20140224,18.43,18.5,18.29,18.41,1222670
ANP,20140224,0.15,0.15,0.145,0.15,230800
ANQ,20140224,0.009,0.009,0.009,0.009,1572000
ANZ,20140224,31.87,32.05,31.83,32,5049689
AOC,20140224,0.15,0.15,0.15,0.15,128962
AOD,20140224,1.03,1.03,1.025,1.025,31741
AOG,20140224,2.1,2.11,2.05,2.06,1650506
AOH,20140224,0.175,0.175,0.17,0.175,241439
AOK,20140224,0.162,0.165,0.16,0.16,356017
AOM,20140224,0.022,0.022,0.022,0.022,94952
AON,20140224,0.021,0.024,0.021,0.024,1382000
AOP,20140224,0.06,0.06,0.06,0.06,969
APA,20140224,6.46,6.5,6.4,6.49,2357502
APE,20140224,5.1,5.1,5.03,5.07,4249
APG,20140224,0.022,0.022,0.022,0.022,50000
API,20140224,0.57,0.585,0.57,0.58,459213
APN,20140224,0.56,0.655,0.55,0.655,6760572
APY,20140224,0.029,0.029,0.028,0.028,664000
APZ,20140224,1.2,1.275,1.185,1.255,392629
AQA,20140224,2.84,2.85,2.76,2.79,555856
AQC,20140224,0.006,0.006,0.006,0.006,890476
AQD,20140224,0.013,0.013,0.013,0.013,50000
AQF,20140224,1.92,1.93,1.92,1.93,33782
AQG,20140224,3,3.03,2.97,3.02,864344
AQI,20140224,0.32,0.32,0.32,0.32,15000
AQO,20140224,0.19,0.205,0.19,0.2,1170207
AQP,20140224,0.71,0.725,0.705,0.71,205439
AQQ,20140224,0.021,0.021,0.019,0.019,825000
AQR,20140224,0.14,0.14,0.14,0.14,12971
AQU,20140224,0.53,0.53,0.53,0.53,15000
ARA,20140224,0.345,0.345,0.345,0.345,14492
ARD,20140224,0.05,0.05,0.047,0.047,68000
ARE,20140224,0.025,0.025,0.023,0.023,989
ARF,20140224,1.117,1.125,1.11,1.11,374367
ARG,20140224,7.28,7.32,7.28,7.32,116178
ARH,20140224,0.032,0.032,0.028,0.028,403000
ARI,20140224,1.69,1.745,1.685,1.695,10772868
ARM,20140224,0.057,0.057,0.056,0.056,223000
ARP,20140224,12.1,12.1,11.67,11.78,152751
ARU,20140224,0.09,0.09,0.087,0.087,208677
ARW,20140224,0.575,0.58,0.575,0.58,77460
ARX,20140224,0.006,0.006,0.006,0.006,1031309
ASB,20140224,0.87,0.87,0.87,0.87,588333
ASL,20140224,1,1.01,0.965,0.98,2486004
ASX,20140224,37.65,37.86,37.48,37.54,387128
ASZ,20140224,0.415,0.415,0.38,0.4,1156492
ATP,20140224,0.06,0.063,0.06,0.063,112706
ATU,20140224,1.9,1.96,1.88,1.96,473778
ATV,20140224,0.022,0.022,0.022,0.022,60000
AUB,20140224,11,11.12,10.93,11,170439
AUC,20140224,0.03,0.04,0.03,0.037,3403784
AUF,20140224,1.1,1.1,1.1,1.1,85830
AUI,20140224,7.95,8,7.95,8,4185
AUK,20140224,0.048,0.048,0.048,0.048,82000
AUQ,20140224,0.072,0.072,0.07,0.07,356909
AUT,20140224,4.12,4.13,4.11,4.12,1980439
AVA,20140224,0.185,0.185,0.18,0.18,745546
AVB,20140224,0.069,0.069,0.069,0.069,1002826
AVG,20140224,0.415,0.42,0.415,0.415,225674
AVH,20140224,0.13,0.13,0.125,0.125,44860
AVI,20140224,0.009,0.009,0.009,0.009,30000
AVJ,20140224,0.59,0.6,0.58,0.6,62052
AVK,20140224,0.016,0.016,0.016,0.016,90000
AVQ,20140224,0.015,0.016,0.015,0.015,35486841
AVX,20140224,0.013,0.013,0.013,0.013,137200
AWC,20140224,1.33,1.335,1.295,1.3,15459647
AWE,20140224,1.415,1.455,1.415,1.445,1200341
AWI,20140224,0.33,0.33,0.33,0.33,7495
AWN,20140224,0.65,0.65,0.61,0.61,91790
AWV,20140224,0.039,0.039,0.039,0.039,462739
AXC,20140224,0.005,0.005,0.005,0.005,100000
AXE,20140224,0.18,0.18,0.17,0.17,309006
AYA,20140224,0.5,0.53,0.495,0.51,262556
AYJ,20140224,100.67,100.67,100.67,100.67,93
AYN,20140224,0.001,0.001,0.001,0.001,28625401
AZF,20140224,2.42,2.42,2.42,2.42,2030
AZJ,20140224,5.08,5.17,5.07,5.14,4384147
AZM,20140224,0.046,0.048,0.046,0.046,225774
AZQ,20140224,0.075,0.075,0.075,0.075,44186
AZS,20140224,0.036,0.038,0.036,0.038,350000
AZV,20140224,0.275,0.28,0.26,0.26,4475293
AZY,20140224,0.021,0.021,0.02,0.02,297449
AZZ,20140224,0.47,0.49,0.47,0.47,201916
BAB,20140224,0.053,0.06,0.053,0.06,56418
BAS,20140224,0.006,0.006,0.006,0.006,5534657
BAU,20140224,0.135,0.14,0.135,0.14,69091
BBL,20140224,0.26,0.26,0.26,0.26,13171
BBR,20140224,0.25,0.25,0.245,0.245,68000
BCI,20140224,5.33,5.45,5.33,5.4,709612
BCK,20140224,0.058,0.06,0.058,0.06,86526
BCN,20140224,0.005,0.005,0.005,0.005,190000
BCT,20140224,0.096,0.096,0.086,0.086,569492
BDI,20140224,0.001,0.001,0.001,0.001,45185
BDR,20140224,0.785,0.81,0.785,0.805,2316521
BEAR,20140224,17.99,18.04,17.93,18.01,26553
BEN,20140224,11.28,11.33,11.14,11.2,1871450
BFG,20140224,0.62,0.665,0.62,0.66,149477
BGA,20140224,5.39,5.46,5.37,5.43,387694
BGL,20140224,0.84,0.855,0.84,0.845,493959
BGS,20140224,0.017,0.017,0.017,0.017,422355
BHP,20140224,39.31,39.79,39.27,39.38,8489118
BIS,20140224,0.725,0.725,0.7,0.7,13479
BIT,20140224,0.081,0.081,0.08,0.08,183456
BKI,20140224,1.605,1.61,1.6,1.6,358055
BKL,20140224,20.8,21.5,20.53,21.5,7690
BKN,20140224,4.58,4.625,4.5,4.56,861774
BKP,20140224,0.003,0.003,0.003,0.003,2299333
BKW,20140224,14.83,14.83,14.55,14.68,65067
BKY,20140224,0.29,0.29,0.285,0.29,39695
BLA,20140224,2.09,2.1,2.08,2.1,51282
BLD,20140224,5.49,5.58,5.465,5.58,5149813
BLG,20140224,0.185,0.195,0.185,0.19,235351
BLK,20140224,0.22,0.22,0.22,0.22,8065
BLT,20140224,1.615,1.89,1.35,1.85,3276088
BLY,20140224,0.41,0.41,0.35,0.36,9891182
BMB,20140224,0.135,0.135,0.115,0.12,1178293
BML,20140224,0.006,0.006,0.006,0.006,1916666
BMN,20140224,0.08,0.08,0.076,0.076,212500
BND,20140224,0.155,0.155,0.15,0.15,402326
BNE,20140224,0.027,0.027,0.026,0.026,1193811
BNO,20140224,0.72,0.73,0.71,0.71,188089
BNR,20140224,0.016,0.016,0.016,0.016,32000
BOE,20140224,0.013,0.015,0.013,0.015,580000
BOL,20140224,0.17,0.175,0.165,0.165,214380
BOQ,20140224,12.1,12.15,12.06,12.14,1028791
BPA,20140224,4.07,4.07,4.07,4.07,100
BPH,20140224,0.011,0.011,0.011,0.011,3000
BPO,20140224,0.002,0.002,0.002,0.002,4250000
BPT,20140224,1.52,1.695,1.515,1.66,24438845
BRB,20140224,0.085,0.085,0.078,0.078,206000
BRD,20140224,0.002,0.002,0.001,0.001,255000
BRG,20140224,9.73,9.74,9.63,9.63,435564
BRL,20140224,0.145,0.15,0.14,0.14,739387
BRO,20140224,0.001,0.001,0.001,0.001,100000
BRU,20140224,1.55,1.575,1.53,1.545,582253
BSA,20140224,0.115,0.125,0.115,0.125,385071
BSE,20140224,0.445,0.46,0.445,0.445,44538
BSL,20140224,6,6.5,5.97,6.3,6440375
BSM,20140224,0.004,0.004,0.004,0.004,696666
BSR,20140224,0.011,0.011,0.009,0.009,255167
BTC,20140224,0.022,0.022,0.022,0.022,1005000
BTN,20140224,0.01,0.01,0.01,0.01,200000
BTR,20140224,0.17,0.175,0.16,0.17,303669
BTT,20140224,6.34,6.38,6.32,6.38,70718
BUG,20140224,0.74,0.75,0.74,0.75,19740
BUL,20140224,0.067,0.067,0.066,0.066,275409
BUR,20140224,0.014,0.015,0.013,0.015,892856
BUX,20140224,0.235,0.28,0.235,0.28,133620
BUY,20140224,0.013,0.014,0.013,0.014,422000
BWF,20140224,0.265,0.27,0.265,0.27,102400
BWP,20140224,2.39,2.39,2.35,2.36,1229184
BXB,20140224,9.21,9.33,9.17,9.33,5403577
BXN,20140224,0.01,0.01,0.01,0.01,44674
BYE,20140224,0.89,0.9,0.88,0.885,52287
BYI,20140224,1.68,1.68,1.45,1.5,115393
BYL,20140224,0.4,0.4,0.395,0.395,117000
BYR,20140224,0.026,0.027,0.025,0.026,570555
CAA,20140224,0.17,0.17,0.15,0.155,4371600
CAB,20140224,4.05,4.1,4.03,4.03,251569
CAF,20140224,0.32,0.32,0.32,0.32,77422
CAJ,20140224,0.525,0.555,0.52,0.545,3028734
CAM,20140224,1.04,1.04,1.04,1.04,92200
CAQ,20140224,0.09,0.09,0.089,0.089,470000
CAS,20140224,0.29,0.29,0.29,0.29,30000
CAY,20140224,0.044,0.044,0.044,0.044,20000
CBA,20140224,75.2,75.45,75.1,75.36,2407094
CCF,20140224,0.025,0.025,0.025,0.025,25000
CCJ,20140224,0.076,0.076,0.076,0.076,25000
CCL,20140224,11.3,11.3,11.15,11.2,2052575
CCP,20140224,9.72,9.72,9.48,9.58,96285
CCU,20140224,0.085,0.094,0.084,0.09,857582
CCV,20140224,0.925,0.925,0.895,0.9,617963
CCZ,20140224,0.006,0.006,0.006,0.006,20000
CDA,20140224,0.725,0.73,0.66,0.705,1054251
CDB,20140224,0.006,0.006,0.005,0.005,1435000
CDD,20140224,6.39,6.42,6.34,6.35,544851
CDI,20140224,2.54,2.55,2.53,2.54,264710
CDM,20140224,1.465,1.49,1.465,1.47,149497
CDP,20140224,5.46,5.51,5.44,5.51,17015
CDU,20140224,1.74,1.79,1.735,1.765,309058
CDV,20140224,0.033,0.033,0.033,0.033,34727
CDY,20140224,0.033,0.034,0.033,0.034,1059045
CEL,20140224,0.105,0.105,0.1,0.105,265882
CFE,20140224,0.11,0.11,0.11,0.11,159271
CFU,20140224,0.023,0.023,0.022,0.022,6000503
CFX,20140224,1.995,2,1.97,1.99,6657908
CGF,20140224,6.54,6.55,6.44,6.48,2010310
CGH,20140224,0.52,0.535,0.5,0.53,443367
CGI,20140224,0.005,0.005,0.005,0.005,500
CGM,20140224,0.004,0.004,0.004,0.004,500000
CGN,20140224,0.079,0.079,0.078,0.079,19170
CGO,20140224,0.8,0.8,0.8,0.8,28900
CGR,20140224,0.285,0.295,0.285,0.295,69987
CHC,20140224,4.05,4.05,3.92,3.94,679308
CHF,20140224,0.036,0.038,0.036,0.038,310000
CHK,20140224,0.063,0.063,0.063,0.063,50000
CHN,20140224,0.16,0.165,0.16,0.16,794382
CHR,20140224,2.9,2.9,2.9,2.9,17215
CHZ,20140224,0.135,0.135,0.13,0.13,388041
CII,20140224,0.84,0.84,0.84,0.84,56041
CIR,20140224,0.2,0.2,0.175,0.175,26000
CIW,20140224,0.81,0.815,0.81,0.815,22292
CIX,20140224,0.27,0.27,0.27,0.27,111670
CKA,20140224,0.19,0.19,0.185,0.19,240000
CKF,20140224,1.96,1.96,1.825,1.885,273064
CKK,20140224,0.005,0.005,0.005,0.005,859499
CKL,20140224,0.73,0.73,0.725,0.725,95208
CLA,20140224,0.009,0.009,0.009,0.009,13253
CLH,20140224,1.935,1.94,1.885,1.91,834768
CLQ,20140224,0.065,0.065,0.065,0.065,8200
CLT,20140224,0.23,0.23,0.23,0.23,50434
CLV,20140224,0.545,0.56,0.54,0.54,28500
CLX,20140224,2.1,2.1,2.01,2.06,156843
CLZ,20140224,0.07,0.075,0.07,0.075,77650
CMG,20140224,0.42,0.425,0.42,0.42,106160
CMI,20140224,1.41,1.41,1.41,1.41,5000
CMT,20140224,0.12,0.12,0.12,0.12,36676
CMW,20140224,0.995,0.995,0.98,0.99,3588013
CND,20140224,0.19,0.19,0.19,0.19,14800
CNI,20140224,0.8,0.82,0.8,0.8,130228
CNL,20140224,0.035,0.035,0.031,0.031,7890
CNN,20140224,0.003,0.003,0.003,0.003,9940490
CNU,20140224,1.3,1.325,1.29,1.325,460466
CNX,20140224,0.017,0.018,0.017,0.017,926375
COD,20140224,0.16,0.16,0.155,0.16,111105
COE,20140224,0.57,0.58,0.565,0.575,602598
COF,20140224,0.22,0.23,0.22,0.23,65285
COH,20140224,58.35,58.65,58.04,58.33,289007
COI,20140224,0.145,0.145,0.145,0.145,92000
COK,20140224,0.043,0.043,0.041,0.042,8275545
COY,20140224,0.02,0.02,0.02,0.02,50000
CPA,20140224,1.26,1.277,1.26,1.265,7334574
CPD,20140224,0.04,0.04,0.04,0.04,5000
CPL,20140224,0.265,0.275,0.26,0.265,579412
CPU,20140224,11.99,12.04,11.89,12,1463089
CQC,20140224,0.087,0.087,0.087,0.087,50004
CQR,20140224,3.65,3.68,3.64,3.66,763228
CRB,20140224,0.031,0.031,0.03,0.03,295000
CRH,20140224,0.26,0.265,0.255,0.255,2379097
CRZ,20140224,10.7,10.86,10.645,10.73,721312
CSD,20140224,0.067,0.068,0.063,0.063,119150
CSE,20140224,0.16,0.16,0.16,0.16,74500
CSL,20140224,70.42,70.8,70.34,70.8,983799
CSR,20140224,3.25,3.295,3.19,3.2,3223259
CSS,20140224,0.058,0.058,0.056,0.056,2392448
CSV,20140224,0.995,1,0.98,0.985,37066
CTD,20140224,5.33,5.4,5.28,5.34,149594
CTE,20140224,0.46,0.46,0.43,0.44,39000
CTM,20140224,0.165,0.165,0.16,0.16,50881
CTN,20140224,1.06,1.08,1.055,1.06,504056
CTO,20140224,0.046,0.046,0.045,0.046,678002
CTP,20140224,0.45,0.45,0.42,0.44,1018091
CTR,20140224,0.012,0.013,0.012,0.012,10390938
CTX,20140224,20.56,21.22,20.56,20.94,652943
CTY,20140224,9.72,9.72,9.72,9.72,157
CUE,20140224,0.125,0.125,0.125,0.125,240000
CUL,20140224,0.006,0.006,0.006,0.006,72689
CUP,20140224,1.775,1.775,1.75,1.775,11361
CUU,20140224,0.01,0.01,0.01,0.01,1000
CUV,20140224,1.55,1.57,1.545,1.545,56000
CVC,20140224,1.28,1.28,1.28,1.28,4400
CVG,20140224,0.013,0.013,0.012,0.012,533310
CVN,20140224,0.066,0.067,0.065,0.066,577517
CVO,20140224,1.915,1.985,1.915,1.97,3766836
CVV,20140224,0.017,0.017,0.015,0.015,236764
CVW,20140224,0.7,0.72,0.7,0.7,10343
CWE,20140224,0.054,0.055,0.052,0.052,2408920
CWG,20140224,0.058,0.058,0.058,0.058,2600
CWN,20140224,16.86,17.16,16.68,17.03,2935879
CWP,20140224,7.36,7.45,7.36,7.4,53732
CXM,20140224,0.13,0.13,0.13,0.13,105830
CXO,20140224,0.052,0.057,0.052,0.054,1490001
CXU,20140224,0.09,0.09,0.09,0.09,18500
CXX,20140224,0.205,0.21,0.205,0.21,29054
CYA,20140224,0.89,0.9,0.89,0.9,73189
CYG,20140224,2.8,2.83,2.8,2.82,71652
CYO,20140224,0.01,0.01,0.01,0.01,250000
CYP,20140224,0.375,0.375,0.35,0.37,249842
CZA,20140224,0.1,0.1,0.1,0.1,5075
CZD,20140224,0.078,0.078,0.078,0.078,80000
CZN,20140224,0.014,0.016,0.014,0.015,757125
CZZ,20140224,4.64,4.65,4.5,4.6,22924
DAF,20140224,0.05,0.05,0.05,0.05,106666
DAU,20140224,0.028,0.03,0.028,0.03,114149
DCG,20140224,2.19,2.2,2.12,2.19,452966
DDR,20140224,1.24,1.24,1.2,1.2,1740
DDT,20140224,0.03,0.032,0.03,0.03,5164995
DEG,20140224,0.002,0.002,0.002,0.002,1500000
DGI,20140224,0.015,0.015,0.015,0.015,800001
DGO,20140224,0.002,0.002,0.002,0.002,40000
DGR,20140224,0.033,0.033,0.033,0.033,80000
DGX,20140224,0.037,0.037,0.036,0.036,250000
DIG,20140224,0.012,0.012,0.012,0.012,300000
DIV,20140224,20.6,20.6,20.6,20.6,159
DJS,20140224,3.28,3.3,3.27,3.3,2133092
DJW,20140224,4.53,4.56,4.53,4.55,97016
DLC,20140224,0.009,0.01,0.009,0.01,1897200
DLS,20140224,1.57,1.57,1.54,1.545,1201443
DLX,20140224,5.55,5.56,5.45,5.5,529840
DMG,20140224,0.013,0.013,0.013,0.013,100000
DML,20140224,0.039,0.039,0.037,0.038,754299
DMP,20140224,20.83,20.98,20.52,20.93,132512
DNA,20140224,1.01,1.07,0.995,1.07,1014847
DOW,20140224,5.07,5.11,4.98,5.03,1931628
DRA,20140224,0.17,0.17,0.17,0.17,125000
DRK,20140224,0.016,0.019,0.016,0.019,515000
DRM,20140224,0.95,0.97,0.94,0.945,550312
DRX,20140224,0.016,0.016,0.016,0.016,55000
DSH,20140224,2.06,2.09,1.99,2.04,3052225
DSN,20140224,0.015,0.018,0.015,0.018,75000
DTE,20140224,0.135,0.135,0.13,0.13,140309
DTL,20140224,0.785,0.802,0.77,0.79,831624
DTM,20140224,0.032,0.032,0.032,0.032,133527
DTR,20140224,0.036,0.038,0.036,0.038,230000
DUE,20140224,2.1,2.11,2.09,2.09,4287523
DUI,20140224,3.55,3.55,3.52,3.52,18350
DVA,20140224,0.03,0.03,0.03,0.03,470400
DVI,20140224,0.026,0.028,0.026,0.028,282386
DVL,20140224,0.49,0.49,0.49,0.49,23600
DVN,20140224,0.69,0.7,0.69,0.7,67312
DWS,20140224,1.35,1.365,1.347,1.36,76476
DXS,20140224,1.08,1.09,1.077,1.09,18332594
DYE,20140224,0.275,0.275,0.265,0.265,237354
DYL,20140224,0.019,0.02,0.019,0.02,223961
EAF,20140224,0.01,0.01,0.01,0.01,56677
EAL,20140224,0.64,0.66,0.64,0.66,7000
EAR,20140224,0.145,0.15,0.145,0.15,255000
EAX,20140224,3.14,3.14,3.12,3.13,17050
EBT,20140224,2.95,3,2.9,2.92,15950
EDE,20140224,0.014,0.014,0.014,0.014,360000
EEG,20140224,0.1,0.1,0.1,0.1,700000
EEU,20140224,15.2,15.2,15.15,15.15,2700
EFE,20140224,0.041,0.041,0.041,0.041,78724
EGG,20140224,0.9,0.9,0.895,0.9,108000
EGL,20140224,0.057,0.057,0.057,0.057,20426
EGO,20140224,0.008,0.008,0.008,0.008,1380000
EGP,20140224,2.5,2.52,2.45,2.52,3150849
EHL,20140224,0.25,0.25,0.23,0.24,3736377
ELD,20140224,0.115,0.115,0.115,0.115,307543
ELM,20140224,0.24,0.25,0.235,0.235,259027
ELX,20140224,0.38,0.43,0.38,0.39,227752
EMA,20140224,0.041,0.041,0.04,0.04,50000
EMF,20140224,1.63,1.63,1.63,1.63,52031
EML,20140224,0.715,0.73,0.7,0.7,253255
EMR,20140224,0.009,0.009,0.009,0.009,70000
EMX,20140224,0.024,0.026,0.024,0.026,2677718
ENR,20140224,0.21,0.22,0.21,0.215,213355
ENT,20140224,0.05,0.05,0.045,0.045,402624
ENV,20140224,1.235,1.25,1.22,1.25,3822702
EOS,20140224,0.39,0.39,0.39,0.39,2000
EPA,20140224,0.185,0.185,0.17,0.18,8477700
EPD,20140224,0.64,0.65,0.635,0.65,35699
EPM,20140224,0.005,0.005,0.005,0.005,49995
EPW,20140224,2.34,2.375,2.31,2.34,667626
EPX,20140224,1.39,1.4,1.38,1.38,106784
EQE,20140224,0.01,0.01,0.01,0.01,229623
EQT,20140224,22.8,22.8,22.69,22.69,5706
EQX,20140224,0.56,0.56,0.56,0.56,9000
ERA,20140224,1.275,1.36,1.275,1.34,734492
ERI,20140224,0.012,0.012,0.012,0.012,50000
ERJ,20140224,0.007,0.007,0.007,0.007,206552
ERM,20140224,0.05,0.05,0.047,0.047,552601
ESI,20140224,0.004,0.004,0.004,0.004,2869475
ESN,20140224,0.002,0.002,0.002,0.002,260000
ESV,20140224,1.07,1.1,1.07,1.09,429734
ETE,20140224,0.035,0.035,0.035,0.035,580000
ETF,20140224,23.39,23.39,23.39,23.39,1078
EVM,20140224,0.079,0.079,0.079,0.079,122130
EVN,20140224,0.91,0.95,0.905,0.95,6563095
EVR,20140224,0.785,0.8,0.78,0.79,402831
EVZ,20140224,0.03,0.03,0.03,0.03,89000
EWC,20140224,0.34,0.34,0.33,0.34,958429
EXE,20140224,0.014,0.014,0.014,0.014,125000
EXG,20140224,0.096,0.096,0.095,0.095,66798
EXM,20140224,0.015,0.016,0.015,0.016,300515
EXR,20140224,0.008,0.008,0.008,0.008,51946
EXU,20140224,0.006,0.006,0.006,0.006,100000
EZL,20140224,1.26,1.26,1.25,1.26,54435
FAN,20140224,2.03,2.03,2.03,2.03,325000
FAR,20140224,0.052,0.055,0.052,0.054,10250761
FAS,20140224,0.006,0.007,0.006,0.007,1100000
FBU,20140224,9.02,9.12,8.97,9.09,1307682
FCR,20140224,0.052,0.052,0.052,0.052,60000
FDC,20140224,2.47,2.475,2.4,2.41,4571479
FEL,20140224,0.02,0.022,0.02,0.022,15385
FFF,20140224,0.017,0.017,0.017,0.017,28000
FFI,20140224,4.24,4.3,4.24,4.3,1319
FIE,20140224,0.025,0.025,0.025,0.025,10000
FLK,20140224,0.185,0.185,0.185,0.185,107165
FLN,20140224,1.49,1.49,1.42,1.465,31031
FLR,20140224,0.004,0.004,0.004,0.004,52185
FLT,20140224,48.6,49.59,48.6,49.32,427330
FMG,20140224,6.05,6.22,5.98,5.99,29083384
FML,20140224,0.015,0.015,0.014,0.014,1281029
FMS,20140224,0.029,0.029,0.029,0.029,81428
FND,20140224,0.16,0.16,0.15,0.16,1682547
FNP,20140224,2.93,2.93,2.81,2.81,10028
FNT,20140224,0.008,0.008,0.008,0.008,44000
FOX,20140224,35.75,35.89,35.32,35.64,1106182
FOY,20140224,0.002,0.002,0.002,0.002,17221
FPH,20140224,3.84,3.84,3.82,3.83,14050
FPS,20140224,1.6,1.6,1.6,1.6,4730
FRE,20140224,0.005,0.005,0.004,0.004,7486602
FRI,20140224,1.69,1.695,1.687,1.695,54172
FRR,20140224,0.024,0.025,0.024,0.025,5501392
FSA,20140224,1.19,1.19,1.11,1.145,493331
FSE,20140224,0.007,0.007,0.007,0.007,120641
FSF,20140224,5.7,5.75,5.67,5.72,14923
FSI,20140224,1.64,1.65,1.64,1.65,14000
FTE,20140224,0.005,0.005,0.005,0.005,780000
FTZ,20140224,0.4,0.41,0.4,0.41,39552
FUN,20140224,0.15,0.15,0.145,0.15,646102
FWD,20140224,2.62,2.65,2.58,2.61,224594
FXJ,20140224,0.91,0.955,0.9,0.925,29088227
FXL,20140224,4.16,4.16,4.06,4.07,1479747
FXR,20140224,0.009,0.009,0.009,0.009,500000
FZR,20140224,0.41,0.41,0.41,0.41,1250
GAP,20140224,0.285,0.285,0.275,0.275,217156
GBE,20140224,0.031,0.031,0.031,0.031,20000
GBG,20140224,0.099,0.1,0.098,0.1,1015333
GBM,20140224,0.008,0.008,0.008,0.008,56250
GBP,20140224,0.11,0.12,0.11,0.115,233500
GBT,20140224,3.26,3.26,3.15,3.19,83977
GBZ,20140224,0.027,0.027,0.027,0.027,41667
GCS,20140224,0.37,0.37,0.36,0.37,65615
GCY,20140224,0.17,0.17,0.17,0.17,50438
GDA,20140224,0.048,0.048,0.048,0.048,100000
GDI,20140224,0.875,0.89,0.875,0.875,182215
GDY,20140224,0.077,0.08,0.076,0.08,215847
GEM,20140224,4.18,4.28,4.15,4.23,2447104
GER,20140224,0.096,0.105,0.095,0.098,1228363
GES,20140224,0.1,0.1,0.1,0.1,10000
GFF,20140224,0.625,0.63,0.61,0.61,3354960
GFL,20140224,1.2,1.2,1.2,1.2,20000
GGE,20140224,0.011,0.011,0.011,0.011,75000
GGG,20140224,0.205,0.205,0.2,0.205,162257
GGX,20140224,0.034,0.034,0.034,0.034,200000
GHC,20140224,1.2,1.205,1.2,1.2,754655
GID,20140224,0.67,0.7,0.67,0.7,136125
GJT,20140224,1.535,1.545,1.535,1.535,53912
GLH,20140224,0.71,0.745,0.685,0.72,282674
GLL,20140224,0.14,0.14,0.14,0.14,56000
GLM,20140224,0.004,0.004,0.004,0.004,970000
GMD,20140224,0.012,0.015,0.012,0.015,500000
GME,20140224,0.029,0.029,0.028,0.028,1725000
GMG,20140224,4.9,4.9,4.77,4.77,4270338
GML,20140224,0.105,0.115,0.105,0.115,172000
GMM,20140224,0.016,0.018,0.015,0.018,111000
GMR,20140224,0.011,0.012,0.011,0.012,290000
GNC,20140224,7.95,8,7.81,7.81,563840
GNG,20140224,0.615,0.725,0.615,0.72,102643
GNM,20140224,0.07,0.076,0.07,0.072,59118
GOLD,20140224,141.88,142.09,141.48,141.76,7356
GOR,20140224,0.18,0.215,0.18,0.205,6575374
GOZ,20140224,2.46,2.47,2.445,2.45,1098834
GPG,20140224,0.61,0.61,0.61,0.61,84936
GPH,20140224,0.035,0.036,0.035,0.036,330000
GPT,20140224,3.73,3.73,3.68,3.69,3024721
GRB,20140224,0.235,0.235,0.23,0.23,81030
GRF,20140224,1.64,1.7,1.64,1.7,59725
GRK,20140224,0.001,0.001,0.001,0.001,605000
GRR,20140224,0.285,0.3,0.282,0.3,1116919
GRY,20140224,0.19,0.2,0.185,0.2,1948226
GSC,20140224,0.037,0.037,0.036,0.036,353000
GTE,20140224,0.096,0.097,0.094,0.095,278505
GTG,20140224,0.063,0.069,0.063,0.067,1178000
GUD,20140224,5.82,5.89,5.77,5.79,190441
GUF,20140224,0.105,0.105,0.1,0.1,699232
GUL,20140224,0.027,0.03,0.027,0.03,174000
GUN,20140224,0.019,0.019,0.019,0.019,250000
GWA,20140224,2.99,3.04,2.9,2.97,774254
GWR,20140224,0.15,0.15,0.14,0.14,300488
GXL,20140224,8.16,8.38,8.16,8.3,275003
HAR,20140224,0.079,0.079,0.079,0.079,14500
HAS,20140224,0.05,0.05,0.05,0.05,30000
HAV,20140224,0.25,0.25,0.25,0.25,2725
HAW,20140224,0.055,0.055,0.051,0.051,48750
HCH,20140224,0.46,0.47,0.46,0.46,137689
HDG,20140224,0.013,0.013,0.013,0.013,200000
HDX,20140224,0.27,0.27,0.26,0.27,407623
HEG,20140224,0.006,0.006,0.005,0.005,360600
HFA,20140224,1.2,1.28,1.2,1.245,178313
HFR,20140224,0.38,0.4,0.38,0.4,90000
HGG,20140224,4.44,4.47,4.43,4.46,4124470
HGO,20140224,0.092,0.092,0.091,0.092,34166
HHL,20140224,2.3,2.34,2.3,2.34,7985
HHV,20140224,1.07,1.085,1.07,1.085,692154
HHY,20140224,0.335,0.335,0.335,0.335,134650
HIG,20140224,0.072,0.075,0.072,0.074,968394
HIL,20140224,2.02,2.07,1.995,2.05,619874
HIT,20140224,0.08,0.08,0.08,0.08,55000
HLO,20140224,0.34,0.34,0.34,0.34,1200
HLS,20140224,0.007,0.007,0.007,0.007,530000
HNG,20140224,0.515,0.515,0.51,0.51,32529
HNR,20140224,0.004,0.004,0.003,0.003,7894108
HOG,20140224,0.03,0.031,0.029,0.03,477914
HOM,20140224,0.85,0.855,0.79,0.8,253886
HPI,20140224,2,2,1.99,1.99,530679
HRL,20140224,0.004,0.004,0.004,0.004,176000
HRS,20140224,0.095,0.095,0.095,0.095,18000
HSN,20140224,1.24,1.242,1.22,1.24,117052
HTA,20140224,0.105,0.11,0.1,0.1,63000
HUB,20140224,1.08,1.085,1.06,1.085,23846
HVN,20140224,3.17,3.185,3.12,3.13,1437895
HZN,20140224,0.325,0.33,0.325,0.325,1314144
IAA,20140224,50.77,50.77,49.99,50.03,5546
IAF,20140224,100.8,100.84,100.8,100.82,497
IAG,20140224,5.6,5.675,5.59,5.66,10933980
IAU,20140224,0.25,0.255,0.245,0.245,671326
IAW,20140224,0.078,0.078,0.078,0.078,141604
IBC,20140224,0.56,0.56,0.56,0.56,140524
IBG,20140224,0.062,0.062,0.062,0.062,21025
IBK,20140224,39.43,39.43,39,39,1883
IBY,20140224,0.445,0.475,0.445,0.45,1636493
ICG,20140224,0.031,0.032,0.03,0.03,7410323
ICN,20140224,0.145,0.147,0.14,0.14,346624
ICQ,20140224,1.1,1.14,1.08,1.12,1186953
ICS,20140224,0.047,0.049,0.047,0.049,412100
IDC,20140224,0.064,0.068,0.064,0.066,1608811
IDO,20140224,0.044,0.044,0.042,0.042,128000
IDR,20140224,1.925,1.95,1.925,1.94,528071
IDT,20140224,0.35,0.35,0.35,0.35,6288
IDZ,20140224,0.755,0.785,0.755,0.76,52407
IEC,20140224,0.071,0.071,0.071,0.071,20000
IEM,20140224,44.26,44.26,43.58,43.59,43019
IEU,20140224,53.62,53.91,53.49,53.69,35997
IFE,20140224,0.12,0.12,0.115,0.115,36600
IFL,20140224,9.73,9.82,9.62,9.67,421800
IFM,20140224,0.775,0.78,0.74,0.765,2721313
IFN,20140224,0.2,0.21,0.195,0.205,2788158
IGB,20140224,99.68,99.68,99.68,99.68,308
IGO,20140224,4.32,4.37,4.09,4.12,1124391
IGS,20140224,0.003,0.003,0.003,0.003,66000
IHD,20140224,17.14,17.14,17.05,17.08,16058
IIL,20140224,0.215,0.22,0.215,0.22,68636
IIN,20140224,7.9,7.93,7.8,7.89,746068
IJH,20140224,151.62,152.01,150.73,150.73,1275
IJP,20140224,12.98,13.01,12.77,12.8,59294
IJR,20140224,120.63,120.83,119.68,119.68,871
IKO,20140224,66.88,66.88,66.88,66.88,50
IKW,20140224,0.019,0.019,0.018,0.018,1000000
ILB,20140224,101.37,101.49,101.37,101.49,213
ILC,20140224,24.73,24.99,24.73,24.83,44770
ILU,20140224,9.43,9.73,9.41,9.47,3221157
IMA,20140224,0.14,0.14,0.14,0.14,16000
IMD,20140224,0.575,0.585,0.565,0.57,592211
IMF,20140224,1.7,1.705,1.69,1.7,172952
IMU,20140224,0.016,0.016,0.015,0.015,266280
INA,20140224,0.475,0.475,0.47,0.475,364625
IOF,20140224,3.18,3.2,3.17,3.18,1789251
IOH,20140224,0.91,0.93,0.91,0.925,34700
IOO,20140224,85.66,85.71,85.06,85.06,16375
IOZ,20140224,23.48,23.55,23.48,23.49,13985
IPB,20140224,0.27,0.27,0.27,0.27,6000
IPD,20140224,0.22,0.225,0.22,0.22,42670
IPE,20140224,0.455,0.455,0.445,0.45,47713
IPL,20140224,3.15,3.15,3.07,3.1,4644662
IPP,20140224,2.97,3,2.86,2.87,651915
IPT,20140224,0.035,0.035,0.032,0.032,78000
IRD,20140224,0.31,0.31,0.31,0.31,3240
IRE,20140224,9.78,9.78,9.63,9.73,283925
IRI,20140224,1.16,1.175,1.16,1.16,49596
IRN,20140224,0.2,0.2,0.165,0.18,1134448
IRU,20140224,129.44,129.5,128.9,128.9,334
ISG,20140224,14.25,14.25,14.15,14.21,1484
ISN,20140224,0.3,0.33,0.3,0.31,1184076
ISO,20140224,4.07,4.07,4.06,4.06,138785
ISU,20140224,1.22,1.22,1.155,1.2,85637
ITW,20140224,15.59,15.59,15.57,15.57,1311
IVC,20140224,11.08,11.37,11.04,11.32,528968
IVE,20140224,75.1,75.1,74.71,74.71,3668
IVR,20140224,0.062,0.065,0.06,0.06,521164
IVV,20140224,206.5,207.07,205.72,206,19564
IVX,20140224,0.094,0.094,0.09,0.09,1194439
IXI,20140224,94.2,94.2,93.81,93.81,704
IXJ,20140224,102,102.17,101.75,101.82,12669
IXP,20140224,74.06,74.47,74.06,74.4,703
IXR,20140224,0.049,0.05,0.049,0.05,299695
IZZ,20140224,39.89,39.92,38.8,38.85,7175
JBH,20140224,18.1,18.23,18,18.18,648951
JHX,20140224,14.05,14.15,13.75,13.83,693461
JIN,20140224,1.78,1.82,1.78,1.78,88600
JMB,20140224,0.091,0.1,0.088,0.09,3296872
JPR,20140224,0.4,0.4,0.4,0.4,6667
JRV,20140224,0.03,0.03,0.03,0.03,25000
KAB,20140224,0.002,0.002,0.002,0.002,2000000
KAM,20140224,0.765,0.77,0.765,0.77,165051
KAR,20140224,3.11,3.18,3.11,3.15,863236
KAS,20140224,0.14,0.14,0.13,0.13,368311
KAT,20140224,0.86,0.86,0.86,0.86,23881
KBC,20140224,0.18,0.18,0.175,0.18,267945
KBL,20140224,0.04,0.04,0.04,0.04,397000
KCN,20140224,1.295,1.315,1.26,1.26,2133724
KDL,20140224,1.045,1.1,1,1.01,120092
KDR,20140224,0.155,0.165,0.155,0.16,149000
KEY,20140224,0.011,0.011,0.011,0.011,1020000
KFE,20140224,0.096,0.096,0.095,0.095,55533
KGD,20140224,0.09,0.09,0.09,0.09,20000
KGL,20140224,0.115,0.115,0.11,0.11,123000
KGM,20140224,0.011,0.011,0.011,0.011,3365
KKO,20140224,0.165,0.17,0.165,0.17,214907
KKT,20140224,0.1,0.105,0.1,0.1,257754
KMD,20140224,2.92,2.94,2.88,2.91,662815
KME,20140224,0.305,0.305,0.305,0.305,2120
KNE,20140224,0.125,0.125,0.12,0.12,123300
KOR,20140224,0.03,0.031,0.03,0.031,219316
KPL,20140224,0.41,0.42,0.41,0.42,55202
KPR,20140224,0.07,0.073,0.07,0.073,36318
KRC,20140224,0.04,0.04,0.04,0.04,35684
KRM,20140224,0.38,0.38,0.375,0.38,594936
KSC,20140224,1.785,1.79,1.745,1.78,3137
KSN,20140224,0.03,0.03,0.03,0.03,55026
KTA,20140224,0.25,0.25,0.25,0.25,156050
LAT,20140224,0.038,0.038,0.038,0.038,1468999
LAU,20140224,0.29,0.32,0.29,0.32,56250
LBL,20140224,0.095,0.095,0.095,0.095,54260
LBT,20140224,0.086,0.093,0.086,0.093,200000
LBY,20140224,0.04,0.04,0.04,0.04,254673
LCM,20140224,1.02,1.05,1.01,1.02,170645
LCT,20140224,0.078,0.081,0.078,0.081,77414
LCY,20140224,0.024,0.028,0.024,0.028,108868
LEI,20140224,17.2,17.35,17.1,17.23,1326298
LEP,20140224,2.93,2.94,2.9,2.91,100788
LGD,20140224,0.32,0.335,0.31,0.33,163700
LGO,20140224,0.004,0.004,0.004,0.004,2221193
LHC,20140224,2.47,2.5,2.44,2.44,70533
LIC,20140224,1.27,1.27,1.27,1.27,500000
LIO,20140224,0.18,0.18,0.18,0.18,2875
LKO,20140224,0.005,0.005,0.004,0.004,8664810
LLC,20140224,11.6,11.66,11.54,11.66,1567652
LLO,20140224,0.34,0.34,0.34,0.34,1579
LMB,20140224,0.34,0.35,0.315,0.315,1284955
LNG,20140224,0.335,0.34,0.32,0.325,1040219
LNR,20140224,0.265,0.29,0.265,0.285,2270246
LNY,20140224,0.005,0.005,0.005,0.005,360000
LOM,20140224,0.007,0.007,0.006,0.006,22156265
LRR,20140224,0.002,0.003,0.002,0.002,490650
LRS,20140224,0.046,0.046,0.046,0.046,30000
LSA,20140224,0.23,0.23,0.23,0.23,22500
LSX,20140224,0.51,0.51,0.51,0.51,16500
LTN,20140224,0.065,0.065,0.065,0.065,48113
LTR,20140224,0.014,0.014,0.013,0.013,169675
LYC,20140224,0.295,0.31,0.29,0.31,10775603
LYL,20140224,4.34,4.36,4.3,4.3,69268
MAB,20140224,0.62,0.64,0.62,0.64,13000
MAD,20140224,0.395,0.41,0.395,0.395,168601
MAH,20140224,0.14,0.14,0.13,0.13,1314281
MAK,20140224,0.13,0.13,0.125,0.125,323831
MAQ,20140224,8.3,8.3,8.25,8.25,2261
MAR,20140224,0.008,0.008,0.008,0.008,425750
MAT,20140224,0.24,0.245,0.24,0.245,110597
MBE,20140224,0.275,0.28,0.265,0.27,1156650
MCE,20140224,1.235,1.26,1.235,1.245,100224
MCP,20140224,1.19,1.22,1.18,1.2,115701
MCR,20140224,0.56,0.575,0.56,0.56,227034
MCS,20140224,0.72,0.72,0.66,0.67,1117128
MCX,20140224,0.065,0.065,0.065,0.065,180
MDI,20140224,0.028,0.028,0.027,0.027,279995
MDL,20140224,2.33,2.4,2.22,2.4,139631
MDS,20140224,0.002,0.002,0.002,0.002,1000000
MED,20140224,0.085,0.088,0.085,0.085,51500
MEI,20140224,0.034,0.034,0.034,0.034,25000
MEJ,20140224,0.03,0.03,0.03,0.03,40000
MEL,20140224,0.115,0.115,0.105,0.105,134863
MEO,20140224,0.042,0.043,0.041,0.043,523966
MEP,20140224,0.12,0.125,0.12,0.125,87483
MEU,20140224,0.016,0.016,0.015,0.015,53500
MFF,20140224,1.57,1.585,1.555,1.58,481124
MFG,20140224,13.5,13.82,13.48,13.62,958635
MGL,20140224,0.03,0.03,0.03,0.03,56000
MGR,20140224,1.775,1.78,1.73,1.755,12507957
MGS,20140224,0.065,0.068,0.065,0.068,215000
MGV,20140224,0.085,0.085,0.085,0.085,36395
MGX,20140224,0.985,0.985,0.94,0.945,6928185
MGY,20140224,0.028,0.028,0.026,0.026,200000
MGZ,20140224,0.028,0.028,0.028,0.028,30000
MHM,20140224,0.025,0.025,0.022,0.023,685202
MIN,20140224,12.37,12.56,12.37,12.45,787426
MIR,20140224,2.6,2.62,2.6,2.62,50442
MIX,20140224,0.165,0.165,0.165,0.165,517380
MIZ,20140224,0.004,0.004,0.004,0.004,4238067
MKB,20140224,0.235,0.235,0.225,0.235,483972
MKO,20140224,0.02,0.02,0.02,0.02,170000
MLA,20140224,0.355,0.37,0.33,0.33,38000
MLB,20140224,1.245,1.275,1.235,1.255,203511
MLD,20140224,2.64,2.64,2.48,2.5,405930
MLI,20140224,0.057,0.057,0.057,0.057,200
MLT,20140224,4.25,4.3,4.25,4.3,301510
MLX,20140224,0.23,0.23,0.22,0.225,1907712
MMC,20140224,0.014,0.015,0.014,0.015,318708
MML,20140224,2.18,2.21,2.15,2.21,1585390
MMS,20140224,11.15,11.34,10.97,10.98,538379
MMX,20140224,0.043,0.043,0.043,0.043,1000
MNB,20140224,0.006,0.006,0.006,0.006,285000
MNC,20140224,0.029,0.03,0.029,0.029,2402485
MND,20140224,17.05,17.72,17.04,17.66,879842
MNE,20140224,0.027,0.03,0.027,0.03,8892564
MNF,20140224,2.05,2.08,2,2,206545
MNM,20140224,0.028,0.03,0.026,0.026,577944
MNW,20140224,0.315,0.325,0.305,0.325,1041248
MNY,20140224,1.075,1.1,1.075,1.08,305671
MNZ,20140224,1.8,1.81,1.72,1.72,139858
MOC,20140224,3.12,3.2,3.12,3.16,128289
MOD,20140224,0.02,0.021,0.02,0.021,300000
MOL,20140224,0.11,0.11,0.11,0.11,205818
MOT,20140224,0.002,0.002,0.002,0.002,42400000
MOY,20140224,0.19,0.19,0.175,0.185,582241
MOZ,20140224,0.014,0.014,0.014,0.014,142860
MPE,20140224,0.01,0.012,0.01,0.012,240000
MPO,20140224,0.19,0.19,0.185,0.19,247044
MQA,20140224,2.97,2.99,2.94,2.95,807920
MQG,20140224,55.82,55.87,55.04,55.3,590306
MRC,20140224,0.14,0.15,0.13,0.15,43400
MRF,20140224,0.03,0.03,0.03,0.03,120000
MRM,20140224,2.9,2.91,2.79,2.81,717977
MRN,20140224,1.275,1.275,1.275,1.275,10000
MRP,20140224,0.2,0.2,0.195,0.195,85000
MRV,20140224,0.004,0.004,0.004,0.004,400000
MRX,20140224,0.01,0.01,0.009,0.01,294001
MSB,20140224,5.84,5.92,5.81,5.81,194087
MSC,20140224,0.004,0.004,0.003,0.003,252000
MSR,20140224,0.041,0.041,0.039,0.041,1973904
MSV,20140224,0.06,0.06,0.057,0.057,142262
MTH,20140224,0.012,0.012,0.012,0.012,300000
MTI,20140224,0.003,0.004,0.003,0.004,400000
MTN,20140224,0.027,0.027,0.027,0.027,880
MTS,20140224,3.01,3.09,3.01,3.08,3537048
MTU,20140224,6.8,6.93,6.44,6.45,1915347
MUX,20140224,0.06,0.065,0.06,0.065,8038
MVB,20140224,25.62,25.64,25.62,25.63,1942
MVP,20140224,1,1.115,0.945,1,298543
MVT,20140224,0.13,0.14,0.13,0.14,133724
MWR,20140224,1.13,1.15,1.13,1.13,11039
MXI,20140224,1.12,1.17,1.09,1.165,612600
MXR,20140224,0.003,0.003,0.003,0.003,210000
MYA,20140224,0.048,0.054,0.048,0.053,1035000
MYE,20140224,0.61,0.65,0.61,0.65,36800
MYG,20140224,0.03,0.031,0.03,0.031,1095853
MYN,20140224,0.019,0.019,0.018,0.018,207491
MYR,20140224,2.61,2.64,2.57,2.63,4184275
MYS,20140224,4.74,4.79,4.74,4.79,27007
MYT,20140224,1.895,1.895,1.86,1.885,13502
MYX,20140224,0.915,0.935,0.905,0.915,2630926
MZI,20140224,0.013,0.013,0.012,0.012,534342
MZM,20140224,0.12,0.12,0.12,0.12,10000
NAB,20140224,34.59,34.6,34.22,34.43,7349553
NAG,20140224,0.049,0.049,0.045,0.046,429793
NAM,20140224,0.28,0.28,0.28,0.28,11172
NAN,20140224,0.78,0.82,0.78,0.81,63317
NBL,20140224,0.605,0.605,0.6,0.6,119500
NCC,20140224,1.095,1.1,1.085,1.085,45047
NCK,20140224,2.98,3.01,2.98,2.98,40188
NCM,20140224,11.36,11.55,11.33,11.43,4513014
NCO,20140224,0.012,0.012,0.012,0.012,60000
NCR,20140224,0.022,0.022,0.022,0.022,634885
NDO,20140224,0.039,0.039,0.038,0.039,3193504
NEA,20140224,0.59,0.615,0.495,0.51,3734010
NEC,20140224,2.28,2.28,2.25,2.28,3725124
NEN,20140224,0.034,0.034,0.029,0.03,10590871
NEU,20140224,0.093,0.095,0.093,0.094,1690758
NFE,20140224,0.2,0.2,0.2,0.2,42496
NGE,20140224,0.018,0.019,0.018,0.019,709000
NGF,20140224,0.13,0.13,0.13,0.13,10000
NHC,20140224,3.39,3.41,3.34,3.36,224573
NHF,20140224,2.6,2.62,2.56,2.56,525506
NIO,20140224,0.009,0.009,0.009,0.009,10000
NKP,20140224,0.088,0.094,0.088,0.094,113000
NLS,20140224,0.006,0.006,0.006,0.006,1000
NMI,20140224,0.051,0.058,0.049,0.052,4478051
NMS,20140224,0.048,0.048,0.048,0.048,20500
NNW,20140224,0.325,0.325,0.325,0.325,26500
NOD,20140224,0.057,0.061,0.056,0.059,1647658
NOE,20140224,0.17,0.17,0.17,0.17,45000
NPX,20140224,3,3,3,3,61
NRT,20140224,0.175,0.19,0.175,0.19,161584
NSE,20140224,0.18,0.195,0.175,0.19,1323944
NSR,20140224,1.085,1.105,1.085,1.09,487231
NST,20140224,1.18,1.23,1.165,1.2,5073021
NTC,20140224,0.365,0.37,0.355,0.37,289622
NUF,20140224,4.01,4.01,3.92,3.94,393206
NVG,20140224,0.004,0.004,0.004,0.004,700000
NVT,20140224,7.19,7.235,7.1,7.17,1677460
NWE,20140224,0.018,0.019,0.017,0.017,625902
NWF,20140224,0.275,0.285,0.275,0.285,10000
NWH,20140224,1.355,1.395,1.31,1.385,2435870
NWS,20140224,19.14,19.37,19.14,19.28,374225
NWT,20140224,0.48,0.485,0.465,0.465,731783
NXR,20140224,0.019,0.019,0.019,0.019,14314
NXT,20140224,2.1,2.1,2.04,2.06,117746
NZO,20140224,0.74,0.74,0.735,0.735,33200
OBJ,20140224,0.035,0.035,0.034,0.034,1914000
OBL,20140224,0.019,0.02,0.019,0.019,1570361
OBS,20140224,0.37,0.375,0.37,0.375,14100
ODN,20140224,0.002,0.002,0.002,0.002,350000
OEC,20140224,0.19,0.19,0.19,0.19,86870
OEL,20140224,0.091,0.091,0.087,0.089,3971691
OEX,20140224,0.073,0.073,0.071,0.071,1259410
OFX,20140224,3.19,3.19,3.08,3.09,474379
OGC,20140224,2.65,2.72,2.64,2.66,728072
OGX,20140224,0.105,0.105,0.105,0.105,85000
OGY,20140224,0.019,0.019,0.019,0.019,405000
OIL,20140224,0.087,0.096,0.083,0.083,399952
OKN,20140224,1.645,1.645,1.595,1.6,212543
OKU,20140224,0.005,0.005,0.005,0.005,2006500
OMH,20140224,0.49,0.52,0.475,0.49,136661
ONC,20140224,0.275,0.28,0.275,0.28,530604
ONT,20140224,6.9,6.9,6.9,6.9,500
ORA,20140224,1.33,1.35,1.315,1.35,7210616
ORE,20140224,2.28,2.32,2.21,2.32,197419
ORG,20140224,14.54,14.7,14.47,14.56,2085265
ORI,20140224,24.3,24.48,24.11,24.25,649821
ORL,20140224,3.99,3.99,3.91,3.96,66954
ORN,20140224,0.11,0.13,0.105,0.13,308566
ORO,20140224,0.001,0.001,0.001,0.001,40438393
ORR,20140224,0.07,0.071,0.07,0.071,320000
ORS,20140224,0.061,0.061,0.06,0.06,220000
ORX,20140224,0.02,0.02,0.02,0.02,10000
OSH,20140224,8.51,8.62,8.5,8.57,6480576
OSL,20140224,0.135,0.145,0.13,0.145,699334
OSP,20140224,0.665,0.665,0.65,0.65,15740
OTC,20140224,0.13,0.13,0.13,0.13,100000
OTH,20140224,0.57,0.58,0.56,0.565,229948
OZF,20140224,20.43,20.43,20.39,20.39,3455
OZG,20140224,0.2,0.205,0.2,0.2,996427
OZL,20140224,3.78,3.87,3.73,3.74,1510658
PAA,20140224,0.017,0.017,0.016,0.016,6530100
PAB,20140224,0.039,0.041,0.039,0.04,3400686
PAN,20140224,0.41,0.43,0.405,0.42,4536455
PBD,20140224,0.022,0.023,0.022,0.023,552383
PBG,20140224,0.625,0.63,0.595,0.6,11348261
PBP,20140224,0.485,0.485,0.485,0.485,10100
PBT,20140224,0.89,0.93,0.88,0.925,1762749
PCL,20140224,0.044,0.044,0.036,0.036,4078412
PCP,20140224,0.037,0.037,0.037,0.037,20000
PDI,20140224,0.016,0.016,0.016,0.016,604367
PDN,20140224,0.42,0.435,0.41,0.425,9098846
PDY,20140224,0.009,0.009,0.007,0.007,11109401
PDZ,20140224,0.28,0.28,0.28,0.28,98937
PEA,20140224,0.44,0.44,0.44,0.44,1271993
PEK,20140224,0.087,0.087,0.078,0.078,751635
PEN,20140224,0.024,0.024,0.023,0.023,8815734
PFL,20140224,1.24,1.33,1.23,1.33,61266
PFM,20140224,0.35,0.35,0.35,0.35,7666
PGC,20140224,0.335,0.335,0.31,0.31,83548
PGF,20140224,1.005,1.005,1,1,295520
PGH,20140224,3.59,3.59,3.55,3.57,253746
PGI,20140224,0.051,0.055,0.05,0.05,2115079
PGO,20140224,0.049,0.049,0.049,0.049,10002
PGS,20140224,0.025,0.028,0.022,0.022,4531000
PHG,20140224,0.475,0.52,0.47,0.52,54500
PHI,20140224,3.6,3.6,3.6,3.6,250
PHK,20140224,0.046,0.046,0.046,0.046,9000
PIE,20140224,0.053,0.055,0.053,0.055,18626
PIM,20140224,0.009,0.01,0.009,0.01,500000
PIO,20140224,0.011,0.011,0.011,0.011,517000
PIR,20140224,1.305,1.375,1.285,1.33,2853739
PLD,20140224,0.006,0.006,0.006,0.006,220000
PLH,20140224,0.15,0.15,0.15,0.15,50000
PLS,20140224,0.014,0.014,0.014,0.014,32239
PLV,20140224,0.12,0.125,0.12,0.125,205076
PMC,20140224,1.78,1.81,1.78,1.81,300237
PML,20140224,0.022,0.022,0.022,0.022,110000
PMP,20140224,0.42,0.44,0.42,0.43,59201
PMV,20140224,8.13,8.2,8.05,8.11,210543
PMY,20140224,0.04,0.042,0.039,0.042,2790892
PNA,20140224,1.975,2.01,1.955,1.975,3926635
PNL,20140224,0.235,0.25,0.235,0.25,286689
PNN,20140224,0.016,0.016,0.016,0.016,99779
PNO,20140224,0.001,0.001,0.001,0.001,1100000
PNX,20140224,0.029,0.029,0.029,0.029,50000
POH,20140224,0.115,0.115,0.115,0.115,273075
POK,20140224,0.055,0.055,0.055,0.055,10000
POS,20140224,0.1,0.1,0.083,0.09,570250
POZ,20140224,0.011,0.011,0.011,0.011,107500
PPC,20140224,1.365,1.37,1.36,1.36,131204
PPG,20140224,0.47,0.48,0.47,0.48,11776
PPP,20140224,0.11,0.11,0.11,0.11,126092
PPS,20140224,0.155,0.16,0.155,0.16,200000
PPT,20140224,50.42,51.78,50.39,51.73,200806
PPX,20140224,0.038,0.041,0.038,0.04,2031616
PPY,20140224,0.019,0.019,0.019,0.019,168949
PRA,20140224,0.034,0.035,0.034,0.035,100000
PRG,20140224,2.73,2.76,2.71,2.74,189613
PRL,20140224,0.23,0.25,0.23,0.24,876666
PRO,20140224,0.51,0.54,0.51,0.53,150541
PRR,20140224,0.049,0.049,0.048,0.049,1701217
PRT,20140224,0.955,0.955,0.94,0.95,16050
PRU,20140224,0.45,0.47,0.45,0.455,6360942
PRY,20140224,4.75,4.76,4.73,4.76,1872278
PSH,20140224,0.057,0.057,0.056,0.056,22310
PSY,20140224,0.055,0.057,0.052,0.055,2193281
PSZ,20140224,0.86,0.88,0.8,0.855,242151
PTB,20140224,0.29,0.29,0.29,0.29,3000
PTL,20140224,0.033,0.034,0.033,0.033,4071547
PTM,20140224,7.4,7.44,7.18,7.31,1256528
PTR,20140224,0.011,0.011,0.011,0.011,91666
PVA,20140224,5,5.15,5,5.15,4132
PVD,20140224,0.52,0.52,0.505,0.505,180605
PWN,20140224,0.062,0.072,0.062,0.072,220692
PXG,20140224,0.17,0.175,0.165,0.17,95215
PXS,20140224,0.115,0.12,0.115,0.115,524008
PYC,20140224,0.027,0.033,0.026,0.032,5399183
PYM,20140224,0.026,0.026,0.025,0.025,79499
QAG,20140224,10.55,10.55,10.55,10.55,800
QAN,20140224,1.235,1.25,1.23,1.24,10700326
QAU,20140224,13.7,13.71,13.7,13.71,1355
QBE,20140224,11.67,11.88,11.61,11.65,3580970
QBL,20140224,0.011,0.012,0.011,0.011,65200
QFN,20140224,10.89,10.89,10.88,10.88,23020
QFX,20140224,0.013,0.013,0.012,0.013,3514961
QHL,20140224,0.22,0.22,0.205,0.205,805093
QMN,20140224,0.013,0.013,0.013,0.013,1756560
QNA,20140224,0.002,0.002,0.002,0.002,178350
QOZ,20140224,12.41,12.41,12.36,12.36,23908
QPN,20140224,0.002,0.002,0.002,0.002,3732270
QRX,20140224,0.89,0.895,0.87,0.88,294630
QUB,20140224,2.1,2.13,2.04,2.05,1941591
QUE,20140224,0.15,0.15,0.15,0.15,30257
RAD,20140224,0.026,0.026,0.026,0.026,3400
RAU,20140224,0.011,0.011,0.011,0.011,315181
RBR,20140224,0.007,0.007,0.007,0.007,100000
RCB,20140224,20.4,20.51,20.4,20.51,2232
RCG,20140224,0.745,0.75,0.745,0.745,443572
RCP,20140224,0.003,0.003,0.003,0.003,150000
RCR,20140224,3.4,3.5,3.3,3.49,1952514
RCT,20140224,4,4.05,4,4,89138
RDF,20140224,1.225,1.225,1.225,1.225,14404
RDH,20140224,0.785,0.785,0.785,0.785,2500
RDM,20140224,0.19,0.195,0.185,0.195,384718
RDR,20140224,0.038,0.04,0.038,0.04,238757
RDS,20140224,0.099,0.1,0.087,0.087,132492
RDV,20140224,29.25,29.52,29.25,29.37,7495
REA,20140224,49.32,49.32,48.83,49,268050
REC,20140224,4.45,4.46,4.41,4.45,1222535
RED,20140224,0.105,0.115,0.105,0.105,2814454
REF,20140224,0.075,0.075,0.075,0.075,59000
REH,20140224,31.51,31.68,31.51,31.51,264
RER,20140224,0.073,0.076,0.07,0.074,460236
RES,20140224,0.185,0.185,0.18,0.18,200000
REX,20140224,0.8,0.8,0.79,0.79,69234
RFE,20140224,0.175,0.18,0.165,0.17,1982709
RFF,20140224,0.84,0.84,0.8,0.81,156857
RFG,20140224,4.55,4.58,4.46,4.48,286616
RFL,20140224,0.365,0.365,0.335,0.35,434430
RFX,20140224,0.15,0.155,0.15,0.155,36759
RGS,20140224,0.52,0.525,0.515,0.515,210931
RHC,20140224,44.42,44.76,44.345,44.56,394748
RHI,20140224,0.8,0.8,0.8,0.8,14000
RHL,20140224,3.25,3.25,3.25,3.25,431266
RHT,20140224,0.058,0.064,0.058,0.06,751500
RIC,20140224,0.84,0.84,0.825,0.83,305972
RIM,20140224,0.029,0.029,0.029,0.029,158593
RIO,20140224,70.67,70.92,69.38,69.55,2051357
RIS,20140224,0.14,0.14,0.14,0.14,25000
RKN,20140224,2.1,2.1,2.08,2.1,47851
RLE,20140224,0.21,0.22,0.21,0.21,33910
RMD,20140224,5.18,5.18,5.145,5.16,2545122
RMG,20140224,0.002,0.002,0.002,0.002,2700000
RMI,20140224,0.001,0.001,0.001,0.001,72222
RMS,20140224,0.165,0.17,0.16,0.16,1926749
RMX,20140224,0.023,0.023,0.021,0.022,18963674
RNC,20140224,0.37,0.37,0.365,0.365,192907
RND,20140224,0.47,0.47,0.47,0.47,38633
RNI,20140224,0.093,0.105,0.09,0.1,629043
RNO,20140224,0.05,0.05,0.048,0.049,2244260
RNS,20140224,0.087,0.087,0.087,0.087,35000
RNU,20140224,0.048,0.055,0.048,0.055,33772
RNY,20140224,0.325,0.33,0.325,0.33,626940
ROC,20140224,0.51,0.51,0.495,0.51,1911544
ROL,20140224,0.3,0.3,0.3,0.3,50000
ROY,20140224,0.043,0.043,0.043,0.043,17466
RQL,20140224,0.13,0.13,0.13,0.13,64407
RRE,20140224,0.03,0.03,0.03,0.03,25000
RRL,20140224,2.61,2.75,2.61,2.7,6624683
RRS,20140224,0.019,0.019,0.018,0.018,581211
RSG,20140224,0.66,0.695,0.66,0.69,4269344
RSL,20140224,0.004,0.004,0.004,0.004,500000
RSM,20140224,20.35,20.35,20.35,20.35,4935
RTD,20140224,0.054,0.056,0.052,0.055,2114633
RTR,20140224,0.03,0.03,0.03,0.03,50000
RUL,20140224,0.61,0.61,0.59,0.59,181090
RUM,20140224,0.135,0.135,0.13,0.13,987902
RVA,20140224,0.345,0.35,0.335,0.34,343896
RVL,20140224,33.7,33.7,33.7,33.7,1467
RVY,20140224,0.018,0.019,0.018,0.019,596200
RWH,20140224,3.38,3.4,3.38,3.4,97515
RXL,20140224,0.037,0.038,0.037,0.037,1830333
RXM,20140224,0.46,0.46,0.44,0.44,68120
RXP,20140224,0.705,0.71,0.7,0.7,922596
SAI,20140224,3.98,3.98,3.81,3.85,3016417
SAO,20140224,0.475,0.475,0.475,0.475,2000
SAR,20140224,0.385,0.39,0.365,0.375,1694430
SAV,20140224,0.014,0.014,0.014,0.014,52833
SBM,20140224,0.41,0.42,0.4,0.4,3744412
SBN,20140224,0.011,0.011,0.011,0.011,37143
SBR,20140224,0.045,0.046,0.045,0.046,158450
SCD,20140224,0.57,0.57,0.57,0.57,5937
SCI,20140224,0.079,0.085,0.077,0.085,128607
SCP,20140224,1.61,1.61,1.572,1.59,1333107
SDF,20140224,1.63,1.68,1.63,1.65,741197
SDG,20140224,1.62,1.65,1.61,1.65,459803
SDI,20140224,0.585,0.585,0.57,0.57,118087
SDL,20140224,0.1,0.105,0.1,0.1,14107493
SDM,20140224,0.555,0.575,0.555,0.565,47428
SEG,20140224,0.01,0.01,0.009,0.009,1200100
SEH,20140224,0.215,0.215,0.21,0.215,935803
SEK,20140224,16.28,16.31,16.1,16.24,1676243
SEN,20140224,0.038,0.038,0.034,0.036,708895
SER,20140224,0.024,0.024,0.024,0.024,40835
SFH,20140224,0.83,0.83,0.825,0.825,371260
SFR,20140224,6.19,6.365,6.15,6.2,863268
SFW,20140224,0.73,0.74,0.73,0.735,334449
SFX,20140224,0.58,0.58,0.57,0.57,64305
SFY,20140224,54.39,54.39,54.2,54.2,2573
SGH,20140224,4.84,4.96,4.83,4.85,1803401
SGM,20140224,10,10.1,9.85,9.97,1113638
SGN,20140224,1.485,1.49,1.47,1.48,1128988
SGP,20140224,3.95,3.96,3.88,3.92,8753490
SGQ,20140224,0.13,0.13,0.11,0.125,471770
SGT,20140224,3.18,3.2,3.17,3.2,752292
SGZ,20140224,0.009,0.009,0.009,0.009,120312
SHD,20140224,0.12,0.12,0.12,0.12,345166
SHE,20140224,0.009,0.011,0.009,0.01,1322264
SHJ,20140224,1.77,1.8,1.77,1.8,49237
SHK,20140224,0.004,0.004,0.004,0.004,915888
SHL,20140224,17.6,17.66,17.41,17.55,827165
SHP,20140224,0.03,0.039,0.03,0.039,49650611
SHV,20140224,6.31,6.37,6.22,6.37,189855
SIH,20140224,0.03,0.03,0.03,0.03,71534
SIP,20140224,0.65,0.655,0.645,0.655,1106690
SIR,20140224,2.56,2.56,2.47,2.49,377663
SIV,20140224,6,6.28,5.84,6.05,98661
SKC,20140224,3.53,3.63,3.52,3.61,507388
SKE,20140224,3.21,3.23,3.12,3.18,496285
SKI,20140224,1.76,1.795,1.74,1.79,6260032
SKT,20140224,5.5,5.8,5.5,5.65,1019852
SLF,20140224,9.68,9.71,9.51,9.55,27108
SLK,20140224,1.795,1.8,1.795,1.8,18681
SLM,20140224,2.02,2.03,2.02,2.03,5824
SLR,20140224,0.69,0.715,0.687,0.695,4558072
SLX,20140224,2.05,2.07,2.02,2.03,105409
SMA,20140224,0.019,0.02,0.019,0.019,1207304
SMC,20140224,0.039,0.039,0.039,0.039,611000
SMD,20140224,0.033,0.033,0.033,0.033,40000
SMI,20140224,0.049,0.049,0.049,0.049,44794
SMR,20140224,0.18,0.18,0.175,0.175,43991
SMX,20140224,3.92,3.95,3.895,3.92,232747
SNC,20140224,0.945,0.945,0.945,0.945,11
SND,20140224,0.84,0.84,0.83,0.83,22255
SNL,20140224,2.41,2.44,2.41,2.44,3000
SOC,20140224,0.13,0.13,0.12,0.125,215454
SOI,20140224,0.008,0.008,0.007,0.007,4812500
SOL,20140224,14.99,15.09,14.99,15.01,15897
SOM,20140224,1.7,1.7,1.67,1.68,67783
SPI,20140224,0.013,0.013,0.013,0.013,50000
SPL,20140224,0.7,0.7,0.685,0.685,174443
SPN,20140224,1.29,1.305,1.285,1.3,5502873
SPX,20140224,0.034,0.034,0.031,0.031,280099
SPZ,20140224,0.15,0.155,0.145,0.155,226814
SRI,20140224,0.054,0.057,0.054,0.057,418109
SRK,20140224,0.043,0.043,0.043,0.043,10000
SRR,20140224,0.005,0.005,0.005,0.005,951101
SRV,20140224,4.49,4.55,4.49,4.49,27615
SRX,20140224,14.95,15.2,14.95,15.16,405636
SRZ,20140224,0.052,0.052,0.051,0.052,174515
SSM,20140224,0.245,0.245,0.24,0.24,318652
SSN,20140224,0.025,0.025,0.025,0.025,791800
SSO,20140224,11.9,11.9,11.9,11.9,3156
STB,20140224,0.21,0.21,0.21,0.21,2131
STO,20140224,13.68,13.77,13.545,13.67,4757379
STS,20140224,0.53,0.545,0.53,0.545,13695
STW,20140224,50.9,51.06,50.77,50.93,144735
STX,20140224,0.099,0.105,0.099,0.105,1672552
SUD,20140224,0.068,0.068,0.065,0.065,826740
SUH,20140224,0.044,0.044,0.044,0.044,9524
SUL,20140224,11.65,11.69,11.32,11.41,895140
SUM,20140224,0.099,0.1,0.097,0.1,16334
SUN,20140224,12.39,12.43,12.26,12.34,5951329
SUR,20140224,0.029,0.03,0.028,0.029,815000
SVA,20140224,0.8,0.8,0.67,0.67,162000
SVL,20140224,0.005,0.005,0.005,0.005,2100000
SVM,20140224,0.125,0.125,0.125,0.125,21500
SVW,20140224,8.17,8.34,8.12,8.25,636035
SWE,20140224,0.3,0.3,0.28,0.28,225600
SWJ,20140224,0.21,0.21,0.21,0.21,10000
SWK,20140224,0.27,0.27,0.26,0.27,531234
SWL,20140224,1.555,1.58,1.555,1.58,168752
SWM,20140224,2.14,2.17,2.13,2.17,3584331
SXE,20140224,0.82,0.855,0.82,0.84,643268
SXG,20140224,0.017,0.017,0.017,0.017,700000
SXL,20140224,1.405,1.445,1.405,1.415,1281294
SXY,20140224,0.81,0.827,0.76,0.785,9065086
SYD,20140224,3.99,4,3.93,3.95,6742074
SYI,20140224,29.8,29.81,29.78,29.79,14269
SYP,20140224,0.012,0.012,0.012,0.012,19500
SYR,20140224,2.61,2.65,2.57,2.6,126525
TAG,20140224,0.17,0.17,0.17,0.17,20000
TAH,20140224,3.57,3.6,3.54,3.59,5012023
TAM,20140224,0.029,0.031,0.027,0.027,1510185
TAN,20140224,0.465,0.465,0.465,0.465,40000
TAP,20140224,0.46,0.46,0.45,0.45,318471
TAS,20140224,0.034,0.034,0.03,0.03,595625
TAU,20140224,0.082,0.082,0.082,0.082,5512
TAW,20140224,0.03,0.03,0.028,0.028,780732
TBR,20140224,2.7,2.72,2.7,2.72,7829
TCL,20140224,7.03,7.07,6.99,7.04,7111026
TCM,20140224,0.15,0.15,0.15,0.15,76533
TCN,20140224,0.096,0.1,0.093,0.1,448639
TDO,20140224,0.11,0.11,0.11,0.11,25000
TEG,20140224,0.005,0.005,0.005,0.005,37655
TEL,20140224,2.21,2.27,2.185,2.26,2318331
TEN,20140224,0.34,0.345,0.335,0.345,3230268
TEY,20140224,0.036,0.036,0.036,0.036,16666
TFC,20140224,1.15,1.16,1.1,1.13,286159
TGA,20140224,2.11,2.135,2.11,2.13,234468
TGG,20140224,1.44,1.46,1.43,1.435,391354
TGR,20140224,3.6,3.61,3.58,3.59,313548
TGS,20140224,0.375,0.375,0.36,0.36,1650027
TGZ,20140224,1.23,1.23,1.1,1.145,707262
THR,20140224,0.006,0.006,0.005,0.005,1696646
THX,20140224,0.032,0.033,0.032,0.033,36500
TIG,20140224,0.17,0.175,0.165,0.165,128000
TIS,20140224,0.375,0.375,0.355,0.36,415800
TIX,20140224,2.04,2.05,2.03,2.05,14678
TKG,20140224,0.004,0.004,0.004,0.004,680
TLG,20140224,0.1,0.1,0.1,0.1,291117
TLM,20140224,0.13,0.13,0.125,0.13,149397
TLS,20140224,5.09,5.14,5.08,5.12,69517311
TLU,20140224,0.072,0.072,0.072,0.072,5000
TME,20140224,3.75,3.785,3.69,3.72,1289602
TMZ,20140224,0.023,0.023,0.023,0.023,50000
TNE,20140224,2.51,2.65,2.48,2.49,392390
TNG,20140224,0.047,0.047,0.047,0.047,157590
TNR,20140224,0.003,0.003,0.003,0.003,12000
TOE,20140224,0.066,0.067,0.066,0.066,401661
TOL,20140224,5.47,5.55,5.44,5.53,4252527
TOP,20140224,0.57,0.57,0.56,0.56,188556
TOU,20140224,0.32,0.32,0.31,0.31,127272
TOX,20140224,3.2,3.2,3.16,3.18,474861
TPC,20140224,0.075,0.075,0.073,0.073,153800
TPD,20140224,0.036,0.036,0.033,0.033,31149
TPI,20140224,1.18,1.19,1.157,1.165,4876176
TPM,20140224,5.49,5.59,5.47,5.53,1444163
TPP,20140224,0.071,0.079,0.071,0.079,336544
TPR,20140224,0.1,0.1,0.1,0.1,258887
TRF,20140224,0.093,0.093,0.091,0.091,423505
TRG,20140224,8.8,8.8,8.61,8.66,39283
TRS,20140224,10.65,10.68,10.42,10.5,510160
TRY,20140224,1.44,1.44,1.265,1.285,1265587
TSE,20140224,0.845,1.025,0.845,0.99,16135062
TSM,20140224,0.39,0.41,0.39,0.405,849775
TSN,20140224,0.006,0.006,0.006,0.006,800000
TSV,20140224,0.004,0.004,0.003,0.004,1061862
TTE,20140224,0.025,0.025,0.024,0.024,130300
TTI,20140224,0.067,0.067,0.067,0.067,20000
TTN,20140224,2.25,2.43,2.25,2.35,157864
TTS,20140224,3.01,3.035,2.99,3.03,3281858
TWD,20140224,2.78,2.78,2.78,2.78,11260
TWE,20140224,3.97,4.07,3.94,4.05,5994846
TWH,20140224,0.005,0.005,0.005,0.005,1000000
TWR,20140224,1.455,1.455,1.44,1.44,6799
TYK,20140224,0.008,0.008,0.007,0.007,22730354
TZL,20140224,0.18,0.18,0.175,0.175,51500
TZN,20140224,0.035,0.035,0.033,0.033,167900
UBI,20140224,0.385,0.385,0.35,0.35,117472
UCM,20140224,0.19,0.19,0.19,0.19,59812
UGL,20140224,6.12,6.26,6.1,6.24,705886
UML,20140224,0.039,0.04,0.038,0.038,125000
UNS,20140224,0.79,0.79,0.77,0.775,543511
UNV,20140224,0.12,0.12,0.11,0.11,105450
UNX,20140224,0.096,0.096,0.095,0.095,34800
UOS,20140224,0.535,0.535,0.535,0.535,2056
URF,20140224,1.84,1.88,1.82,1.88,99106
USA,20140224,0.025,0.025,0.022,0.024,350000
USD,20140224,11,11.04,10.99,11.01,27916
USF,20140224,1.76,1.76,1.76,1.76,20250
UUL,20140224,0.04,0.04,0.04,0.04,5000
UXC,20140224,1.04,1.045,1.03,1.03,103568
VAF,20140224,47.87,47.9,47.87,47.9,768
VAH,20140224,0.35,0.35,0.345,0.35,1702858
VAP,20140224,60.25,60.25,59.72,59.93,5094
VAR,20140224,0.05,0.05,0.05,0.05,146238
VAS,20140224,69,69.3,68.99,68.99,25429
VBP,20140224,6.44,6.44,6.44,6.44,1287
VED,20140224,2,2.05,1.985,2.01,168539
VEI,20140224,0.66,0.68,0.65,0.67,267817
VET,20140224,2.55,2.65,2.505,2.64,4783808
VEU,20140224,56.23,56.23,55.77,55.77,8863
VGB,20140224,46.67,46.7,46.65,46.65,1558
VGE,20140224,48.58,48.58,48.51,48.51,42
VGO,20140224,0.037,0.037,0.029,0.029,221486
VHL,20140224,0.015,0.015,0.014,0.014,1353503
VHY,20140224,65,65.48,65,65.24,3496
VIC,20140224,0.005,0.005,0.005,0.005,2250000
VLA,20140224,0.315,0.32,0.305,0.305,165000
VLC,20140224,61.58,61.71,61.58,61.71,1361
VLW,20140224,2,2.03,1.985,1.99,261576
VMC,20140224,0.1,0.1,0.1,0.1,541500
VMG,20140224,0.01,0.01,0.009,0.009,852927
VMS,20140224,0.19,0.19,0.19,0.19,44160
VMT,20140224,0.042,0.046,0.042,0.043,16579849
VMX,20140224,0.24,0.25,0.24,0.25,34062
VOC,20140224,3.5,3.52,3.41,3.46,161775
VOR,20140224,0.004,0.004,0.004,0.004,12238485
VRL,20140224,7.51,7.61,7.51,7.53,217108
VRT,20140224,8.49,8.55,8.42,8.47,233582
VRX,20140224,0.065,0.065,0.06,0.06,91500
VSC,20140224,1.84,1.84,1.8,1.81,80500
VSO,20140224,45.95,46.08,45.82,45.96,2938
VTM,20140224,0.065,0.065,0.061,0.061,526906
VTS,20140224,107.65,107.65,106.97,106.97,6866
VTX,20140224,0.001,0.001,0.001,0.001,250000
VXL,20140224,0.295,0.295,0.285,0.295,188500
WAA,20140224,1.3,1.315,1.3,1.31,109397
WAF,20140224,0.15,0.16,0.15,0.15,172367
WAM,20140224,2.05,2.07,2.04,2.04,335759
WAT,20140224,1.2,1.2,1.2,1.2,24533
WAX,20140224,1.17,1.17,1.16,1.16,62538
WBA,20140224,1.29,1.3,1.25,1.29,63916
WBB,20140224,5.74,5.77,5.7,5.77,8521
WBC,20140224,33.31,33.57,33.3,33.57,5524737
WCB,20140224,8.55,8.75,8.5,8.7,6593
WCC,20140224,0.14,0.14,0.14,0.14,4324
WCL,20140224,0.23,0.24,0.23,0.23,810671
WCN,20140224,0.014,0.014,0.014,0.014,146500
WCP,20140224,0.035,0.035,0.035,0.035,7000
WDC,20140224,10.63,10.63,10.39,10.53,6302116
WDR,20140224,0.63,0.637,0.625,0.625,275562
WDS,20140224,0.93,0.96,0.93,0.945,109931
WEB,20140224,3.15,3.17,3.09,3.17,175646
WEC,20140224,0.17,0.17,0.17,0.17,30000
WES,20140224,42.84,43.03,42.53,42.8,6934010
WFE,20140224,0.035,0.035,0.035,0.035,44000
WGO,20140224,0.03,0.03,0.03,0.03,180000
WHC,20140224,1.73,1.74,1.7,1.715,1880952
WHE,20140224,0.03,0.03,0.029,0.029,785165
WHF,20140224,4.02,4.04,4.02,4.03,8875
WHN,20140224,0.012,0.012,0.011,0.012,453611
WIC,20140224,1.26,1.285,1.26,1.285,13003
WIG,20140224,0.615,0.615,0.585,0.585,5660
WIN,20140224,0.245,0.245,0.21,0.22,145296
WKT,20140224,0.007,0.007,0.006,0.006,203121
WLF,20140224,0.45,0.45,0.43,0.45,17323
WLL,20140224,2.83,2.83,2.83,2.83,5759
WMK,20140224,1.055,1.06,1.055,1.06,29342
WOF,20140224,0.06,0.06,0.06,0.06,60000
WOR,20140224,16,16.07,15.66,15.79,1274727
WOW,20140224,36.45,36.64,36.35,36.55,2148307
WPG,20140224,0.033,0.033,0.031,0.032,369675
WPL,20140224,38.03,38.34,37.85,37.99,6899504
WRT,20140224,3.16,3.16,3.08,3.13,7305148
WSA,20140224,3.19,3.235,3.14,3.17,1091988
WTF,20140224,2.8,2.82,2.77,2.8,1065002
WTP,20140224,0.945,0.985,0.93,0.945,72387
XRF,20140224,0.265,0.265,0.265,0.265,30000
XRO,20140224,36.9,37.25,36.9,36.98,12938
XST,20140224,0.051,0.053,0.05,0.05,723833
XTE,20140224,0.035,0.035,0.035,0.035,189215
YBR,20140224,0.5,0.52,0.49,0.5,161250
YOW,20140224,0.52,0.61,0.52,0.57,1533139
YTC,20140224,0.245,0.25,0.235,0.245,478075
ZGM,20140224,0.007,0.007,0.007,0.007,66666
ZRL,20140224,0.125,0.125,0.125,0.125,9000
XAF,20140224,5539.1,5551.8,5518.2,5534.7,0
XAO,20140224,5449.4,5466,5436.6,5450.1,0
XAT,20140224,5395.7,5412,5381.2,5396.3,0
XDJ,20140224,1834.2,1849.7,1834.2,1848.2,0
XEC,20140224,1147.6,1156.7,1147.6,1150.6,0
XEJ,20140224,13705.6,13730.4,13594.3,13644.6,0
XFJ,20140224,5905.3,5924.5,5891.3,5914.4,0
XFL,20140224,5604.8,5618.1,5584.1,5600.6,0
XGD,20140224,2491,2584.8,2491,2553.9,0
XHJ,20140224,14539.4,14596.6,14517.8,14596.6,0
XIJ,20140224,779.4,784.9,776.1,782,0
XJO,20140224,5438.7,5455.5,5425.1,5440.2,0
XJR,20140224,4336.2,4391.2,4336.1,4345,0
XKO,20140224,5390.7,5407.3,5377.4,5392.2,0
XMD,20140224,4459.9,4501,4459.9,4492.2,0
XMJ,20140224,10732.1,10895.8,10732.5,10774.9,0
XMM,20140224,3507.2,3569,3507.4,3522.5,0
XNJ,20140224,4030,4061.1,4025.8,4052.5,0
XPJ,20140224,1034.3,1039.6,1024.9,1031,0
XSJ,20140224,10154.6,10157.7,10036.9,10079.3,0
XSO,20140224,2253.4,2266.8,2253.6,2258.8,0
XTJ,20140224,1829.8,1831,1775,1787.7,0
XTL,20140224,3415.9,3422.6,3400.2,3410.7,0
XTO,20140224,4513.1,4526,4500.5,4513.5,0
XUJ,20140224,5719.3,5740.8,5689.5,5721.1,0
XXJ,20140224,6967.2,6995.7,6956.2,6983.3,0
