AAA,20140514,50.14,50.14,50.13,50.13,14088
AAC,20140514,1.29,1.292,1.277,1.28,316610
AAD,20140514,2.54,2.57,2.525,2.54,742092
AAJ,20140514,0.038,0.038,0.038,0.038,50000
AAU,20140514,0.07,0.07,0.07,0.07,1700
AAX,20140514,0.54,0.54,0.515,0.525,353328
ABC,20140514,3.88,3.88,3.82,3.84,770889
ABP,20140514,2.49,2.49,2.46,2.48,257523
ABU,20140514,0.022,0.023,0.022,0.022,3235894
ABW,20140514,1.06,1.065,1.06,1.06,177942
ABY,20140514,0.21,0.225,0.21,0.215,188478
ABZ,20140514,0.195,0.205,0.195,0.205,41176
ACB,20140514,0.049,0.05,0.049,0.05,463724
ACG,20140514,0.12,0.12,0.12,0.12,208000
ACL,20140514,0.52,0.53,0.515,0.53,388716
ACQ,20140514,0.92,0.92,0.92,0.92,3500
ACR,20140514,1.035,1.04,1.005,1.02,1331134
ADJ,20140514,0.085,0.092,0.085,0.089,3228956
ADN,20140514,0.046,0.046,0.045,0.045,269114
ADO,20140514,0.19,0.22,0.19,0.22,4156532
ADQ,20140514,0.013,0.013,0.013,0.013,52684
ADX,20140514,0.013,0.013,0.013,0.013,48050
ADY,20140514,0.012,0.012,0.012,0.012,200000
AEB,20140514,0.095,0.095,0.095,0.095,49026
AEE,20140514,0.032,0.032,0.031,0.031,308334
AEF,20140514,33,33.04,33,33,680
AEK,20140514,0.086,0.086,0.085,0.085,102180
AEM,20140514,0.012,0.012,0.012,0.012,524000
AEU,20140514,1.73,1.735,1.725,1.73,112951
AFA,20140514,0.175,0.2,0.175,0.2,32358
AFI,20140514,5.88,5.94,5.88,5.92,200834
AFJ,20140514,1.27,1.32,1.27,1.31,1855047
AFR,20140514,0.079,0.083,0.079,0.083,44000
AGE,20140514,0.033,0.033,0.032,0.032,650000
AGF,20140514,0.69,0.69,0.677,0.68,521464
AGI,20140514,3.94,3.95,3.91,3.91,151370
AGK,20140514,16.03,16.05,15.735,15.84,1162717
AGO,20140514,0.825,0.825,0.795,0.795,9723747
AGR,20140514,0.051,0.051,0.051,0.051,35000
AGS,20140514,0.245,0.25,0.245,0.245,157650
AHD,20140514,9.1,9.15,9,9.08,17683
AHE,20140514,3.87,3.89,3.81,3.85,474926
AHN,20140514,0.05,0.05,0.05,0.05,80000
AHZ,20140514,0.11,0.11,0.1,0.1,8928421
AIA,20140514,3.78,3.82,3.78,3.8,26698
AIO,20140514,5.8,5.84,5.75,5.8,1907674
AIQ,20140514,0.13,0.13,0.13,0.13,2000
AIX,20140514,0.004,0.005,0.004,0.004,829622
AIZ,20140514,2.04,2.04,1.97,2,11374
AJA,20140514,3.88,3.9,3.84,3.9,11932
AJD,20140514,1.06,1.065,1.06,1.06,123018
AJL,20140514,0.83,0.84,0.785,0.805,95741
AJM,20140514,0.18,0.18,0.165,0.165,159596
AJQ,20140514,0.145,0.15,0.145,0.15,309314
AJR,20140514,0.002,0.002,0.002,0.002,5186245
AJX,20140514,0.115,0.115,0.115,0.115,14656
AKA,20140514,0.08,0.084,0.076,0.084,239145
AKF,20140514,0.16,0.16,0.16,0.16,27667
AKG,20140514,1.05,1.06,1.05,1.06,29000
AKK,20140514,0.01,0.01,0.01,0.01,5598054
AKP,20140514,3.75,3.75,3.75,3.75,5598
ALA,20140514,0.175,0.175,0.165,0.165,162430
ALF,20140514,1.695,1.7,1.69,1.69,369700
ALK,20140514,0.32,0.32,0.31,0.315,132866
ALL,20140514,5.12,5.145,5.09,5.12,421229
ALQ,20140514,7.7,7.77,7.63,7.75,881165
ALR,20140514,1.265,1.295,1.265,1.27,45402
ALT,20140514,0.039,0.044,0.039,0.043,6902665
ALU,20140514,2.12,2.22,2.11,2.2,272037
ALY,20140514,0.027,0.027,0.027,0.027,15000
ALZ,20140514,4.2,4.25,4.2,4.24,3134879
AMA,20140514,0.25,0.25,0.25,0.25,9777
AMC,20140514,10.52,10.59,10.47,10.53,1563867
AMH,20140514,0.93,0.93,0.925,0.925,54725
AMM,20140514,2.09,2.12,2.09,2.12,332649
AMP,20140514,5.31,5.34,5.28,5.31,7402715
ANG,20140514,1.59,1.6,1.58,1.6,136993
ANI,20140514,2.01,2.03,2.01,2.02,103653
ANN,20140514,18.44,18.44,18.17,18.37,275835
ANO,20140514,0.014,0.015,0.014,0.015,3787970
ANP,20140514,0.135,0.135,0.13,0.13,10631
ANQ,20140514,0.009,0.009,0.009,0.009,200000
ANZ,20140514,33,33.15,32.9,33.15,3690086
AOC,20140514,0.105,0.11,0.105,0.11,126276
AOD,20140514,1.01,1.015,1.01,1.015,39836
AOG,20140514,2.09,2.12,2.08,2.11,613324
AOH,20140514,0.15,0.15,0.15,0.15,1000
AOK,20140514,0.17,0.172,0.167,0.17,757942
AON,20140514,0.02,0.02,0.018,0.02,2280152
AOU,20140514,0.067,0.067,0.067,0.067,40000
APA,20140514,6.93,6.955,6.84,6.89,1332569
APE,20140514,5.24,5.35,5.22,5.3,13610
APG,20140514,0.021,0.021,0.019,0.019,369000
API,20140514,0.54,0.54,0.535,0.54,279562
APN,20140514,0.665,0.675,0.665,0.67,1018878
APW,20140514,0.083,0.095,0.083,0.093,7114259
APY,20140514,0.024,0.025,0.024,0.025,765000
APZ,20140514,1.29,1.33,1.29,1.325,59435
AQA,20140514,3.53,3.54,3.49,3.52,334171
AQC,20140514,0.005,0.005,0.005,0.005,2339728
AQD,20140514,0.018,0.018,0.017,0.017,150000
AQG,20140514,2.39,2.39,2.36,2.37,337265
AQO,20140514,0.19,0.21,0.19,0.2,8680500
AQP,20140514,0.43,0.435,0.43,0.43,178270
AQQ,20140514,0.017,0.017,0.017,0.017,84857
AQR,20140514,0.145,0.145,0.145,0.145,103693
AQZ,20140514,1.15,1.18,1.15,1.175,91100
ARA,20140514,0.36,0.36,0.36,0.36,10000
ARD,20140514,0.02,0.021,0.02,0.021,738092
ARF,20140514,1.17,1.17,1.165,1.17,48876
ARG,20140514,7.26,7.29,7.25,7.29,122394
ARI,20140514,1.09,1.09,1.05,1.08,10234867
ARM,20140514,0.048,0.05,0.048,0.05,90245
ARP,20140514,12.4,12.46,12.04,12.1,125442
ARU,20140514,0.065,0.065,0.061,0.064,1022395
ARV,20140514,0.003,0.003,0.003,0.003,2335668
ARX,20140514,0.004,0.005,0.004,0.004,563067
ASB,20140514,1.13,1.14,1.115,1.13,3531933
ASL,20140514,0.93,0.94,0.925,0.94,205767
ASX,20140514,36.01,36.09,35.87,36.09,323857
ASZ,20140514,0.415,0.415,0.395,0.41,594362
ATP,20140514,0.065,0.065,0.065,0.065,37467
ATR,20140514,0.35,0.35,0.35,0.35,858
ATU,20140514,1.57,1.65,1.54,1.605,191628
ATV,20140514,0.02,0.02,0.02,0.02,177500
AUB,20140514,10.05,10.1,9.86,9.9,266655
AUI,20140514,8.15,8.15,8.15,8.15,186
AUK,20140514,0.026,0.026,0.024,0.024,50000
AUP,20140514,5.48,5.48,5.36,5.36,4984
AUQ,20140514,0.086,0.086,0.083,0.083,517397
AUT,20140514,4.18,4.18,4.17,4.17,12326430
AUZ,20140514,0.005,0.005,0.005,0.005,4805
AVB,20140514,0.069,0.069,0.067,0.069,1114478
AVG,20140514,0.36,0.36,0.35,0.35,142173
AVH,20140514,0.12,0.12,0.12,0.12,1859884
AVJ,20140514,0.565,0.565,0.565,0.565,29811
AVQ,20140514,0.016,0.017,0.015,0.016,25140438
AVX,20140514,0.015,0.015,0.015,0.015,108028
AVZ,20140514,0.01,0.012,0.01,0.012,811476
AWC,20140514,1.32,1.335,1.285,1.29,15316368
AWD,20140514,0.001,0.001,0.001,0.001,2240000
AWE,20140514,1.68,1.685,1.65,1.67,1522701
AWI,20140514,0.3,0.31,0.3,0.3,372664
AXE,20140514,0.165,0.165,0.165,0.165,7000
AXZ,20140514,1.1,1.1,1.1,1.1,8000
AYA,20140514,0.35,0.35,0.34,0.34,30000
AYG,20140514,0.003,0.003,0.003,0.003,200000
AZJ,20140514,4.95,4.98,4.94,4.95,2982679
AZM,20140514,0.041,0.041,0.041,0.041,246669
AZQ,20140514,0.086,0.086,0.086,0.086,10000
AZS,20140514,0.032,0.034,0.031,0.031,4516726
AZV,20140514,0.325,0.325,0.32,0.325,336816
AZZ,20140514,0.46,0.48,0.455,0.48,1205051
BAB,20140514,0.073,0.074,0.073,0.073,633548
BAP,20140514,2.05,2.06,2.04,2.06,1628636
BAR,20140514,0.007,0.008,0.007,0.008,210000
BAS,20140514,0.006,0.006,0.006,0.006,28000
BAU,20140514,0.11,0.11,0.11,0.11,59090
BBG,20140514,0.46,0.465,0.445,0.455,1330484
BBR,20140514,0.49,0.49,0.49,0.49,5000
BCD,20140514,0.037,0.037,0.037,0.037,12000
BCI,20140514,3.96,3.99,3.91,3.98,560476
BCN,20140514,0.004,0.004,0.004,0.004,1980000
BDI,20140514,0.001,0.001,0.001,0.001,1000000
BDR,20140514,0.655,0.67,0.655,0.665,2650744
BEAR,20140514,17.79,17.8,17.75,17.75,15795
BEL,20140514,0.14,0.145,0.14,0.14,192000
BEN,20140514,11.49,11.5,11.39,11.46,1199152
BFG,20140514,0.595,0.605,0.59,0.59,167311
BGA,20140514,5.14,5.14,5.06,5.08,221215
BGL,20140514,0.91,0.91,0.9,0.9,105107
BGS,20140514,0.013,0.013,0.013,0.013,100000
BHP,20140514,38.17,38.37,38.04,38.3,4443596
BIT,20140514,0.094,0.094,0.091,0.091,152618
BKI,20140514,1.625,1.625,1.61,1.625,58356
BKL,20140514,27.15,27.15,26.5,26.55,4619
BKM,20140514,0.002,0.002,0.002,0.002,200000
BKN,20140514,3.94,4,3.93,3.98,1101166
BKW,20140514,13.5,13.51,13.4,13.4,40457
BKY,20140514,0.28,0.28,0.28,0.28,11110
BLA,20140514,2.39,2.4,2.38,2.38,19627
BLD,20140514,5.46,5.48,5.38,5.41,2408749
BLK,20140514,0.24,0.24,0.23,0.23,196700
BLR,20140514,0.006,0.006,0.006,0.006,578000
BLT,20140514,1.005,1.025,0.98,0.99,632023
BLX,20140514,1.05,1.055,1.04,1.04,270712
BLY,20140514,0.24,0.25,0.23,0.23,1916498
BMB,20140514,0.11,0.11,0.1,0.105,60000
BML,20140514,0.009,0.009,0.009,0.009,142200
BMN,20140514,0.066,0.076,0.066,0.076,89556
BMZ,20140514,0.035,0.035,0.035,0.035,50000
BND,20140514,0.093,0.095,0.093,0.093,60453
BNE,20140514,0.021,0.021,0.02,0.02,403114
BNO,20140514,0.45,0.455,0.44,0.45,117268
BNR,20140514,0.017,0.017,0.017,0.017,200000
BOA,20140514,0.19,0.2,0.18,0.2,158650
BOC,20140514,0.52,0.52,0.515,0.515,14864
BOE,20140514,0.021,0.023,0.02,0.02,2822217
BOL,20140514,0.145,0.15,0.145,0.15,27421
BOQ,20140514,12.05,12.15,12,12.01,1448925
BPA,20140514,4.4,4.4,4.32,4.32,3580
BPF,20140514,0.29,0.3,0.29,0.3,139833
BPH,20140514,0.009,0.009,0.009,0.009,10500
BPL,20140514,0.042,0.042,0.042,0.042,20000
BPO,20140514,0.003,0.003,0.003,0.003,400
BPT,20140514,1.715,1.72,1.7,1.71,4507405
BRG,20140514,9,9.08,8.94,8.97,103687
BRL,20140514,0.059,0.061,0.059,0.06,186115
BRO,20140514,0.001,0.001,0.001,0.001,30000
BRU,20140514,1.15,1.155,1.13,1.145,533092
BSA,20140514,0.125,0.125,0.125,0.125,110000
BSE,20140514,0.39,0.4,0.385,0.4,301748
BSL,20140514,6.13,6.27,6.1,6.22,2706440
BSM,20140514,0.002,0.002,0.002,0.002,2200020
BSR,20140514,0.007,0.007,0.007,0.007,5635996
BTR,20140514,0.15,0.155,0.15,0.155,250917
BTT,20140514,6.77,6.8,6.64,6.75,157174
BUL,20140514,0.043,0.043,0.042,0.043,628600
BUR,20140514,0.02,0.022,0.017,0.017,2280298
BUX,20140514,0.205,0.25,0.2,0.22,169410
BUY,20140514,0.013,0.013,0.012,0.013,357045
BWF,20140514,0.28,0.28,0.27,0.27,140457
BWP,20140514,2.52,2.55,2.51,2.55,417830
BXB,20140514,9.7,9.78,9.65,9.7,1716716
BXN,20140514,0.024,0.024,0.022,0.022,1341341
BYE,20140514,1.08,1.08,1,1.04,50022
BYL,20140514,0.39,0.4,0.39,0.4,88000
CAA,20140514,0.14,0.145,0.14,0.145,419358
CAB,20140514,4.01,4.1,3.985,4.1,246492
CAJ,20140514,0.55,0.55,0.51,0.515,2610980
CAM,20140514,0.975,0.985,0.975,0.98,202719
CAP,20140514,0.088,0.088,0.088,0.088,30767
CAQ,20140514,0.12,0.12,0.12,0.12,37676
CAY,20140514,0.047,0.047,0.045,0.045,103384
CAZ,20140514,0.078,0.079,0.075,0.075,225155
CBA,20140514,80.08,80.99,79.55,80.89,2646460
CBS,20140514,0.02,0.02,0.02,0.02,150000
CCL,20140514,9.23,9.3,9.18,9.3,2586725
CCP,20140514,9.02,9.1,9,9.09,102555
CCV,20140514,1.08,1.105,1.065,1.1,420618
CCZ,20140514,0.004,0.004,0.004,0.004,200000
CDA,20140514,0.69,0.7,0.685,0.7,41455
CDB,20140514,0.012,0.012,0.01,0.01,10532000
CDD,20140514,6.78,6.89,6.75,6.85,327976
CDG,20140514,0.085,0.085,0.082,0.082,61400
CDI,20140514,2.74,2.75,2.74,2.74,137022
CDM,20140514,1.435,1.445,1.415,1.415,594150
CDP,20140514,5.74,5.87,5.7,5.87,2551
CDU,20140514,1.8,1.815,1.77,1.8,313351
CDV,20140514,0.038,0.042,0.038,0.042,71963
CDY,20140514,0.025,0.025,0.024,0.024,975000
CEL,20140514,0.085,0.085,0.082,0.082,29250
CES,20140514,0.008,0.008,0.008,0.008,65500
CFE,20140514,0.1,0.1,0.1,0.1,75000
CFU,20140514,0.012,0.012,0.012,0.012,2122517
CFX,20140514,2.03,2.06,2.02,2.04,3263135
CGF,20140514,7.05,7.06,6.96,7.03,3023258
CGH,20140514,0.395,0.41,0.395,0.41,169709
CGN,20140514,0.078,0.078,0.078,0.078,4300
CGS,20140514,0.28,0.28,0.28,0.28,28823
CGU,20140514,0.019,0.019,0.018,0.018,85000
CHC,20140514,4.19,4.25,4.18,4.23,16402279
CHN,20140514,0.145,0.145,0.145,0.145,8794
CHP,20140514,0.002,0.002,0.002,0.002,1266600
CHR,20140514,2.7,2.7,2.7,2.7,800
CHZ,20140514,0.11,0.11,0.11,0.11,346999
CIA,20140514,0.37,0.37,0.37,0.37,356790
CIN,20140514,26.25,26.35,26.1,26.3,2293
CIR,20140514,0.235,0.24,0.21,0.21,77878
CIX,20140514,0.365,0.38,0.365,0.38,65363
CKA,20140514,0.145,0.145,0.145,0.145,17104
CKF,20140514,1.87,1.87,1.85,1.865,100284
CKK,20140514,0.008,0.008,0.008,0.008,4037225
CKL,20140514,0.66,0.66,0.66,0.66,14861
CLH,20140514,1.89,1.9,1.88,1.9,79202
CLQ,20140514,0.051,0.051,0.051,0.051,74000
CLV,20140514,0.43,0.43,0.43,0.43,958
CLX,20140514,1.905,1.905,1.905,1.905,1259
CLZ,20140514,0.042,0.042,0.04,0.04,112500
CMG,20140514,0.34,0.347,0.335,0.34,1306437
CMP,20140514,0.1,0.1,0.1,0.1,36000
CMT,20140514,0.12,0.12,0.11,0.11,50000
CMW,20140514,0.98,0.99,0.975,0.99,1281774
CND,20140514,0.29,0.29,0.29,0.29,4854
CNI,20140514,0.815,0.815,0.81,0.81,26241
CNL,20140514,0.04,0.04,0.04,0.04,50000
CNN,20140514,0.003,0.003,0.003,0.003,1482512
CNQ,20140514,0.08,0.08,0.08,0.08,60000
CNU,20140514,1.55,1.58,1.5,1.565,79351
CNX,20140514,0.015,0.015,0.014,0.014,508000
COE,20140514,0.51,0.515,0.5,0.51,174134
COF,20140514,0.23,0.23,0.22,0.22,112815
COH,20140514,59.85,59.93,59.03,59.3,159994
COI,20140514,0.165,0.165,0.165,0.165,177834
COK,20140514,0.032,0.032,0.031,0.031,2235015
COO,20140514,0.135,0.135,0.135,0.135,7000
CPL,20140514,0.14,0.145,0.137,0.14,264749
CPU,20140514,12.75,12.97,12.71,12.75,844420
CQR,20140514,3.85,3.86,3.83,3.84,252452
CRB,20140514,0.028,0.028,0.027,0.027,100000
CRH,20140514,0.435,0.435,0.425,0.435,6968957
CRM,20140514,0.2,0.2,0.2,0.2,11305
CRZ,20140514,10.79,10.89,10.69,10.77,872858
CSD,20140514,0.066,0.066,0.066,0.066,60000
CSL,20140514,69.99,70.35,69.96,70.19,939883
CSR,20140514,3.61,3.64,3.25,3.34,10694956
CSS,20140514,0.049,0.05,0.048,0.049,1028638
CSV,20140514,0.92,0.92,0.855,0.855,53207
CTD,20140514,5.62,5.96,5.56,5.79,150736
CTM,20140514,0.115,0.115,0.105,0.105,335000
CTN,20140514,1,1.005,0.995,1,292834
CTO,20140514,0.04,0.04,0.038,0.038,310450
CTP,20140514,0.395,0.395,0.37,0.38,1360466
CTR,20140514,0.014,0.015,0.014,0.014,5733343
CTX,20140514,22.51,22.7,22.34,22.6,339696
CTY,20140514,11.21,11.21,11.21,11.21,95
CUE,20140514,0.115,0.115,0.115,0.115,85650
CUL,20140514,0.018,0.019,0.015,0.015,8421422
CUP,20140514,1.74,1.74,1.74,1.74,814
CUU,20140514,0.016,0.016,0.016,0.016,250000
CUV,20140514,1.52,1.535,1.5,1.5,164328
CVG,20140514,0.012,0.012,0.01,0.011,1065000
CVN,20140514,0.093,0.096,0.092,0.096,4072220
CVO,20140514,2.34,2.405,2.32,2.4,969559
CVV,20140514,0.014,0.014,0.014,0.014,383925
CWE,20140514,0.055,0.055,0.053,0.053,924337
CWG,20140514,0.052,0.052,0.052,0.052,9100
CWN,20140514,16.19,16.19,16,16.06,883092
CWP,20140514,7.29,7.29,7.12,7.17,94121
CXO,20140514,0.075,0.077,0.073,0.073,2389428
CXU,20140514,0.12,0.12,0.11,0.12,481300
CYA,20140514,0.9,0.9,0.89,0.89,57851
CYL,20140514,0.33,0.33,0.33,0.33,5413
CYP,20140514,0.39,0.39,0.355,0.37,89450
CYS,20140514,0.023,0.023,0.02,0.02,350000
CZD,20140514,0.105,0.105,0.1,0.1,5000
CZI,20140514,0.205,0.205,0.2,0.2,232440
CZN,20140514,0.007,0.007,0.006,0.006,3651121
CZR,20140514,0.022,0.022,0.022,0.022,655000
CZZ,20140514,6,6.1,6,6,29700
DAU,20140514,0.029,0.029,0.029,0.029,75000
DCG,20140514,1.91,1.93,1.857,1.865,518382
DCN,20140514,0.325,0.325,0.325,0.325,6500
DDR,20140514,1.59,1.59,1.55,1.55,7600
DDT,20140514,0.026,0.026,0.025,0.026,433002
DGR,20140514,0.033,0.033,0.032,0.032,127090
DGX,20140514,0.043,0.045,0.042,0.042,2717083
DIG,20140514,0.02,0.021,0.02,0.021,796000
DJS,20140514,3.94,3.95,3.94,3.95,981050
DJW,20140514,4.56,4.65,4.55,4.64,142587
DLC,20140514,0.007,0.007,0.006,0.007,852168
DLS,20140514,1.515,1.535,1.502,1.52,2018004
DLX,20140514,5.85,5.87,5.78,5.82,642311
DMP,20140514,19.45,19.9,19.38,19.78,198458
DMY,20140514,0.006,0.006,0.006,0.006,695666
DNA,20140514,1.01,1.055,1.01,1.04,1857020
DOW,20140514,5.46,5.59,5.41,5.47,1753753
DRA,20140514,0.13,0.13,0.13,0.13,5000
DRG,20140514,0.018,0.018,0.018,0.018,140000
DRK,20140514,0.023,0.023,0.021,0.021,711000
DRM,20140514,0.81,0.815,0.8,0.805,270392
DRX,20140514,0.009,0.01,0.009,0.01,73000
DSB,20140514,0.18,0.18,0.18,0.18,25000
DSH,20140514,2.11,2.15,2.09,2.11,941600
DSX,20140514,0.24,0.245,0.23,0.23,275396
DTE,20140514,0.17,0.17,0.165,0.165,4997413
DTL,20140514,0.635,0.635,0.635,0.635,52500
DUE,20140514,2.23,2.24,2.2,2.21,1462544
DUI,20140514,3.53,3.54,3.53,3.54,2471
DVI,20140514,0.016,0.016,0.016,0.016,40000
DVN,20140514,0.705,0.715,0.7,0.71,60211
DWS,20140514,1.1,1.12,1.1,1.12,79472
DXS,20140514,1.1,1.115,1.095,1.11,8390994
DYE,20140514,0.27,0.27,0.27,0.27,1200
DYL,20140514,0.023,0.024,0.023,0.024,1724001
EAF,20140514,0.008,0.008,0.008,0.008,500
EAL,20140514,0.655,0.66,0.65,0.655,38789
EAX,20140514,3.3,3.33,3.26,3.33,33290
EBG,20140514,0.049,0.049,0.049,0.049,6000
EBT,20140514,3.31,3.31,3.31,3.31,305
EDE,20140514,0.012,0.012,0.011,0.011,41251
EEG,20140514,0.093,0.094,0.093,0.094,30399
EEU,20140514,14.43,14.43,14.43,14.43,312
EGG,20140514,1.06,1.07,1.06,1.07,40158
EGH,20140514,0.13,0.13,0.125,0.125,10330
EGN,20140514,0.16,0.16,0.16,0.16,7500
EGO,20140514,0.007,0.007,0.007,0.007,6201478
EGP,20140514,2.9,2.905,2.845,2.87,2971811
EHL,20140514,0.25,0.255,0.23,0.25,2354219
ELD,20140514,0.115,0.115,0.105,0.11,240651
ELM,20140514,0.22,0.23,0.22,0.23,325000
ELT,20140514,0.017,0.017,0.015,0.017,363208
ELX,20140514,0.32,0.32,0.32,0.32,15500
EMA,20140514,0.065,0.066,0.065,0.066,20000
EMF,20140514,1.62,1.63,1.62,1.63,83720
EMG,20140514,0.009,0.01,0.009,0.01,262000
EML,20140514,0.665,0.665,0.66,0.665,78898
ENE,20140514,5.1,5.14,5.1,5.14,14707
ENT,20140514,0.16,0.16,0.145,0.145,735227
ENV,20140514,1.335,1.335,1.33,1.33,5404422
EOL,20140514,0.32,0.34,0.32,0.34,152758
EOS,20140514,0.3,0.3,0.3,0.3,5000
EPA,20140514,0.048,0.048,0.048,0.048,9999
EPD,20140514,0.54,0.54,0.535,0.535,27203
EPM,20140514,0.005,0.007,0.005,0.005,1518255
EPW,20140514,1.86,1.905,1.855,1.87,1292702
EPX,20140514,1.1,1.115,1.095,1.1,106312
EQT,20140514,18.6,18.62,18.45,18.6,87689
EQX,20140514,0.44,0.44,0.44,0.44,400
ERA,20140514,1.3,1.34,1.295,1.34,382119
ERD,20140514,0.03,0.03,0.03,0.03,301000
ERI,20140514,0.013,0.013,0.013,0.013,10000
ERJ,20140514,0.006,0.006,0.006,0.006,150000
ERL,20140514,0.007,0.007,0.007,0.007,340000
ERM,20140514,0.041,0.041,0.039,0.039,161000
ESI,20140514,0.003,0.003,0.003,0.003,375000
ESN,20140514,0.002,0.002,0.002,0.002,500000
ESR,20140514,0.095,0.105,0.095,0.105,115230
ESV,20140514,0.815,0.815,0.81,0.81,140026
ETE,20140514,0.034,0.034,0.033,0.033,18000
EVE,20140514,0.004,0.004,0.003,0.003,385400
EVM,20140514,0.072,0.072,0.072,0.072,21834
EVN,20140514,0.82,0.822,0.805,0.815,955455
EVR,20140514,0.775,0.79,0.77,0.77,72014
EVZ,20140514,0.02,0.02,0.02,0.02,9166
EWC,20140514,0.27,0.28,0.257,0.28,15054792
EXC,20140514,0.016,0.016,0.016,0.016,250000
EXE,20140514,0.013,0.013,0.012,0.012,90000
EXM,20140514,0.009,0.009,0.009,0.009,400
EXR,20140514,0.005,0.005,0.005,0.005,70000
FAN,20140514,1.795,1.8,1.795,1.8,1100
FAR,20140514,0.039,0.039,0.038,0.039,7248098
FAS,20140514,0.006,0.006,0.005,0.005,2531334
FBU,20140514,8.71,8.71,8.55,8.55,244630
FCN,20140514,0.019,0.019,0.019,0.019,50000
FDC,20140514,2.44,2.45,2.43,2.44,6514746
FEL,20140514,0.016,0.016,0.016,0.016,30000
FEO,20140514,0.061,0.061,0.06,0.06,713000
FFF,20140514,0.015,0.015,0.015,0.015,97464
FIE,20140514,0.025,0.025,0.025,0.025,50000
FLK,20140514,0.215,0.215,0.215,0.215,120000
FLN,20140514,1.185,1.185,1.095,1.125,219855
FLT,20140514,51.82,51.82,50.94,51.21,220497
FMG,20140514,4.8,4.83,4.715,4.73,14465168
FML,20140514,0.012,0.012,0.011,0.012,7250178
FMS,20140514,0.022,0.022,0.021,0.021,59100
FND,20140514,0.175,0.175,0.17,0.175,201027
FNP,20140514,2.93,2.93,2.9,2.9,1024006
FNT,20140514,0.015,0.016,0.015,0.015,1113549
FPH,20140514,3.92,3.92,3.92,3.92,9779
FPS,20140514,1.8,1.8,1.78,1.78,63585
FRE,20140514,0.003,0.003,0.003,0.003,1000000
FRI,20140514,1.69,1.69,1.675,1.68,65432
FSA,20140514,1.11,1.145,1.11,1.145,64547
FSE,20140514,0.006,0.006,0.006,0.006,353
FSF,20140514,5.53,5.57,5.53,5.57,10208
FTE,20140514,0.009,0.01,0.009,0.01,200000
FTZ,20140514,0.5,0.5,0.5,0.5,5000
FUN,20140514,0.11,0.11,0.1,0.1,904384
FWD,20140514,2.3,2.34,2.3,2.33,37034
FXJ,20140514,1.015,1.04,1.015,1.025,11377932
FXL,20140514,3.68,3.69,3.64,3.67,611308
FYI,20140514,0.05,0.05,0.05,0.05,428000
GAP,20140514,0.25,0.25,0.25,0.25,50000
GBG,20140514,0.053,0.054,0.05,0.05,5187740
GBI,20140514,0.16,0.195,0.16,0.17,1313755
GBT,20140514,3.12,3.14,3.09,3.14,105019
GCN,20140514,0.012,0.013,0.012,0.013,2337643
GCR,20140514,0.004,0.004,0.004,0.004,288900
GCS,20140514,0.53,0.535,0.53,0.535,22356
GDI,20140514,0.925,0.93,0.91,0.93,234016
GDY,20140514,0.056,0.057,0.055,0.056,181087
GEM,20140514,4.41,4.5,4.4,4.41,877272
GER,20140514,0.072,0.073,0.072,0.073,52987
GFF,20140514,0.675,0.675,0.67,0.675,1595900
GFL,20140514,1.165,1.175,1.16,1.16,42047
GGE,20140514,0.009,0.009,0.009,0.009,180000
GGG,20140514,0.145,0.15,0.14,0.145,849042
GGX,20140514,0.028,0.03,0.026,0.027,3396733
GHC,20140514,1.31,1.31,1.29,1.29,1055
GID,20140514,0.54,0.54,0.525,0.525,17528
GJT,20140514,1.57,1.57,1.555,1.56,12714
GLA,20140514,0.004,0.004,0.004,0.004,18000
GLB,20140514,0.45,0.45,0.45,0.45,2200
GLH,20140514,0.585,0.6,0.58,0.6,18300
GLL,20140514,0.125,0.14,0.125,0.14,35116
GLN,20140514,0.001,0.001,0.001,0.001,100000
GMD,20140514,0.017,0.018,0.017,0.018,127260
GME,20140514,0.033,0.033,0.033,0.033,9028
GMG,20140514,5.1,5.1,5.06,5.08,3959281
GML,20140514,0.075,0.075,0.075,0.075,50000
GMR,20140514,0.008,0.009,0.008,0.009,888860
GNC,20140514,8.89,8.93,8.8,8.93,351960
GNE,20140514,1.695,1.71,1.685,1.71,55305
GNG,20140514,0.675,0.675,0.675,0.675,10000
GOLD,20140514,132.76,132.85,132.35,132.5,2175
GOR,20140514,0.15,0.155,0.14,0.155,602543
GOW,20140514,2.58,2.58,2.57,2.57,23690
GOZ,20140514,2.48,2.49,2.45,2.48,383669
GPG,20140514,0.62,0.62,0.62,0.62,29767
GPR,20140514,0.07,0.075,0.07,0.073,307417
GPT,20140514,3.87,3.875,3.84,3.85,6181469
GRB,20140514,0.165,0.17,0.165,0.17,1144741
GRF,20140514,1.635,1.635,1.63,1.63,12500
GRM,20140514,0.071,0.074,0.071,0.074,12500
GRR,20140514,0.22,0.22,0.215,0.22,285307
GRY,20140514,0.14,0.145,0.135,0.14,988631
GSC,20140514,0.031,0.031,0.03,0.03,182000
GTG,20140514,0.04,0.041,0.04,0.04,160010
GUD,20140514,5.28,5.34,5.26,5.32,91343
GUF,20140514,0.076,0.076,0.073,0.075,342180
GWA,20140514,2.61,2.68,2.6,2.66,446337
GWR,20140514,0.145,0.145,0.145,0.145,15209
GXL,20140514,7.86,7.94,7.86,7.9,88866
GXY,20140514,0.065,0.069,0.065,0.068,2968348
HAS,20140514,0.048,0.048,0.048,0.048,100000
HAV,20140514,0.21,0.21,0.21,0.21,8380
HCH,20140514,0.305,0.305,0.3,0.3,145968
HEG,20140514,0.005,0.005,0.005,0.005,36603
HFR,20140514,0.455,0.495,0.455,0.46,390100
HGG,20140514,4.44,4.48,4.43,4.45,1877069
HGO,20140514,0.078,0.081,0.078,0.081,2387696
HHL,20140514,1.94,1.97,1.94,1.97,7042
HHV,20140514,1.025,1.025,1.02,1.02,67300
HHY,20140514,0.34,0.34,0.34,0.34,8738
HIG,20140514,0.061,0.065,0.061,0.063,678267
HIL,20140514,1.665,1.69,1.665,1.68,268335
HIT,20140514,0.061,0.061,0.061,0.061,145900
HLO,20140514,0.325,0.325,0.325,0.325,11000
HMX,20140514,0.11,0.11,0.11,0.11,34649
HNG,20140514,0.56,0.56,0.55,0.55,34885
HNR,20140514,0.005,0.005,0.005,0.005,1078660
HOG,20140514,0.018,0.018,0.017,0.017,88256
HOR,20140514,0.018,0.019,0.018,0.019,100000
HPI,20140514,2.11,2.11,2.08,2.08,119504
HPR,20140514,0.2,0.2,0.2,0.2,3127290
HRL,20140514,0.005,0.005,0.005,0.005,240000
HRR,20140514,0.12,0.12,0.12,0.12,22000
HSN,20140514,1.165,1.18,1.16,1.16,42808
HUB,20140514,0.81,0.82,0.805,0.82,15843
HVN,20140514,3.18,3.21,3.16,3.21,654692
HZN,20140514,0.375,0.38,0.37,0.38,7351103
IAA,20140514,50.94,50.99,50.65,50.8,191475
IAB,20140514,1.11,1.11,1.09,1.095,28194
IAF,20140514,102.15,102.46,102.15,102.46,1061
IAG,20140514,5.87,5.9,5.83,5.84,3701608
IAU,20140514,0.265,0.267,0.26,0.265,611250
IAW,20140514,0.04,0.04,0.04,0.04,100000
IBG,20140514,0.05,0.05,0.05,0.05,500000
IBK,20140514,39.94,39.94,39.72,39.91,188073
IBY,20140514,0.285,0.315,0.285,0.31,3488239
ICG,20140514,0.018,0.018,0.017,0.017,1407999
ICN,20140514,0.137,0.14,0.135,0.135,240659
ICQ,20140514,1.14,1.165,1.135,1.135,99806
ICS,20140514,0.04,0.041,0.04,0.041,505361
ICT,20140514,0.15,0.16,0.15,0.16,15000
ICX,20140514,0.06,0.06,0.06,0.06,25000
IDC,20140514,0.057,0.062,0.057,0.059,1118420
IDR,20140514,1.945,1.965,1.945,1.96,81034
IDT,20140514,0.27,0.27,0.27,0.27,135000
IEC,20140514,0.042,0.042,0.042,0.042,230314
IEM,20140514,45.4,45.44,45.22,45.31,9740
IEU,20140514,53.4,53.4,53.01,53.07,14880
IFL,20140514,8.1,8.12,8.07,8.07,799220
IFM,20140514,0.73,0.74,0.73,0.735,1214243
IFN,20140514,0.19,0.202,0.19,0.2,121043
IGB,20140514,101.2,101.2,100.93,100.93,645
IGO,20140514,4.39,4.44,4.31,4.42,1450337
IGS,20140514,0.001,0.001,0.001,0.001,5674200
IHD,20140514,17,17.15,17,17.15,24036
IHK,20140514,22.04,22.04,22.04,22.04,4000
IIL,20140514,0.195,0.195,0.19,0.19,13000
IIN,20140514,7.05,7.09,6.97,7,413554
IJH,20140514,146.29,146.29,145.94,145.94,188
IJP,20140514,12,12.04,11.97,12,13074
IJR,20140514,114.25,114.25,113.64,114,1272
IKO,20140514,68.78,68.95,68.78,68.95,51
ILB,20140514,105.3,105.3,105.3,105.3,125
ILC,20140514,25.27,25.35,25.27,25.35,11822
ILU,20140514,8.85,8.86,8.74,8.77,810791
IMA,20140514,0.15,0.16,0.15,0.155,135500
IMC,20140514,0.005,0.006,0.005,0.005,17208613
IMD,20140514,0.71,0.725,0.71,0.725,170192
IMF,20140514,1.89,1.92,1.885,1.9,506389
IMU,20140514,0.01,0.01,0.009,0.009,1000000
INA,20140514,0.49,0.495,0.49,0.49,184934
INL,20140514,0.008,0.008,0.008,0.008,264000
IOF,20140514,3.28,3.32,3.26,3.31,1141017
IOH,20140514,0.91,0.91,0.905,0.91,60540
IOO,20140514,85.7,85.7,85.2,85.3,26266
IOZ,20140514,23.89,23.91,23.71,23.82,71613
IPB,20140514,0.3,0.3,0.3,0.3,16469
IPD,20140514,0.2,0.205,0.2,0.2,1366915
IPE,20140514,0.48,0.49,0.48,0.48,149944
IPL,20140514,2.92,2.92,2.83,2.86,3322709
IPP,20140514,2.26,2.33,2.26,2.32,173583
IRD,20140514,0.33,0.33,0.33,0.33,29875
IRE,20140514,8.35,8.45,8.32,8.43,415363
IRG,20140514,0.001,0.001,0.001,0.001,50000
IRI,20140514,1.035,1.05,1.035,1.04,37589
IRM,20140514,0.017,0.017,0.016,0.016,252500
IRN,20140514,0.145,0.15,0.145,0.15,2324233
IRU,20140514,119.54,119.54,118.88,118.88,89
ISG,20140514,14.62,14.62,14.62,14.62,15
ISN,20140514,0.17,0.17,0.165,0.17,182918
ISO,20140514,3.92,3.93,3.92,3.93,33168
ISU,20140514,1.09,1.095,1.07,1.09,127441
ITT,20140514,0.008,0.008,0.008,0.008,225000
IVC,20140514,10.6,10.64,10.55,10.58,132146
IVE,20140514,73.67,73.67,73.23,73.4,8294
IVO,20140514,0.035,0.035,0.035,0.035,67871
IVR,20140514,0.038,0.04,0.038,0.039,207854
IVV,20140514,204.6,204.6,203.41,203.41,14825
IVX,20140514,0.07,0.073,0.07,0.073,522345
IXI,20140514,96.45,96.69,96.35,96.58,299
IXJ,20140514,98.45,98.5,98.1,98.1,2282
IXP,20140514,73.97,73.97,73.92,73.92,195
IXR,20140514,0.05,0.05,0.05,0.05,74955
IZZ,20140514,37.72,38.1,37.65,38.1,1948
JBH,20140514,19.51,20.06,19.48,20.06,682481
JCS,20140514,0.05,0.05,0.05,0.05,3924
JHX,20140514,13.96,13.99,13.64,13.77,826615
JIN,20140514,1.38,1.38,1.37,1.38,29654
JMB,20140514,0.06,0.06,0.06,0.06,4000
JPR,20140514,0.38,0.38,0.38,0.38,33334
KAB,20140514,0.001,0.001,0.001,0.001,14111200
KAM,20140514,0.67,0.68,0.665,0.68,40897
KAS,20140514,0.1,0.1,0.092,0.092,22015
KAT,20140514,0.95,0.96,0.95,0.96,47950
KBC,20140514,0.185,0.185,0.185,0.185,255000
KCN,20140514,0.835,0.84,0.825,0.84,359000
KDL,20140514,0.375,0.4,0.365,0.365,643533
KDR,20140514,0.082,0.11,0.082,0.094,4733263
KEY,20140514,0.012,0.012,0.011,0.011,500000
KFE,20140514,0.046,0.046,0.04,0.04,447158
KGD,20140514,0.086,0.086,0.085,0.085,12000
KGL,20140514,0.09,0.09,0.09,0.09,66262
KGM,20140514,0.01,0.012,0.01,0.012,65000
KIK,20140514,0.009,0.009,0.009,0.009,10000
KIN,20140514,0.18,0.19,0.18,0.19,45000
KIS,20140514,0.135,0.135,0.135,0.135,55407
KKO,20140514,0.105,0.105,0.105,0.105,45000
KMD,20140514,3.62,3.78,3.52,3.57,1121267
KNL,20140514,0.15,0.16,0.15,0.16,120000
KOR,20140514,0.022,0.022,0.022,0.022,97488
KOV,20140514,7.15,7.15,7.08,7.08,194130
KPC,20140514,0.28,0.28,0.28,0.28,18850
KPL,20140514,0.4,0.4,0.4,0.4,3700
KPR,20140514,0.041,0.041,0.041,0.041,10000
KRB,20140514,0.049,0.049,0.049,0.049,10000
KRC,20140514,0.086,0.086,0.086,0.086,290000
KRM,20140514,0.41,0.415,0.41,0.41,296873
KSC,20140514,1.305,1.31,1.3,1.31,36452
KSN,20140514,0.02,0.02,0.018,0.018,242012
KTE,20140514,0.01,0.01,0.01,0.01,29520
LAT,20140514,0.069,0.069,0.065,0.065,617040
LBL,20140514,0.083,0.083,0.083,0.083,30000
LBT,20140514,0.15,0.175,0.145,0.17,385960
LBY,20140514,0.018,0.02,0.018,0.018,420623
LCM,20140514,0.86,0.905,0.85,0.905,117473
LCT,20140514,0.065,0.065,0.065,0.065,44000
LEG,20140514,0.005,0.005,0.005,0.005,75000
LEI,20140514,20.3,20.315,19.2,19.6,1054360
LEP,20140514,2.9,2.94,2.9,2.92,21630
LGD,20140514,0.315,0.315,0.315,0.315,331161
LGM,20140514,0.004,0.004,0.004,0.004,50000
LGO,20140514,0.003,0.003,0.002,0.002,1090000
LHC,20140514,2.28,2.32,2.28,2.3,80446
LIC,20140514,1.4,1.4,1.4,1.4,16000
LKE,20140514,0.008,0.008,0.008,0.008,6700
LKO,20140514,0.004,0.004,0.003,0.003,3089229
LLC,20140514,13.57,13.57,13.39,13.51,2418809
LMB,20140514,0.79,0.81,0.775,0.79,167644
LNG,20140514,0.715,0.74,0.715,0.73,1723705
LNR,20140514,0.275,0.29,0.275,0.29,19462
LNY,20140514,0.004,0.004,0.004,0.004,1810
LOM,20140514,0.007,0.007,0.006,0.007,10512692
LRL,20140514,0.012,0.012,0.012,0.012,250000
LRR,20140514,0.001,0.001,0.001,0.001,15000
LSR,20140514,0.009,0.01,0.009,0.01,519790
LYC,20140514,0.13,0.135,0.13,0.13,12310017
LYL,20140514,3.05,3.05,3,3,10000
MAD,20140514,0.255,0.255,0.242,0.245,890223
MAH,20140514,0.11,0.11,0.105,0.11,427249
MAK,20140514,0.093,0.093,0.092,0.092,49283
MAQ,20140514,7.32,7.32,7.32,7.32,780
MAR,20140514,0.007,0.007,0.007,0.007,2549120
MAT,20140514,0.255,0.26,0.25,0.25,332332
MBE,20140514,0.22,0.22,0.215,0.22,310497
MBO,20140514,0.057,0.062,0.057,0.062,226503
MBT,20140514,0.009,0.009,0.009,0.009,60
MCE,20140514,1.53,1.565,1.53,1.565,48320
MCP,20140514,1.08,1.09,1.06,1.09,74119
MCR,20140514,0.93,0.945,0.905,0.915,407416
MCS,20140514,0.5,0.505,0.485,0.495,40261
MDG,20140514,0.065,0.065,0.061,0.061,160000
MDL,20140514,1.6,1.625,1.59,1.59,2727294
MED,20140514,0.074,0.074,0.072,0.073,41497
MEL,20140514,0.085,0.088,0.085,0.088,154000
MEO,20140514,0.019,0.021,0.019,0.021,5967100
MEP,20140514,0.093,0.093,0.093,0.093,40000
MEU,20140514,0.021,0.021,0.02,0.02,93456
MFF,20140514,1.485,1.5,1.485,1.5,339870
MFG,20140514,12.12,12.35,12.07,12.26,289912
MGB,20140514,0.09,0.09,0.09,0.09,20000
MGL,20140514,0.031,0.031,0.031,0.031,20430
MGR,20140514,1.745,1.765,1.735,1.76,6025738
MGV,20140514,0.06,0.06,0.06,0.06,62600
MGX,20140514,0.775,0.78,0.735,0.745,3100016
MHM,20140514,0.014,0.014,0.013,0.013,173805
MIN,20140514,11.47,11.59,11.42,11.57,527348
MIR,20140514,2.6,2.63,2.6,2.63,44825
MIZ,20140514,0.005,0.005,0.004,0.005,6681667
MKB,20140514,0.15,0.17,0.15,0.155,1393528
MLB,20140514,1.43,1.46,1.42,1.42,28408
MLD,20140514,2.07,2.1,2.04,2.08,191587
MLS,20140514,0.007,0.007,0.007,0.007,4108
MLT,20140514,4.34,4.38,4.34,4.38,91444
MLX,20140514,0.22,0.25,0.217,0.245,10375752
MMC,20140514,0.012,0.014,0.011,0.013,2669999
MML,20140514,1.695,1.747,1.695,1.74,1370627
MMR,20140514,0.039,0.039,0.039,0.039,15000
MMS,20140514,11.18,11.4,11.01,11.22,520754
MMX,20140514,0.047,0.047,0.047,0.047,4000
MNC,20140514,0.023,0.023,0.022,0.022,590500
MND,20140514,18.75,18.92,18.63,18.92,313488
MNE,20140514,0.021,0.022,0.021,0.022,196911
MNF,20140514,2.22,2.24,2.19,2.24,84005
MNY,20140514,1.055,1.1,1.055,1.1,123648
MNZ,20140514,1.3,1.3,1.28,1.28,11711
MOC,20140514,2.75,3.04,2.75,2.88,214943
MOD,20140514,0.01,0.01,0.01,0.01,1334955
MOO,20140514,0.006,0.007,0.005,0.005,2211571
MOY,20140514,0.1,0.1,0.093,0.094,8719
MOZ,20140514,0.007,0.007,0.007,0.007,2193
MPE,20140514,0.01,0.01,0.01,0.01,78000
MPJ,20140514,0.006,0.007,0.006,0.007,4010500
MPO,20140514,0.175,0.175,0.17,0.175,327786
MQA,20140514,3.16,3.2,3.11,3.13,693176
MQG,20140514,58.5,59.58,58.5,59.16,4523923
MRF,20140514,0.056,0.056,0.055,0.055,255000
MRM,20140514,2.2,2.2,2.165,2.18,521791
MRN,20140514,1.04,1.04,1.04,1.04,7563
MRP,20140514,0.18,0.18,0.17,0.17,14694
MRV,20140514,0.003,0.003,0.003,0.003,100000
MSB,20140514,4.85,4.85,4.75,4.81,172161
MSV,20140514,0.038,0.038,0.038,0.038,10405
MTE,20140514,0.027,0.029,0.027,0.029,138511
MTH,20140514,0.013,0.016,0.013,0.015,5959800
MTI,20140514,0.003,0.003,0.002,0.002,4672000
MTS,20140514,2.76,2.82,2.76,2.82,2083508
MTU,20140514,5.87,5.96,5.84,5.91,711689
MUE,20140514,0.026,0.027,0.025,0.027,950407
MUX,20140514,0.067,0.067,0.067,0.067,2825
MVA,20140514,15.68,15.68,15.68,15.68,1319
MVP,20140514,1.18,1.18,1.18,1.18,13593
MVT,20140514,0.14,0.14,0.135,0.135,154100
MVW,20140514,20.39,20.39,20.39,20.39,1000
MXI,20140514,0.9,0.915,0.9,0.915,106807
MYA,20140514,0.165,0.17,0.14,0.15,1234448
MYE,20140514,0.51,0.51,0.48,0.48,30880
MYG,20140514,0.028,0.028,0.027,0.027,49500
MYR,20140514,2.14,2.18,2.12,2.18,2533856
MYS,20140514,4.63,4.63,4.56,4.56,549762
MYT,20140514,2.05,2.12,2.05,2.07,8103
MYX,20140514,0.86,0.875,0.86,0.87,832422
MZI,20140514,0.012,0.012,0.012,0.012,245000
NAB,20140514,33.49,33.67,33.38,33.6,8896830
NAN,20140514,0.795,0.8,0.79,0.79,115075
NBL,20140514,0.42,0.42,0.42,0.42,22000
NCC,20140514,1.05,1.05,1.05,1.05,1904
NCK,20140514,2.62,2.62,2.62,2.62,1936
NCM,20140514,10.4,10.42,10.255,10.3,1510154
NCR,20140514,0.014,0.014,0.014,0.014,20000
NDO,20140514,0.038,0.038,0.038,0.038,1096970
NEA,20140514,0.45,0.48,0.445,0.48,670230
NEC,20140514,2.3,2.3,2.27,2.28,528931
NEN,20140514,0.02,0.022,0.018,0.018,48575784
NEU,20140514,0.078,0.078,0.073,0.074,2948255
NFE,20140514,0.18,0.18,0.16,0.16,26001
NGE,20140514,0.012,0.012,0.012,0.012,422750
NGF,20140514,0.115,0.115,0.11,0.11,108000
NHC,20140514,3.02,3.03,2.99,3,226460
NHF,20140514,3.01,3.01,2.97,3.01,202669
NKP,20140514,0.088,0.088,0.088,0.088,10000
NML,20140514,0.071,0.076,0.071,0.076,389432
NNW,20140514,0.375,0.375,0.365,0.365,60000
NOD,20140514,0.046,0.048,0.045,0.048,550000
NRT,20140514,0.16,0.165,0.155,0.165,227485
NSE,20140514,0.14,0.14,0.135,0.135,90000
NSP,20140514,0.073,0.073,0.073,0.073,38524
NSR,20140514,1.25,1.28,1.25,1.27,318325
NST,20140514,1.215,1.225,1.17,1.175,3218325
NTC,20140514,0.68,0.69,0.64,0.675,263836
NTM,20140514,0.018,0.018,0.018,0.018,75000
NTU,20140514,0.135,0.135,0.13,0.13,50512
NUF,20140514,4.33,4.42,4.3,4.42,284933
NVG,20140514,0.004,0.004,0.004,0.004,200000
NVT,20140514,7.36,7.45,7.36,7.42,365353
NWE,20140514,0.011,0.012,0.011,0.011,579661
NWH,20140514,1.09,1.095,1.075,1.08,872885
NWS,20140514,18.53,18.59,18.43,18.49,158054
NWT,20140514,0.45,0.46,0.44,0.44,1063568
NXS,20140514,0.018,0.02,0.018,0.02,2235666
NXT,20140514,1.815,1.845,1.815,1.83,806454
OBJ,20140514,0.077,0.082,0.077,0.079,11604290
OBL,20140514,0.013,0.013,0.013,0.013,230769
OBS,20140514,0.32,0.34,0.32,0.34,62750
OCL,20140514,0.96,0.98,0.945,0.945,12826
ODY,20140514,0.012,0.012,0.012,0.012,200000
OEL,20140514,0.088,0.09,0.088,0.089,341518
OEX,20140514,0.095,0.095,0.093,0.094,2349187
OFX,20140514,3.04,3.1,3.01,3.02,848773
OGC,20140514,2.76,2.78,2.74,2.75,324200
OGX,20140514,0.095,0.1,0.089,0.092,681178
OGY,20140514,0.015,0.015,0.015,0.015,1085252
OIL,20140514,0.048,0.048,0.048,0.048,25000
OKN,20140514,1.32,1.332,1.275,1.28,158394
OMH,20140514,0.315,0.32,0.315,0.32,9000
ONT,20140514,5.9,6,5.9,6,353129
OPG,20140514,0.043,0.043,0.043,0.043,1015
ORA,20140514,1.385,1.4,1.375,1.4,1554031
ORD,20140514,0.004,0.004,0.004,0.004,50000
ORE,20140514,2.3,2.33,2.28,2.33,33046
ORG,20140514,15.18,15.33,15.12,15.16,1750450
ORI,20140514,21,21.16,20.67,21.16,1666389
ORL,20140514,4.09,4.09,3.95,3.95,30403
ORN,20140514,0.048,0.048,0.048,0.048,33676
ORO,20140514,0.001,0.002,0.001,0.002,6707950
ORS,20140514,0.05,0.052,0.05,0.052,70433
OSH,20140514,9.18,9.23,9.1,9.17,1924210
OSL,20140514,0.115,0.12,0.11,0.12,799162
OSP,20140514,0.5,0.55,0.5,0.5,243199
OTC,20140514,0.13,0.13,0.125,0.125,300000
OTH,20140514,0.49,0.49,0.485,0.49,89373
OXX,20140514,0.13,0.13,0.13,0.13,44860
OZF,20140514,21.03,21.41,21.03,21.41,2910
OZG,20140514,0.2,0.2,0.195,0.195,163795
OZL,20140514,4.07,4.07,4,4.05,6424536
OZR,20140514,10.43,10.43,10.43,10.43,1220
PAA,20140514,0.01,0.01,0.01,0.01,2100000
PAB,20140514,0.034,0.034,0.034,0.034,782326
PAN,20140514,0.675,0.68,0.655,0.655,983664
PBD,20140514,0.021,0.021,0.02,0.02,65000
PBG,20140514,0.51,0.535,0.507,0.535,1676977
PBT,20140514,0.175,0.175,0.17,0.175,130103
PCL,20140514,0.024,0.025,0.023,0.025,1148725
PDI,20140514,0.011,0.011,0.011,0.011,78247
PDN,20140514,0.44,0.44,0.42,0.42,2345817
PDY,20140514,0.005,0.006,0.005,0.005,1570000
PDZ,20140514,0.495,0.495,0.485,0.49,134876
PEK,20140514,0.075,0.075,0.074,0.074,85602
PEN,20140514,0.028,0.028,0.027,0.028,3390518
PFG,20140514,0.105,0.115,0.105,0.11,64846
PFL,20140514,1.175,1.18,1.155,1.18,23572
PGF,20140514,0.97,0.97,0.955,0.96,137828
PGH,20140514,3.33,3.37,3.3,3.33,383982
PGI,20140514,0.037,0.038,0.037,0.038,57000
PGL,20140514,0.9,1.025,0.9,1.025,41800
PGO,20140514,0.05,0.05,0.05,0.05,23135
PGS,20140514,0.015,0.015,0.014,0.014,693433
PHG,20140514,0.6,0.6,0.6,0.6,527127
PHI,20140514,3.05,3.05,3.05,3.05,1348
PHK,20140514,0.033,0.036,0.033,0.036,228000
PIE,20140514,0.061,0.061,0.06,0.06,29698
PIR,20140514,1.28,1.295,1.26,1.29,564773
PKO,20140514,0.007,0.007,0.007,0.007,37074
PLD,20140514,0.008,0.009,0.008,0.008,2838639
PLP,20140514,0.001,0.001,0.001,0.001,500000
PLS,20140514,0.017,0.017,0.017,0.017,178000
PLV,20140514,0.04,0.04,0.04,0.04,209600
PMC,20140514,1.695,1.71,1.68,1.69,134965
PME,20140514,0.835,0.835,0.835,0.835,8394
PML,20140514,0.015,0.015,0.015,0.015,500000
PMP,20140514,0.42,0.425,0.42,0.425,24228
PMQ,20140514,0.026,0.026,0.025,0.025,220000
PMV,20140514,9.37,9.38,9.25,9.25,209081
PMY,20140514,0.038,0.038,0.037,0.038,548022
PNA,20140514,2.14,2.21,2.14,2.18,24126602
PNC,20140514,1.6,1.6,1.6,1.6,45180
PNE,20140514,0.001,0.001,0.001,0.001,40000
PNL,20140514,0.36,0.36,0.36,0.36,35000
PNN,20140514,0.018,0.018,0.018,0.018,33333
PNW,20140514,0.31,0.31,0.31,0.31,3375
PNX,20140514,0.016,0.016,0.016,0.016,21000
POH,20140514,0.081,0.082,0.08,0.082,211435
POK,20140514,0.029,0.029,0.029,0.029,10273
POS,20140514,0.09,0.09,0.087,0.087,1103821
POU,20140514,17.86,17.86,17.86,17.86,100
POZ,20140514,0.013,0.013,0.013,0.013,92000
PPC,20140514,1.3,1.38,1.3,1.35,1343638
PPG,20140514,0.47,0.47,0.465,0.465,168084
PPP,20140514,0.089,0.089,0.086,0.088,147437
PPS,20140514,0.15,0.15,0.15,0.15,58525
PPT,20140514,46,46.62,45.9,46.44,93203
PPX,20140514,0.038,0.041,0.038,0.04,1262719
PRA,20140514,0.026,0.026,0.025,0.025,785776
PRG,20140514,2.97,3,2.95,3,82126
PRO,20140514,0.465,0.465,0.465,0.465,10000
PRR,20140514,0.045,0.05,0.044,0.048,11338126
PRT,20140514,1.02,1.025,1.01,1.015,343221
PRU,20140514,0.32,0.32,0.31,0.315,6831861
PRY,20140514,4.73,4.73,4.41,4.53,8491120
PSA,20140514,0.083,0.092,0.083,0.083,227924
PSC,20140514,0.007,0.007,0.007,0.007,5000000
PSF,20140514,0.015,0.016,0.015,0.016,380700
PSP,20140514,0.002,0.002,0.002,0.002,30750
PSY,20140514,0.07,0.072,0.069,0.069,664026
PSZ,20140514,0.76,0.8,0.76,0.8,118441
PTL,20140514,0.025,0.025,0.025,0.025,268878
PTM,20140514,6.39,6.48,6.38,6.43,431238
PTR,20140514,0.006,0.006,0.006,0.006,12528
PVD,20140514,0.355,0.355,0.34,0.355,352593
PWN,20140514,0.048,0.048,0.048,0.048,10000
PXG,20140514,0.13,0.13,0.12,0.13,527425
PXS,20140514,0.074,0.075,0.073,0.073,406553
PYM,20140514,0.019,0.019,0.016,0.016,450000
PZC,20140514,0.017,0.017,0.017,0.017,45
QAG,20140514,11.8,11.8,11.8,11.8,450
QAN,20140514,1.24,1.272,1.227,1.265,24798461
QAU,20140514,13.52,13.52,13.52,13.52,73
QBE,20140514,11.52,11.53,11.4,11.44,3830745
QBL,20140514,0.01,0.01,0.009,0.01,2397719
QFN,20140514,11.44,11.44,11.44,11.44,660
QFX,20140514,0.009,0.009,0.009,0.009,220025
QHL,20140514,0.19,0.2,0.18,0.18,317255
QMN,20140514,0.014,0.014,0.013,0.013,350000
QOZ,20140514,12.65,12.66,12.65,12.66,7039
QPN,20140514,0.002,0.002,0.001,0.001,2778400
QRE,20140514,5.8,5.81,5.8,5.81,8665
QRX,20140514,0.1,0.1,0.093,0.095,1389978
QUB,20140514,2.21,2.24,2.205,2.21,949392
QUR,20140514,0.002,0.002,0.002,0.002,250163
RAU,20140514,0.007,0.007,0.006,0.006,273667
RBX,20140514,0.006,0.006,0.006,0.006,20000
RCB,20140514,20.56,20.56,20.56,20.56,2477
RCG,20140514,0.67,0.68,0.665,0.665,209776
RCP,20140514,0.002,0.002,0.002,0.002,68550
RCR,20140514,2.79,2.91,2.76,2.88,301758
RCT,20140514,4.13,4.13,4.13,4.13,300
RDF,20140514,0.945,0.95,0.94,0.95,29500
RDG,20140514,0.04,0.04,0.04,0.04,25000
RDM,20140514,0.18,0.18,0.18,0.18,25800
RDR,20140514,0.026,0.027,0.026,0.027,1437642
RDS,20140514,0.078,0.078,0.078,0.078,10000
RDV,20140514,29.73,29.78,29.73,29.78,3909
REA,20140514,46.15,46.64,45.51,46,181963
REC,20140514,4.8,4.84,4.715,4.73,650224
RED,20140514,0.068,0.07,0.068,0.068,880999
REF,20140514,0.13,0.135,0.13,0.135,386
REH,20140514,30,30,30,30,1973
RES,20140514,0.145,0.145,0.14,0.14,111217
REX,20140514,0.74,0.75,0.74,0.75,18545
REY,20140514,0.105,0.105,0.105,0.105,300000
RFE,20140514,0.08,0.083,0.08,0.082,537474
RFF,20140514,0.935,0.935,0.92,0.93,168682
RFG,20140514,3.96,4.04,3.93,3.99,586679
RFL,20140514,0.52,0.53,0.51,0.53,292065
RFT,20140514,0.003,0.003,0.003,0.003,17500
RFX,20140514,0.1,0.115,0.1,0.115,71667
RGS,20140514,0.4,0.42,0.38,0.4,406073
RGX,20140514,0.005,0.006,0.005,0.005,3300200
RHC,20140514,46.31,46.5,45.7,46.02,342234
RHI,20140514,1.35,1.35,1.35,1.35,250
RHL,20140514,3.55,3.59,3.53,3.59,35945
RHP,20140514,0.595,0.62,0.58,0.62,22317
RHS,20140514,0.22,0.22,0.22,0.22,50000
RHT,20140514,0.051,0.052,0.049,0.05,1159165
RIC,20140514,0.845,0.845,0.84,0.845,111287
RIE,20140514,0.01,0.01,0.01,0.01,259385
RIM,20140514,0.019,0.02,0.019,0.02,960504
RIO,20140514,62.8,62.8,62.225,62.78,1079433
RIS,20140514,0.115,0.115,0.115,0.115,22954
RKN,20140514,2.01,2.01,2,2,14211
RLE,20140514,0.205,0.205,0.205,0.205,60000
RMD,20140514,5.47,5.47,5.42,5.43,3675951
RMG,20140514,0.002,0.002,0.002,0.002,20000
RMP,20140514,0.038,0.041,0.038,0.04,388035
RMR,20140514,0.008,0.008,0.007,0.007,1649494
RMS,20140514,0.105,0.105,0.1,0.1,356489
RMX,20140514,0.013,0.013,0.013,0.013,100000
RNI,20140514,0.074,0.074,0.073,0.073,20000
RNO,20140514,0.02,0.02,0.019,0.019,2782693
RNS,20140514,0.065,0.065,0.065,0.065,36411
RNU,20140514,0.055,0.055,0.055,0.055,40000
RNY,20140514,0.29,0.29,0.29,0.29,10447
ROC,20140514,0.49,0.5,0.485,0.5,1111684
ROY,20140514,0.03,0.03,0.03,0.03,100000
RRE,20140514,0.022,0.022,0.022,0.022,45000
RRL,20140514,2.32,2.325,2.26,2.27,1075856
RRS,20140514,0.012,0.012,0.011,0.011,575000
RSG,20140514,0.595,0.605,0.59,0.6,1251843
RTD,20140514,0.045,0.046,0.042,0.042,2939600
RTR,20140514,0.036,0.036,0.034,0.034,115777
RUL,20140514,0.625,0.625,0.625,0.625,48000
RUM,20140514,0.093,0.099,0.093,0.099,176007
RVL,20140514,34.97,34.97,34.97,34.97,445
RVR,20140514,0.032,0.035,0.032,0.035,158000
RWD,20140514,0.6,0.6,0.6,0.6,4000
RWH,20140514,3.05,3.05,3.05,3.05,28200
RXL,20140514,0.051,0.051,0.048,0.048,2519596
RXM,20140514,0.32,0.32,0.305,0.31,58479
RXP,20140514,0.63,0.65,0.615,0.645,1014240
SAI,20140514,4.37,4.37,4.33,4.34,1255286
SAR,20140514,0.315,0.34,0.315,0.34,5427175
SAU,20140514,0.007,0.009,0.007,0.007,272216
SAV,20140514,0.003,0.003,0.003,0.003,400000
SBB,20140514,0.18,0.2,0.18,0.2,19000
SBM,20140514,0.2,0.215,0.195,0.215,1180939
SBR,20140514,0.031,0.031,0.031,0.031,3969
SCD,20140514,0.53,0.53,0.53,0.53,5000
SCI,20140514,0.05,0.05,0.038,0.05,137996
SCP,20140514,1.705,1.745,1.705,1.735,1473178
SDF,20140514,1.51,1.53,1.51,1.525,1255076
SDG,20140514,1.58,1.58,1.57,1.57,21632
SDI,20140514,0.5,0.5,0.5,0.5,10000
SDL,20140514,0.089,0.089,0.087,0.088,2955803
SDM,20140514,0.46,0.47,0.46,0.47,39589
SEA,20140514,0.99,0.99,0.975,0.98,872268
SEG,20140514,0.009,0.009,0.009,0.009,2981555
SEH,20140514,0.145,0.145,0.135,0.14,2897146
SEK,20140514,17.56,17.73,17.5,17.72,546267
SEN,20140514,0.03,0.031,0.03,0.031,145350
SFH,20140514,0.9,0.91,0.885,0.91,292238
SFR,20140514,6.08,6.12,5.97,6.11,1231096
SFW,20140514,0.71,0.73,0.71,0.72,155166
SFX,20140514,0.98,0.98,0.94,0.94,33615
SFY,20140514,55.49,55.62,55.4,55.62,7350
SGF,20140514,1.735,1.75,1.71,1.71,92632
SGH,20140514,4.67,4.725,4.66,4.72,244127
SGM,20140514,9.53,9.53,9.4,9.46,349488
SGN,20140514,1.295,1.295,1.277,1.285,971973
SGO,20140514,0.21,0.21,0.21,0.21,50000
SGP,20140514,3.83,3.86,3.8,3.84,7767495
SGT,20140514,3.23,3.27,3.23,3.27,261581
SHD,20140514,0.085,0.088,0.082,0.082,45000
SHJ,20140514,2.2,2.22,2.2,2.2,337622
SHK,20140514,0.003,0.003,0.003,0.003,13000
SHL,20140514,17.99,17.99,17.41,17.49,2266644
SHP,20140514,0.021,0.021,0.021,0.021,2148925
SHV,20140514,5.3,5.41,5.24,5.34,446226
SIE,20140514,0.025,0.025,0.02,0.02,21655
SIH,20140514,0.021,0.021,0.021,0.021,20000
SIP,20140514,0.705,0.705,0.695,0.7,2813182
SIR,20140514,3,3,2.93,2.95,1444329
SIV,20140514,4.7,4.85,4.68,4.83,69115
SIX,20140514,0.007,0.007,0.007,0.007,134555
SKC,20140514,3.82,3.82,3.78,3.81,223917
SKE,20140514,2.94,3.03,2.92,2.99,722125
SKI,20140514,1.795,1.797,1.785,1.79,1388607
SKS,20140514,0.35,0.35,0.35,0.35,98555
SKT,20140514,5.9,5.92,5.86,5.87,214436
SLF,20140514,9.75,9.8,9.71,9.79,43756
SLK,20140514,1.78,1.82,1.77,1.8,179607
SLM,20140514,1.84,1.84,1.84,1.84,2000
SLR,20140514,0.415,0.42,0.41,0.42,1477639
SLX,20140514,1.7,1.715,1.675,1.7,139751
SMA,20140514,0.014,0.014,0.014,0.014,457280
SMC,20140514,0.028,0.028,0.028,0.028,127564
SMD,20140514,0.054,0.058,0.046,0.049,2723397
SMI,20140514,0.05,0.05,0.049,0.049,32000
SMM,20140514,0.27,0.27,0.27,0.27,1057
SMN,20140514,0.23,0.28,0.22,0.27,895560
SMR,20140514,0.15,0.15,0.15,0.15,75000
SMX,20140514,3.57,3.6,3.52,3.52,100498
SNC,20140514,0.94,0.95,0.94,0.95,113623
SND,20140514,0.825,0.825,0.825,0.825,3803
SOC,20140514,0.046,0.046,0.046,0.046,67194
SOL,20140514,14.66,14.84,14.66,14.8,19009
SOM,20140514,1.5,1.5,1.5,1.5,4200
SOO,20140514,0.008,0.008,0.008,0.008,11000
SPI,20140514,0.01,0.01,0.01,0.01,19995
SPL,20140514,0.68,0.72,0.68,0.705,216374
SPN,20140514,1.375,1.382,1.36,1.37,3051287
SPQ,20140514,0.007,0.007,0.007,0.007,50000
SPS,20140514,0.027,0.03,0.027,0.029,450000
SPX,20140514,0.059,0.059,0.059,0.059,35000
SPZ,20140514,0.165,0.165,0.16,0.16,70000
SRH,20140514,0.075,0.075,0.075,0.075,2500
SRI,20140514,0.031,0.031,0.031,0.031,130000
SRK,20140514,0.04,0.04,0.04,0.04,50000
SRM,20140514,0.365,0.365,0.36,0.36,844951
SRQ,20140514,0.005,0.006,0.005,0.005,1207164
SRV,20140514,4.58,4.71,4.58,4.61,5317
SRX,20140514,17.4,17.59,17.2,17.28,190032
SSM,20140514,0.205,0.205,0.195,0.2,278744
SSN,20140514,0.017,0.018,0.017,0.017,2717000
SSO,20140514,11.53,11.53,11.53,11.53,4370
STB,20140514,0.19,0.19,0.18,0.18,175800
STO,20140514,14.31,14.33,14.17,14.2,1988736
STP,20140514,1.72,1.73,1.72,1.72,13421
STS,20140514,0.56,0.56,0.56,0.56,1000
STW,20140514,51.95,52.06,51.9,52.04,129604
STX,20140514,0.11,0.115,0.11,0.11,1253425
SUD,20140514,0.055,0.055,0.053,0.055,277474
SUH,20140514,0.056,0.056,0.056,0.056,2863660
SUL,20140514,9.11,9.44,9.09,9.4,6460757
SUM,20140514,0.057,0.057,0.055,0.055,39102
SUN,20140514,13.3,13.4,13.27,13.4,3484086
SVA,20140514,0.52,0.54,0.52,0.54,36706
SVM,20140514,0.245,0.245,0.245,0.245,50000
SVW,20140514,8.15,8.2,8.11,8.17,195218
SVY,20140514,0.24,0.245,0.24,0.245,105092
SWE,20140514,0.22,0.225,0.215,0.22,276252
SWK,20140514,0.26,0.26,0.26,0.26,107899
SWL,20140514,1.9,2,1.9,1.96,366255
SWM,20140514,1.815,1.837,1.805,1.83,2292937
SXA,20140514,0.31,0.33,0.31,0.33,31166
SXE,20140514,0.585,0.585,0.585,0.585,3700
SXG,20140514,0.012,0.012,0.012,0.012,242858
SXL,20140514,1.14,1.14,1.1,1.105,3472472
SXS,20140514,0.039,0.039,0.039,0.039,80000
SXT,20140514,0.007,0.01,0.007,0.01,510000
SXY,20140514,0.695,0.695,0.677,0.68,1909135
SYA,20140514,0.004,0.004,0.004,0.004,93023
SYD,20140514,4.4,4.42,4.38,4.4,2539084
SYI,20140514,30.24,30.25,30.24,30.25,3186
SYP,20140514,0.007,0.007,0.007,0.007,4374
SYR,20140514,3.71,3.78,3.68,3.77,128868
SZG,20140514,0.092,0.092,0.092,0.092,250000
TAH,20140514,3.77,3.78,3.73,3.74,1777696
TAM,20140514,0.018,0.018,0.018,0.018,728410
TAN,20140514,0.47,0.47,0.47,0.47,16500
TAP,20140514,0.455,0.49,0.455,0.48,617339
TAS,20140514,0.022,0.022,0.022,0.022,41443
TAW,20140514,0.024,0.024,0.023,0.023,1385000
TCL,20140514,7.25,7.26,7.215,7.24,3632736
TDX,20140514,0.001,0.001,0.001,0.001,800000
TEL,20140514,2.47,2.49,2.47,2.48,843609
TEN,20140514,0.27,0.275,0.267,0.27,6912031
TFC,20140514,1.77,1.84,1.765,1.835,391660
TGA,20140514,2.15,2.18,2.15,2.18,132318
TGG,20140514,1.27,1.27,1.26,1.265,107009
TGP,20140514,0.77,0.77,0.77,0.77,40000
TGR,20140514,4.18,4.19,4.16,4.18,652920
TGS,20140514,0.365,0.38,0.365,0.375,6413100
TGZ,20140514,0.635,0.635,0.615,0.615,730129
THR,20140514,0.004,0.004,0.004,0.004,2552650
TIG,20140514,0.155,0.155,0.155,0.155,58273
TIS,20140514,0.32,0.325,0.31,0.31,61125
TIX,20140514,2.19,2.21,2.16,2.19,56536
TLG,20140514,0.26,0.265,0.25,0.26,1016838
TLM,20140514,0.093,0.093,0.093,0.093,22600
TLS,20140514,5.25,5.28,5.24,5.28,20255171
TLU,20140514,0.062,0.062,0.062,0.062,100000
TME,20140514,3.68,3.76,3.67,3.74,1285221
TNE,20140514,2.51,2.515,2.45,2.48,956518
TNG,20140514,0.097,0.102,0.097,0.097,957000
TOE,20140514,0.065,0.066,0.064,0.066,833418
TOF,20140514,1.99,2,1.99,1.99,114511
TOL,20140514,5.42,5.46,5.4,5.45,1672601
TON,20140514,0.098,0.105,0.097,0.105,1279467
TOP,20140514,0.5,0.5,0.47,0.5,238571
TOX,20140514,3.63,3.76,3.63,3.72,147388
TPC,20140514,0.105,0.11,0.105,0.11,36975
TPD,20140514,0.019,0.019,0.019,0.019,181227
TPI,20140514,1.145,1.155,1.14,1.15,4085276
TPM,20140514,6.18,6.19,6,6.16,1422464
TPT,20140514,0.18,0.185,0.175,0.18,629134
TRF,20140514,0.068,0.069,0.068,0.069,60598
TRG,20140514,10.25,10.25,10.15,10.15,10654
TRS,20140514,10.17,10.2,10.01,10.1,69810
TRY,20140514,0.95,0.997,0.94,0.995,513580
TSE,20140514,1.095,1.2,1.09,1.195,5360279
TSM,20140514,0.395,0.395,0.395,0.395,2493
TSN,20140514,0.004,0.004,0.004,0.004,800000
TTE,20140514,0.014,0.016,0.014,0.016,50300
TTI,20140514,0.068,0.068,0.067,0.067,210000
TTN,20140514,2.19,2.24,2.15,2.2,24915
TTS,20140514,3.06,3.06,3.04,3.06,1088868
TUP,20140514,3.5,3.59,3.5,3.53,24426
TWD,20140514,2.81,2.87,2.81,2.87,7133
TWE,20140514,3.98,4.01,3.97,4,2485557
TWR,20140514,1.6,1.6,1.6,1.6,6000
TZL,20140514,0.145,0.145,0.14,0.14,273514
UBI,20140514,0.18,0.18,0.157,0.16,2899323
UEQ,20140514,0.015,0.015,0.013,0.015,634791
UGL,20140514,7.63,7.64,7.52,7.63,868205
UML,20140514,0.015,0.015,0.014,0.014,767857
UNS,20140514,0.535,0.54,0.515,0.53,928105
UNV,20140514,0.097,0.1,0.097,0.1,105000
UNX,20140514,0.145,0.145,0.145,0.145,285103
UOS,20140514,0.545,0.545,0.545,0.545,50000
URF,20140514,1.83,1.83,1.83,1.83,27
USD,20140514,10.53,10.53,10.47,10.47,93050
UXC,20140514,0.84,0.84,0.805,0.805,398988
VAF,20140514,48.51,48.51,48.5,48.51,3471
VAH,20140514,0.405,0.41,0.4,0.405,474941
VAP,20140514,60.88,61.22,60.83,61.19,6984
VAS,20140514,70.01,70.26,69.94,70.16,23436
VBP,20140514,6.34,6.35,6.34,6.35,29740
VED,20140514,2.29,2.29,2.24,2.25,1435767
VEI,20140514,0.61,0.61,0.6,0.61,54330
VET,20140514,2.38,2.405,2.34,2.4,1574166
VEU,20140514,55.37,55.37,54.96,55.04,12998
VGE,20140514,50.5,50.5,50.49,50.49,1356
VHL,20140514,0.009,0.009,0.008,0.008,2079350
VHY,20140514,67,67.2,66.92,67.2,17585
VIC,20140514,0.007,0.007,0.007,0.007,1514400
VIE,20140514,0.26,0.27,0.26,0.27,41556
VIG,20140514,0.225,0.225,0.225,0.225,20000
VLA,20140514,0.27,0.285,0.27,0.275,53473
VLC,20140514,62.72,62.84,62.72,62.84,641
VLW,20140514,1.885,1.91,1.875,1.9,303842
VMG,20140514,0.009,0.01,0.009,0.01,503989
VML,20140514,0.03,0.03,0.03,0.03,17500
VMS,20140514,0.115,0.145,0.115,0.145,415355
VMT,20140514,0.056,0.056,0.052,0.052,12796803
VOC,20140514,4.47,4.5,4.37,4.4,138401
VOR,20140514,0.002,0.002,0.002,0.002,763495
VRL,20140514,7.3,7.37,7.28,7.34,147193
VRT,20140514,7.85,8.1,7.84,8.01,271506
VRX,20140514,0.045,0.047,0.045,0.045,345584
VSC,20140514,1.63,1.65,1.63,1.65,1578
VSO,20140514,45.52,45.57,45.52,45.57,1519
VTG,20140514,0.77,0.77,0.77,0.77,2600
VTM,20140514,0.07,0.07,0.07,0.07,100000
VTS,20140514,105.3,105.3,104.55,104.73,6759
VXL,20140514,0.39,0.39,0.39,0.39,38300
VXR,20140514,0.006,0.006,0.006,0.006,40000
WAA,20140514,1.285,1.29,1.27,1.285,72532
WAC,20140514,0.025,0.025,0.025,0.025,5883
WAF,20140514,0.105,0.115,0.105,0.115,30501
WAM,20140514,1.925,1.935,1.915,1.92,570802
WAX,20140514,1.14,1.15,1.125,1.125,201791
WBA,20140514,1.08,1.1,1.08,1.1,17816
WBB,20140514,5.72,5.75,5.72,5.75,3589
WBC,20140514,34.11,34.4,34.1,34.2,12048754
WCB,20140514,8.08,8.17,8.08,8.08,120
WCC,20140514,0.079,0.083,0.079,0.083,21461
WCL,20140514,0.382,0.385,0.38,0.385,1438503
WCN,20140514,0.01,0.01,0.01,0.01,3441020
WDC,20140514,10.86,10.95,10.82,10.9,2300282
WDR,20140514,0.33,0.36,0.33,0.36,2037736
WDS,20140514,1.03,1.03,1.02,1.03,17543
WEB,20140514,2.5,2.5,2.44,2.45,878600
WES,20140514,43.11,43.2,43.01,43.16,1093860
WFE,20140514,0.011,0.011,0.009,0.009,325000
WGO,20140514,0.018,0.018,0.018,0.018,45000
WHC,20140514,1.435,1.477,1.425,1.47,2698577
WHF,20140514,4.23,4.23,4.17,4.17,97688
WHN,20140514,0.016,0.016,0.016,0.016,2051666
WIC,20140514,1.25,1.26,1.25,1.26,65825
WIG,20140514,0.62,0.65,0.61,0.65,277694
WIN,20140514,0.28,0.28,0.27,0.28,333500
WMK,20140514,1.015,1.015,1.01,1.015,46403
WOF,20140514,0.044,0.044,0.044,0.044,40000
WOR,20140514,16.57,16.57,16.39,16.42,573747
WOW,20140514,36.62,36.91,36.62,36.91,1602109
WPL,20140514,41.54,41.76,41.43,41.7,1609071
WRT,20140514,3.2,3.23,3.19,3.23,4227206
WSA,20140514,4.45,4.55,4.4,4.52,1834894
WSR,20140514,0.012,0.012,0.012,0.012,200000
WTF,20140514,2.51,2.51,2.39,2.41,1397795
WTP,20140514,0.83,0.875,0.825,0.875,63724
XAM,20140514,0.041,0.041,0.04,0.04,97000
XRF,20140514,0.23,0.23,0.225,0.225,40000
XRO,20140514,29.22,29.48,29.2,29.2,20830
XTE,20140514,0.045,0.045,0.045,0.045,152000
YAL,20140514,0.32,0.325,0.315,0.32,153320
YBR,20140514,0.66,0.66,0.63,0.66,263498
YOW,20140514,0.565,0.615,0.565,0.615,233719
YRR,20140514,0.008,0.008,0.008,0.008,99990
YTC,20140514,0.225,0.23,0.22,0.23,110768
ZEU,20140514,0.011,0.011,0.011,0.011,10000
ZGL,20140514,0.205,0.205,0.205,0.205,100000
ZIM,20140514,7,7,6.98,6.98,2
ZNZ,20140514,3.64,3.64,3.64,3.64,1000
ZTA,20140514,0.007,0.007,0.007,0.007,314930
XAF,20140514,5609.2,5616.9,5579.7,5604.6,0
XAO,20140514,5475.4,5482.6,5453.8,5475.9,0
XAT,20140514,5454.7,5462.5,5430.6,5453.3,0
XDJ,20140514,1819.2,1827,1819.2,1825.8,0
XEC,20140514,1046.5,1055.8,1044.7,1055,0
XEJ,20140514,14355.3,14450.7,14355.3,14392.4,0
XFJ,20140514,6116.9,6122.9,6056.2,6096.5,0
XFL,20140514,5674.4,5682.1,5644.6,5669.6,0
XGD,20140514,2227.9,2253.1,2227.9,2236.5,0
XHJ,20140514,14639,14658.8,14507.3,14547.5,0
XIJ,20140514,801.4,813.5,801.4,804.7,0
XJO,20140514,5498.2,5506,5474,5496.5,0
XJR,20140514,4216.4,4241.6,4216.4,4234.5,0
XKO,20140514,5437.4,5444.9,5414.1,5436.6,0
XMD,20140514,4552.1,4563.3,4548.7,4560.1,0
XMJ,20140514,10172.8,10225.9,10158.3,10207,0
XMM,20140514,3300.2,3322,3299.3,3318,0
XNJ,20140514,4147.4,4173.9,4147.4,4169.7,0
XPJ,20140514,1052.7,1061.6,1052.7,1060.8,0
XSJ,20140514,10056.9,10067.6,10014.9,10067.6,0
XSO,20140514,2155.8,2166.8,2155.8,2166.8,0
XTJ,20140514,1830.1,1840.5,1828.8,1840.2,0
XTL,20140514,3475.1,3480.5,3453.3,3471.8,0
XTO,20140514,4573.2,4579.5,4551.4,4570.5,0
XUJ,20140514,5942.2,5942.2,5865.3,5885,0
XXJ,20140514,7237.2,7244.8,7152.1,7200.2,0
