AAA,20140804,50.1,50.1,50.09,50.09,28049
AAC,20140804,1.24,1.255,1.23,1.24,294585
AAD,20140804,2.53,2.54,2.495,2.51,676023
AAK,20140804,0.002,0.002,0.002,0.002,1088648
AAR,20140804,0.008,0.008,0.008,0.008,166955
AAU,20140804,0.061,0.061,0.061,0.061,5000
AAX,20140804,0.555,0.58,0.555,0.565,89515
ABC,20140804,3.6,3.655,3.59,3.65,741978
ABP,20140804,2.55,2.56,2.52,2.54,427187
ABU,20140804,0.415,0.445,0.415,0.435,596517
ABW,20140804,1.035,1.035,1.03,1.035,176500
ABX,20140804,0.245,0.245,0.24,0.24,334461
ABY,20140804,0.28,0.28,0.28,0.28,51899
ACB,20140804,0.05,0.05,0.05,0.05,249
ACG,20140804,0.1,0.1,0.1,0.1,43854
ACJ,20140804,0.003,0.006,0.003,0.004,54167756
ACL,20140804,0.585,0.59,0.565,0.565,334656
ACQ,20140804,0.915,0.915,0.91,0.91,16000
ACR,20140804,1.65,1.65,1.525,1.575,2349149
ADA,20140804,0.3,0.3,0.3,0.3,3000
ADJ,20140804,0.11,0.115,0.105,0.105,1495463
ADN,20140804,0.045,0.045,0.045,0.045,15621
ADO,20140804,0.15,0.155,0.142,0.145,1974470
ADQ,20140804,0.009,0.009,0.009,0.009,150000
ADX,20140804,0.011,0.011,0.011,0.011,424429
ADY,20140804,0.016,0.02,0.016,0.02,154000
AEB,20140804,0.095,0.095,0.087,0.09,274635
AEE,20140804,0.03,0.03,0.03,0.03,100000
AEF,20140804,39.5,39.5,39.5,39.5,95
AEI,20140804,0.105,0.105,0.105,0.105,24733
AEM,20140804,0.012,0.012,0.012,0.012,833333
AFA,20140804,0.185,0.185,0.185,0.185,1100
AFI,20140804,6.22,6.23,6.2,6.22,290356
AFJ,20140804,1.18,1.185,1.15,1.16,282454
AFR,20140804,0.073,0.073,0.073,0.073,80000
AGD,20140804,0.11,0.11,0.11,0.11,100000
AGE,20140804,0.046,0.047,0.046,0.047,110767
AGF,20140804,0.76,0.775,0.76,0.77,316010
AGG,20140804,3.65,3.65,3.65,3.65,1740
AGI,20140804,3.72,3.73,3.7,3.72,215566
AGJ,20140804,0.081,0.081,0.081,0.081,10000
AGK,20140804,14.6,14.7,14.58,14.61,773300
AGO,20140804,0.64,0.712,0.635,0.71,20949153
AGS,20140804,0.145,0.155,0.145,0.155,107042
AGX,20140804,0.012,0.012,0.012,0.012,100806
AGY,20140804,0.003,0.003,0.003,0.003,3740311
AHD,20140804,9.36,9.5,9.3,9.45,39551
AHE,20140804,3.82,3.9,3.77,3.78,343563
AHY,20140804,1.78,1.79,1.77,1.77,1094203
AHZ,20140804,0.125,0.13,0.125,0.125,1957304
AIA,20140804,3.45,3.45,3.41,3.45,13031
AIO,20140804,6,6.05,5.97,6,1944550
AIR,20140804,0.12,0.12,0.12,0.12,1000
AIZ,20140804,1.74,1.75,1.65,1.65,78616
AJA,20140804,4.18,4.2,4.18,4.19,13279
AJD,20140804,1.065,1.075,1.065,1.065,17709
AJL,20140804,0.69,0.73,0.69,0.715,473583
AJM,20140804,0.16,0.16,0.16,0.16,45750
AJQ,20140804,0.11,0.11,0.105,0.105,286019
AJX,20140804,0.089,0.089,0.088,0.088,33000
AKG,20140804,1.37,1.37,1.37,1.37,1088
AKK,20140804,0.014,0.014,0.013,0.014,19448067
AKM,20140804,0.038,0.038,0.038,0.038,6760
AKP,20140804,6.1,6.1,6.05,6.1,18100
ALA,20140804,0.23,0.24,0.225,0.225,208022
ALF,20140804,1.77,1.775,1.755,1.76,461049
ALK,20140804,0.27,0.27,0.265,0.265,389395
ALL,20140804,5.5,5.57,5.49,5.54,962769
ALQ,20140804,7.63,7.72,7.58,7.61,556118
ALR,20140804,1.22,1.22,1.21,1.21,12315
ALT,20140804,0.035,0.036,0.035,0.036,406000
ALU,20140804,2.42,2.45,2.38,2.41,16196
ALY,20140804,0.021,0.021,0.02,0.02,100000
ALZ,20140804,4.47,4.48,4.44,4.45,978881
AMA,20140804,0.3,0.3,0.3,0.3,19656
AMC,20140804,10.33,10.4,10.25,10.29,2036372
AMH,20140804,1.04,1.05,1.04,1.05,102800
AMI,20140804,0.38,0.385,0.37,0.385,498064
AMM,20140804,2.03,2.05,2.02,2.02,248317
AMP,20140804,5.34,5.36,5.29,5.35,4282492
ANG,20140804,1.565,1.605,1.56,1.57,74195
ANI,20140804,2.01,2.02,2.01,2.02,476567
ANN,20140804,18.7,18.83,18.58,18.75,215109
ANO,20140804,0.015,0.015,0.014,0.015,560001
ANP,20140804,0.14,0.14,0.135,0.135,216500
ANQ,20140804,0.007,0.007,0.007,0.007,3125163
ANW,20140804,0.006,0.006,0.005,0.006,608623
ANZ,20140804,33.46,33.56,33.28,33.34,2772813
AOA,20140804,0.007,0.007,0.007,0.007,120000
AOC,20140804,0.11,0.11,0.11,0.11,5000
AOD,20140804,0.995,0.995,0.995,0.995,2155
AOG,20140804,2.09,2.1,2.06,2.06,307854
AOH,20140804,0.225,0.225,0.22,0.225,200760
AOK,20140804,0.245,0.25,0.24,0.245,824588
AOU,20140804,0.042,0.042,0.042,0.042,2875
AOW,20140804,0.195,0.195,0.19,0.19,38631
APA,20140804,7.32,7.42,7.32,7.39,869612
APD,20140804,0.3,0.3,0.3,0.3,600
APE,20140804,5.85,5.85,5.77,5.77,6507
API,20140804,0.6,0.61,0.6,0.61,186701
APN,20140804,0.785,0.79,0.77,0.77,937144
APP,20140804,0.031,0.031,0.031,0.031,435967
APW,20140804,0.115,0.115,0.115,0.115,418440
APY,20140804,0.017,0.017,0.017,0.017,27000
APZ,20140804,1.21,1.24,1.2,1.205,42167
AQC,20140804,0.005,0.005,0.004,0.004,1050000
AQD,20140804,0.011,0.012,0.011,0.011,217333
AQF,20140804,2.03,2.03,2.03,2.03,3300
AQG,20140804,2.5,2.54,2.47,2.48,395980
AQO,20140804,0.35,0.355,0.35,0.35,1000000
AQP,20140804,0.43,0.435,0.42,0.435,121639
AQR,20140804,0.15,0.21,0.14,0.195,1617916
AQU,20140804,0.35,0.38,0.35,0.38,12550
AQZ,20140804,1.27,1.3,1.27,1.285,10179
ARD,20140804,0.024,0.024,0.024,0.024,50000
ARE,20140804,0.024,0.027,0.024,0.027,133570
ARF,20140804,1.27,1.31,1.27,1.275,65417
ARG,20140804,7.7,7.78,7.67,7.72,134903
ARH,20140804,0.028,0.028,0.028,0.028,9701
ARI,20140804,0.8,0.847,0.79,0.84,9515589
ARM,20140804,0.056,0.056,0.056,0.056,15000
ARP,20140804,12,12.03,11.82,11.9,88822
ARU,20140804,0.084,0.084,0.078,0.08,376384
ARV,20140804,0.002,0.002,0.002,0.002,300000
ASB,20140804,1.1,1.19,1.075,1.15,259112
ASX,20140804,35.89,35.98,35.74,35.93,398259
ASZ,20140804,0.48,0.485,0.475,0.475,110499
ATP,20140804,0.085,0.085,0.084,0.084,72009
ATR,20140804,0.3,0.3,0.3,0.3,430
ATU,20140804,1.52,1.53,1.49,1.51,158004
ATV,20140804,0.022,0.022,0.022,0.022,1216
AUB,20140804,10.23,10.23,10.1,10.1,14923
AUF,20140804,1.05,1.05,1.04,1.04,37307
AUI,20140804,8.6,8.65,8.6,8.63,11487
AUP,20140804,5.38,5.38,5.38,5.38,1000
AUQ,20140804,0.054,0.058,0.054,0.058,493319
AUZ,20140804,0.011,0.012,0.01,0.011,5258995
AVB,20140804,0.096,0.1,0.096,0.1,2099427
AVD,20140804,0.002,0.002,0.002,0.002,1305555
AVG,20140804,0.375,0.385,0.375,0.385,24013
AVJ,20140804,0.575,0.58,0.575,0.58,26346
AVK,20140804,0.026,0.026,0.024,0.024,520000
AVQ,20140804,0.014,0.015,0.014,0.014,1830900
AVX,20140804,0.013,0.013,0.012,0.012,271000
AWC,20140804,1.535,1.547,1.525,1.53,10867838
AWD,20140804,0.001,0.001,0.001,0.001,19349067
AWE,20140804,1.785,1.79,1.715,1.735,2607120
AWN,20140804,0.9,0.93,0.9,0.92,60631
AWV,20140804,0.032,0.032,0.032,0.032,211604
AXC,20140804,0.009,0.01,0.008,0.01,4209147
AXE,20140804,0.175,0.175,0.17,0.17,119545
AXZ,20140804,1,1,1,1,9000
AYG,20140804,0.004,0.004,0.004,0.004,426368
AYK,20140804,90.91,90.91,90.91,90.91,334
AYR,20140804,0.008,0.008,0.008,0.008,635000
AZJ,20140804,5.01,5.03,4.96,4.97,2934060
AZK,20140804,0.031,0.032,0.027,0.027,1242010
AZM,20140804,0.042,0.044,0.042,0.042,519000
AZQ,20140804,0.185,0.185,0.185,0.185,80134
AZS,20140804,0.029,0.029,0.027,0.029,853631
AZV,20140804,0.385,0.385,0.37,0.385,156015
AZZ,20140804,0.58,0.58,0.57,0.58,50821
BAB,20140804,0.083,0.083,0.082,0.083,472286
BAF,20140804,0.97,0.97,0.97,0.97,35830
BAP,20140804,2.26,2.27,2.22,2.25,136974
BAU,20140804,0.15,0.15,0.15,0.15,111905
BBG,20140804,0.52,0.53,0.52,0.53,576983
BBR,20140804,0.55,0.55,0.55,0.55,66059
BCD,20140804,0.04,0.04,0.04,0.04,21328
BCI,20140804,3.32,3.43,3.32,3.4,494499
BCN,20140804,0.003,0.003,0.003,0.003,500000
BCT,20140804,0.066,0.066,0.066,0.066,150000
BDI,20140804,0.002,0.002,0.002,0.002,250000
BDR,20140804,0.53,0.535,0.515,0.52,3546517
BEAR,20140804,17.75,17.8,17.72,17.77,63609
BEL,20140804,0.15,0.15,0.15,0.15,14133
BEN,20140804,12.57,12.67,12.55,12.6,496263
BGA,20140804,4.85,4.88,4.83,4.85,134301
BGG,20140804,0.1,0.1,0.1,0.1,10000
BGL,20140804,0.955,0.985,0.95,0.985,300434
BGS,20140804,0.01,0.01,0.01,0.01,191267
BHP,20140804,38.15,38.34,38.05,38.3,3135866
BIT,20140804,0.12,0.13,0.12,0.12,450086
BKI,20140804,1.69,1.69,1.675,1.675,184387
BKL,20140804,28.05,28.05,28.05,28.05,100
BKN,20140804,4.41,4.54,4.33,4.54,595044
BKP,20140804,0.003,0.003,0.003,0.003,478500
BKW,20140804,14.4,14.49,14.39,14.49,63840
BKY,20140804,0.32,0.32,0.32,0.32,33862
BLA,20140804,2.85,2.88,2.83,2.85,46681
BLD,20140804,5.21,5.26,5.21,5.23,776607
BLG,20140804,0.14,0.14,0.14,0.14,16000
BLK,20140804,0.195,0.195,0.195,0.195,12650
BLT,20140804,0.99,1,0.97,0.98,51311
BLX,20140804,1.125,1.15,1.125,1.15,25560
BLY,20140804,0.18,0.19,0.18,0.18,1871129
BLZ,20140804,0.002,0.002,0.001,0.001,3270000
BMB,20140804,0.081,0.085,0.081,0.085,207650
BMG,20140804,0.007,0.007,0.007,0.007,3000156
BML,20140804,0.023,0.025,0.023,0.023,4471014
BMN,20140804,0.075,0.075,0.075,0.075,49180
BMY,20140804,0.013,0.013,0.013,0.013,613044
BMZ,20140804,0.05,0.05,0.048,0.048,115596
BNE,20140804,0.016,0.016,0.016,0.016,819703
BNO,20140804,0.495,0.495,0.48,0.485,42056
BOC,20140804,0.395,0.415,0.395,0.415,15196
BOE,20140804,0.03,0.032,0.03,0.031,3330951
BOL,20140804,0.15,0.155,0.15,0.15,403386
BOQ,20140804,12.35,12.4,12.3,12.33,805702
BPA,20140804,4.5,4.55,4.5,4.55,19000
BPF,20140804,0.36,0.36,0.36,0.36,60000
BPO,20140804,0.004,0.004,0.004,0.004,1500000
BPT,20140804,1.68,1.685,1.66,1.665,5154181
BRG,20140804,8.14,8.2,8.12,8.15,99657
BRL,20140804,0.052,0.053,0.052,0.053,273389
BRU,20140804,0.82,0.825,0.78,0.79,1217633
BSA,20140804,0.13,0.135,0.13,0.135,565200
BSL,20140804,6.11,6.21,6.11,6.16,2093978
BSN,20140804,0.037,0.037,0.034,0.036,850000
BSR,20140804,0.017,0.018,0.016,0.018,1582813
BTC,20140804,0.04,0.063,0.036,0.05,1912698
BTR,20140804,0.19,0.19,0.18,0.185,107048
BTT,20140804,6.6,6.64,6.48,6.52,94479
BUG,20140804,0.57,0.57,0.57,0.57,5412
BUL,20140804,0.057,0.057,0.055,0.057,260800
BUR,20140804,0.019,0.02,0.019,0.02,932347
BUY,20140804,0.014,0.015,0.014,0.015,189000
BWF,20140804,0.25,0.25,0.25,0.25,15000
BWP,20140804,2.54,2.56,2.52,2.52,662980
BWR,20140804,0.1,0.1,0.1,0.1,226129
BXB,20140804,9.21,9.3,9.2,9.23,1456770
BXN,20140804,0.021,0.021,0.021,0.021,250000
BYE,20140804,0.65,0.66,0.63,0.65,169376
BYL,20140804,0.53,0.535,0.52,0.52,130603
BYR,20140804,0.02,0.02,0.02,0.02,1753344
CAA,20140804,0.13,0.135,0.13,0.135,190165
CAB,20140804,4.57,4.605,4.54,4.58,266664
CAD,20140804,0.01,0.011,0.01,0.011,1583163
CAF,20140804,0.4,0.4,0.4,0.4,33334
CAJ,20140804,0.54,0.55,0.535,0.535,567018
CAM,20140804,0.975,0.985,0.975,0.98,37897
CAP,20140804,0.065,0.065,0.065,0.065,13700
CAQ,20140804,0.096,0.115,0.096,0.11,102210
CAS,20140804,0.36,0.37,0.335,0.37,474974
CAV,20140804,0.015,0.016,0.015,0.015,2900000
CAY,20140804,0.08,0.085,0.075,0.075,585211
CAZ,20140804,0.076,0.076,0.075,0.075,15000
CBA,20140804,82.5,82.73,82.3,82.58,1360260
CBQ,20140804,0.003,0.003,0.003,0.003,100000
CBS,20140804,0.018,0.018,0.017,0.017,205112
CCF,20140804,0.03,0.03,0.03,0.03,978150
CCL,20140804,9.23,9.31,9.23,9.29,1018080
CCP,20140804,8.76,8.87,8.76,8.81,79967
CCV,20140804,1.1,1.122,1.1,1.12,69290
CCZ,20140804,0.004,0.004,0.004,0.004,1000001
CDA,20140804,0.75,0.75,0.73,0.735,166507
CDD,20140804,6.16,6.18,6.07,6.11,422316
CDG,20140804,0.075,0.075,0.074,0.075,207394
CDM,20140804,1.505,1.505,1.49,1.49,210656
CDP,20140804,5.77,5.77,5.72,5.72,978
CDT,20140804,0.032,0.037,0.032,0.034,165895
CDU,20140804,1.71,1.735,1.7,1.705,55061
CDV,20140804,0.047,0.047,0.047,0.047,51500
CDY,20140804,0.03,0.03,0.03,0.03,200000
CEL,20140804,0.074,0.074,0.074,0.074,67900
CFE,20140804,0.145,0.15,0.14,0.15,6097841
CFU,20140804,0.012,0.012,0.011,0.011,437227
CFX,20140804,2.11,2.14,2.11,2.12,3602275
CGF,20140804,7.74,7.87,7.73,7.8,1115284
CGN,20140804,0.155,0.155,0.15,0.15,28513
CGO,20140804,0.82,0.82,0.82,0.82,4478
CGR,20140804,0.23,0.235,0.23,0.235,28044
CGU,20140804,0.028,0.032,0.028,0.032,70000
CHC,20140804,4.28,4.29,4.26,4.27,428090
CHF,20140804,0.043,0.043,0.043,0.043,141317
CHN,20140804,0.145,0.145,0.14,0.145,18432
CHZ,20140804,0.14,0.14,0.135,0.135,578000
CIA,20140804,0.29,0.3,0.29,0.3,31544
CIN,20140804,29.1,29.1,28.8,28.8,1417
CIW,20140804,0.87,0.87,0.85,0.85,40624
CIX,20140804,0.365,0.365,0.36,0.365,61026
CKA,20140804,0.14,0.155,0.14,0.145,561962
CKF,20140804,2.42,2.45,2.42,2.45,32191
CKK,20140804,0.009,0.009,0.009,0.009,244989
CKL,20140804,0.6,0.6,0.6,0.6,4000
CLH,20140804,1.96,1.995,1.96,1.995,222904
CLQ,20140804,0.052,0.053,0.05,0.052,2011807
CLV,20140804,0.405,0.405,0.4,0.405,40000
CLX,20140804,2,2,2,2,11005
CLY,20140804,0.011,0.012,0.011,0.012,1790500
CLZ,20140804,0.035,0.035,0.03,0.03,100000
CMC,20140804,0.07,0.075,0.07,0.075,54700
CMG,20140804,0.327,0.33,0.325,0.33,144117
CMT,20140804,0.11,0.12,0.11,0.115,113500
CMW,20140804,1,1.01,1,1,1525412
CND,20140804,0.27,0.27,0.245,0.245,63500
CNI,20140804,0.835,0.835,0.835,0.835,2464
CNQ,20140804,0.088,0.088,0.088,0.088,5389
CNU,20140804,1.59,1.63,1.59,1.625,623460
CNX,20140804,0.021,0.021,0.02,0.02,1631000
COD,20140804,0.023,0.023,0.023,0.023,92000
COE,20140804,0.485,0.49,0.48,0.48,12027099
COF,20140804,0.26,0.265,0.26,0.265,100000
COH,20140804,63.33,63.65,62.41,62.54,222006
COI,20140804,0.17,0.17,0.17,0.17,26000
COK,20140804,0.026,0.026,0.026,0.026,2205022
COO,20140804,0.155,0.155,0.155,0.155,30000
CPL,20140804,0.062,0.064,0.056,0.056,461984
CPU,20140804,12.75,12.84,12.715,12.81,946370
CQC,20140804,0.08,0.09,0.08,0.09,54000
CQR,20140804,3.96,3.985,3.95,3.98,380837
CRB,20140804,0.039,0.039,0.039,0.039,60000
CRH,20140804,0.41,0.41,0.395,0.395,162379
CRQ,20140804,0.019,0.019,0.019,0.019,85189
CRZ,20140804,11.24,11.31,11.21,11.27,238486
CSD,20140804,0.055,0.056,0.055,0.056,38000
CSE,20140804,0.355,0.355,0.35,0.35,4500
CSL,20140804,65.5,65.59,64.62,64.94,968466
CSR,20140804,3.72,3.75,3.7,3.72,561591
CSS,20140804,0.057,0.058,0.056,0.057,3029714
CSV,20140804,1.01,1.03,1.01,1.02,9831
CTD,20140804,6.6,6.6,6.47,6.48,141557
CTM,20140804,0.067,0.067,0.067,0.067,4350
CTN,20140804,1.09,1.1,1.085,1.1,190622
CTO,20140804,0.02,0.02,0.018,0.018,367500
CTP,20140804,0.34,0.357,0.34,0.355,509083
CTR,20140804,0.009,0.01,0.009,0.009,1448500
CTX,20140804,24.42,24.84,24.35,24.77,401144
CUE,20140804,0.13,0.13,0.13,0.13,133888
CUG,20140804,0.03,0.03,0.03,0.03,63793
CUP,20140804,1.715,1.73,1.71,1.73,81039
CUV,20140804,2.15,2.3,2.15,2.3,53550
CVN,20140804,0.083,0.085,0.082,0.083,774500
CVO,20140804,1.835,1.855,1.805,1.825,475320
CWE,20140804,0.049,0.049,0.048,0.048,245548
CWG,20140804,0.068,0.075,0.068,0.075,240500
CWN,20140804,15.9,15.97,15.765,15.82,929467
CWP,20140804,7.54,7.6,7.54,7.55,25422
CXM,20140804,0.105,0.105,0.105,0.105,50000
CXO,20140804,0.055,0.055,0.054,0.054,550000
CXU,20140804,0.28,0.28,0.265,0.265,29000
CXX,20140804,0.165,0.165,0.165,0.165,4002
CYA,20140804,0.9,0.9,0.9,0.9,6500
CYG,20140804,3.3,3.3,3.22,3.22,11000
CYP,20140804,0.38,0.38,0.38,0.38,8751
CYU,20140804,0.034,0.034,0.03,0.03,1000000
CZA,20140804,0.053,0.053,0.053,0.053,23429
CZD,20140804,0.13,0.13,0.125,0.125,230871
CZI,20140804,0.25,0.265,0.25,0.26,1981348
CZR,20140804,0.035,0.036,0.035,0.036,400000
CZZ,20140804,6.9,7.05,6.9,6.96,25766
DAF,20140804,0.031,0.031,0.028,0.028,200000
DAU,20140804,0.022,0.023,0.022,0.023,464704
DCC,20140804,0.34,0.345,0.335,0.34,275012
DCG,20140804,2.02,2.05,1.985,2.05,179568
DCN,20140804,0.465,0.48,0.465,0.48,47933
DDR,20140804,1.95,1.95,1.8,1.8,12780
DDT,20140804,0.029,0.035,0.029,0.033,11962122
DEG,20140804,0.002,0.002,0.002,0.002,1050000
DGX,20140804,0.045,0.05,0.043,0.045,7906701
DIG,20140804,0.018,0.018,0.017,0.017,300000
DIV,20140804,21.06,21.06,20.98,20.98,700
DJW,20140804,4.88,4.94,4.86,4.91,201829
DKM,20140804,0.24,0.27,0.24,0.27,2889631
DLC,20140804,0.008,0.008,0.008,0.008,5000
DLS,20140804,1.59,1.59,1.56,1.565,1060110
DLX,20140804,5.51,5.51,5.46,5.46,427499
DML,20140804,0.038,0.04,0.037,0.038,2595124
DMP,20140804,21.2,21.34,21.04,21.1,88348
DNA,20140804,0.85,0.86,0.84,0.845,1272401
DOW,20140804,4.77,4.79,4.73,4.78,1326978
DRK,20140804,0.023,0.024,0.023,0.024,1252750
DRM,20140804,0.75,0.76,0.71,0.715,252810
DRX,20140804,0.011,0.011,0.011,0.011,42950
DSB,20140804,0.19,0.19,0.19,0.19,36000
DSH,20140804,1.95,2,1.95,1.97,197899
DTE,20140804,0.145,0.145,0.14,0.14,1089271
DTL,20140804,0.802,0.805,0.765,0.785,265676
DTM,20140804,0.03,0.03,0.027,0.029,250404
DUE,20140804,2.41,2.41,2.39,2.39,1471395
DUI,20140804,3.7,3.7,3.7,3.7,3012
DUO,20140804,0.012,0.012,0.011,0.011,705810
DVI,20140804,0.01,0.01,0.009,0.009,1850000
DVL,20140804,0.47,0.47,0.47,0.47,1000
DVN,20140804,1.16,1.17,1.125,1.155,359172
DWS,20140804,1.285,1.302,1.285,1.3,89235
DXS,20140804,1.17,1.17,1.155,1.17,6772826
DYE,20140804,0.205,0.205,0.2,0.205,132164
DYL,20140804,0.018,0.018,0.017,0.017,239500
EAL,20140804,0.47,0.49,0.455,0.455,464490
EAR,20140804,0.12,0.12,0.12,0.12,50000
EAX,20140804,3.12,3.12,3.1,3.1,23701
EBT,20140804,4.07,4.07,4.03,4.03,6933
EDE,20140804,0.015,0.016,0.014,0.014,2051188
EER,20140804,0.04,0.04,0.04,0.04,50000
EGG,20140804,1.065,1.065,1.05,1.05,23872
EGN,20140804,0.13,0.14,0.13,0.14,15500
EGO,20140804,0.009,0.009,0.008,0.009,5379999
EGP,20140804,3.22,3.285,3.22,3.27,1035671
EHL,20140804,0.215,0.22,0.215,0.215,207725
ELD,20140804,0.22,0.23,0.22,0.225,813991
ELK,20140804,0.105,0.11,0.105,0.105,516564
ELM,20140804,0.235,0.235,0.23,0.235,19104
ELT,20140804,0.014,0.014,0.014,0.014,135000
ELX,20140804,0.37,0.37,0.355,0.36,60500
EMA,20140804,0.063,0.063,0.063,0.063,5000
EME,20140804,0.155,0.155,0.155,0.155,55160
EML,20140804,0.685,0.685,0.63,0.63,154172
EMR,20140804,0.026,0.027,0.026,0.027,854003
ENE,20140804,5,5,4.99,4.99,1114
ENN,20140804,1.335,1.34,1.335,1.34,37343
ENR,20140804,0.26,0.26,0.26,0.26,68862
ENT,20140804,0.1,0.11,0.1,0.105,98829
ENV,20140804,1.3,1.305,1.295,1.3,1776603
EOL,20140804,0.36,0.36,0.36,0.36,5498
EOS,20140804,0.4,0.4,0.4,0.4,43100
EPD,20140804,0.685,0.72,0.675,0.7,371957
EPM,20140804,0.008,0.008,0.008,0.008,125000
EPW,20140804,2.01,2.03,2.01,2.03,100883
EPX,20140804,1.18,1.21,1.18,1.19,78265
EQT,20140804,20.62,21.1,20.62,21.05,20907
EQX,20140804,0.33,0.33,0.32,0.32,38277
ERA,20140804,1.33,1.33,1.305,1.32,372522
ERD,20140804,0.025,0.025,0.025,0.025,127340
ERI,20140804,0.014,0.014,0.014,0.014,48574
ERJ,20140804,0.007,0.007,0.007,0.007,814286
ERM,20140804,0.047,0.048,0.045,0.047,430000
ESV,20140804,0.68,0.695,0.68,0.69,6287
ETE,20140804,0.034,0.035,0.034,0.035,935000
ETF,20140804,21.58,21.58,21.58,21.58,150
EVN,20140804,0.785,0.8,0.765,0.765,1386981
EVR,20140804,0.865,0.9,0.865,0.87,31456
EWC,20140804,0.335,0.35,0.335,0.34,338450
EXE,20140804,0.02,0.02,0.02,0.02,28449
EXG,20140804,0.075,0.078,0.075,0.078,61200
EXM,20140804,0.009,0.009,0.009,0.009,80
EXR,20140804,0.007,0.007,0.007,0.007,15000
EYM,20140804,0.008,0.008,0.008,0.008,163000
EZA,20140804,0.095,0.095,0.095,0.095,7000
EZL,20140804,1.27,1.27,1.27,1.27,6249
FAR,20140804,0.039,0.039,0.038,0.038,3081270
FAS,20140804,0.003,0.004,0.003,0.004,6988603
FBU,20140804,8.12,8.12,8.03,8.05,2034176
FCR,20140804,0.027,0.027,0.027,0.027,135000
FDC,20140804,2.54,2.57,2.54,2.56,1665464
FEL,20140804,0.035,0.035,0.035,0.035,100000
FET,20140804,1.74,1.775,1.74,1.76,170171
FFG,20140804,0.245,0.26,0.24,0.26,1155364
FLN,20140804,0.79,0.8,0.78,0.785,172456
FLT,20140804,47.5,47.5,46.5,46.57,201292
FMG,20140804,4.67,4.765,4.64,4.74,11063986
FML,20140804,0.013,0.013,0.012,0.013,6645682
FMS,20140804,0.021,0.021,0.02,0.021,1947085
FND,20140804,0.2,0.2,0.19,0.2,318590
FNP,20140804,2.93,3,2.89,2.93,91869
FNT,20140804,0.014,0.014,0.014,0.014,220000
FOY,20140804,0.002,0.002,0.002,0.002,250000
FPH,20140804,4.27,4.3,4.26,4.3,10275
FRI,20140804,1.69,1.69,1.66,1.66,460528
FSA,20140804,1.32,1.33,1.31,1.33,12500
FSE,20140804,0.006,0.006,0.006,0.006,510000
FSF,20140804,5.66,5.69,5.46,5.55,18787
FSI,20140804,1.6,1.6,1.56,1.56,12678
FST,20140804,2.79,2.8,2.74,2.74,61860
FTE,20140804,0.007,0.007,0.007,0.007,96579
FUN,20140804,0.077,0.078,0.077,0.078,101013
FWD,20140804,2.17,2.18,2.15,2.15,43421
FXJ,20140804,0.845,0.855,0.845,0.855,4625851
FXL,20140804,3.7,3.75,3.7,3.71,742556
FXR,20140804,0.012,0.012,0.012,0.012,4000
GAP,20140804,0.26,0.265,0.26,0.265,118885
GBT,20140804,3.6,3.62,3.6,3.61,12296
GCN,20140804,0.016,0.016,0.015,0.015,2479187
GCR,20140804,0.004,0.004,0.004,0.004,500000
GCY,20140804,0.125,0.125,0.125,0.125,14980
GDA,20140804,0.115,0.12,0.115,0.12,3353
GDI,20140804,0.925,0.935,0.92,0.93,464734
GDY,20140804,0.05,0.051,0.05,0.05,260000
GEM,20140804,4.89,4.94,4.88,4.9,839095
GFF,20140804,0.64,0.645,0.635,0.635,2239962
GGG,20140804,0.091,0.093,0.091,0.091,391873
GGX,20140804,0.018,0.018,0.017,0.017,44801
GHC,20140804,1.35,1.38,1.35,1.38,13000
GID,20140804,0.41,0.41,0.41,0.41,80615
GJT,20140804,1.64,1.66,1.64,1.66,17303
GLA,20140804,0.005,0.005,0.005,0.005,2500
GLH,20140804,0.555,0.56,0.54,0.56,23700
GLL,20140804,0.125,0.135,0.125,0.135,62500
GMA,20140804,3.43,3.49,3.39,3.39,3672605
GMC,20140804,0.002,0.002,0.002,0.002,600000
GME,20140804,0.03,0.03,0.03,0.03,20000
GMG,20140804,5.2,5.25,5.19,5.24,2559401
GMR,20140804,0.012,0.013,0.012,0.013,2326110
GMY,20140804,1,1,1,1,2303
GNC,20140804,8.63,8.68,8.58,8.66,203666
GNE,20140804,1.64,1.67,1.64,1.64,6451
GNG,20140804,0.67,0.67,0.66,0.665,28590
GOLD,20140804,133.16,133.43,132.01,133.4,4565
GOR,20140804,0.32,0.35,0.32,0.345,5018712
GOZ,20140804,2.5,2.51,2.49,2.5,89902
GPG,20140804,0.615,0.615,0.615,0.615,1513
GPH,20140804,0.02,0.02,0.02,0.02,25000
GPR,20140804,0.06,0.06,0.06,0.06,15000
GPT,20140804,3.98,4.03,3.98,4,4066745
GRB,20140804,0.17,0.17,0.165,0.165,703787
GRF,20140804,1.68,1.68,1.68,1.68,4734
GRK,20140804,0.005,0.005,0.004,0.004,4216010
GRR,20140804,0.17,0.17,0.165,0.165,724355
GRV,20140804,0.07,0.07,0.07,0.07,40000
GRY,20140804,0.195,0.195,0.185,0.185,419952
GSZ,20140804,0.026,0.026,0.026,0.026,62002
GTE,20140804,0.046,0.047,0.046,0.047,50000
GTG,20140804,0.032,0.032,0.031,0.031,924313
GTK,20140804,2.03,2.03,2.02,2.02,15815
GUD,20140804,7.38,7.45,7.33,7.39,237305
GUF,20140804,0.056,0.056,0.053,0.053,599802
GUN,20140804,0.013,0.013,0.013,0.013,1788853
GVF,20140804,1,1.005,1,1.005,50000
GWA,20140804,2.84,2.88,2.83,2.85,330552
GWR,20140804,0.13,0.14,0.13,0.14,510000
GXL,20140804,10.2,10.22,10.095,10.15,276776
GXY,20140804,0.057,0.058,0.056,0.056,464200
GZL,20140804,2.9,2.9,2.9,2.9,1000
HAR,20140804,0.04,0.04,0.04,0.04,3800
HAV,20140804,0.165,0.165,0.16,0.16,50000
HAW,20140804,0.025,0.025,0.025,0.025,226639
HAZ,20140804,0.042,0.042,0.041,0.041,993736
HCT,20140804,0.06,0.06,0.06,0.06,4000
HFA,20140804,1.455,1.595,1.455,1.52,933198
HFR,20140804,0.785,0.79,0.76,0.775,693440
HGG,20140804,4.43,4.44,4.39,4.42,4835235
HGO,20140804,0.077,0.078,0.076,0.076,592485
HHL,20140804,2.02,2.02,2.02,2.02,2795
HHV,20140804,1.05,1.05,1.04,1.04,205278
HHY,20140804,0.145,0.145,0.145,0.145,360282
HIG,20140804,0.056,0.058,0.056,0.058,94000
HIL,20140804,1.79,1.84,1.76,1.765,110156
HLO,20140804,0.255,0.255,0.255,0.255,5000
HMX,20140804,0.12,0.12,0.12,0.12,74800
HNR,20140804,0.007,0.007,0.007,0.007,6800
HOG,20140804,0.017,0.017,0.017,0.017,249098
HOR,20140804,0.036,0.036,0.033,0.033,81935
HPI,20140804,2.1,2.1,2.09,2.09,149120
HPR,20140804,0.17,0.17,0.165,0.165,13500
HRL,20140804,0.008,0.008,0.008,0.008,28000
HRR,20140804,0.145,0.15,0.145,0.15,20384
HSK,20140804,0.09,0.095,0.09,0.095,26590
HSN,20140804,1.48,1.53,1.475,1.53,220906
HSO,20140804,2.24,2.25,2.23,2.23,5689227
HUB,20140804,0.95,0.965,0.95,0.965,43863
HVN,20140804,3.03,3.06,3.015,3.05,946488
HZN,20140804,0.335,0.35,0.325,0.345,6062619
IAA,20140804,53.83,53.89,53.65,53.83,20308
IAB,20140804,1.26,1.26,1.26,1.26,4000
IAF,20140804,103.17,103.39,103.17,103.25,1924
IAG,20140804,6.18,6.19,6.13,6.14,5055821
IAU,20140804,0.28,0.28,0.265,0.275,1183317
IAW,20140804,0.037,0.038,0.03,0.03,510466
IBG,20140804,0.096,0.105,0.092,0.1,1835300
IBK,20140804,42.52,42.68,42.51,42.68,19983
IBY,20140804,0.35,0.36,0.35,0.36,555880
ICG,20140804,0.026,0.026,0.026,0.026,2203380
ICN,20140804,0.135,0.135,0.132,0.135,255664
ICQ,20140804,1.54,1.55,1.505,1.505,238994
ICS,20140804,0.044,0.046,0.044,0.046,225000
IDC,20140804,0.029,0.03,0.028,0.029,3351716
IDO,20140804,0.041,0.041,0.041,0.041,30000
IDR,20140804,1.98,1.99,1.975,1.985,118979
IDT,20140804,0.25,0.25,0.245,0.245,21341
IDZ,20140804,0.745,0.745,0.745,0.745,1000
IEC,20140804,0.035,0.035,0.035,0.035,5000
IEM,20140804,47.31,47.45,47.25,47.37,11668
IEU,20140804,49.94,49.94,49.57,49.71,19436
IFE,20140804,0.076,0.076,0.076,0.076,100000
IFL,20140804,8.63,8.765,8.61,8.74,934698
IFM,20140804,0.87,0.885,0.85,0.88,240491
IFN,20140804,0.23,0.24,0.227,0.24,2697230
IGB,20140804,102.35,102.56,102.35,102.56,254
IGO,20140804,4.73,4.83,4.7,4.81,858267
IHD,20140804,15.99,16,15.91,16,16774
IHK,20140804,23.55,23.57,23.55,23.57,6793
IIL,20140804,0.2,0.21,0.2,0.2,104829
IIN,20140804,7.59,7.62,7.52,7.58,388622
IJH,20140804,146.79,147.03,146.79,147.03,388
IJP,20140804,12.92,12.92,12.88,12.91,8683
IJR,20140804,113.68,113.68,113.65,113.65,772
IKO,20140804,71.35,71.35,71.35,71.35,100
ILB,20140804,107.94,108.23,107.94,108.23,281
ILC,20140804,25.36,25.39,25.22,25.31,15166
ILU,20140804,8.67,8.78,8.62,8.71,864020
IMA,20140804,0.125,0.13,0.125,0.125,172481
IMC,20140804,0.005,0.005,0.005,0.005,1000000
IMD,20140804,0.66,0.67,0.66,0.66,272561
IMF,20140804,2.03,2.03,2,2.01,397858
IMI,20140804,0.002,0.002,0.002,0.002,250000
IMU,20140804,0.015,0.016,0.015,0.015,641500
INA,20140804,0.49,0.49,0.48,0.48,576917
INL,20140804,0.01,0.01,0.009,0.009,200000
INT,20140804,0.026,0.026,0.026,0.026,755
IOF,20140804,3.51,3.54,3.49,3.52,616955
IOH,20140804,0.92,0.95,0.91,0.91,137329
IOO,20140804,83.16,83.16,82.6,82.75,16373
IOZ,20140804,24.02,24.02,23.93,23.98,41932
IPB,20140804,0.33,0.33,0.33,0.33,50111
IPD,20140804,0.295,0.31,0.285,0.3,848955
IPE,20140804,0.43,0.43,0.43,0.43,22050
IPL,20140804,2.9,2.94,2.88,2.93,3502465
IPP,20140804,3.57,3.66,3.55,3.66,194091
IPT,20140804,0.038,0.038,0.035,0.036,335000
IRC,20140804,0.076,0.077,0.076,0.077,53701
IRE,20140804,8.7,8.75,8.62,8.68,186387
IRI,20140804,1.19,1.2,1.18,1.2,151153
IRL,20140804,0.007,0.007,0.006,0.006,58966
IRN,20140804,0.21,0.215,0.195,0.21,1496797
IRU,20140804,118.77,119.47,118.77,119.44,1731
ISD,20140804,2.44,2.44,2.44,2.44,1456
ISG,20140804,15.05,15.05,14.98,14.98,856
ISN,20140804,0.21,0.21,0.2,0.205,84880
ISO,20140804,3.95,3.95,3.93,3.95,55000
ISU,20140804,1.22,1.245,1.22,1.22,38068
ITT,20140804,0.014,0.015,0.014,0.015,5100000
ITW,20140804,17.1,17.1,16.95,17.06,4745
IVC,20140804,10.46,10.54,10.46,10.5,118690
IVE,20140804,71.43,71.43,71.11,71.14,17419
IVO,20140804,0.081,0.081,0.081,0.081,6150
IVR,20140804,0.04,0.04,0.04,0.04,12682
IVV,20140804,208.37,208.73,208.1,208.68,25299
IVX,20140804,0.064,0.068,0.064,0.068,480875
IXI,20140804,93.5,94.01,93.5,93.7,1189
IXJ,20140804,100.7,100.7,100.3,100.44,5717
IXP,20140804,68.84,68.84,68.37,68.37,370
IXR,20140804,0.029,0.031,0.027,0.027,4657597
IZM,20140804,0.003,0.004,0.003,0.004,200100
IZZ,20140804,43.62,44.08,43.62,44.08,4069
JAL,20140804,0.155,0.155,0.155,0.155,50000
JAT,20140804,0.017,0.017,0.017,0.017,40524
JBH,20140804,19.5,19.79,19.5,19.75,248630
JHC,20140804,2.29,2.3,2.26,2.26,220910
JHX,20140804,13.45,13.6,13.39,13.47,823331
JIN,20140804,1.28,1.32,1.275,1.3,3700
JKA,20140804,0.047,0.047,0.045,0.045,844000
JPR,20140804,0.4,0.4,0.4,0.4,16567
JRL,20140804,0.2,0.23,0.2,0.23,51240
KAM,20140804,0.645,0.655,0.64,0.65,116600
KAR,20140804,3.44,3.54,3.425,3.53,736542
KAS,20140804,0.081,0.083,0.081,0.083,50000
KAT,20140804,0.95,0.96,0.95,0.96,50000
KBL,20140804,0.044,0.044,0.043,0.043,13500
KCN,20140804,0.92,0.93,0.91,0.93,637265
KDL,20140804,0.18,0.19,0.175,0.18,250201
KDR,20140804,0.12,0.15,0.12,0.14,2751697
KEY,20140804,0.015,0.016,0.015,0.016,568750
KFE,20140804,0.03,0.03,0.03,0.03,149069
KGL,20140804,0.42,0.425,0.35,0.385,2193033
KGM,20140804,0.023,0.024,0.022,0.024,662129
KIK,20140804,0.007,0.007,0.007,0.007,36468
KKO,20140804,0.09,0.09,0.08,0.08,83000
KMD,20140804,3.09,3.155,3.09,3.14,689811
KME,20140804,0.27,0.27,0.265,0.265,78400
KNL,20140804,0.355,0.39,0.345,0.375,5112261
KOR,20140804,0.051,0.053,0.051,0.053,125000
KOV,20140804,6.65,6.67,6.6,6.67,45775
KPL,20140804,0.32,0.34,0.32,0.34,62945
KPR,20140804,0.04,0.04,0.04,0.04,75000
KRB,20140804,0.06,0.06,0.06,0.06,46000
KRC,20140804,0.092,0.092,0.083,0.083,184250
KRM,20140804,0.52,0.52,0.45,0.455,647002
KRS,20140804,0.23,0.23,0.23,0.23,478886
KSC,20140804,1.45,1.45,1.45,1.45,8493
KSO,20140804,0.003,0.003,0.003,0.003,1558158
KTA,20140804,0.125,0.125,0.125,0.125,1308
LAU,20140804,0.38,0.38,0.38,0.38,12000
LBL,20140804,0.105,0.105,0.105,0.105,50000
LCM,20140804,0.94,0.945,0.94,0.945,26741
LCR,20140804,0.006,0.007,0.006,0.007,393156
LEG,20140804,0.008,0.008,0.008,0.008,378000
LEI,20140804,21.65,22.12,21.62,22.06,325221
LEP,20140804,3.03,3.04,3,3,72086
LGD,20140804,0.295,0.3,0.295,0.3,50948
LHB,20140804,0.16,0.16,0.16,0.16,5000
LHC,20140804,2.18,2.23,2.18,2.18,11751
LIC,20140804,1.685,1.8,1.675,1.75,75950
LKO,20140804,0.004,0.004,0.003,0.003,2645112
LLC,20140804,13.3,13.36,13.25,13.29,941061
LMB,20140804,0.79,0.815,0.785,0.795,312021
LMR,20140804,0.049,0.054,0.047,0.05,4679841
LNG,20140804,3.6,3.62,3.42,3.52,3610439
LNR,20140804,0.54,0.545,0.515,0.54,618332
LOM,20140804,0.45,0.455,0.43,0.435,791646
LRR,20140804,0.001,0.001,0.001,0.001,3950000
LRS,20140804,0.041,0.041,0.039,0.039,601742
LSR,20140804,0.015,0.016,0.015,0.015,271816
LSX,20140804,0.35,0.35,0.35,0.35,1900
LTR,20140804,0.032,0.032,0.032,0.032,200000
LYC,20140804,0.14,0.15,0.135,0.15,14561398
MAD,20140804,0.155,0.165,0.155,0.165,693886
MAH,20140804,0.12,0.122,0.117,0.12,2703588
MAK,20140804,0.089,0.1,0.089,0.1,285000
MAQ,20140804,5.6,5.6,5.5,5.5,9242
MAR,20140804,0.008,0.008,0.006,0.006,2264000
MAT,20140804,0.3,0.3,0.26,0.29,714296
MBE,20140804,0.24,0.25,0.235,0.25,2317613
MBN,20140804,0.11,0.11,0.099,0.1,1552506
MBT,20140804,0.006,0.006,0.006,0.006,980
MCE,20140804,1.03,1.06,1.03,1.055,35316
MCP,20140804,1.23,1.235,1.225,1.23,33096
MCR,20140804,0.8,0.822,0.8,0.81,251099
MCS,20140804,0.46,0.46,0.45,0.45,64063
MDG,20140804,0.2,0.2,0.2,0.2,14388
MDI,20140804,0.025,0.025,0.025,0.025,17500
MDL,20140804,1.92,1.92,1.92,1.92,121
MED,20140804,0.076,0.076,0.076,0.076,155
MEI,20140804,0.03,0.03,0.028,0.028,119350
MEO,20140804,0.041,0.042,0.039,0.04,3071023
MEP,20140804,0.27,0.28,0.24,0.245,4054975
MEU,20140804,0.015,0.016,0.015,0.016,210000
MEY,20140804,0.002,0.002,0.002,0.002,114900
MFF,20140804,1.485,1.485,1.455,1.475,231815
MFG,20140804,11.3,11.51,11.25,11.5,261122
MGP,20140804,0.24,0.24,0.235,0.24,34000
MGR,20140804,1.79,1.795,1.78,1.79,6874693
MGV,20140804,0.075,0.079,0.075,0.079,210000
MGX,20140804,0.715,0.77,0.715,0.745,4628387
MGY,20140804,0.048,0.049,0.048,0.048,580297
MGZ,20140804,0.02,0.02,0.02,0.02,50000
MHI,20140804,0.19,0.19,0.18,0.18,100000
MIN,20140804,10.77,10.94,10.76,10.92,451871
MIR,20140804,2.7,2.72,2.68,2.68,57890
MIX,20140804,0.175,0.175,0.175,0.175,8000
MIZ,20140804,0.004,0.004,0.004,0.004,1100000
MKB,20140804,0.185,0.195,0.18,0.19,1124770
MKO,20140804,0.028,0.029,0.028,0.029,300000
MLB,20140804,1.62,1.62,1.6,1.6,12187
MLD,20140804,2.02,2.07,2.01,2.03,71705
MLM,20140804,0.096,0.115,0.096,0.115,867959
MLT,20140804,4.65,4.68,4.61,4.65,106707
MLX,20140804,0.235,0.245,0.235,0.245,909298
MMC,20140804,0.011,0.011,0.011,0.011,485100
MML,20140804,1.555,1.59,1.495,1.545,2765205
MMR,20140804,0.043,0.043,0.043,0.043,12000
MMS,20140804,9.42,9.83,9.4,9.82,671377
MNC,20140804,0.022,0.022,0.021,0.021,2514688
MND,20140804,15.85,15.99,15.83,15.94,444551
MNE,20140804,0.021,0.021,0.02,0.02,1524295
MNF,20140804,2.73,2.77,2.72,2.73,55768
MNM,20140804,0.021,0.021,0.019,0.02,723345
MNW,20140804,0.24,0.25,0.24,0.25,36854
MNY,20140804,1.02,1.025,1.01,1.01,34277
MOC,20140804,3.1,3.11,3.05,3.08,13417
MOD,20140804,0.01,0.01,0.01,0.01,500000
MOT,20140804,0.001,0.001,0.001,0.001,500000
MOX,20140804,0.021,0.021,0.021,0.021,351439
MOY,20140804,0.105,0.11,0.105,0.11,257666
MOZ,20140804,0.013,0.013,0.013,0.013,200000
MPJ,20140804,0.008,0.008,0.007,0.007,4158556
MPO,20140804,0.155,0.16,0.155,0.16,160932
MQA,20140804,3.22,3.24,3.15,3.18,1546365
MQG,20140804,57.55,57.99,57.41,57.81,887317
MRC,20140804,0.15,0.15,0.15,0.15,30000
MRF,20140804,0.077,0.083,0.076,0.076,676464
MRM,20140804,2.01,2.045,2.01,2.02,1311389
MRN,20140804,1.145,1.145,1.145,1.145,15000
MRP,20140804,0.18,0.185,0.175,0.175,232665
MRQ,20140804,0.135,0.135,0.135,0.135,900
MRV,20140804,0.005,0.005,0.005,0.005,200000
MSB,20140804,4.16,4.32,4.05,4.07,400060
MSP,20140804,0.02,0.02,0.02,0.02,858
MSR,20140804,0.041,0.042,0.04,0.04,843000
MSV,20140804,0.047,0.047,0.047,0.047,50000
MTA,20140804,0.205,0.21,0.195,0.205,370984
MTH,20140804,0.007,0.007,0.006,0.006,2362293
MTI,20140804,0.001,0.001,0.001,0.001,1000000
MTN,20140804,0.029,0.029,0.029,0.029,200000
MTR,20140804,1.94,1.96,1.94,1.96,87399
MTS,20140804,2.85,2.92,2.85,2.9,3653752
MTU,20140804,5.96,5.98,5.95,5.96,219972
MUM,20140804,0.005,0.005,0.005,0.005,213500
MUX,20140804,0.165,0.175,0.165,0.17,75580
MVA,20140804,16.29,16.29,16.29,16.29,2455
MVB,20140804,26.57,26.6,26.57,26.6,1175
MVF,20140804,1.715,1.755,1.715,1.74,244308
MVP,20140804,1.2,1.2,1.15,1.15,10000
MVT,20140804,0.13,0.13,0.13,0.13,12000
MWR,20140804,1.17,1.17,1.17,1.17,10000
MXI,20140804,1.057,1.065,1.055,1.06,71240
MXR,20140804,0.003,0.003,0.003,0.003,6820000
MYA,20140804,0.1,0.1,0.1,0.1,11666
MYE,20140804,0.437,0.48,0.437,0.48,899600
MYG,20140804,0.037,0.039,0.037,0.038,1881294
MYR,20140804,2.35,2.38,2.33,2.38,3762035
MYS,20140804,4.9,4.96,4.87,4.92,31922
MYT,20140804,2.16,2.18,2.14,2.14,27688
MYX,20140804,0.85,0.86,0.845,0.855,225390
MZI,20140804,0.008,0.008,0.008,0.008,1062500
MZM,20140804,0.18,0.18,0.17,0.17,40000
NAB,20140804,34.78,34.84,34.66,34.77,2027034
NAM,20140804,0.32,0.32,0.315,0.315,222194
NAN,20140804,0.8,0.805,0.79,0.795,31366
NBL,20140804,0.45,0.45,0.44,0.44,1525
NCC,20140804,1.07,1.07,1.07,1.07,5000
NCM,20140804,10.83,10.92,10.76,10.8,1674156
NCR,20140804,0.011,0.013,0.011,0.011,561311
NDO,20140804,0.052,0.053,0.05,0.051,31710729
NEA,20140804,0.425,0.435,0.425,0.425,176073
NEC,20140804,2.14,2.14,2.1,2.1,844051
NEN,20140804,0.018,0.018,0.017,0.017,818799
NEU,20140804,0.1,0.105,0.096,0.105,5160809
NFE,20140804,0.13,0.14,0.13,0.14,17582
NGF,20140804,0.13,0.13,0.125,0.13,32407
NHC,20140804,2.96,2.99,2.94,2.98,65221
NHF,20140804,3.28,3.28,3.25,3.28,242789
NHO,20140804,0.008,0.008,0.008,0.008,100000
NIU,20140804,0.002,0.003,0.002,0.003,360350
NMI,20140804,0.033,0.039,0.033,0.039,472000
NML,20140804,0.07,0.073,0.07,0.073,39107
NNW,20140804,0.625,0.625,0.605,0.62,260971
NOD,20140804,0.041,0.041,0.041,0.041,500000
NOE,20140804,0.15,0.15,0.15,0.15,14500
NPX,20140804,2.73,2.73,2.73,2.73,150000
NRR,20140804,0.024,0.024,0.024,0.024,56000
NRT,20140804,0.14,0.14,0.14,0.14,4186
NRU,20140804,0.003,0.003,0.003,0.003,500000
NSE,20140804,0.12,0.12,0.115,0.115,468154
NSR,20140804,1.39,1.39,1.38,1.385,573418
NST,20140804,1.74,1.79,1.715,1.735,4446585
NTC,20140804,0.745,0.75,0.735,0.75,216547
NTL,20140804,0.01,0.01,0.01,0.01,100000
NTM,20140804,0.017,0.017,0.016,0.016,94000
NUF,20140804,4.26,4.29,4.205,4.28,513903
NVT,20140804,5.02,5.02,4.885,4.95,917598
NWE,20140804,0.01,0.01,0.01,0.01,251495
NWF,20140804,0.39,0.39,0.39,0.39,1250
NWH,20140804,1.05,1.07,1.01,1.05,1253232
NWS,20140804,18.62,18.67,18.57,18.59,62463
NWT,20140804,0.155,0.155,0.14,0.145,7568228
NXM,20140804,0.066,0.066,0.06,0.06,305000
NXR,20140804,0.021,0.023,0.02,0.021,1620954
NXT,20140804,1.55,1.635,1.545,1.62,286569
NZO,20140804,0.74,0.74,0.74,0.74,47868
OBJ,20140804,0.088,0.092,0.086,0.087,4091234
OBL,20140804,0.009,0.009,0.009,0.009,960000
OBS,20140804,0.37,0.38,0.365,0.38,140468
OCL,20140804,1.395,1.455,1.395,1.4,196522
OCP,20140804,1.5,1.5,1.455,1.455,10329
OEG,20140804,0.031,0.031,0.031,0.031,2473
OEL,20140804,0.093,0.1,0.091,0.091,6263728
OEX,20140804,0.195,0.195,0.18,0.185,4193706
OFX,20140804,2.44,2.45,2.43,2.43,842776
OGC,20140804,3.1,3.16,3.08,3.11,323482
OGH,20140804,0.03,0.03,0.03,0.03,80000
OGX,20140804,0.115,0.12,0.115,0.115,182781
OGY,20140804,0.019,0.019,0.019,0.019,450000
OKN,20140804,1.415,1.43,1.41,1.415,8532
OKU,20140804,0.003,0.004,0.003,0.003,2030000
OMH,20140804,0.475,0.485,0.475,0.48,36807
ONC,20140804,0.25,0.25,0.25,0.25,7680
ONT,20140804,6.2,6.2,6.15,6.15,1138
OOO,20140804,53.59,53.59,52,52.07,690
ORA,20140804,1.47,1.497,1.47,1.495,1640538
ORE,20140804,2.62,2.76,2.62,2.72,92385
ORG,20140804,14.15,14.2,14.05,14.09,1574175
ORI,20140804,21.3,21.66,21.21,21.57,924923
ORL,20140804,4.75,4.75,4.67,4.71,22038
ORO,20140804,0.001,0.001,0.001,0.001,500000
ORS,20140804,0.036,0.036,0.034,0.035,639286
OSH,20140804,9.35,9.37,9.23,9.3,3235428
OSL,20140804,0.12,0.12,0.115,0.115,516508
OSP,20140804,0.51,0.51,0.51,0.51,5000
OTC,20140804,0.13,0.13,0.13,0.13,9833
OTH,20140804,0.61,0.62,0.61,0.62,155626
OVH,20140804,0.31,0.315,0.31,0.31,285282
OVL,20140804,0.007,0.007,0.007,0.007,145000
OVR,20140804,0.012,0.012,0.011,0.012,1086430
OZB,20140804,0.011,0.011,0.009,0.01,21332250
OZG,20140804,0.23,0.23,0.23,0.23,52178
OZL,20140804,4.51,4.58,4.495,4.57,663169
OZR,20140804,10.37,10.37,10.37,10.37,1440
PAA,20140804,0.01,0.011,0.01,0.011,2042384
PAB,20140804,0.027,0.028,0.027,0.028,1330252
PAF,20140804,0.92,0.95,0.92,0.95,37765
PAN,20140804,0.95,0.995,0.95,0.99,1630841
PBD,20140804,0.016,0.016,0.015,0.015,5505000
PBG,20140804,0.55,0.57,0.545,0.57,1621025
PBP,20140804,0.415,0.415,0.415,0.415,49000
PBT,20140804,0.245,0.245,0.23,0.24,655640
PCL,20140804,0.023,0.024,0.023,0.024,2429116
PCP,20140804,0.05,0.05,0.05,0.05,10000
PDI,20140804,0.01,0.01,0.01,0.01,225763
PDN,20140804,0.36,0.365,0.357,0.36,3339053
PDY,20140804,0.005,0.006,0.005,0.006,2130000
PDZ,20140804,0.405,0.41,0.405,0.41,51560
PEA,20140804,0.485,0.485,0.485,0.485,7811
PEK,20140804,0.08,0.08,0.08,0.08,4000
PEN,20140804,0.024,0.025,0.024,0.025,866106
PEX,20140804,0.085,0.085,0.084,0.085,1916924
PFG,20140804,0.115,0.115,0.115,0.115,662074
PFL,20140804,1.28,1.3,1.255,1.255,55531
PGF,20140804,0.92,0.94,0.92,0.935,115857
PGH,20140804,3.66,3.75,3.66,3.7,1501247
PGI,20140804,0.038,0.041,0.038,0.04,786126
PGL,20140804,0.225,0.235,0.225,0.235,43000
PGM,20140804,0.165,0.185,0.165,0.185,102330
PGR,20140804,1.065,1.065,1.055,1.065,82652
PGS,20140804,0.018,0.023,0.018,0.023,2352043
PHG,20140804,0.54,0.56,0.54,0.56,3127550
PHW,20140804,0.004,0.004,0.004,0.004,1615385
PIE,20140804,0.12,0.12,0.12,0.12,300
PIM,20140804,0.018,0.019,0.018,0.019,1611322
PIO,20140804,0.021,0.024,0.021,0.022,4320017
PIR,20140804,1.78,1.815,1.775,1.815,835743
PKO,20140804,0.007,0.007,0.007,0.007,100000
PLD,20140804,0.01,0.01,0.009,0.009,1070000
PLP,20140804,0.001,0.002,0.001,0.002,33250000
PLS,20140804,0.026,0.03,0.026,0.028,2166185
PMC,20140804,1.84,1.845,1.835,1.84,138674
PME,20140804,0.9,0.9,0.9,0.9,2000
PML,20140804,0.035,0.035,0.03,0.03,535418
PMP,20140804,0.47,0.47,0.47,0.47,15968
PMQ,20140804,0.032,0.032,0.032,0.032,4756
PMV,20140804,9.67,9.76,9.56,9.7,224419
PMY,20140804,0.045,0.046,0.04,0.04,2006803
PNA,20140804,2.23,2.265,2.23,2.26,1079328
PNC,20140804,1.57,1.57,1.56,1.56,11000
PNL,20140804,0.425,0.425,0.425,0.425,7238
PNN,20140804,0.017,0.017,0.017,0.017,5000
PNR,20140804,0.065,0.07,0.065,0.07,41000
PNW,20140804,0.31,0.31,0.31,0.31,8211
PNX,20140804,0.018,0.02,0.018,0.02,84000
POH,20140804,0.088,0.089,0.087,0.088,167309
POK,20140804,0.045,0.045,0.041,0.041,541723
POP,20140804,0.065,0.07,0.065,0.065,712308
POS,20140804,0.22,0.23,0.22,0.225,1031368
POZ,20140804,0.012,0.012,0.012,0.012,341000
PPC,20140804,1.32,1.32,1.28,1.28,60234
PPG,20140804,0.5,0.5,0.5,0.5,3220
PPK,20140804,0.75,0.75,0.75,0.75,90358
PPP,20140804,0.053,0.053,0.053,0.053,100000
PPS,20140804,0.225,0.225,0.215,0.22,735384
PPT,20140804,47.2,47.56,47.06,47.48,88636
PPX,20140804,0.037,0.037,0.037,0.037,6166
PRG,20140804,2.81,2.82,2.72,2.75,148609
PRL,20140804,0.155,0.16,0.15,0.16,273700
PRR,20140804,0.04,0.042,0.039,0.042,1536915
PRT,20140804,1.02,1.025,1.01,1.01,382134
PRU,20140804,0.42,0.43,0.42,0.42,1625116
PRY,20140804,4.79,4.82,4.76,4.77,957519
PSA,20140804,0.13,0.13,0.13,0.13,49008
PSY,20140804,0.11,0.115,0.094,0.094,8514852
PSZ,20140804,0.825,0.825,0.8,0.81,71895
PTL,20140804,0.035,0.035,0.034,0.034,2530000
PTM,20140804,6.28,6.29,6.12,6.22,871820
PTR,20140804,0.008,0.008,0.008,0.008,129500
PVA,20140804,4.8,4.8,4.8,4.8,319
PVD,20140804,0.44,0.46,0.43,0.46,534532
PWN,20140804,0.044,0.044,0.041,0.041,75798
PXG,20140804,0.13,0.13,0.13,0.13,10000
PXS,20140804,0.063,0.063,0.057,0.058,1020109
PYC,20140804,0.012,0.012,0.012,0.012,6651
PYM,20140804,0.011,0.011,0.01,0.011,940909
PZC,20140804,0.015,0.015,0.015,0.015,10500
QAG,20140804,9.53,9.55,9.5,9.55,4014
QAN,20140804,1.295,1.32,1.29,1.31,1887611
QBE,20140804,10.8,10.89,10.75,10.85,3673645
QBL,20140804,0.021,0.021,0.019,0.019,1449407
QCB,20140804,15.38,15.38,15.38,15.38,21
QFN,20140804,11.48,11.48,11.44,11.44,2867
QFX,20140804,0.016,0.016,0.013,0.014,25558201
QHL,20140804,0.175,0.18,0.175,0.175,211500
QMN,20140804,0.013,0.013,0.012,0.012,200000
QOZ,20140804,12.57,12.58,12.57,12.58,5815
QRE,20140804,5.8,5.81,5.77,5.8,123383
QRL,20140804,0.017,0.019,0.017,0.019,276400
QRX,20140804,0.075,0.075,0.073,0.073,167785
QTG,20140804,0.024,0.025,0.022,0.022,887050
QTM,20140804,0.019,0.019,0.019,0.019,30000
QUB,20140804,2.22,2.23,2.2,2.22,973635
QXQ,20140804,0.008,0.008,0.007,0.007,2000000
RAU,20140804,0.007,0.007,0.007,0.007,66889
RCB,20140804,20.39,20.39,20.38,20.38,4461
RCG,20140804,0.66,0.66,0.64,0.64,95268
RCM,20140804,0.028,0.028,0.026,0.026,66500
RCR,20140804,2.86,2.86,2.82,2.83,88255
RCT,20140804,3.7,3.75,3.7,3.75,14948
RDF,20140804,0.98,1,0.98,1,3561
RDG,20140804,0.057,0.15,0.057,0.15,2099647
RDH,20140804,1.22,1.25,1.2,1.25,147078
RDM,20140804,0.2,0.21,0.2,0.205,421450
RDR,20140804,0.033,0.034,0.033,0.033,1247791
RDV,20140804,30.06,30.31,30.06,30.31,17538
REA,20140804,46.11,46.48,45.41,45.41,248834
REC,20140804,4.94,5.08,4.92,5.07,567769
RED,20140804,0.088,0.09,0.085,0.085,61195
REF,20140804,0.125,0.125,0.125,0.125,14285
REH,20140804,31.1,31.1,31,31,1139
RER,20140804,0.068,0.068,0.066,0.066,2849029
REX,20140804,0.87,0.875,0.87,0.875,12500
REY,20140804,0.125,0.13,0.125,0.13,98000
RFE,20140804,0.1,0.105,0.1,0.105,161294
RFF,20140804,0.98,0.98,0.965,0.975,43617
RFG,20140804,4.57,4.57,4.52,4.53,174212
RFL,20140804,0.49,0.5,0.485,0.485,376366
RFX,20140804,0.18,0.19,0.18,0.19,61044
RGS,20140804,0.29,0.29,0.285,0.285,30475
RGX,20140804,0.007,0.007,0.007,0.007,3550000
RHC,20140804,47.5,47.69,47.02,47.02,223071
RHL,20140804,3.45,3.52,3.45,3.45,51597
RHP,20140804,0.835,0.85,0.835,0.85,684958
RHT,20140804,0.042,0.042,0.041,0.041,214229
RIC,20140804,0.83,0.83,0.81,0.815,75413
RIM,20140804,0.03,0.03,0.03,0.03,100000
RIO,20140804,64.94,65.48,64.9,65.43,870189
RKN,20140804,2.06,2.07,2.055,2.06,52377
RLE,20140804,0.28,0.285,0.28,0.28,186626
RMD,20140804,5.31,5.325,5.26,5.28,7384065
RMG,20140804,0.002,0.002,0.002,0.002,10000000
RMI,20140804,0.002,0.002,0.002,0.002,1000000
RMR,20140804,0.015,0.015,0.013,0.013,9109960
RMS,20140804,0.064,0.064,0.062,0.063,1685345
RMX,20140804,0.01,0.01,0.009,0.009,664995
RND,20140804,0.63,0.63,0.6,0.6,84200
RNI,20140804,0.18,0.19,0.165,0.19,1486818
RNO,20140804,0.045,0.045,0.042,0.043,1369836
RNS,20140804,0.077,0.08,0.073,0.073,1155000
RNU,20140804,0.039,0.039,0.038,0.038,87500
RNY,20140804,0.295,0.3,0.295,0.295,80473
ROC,20140804,0.66,0.68,0.66,0.675,5254123
ROL,20140804,0.29,0.29,0.28,0.28,267205
ROY,20140804,0.052,0.053,0.052,0.053,170000
RQL,20140804,0.125,0.125,0.12,0.12,340002
RRL,20140804,1.72,1.745,1.71,1.725,2209393
RRS,20140804,0.028,0.028,0.026,0.026,2127097
RSG,20140804,0.6,0.615,0.595,0.605,3151087
RSL,20140804,0.014,0.017,0.014,0.014,5569393
RSM,20140804,20.37,20.37,20.35,20.35,3001
RTA,20140804,0.19,0.195,0.19,0.195,10100
RTD,20140804,0.019,0.019,0.016,0.017,3213022
RTG,20140804,1.1,1.11,1.08,1.1,50000
RTR,20140804,0.04,0.042,0.04,0.042,69492
RUL,20140804,0.6,0.62,0.595,0.605,213163
RUM,20140804,0.095,0.095,0.09,0.09,132846
RVL,20140804,32.9,32.9,32.9,32.9,329
RVR,20140804,0.215,0.22,0.215,0.22,74521
RWD,20140804,0.63,0.65,0.63,0.65,74000
RWH,20140804,3.52,3.59,3.52,3.59,5777
RXL,20140804,0.05,0.05,0.048,0.048,1447595
RXM,20140804,0.43,0.43,0.415,0.42,144619
RXP,20140804,0.7,0.7,0.695,0.7,13208
RYG,20140804,0.016,0.016,0.016,0.016,15455
SAI,20140804,4.85,4.87,4.81,4.82,578450
SAR,20140804,0.45,0.465,0.45,0.46,2150413
SAU,20140804,0.009,0.01,0.009,0.01,2190191
SAY,20140804,0.018,0.018,0.018,0.018,600
SBB,20140804,0.14,0.155,0.122,0.13,24565476
SBM,20140804,0.115,0.12,0.11,0.11,1324824
SBN,20140804,0.008,0.008,0.008,0.008,1000000
SBR,20140804,0.038,0.038,0.038,0.038,30000
SCG,20140804,3.32,3.42,3.32,3.39,10006855
SCP,20140804,1.75,1.762,1.735,1.74,2358018
SDF,20140804,1.295,1.305,1.285,1.295,563439
SDG,20140804,1.64,1.65,1.63,1.645,24168
SDL,20140804,0.083,0.087,0.083,0.087,15173782
SDM,20140804,0.51,0.54,0.51,0.525,89266
SEA,20140804,1.36,1.38,1.34,1.38,1440005
SEG,20140804,0.015,0.015,0.014,0.015,19707815
SEH,20140804,0.19,0.19,0.185,0.19,700179
SEK,20140804,16.11,16.31,16.08,16.27,647211
SEN,20140804,0.04,0.041,0.04,0.04,400196
SER,20140804,0.058,0.06,0.058,0.058,87679
SFC,20140804,6.01,6.05,6,6.05,1155
SFH,20140804,0.93,0.95,0.92,0.95,51480
SFP,20140804,0.007,0.007,0.007,0.007,5200000
SFR,20140804,6.24,6.33,6.21,6.33,252413
SFW,20140804,0.895,0.91,0.89,0.9,1563942
SFX,20140804,0.89,0.95,0.89,0.95,793216
SFY,20140804,54.3,54.3,53.99,54.17,10134
SGF,20140804,1.74,1.77,1.74,1.77,69100
SGH,20140804,4.95,4.99,4.95,4.99,334518
SGM,20140804,11.93,12.2,11.82,12.12,700927
SGN,20140804,1.47,1.475,1.45,1.465,794912
SGO,20140804,0.2,0.2,0.2,0.2,17133
SGP,20140804,3.99,4.02,3.98,4,5548769
SGQ,20140804,0.11,0.11,0.105,0.105,115000
SGT,20140804,3.36,3.37,3.33,3.33,532503
SHH,20140804,0.088,0.088,0.088,0.088,10000
SHJ,20140804,2.26,2.26,2.25,2.25,25875
SHK,20140804,0.003,0.003,0.003,0.003,201600
SHL,20140804,17.97,18.07,17.82,17.87,628623
SHP,20140804,0.024,0.024,0.024,0.024,1633189
SHV,20140804,5.18,5.27,5.18,5.25,75322
SIE,20140804,0.015,0.018,0.015,0.018,30000
SIH,20140804,0.02,0.02,0.02,0.02,25847
SIP,20140804,0.76,0.765,0.75,0.75,1485811
SIQ,20140804,1.415,1.425,1.41,1.42,80350
SIR,20140804,3.97,4,3.88,3.9,1308699
SIT,20140804,0.16,0.16,0.16,0.16,6200
SIV,20140804,6.2,6.2,6.15,6.16,7195
SKC,20140804,3.42,3.42,3.36,3.37,827895
SKE,20140804,2.54,2.54,2.48,2.52,664138
SKI,20140804,1.88,1.89,1.875,1.885,1437728
SKT,20140804,6,6.01,5.92,5.92,343446
SLF,20140804,10.11,10.18,10.08,10.13,126838
SLK,20140804,1.75,1.77,1.745,1.77,14957
SLM,20140804,1.795,1.835,1.73,1.73,18859
SLR,20140804,0.47,0.47,0.455,0.465,1824413
SLX,20140804,0.64,0.745,0.63,0.74,846568
SMA,20140804,0.015,0.015,0.014,0.014,2626000
SMC,20140804,0.035,0.035,0.035,0.035,7631
SMN,20140804,0.515,0.515,0.435,0.45,285966
SMR,20140804,0.13,0.13,0.13,0.13,6948
SMX,20140804,4.09,4.15,4.06,4.13,51169
SNC,20140804,0.99,0.99,0.985,0.985,21800
SND,20140804,0.93,0.93,0.93,0.93,10600
SOC,20140804,0.031,0.031,0.028,0.03,2226396
SOL,20140804,15.05,15.05,14.81,14.92,9691
SOM,20140804,1.67,1.69,1.65,1.69,31835
SPI,20140804,0.016,0.018,0.016,0.017,4903667
SPL,20140804,0.73,0.765,0.715,0.715,971075
SPN,20140804,1.35,1.36,1.345,1.355,2779278
SPO,20140804,1.84,1.855,1.825,1.845,1254270
SPX,20140804,0.046,0.046,0.046,0.046,20000
SRI,20140804,0.061,0.064,0.06,0.063,1608640
SRK,20140804,0.071,0.072,0.06,0.06,221898
SRQ,20140804,0.007,0.007,0.007,0.007,4960316
SRR,20140804,0.005,0.005,0.005,0.005,195794
SRV,20140804,5.02,5.02,5,5.02,3759
SRX,20140804,18.5,18.53,18.32,18.35,110279
SRZ,20140804,0.042,0.042,0.042,0.042,80000
SSM,20140804,0.2,0.2,0.2,0.2,100000
SSN,20140804,0.022,0.022,0.021,0.021,231000
STB,20140804,0.22,0.27,0.22,0.255,648928
STO,20140804,14.25,14.28,14.07,14.12,1444643
STS,20140804,0.62,0.63,0.62,0.62,48816
STW,20140804,51.53,51.62,51.4,51.54,65793
STX,20140804,0.115,0.115,0.11,0.11,749235
SUD,20140804,0.05,0.051,0.05,0.05,664000
SUH,20140804,0.067,0.067,0.067,0.067,200000
SUL,20140804,9.31,9.38,9.26,9.27,256211
SUM,20140804,0.055,0.055,0.055,0.055,12500
SUN,20140804,14.16,14.16,14.03,14.09,1629269
SUR,20140804,0.014,0.014,0.013,0.014,500000
SVA,20140804,0.45,0.45,0.43,0.43,43263
SVM,20140804,0.35,0.35,0.335,0.34,304000
SVW,20140804,7.55,7.65,7.52,7.63,223381
SVY,20140804,0.61,0.63,0.61,0.615,126975
SWE,20140804,0.22,0.22,0.215,0.215,66300
SWK,20140804,0.28,0.28,0.275,0.275,118220
SWL,20140804,2.14,2.16,2.14,2.15,67536
SWM,20140804,1.98,2.01,1.96,2.01,1276235
SXA,20140804,0.29,0.295,0.29,0.295,83000
SXE,20140804,0.56,0.56,0.525,0.525,87229
SXG,20140804,0.01,0.011,0.01,0.011,253044
SXL,20140804,1.17,1.2,1.165,1.185,1318697
SXY,20140804,0.665,0.675,0.66,0.66,1578207
SYD,20140804,4.21,4.23,4.2,4.21,5514907
SYI,20140804,30.45,30.47,30.36,30.42,5694
SYR,20140804,5.37,5.37,5.12,5.22,607108
SZG,20140804,0.08,0.08,0.08,0.08,3000000
TAH,20140804,3.47,3.48,3.45,3.45,1193918
TAM,20140804,0.022,0.022,0.022,0.022,220200
TAN,20140804,0.44,0.445,0.435,0.435,409329
TAP,20140804,0.6,0.655,0.6,0.655,847067
TAS,20140804,0.033,0.033,0.033,0.033,21471
TAW,20140804,0.029,0.029,0.026,0.029,2255976
TBR,20140804,3.65,3.72,3.65,3.72,15700
TCL,20140804,7.68,7.69,7.64,7.65,2728959
TCM,20140804,0.08,0.08,0.07,0.07,123984
TCN,20140804,0.089,0.093,0.089,0.093,1253000
TCQ,20140804,0.25,0.25,0.25,0.25,19611
TDO,20140804,0.068,0.068,0.068,0.068,100000
TEL,20140804,2.58,2.61,2.56,2.6,881770
TEN,20140804,0.28,0.285,0.275,0.275,3225139
TEX,20140804,0.043,0.043,0.043,0.043,5000
TFC,20140804,1.69,1.695,1.635,1.675,503642
TGA,20140804,2.28,2.29,2.27,2.28,279513
TGG,20140804,1.34,1.345,1.335,1.34,205529
TGN,20140804,0.045,0.045,0.045,0.045,11428
TGP,20140804,0.84,0.84,0.832,0.84,5168
TGR,20140804,3.97,4.02,3.97,4.01,286139
TGS,20140804,0.315,0.32,0.31,0.315,3196677
TGZ,20140804,0.72,0.72,0.715,0.715,60500
THR,20140804,0.003,0.003,0.002,0.002,2752119
THX,20140804,0.19,0.205,0.19,0.19,2103592
TIG,20140804,0.15,0.15,0.145,0.145,255407
TIS,20140804,0.29,0.29,0.285,0.285,32400
TIX,20140804,2.23,2.26,2.23,2.26,259538
TLG,20140804,0.37,0.395,0.365,0.385,329061
TLM,20140804,0.17,0.17,0.155,0.16,166992
TLS,20140804,5.42,5.46,5.41,5.43,12950598
TLU,20140804,0.045,0.045,0.045,0.045,70000
TME,20140804,3.15,3.16,3.1,3.11,461460
TMK,20140804,0.013,0.013,0.013,0.013,10500
TNE,20140804,2.9,2.95,2.89,2.89,244409
TNG,20140804,0.195,0.202,0.19,0.195,1415057
TNP,20140804,0.007,0.007,0.007,0.007,300000
TNR,20140804,0.006,0.006,0.006,0.006,1120691
TOE,20140804,0.06,0.061,0.06,0.06,424000
TOF,20140804,2,2,1.99,1.99,136276
TOL,20140804,5.32,5.37,5.32,5.35,1239564
TON,20140804,0.555,0.595,0.455,0.455,25844689
TOP,20140804,0.455,0.455,0.455,0.455,10405
TOX,20140804,3.24,3.25,3.22,3.24,103058
TPD,20140804,0.019,0.019,0.018,0.018,92690
TPI,20140804,1.095,1.095,1.08,1.085,2997702
TPM,20140804,5.4,5.45,5.39,5.41,735910
TPN,20140804,2.28,2.32,2.28,2.3,47530
TPP,20140804,0.077,0.077,0.074,0.074,178961
TPR,20140804,0.145,0.145,0.145,0.145,82631
TRF,20140804,0.055,0.055,0.052,0.052,455175
TRG,20140804,9.6,9.695,9.6,9.67,5044
TRO,20140804,0.06,0.06,0.06,0.06,108250
TRS,20140804,9.5,9.56,9.45,9.49,93860
TRY,20140804,0.805,0.835,0.78,0.805,2377174
TSE,20140804,1.315,1.33,1.302,1.33,1178208
TSM,20140804,0.36,0.36,0.36,0.36,17234
TSN,20140804,0.008,0.008,0.007,0.008,2453781
TTA,20140804,0.051,0.051,0.051,0.051,161397
TTE,20140804,0.013,0.013,0.012,0.012,1490002
TTI,20140804,0.056,0.057,0.055,0.055,583000
TTN,20140804,2.01,2.09,2.01,2.04,27222
TTS,20140804,3.47,3.51,3.47,3.5,1565061
TUP,20140804,3.29,3.35,3.2,3.35,103000
TWD,20140804,3.59,3.59,3.59,3.59,1000
TWE,20140804,5.18,5.18,5.12,5.15,2491420
TYK,20140804,0.003,0.003,0.003,0.003,3480000
TZN,20140804,0.047,0.051,0.045,0.051,395714
UBI,20140804,0.18,0.185,0.175,0.175,73749
UEQ,20140804,0.011,0.011,0.011,0.011,1127289
UGL,20140804,6.82,6.89,6.79,6.89,516820
UML,20140804,0.01,0.01,0.01,0.01,474400
UNS,20140804,0.455,0.455,0.42,0.43,1374879
UNV,20140804,0.12,0.135,0.12,0.135,278195
UNX,20140804,0.2,0.205,0.192,0.195,1098275
UOS,20140804,0.52,0.52,0.52,0.52,40000
URF,20140804,1.82,1.82,1.82,1.82,5640
USD,20140804,10.58,10.58,10.56,10.56,48285
UXC,20140804,0.81,0.84,0.79,0.795,212536
VAF,20140804,48.82,48.82,48.72,48.72,2710
VAH,20140804,0.4,0.41,0.4,0.41,452605
VAP,20140804,63.98,64.34,63.88,64.09,12090
VAR,20140804,0.04,0.04,0.04,0.04,70641
VAS,20140804,70.54,70.54,70.2,70.33,25410
VED,20140804,2.08,2.1,2.06,2.07,1054965
VEI,20140804,0.79,0.79,0.755,0.77,121365
VET,20140804,3.11,3.17,3.08,3.09,401871
VEU,20140804,55.61,55.61,55.21,55.25,14742
VGB,20140804,47.25,47.25,47.24,47.24,667
VGE,20140804,53.1,53.14,53.06,53.12,3448
VHL,20140804,0.007,0.007,0.006,0.006,13489822
VHY,20140804,67.25,67.25,66.93,67.21,12897
VIC,20140804,0.004,0.004,0.004,0.004,1050000
VKA,20140804,0.04,0.04,0.04,0.04,30347
VLA,20140804,0.28,0.28,0.27,0.28,25400
VLC,20140804,62.82,62.85,62.75,62.82,6524
VLW,20140804,2.24,2.24,2.19,2.22,21011
VMC,20140804,0.2,0.2,0.19,0.19,286693
VMG,20140804,0.01,0.01,0.009,0.009,4205000
VML,20140804,0.04,0.04,0.04,0.04,29662
VMS,20140804,0.11,0.11,0.11,0.11,242410
VMT,20140804,0.043,0.043,0.042,0.042,910122
VOC,20140804,5.1,5.1,5,5.02,55547
VRL,20140804,7.63,7.73,7.53,7.56,157496
VRT,20140804,7.77,7.8,7.72,7.72,134066
VRX,20140804,0.06,0.072,0.058,0.069,1222316
VSC,20140804,1.63,1.68,1.63,1.675,7056
VSO,20140804,45.64,45.64,45.55,45.55,234
VTG,20140804,0.815,0.82,0.815,0.82,56623
VTS,20140804,107.45,107.45,106.86,107.21,12615
VXL,20140804,0.465,0.495,0.46,0.465,587242
VXR,20140804,0.009,0.009,0.009,0.009,31250
WAA,20140804,1.335,1.335,1.325,1.335,49333
WAF,20140804,0.125,0.125,0.125,0.125,77791
WAM,20140804,2.01,2.02,2.01,2.01,235499
WAT,20140804,1.2,1.2,1.2,1.2,1000
WAX,20140804,1.145,1.15,1.135,1.15,110534
WBA,20140804,1.2,1.2,1.16,1.16,12200
WBB,20140804,5.6,5.69,5.56,5.69,7737
WBC,20140804,34,34,33.75,33.85,3309129
WCB,20140804,8.15,8.15,7.75,7.75,112
WCL,20140804,0.395,0.4,0.395,0.4,125900
WCN,20140804,0.016,0.017,0.015,0.015,9518732
WDR,20140804,0.245,0.25,0.245,0.245,465335
WDS,20140804,0.87,0.885,0.86,0.865,84771
WEB,20140804,2.85,2.96,2.85,2.96,133028
WEC,20140804,0.175,0.175,0.175,0.175,500
WEG,20140804,0.014,0.014,0.013,0.013,471814
WES,20140804,43.11,43.5,43.09,43.35,871182
WFD,20140804,7.3,7.36,7.29,7.33,3215640
WFE,20140804,0.006,0.006,0.005,0.005,3644000
WHC,20140804,1.68,1.7,1.67,1.7,1291508
WHE,20140804,0.008,0.008,0.007,0.007,139200
WHF,20140804,4.2,4.2,4.17,4.17,33440
WHN,20140804,0.012,0.013,0.012,0.013,274200
WIC,20140804,1.305,1.31,1.295,1.295,181648
WIN,20140804,0.275,0.275,0.265,0.265,35000
WKT,20140804,0.006,0.006,0.005,0.005,275000
WLF,20140804,0.29,0.29,0.29,0.29,15000
WLL,20140804,3.08,3.08,3,3,6340
WLR,20140804,0.003,0.003,0.003,0.003,85000
WMK,20140804,1.05,1.055,1.045,1.055,99000
WMN,20140804,0.245,0.265,0.245,0.265,359233
WOF,20140804,0.048,0.051,0.048,0.051,59000
WOR,20140804,17.65,17.69,17.46,17.57,342328
WOW,20140804,36.46,36.62,36.35,36.49,1006469
WPG,20140804,0.047,0.047,0.047,0.047,25000
WPL,20140804,41.95,42.05,41.51,41.93,1853566
WRG,20140804,0.003,0.003,0.002,0.002,1076698
WRR,20140804,0.185,0.185,0.165,0.175,50518
WSA,20140804,4.9,4.98,4.88,4.91,848343
WSR,20140804,0.039,0.039,0.038,0.038,660711
WTF,20140804,3.31,3.32,3.3,3.3,620876
WTP,20140804,0.855,0.875,0.855,0.87,66787
WTR,20140804,0.04,0.04,0.031,0.031,50000
WVL,20140804,0.016,0.016,0.015,0.015,543094
XAM,20140804,0.077,0.077,0.07,0.07,140000
XRF,20140804,0.205,0.215,0.205,0.215,100000
XRO,20140804,22.31,22.31,22.16,22.23,14796
YAL,20140804,0.32,0.32,0.32,0.32,16309
YBR,20140804,0.7,0.7,0.69,0.69,63882
YOW,20140804,0.7,0.7,0.7,0.7,71035
YRR,20140804,0.015,0.019,0.015,0.019,20632254
ZGL,20140804,0.195,0.2,0.195,0.2,264000
ZIM,20140804,8.95,8.95,8.75,8.95,1327
ZNC,20140804,0.11,0.11,0.11,0.11,3514
ZNZ,20140804,3.5,3.5,3.5,3.5,140014
ZRL,20140804,0.13,0.13,0.13,0.13,400
XAF,20140804,5661.1,5656.3,5628.2,5644.3,0
XAO,20140804,5547.6,5544.6,5517.3,5533.3,0
XAT,20140804,5515.5,5511.5,5484,5500.4,0
XDJ,20140804,1830.3,1830.3,1816.2,1820.3,0
XEC,20140804,1134.3,1139,1132,1138.1,0
XEJ,20140804,14469.4,14469.4,14326.6,14381.7,0
XFJ,20140804,6215,6214.1,6177.5,6193.3,0
XFL,20140804,5726.3,5721.7,5693.3,5709.4,0
XGD,20140804,2329.7,2357.9,2328.6,2334.1,0
XHJ,20140804,14186,14205,14056.4,14078.7,0
XIJ,20140804,822.8,822.8,814.8,818.4,0
XJO,20140804,5556.4,5556.4,5524.6,5540.9,0
XJR,20140804,4281.9,4274.8,4247.3,4272,0
XKO,20140804,5499.4,5495.6,5468.6,5484.6,0
XMD,20140804,4651.8,4657.1,4630,4652.1,0
XMJ,20140804,10318.7,10318.8,10246.4,10312.5,0
XMM,20140804,3372.5,3373.2,3348.2,3370.9,0
XNJ,20140804,4123.7,4127.7,4100.8,4114.4,0
XPJ,20140804,1103,1110.7,1100.7,1107.1,0
XSJ,20140804,10078.5,10124.6,10041.3,10098,0
XSO,20140804,2205.6,2205.7,2193.3,2198.1,0
XTJ,20140804,1890.4,1896.7,1880,1886.7,0
XTL,20140804,3502.1,3498.7,3480.5,3490.6,0
XTO,20140804,4620.9,4617.5,4594.8,4608.7,0
XUJ,20140804,5900.2,5904.6,5875.7,5892.7,0
XXJ,20140804,7316.5,7316.5,7265.9,7282.1,0
