AAA,20140312,50.12,50.14,50.12,50.14,9971
AAC,20140312,1.3,1.3,1.285,1.29,437848
AAD,20140312,2.46,2.48,2.43,2.46,2085516
AAK,20140312,0.001,0.001,0.001,0.001,1250000
AAR,20140312,0.017,0.017,0.013,0.013,734720
AAX,20140312,0.6,0.61,0.595,0.6,181049
ABC,20140312,4.26,4.26,4.2,4.24,1263604
ABP,20140312,2.33,2.33,2.3,2.33,357087
ABU,20140312,0.026,0.027,0.026,0.027,1340958
ABW,20140312,1.07,1.075,1.07,1.075,165000
ABY,20140312,0.325,0.335,0.32,0.32,38634
ABZ,20140312,0.24,0.24,0.235,0.235,181171
ACB,20140312,0.063,0.065,0.063,0.065,68246
ACG,20140312,0.125,0.125,0.11,0.125,1393268
ACJ,20140312,0.005,0.005,0.004,0.004,330000
ACL,20140312,0.575,0.58,0.575,0.575,102178
ACR,20140312,1.945,1.975,1.845,1.86,1985158
ACW,20140312,0.025,0.025,0.025,0.025,400000
ADJ,20140312,0.094,0.094,0.092,0.092,996356
ADN,20140312,0.064,0.064,0.061,0.061,578130
ADO,20140312,0.25,0.265,0.245,0.25,10343343
ADQ,20140312,0.01,0.01,0.01,0.01,2577724
ADX,20140312,0.014,0.014,0.014,0.014,64800
ADY,20140312,0.014,0.014,0.014,0.014,601360
AEE,20140312,0.048,0.048,0.046,0.046,160000
AEH,20140312,1.96,1.96,1.96,1.96,6936
AEM,20140312,0.013,0.013,0.013,0.013,76923
AEU,20140312,1.63,1.64,1.615,1.63,160415
AFA,20140312,0.235,0.235,0.235,0.235,12275
AFI,20140312,6.02,6.02,6,6,258748
AFJ,20140312,1.35,1.45,1.345,1.44,1222715
AFR,20140312,0.088,0.093,0.087,0.093,105000
AGE,20140312,0.055,0.055,0.051,0.051,660524
AGF,20140312,0.765,0.77,0.762,0.77,945460
AGI,20140312,4.35,4.36,4.24,4.34,351081
AGK,20140312,15.29,15.3,15,15.18,1967827
AGO,20140312,0.915,0.935,0.905,0.92,11191706
AGR,20140312,0.07,0.07,0.058,0.065,183997
AGS,20140312,0.24,0.26,0.235,0.25,1668344
AGX,20140312,0.016,0.016,0.016,0.016,13500
AGY,20140312,0.031,0.031,0.031,0.031,6455
AHD,20140312,8.44,8.5,8.37,8.5,20958
AHE,20140312,3.69,3.7,3.59,3.61,601673
AHN,20140312,0.035,0.035,0.035,0.035,60000
AHZ,20140312,0.155,0.157,0.15,0.15,1570159
AIA,20140312,3.63,3.69,3.6,3.68,70110
AIO,20140312,5.56,5.56,5.445,5.53,3256107
AIQ,20140312,0.17,0.17,0.17,0.17,6000
AIR,20140312,0.125,0.125,0.125,0.125,5000
AIV,20140312,0.016,0.017,0.016,0.017,800000
AIX,20140312,0.006,0.006,0.006,0.006,120903
AIZ,20140312,1.705,1.725,1.705,1.725,30558
AJA,20140312,3.93,3.95,3.91,3.94,26964
AJC,20140312,0.01,0.01,0.01,0.01,50000
AJD,20140312,1.06,1.07,1.06,1.07,81290
AJL,20140312,0.95,0.975,0.935,0.975,39209
AJM,20140312,0.195,0.2,0.195,0.2,194229
AJQ,20140312,0.185,0.185,0.185,0.185,55405
AJR,20140312,0.003,0.003,0.003,0.003,400000
AJX,20140312,0.165,0.165,0.15,0.15,505016
AKA,20140312,0.105,0.105,0.1,0.1,142500
AKG,20140312,0.96,0.96,0.96,0.96,1000
AKK,20140312,0.011,0.011,0.011,0.011,3238371
AKM,20140312,0.038,0.038,0.036,0.036,281332
AKP,20140312,3.35,3.35,3.3,3.35,11500
ALA,20140312,0.24,0.24,0.235,0.24,168750
ALF,20140312,1.715,1.735,1.71,1.73,638317
ALK,20140312,0.345,0.37,0.345,0.35,418819
ALL,20140312,5.18,5.18,5.02,5.13,2363639
ALQ,20140312,7.25,7.3,7.18,7.26,1159680
ALR,20140312,1.32,1.36,1.32,1.325,25960
ALT,20140312,0.025,0.026,0.025,0.026,696785
ALU,20140312,2.45,2.45,2.37,2.37,57497
ALY,20140312,0.023,0.023,0.023,0.023,100000
ALZ,20140312,3.93,3.93,3.865,3.88,1304188
AMA,20140312,0.24,0.245,0.24,0.24,191100
AMC,20140312,10.27,10.32,10.16,10.2,3488740
AMH,20140312,0.925,0.925,0.91,0.925,164400
AMM,20140312,2.14,2.14,2.1,2.11,380424
AMP,20140312,4.98,4.98,4.9,4.95,6799957
AMX,20140312,0.205,0.21,0.205,0.21,959403
ANB,20140312,0.125,0.125,0.12,0.12,22000
ANG,20140312,2.39,2.4,2.35,2.38,100626
ANI,20140312,2.01,2.02,2,2,207506
ANN,20140312,18.86,18.96,18.78,18.91,709916
ANO,20140312,0.01,0.01,0.01,0.01,204600
ANP,20140312,0.16,0.16,0.15,0.16,510000
ANQ,20140312,0.007,0.008,0.007,0.008,343277
ANW,20140312,0.009,0.01,0.009,0.01,250000
ANZ,20140312,32.14,32.2,31.825,32.18,4733338
AOC,20140312,0.13,0.13,0.13,0.13,53939
AOD,20140312,1.015,1.02,1.01,1.02,247922
AOG,20140312,2,2.03,1.967,1.97,1256125
AOH,20140312,0.16,0.16,0.15,0.15,4660260
AOK,20140312,0.165,0.17,0.165,0.165,178441
AOM,20140312,0.025,0.025,0.025,0.025,856264
AON,20140312,0.018,0.019,0.018,0.019,221886
AOP,20140312,0.06,0.06,0.06,0.06,135000
APA,20140312,6.61,6.61,6.55,6.56,2232849
APD,20140312,0.29,0.29,0.29,0.29,41000
APE,20140312,5.15,5.2,5.15,5.2,111484
APG,20140312,0.023,0.023,0.022,0.022,656363
API,20140312,0.585,0.585,0.57,0.57,303831
APN,20140312,0.6,0.61,0.585,0.59,1382415
APW,20140312,0.08,0.082,0.08,0.082,3285829
APZ,20140312,1.245,1.265,1.24,1.255,31648
AQA,20140312,2.5,2.5,2.36,2.4,551231
AQC,20140312,0.007,0.007,0.007,0.007,3692347
AQD,20140312,0.013,0.013,0.013,0.013,200000
AQG,20140312,3.13,3.18,3.1,3.18,1276398
AQO,20140312,0.185,0.185,0.18,0.18,475500
AQP,20140312,0.695,0.71,0.69,0.69,59380
AQQ,20140312,0.02,0.02,0.02,0.02,50000
AQR,20140312,0.15,0.15,0.14,0.14,22820
AQZ,20140312,1.25,1.25,1.25,1.25,12571
ARA,20140312,0.335,0.335,0.335,0.335,400
ARD,20140312,0.04,0.04,0.04,0.04,21006
ARE,20140312,0.025,0.025,0.025,0.025,15500
ARF,20140312,1.17,1.185,1.16,1.17,244039
ARG,20140312,7.25,7.26,7.23,7.25,98280
ARH,20140312,0.031,0.031,0.031,0.031,66000
ARI,20140312,1.34,1.36,1.31,1.325,11211989
ARM,20140312,0.056,0.056,0.056,0.056,23000
ARP,20140312,12.73,12.73,12.34,12.53,89436
ARU,20140312,0.086,0.086,0.086,0.086,221325
ARV,20140312,0.004,0.004,0.004,0.004,2125000
ARW,20140312,0.41,0.41,0.41,0.41,1270
ARX,20140312,0.006,0.006,0.006,0.006,54923
ASB,20140312,0.885,0.885,0.875,0.88,122539
ASL,20140312,0.895,0.905,0.867,0.87,3660358
ASX,20140312,36.53,36.6,36.29,36.51,541089
ASZ,20140312,0.395,0.395,0.385,0.385,155601
ATP,20140312,0.062,0.062,0.06,0.06,336700
ATR,20140312,1.05,1.06,1.05,1.06,20000
ATU,20140312,1.85,1.855,1.77,1.77,54355
ATV,20140312,0.033,0.033,0.033,0.033,100000
AUB,20140312,10.99,11,10.63,10.88,53138
AUC,20140312,0.07,0.07,0.07,0.07,86752
AUF,20140312,1.075,1.075,1.075,1.075,25119
AUI,20140312,7.95,8,7.81,8,10235
AUT,20140312,4.15,4.15,4.13,4.13,2280140
AUZ,20140312,0.006,0.006,0.006,0.006,909407
AVA,20140312,0.16,0.16,0.155,0.155,700000
AVB,20140312,0.064,0.066,0.063,0.064,1779284
AVG,20140312,0.32,0.325,0.32,0.32,295901
AVH,20140312,0.12,0.13,0.12,0.12,241100
AVJ,20140312,0.575,0.575,0.575,0.575,3925
AVK,20140312,0.016,0.016,0.016,0.016,20000
AVQ,20140312,0.014,0.014,0.014,0.014,329646
AVX,20140312,0.015,0.016,0.015,0.016,163532
AVZ,20140312,0.007,0.007,0.007,0.007,228451
AWC,20140312,1.17,1.205,1.14,1.195,16383261
AWD,20140312,0.002,0.002,0.002,0.002,2810000
AWE,20140312,1.475,1.485,1.43,1.465,1649268
AWI,20140312,0.325,0.325,0.3,0.31,294661
AWN,20140312,0.81,0.81,0.81,0.81,50000
AWV,20140312,0.039,0.045,0.039,0.045,432000
AXC,20140312,0.005,0.005,0.005,0.005,200000
AXE,20140312,0.16,0.17,0.16,0.17,63000
AXI,20140312,0.032,0.035,0.032,0.035,594808
AXT,20140312,0.017,0.017,0.017,0.017,30000
AXZ,20140312,1.25,1.25,1.25,1.25,5000
AYA,20140312,0.455,0.455,0.455,0.455,1000
AYD,20140312,101.37,101.37,101.37,101.37,225
AYG,20140312,0.004,0.004,0.004,0.004,30800
AYJ,20140312,101.03,101.03,101.03,101.03,70
AYK,20140312,100.08,100.08,100.08,100.08,700
AZJ,20140312,5.2,5.21,5.1,5.14,4220844
AZK,20140312,0.038,0.038,0.038,0.038,8107
AZM,20140312,0.051,0.055,0.05,0.053,1048857
AZS,20140312,0.035,0.035,0.031,0.034,1711029
AZV,20140312,0.3,0.3,0.285,0.3,218445
AZY,20140312,0.029,0.029,0.029,0.029,17931
AZZ,20140312,0.43,0.445,0.43,0.445,942346
BAB,20140312,0.058,0.058,0.057,0.057,28360
BAR,20140312,0.006,0.006,0.006,0.006,200000
BAU,20140312,0.13,0.135,0.13,0.135,271863
BBG,20140312,0.58,0.59,0.565,0.575,1269023
BBR,20140312,0.25,0.25,0.25,0.25,50000
BCI,20140312,4.55,4.72,4.46,4.72,1122113
BCK,20140312,0.058,0.058,0.058,0.058,155000
BCN,20140312,0.006,0.006,0.005,0.005,7170202
BCT,20140312,0.081,0.081,0.08,0.08,160000
BDR,20140312,0.72,0.76,0.72,0.745,7887773
BEAR,20140312,18.11,18.27,18.11,18.17,152217
BEL,20140312,0.15,0.15,0.15,0.15,10000
BEN,20140312,11.25,11.25,11.105,11.18,796525
BGA,20140312,5.45,5.59,5.45,5.5,123319
BGG,20140312,0.155,0.165,0.155,0.165,112500
BGL,20140312,0.94,0.94,0.89,0.895,621466
BGS,20140312,0.016,0.017,0.016,0.017,1202370
BHP,20140312,35.74,36.03,35.455,35.99,7202803
BIT,20140312,0.145,0.15,0.135,0.135,2613259
BKI,20140312,1.6,1.61,1.6,1.6,213836
BKL,20140312,25.3,25.3,24.75,24.85,1269
BKN,20140312,4.29,4.38,4.235,4.28,967689
BKP,20140312,0.003,0.003,0.003,0.003,3297947
BKW,20140312,14.12,14.39,14.075,14.2,77468
BKY,20140312,0.32,0.325,0.315,0.325,43123
BLA,20140312,2.14,2.14,2.14,2.14,1100
BLD,20140312,5.8,5.82,5.68,5.79,3194641
BLG,20140312,0.17,0.18,0.165,0.165,245382
BLT,20140312,1.96,1.97,1.87,1.9,341476
BLY,20140312,0.275,0.282,0.27,0.27,1857141
BMB,20140312,0.12,0.12,0.12,0.12,800000
BMG,20140312,0.003,0.003,0.003,0.003,20000
BML,20140312,0.012,0.014,0.009,0.009,10557496
BMN,20140312,0.115,0.115,0.11,0.115,300849
BND,20140312,0.12,0.125,0.12,0.12,795007
BNE,20140312,0.024,0.025,0.024,0.024,1746045
BNO,20140312,0.715,0.75,0.705,0.745,217220
BNR,20140312,0.015,0.015,0.015,0.015,12117
BOA,20140312,0.22,0.22,0.19,0.19,75000
BOC,20140312,0.54,0.565,0.54,0.54,20799
BOE,20140312,0.014,0.015,0.014,0.015,384330
BOL,20140312,0.165,0.165,0.16,0.16,822024
BOQ,20140312,12.56,12.62,12.38,12.47,1171101
BPF,20140312,0.4,0.4,0.39,0.39,15000
BPG,20140312,0.002,0.002,0.002,0.002,200000
BPH,20140312,0.011,0.011,0.011,0.011,400000
BPO,20140312,0.003,0.004,0.003,0.003,12130575
BPT,20140312,1.66,1.665,1.625,1.66,5344561
BRC,20140312,0.23,0.24,0.2,0.24,80750
BRD,20140312,0.001,0.001,0.001,0.001,100000
BRG,20140312,9.82,9.85,9.4,9.53,220850
BRL,20140312,0.074,0.076,0.072,0.076,582054
BRU,20140312,1.39,1.39,1.37,1.385,587177
BSA,20140312,0.125,0.125,0.12,0.12,24040
BSE,20140312,0.465,0.465,0.45,0.46,144925
BSL,20140312,6.07,6.275,5.98,6.19,4575108
BSM,20140312,0.004,0.004,0.004,0.004,151274
BSN,20140312,0.007,0.007,0.007,0.007,100000
BSR,20140312,0.009,0.009,0.009,0.009,284089
BTR,20140312,0.165,0.165,0.16,0.16,194990
BTT,20140312,6.69,6.9,6.67,6.9,303239
BUE,20140312,0.008,0.008,0.008,0.008,935118
BUL,20140312,0.058,0.063,0.057,0.057,468132
BUR,20140312,0.014,0.014,0.014,0.014,715761
BUX,20140312,0.235,0.235,0.22,0.22,109466
BUY,20140312,0.013,0.014,0.013,0.014,100100
BWF,20140312,0.32,0.32,0.31,0.31,21448
BWP,20140312,2.35,2.36,2.33,2.33,895755
BXB,20140312,9.64,9.64,9.395,9.47,3861753
BYE,20140312,0.87,0.88,0.87,0.87,13694
BYI,20140312,1.49,1.49,1.49,1.49,7500
BYL,20140312,0.395,0.4,0.39,0.395,119781
CAA,20140312,0.145,0.15,0.14,0.14,563161
CAB,20140312,4.24,4.29,4.205,4.21,413508
CAF,20140312,0.335,0.335,0.33,0.33,271721
CAJ,20140312,0.525,0.53,0.52,0.53,646791
CAM,20140312,1.04,1.045,1.025,1.025,84893
CAP,20140312,0.11,0.12,0.11,0.11,35678
CAQ,20140312,0.084,0.084,0.084,0.084,31287
CAS,20140312,0.29,0.29,0.285,0.285,43643
CAV,20140312,0.018,0.018,0.018,0.018,20000
CAZ,20140312,0.08,0.08,0.08,0.08,5000
CBA,20140312,75.78,76.2,75.4,75.75,2776168
CBQ,20140312,0.005,0.005,0.005,0.005,137500
CBS,20140312,0.023,0.023,0.023,0.023,200000
CBX,20140312,0.019,0.019,0.019,0.019,800
CCF,20140312,0.023,0.023,0.023,0.023,60000
CCL,20140312,11.3,11.32,11.21,11.25,3923023
CCP,20140312,9.05,9.05,8.86,8.93,168961
CCU,20140312,0.054,0.054,0.051,0.051,1039829
CCV,20140312,0.975,1.03,0.975,1.01,1138728
CCZ,20140312,0.004,0.005,0.004,0.005,751000
CDA,20140312,0.72,0.73,0.72,0.72,81397
CDB,20140312,0.005,0.005,0.005,0.005,10015667
CDD,20140312,6.47,6.48,6.3,6.4,247898
CDI,20140312,2.59,2.62,2.55,2.62,146554
CDM,20140312,1.485,1.49,1.465,1.48,127832
CDP,20140312,5.88,5.88,5.75,5.75,1009
CDU,20140312,1.58,1.59,1.545,1.57,377450
CDY,20140312,0.031,0.031,0.03,0.03,514938
CEL,20140312,0.115,0.125,0.112,0.12,3851459
CFE,20140312,0.105,0.105,0.1,0.105,689116
CFU,20140312,0.044,0.045,0.039,0.039,11606490
CGF,20140312,6.47,6.5,6.385,6.42,1647579
CGH,20140312,0.5,0.51,0.5,0.51,39752
CGN,20140312,0.077,0.077,0.077,0.077,200
CGO,20140312,0.76,0.8,0.76,0.8,491176
CGR,20140312,0.24,0.25,0.24,0.25,15311
CGS,20140312,0.35,0.35,0.35,0.35,24582
CHC,20140312,4.09,4.1,4.06,4.1,492066
CHN,20140312,0.155,0.155,0.155,0.155,364091
CHZ,20140312,0.13,0.135,0.13,0.13,219333
CIN,20140312,25.2,25.5,25.15,25.5,4700
CIX,20140312,0.325,0.33,0.325,0.33,1440993
CKA,20140312,0.175,0.18,0.17,0.18,171820
CKF,20140312,1.96,1.985,1.96,1.975,43989
CKK,20140312,0.005,0.005,0.005,0.005,187000
CKL,20140312,0.7,0.7,0.7,0.7,1500
CLA,20140312,0.009,0.009,0.009,0.009,2150
CLH,20140312,1.82,1.827,1.75,1.76,512506
CLQ,20140312,0.07,0.07,0.07,0.07,50000
CLV,20140312,0.55,0.55,0.545,0.545,40250
CLX,20140312,2.29,2.3,2.29,2.29,11323
CLZ,20140312,0.061,0.061,0.06,0.06,246964
CMG,20140312,0.41,0.41,0.4,0.41,1171446
CMI,20140312,1.42,1.42,1.41,1.41,22857
CMP,20140312,0.074,0.075,0.074,0.075,30000
CMT,20140312,0.13,0.135,0.13,0.135,23920
CMW,20140312,1.01,1.015,1,1.01,4785176
CND,20140312,0.195,0.205,0.195,0.205,190825
CNI,20140312,0.82,0.82,0.82,0.82,6854
CNU,20140312,1.495,1.55,1.49,1.53,466206
CNX,20140312,0.017,0.017,0.017,0.017,276000
COE,20140312,0.54,0.555,0.52,0.55,188243
COF,20140312,0.255,0.27,0.25,0.27,460808
COH,20140312,57.42,57.62,57.07,57.57,206011
COI,20140312,0.16,0.16,0.16,0.16,1357450
COK,20140312,0.034,0.037,0.034,0.034,3869092
COO,20140312,0.13,0.13,0.13,0.13,40550
COY,20140312,0.021,0.021,0.021,0.021,533907
CPL,20140312,0.25,0.26,0.25,0.255,211879
CPU,20140312,12.22,12.3,12.075,12.13,2887397
CQR,20140312,3.63,3.64,3.595,3.64,850220
CRH,20140312,0.275,0.3,0.27,0.29,1017959
CRZ,20140312,11.67,11.71,11.25,11.54,1164425
CSD,20140312,0.068,0.07,0.068,0.07,91000
CSE,20140312,0.185,0.19,0.18,0.19,66519
CSL,20140312,72.3,72.65,72.03,72.5,737708
CSR,20140312,3.26,3.29,3.18,3.26,2169165
CSS,20140312,0.059,0.059,0.057,0.057,1083560
CSV,20140312,0.965,0.97,0.955,0.965,43907
CTD,20140312,6.25,6.25,6.05,6.18,173467
CTE,20140312,0.4,0.41,0.4,0.41,103938
CTM,20140312,0.15,0.15,0.15,0.15,64166
CTN,20140312,1.035,1.035,1.025,1.025,189316
CTO,20140312,0.045,0.046,0.045,0.046,140000
CTP,20140312,0.45,0.46,0.45,0.46,4093727
CTR,20140312,0.012,0.012,0.011,0.012,3408222
CTX,20140312,21.29,21.38,21,21.31,415784
CUE,20140312,0.13,0.13,0.125,0.125,263200
CUL,20140312,0.008,0.008,0.008,0.008,1120000
CUP,20140312,1.77,1.78,1.77,1.78,71307
CUU,20140312,0.012,0.012,0.012,0.012,500000
CUV,20140312,1.575,1.6,1.575,1.6,27206
CVC,20140312,1.21,1.21,1.2,1.2,16510
CVG,20140312,0.013,0.014,0.013,0.014,2000000
CVN,20140312,0.074,0.081,0.074,0.077,10254761
CVO,20140312,2.19,2.2,2.17,2.18,367696
CVV,20140312,0.018,0.018,0.017,0.017,600000
CVW,20140312,0.73,0.73,0.72,0.72,25352
CWE,20140312,0.051,0.054,0.05,0.05,1249865
CWN,20140312,17.67,17.67,17.3,17.5,805347
CWP,20140312,7.57,7.58,7.4,7.5,88092
CXB,20140312,0.05,0.05,0.05,0.05,41000
CXM,20140312,0.125,0.13,0.125,0.13,64000
CXO,20140312,0.05,0.05,0.045,0.047,857741
CYA,20140312,0.875,0.875,0.865,0.865,30488
CYG,20140312,2.63,2.65,2.63,2.65,19751
CYO,20140312,0.008,0.008,0.008,0.008,598190
CYP,20140312,0.4,0.4,0.37,0.37,77500
CYU,20140312,0.029,0.03,0.029,0.03,192668
CZD,20140312,0.12,0.12,0.115,0.115,349795
CZN,20140312,0.013,0.013,0.013,0.013,50000
CZZ,20140312,5.85,5.85,5.68,5.68,6067
DCG,20140312,2.1,2.1,2.02,2.03,283807
DDR,20140312,1.35,1.35,1.35,1.35,5400
DDT,20140312,0.031,0.031,0.03,0.03,549000
DGA,20140312,1.75,1.75,1.75,1.75,200
DGH,20140312,0.73,0.73,0.73,0.73,21346
DGI,20140312,0.015,0.015,0.015,0.015,400000
DGX,20140312,0.036,0.036,0.036,0.036,21700
DIG,20140312,0.015,0.015,0.015,0.015,545670
DIV,20140312,20.7,20.82,20.66,20.66,3860
DJS,20140312,3.35,3.36,3.26,3.3,2238745
DJW,20140312,4.54,4.57,4.5,4.56,267407
DLC,20140312,0.009,0.009,0.008,0.009,246333
DLE,20140312,0.075,0.075,0.075,0.075,10000
DLS,20140312,1.63,1.635,1.56,1.595,1760594
DLX,20140312,5.29,5.43,5.24,5.41,4121601
DML,20140312,0.036,0.036,0.032,0.033,8344548
DMP,20140312,21.82,21.82,20.88,21.4,201808
DNA,20140312,1.39,1.39,1.33,1.345,1904478
DOW,20140312,4.89,4.95,4.855,4.94,1694241
DRK,20140312,0.014,0.014,0.014,0.014,182377
DRM,20140312,1,1.01,0.99,1.005,901787
DRX,20140312,0.015,0.016,0.015,0.015,78666
DSH,20140312,2.08,2.13,2.05,2.11,592838
DSN,20140312,0.015,0.015,0.014,0.014,240000
DTE,20140312,0.115,0.115,0.105,0.115,2312436
DTL,20140312,0.72,0.732,0.72,0.72,272628
DUE,20140312,2.06,2.07,2.05,2.05,7782043
DUI,20140312,3.52,3.55,3.51,3.53,28674
DVA,20140312,0.03,0.03,0.03,0.03,986114
DVI,20140312,0.026,0.026,0.023,0.025,1906809
DVL,20140312,0.44,0.44,0.44,0.44,1063507
DVN,20140312,0.67,0.68,0.645,0.645,104227
DWS,20140312,1.36,1.38,1.36,1.38,222257
DXS,20140312,1.06,1.065,1.055,1.065,18941346
DYE,20140312,0.26,0.265,0.26,0.265,186899
DYL,20140312,0.038,0.039,0.037,0.037,892947
EAL,20140312,0.66,0.66,0.645,0.66,54441
EAR,20140312,0.145,0.145,0.145,0.145,25000
EAS,20140312,0.86,0.86,0.86,0.86,600
EAX,20140312,3.06,3.06,3.03,3.03,28776
EBT,20140312,2.93,2.95,2.92,2.95,31798
EDE,20140312,0.013,0.013,0.013,0.013,600000
EEG,20140312,0.1,0.1,0.1,0.1,541799
EFE,20140312,0.069,0.069,0.067,0.068,135492
EGG,20140312,1.035,1.07,1.03,1.05,802050
EGN,20140312,0.155,0.155,0.15,0.15,77500
EGO,20140312,0.01,0.01,0.009,0.009,2719200
EGP,20140312,2.57,2.59,2.49,2.56,3325947
EHL,20140312,0.255,0.255,0.25,0.25,803684
ELD,20140312,0.115,0.115,0.11,0.11,1930447
ELK,20140312,0.15,0.15,0.15,0.15,33500
ELM,20140312,0.27,0.275,0.27,0.27,71000
ELT,20140312,0.015,0.015,0.015,0.015,35000
ELX,20140312,0.355,0.355,0.35,0.35,41100
EMA,20140312,0.045,0.045,0.043,0.043,264788
EML,20140312,0.78,0.78,0.76,0.765,1198289
EMX,20140312,0.021,0.021,0.021,0.021,274000
ENE,20140312,5.52,5.52,5.4,5.45,23836
ENR,20140312,0.23,0.23,0.23,0.23,1319
ENV,20140312,1.205,1.205,1.185,1.185,3475510
ENX,20140312,0.012,0.012,0.012,0.012,8667
EOS,20140312,0.43,0.43,0.43,0.43,5405
EPA,20140312,0.056,0.056,0.049,0.05,1605000
EPD,20140312,0.6,0.615,0.6,0.615,26200
EPW,20140312,2.47,2.53,2.45,2.51,410221
EPX,20140312,1.28,1.28,1.25,1.25,118056
EQE,20140312,0.009,0.009,0.009,0.009,58317
EQH,20140312,0.2,0.2,0.2,0.2,282538
EQT,20140312,23.44,23.44,23.43,23.44,377
EQX,20140312,0.525,0.525,0.525,0.525,10000
ERA,20140312,1.59,1.605,1.51,1.58,467505
ERD,20140312,0.022,0.022,0.022,0.022,100000
ERI,20140312,0.011,0.011,0.01,0.01,1084935
ERL,20140312,0.006,0.006,0.006,0.006,300000
ERM,20140312,0.038,0.039,0.038,0.039,567908
ESI,20140312,0.003,0.004,0.003,0.004,3710000
ESV,20140312,0.955,0.995,0.95,0.99,82660
ETE,20140312,0.042,0.042,0.04,0.041,1215000
EUM,20140312,0.095,0.095,0.09,0.09,2500
EVN,20140312,0.9,0.95,0.9,0.94,1998380
EVR,20140312,0.95,0.96,0.94,0.955,225187
EWC,20140312,0.285,0.295,0.28,0.28,2258067
EXE,20140312,0.014,0.014,0.014,0.014,50000
EXG,20140312,0.09,0.092,0.09,0.092,49518
EXR,20140312,0.006,0.006,0.006,0.006,200667
EYM,20140312,0.006,0.006,0.006,0.006,260000
EZL,20140312,1.245,1.245,1.235,1.235,9000
FAN,20140312,1.97,1.97,1.962,1.97,24952
FAR,20140312,0.056,0.056,0.053,0.054,9371214
FAS,20140312,0.008,0.008,0.007,0.007,10778077
FBU,20140312,9.04,9.1,9,9.05,618746
FCN,20140312,0.012,0.012,0.011,0.011,272523
FCR,20140312,0.033,0.033,0.033,0.033,355230
FDC,20140312,2.38,2.39,2.35,2.39,4025279
FEL,20140312,0.026,0.027,0.026,0.027,514379
FEO,20140312,0.045,0.045,0.044,0.044,572000
FFF,20140312,0.016,0.016,0.016,0.016,150000
FFI,20140312,3.91,3.91,3.91,3.91,2500
FGI,20140312,0.047,0.047,0.047,0.047,90000
FLN,20140312,1.69,1.72,1.67,1.7,516881
FLT,20140312,54.32,54.44,52.85,53.41,297927
FMG,20140312,4.86,4.99,4.85,4.97,35946049
FML,20140312,0.015,0.016,0.015,0.016,4812610
FMS,20140312,0.031,0.033,0.031,0.032,24990242
FND,20140312,0.17,0.17,0.17,0.17,115000
FNP,20140312,2.93,3.01,2.86,2.9,54545
FNT,20140312,0.007,0.007,0.007,0.007,10000
FOX,20140312,35.86,35.95,35.74,35.9,1638839
FOY,20140312,0.002,0.003,0.002,0.002,2053330
FPH,20140312,4.04,4.1,4.04,4.08,38750
FPS,20140312,1.6,1.6,1.59,1.59,165687
FRI,20140312,1.69,1.695,1.685,1.695,37946
FRM,20140312,0.105,0.105,0.105,0.105,23774
FRR,20140312,0.024,0.024,0.024,0.024,4564000
FSA,20140312,1.19,1.22,1.16,1.22,20335
FSF,20140312,5.5,5.59,5.5,5.5,41364
FTE,20140312,0.007,0.008,0.007,0.008,130000
FTZ,20140312,0.48,0.48,0.47,0.48,40700
FUN,20140312,0.13,0.13,0.125,0.125,138031
FWD,20140312,2.6,2.65,2.59,2.59,103858
FXJ,20140312,0.95,0.957,0.91,0.95,9127915
FXL,20140312,3.72,3.72,3.66,3.68,967394
FXR,20140312,0.007,0.007,0.007,0.007,450000
FZR,20140312,0.38,0.38,0.38,0.38,80000
GAP,20140312,0.255,0.255,0.255,0.255,15700
GBE,20140312,0.03,0.03,0.03,0.03,25000
GBG,20140312,0.085,0.085,0.066,0.07,27633179
GBT,20140312,3.36,3.45,3.35,3.45,40588
GBZ,20140312,0.03,0.03,0.026,0.026,524200
GCN,20140312,0.011,0.011,0.011,0.011,2637084
GCS,20140312,0.525,0.525,0.525,0.525,23059
GCY,20140312,0.14,0.14,0.14,0.14,6871
GDI,20140312,0.88,0.885,0.855,0.885,797527
GDY,20140312,0.076,0.076,0.075,0.075,102610
GED,20140312,0.013,0.013,0.013,0.013,50000
GEM,20140312,4.17,4.17,4.13,4.14,809718
GER,20140312,0.105,0.105,0.095,0.095,876236
GFF,20140312,0.63,0.635,0.63,0.63,3129540
GGE,20140312,0.012,0.013,0.012,0.013,786600
GGG,20140312,0.21,0.21,0.205,0.205,243214
GGX,20140312,0.029,0.029,0.029,0.029,60000
GHC,20140312,1.267,1.28,1.25,1.26,55231
GID,20140312,0.7,0.7,0.695,0.695,15860
GLA,20140312,0.006,0.006,0.006,0.006,80000
GLH,20140312,0.635,0.635,0.6,0.615,176541
GLM,20140312,0.004,0.004,0.004,0.004,2086337
GMD,20140312,0.023,0.025,0.023,0.025,162880
GME,20140312,0.035,0.035,0.035,0.035,3200
GMG,20140312,4.7,4.725,4.655,4.67,4842312
GMR,20140312,0.01,0.01,0.01,0.01,783216
GNC,20140312,8.4,8.45,8.35,8.45,1383584
GNG,20140312,0.65,0.65,0.65,0.65,50000
GNM,20140312,0.071,0.08,0.071,0.08,63213
GOLD,20140312,144.4,145.82,144.4,145.7,32513
GOR,20140312,0.185,0.19,0.18,0.19,477281
GOW,20140312,2.63,2.63,2.63,2.63,4600
GOZ,20140312,2.45,2.48,2.43,2.45,186235
GPG,20140312,0.64,0.64,0.64,0.64,11000
GPT,20140312,3.69,3.715,3.65,3.71,5014649
GRB,20140312,0.245,0.245,0.242,0.242,770183
GRF,20140312,1.63,1.63,1.63,1.63,26335
GRK,20140312,0.001,0.002,0.001,0.001,5293800
GRM,20140312,0.074,0.074,0.074,0.074,50825
GRR,20140312,0.26,0.275,0.25,0.26,1937327
GRY,20140312,0.175,0.185,0.17,0.185,1167768
GSE,20140312,0.003,0.003,0.003,0.003,500000
GTG,20140312,0.06,0.061,0.059,0.059,1310902
GUD,20140312,5.6,5.63,5.57,5.58,148842
GUF,20140312,0.088,0.092,0.088,0.09,717466
GUN,20140312,0.018,0.018,0.018,0.018,30000
GWA,20140312,2.88,2.91,2.81,2.87,617607
GWR,20140312,0.15,0.15,0.15,0.15,1150000
GXL,20140312,8.09,8.09,7.81,8.02,58831
HAO,20140312,0.3,0.3,0.3,0.3,18750
HAR,20140312,0.066,0.066,0.06,0.06,273124
HAS,20140312,0.05,0.05,0.05,0.05,95950
HAV,20140312,0.255,0.255,0.235,0.235,21600
HAZ,20140312,0.03,0.03,0.03,0.03,652863
HCH,20140312,0.42,0.42,0.42,0.42,651152
HDG,20140312,0.013,0.013,0.012,0.012,1050000
HDX,20140312,0.26,0.26,0.25,0.25,107500
HFA,20140312,1.07,1.07,1.06,1.06,317530
HFR,20140312,0.43,0.43,0.43,0.43,1250
HGG,20140312,4.61,4.61,4.56,4.56,6916671
HGO,20140312,0.088,0.088,0.086,0.087,75899
HHL,20140312,2.26,2.26,2.26,2.26,1000
HHV,20140312,1.08,1.085,1.08,1.085,61448
HHY,20140312,0.335,0.335,0.33,0.335,242774
HIG,20140312,0.072,0.072,0.072,0.072,221000
HIL,20140312,1.7,1.765,1.67,1.755,714311
HLO,20140312,0.37,0.37,0.37,0.37,13900
HLX,20140312,0.03,0.03,0.028,0.028,7500
HNG,20140312,0.51,0.52,0.51,0.52,15775
HNR,20140312,0.006,0.006,0.006,0.006,100010
HOG,20140312,0.031,0.031,0.031,0.031,2089
HOM,20140312,0.745,0.765,0.745,0.765,144560
HPI,20140312,2.1,2.11,2.09,2.09,196011
HRR,20140312,0.14,0.14,0.14,0.14,593700
HSK,20140312,0.1,0.1,0.096,0.096,684498
HSN,20140312,1.205,1.22,1.2,1.215,42080
HUB,20140312,1.01,1.07,1,1,157932
HVN,20140312,3.35,3.35,3.205,3.35,2752419
HZN,20140312,0.31,0.31,0.3,0.3,2032896
IAA,20140312,50.1,50.4,49.69,49.83,19470
IAF,20140312,101.07,101.37,101.07,101.37,110
IAG,20140312,5.41,5.425,5.35,5.41,7425346
IAU,20140312,0.26,0.265,0.255,0.26,1001491
IAW,20140312,0.055,0.055,0.05,0.05,150000
IBC,20140312,0.555,0.555,0.55,0.55,86995
IBG,20140312,0.058,0.058,0.057,0.058,632453
IBK,20140312,37.84,37.84,37.48,37.65,5138
IBY,20140312,0.55,0.552,0.53,0.535,2178810
ICG,20140312,0.036,0.038,0.029,0.029,12864977
ICN,20140312,0.155,0.16,0.155,0.16,1151523
ICP,20140312,0.061,0.061,0.061,0.061,70200
ICQ,20140312,1.375,1.375,1.3,1.315,683979
ICS,20140312,0.044,0.044,0.044,0.044,60000
ICX,20140312,0.099,0.11,0.099,0.11,934000
ICZ,20140312,0.1,0.1,0.1,0.1,50000
IDO,20140312,0.04,0.04,0.04,0.04,100000
IDR,20140312,1.96,1.96,1.94,1.945,350061
IDT,20140312,0.34,0.34,0.32,0.32,6000
IDZ,20140312,0.85,0.85,0.8,0.8,55326
IEM,20140312,43.6,43.6,43.16,43.24,9228
IEU,20140312,53.26,53.52,53.26,53.52,32477
IFE,20140312,0.115,0.115,0.115,0.115,21000
IFL,20140312,8.99,9.01,8.81,8.92,739085
IFM,20140312,0.78,0.78,0.75,0.76,346643
IFN,20140312,0.21,0.21,0.205,0.21,394986
IGB,20140312,99.71,99.9,99.7,99.9,19
IGO,20140312,4.19,4.23,4.025,4.06,1063076
IGS,20140312,0.003,0.003,0.003,0.003,874490
IHD,20140312,17.1,17.12,16.99,17.08,15292
IHK,20140312,22.06,22.17,22.06,22.17,1777
IIL,20140312,0.3,0.3,0.28,0.295,223130
IIN,20140312,7.7,7.76,7.52,7.7,632579
IJH,20140312,152.94,153.29,152.88,152.88,436
IJP,20140312,12.83,12.83,12.68,12.69,11345
IJR,20140312,123.83,123.87,123.29,123.75,752
IKO,20140312,67.3,67.3,66.96,66.96,473
ILB,20140312,101.94,101.94,101.94,101.94,2
ILC,20140312,24.52,24.92,24.52,24.92,40941
ILU,20140312,9.34,9.35,9.16,9.31,2636114
IMA,20140312,0.15,0.15,0.15,0.15,100000
IMC,20140312,0.006,0.007,0.006,0.007,19491880
IMD,20140312,0.65,0.68,0.64,0.68,376129
IMF,20140312,1.87,1.885,1.855,1.885,572702
IMU,20140312,0.014,0.014,0.014,0.014,1706460
INA,20140312,0.515,0.515,0.495,0.505,1225176
IOF,20140312,3.19,3.225,3.185,3.2,2734239
IOH,20140312,0.985,0.99,0.98,0.99,36031
IOO,20140312,85.78,85.79,85.17,85.36,16729
IOZ,20140312,23.56,23.56,23.23,23.34,31804
IPB,20140312,0.265,0.265,0.265,0.265,20000
IPD,20140312,0.235,0.235,0.235,0.235,10000
IPE,20140312,0.45,0.455,0.45,0.455,362947
IPL,20140312,3.09,3.115,3.055,3.08,7777223
IPP,20140312,3.4,3.4,3.25,3.28,4788804
IPT,20140312,0.026,0.026,0.025,0.026,411000
IRC,20140312,0.055,0.055,0.05,0.05,4500
IRE,20140312,9.25,9.35,9.12,9.14,845963
IRG,20140312,0.002,0.003,0.002,0.002,2000600
IRI,20140312,1.18,1.18,1.165,1.17,22058
IRL,20140312,0.005,0.005,0.005,0.005,100000
IRN,20140312,0.17,0.18,0.17,0.18,888468
IRU,20140312,131.51,131.9,131.38,131.9,328
ISO,20140312,4.06,4.06,3.99,4.01,60936
ISU,20140312,1.105,1.17,1.105,1.15,1039473
ITT,20140312,0.009,0.013,0.008,0.011,26902191
IVC,20140312,11.37,11.43,11.16,11.18,231816
IVE,20140312,74.55,74.6,74.31,74.43,1071
IVR,20140312,0.059,0.059,0.057,0.057,210585
IVV,20140312,209.7,210.18,209.64,209.9,6359
IVX,20140312,0.077,0.077,0.074,0.074,1815443
IXI,20140312,95,95.22,95,95.2,502
IXJ,20140312,102.53,103.06,102.53,102.68,1928
IXP,20140312,73.84,73.84,73.6,73.74,163
IXR,20140312,0.036,0.038,0.036,0.037,290816
IZZ,20140312,37.91,37.91,37.48,37.72,35037
JBH,20140312,19.27,19.35,18.62,18.69,696906
JCS,20140312,0.042,0.042,0.041,0.042,137776
JHX,20140312,14.65,14.68,14.34,14.65,1293623
JIN,20140312,1.66,1.835,1.66,1.79,152927
JPR,20140312,0.4,0.4,0.4,0.4,105314
JRV,20140312,0.026,0.026,0.026,0.026,10200
KAB,20140312,0.002,0.002,0.001,0.001,1049500
KAM,20140312,0.755,0.78,0.73,0.77,77185
KAR,20140312,2.9,2.91,2.75,2.78,1414477
KAS,20140312,0.13,0.13,0.13,0.13,316474
KBC,20140312,0.19,0.19,0.19,0.19,26237
KBL,20140312,0.04,0.04,0.036,0.04,784114
KCN,20140312,1.2,1.28,1.19,1.275,1196351
KDL,20140312,1.055,1.15,1.035,1.15,194152
KDR,20140312,0.14,0.15,0.14,0.15,46575
KEY,20140312,0.01,0.01,0.01,0.01,120000
KFE,20140312,0.065,0.07,0.065,0.07,185374
KGL,20140312,0.1,0.1,0.1,0.1,41777
KIS,20140312,0.1,0.11,0.1,0.11,364032
KKL,20140312,0.002,0.002,0.002,0.002,28000
KKO,20140312,0.16,0.16,0.16,0.16,137075
KKT,20140312,0.09,0.09,0.09,0.09,40000
KMD,20140312,3.39,3.41,3.23,3.27,560739
KNL,20140312,0.14,0.14,0.14,0.14,171300
KOV,20140312,6.2,6.2,6.15,6.15,500
KPL,20140312,0.39,0.4,0.39,0.4,26333
KPR,20140312,0.055,0.055,0.05,0.05,100000
KRA,20140312,0.03,0.03,0.03,0.03,30000
KRB,20140312,0.075,0.075,0.071,0.071,152000
KRL,20140312,0.012,0.014,0.012,0.014,125760
KRM,20140312,0.385,0.395,0.38,0.39,830833
KSC,20140312,1.845,1.85,1.83,1.83,36508
LAT,20140312,0.051,0.056,0.051,0.054,2948758
LAU,20140312,0.335,0.335,0.335,0.335,35000
LBT,20140312,0.089,0.089,0.089,0.089,212
LBY,20140312,0.036,0.036,0.035,0.035,428000
LCM,20140312,1,1.02,0.995,1,171647
LCR,20140312,0.01,0.01,0.009,0.009,1315500
LCT,20140312,0.083,0.083,0.083,0.083,17700
LCY,20140312,0.025,0.026,0.025,0.026,86888
LEG,20140312,0.007,0.008,0.007,0.007,1000000
LEI,20140312,21.63,22.32,21.63,22.24,2055579
LEP,20140312,2.88,2.89,2.85,2.85,79092
LGD,20140312,0.335,0.335,0.315,0.325,26022
LGM,20140312,0.006,0.006,0.006,0.006,73608
LHC,20140312,2.34,2.35,2.34,2.34,26069
LIC,20140312,1.2,1.2,1.18,1.2,5681
LIN,20140312,0.009,0.009,0.009,0.009,110000
LKO,20140312,0.004,0.004,0.004,0.004,615700
LLC,20140312,11.46,11.47,11.24,11.31,3980584
LLO,20140312,0.355,0.355,0.315,0.315,5263
LMB,20140312,0.52,0.56,0.51,0.555,1055721
LMG,20140312,0.006,0.006,0.006,0.006,910000
LMR,20140312,0.033,0.04,0.033,0.04,60000
LNG,20140312,0.465,0.485,0.46,0.465,2547424
LNR,20140312,0.28,0.29,0.28,0.29,1463500
LOM,20140312,0.007,0.007,0.007,0.007,2478500
LRL,20140312,0.013,0.013,0.012,0.012,300000
LSA,20140312,0.245,0.245,0.245,0.245,1925
LTN,20140312,0.075,0.076,0.075,0.075,3618367
LYC,20140312,0.255,0.26,0.245,0.245,18596895
LYL,20140312,3.2,3.24,2.97,3.2,48583
MAB,20140312,0.575,0.575,0.55,0.55,63000
MAD,20140312,0.345,0.35,0.345,0.345,319161
MAH,20140312,0.125,0.125,0.12,0.12,2806508
MAK,20140312,0.105,0.11,0.105,0.11,156465
MAQ,20140312,8.1,8.2,8.05,8.2,3821
MAR,20140312,0.007,0.008,0.007,0.007,2791719
MAS,20140312,0.023,0.024,0.023,0.024,1800000
MAT,20140312,0.22,0.22,0.2,0.205,109450
MAU,20140312,0.145,0.17,0.14,0.17,65707
MBC,20140312,0.25,0.25,0.25,0.25,26325
MBE,20140312,0.28,0.28,0.265,0.265,3275114
MCE,20140312,1.24,1.25,1.2,1.2,22297
MCP,20140312,1.36,1.36,1.33,1.335,98885
MCR,20140312,0.615,0.615,0.585,0.595,288339
MCS,20140312,0.51,0.51,0.49,0.5,829102
MCX,20140312,0.1,0.1,0.1,0.1,4560
MDL,20140312,2.28,2.37,2.25,2.27,42658
MED,20140312,0.115,0.12,0.115,0.12,139430
MEL,20140312,0.1,0.1,0.1,0.1,69053
MEO,20140312,0.041,0.042,0.041,0.042,398000
MEP,20140312,0.115,0.12,0.115,0.12,73700
MEU,20140312,0.02,0.022,0.019,0.019,1979375
MFF,20140312,1.53,1.545,1.53,1.53,294102
MFG,20140312,13.15,13.66,12.91,13.66,507633
MGL,20140312,0.032,0.032,0.028,0.028,194014
MGR,20140312,1.705,1.732,1.695,1.725,9387823
MGX,20140312,0.785,0.82,0.775,0.81,5715596
MHI,20140312,0.175,0.175,0.175,0.175,6000
MHM,20140312,0.025,0.026,0.024,0.026,204817
MIN,20140312,11.79,11.96,11.52,11.88,1441315
MIR,20140312,2.75,2.77,2.75,2.76,11830
MIX,20140312,0.16,0.16,0.16,0.16,150230
MKB,20140312,0.22,0.22,0.21,0.215,955833
MKO,20140312,0.021,0.021,0.021,0.021,75000
MLB,20140312,1.36,1.4,1.36,1.385,48593
MLD,20140312,2.44,2.5,2.4,2.5,600068
MLI,20140312,0.054,0.054,0.054,0.054,188550
MLT,20140312,4.3,4.3,4.23,4.24,258644
MLX,20140312,0.23,0.23,0.225,0.23,566915
MMC,20140312,0.017,0.017,0.016,0.016,496894
MML,20140312,2.25,2.45,2.22,2.42,2753714
MMS,20140312,10.4,10.46,10.12,10.18,197719
MMX,20140312,0.042,0.042,0.042,0.042,20000
MNC,20140312,0.032,0.033,0.031,0.032,1610059
MND,20140312,16.94,16.94,16.41,16.62,477185
MNE,20140312,0.031,0.031,0.027,0.029,6057678
MNF,20140312,2.15,2.18,2.15,2.15,23950
MNM,20140312,0.025,0.027,0.024,0.024,663017
MNW,20140312,0.295,0.295,0.285,0.295,610291
MNY,20140312,1.04,1.05,1.035,1.035,53408
MNZ,20140312,1.81,1.81,1.81,1.81,1790
MOC,20140312,2.96,3,2.93,2.93,73803
MOD,20140312,0.017,0.017,0.017,0.017,20000
MOL,20140312,0.11,0.11,0.11,0.11,18000
MOO,20140312,0.006,0.006,0.006,0.006,500000
MOT,20140312,0.002,0.002,0.002,0.002,1000000
MOU,20140312,0.002,0.002,0.002,0.002,910000
MOX,20140312,0.028,0.028,0.028,0.028,50000
MOY,20140312,0.13,0.13,0.115,0.12,2235559
MOZ,20140312,0.012,0.012,0.011,0.011,1040000
MPJ,20140312,0.003,0.003,0.002,0.002,200000
MPO,20140312,0.175,0.175,0.175,0.175,209897
MQA,20140312,3.18,3.22,3.11,3.18,1250141
MQG,20140312,56.12,56.12,55.44,55.93,917560
MRF,20140312,0.045,0.046,0.045,0.046,286500
MRM,20140312,2.28,2.29,2.18,2.22,3440914
MRV,20140312,0.003,0.003,0.003,0.003,2289566
MRX,20140312,0.008,0.008,0.007,0.007,299827
MSB,20140312,5.72,5.75,5.61,5.7,275883
MSC,20140312,0.003,0.003,0.003,0.003,200000
MSR,20140312,0.045,0.045,0.043,0.045,432065
MSV,20140312,0.051,0.051,0.05,0.05,378000
MTA,20140312,0.08,0.08,0.08,0.08,56000
MTB,20140312,0.001,0.001,0.001,0.001,162500
MTH,20140312,0.014,0.015,0.013,0.013,3367471
MTS,20140312,3.2,3.205,3.125,3.19,4538630
MTU,20140312,6.06,6.135,6.035,6.09,538056
MUM,20140312,0.017,0.017,0.016,0.016,202000
MVB,20140312,25.85,25.85,25.82,25.82,1657
MVP,20140312,1.47,1.5,1.3,1.3,23059
MVW,20140312,20.02,20.02,20,20,1100
MWR,20140312,1.2,1.2,1.2,1.2,10000
MXI,20140312,1.28,1.285,1.27,1.28,349005
MXR,20140312,0.003,0.003,0.003,0.003,500000
MYA,20140312,0.054,0.056,0.052,0.056,957031
MYE,20140312,0.555,0.57,0.555,0.57,3055
MYR,20140312,2.75,2.77,2.69,2.75,5820129
MYS,20140312,4.68,4.7,4.51,4.66,36193
MYT,20140312,1.9,1.91,1.89,1.91,12611
MYX,20140312,0.99,0.99,0.965,0.975,2565578
MZI,20140312,0.012,0.013,0.012,0.013,2286043
MZM,20140312,0.11,0.11,0.1,0.11,17767
NAB,20140312,34.55,34.61,34.275,34.55,4894042
NAG,20140312,0.038,0.038,0.036,0.036,32999
NAM,20140312,0.28,0.28,0.28,0.28,110000
NAN,20140312,0.87,0.882,0.86,0.86,368308
NBL,20140312,0.58,0.58,0.58,0.58,22665
NCC,20140312,1.11,1.11,1.1,1.105,30863
NCK,20140312,2.87,2.87,2.84,2.86,17800
NCM,20140312,11.45,12,11.34,11.98,5874155
NCR,20140312,0.022,0.022,0.022,0.022,179103
NDO,20140312,0.032,0.032,0.029,0.03,4576532
NEA,20140312,0.565,0.575,0.555,0.57,1887419
NEC,20140312,2.36,2.38,2.355,2.38,23955154
NEN,20140312,0.023,0.024,0.022,0.022,3014660
NEU,20140312,0.094,0.095,0.092,0.092,1681161
NFE,20140312,0.2,0.205,0.18,0.205,131902
NGE,20140312,0.016,0.016,0.016,0.016,230000
NHC,20140312,3.33,3.35,3.33,3.34,79554
NHF,20140312,2.67,2.69,2.66,2.67,481797
NKP,20140312,0.092,0.095,0.092,0.095,93536
NMI,20140312,0.053,0.063,0.053,0.063,3028926
NML,20140312,0.042,0.042,0.042,0.042,115381
NNW,20140312,0.35,0.35,0.345,0.345,100000
NOD,20140312,0.053,0.053,0.052,0.052,203886
NRT,20140312,0.2,0.205,0.195,0.2,132000
NRU,20140312,0.005,0.005,0.005,0.005,1307641
NSE,20140312,0.165,0.17,0.165,0.165,317003
NSP,20140312,0.056,0.056,0.056,0.056,80000
NSR,20140312,1.13,1.16,1.13,1.145,1947432
NST,20140312,1.185,1.235,1.167,1.23,3046868
NTC,20140312,0.46,0.46,0.44,0.46,404631
NTL,20140312,0.012,0.012,0.012,0.012,100000
NTU,20140312,0.17,0.18,0.16,0.16,358342
NUF,20140312,3.96,3.99,3.88,3.93,604245
NVG,20140312,0.003,0.003,0.003,0.003,20000
NVT,20140312,7.52,7.57,7.4,7.49,760285
NWE,20140312,0.015,0.015,0.013,0.013,1199812
NWH,20140312,1.145,1.155,1.102,1.115,3047075
NWS,20140312,19.42,19.56,19.35,19.54,237256
NWT,20140312,0.475,0.48,0.472,0.475,406077
NXT,20140312,2.21,2.23,2.18,2.22,433203
NZO,20140312,0.77,0.77,0.77,0.77,450
OBJ,20140312,0.051,0.054,0.049,0.052,21216528
OBL,20140312,0.018,0.019,0.018,0.019,491200
OBS,20140312,0.335,0.335,0.335,0.335,225500
OCL,20140312,0.73,0.73,0.72,0.72,48676
OEC,20140312,0.16,0.16,0.16,0.16,101350
OEG,20140312,0.045,0.045,0.045,0.045,230713
OEL,20140312,0.089,0.09,0.088,0.09,572812
OEX,20140312,0.08,0.08,0.079,0.08,2640686
OFW,20140312,0.18,0.18,0.18,0.18,2000
OFX,20140312,3.34,3.43,3.32,3.37,783650
OGC,20140312,2.6,2.74,2.58,2.72,863530
OGX,20140312,0.11,0.11,0.11,0.11,12727
OGY,20140312,0.019,0.019,0.018,0.018,475000
OKN,20140312,1.535,1.535,1.52,1.53,77109
OKU,20140312,0.005,0.005,0.005,0.005,195000
OMH,20140312,0.4,0.4,0.365,0.37,455919
ONC,20140312,0.28,0.28,0.275,0.275,85000
ONT,20140312,6,6.09,5.99,6.09,24195
ORA,20140312,1.335,1.335,1.315,1.32,7504834
ORD,20140312,0.005,0.005,0.005,0.005,855000
ORE,20140312,2.4,2.4,2.31,2.32,120388
ORG,20140312,14.6,14.68,14.405,14.56,1284908
ORI,20140312,23.66,23.74,23.355,23.45,763767
ORL,20140312,3.58,3.67,3.41,3.5,405750
ORN,20140312,0.056,0.059,0.056,0.059,75000
OSH,20140312,8.73,8.78,8.62,8.65,5273851
OSL,20140312,0.135,0.135,0.125,0.13,2126143
OSP,20140312,0.63,0.64,0.63,0.64,13000
OTC,20140312,0.13,0.13,0.13,0.13,3044129
OTH,20140312,0.55,0.55,0.54,0.54,99909
OVL,20140312,0.008,0.008,0.008,0.008,100000
OZF,20140312,20.55,20.55,20.53,20.54,1589
OZG,20140312,0.205,0.205,0.205,0.205,27500
OZL,20140312,3.61,3.62,3.44,3.51,3690666
OZR,20140312,10,10.07,9.97,10.03,25403
PAA,20140312,0.016,0.016,0.016,0.016,5531892
PAB,20140312,0.043,0.044,0.041,0.044,5591703
PAN,20140312,0.375,0.395,0.37,0.39,896622
PBD,20140312,0.023,0.023,0.021,0.021,1119645
PBG,20140312,0.54,0.55,0.53,0.535,2949809
PBP,20140312,0.5,0.5,0.5,0.5,5797
PBT,20140312,1.11,1.11,1.075,1.1,756089
PCL,20140312,0.043,0.043,0.041,0.041,1062980
PCP,20140312,0.035,0.035,0.035,0.035,34029
PDM,20140312,0.005,0.005,0.004,0.004,502502
PDN,20140312,0.535,0.535,0.525,0.525,17920669
PDY,20140312,0.011,0.014,0.011,0.014,9256329
PDZ,20140312,0.305,0.31,0.3,0.31,106500
PEK,20140312,0.084,0.086,0.084,0.086,245233
PEN,20140312,0.033,0.038,0.033,0.035,34060475
PEX,20140312,0.25,0.25,0.25,0.25,10000
PFG,20140312,0.13,0.135,0.12,0.135,345140
PFL,20140312,1.35,1.36,1.35,1.36,44000
PGC,20140312,0.33,0.33,0.33,0.33,22272
PGF,20140312,1,1.005,0.995,1,319522
PGH,20140312,3.39,3.39,3.34,3.35,571392
PGI,20140312,0.042,0.043,0.042,0.043,305038
PGL,20140312,0.52,0.535,0.51,0.52,24969
PGS,20140312,0.021,0.021,0.02,0.02,195715
PHG,20140312,0.6,0.6,0.595,0.595,221115
PHK,20140312,0.053,0.053,0.053,0.053,62000
PIM,20140312,0.009,0.009,0.009,0.009,15000
PIO,20140312,0.01,0.012,0.009,0.009,764368
PIR,20140312,1.425,1.45,1.375,1.435,1307516
PKR,20140312,0.22,0.22,0.22,0.22,10000
PLH,20140312,0.15,0.15,0.145,0.145,99334
PLP,20140312,0.002,0.002,0.002,0.002,450000
PLS,20140312,0.014,0.014,0.014,0.014,37503
PLV,20140312,0.099,0.099,0.095,0.095,65959
PMC,20140312,1.805,1.835,1.8,1.835,585660
PME,20140312,0.75,0.79,0.75,0.79,13262
PMP,20140312,0.45,0.45,0.44,0.445,224974
PMQ,20140312,0.032,0.032,0.032,0.032,52000
PMV,20140312,8.37,8.39,8.18,8.25,266447
PMY,20140312,0.042,0.043,0.041,0.041,1239631
PNA,20140312,1.58,1.6,1.49,1.55,13432535
PNN,20140312,0.017,0.017,0.017,0.017,28850
PNO,20140312,0.001,0.001,0.001,0.001,3500000
PNR,20140312,0.077,0.077,0.076,0.076,37935
POH,20140312,0.105,0.105,0.105,0.105,437166
POK,20140312,0.046,0.046,0.045,0.045,50672
POS,20140312,0.084,0.084,0.08,0.08,131679
POU,20140312,18.48,18.48,18.48,18.48,19011
PPC,20140312,1.4,1.405,1.385,1.405,157872
PPK,20140312,0.78,0.8,0.78,0.8,10000
PPP,20140312,0.115,0.115,0.115,0.115,15000
PPS,20140312,0.14,0.14,0.14,0.14,200000
PPT,20140312,51.01,51.1,49.57,50.5,97997
PPX,20140312,0.039,0.039,0.039,0.039,99723
PPY,20140312,0.038,0.043,0.038,0.043,60000
PRG,20140312,2.82,2.83,2.74,2.81,99254
PRL,20140312,0.235,0.245,0.23,0.24,167207
PRO,20140312,0.475,0.475,0.475,0.475,584
PRR,20140312,0.045,0.045,0.044,0.044,458011
PRT,20140312,0.915,0.93,0.905,0.905,3275546
PRU,20140312,0.425,0.46,0.41,0.45,11149387
PRY,20140312,4.94,5.04,4.92,5.04,2290806
PSA,20140312,0.08,0.08,0.08,0.08,30000
PSC,20140312,0.01,0.01,0.01,0.01,150000
PSF,20140312,0.014,0.014,0.014,0.014,100000
PSH,20140312,0.055,0.055,0.05,0.05,43667
PSY,20140312,0.084,0.088,0.081,0.084,5433334
PSZ,20140312,0.86,0.86,0.86,0.86,9325
PTL,20140312,0.03,0.03,0.03,0.03,556999
PTM,20140312,7.4,7.42,7.25,7.39,588121
PTR,20140312,0.011,0.011,0.01,0.01,110000
PVA,20140312,4.67,4.85,4.67,4.85,60
PVD,20140312,0.475,0.49,0.46,0.465,183585
PWN,20140312,0.06,0.06,0.058,0.06,52210
PXG,20140312,0.145,0.145,0.14,0.145,227550
PXR,20140312,0.003,0.003,0.003,0.003,2070010
PXS,20140312,0.115,0.12,0.11,0.12,148005
PXT,20140312,0.25,0.25,0.25,0.25,24607
PYC,20140312,0.032,0.035,0.032,0.035,1455611
PZC,20140312,0.017,0.017,0.017,0.017,506562
QAN,20140312,1.1,1.105,1.082,1.09,8821370
QAU,20140312,13.95,14.11,13.95,14.1,11571
QBE,20140312,12.87,12.88,12.64,12.76,3854354
QFN,20140312,11.02,11.02,10.99,11,7245
QFX,20140312,0.012,0.012,0.012,0.012,200000
QHL,20140312,0.2,0.205,0.2,0.2,266400
QMN,20140312,0.015,0.016,0.015,0.015,1788304
QOZ,20140312,12.3,12.31,12.28,12.31,27694
QRE,20140312,5.56,5.56,5.56,5.56,10000
QRL,20140312,0.012,0.012,0.012,0.012,353000
QRX,20140312,0.88,0.89,0.875,0.875,133000
QSS,20140312,0.035,0.038,0.032,0.038,130000
QUB,20140312,2.13,2.155,2.11,2.14,1257798
RAU,20140312,0.01,0.01,0.009,0.009,2738040
RCB,20140312,20.57,20.57,20.57,20.57,3589
RCG,20140312,0.735,0.77,0.735,0.755,234279
RCR,20140312,3,3.07,2.97,3.07,237921
RCT,20140312,4.01,4.03,4,4,91920
RCU,20140312,0.29,0.29,0.29,0.29,375
RDF,20140312,1.12,1.12,1.12,1.12,1668
RDH,20140312,0.88,0.9,0.88,0.9,206000
RDM,20140312,0.185,0.19,0.185,0.19,14000
RDR,20140312,0.033,0.035,0.032,0.033,952000
RDS,20140312,0.087,0.087,0.087,0.087,4630
RDV,20140312,29.3,29.32,29.19,29.32,8628
REA,20140312,50.5,50.59,48.55,49.32,374537
REC,20140312,4.46,4.46,4.38,4.46,1514305
RED,20140312,0.09,0.095,0.089,0.092,1558533
REF,20140312,0.1,0.1,0.1,0.1,50000
REH,20140312,31.41,31.41,31,31.41,29443
RER,20140312,0.072,0.072,0.072,0.072,35500
RES,20140312,0.175,0.19,0.175,0.19,106600
REX,20140312,0.77,0.79,0.77,0.78,16932
REY,20140312,0.09,0.09,0.088,0.09,707129
RFE,20140312,0.165,0.18,0.16,0.17,664482
RFF,20140312,0.82,0.835,0.82,0.82,109872
RFG,20140312,4.55,4.56,4.42,4.43,295784
RFL,20140312,0.41,0.445,0.405,0.44,777998
RFX,20140312,0.13,0.13,0.13,0.13,70000
RGB,20140312,19.96,19.96,19.96,19.96,582
RGS,20140312,0.47,0.49,0.47,0.485,198385
RGX,20140312,0.005,0.006,0.005,0.006,2174999
RHC,20140312,48.99,49.22,48.4,49.1,399168
RHL,20140312,3.11,3.11,3.11,3.11,3492
RHT,20140312,0.069,0.07,0.066,0.068,795000
RIC,20140312,0.82,0.84,0.82,0.82,187458
RIE,20140312,0.017,0.017,0.017,0.017,40000
RIM,20140312,0.028,0.028,0.028,0.028,230782
RIO,20140312,61.2,61.45,60.645,61.39,2342683
RKN,20140312,2.1,2.1,2.04,2.05,143797
RLE,20140312,0.22,0.22,0.22,0.22,10000
RMD,20140312,4.96,5.02,4.94,5.01,4092443
RMR,20140312,0.008,0.008,0.007,0.007,1760290
RMS,20140312,0.13,0.14,0.13,0.14,3018244
RMX,20140312,0.017,0.018,0.017,0.018,1054095
RNC,20140312,0.365,0.365,0.365,0.365,3200
RNI,20140312,0.105,0.11,0.1,0.1,165100
RNO,20140312,0.036,0.038,0.034,0.037,1443000
RNS,20140312,0.091,0.091,0.09,0.09,155000
RNY,20140312,0.33,0.33,0.325,0.33,207000
ROC,20140312,0.45,0.45,0.43,0.43,1078403
ROG,20140312,0.002,0.003,0.002,0.003,500000
ROL,20140312,0.29,0.3,0.29,0.3,41000
ROY,20140312,0.04,0.041,0.04,0.041,140500
RRL,20140312,2.55,2.62,2.435,2.51,2822152
RRS,20140312,0.019,0.02,0.019,0.019,2105199
RSG,20140312,0.62,0.68,0.6,0.67,6533475
RTA,20140312,0.2,0.2,0.2,0.2,44000
RTD,20140312,0.053,0.054,0.053,0.053,1159771
RTR,20140312,0.048,0.05,0.044,0.05,1301033
RUM,20140312,0.12,0.12,0.115,0.115,74731
RVA,20140312,0.39,0.41,0.39,0.41,2052
RVL,20140312,33.45,33.46,33.45,33.46,3980
RVY,20140312,0.017,0.017,0.017,0.017,200000
RWD,20140312,0.53,0.53,0.51,0.53,35132
RXL,20140312,0.044,0.052,0.044,0.048,21451668
RXM,20140312,0.41,0.41,0.39,0.39,174852
RXP,20140312,0.7,0.705,0.695,0.7,113266
SAI,20140312,4.12,4.18,4.06,4.15,2400230
SAR,20140312,0.325,0.357,0.32,0.35,9475362
SAU,20140312,0.009,0.009,0.009,0.009,170000
SAV,20140312,0.008,0.008,0.008,0.008,300000
SBB,20140312,0.26,0.26,0.26,0.26,4615
SBM,20140312,0.355,0.39,0.35,0.38,4203580
SBN,20140312,0.011,0.011,0.011,0.011,750
SCI,20140312,0.075,0.079,0.075,0.079,41069
SCP,20140312,1.675,1.687,1.655,1.685,1975996
SDF,20140312,1.635,1.64,1.61,1.625,773538
SDG,20140312,1.65,1.665,1.62,1.63,90683
SDL,20140312,0.09,0.092,0.088,0.091,9108322
SDM,20140312,0.52,0.522,0.515,0.515,115562
SEA,20140312,1,1.02,0.98,0.99,2552594
SEG,20140312,0.009,0.01,0.008,0.009,1343333
SEH,20140312,0.2,0.205,0.197,0.2,2214705
SEK,20140312,17.72,17.73,17.14,17.33,1707522
SEN,20140312,0.038,0.038,0.038,0.038,275000
SFH,20140312,0.93,0.93,0.91,0.91,54600
SFR,20140312,5.58,5.58,5.39,5.54,532005
SFW,20140312,0.7,0.73,0.7,0.73,318989
SFX,20140312,0.605,0.605,0.59,0.59,112375
SFY,20140312,53.85,53.93,53.67,53.91,7425
SGF,20140312,1.64,1.68,1.64,1.655,477127
SGH,20140312,4.76,4.76,4.6,4.61,663923
SGM,20140312,9.54,9.59,9.41,9.56,562513
SGN,20140312,1.51,1.515,1.475,1.485,565538
SGP,20140312,3.85,3.88,3.83,3.85,6854207
SGQ,20140312,0.1,0.1,0.095,0.095,147878
SGT,20140312,3.17,3.17,3.14,3.14,329318
SHD,20140312,0.115,0.12,0.11,0.11,300000
SHE,20140312,0.009,0.009,0.009,0.009,577727
SHJ,20140312,2.05,2.05,1.965,2.03,31537
SHL,20140312,17.67,17.75,17.56,17.69,460815
SHP,20140312,0.03,0.03,0.025,0.028,3378900
SHV,20140312,7.15,7.15,7.09,7.14,421670
SIP,20140312,0.66,0.665,0.645,0.65,2895920
SIR,20140312,2.45,2.5,2.39,2.5,1078331
SIV,20140312,5.7,5.7,5.55,5.55,179411
SKC,20140312,3.69,3.73,3.67,3.71,436100
SKE,20140312,2.99,2.995,2.88,2.97,1007365
SKI,20140312,1.66,1.675,1.65,1.66,14889180
SKT,20140312,5.94,6.03,5.9,5.97,883914
SLF,20140312,9.47,9.47,9.42,9.45,40960
SLK,20140312,1.8,1.8,1.77,1.79,8263
SLM,20140312,1.97,1.98,1.97,1.975,7626
SLR,20140312,0.45,0.495,0.435,0.49,17018477
SLX,20140312,2.16,2.18,2.06,2.1,165407
SMA,20140312,0.015,0.015,0.015,0.015,1256236
SMC,20140312,0.04,0.04,0.04,0.04,25405
SMN,20140312,0.175,0.175,0.175,0.175,30000
SMR,20140312,0.17,0.17,0.17,0.17,2942
SMX,20140312,3.85,3.86,3.79,3.79,222970
SNC,20140312,0.945,0.95,0.945,0.945,55318
SND,20140312,0.92,0.92,0.89,0.89,37461
SNY,20140312,0.31,0.325,0.31,0.325,8300
SNZ,20140312,3.27,3.27,3.27,3.27,3000
SOC,20140312,0.12,0.12,0.115,0.115,50667
SOI,20140312,0.009,0.009,0.008,0.008,16940413
SOL,20140312,14.89,15.04,14.89,15,22549
SOM,20140312,1.58,1.6,1.54,1.57,36192
SPI,20140312,0.013,0.013,0.013,0.013,123334
SPL,20140312,0.72,0.735,0.72,0.735,141608
SPN,20140312,1.315,1.315,1.305,1.31,4911366
SPX,20140312,0.051,0.062,0.051,0.062,400846
SPZ,20140312,0.15,0.15,0.145,0.15,111900
SRI,20140312,0.054,0.054,0.054,0.054,1854
SRM,20140312,0.29,0.29,0.28,0.285,121400
SRQ,20140312,0.004,0.004,0.004,0.004,1745000
SRR,20140312,0.005,0.005,0.005,0.005,232000
SRV,20140312,4.28,4.28,4.26,4.28,133869
SRX,20140312,15.9,15.95,15.55,15.85,190866
SRZ,20140312,0.054,0.055,0.054,0.055,67500
SSM,20140312,0.235,0.235,0.23,0.23,210491
SSN,20140312,0.026,0.026,0.025,0.025,102633
SSO,20140312,11.71,11.74,11.65,11.71,33184
STB,20140312,0.205,0.205,0.2,0.2,34130
STO,20140312,13.94,13.94,13.63,13.78,3147412
STP,20140312,1.3,1.3,1.3,1.3,432
STS,20140312,0.615,0.615,0.6,0.605,32590
STW,20140312,50.71,50.73,50.26,50.73,104156
SUD,20140312,0.064,0.064,0.063,0.064,523887
SUL,20140312,11.49,11.53,11.22,11.42,1138947
SUM,20140312,0.092,0.092,0.092,0.092,10000
SUN,20140312,12.47,12.48,12.36,12.4,3990327
SUR,20140312,0.026,0.026,0.025,0.025,600000
SVA,20140312,0.74,0.79,0.74,0.79,21000
SVL,20140312,0.004,0.004,0.004,0.004,321000
SVW,20140312,9.08,9.08,8.85,8.98,586859
SWE,20140312,0.28,0.28,0.27,0.27,77657
SWJ,20140312,0.19,0.19,0.19,0.19,17000
SWK,20140312,0.255,0.255,0.255,0.255,32000
SWL,20140312,1.565,1.565,1.535,1.56,55108
SWM,20140312,2.04,2.04,1.98,2,4278195
SXE,20140312,0.785,0.785,0.77,0.77,184231
SXG,20140312,0.015,0.015,0.015,0.015,477940
SXL,20140312,1.395,1.435,1.385,1.43,7454169
SXS,20140312,0.048,0.048,0.048,0.048,117337
SXT,20140312,0.025,0.03,0.025,0.03,140000
SXY,20140312,0.77,0.775,0.76,0.76,1632063
SYA,20140312,0.003,0.003,0.003,0.003,22
SYD,20140312,4.16,4.16,4.1,4.13,5188371
SYI,20140312,29.76,29.76,29.62,29.73,7409
SYR,20140312,3.09,3.15,2.97,3.15,428270
TAH,20140312,3.59,3.6,3.525,3.55,1960519
TAM,20140312,0.03,0.031,0.03,0.03,415958
TAN,20140312,0.505,0.52,0.505,0.52,166068
TAP,20140312,0.445,0.445,0.44,0.445,120793
TAS,20140312,0.03,0.03,0.03,0.03,50000
TAW,20140312,0.029,0.029,0.028,0.029,534493
TBR,20140312,3.15,3.2,3.1,3.2,103087
TCL,20140312,7.24,7.27,7.16,7.27,3221264
TCM,20140312,0.15,0.15,0.15,0.15,15000
TDX,20140312,0.001,0.001,0.001,0.001,56000
TEG,20140312,0.003,0.003,0.003,0.003,18480195
TEL,20140312,2.3,2.33,2.295,2.31,1164617
TEN,20140312,0.335,0.34,0.33,0.33,5184625
TEX,20140312,0.036,0.038,0.035,0.035,150000
TEY,20140312,0.038,0.04,0.038,0.04,75500
TFC,20140312,1.85,1.87,1.7,1.845,1642011
TGA,20140312,2.08,2.11,2.07,2.11,181733
TGG,20140312,1.315,1.32,1.3,1.3,656829
TGP,20140312,0.715,0.73,0.715,0.725,96981
TGR,20140312,3.8,3.82,3.72,3.74,327721
TGS,20140312,0.395,0.395,0.382,0.39,3447904
TGZ,20140312,1.055,1.115,1.055,1.115,150770
THO,20140312,0.015,0.015,0.015,0.015,56678
THX,20140312,0.038,0.039,0.038,0.039,240000
TIG,20140312,0.15,0.15,0.15,0.15,2577
TIS,20140312,0.36,0.36,0.345,0.355,65000
TIX,20140312,2.1,2.17,2.09,2.17,45266
TKG,20140312,0.01,0.01,0.01,0.01,4000
TLG,20140312,0.093,0.095,0.092,0.092,190000
TLM,20140312,0.115,0.115,0.11,0.11,631548
TLS,20140312,5.06,5.09,5.04,5.08,24553242
TME,20140312,3.59,3.6,3.53,3.54,315370
TNE,20140312,2.39,2.46,2.35,2.46,176735
TNG,20140312,0.042,0.042,0.039,0.042,2231097
TNP,20140312,0.009,0.009,0.009,0.009,111116
TOE,20140312,0.079,0.079,0.074,0.075,2248509
TOL,20140312,5.29,5.335,5.22,5.26,3046584
TON,20140312,0.135,0.14,0.13,0.13,4740620
TOP,20140312,0.54,0.55,0.54,0.54,192201
TOU,20140312,0.315,0.315,0.31,0.31,42831
TOX,20140312,3.39,3.42,3.37,3.42,514331
TPC,20140312,0.1,0.1,0.1,0.1,20000
TPD,20140312,0.024,0.024,0.024,0.024,52800
TPI,20140312,1.17,1.175,1.16,1.17,9161578
TPM,20140312,5.6,5.65,5.43,5.51,1917323
TPR,20140312,0.1,0.1,0.1,0.1,244000
TRF,20140312,0.081,0.081,0.075,0.075,290000
TRG,20140312,9.57,9.75,9.57,9.68,21108
TRO,20140312,0.059,0.06,0.059,0.06,83333
TRS,20140312,10.16,10.31,10.12,10.29,252765
TRY,20140312,1.22,1.34,1.21,1.325,1886451
TSE,20140312,0.8,0.8,0.76,0.765,5158479
TSM,20140312,0.39,0.4,0.39,0.4,215789
TSN,20140312,0.006,0.006,0.006,0.006,100000
TSV,20140312,0.003,0.003,0.003,0.003,750000
TTA,20140312,0.058,0.058,0.058,0.058,7998
TTE,20140312,0.023,0.023,0.021,0.021,420711
TTI,20140312,0.067,0.067,0.063,0.063,370000
TTN,20140312,2.35,2.35,2.31,2.31,40214
TTS,20140312,2.95,2.97,2.92,2.97,3453781
TWD,20140312,3.05,3.05,2.96,2.96,8000
TWE,20140312,3.69,3.73,3.645,3.7,14700017
TWR,20140312,1.5,1.5,1.49,1.49,1569
TYK,20140312,0.007,0.008,0.006,0.008,3947105
TZL,20140312,0.16,0.17,0.16,0.16,258812
UBI,20140312,0.365,0.365,0.35,0.35,86510
UCM,20140312,0.2,0.2,0.2,0.2,929
UEQ,20140312,0.014,0.014,0.014,0.014,480883
UGL,20140312,6.45,6.54,6.45,6.54,1135714
UML,20140312,0.032,0.032,0.031,0.032,1285989
UNS,20140312,0.805,0.805,0.79,0.8,313611
UNV,20140312,0.135,0.135,0.135,0.135,2750
UNX,20140312,0.115,0.115,0.11,0.11,53334
UOS,20140312,0.575,0.575,0.55,0.56,20850
URF,20140312,1.82,1.82,1.77,1.8,197496
USA,20140312,0.026,0.026,0.024,0.024,276835
USD,20140312,11,11.02,10.99,11.02,72307
UXC,20140312,0.895,0.895,0.86,0.88,426619
VAF,20140312,48.05,48.05,48.05,48.05,6705
VAH,20140312,0.35,0.355,0.35,0.355,6670286
VAP,20140312,59.61,59.61,59.12,59.31,122338
VAR,20140312,0.045,0.045,0.043,0.043,50000
VAS,20140312,69.3,69.3,68.39,68.78,19359
VBP,20140312,6.43,6.43,6.43,6.43,2342
VED,20140312,2.42,2.43,2.29,2.33,3303113
VEI,20140312,0.61,0.61,0.585,0.605,704346
VET,20140312,2.7,2.74,2.66,2.69,618130
VEU,20140312,55.84,55.84,55.5,55.61,5898
VGE,20140312,48,48,47.75,47.75,529
VHL,20140312,0.015,0.016,0.014,0.016,10914231
VHY,20140312,66.14,66.14,65.33,65.54,8616
VIE,20140312,0.265,0.265,0.265,0.265,1966
VLA,20140312,0.355,0.355,0.34,0.34,310931
VLC,20140312,61.2,61.2,60.82,61.13,1469
VLW,20140312,2,2,1.94,1.97,155106
VMC,20140312,0.088,0.088,0.088,0.088,26737
VMG,20140312,0.008,0.008,0.007,0.008,8047219
VMS,20140312,0.185,0.185,0.17,0.18,466634
VMT,20140312,0.039,0.039,0.038,0.038,2567792
VRL,20140312,7.26,7.32,7.105,7.24,174794
VRT,20140312,7.78,7.85,7.4,7.56,695368
VSC,20140312,1.75,1.78,1.75,1.78,44555
VSO,20140312,45.74,45.97,45.16,45.38,5753
VTG,20140312,0.6,0.62,0.6,0.615,352652
VTM,20140312,0.082,0.088,0.078,0.078,1239430
VTS,20140312,109,109.29,108.7,109,7463
VTX,20140312,0.001,0.001,0.001,0.001,6197617
VXL,20140312,0.3,0.305,0.3,0.3,331403
VXR,20140312,0.008,0.008,0.008,0.008,590368
WAA,20140312,1.335,1.335,1.32,1.32,65400
WAF,20140312,0.16,0.165,0.15,0.15,243350
WAM,20140312,2.08,2.09,2.06,2.07,330980
WAX,20140312,1.18,1.18,1.165,1.18,174527
WBA,20140312,1.225,1.225,1.165,1.19,27581
WBB,20140312,5.72,5.73,5.7,5.7,37967
WBC,20140312,34,34.02,33.71,33.94,5630933
WCB,20140312,8.66,8.66,8.35,8.5,3523
WCC,20140312,0.135,0.135,0.135,0.135,68750
WCL,20140312,0.295,0.295,0.29,0.295,1811150
WCN,20140312,0.012,0.012,0.012,0.012,38000
WCP,20140312,0.034,0.034,0.034,0.034,10000
WDC,20140312,10.33,10.48,10.27,10.34,6296673
WDR,20140312,0.475,0.485,0.475,0.475,860075
WDS,20140312,1.125,1.135,1.125,1.135,260466
WEB,20140312,2.92,2.925,2.82,2.86,220306
WEC,20140312,0.16,0.16,0.155,0.155,76960
WES,20140312,43.16,43.38,42.66,43.11,1844145
WFE,20140312,0.029,0.029,0.026,0.026,175000
WGO,20140312,0.032,0.035,0.031,0.033,995000
WHC,20140312,1.735,1.74,1.675,1.695,3253730
WHE,20140312,0.03,0.03,0.03,0.03,309517
WHF,20140312,4.03,4.05,4.03,4.04,31939
WHN,20140312,0.011,0.011,0.011,0.011,4469983
WIC,20140312,1.25,1.26,1.25,1.26,59500
WIN,20140312,0.295,0.31,0.295,0.3,83310
WLR,20140312,0.004,0.004,0.004,0.004,500000
WMK,20140312,1.06,1.075,1.06,1.075,125000
WOR,20140312,16.06,16.1,15.88,15.93,893052
WOW,20140312,36.48,36.54,36.15,36.45,1656142
WPG,20140312,0.035,0.035,0.031,0.031,224000
WPI,20140312,0.029,0.029,0.029,0.029,100000
WPL,20140312,38.12,38.4,38.03,38.36,1678301
WRT,20140312,3.04,3.07,3.03,3.04,9354096
WSA,20140312,3.39,3.39,3.29,3.37,776869
WTF,20140312,2.38,2.4,2.35,2.36,880180
WTP,20140312,0.935,0.94,0.935,0.935,89468
WTR,20140312,0.075,0.075,0.075,0.075,80000
XRF,20140312,0.245,0.245,0.24,0.24,146767
XRO,20140312,42,42,41.1,41.2,51327
XST,20140312,0.046,0.046,0.045,0.045,80000
YAL,20140312,0.63,0.63,0.625,0.625,20250
YBR,20140312,0.505,0.505,0.5,0.5,37277
YOW,20140312,0.77,0.795,0.71,0.75,3207493
YTC,20140312,0.245,0.245,0.245,0.245,30829
ZER,20140312,0.52,0.52,0.52,0.52,5000
ZGL,20140312,0.21,0.21,0.205,0.205,115000
ZIM,20140312,6.8,6.8,6.8,6.8,6127
ZNZ,20140312,3.61,3.68,3.61,3.68,7005
ZRL,20140312,0.115,0.12,0.115,0.12,4790
XAF,20140312,5495.4,5495.4,5429.1,5467.6,0
XAO,20140312,5429.3,5429.3,5362.9,5400.5,0
XAT,20140312,5368.7,5368.7,5300.9,5339.4,0
XDJ,20140312,1896,1896,1856.3,1870,0
XEC,20140312,1167.6,1167.6,1157.6,1162.7,0
XEJ,20140312,13892.1,13892.1,13620.2,13721.5,0
XFJ,20140312,5975.8,5975.8,5896,5932.2,0
XFL,20140312,5562.3,5562.3,5494.9,5533.7,0
XGD,20140312,2490.3,2599.8,2478.2,2596.5,0
XHJ,20140312,14900.5,14932.3,14842.3,14930.7,0
XIJ,20140312,802,802,789.7,793.2,0
XJO,20140312,5413.8,5413.8,5345.9,5384.2,0
XJR,20140312,4078,4080.6,4025.8,4078,0
XKO,20140312,5365.7,5365.7,5298.8,5336.8,0
XMD,20140312,4562.4,4562.4,4492.1,4536.3,0
XMJ,20140312,9963.9,9999,9860.2,9992.3,0
XMM,20140312,3204.2,3223,3173.1,3221.3,0
XNJ,20140312,4120.3,4120.3,4046,4078.5,0
XPJ,20140312,1021.4,1021.5,1012.6,1016.7,0
XSJ,20140312,10167.5,10170.9,10028.6,10107.6,0
XSO,20140312,2236.3,2236.3,2202.6,2218.9,0
XTJ,20140312,1773,1776,1761.7,1772.4,0
XTL,20140312,3392.2,3392.2,3350.5,3375.9,0
XTO,20140312,4493.3,4493.3,4438.2,4469.9,0
XUJ,20140312,5612.6,5612.6,5536.2,5564.7,0
XXJ,20140312,7078,7078,6976.2,7023.3,0
