AAA,20140624,50.19,50.2,50.19,50.19,163672
AAC,20140624,1.2,1.22,1.19,1.21,208939
AAD,20140624,2.73,2.75,2.7,2.75,489438
AAJ,20140624,0.04,0.04,0.037,0.037,27000
AAK,20140624,0.001,0.001,0.001,0.001,14400
AAP,20140624,0.01,0.011,0.01,0.011,1208500
AAR,20140624,0.011,0.011,0.011,0.011,340000
AAU,20140624,0.062,0.062,0.062,0.062,500
AAX,20140624,0.49,0.495,0.48,0.48,319332
ABC,20140624,3.4,3.45,3.36,3.43,3285958
ABP,20140624,2.52,2.52,2.49,2.5,628093
ABU,20140624,0.02,0.021,0.019,0.019,2847508
ABW,20140624,1.055,1.055,1.055,1.055,3791
ABY,20140624,0.2,0.2,0.19,0.19,199288
ABZ,20140624,0.23,0.23,0.225,0.23,125221
ACB,20140624,0.047,0.047,0.045,0.045,201559
ACG,20140624,0.1,0.1,0.098,0.1,177760
ACJ,20140624,0.002,0.002,0.002,0.002,2000000
ACK,20140624,0.23,0.23,0.23,0.23,2400
ACL,20140624,0.505,0.51,0.505,0.505,96374
ACQ,20140624,0.86,0.88,0.85,0.875,170786
ACR,20140624,1.14,1.14,1.07,1.075,2284134
ACS,20140624,0.195,0.195,0.19,0.19,4999
ACW,20140624,0.011,0.011,0.011,0.011,38626
ADJ,20140624,0.105,0.105,0.105,0.105,828292
ADN,20140624,0.04,0.04,0.04,0.04,19084
ADO,20140624,0.195,0.195,0.19,0.19,178360
ADX,20140624,0.013,0.013,0.013,0.013,100000
ADY,20140624,0.012,0.012,0.012,0.012,278400
AEB,20140624,0.092,0.095,0.092,0.095,50200
AEE,20140624,0.02,0.022,0.019,0.022,164000
AEF,20140624,35.01,35.01,35.01,35.01,113
AEI,20140624,0.105,0.105,0.105,0.105,20000
AEK,20140624,0.08,0.085,0.078,0.084,410136
AEM,20140624,0.013,0.013,0.013,0.013,38465
AFA,20140624,0.18,0.18,0.18,0.18,60000
AFI,20140624,6.11,6.15,6.07,6.08,291027
AFJ,20140624,1.2,1.215,1.16,1.2,560060
AFR,20140624,0.081,0.081,0.08,0.08,141390
AFV,20140624,0.585,0.6,0.585,0.6,37260
AGD,20140624,0.075,0.075,0.075,0.075,20000
AGF,20140624,0.67,0.675,0.67,0.67,392132
AGG,20140624,3.56,3.56,3.56,3.56,100
AGI,20140624,3.78,3.78,3.755,3.77,657243
AGJ,20140624,0.095,0.095,0.091,0.091,40000
AGK,20140624,15.13,15.225,15.09,15.19,950087
AGO,20140624,0.68,0.685,0.63,0.63,18653292
AGR,20140624,0.041,0.042,0.041,0.042,490800
AGS,20140624,0.175,0.175,0.17,0.17,86584
AGX,20140624,0.013,0.013,0.012,0.012,28207
AHD,20140624,9.5,9.5,8.86,8.93,22282
AHE,20140624,3.66,3.7,3.62,3.65,248190
AHZ,20140624,0.14,0.145,0.137,0.14,3490699
AIA,20140624,3.52,3.54,3.51,3.54,102903
AIK,20140624,0.115,0.12,0.115,0.12,412500
AIO,20140624,5.6,5.665,5.55,5.64,5724116
AIQ,20140624,0.13,0.13,0.13,0.13,175643
AIR,20140624,0.135,0.135,0.135,0.135,38
AIV,20140624,0.018,0.018,0.018,0.018,320000
AIX,20140624,0.004,0.004,0.004,0.004,217900
AIZ,20140624,2.1,2.11,2.1,2.11,2396
AJA,20140624,4.04,4.06,3.99,4.06,26428
AJC,20140624,0.006,0.006,0.006,0.006,130000
AJD,20140624,1.085,1.09,1.07,1.075,77892
AJL,20140624,0.88,0.9,0.87,0.89,91886
AJM,20140624,0.15,0.15,0.14,0.14,267904
AJQ,20140624,0.17,0.17,0.165,0.165,76100
AJR,20140624,0.001,0.001,0.001,0.001,16500
AJX,20140624,0.11,0.11,0.11,0.11,373328
AKA,20140624,0.083,0.09,0.083,0.09,500000
AKF,20140624,0.15,0.15,0.145,0.15,337000
AKG,20140624,1.12,1.12,1.1,1.1,9090
AKK,20140624,0.012,0.013,0.012,0.013,79430966
AKM,20140624,0.038,0.038,0.037,0.037,125000
AKP,20140624,4.26,4.26,4.26,4.26,104
ALA,20140624,0.205,0.21,0.2,0.21,507842
ALF,20140624,1.73,1.73,1.72,1.725,444607
ALK,20140624,0.265,0.265,0.26,0.26,327890
ALL,20140624,5.49,5.51,5.4,5.47,1588346
ALQ,20140624,9.05,9.05,8.88,8.96,1067228
ALR,20140624,1.27,1.275,1.27,1.275,73146
ALT,20140624,0.048,0.049,0.046,0.046,557458
ALU,20140624,2.3,2.39,2.3,2.35,25965
ALY,20140624,0.017,0.019,0.017,0.018,174100
ALZ,20140624,4.6,4.6,4.59,4.59,2819173
AMA,20140624,0.27,0.28,0.27,0.28,3005379
AMC,20140624,10.47,10.53,10.35,10.41,2139013
AMH,20140624,0.945,0.95,0.94,0.95,48310
AMI,20140624,0.225,0.225,0.22,0.22,406131
AMM,20140624,2.08,2.095,2.03,2.07,488381
AMP,20140624,5.36,5.37,5.31,5.32,5913598
AMT,20140624,0.06,0.06,0.06,0.06,1402
ANG,20140624,1.65,1.65,1.53,1.62,195996
ANI,20140624,2.03,2.04,2.025,2.03,380506
ANN,20140624,19.88,19.99,19.77,19.93,413035
ANO,20140624,0.014,0.014,0.014,0.014,320000
ANP,20140624,0.14,0.15,0.14,0.145,99384
ANQ,20140624,0.008,0.008,0.008,0.008,30000
ANW,20140624,0.004,0.005,0.004,0.005,110000
ANZ,20140624,33.9,33.95,33.595,33.62,5083754
AOC,20140624,0.12,0.125,0.12,0.12,350000
AOD,20140624,0.98,0.98,0.98,0.98,1045
AOG,20140624,2.11,2.12,2.06,2.1,543238
AOH,20140624,0.16,0.16,0.16,0.16,99833
AOK,20140624,0.2,0.2,0.2,0.2,622430
AON,20140624,0.023,0.027,0.023,0.026,360000
AOU,20140624,0.075,0.075,0.075,0.075,8000
APA,20140624,7.1,7.12,7.06,7.08,1196453
APD,20140624,0.275,0.275,0.275,0.275,10000
APE,20140624,5.69,5.93,5.51,5.7,31953
APG,20140624,0.018,0.02,0.018,0.018,2965250
API,20140624,0.58,0.6,0.58,0.6,1431232
APN,20140624,0.795,0.795,0.785,0.785,2607439
APP,20140624,0.019,0.019,0.018,0.018,90000
APW,20140624,0.11,0.11,0.11,0.11,1190000
APY,20140624,0.018,0.018,0.018,0.018,252000
APZ,20140624,1.24,1.26,1.24,1.26,78655
AQA,20140624,3.37,3.39,3.37,3.38,648567
AQC,20140624,0.005,0.005,0.005,0.005,3368000
AQD,20140624,0.012,0.012,0.011,0.011,441210
AQG,20140624,2.73,2.76,2.7,2.75,485351
AQO,20140624,0.375,0.38,0.375,0.375,818528
AQP,20140624,0.47,0.47,0.455,0.455,568094
AQQ,20140624,0.013,0.013,0.013,0.013,9000
AQZ,20140624,1.09,1.125,1.09,1.125,13453
ARD,20140624,0.025,0.025,0.024,0.024,125657
ARE,20140624,0.022,0.026,0.022,0.026,364372
ARF,20140624,1.2,1.21,1.195,1.21,22153
ARG,20140624,7.53,7.55,7.49,7.52,153128
ARH,20140624,0.021,0.021,0.021,0.021,75500
ARI,20140624,0.865,0.87,0.81,0.825,24641659
ARM,20140624,0.049,0.05,0.048,0.05,50473
ARP,20140624,12.21,12.36,12.1,12.3,36556
ARU,20140624,0.059,0.061,0.058,0.058,1013199
ARV,20140624,0.002,0.002,0.002,0.002,532017
ARW,20140624,0.215,0.215,0.17,0.17,56714
ARX,20140624,0.004,0.004,0.003,0.003,677273
ASB,20140624,1.26,1.27,1.255,1.26,1094745
ASL,20140624,0.81,0.825,0.805,0.825,668426
ASW,20140624,0.65,0.65,0.65,0.65,5800
ASX,20140624,35.36,35.59,35.27,35.51,335270
ASZ,20140624,0.415,0.415,0.41,0.415,288686
ATU,20140624,1.75,1.795,1.735,1.74,52514
ATV,20140624,0.017,0.017,0.017,0.017,50000
AUB,20140624,10.37,10.39,10.15,10.25,37619
AUC,20140624,0.044,0.044,0.044,0.044,30000
AUF,20140624,1.02,1.02,1.02,1.02,9100
AUI,20140624,8.12,8.14,8.12,8.14,4373
AUK,20140624,0.032,0.032,0.03,0.03,1611660
AUQ,20140624,0.053,0.053,0.048,0.049,824097
AUZ,20140624,0.003,0.003,0.003,0.003,340355
AVB,20140624,0.089,0.095,0.089,0.089,5197779
AVG,20140624,0.33,0.33,0.33,0.33,330904
AVH,20140624,0.11,0.115,0.11,0.115,301081
AVI,20140624,0.009,0.009,0.009,0.009,100000
AVJ,20140624,0.57,0.57,0.57,0.57,4062
AVQ,20140624,0.017,0.017,0.016,0.017,4781995
AVX,20140624,0.013,0.014,0.013,0.014,780088
AWC,20140624,1.37,1.38,1.335,1.34,9857622
AWE,20140624,1.89,1.89,1.81,1.86,2501760
AWI,20140624,0.255,0.255,0.25,0.25,178624
AWN,20140624,0.89,0.89,0.89,0.89,8989
AWV,20140624,0.035,0.035,0.035,0.035,45000
AXC,20140624,0.003,0.003,0.003,0.003,817855
AXE,20140624,0.145,0.15,0.14,0.14,317057
AYA,20140624,0.32,0.32,0.3,0.3,143500
AYD,20140624,101.35,101.35,101.35,101.35,1500
AYF,20140624,6.47,6.48,6.47,6.48,2175
AYG,20140624,0.003,0.003,0.003,0.003,200000
AYH,20140624,100.83,100.83,100.75,100.75,1400
AYJ,20140624,93.9,93.9,93.9,93.9,130
AYK,20140624,90.51,90.51,90.51,90.51,530
AYM,20140624,0.004,0.004,0.004,0.004,50000
AZJ,20140624,5,5.01,4.96,5,3551901
AZK,20140624,0.021,0.023,0.019,0.023,230000
AZM,20140624,0.043,0.044,0.042,0.043,793488
AZQ,20140624,0.23,0.24,0.215,0.235,191000
AZS,20140624,0.029,0.03,0.029,0.029,483400
AZV,20140624,0.345,0.345,0.34,0.34,87659
AZY,20140624,0.012,0.013,0.012,0.013,419806
AZZ,20140624,0.505,0.515,0.49,0.505,523509
BAB,20140624,0.075,0.076,0.073,0.073,613232
BAF,20140624,1.01,1.01,1,1,87430
BAP,20140624,2.04,2.06,2.02,2.05,299200
BAR,20140624,0.01,0.011,0.01,0.01,419810
BAS,20140624,0.005,0.005,0.005,0.005,341502
BAU,20140624,0.14,0.14,0.135,0.135,91507
BBG,20140624,0.49,0.495,0.48,0.49,1294881
BBR,20140624,0.59,0.7,0.59,0.65,448682
BCI,20140624,3.31,3.32,3.24,3.27,1274436
BCK,20140624,0.053,0.055,0.053,0.055,96157
BCN,20140624,0.004,0.004,0.004,0.004,912999
BDI,20140624,0.001,0.003,0.001,0.002,7365200
BDR,20140624,0.65,0.67,0.645,0.655,4115954
BEAR,20140624,18.01,18.07,18.01,18.06,7242
BEN,20140624,12.3,12.33,12.16,12.29,732059
BFE,20140624,0.011,0.014,0.01,0.012,9767315
BFG,20140624,0.57,0.57,0.55,0.55,41487
BGA,20140624,4.97,4.98,4.88,4.93,133591
BGG,20140624,0.09,0.09,0.09,0.09,182500
BGL,20140624,0.89,0.89,0.877,0.88,76811
BGS,20140624,0.012,0.012,0.011,0.011,5199340
BHP,20140624,36.59,36.7,36.34,36.46,5408457
BIS,20140624,0.28,0.29,0.28,0.28,20444
BIT,20140624,0.105,0.105,0.105,0.105,31900
BKI,20140624,1.655,1.675,1.645,1.675,164451
BKL,20140624,27,27.4,27,27,1480
BKN,20140624,3.65,3.755,3.62,3.72,863512
BKP,20140624,0.002,0.002,0.001,0.001,2449000
BKW,20140624,13.71,13.71,13.54,13.57,22645
BKY,20140624,0.255,0.26,0.255,0.26,36229
BLA,20140624,2.58,2.64,2.58,2.6,65802
BLD,20140624,5.27,5.29,5.22,5.26,1250235
BLG,20140624,0.13,0.135,0.13,0.13,199567
BLK,20140624,0.2,0.2,0.2,0.2,30750
BLR,20140624,0.005,0.005,0.005,0.005,2412944
BLT,20140624,1.17,1.17,1.12,1.12,204856
BLX,20140624,1.025,1.025,1.02,1.02,40229
BLY,20140624,0.205,0.207,0.195,0.195,1295432
BMB,20140624,0.076,0.08,0.076,0.08,188301
BMG,20140624,0.003,0.003,0.003,0.003,5117500
BML,20140624,0.022,0.024,0.021,0.022,12701001
BMN,20140624,0.072,0.075,0.07,0.07,77906
BMY,20140624,0.008,0.008,0.008,0.008,200000
BNE,20140624,0.019,0.019,0.018,0.018,641000
BNO,20140624,0.565,0.585,0.48,0.53,2069677
BNR,20140624,0.011,0.011,0.011,0.011,50000
BOC,20140624,0.49,0.505,0.49,0.505,8458
BOE,20140624,0.024,0.026,0.024,0.024,1327415
BOL,20140624,0.13,0.13,0.125,0.125,1399046
BOQ,20140624,12.44,12.47,12.35,12.47,1174715
BPA,20140624,4.38,4.38,4.38,4.38,10000
BPF,20140624,0.305,0.305,0.305,0.305,100000
BPG,20140624,0.001,0.001,0.001,0.001,33334
BPH,20140624,0.008,0.008,0.008,0.008,271818
BPL,20140624,0.033,0.033,0.033,0.033,19929
BPO,20140624,0.003,0.003,0.003,0.003,1130000
BPT,20140624,1.735,1.735,1.707,1.73,4994460
BRD,20140624,0.001,0.001,0.001,0.001,800000
BRG,20140624,8.34,8.44,8.29,8.38,391461
BRL,20140624,0.048,0.048,0.047,0.048,497716
BRU,20140624,1.145,1.155,1.14,1.15,558768
BSA,20140624,0.1,0.1,0.095,0.1,425000
BSE,20140624,0.33,0.33,0.33,0.33,2091867
BSL,20140624,5.73,5.75,5.625,5.65,2653495
BSM,20140624,0.002,0.002,0.002,0.002,31334
BSP,20140624,0.009,0.009,0.009,0.009,300000
BSR,20140624,0.007,0.007,0.006,0.007,4899317
BTC,20140624,0.025,0.025,0.025,0.025,100000
BTN,20140624,0.006,0.006,0.006,0.006,1320500
BTR,20140624,0.16,0.16,0.16,0.16,7100
BTT,20140624,6.37,6.5,6.35,6.47,155898
BUE,20140624,0.004,0.004,0.004,0.004,1060520
BUG,20140624,0.51,0.51,0.51,0.51,13000
BUL,20140624,0.05,0.05,0.048,0.049,1162671
BUR,20140624,0.016,0.017,0.016,0.017,452320
BUX,20140624,0.275,0.295,0.27,0.285,118454
BUY,20140624,0.012,0.012,0.011,0.012,3417810
BWP,20140624,2.59,2.6,2.56,2.57,889867
BXB,20140624,9.06,9.075,8.99,9.02,2169794
BXN,20140624,0.016,0.016,0.016,0.016,340887
BYE,20140624,0.7,0.71,0.7,0.7,66850
BYI,20140624,1.3,1.3,1.16,1.16,129604
BYL,20140624,0.395,0.395,0.395,0.395,21000
BYR,20140624,0.02,0.02,0.019,0.02,330500
CAA,20140624,0.11,0.12,0.11,0.12,1434812
CAB,20140624,4.06,4.12,4.06,4.09,287805
CAD,20140624,0.005,0.005,0.005,0.005,1139814
CAF,20140624,0.365,0.37,0.365,0.37,55555
CAJ,20140624,0.44,0.445,0.43,0.44,907526
CAM,20140624,0.975,0.98,0.975,0.98,27214
CAP,20140624,0.082,0.082,0.07,0.07,84619
CAS,20140624,0.34,0.35,0.335,0.345,964597
CAY,20140624,0.048,0.07,0.048,0.07,2235463
CAZ,20140624,0.061,0.062,0.058,0.06,170871
CBA,20140624,81.61,81.72,81.4,81.58,1834784
CBQ,20140624,0.003,0.003,0.003,0.003,1999499
CBS,20140624,0.019,0.02,0.019,0.02,390770
CBX,20140624,0.016,0.017,0.016,0.017,162500
CCF,20140624,0.02,0.02,0.02,0.02,125000
CCL,20140624,9.16,9.18,9.12,9.14,2332266
CCP,20140624,8.74,8.77,8.645,8.74,28450
CCV,20140624,1.09,1.095,1.07,1.075,152044
CCZ,20140624,0.003,0.003,0.003,0.003,10000
CDA,20140624,0.775,0.785,0.76,0.77,147432
CDD,20140624,6.53,6.57,6.42,6.42,149123
CDG,20140624,0.095,0.099,0.095,0.099,110000
CDM,20140624,1.475,1.475,1.46,1.46,72855
CDP,20140624,5.8,5.83,5.79,5.83,8088
CDU,20140624,1.74,1.78,1.72,1.75,167440
CDY,20140624,0.027,0.027,0.026,0.026,815000
CEL,20140624,0.081,0.081,0.079,0.079,710500
CES,20140624,0.006,0.006,0.006,0.006,42369
CFE,20140624,0.078,0.079,0.077,0.077,1171834
CFU,20140624,0.013,0.014,0.012,0.013,2831545
CFX,20140624,2.11,2.125,2.1,2.11,9563678
CGF,20140624,7.51,7.55,7.45,7.47,1367024
CGH,20140624,0.37,0.375,0.37,0.375,71000
CGN,20140624,0.081,0.082,0.081,0.081,10888
CGR,20140624,0.24,0.24,0.235,0.235,230440
CGU,20140624,0.018,0.02,0.018,0.02,250000
CHC,20140624,4.42,4.44,4.39,4.4,782065
CHF,20140624,0.055,0.055,0.055,0.055,170827
CHN,20140624,0.15,0.15,0.15,0.15,87432
CHZ,20140624,0.098,0.1,0.098,0.1,1554
CIA,20140624,0.37,0.39,0.365,0.375,104000
CIN,20140624,27.2,27.3,27.2,27.3,1236
CIR,20140624,0.215,0.22,0.2,0.22,121400
CIW,20140624,0.785,0.785,0.785,0.785,15000
CIX,20140624,0.34,0.34,0.32,0.32,73040
CKA,20140624,0.145,0.147,0.135,0.14,544769
CKF,20140624,2.04,2.06,2.03,2.06,60878
CKK,20140624,0.008,0.008,0.008,0.008,813138
CKL,20140624,0.64,0.64,0.64,0.64,4000
CLA,20140624,0.001,0.001,0.001,0.001,3742000
CLH,20140624,1.82,1.84,1.81,1.84,182051
CLQ,20140624,0.059,0.059,0.05,0.05,7633399
CLV,20140624,0.43,0.43,0.43,0.43,12700
CLX,20140624,2.06,2.08,1.95,1.95,80450
CLY,20140624,0.008,0.008,0.008,0.008,19000
CLZ,20140624,0.025,0.025,0.025,0.025,100000
CMC,20140624,0.033,0.033,0.033,0.033,25000
CMG,20140624,0.34,0.35,0.34,0.345,874945
CMI,20140624,1.56,1.56,1.485,1.485,24017
CMT,20140624,0.135,0.135,0.135,0.135,60000
CMW,20140624,0.995,1,0.985,0.985,3313139
CMY,20140624,0.004,0.005,0.004,0.004,9927200
CND,20140624,0.235,0.235,0.235,0.235,7644
CNI,20140624,0.8,0.805,0.8,0.805,28470
CNL,20140624,0.04,0.04,0.04,0.04,20000
CNN,20140624,0.003,0.003,0.003,0.003,5000000
CNQ,20140624,0.099,0.1,0.097,0.097,642658
CNU,20140624,1.58,1.585,1.575,1.58,82807
CNX,20140624,0.016,0.017,0.015,0.015,1478348
COD,20140624,0.03,0.03,0.029,0.03,1435000
COE,20140624,0.51,0.525,0.505,0.515,36597
COF,20140624,0.24,0.24,0.235,0.24,324934
COH,20140624,60.95,60.95,60.34,60.39,186388
COI,20140624,0.145,0.145,0.14,0.14,65000
COK,20140624,0.027,0.028,0.027,0.027,2622509
COM,20140624,0.03,0.03,0.03,0.03,165000
COT,20140624,0.07,0.07,0.07,0.07,80000
COY,20140624,0.015,0.015,0.015,0.015,71248
COZ,20140624,0.059,0.059,0.055,0.055,500000
CPD,20140624,0.03,0.03,0.03,0.03,3800
CPL,20140624,0.062,0.067,0.062,0.062,1760558
CPU,20140624,12.37,12.44,12.33,12.4,945269
CQC,20140624,0.09,0.09,0.08,0.08,215000
CQR,20140624,4.03,4.05,3.94,4,1429141
CRB,20140624,0.03,0.033,0.03,0.031,1021433
CRH,20140624,0.42,0.425,0.415,0.415,1056657
CRM,20140624,0.25,0.25,0.25,0.25,6500
CRZ,20140624,10.8,10.8,10.66,10.72,528319
CSD,20140624,0.056,0.056,0.056,0.056,35000
CSE,20140624,0.24,0.245,0.24,0.245,340611
CSL,20140624,67.31,67.335,66.91,67.01,1510523
CSR,20140624,3.55,3.59,3.53,3.57,1098788
CSS,20140624,0.045,0.045,0.044,0.044,804383
CSV,20140624,1,1.005,0.94,0.955,179149
CTD,20140624,6.24,6.43,6.24,6.35,71243
CTE,20140624,0.4,0.4,0.4,0.4,20000
CTM,20140624,0.059,0.06,0.059,0.06,59459
CTN,20140624,1.015,1.02,1,1,613436
CTO,20140624,0.021,0.024,0.021,0.024,4974575
CTP,20140624,0.337,0.345,0.33,0.34,1092464
CTR,20140624,0.01,0.01,0.01,0.01,1018800
CTX,20140624,21.55,21.65,21.37,21.59,613501
CTY,20140624,15.03,16.99,15.03,16.4,652
CUE,20140624,0.115,0.115,0.115,0.115,42149
CUL,20140624,0.013,0.014,0.012,0.013,1719743
CUP,20140624,1.745,1.75,1.745,1.75,11527
CUU,20140624,0.018,0.018,0.017,0.017,278049
CUV,20140624,1.64,1.64,1.6,1.63,5073
CUX,20140624,0.009,0.009,0.009,0.009,3084
CVG,20140624,0.011,0.011,0.01,0.01,1623715
CVN,20140624,0.07,0.078,0.07,0.076,5022191
CVO,20140624,1.985,1.985,1.92,1.93,1843650
CVV,20140624,0.01,0.01,0.01,0.01,282000
CVW,20140624,0.78,0.795,0.78,0.78,19740
CWE,20140624,0.05,0.05,0.049,0.049,1214983
CWN,20140624,15.07,15.11,14.91,14.98,2059404
CWP,20140624,7.35,7.35,7.275,7.29,23035
CXM,20140624,0.087,0.093,0.085,0.09,183700
CXO,20140624,0.042,0.042,0.041,0.041,471828
CXU,20140624,0.39,0.39,0.36,0.365,668837
CXX,20140624,0.2,0.2,0.18,0.19,465017
CYA,20140624,0.89,0.89,0.89,0.89,40181
CYG,20140624,2.85,2.86,2.85,2.85,18198
CYO,20140624,0.001,0.001,0.001,0.001,128433
CYP,20140624,0.475,0.475,0.47,0.47,80106
CYU,20140624,0.025,0.025,0.025,0.025,1000
CZA,20140624,0.069,0.07,0.069,0.07,3500
CZD,20140624,0.11,0.115,0.11,0.115,81390
CZI,20140624,0.16,0.165,0.16,0.165,68488
CZN,20140624,0.006,0.007,0.006,0.007,2150100
CZR,20140624,0.02,0.021,0.02,0.021,627126
CZZ,20140624,5.95,5.95,5.95,5.95,2390
DAF,20140624,0.006,0.006,0.006,0.006,194000
DAU,20140624,0.019,0.019,0.019,0.019,10000
DCC,20140624,0.33,0.335,0.32,0.335,217956
DCG,20140624,1.79,1.847,1.77,1.84,560022
DCN,20140624,0.295,0.345,0.295,0.345,20398
DDT,20140624,0.022,0.022,0.021,0.021,1488428
DEG,20140624,0.002,0.002,0.002,0.002,5319612
DGA,20140624,1.66,1.66,1.66,1.66,500
DGH,20140624,0.8,0.8,0.8,0.8,2000
DGR,20140624,0.029,0.029,0.028,0.028,351049
DGX,20140624,0.04,0.041,0.037,0.037,527286
DIG,20140624,0.018,0.018,0.018,0.018,455785
DIV,20140624,20.6,20.6,20.6,20.6,750
DJS,20140624,3.95,3.96,3.94,3.94,5467969
DJW,20140624,4.67,4.68,4.65,4.68,53575
DLS,20140624,1.52,1.53,1.5,1.515,824729
DLX,20140624,5.62,5.67,5.62,5.67,891776
DME,20140624,0.245,0.245,0.245,0.245,6500
DMG,20140624,0.021,0.021,0.021,0.021,220000
DMI,20140624,0.047,0.047,0.043,0.047,253261
DML,20140624,0.027,0.028,0.026,0.026,974459
DMP,20140624,20.84,21.04,20.6,21.01,196028
DMY,20140624,0.004,0.004,0.004,0.004,1817065
DNA,20140624,0.845,0.875,0.84,0.845,1495625
DOW,20140624,4.37,4.44,4.275,4.41,3564070
DRG,20140624,0.016,0.016,0.016,0.016,14929
DRK,20140624,0.027,0.029,0.027,0.028,3469546
DRM,20140624,0.825,0.845,0.82,0.845,151921
DRX,20140624,0.008,0.008,0.008,0.008,937500
DSB,20140624,0.125,0.125,0.12,0.12,38000
DSH,20140624,1.91,1.942,1.9,1.93,352096
DSX,20140624,0.28,0.285,0.28,0.28,84706
DTE,20140624,0.175,0.177,0.175,0.175,1021350
DTL,20140624,0.655,0.665,0.645,0.645,217847
DTM,20140624,0.019,0.02,0.018,0.018,352158
DUE,20140624,2.45,2.47,2.44,2.45,5621398
DUI,20140624,3.6,3.62,3.59,3.62,39256
DUO,20140624,0.022,0.022,0.022,0.022,211500
DVA,20140624,0.03,0.03,0.028,0.028,217116
DVI,20140624,0.014,0.014,0.014,0.014,3300
DVL,20140624,0.415,0.43,0.415,0.43,32879
DVN,20140624,0.89,0.89,0.87,0.88,24990
DWS,20140624,1.14,1.15,1.14,1.15,28635
DXS,20140624,1.135,1.165,1.135,1.155,20300171
DYE,20140624,0.22,0.225,0.22,0.225,78002
DYL,20140624,0.016,0.017,0.016,0.016,229562
EAF,20140624,0.004,0.004,0.004,0.004,3200
EAL,20140624,0.56,0.565,0.56,0.56,129805
EAR,20140624,0.125,0.13,0.12,0.12,217000
EAX,20140624,3.25,3.35,3.2,3.35,11337
EBT,20140624,3.61,3.63,3.6,3.6,323130
EDE,20140624,0.013,0.014,0.013,0.014,817568
EEG,20140624,0.086,0.087,0.085,0.085,184857
EER,20140624,0.019,0.019,0.019,0.019,20000
EEU,20140624,14.27,14.27,14.27,14.27,105
EGG,20140624,1.05,1.05,1.04,1.05,31555
EGH,20140624,0.125,0.125,0.125,0.125,20000
EGN,20140624,0.13,0.13,0.11,0.13,138929
EGO,20140624,0.009,0.01,0.009,0.009,2960500
EGP,20140624,3.16,3.2,3.14,3.18,4944532
EHL,20140624,0.21,0.21,0.2,0.2,1156157
ELD,20140624,0.16,0.175,0.16,0.175,5745731
ELK,20140624,0.115,0.115,0.11,0.11,95044
ELM,20140624,0.255,0.265,0.255,0.265,42783
ELX,20140624,0.34,0.35,0.34,0.34,43000
EMA,20140624,0.056,0.056,0.054,0.055,115000
EME,20140624,0.13,0.13,0.13,0.13,9000
EML,20140624,0.54,0.58,0.53,0.58,205443
EMR,20140624,0.015,0.015,0.015,0.015,100000
EMX,20140624,0.021,0.021,0.021,0.021,50000
ENE,20140624,5.11,5.11,5.01,5.05,15085
ENR,20140624,0.165,0.165,0.16,0.16,36000
ENT,20140624,0.07,0.088,0.07,0.079,2233566
ENU,20140624,0.04,0.04,0.04,0.04,38650
ENV,20140624,1.355,1.36,1.355,1.355,2712363
EOL,20140624,0.385,0.385,0.35,0.35,95000
EPA,20140624,0.02,0.024,0.02,0.024,49055
EPM,20140624,0.006,0.006,0.006,0.006,100000
EPW,20140624,1.76,1.785,1.73,1.75,818694
EPX,20140624,1.115,1.145,1.115,1.13,254041
EQE,20140624,0.009,0.009,0.009,0.009,10000
EQT,20140624,20.6,20.84,20.2,20.5,2423
EQX,20140624,0.345,0.36,0.34,0.36,112564
ERA,20140624,1.275,1.275,1.24,1.26,539144
ERI,20140624,0.015,0.015,0.015,0.015,1205670
ERJ,20140624,0.006,0.006,0.006,0.006,114530
ERM,20140624,0.036,0.04,0.036,0.039,939684
ESI,20140624,0.003,0.003,0.003,0.003,7867578
ESN,20140624,0.001,0.001,0.001,0.001,1627650
ESR,20140624,0.092,0.092,0.085,0.085,108814
ESV,20140624,0.795,0.805,0.795,0.8,26242
ETE,20140624,0.031,0.031,0.03,0.031,649564
EVE,20140624,0.003,0.003,0.003,0.003,240000
EVM,20140624,0.065,0.065,0.065,0.065,9864
EVN,20140624,0.76,0.76,0.74,0.74,3011790
EVR,20140624,0.81,0.83,0.81,0.825,11742
EVZ,20140624,0.012,0.012,0.012,0.012,82800
EWC,20140624,0.315,0.315,0.3,0.3,125679
EXE,20140624,0.017,0.017,0.016,0.016,318734
EXG,20140624,0.08,0.08,0.075,0.076,683000
EXM,20140624,0.009,0.01,0.009,0.01,76600
EXR,20140624,0.005,0.005,0.005,0.005,1256667
EXU,20140624,0.004,0.004,0.004,0.004,140000
EZL,20140624,1.25,1.25,1.24,1.25,582184
FAN,20140624,1.53,1.55,1.485,1.55,7215
FAS,20140624,0.004,0.004,0.003,0.003,7188228
FBU,20140624,8.19,8.31,8.19,8.28,532095
FCN,20140624,0.012,0.012,0.012,0.012,108163
FDC,20140624,2.59,2.61,2.58,2.59,3109860
FEL,20140624,0.04,0.04,0.035,0.035,223235
FET,20140624,1.69,1.7,1.675,1.675,67045
FFF,20140624,0.011,0.012,0.01,0.012,984500
FLK,20140624,0.22,0.22,0.22,0.22,159091
FLN,20140624,0.97,0.975,0.95,0.975,38836
FLT,20140624,44.51,44.85,44.25,44.5,371623
FMG,20140624,4.41,4.415,4.33,4.36,19001616
FML,20140624,0.011,0.011,0.01,0.01,7148134
FMS,20140624,0.02,0.02,0.019,0.02,1764928
FND,20140624,0.17,0.185,0.17,0.185,331953
FNP,20140624,2.8,2.8,2.72,2.75,40800
FNT,20140624,0.014,0.014,0.014,0.014,20000
FOY,20140624,0.002,0.002,0.002,0.002,3024999
FPH,20140624,4.31,4.35,4.26,4.32,182064
FPS,20140624,1.74,1.74,1.74,1.74,5000
FRE,20140624,0.002,0.002,0.002,0.002,350273
FRI,20140624,1.58,1.595,1.58,1.58,101264
FSA,20140624,1.265,1.27,1.265,1.27,6084
FSF,20140624,5.46,5.5,5.4,5.49,17460
FSI,20140624,1.59,1.59,1.59,1.59,345
FST,20140624,2.65,2.7,2.65,2.7,3971
FTE,20140624,0.006,0.006,0.006,0.006,134202
FTZ,20140624,0.55,0.6,0.55,0.6,9148
FUN,20140624,0.063,0.064,0.062,0.062,398512
FWD,20140624,2.3,2.3,2.22,2.29,244181
FWL,20140624,0.008,0.008,0.008,0.008,940342
FXJ,20140624,0.945,0.955,0.93,0.945,5475572
FXL,20140624,3.17,3.18,3.09,3.1,1274405
FXR,20140624,0.012,0.012,0.012,0.012,256917
FZR,20140624,0.325,0.325,0.32,0.325,300000
GAP,20140624,0.23,0.235,0.225,0.23,361520
GBE,20140624,0.022,0.025,0.021,0.025,11544019
GBG,20140624,0.059,0.06,0.057,0.057,1565782
GBI,20140624,0.3,0.315,0.28,0.3,305936
GBM,20140624,0.009,0.009,0.009,0.009,30000
GBP,20140624,0.072,0.073,0.071,0.071,212000
GBT,20140624,3.16,3.22,3.16,3.18,33795
GBZ,20140624,0.028,0.03,0.028,0.03,311666
GCN,20140624,0.012,0.012,0.012,0.012,575000
GCR,20140624,0.004,0.005,0.004,0.004,1772568
GCS,20140624,0.44,0.44,0.44,0.44,9177
GDI,20140624,0.93,0.94,0.925,0.935,205551
GDY,20140624,0.048,0.048,0.047,0.047,437755
GED,20140624,0.01,0.01,0.01,0.01,14000
GEM,20140624,4.73,4.82,4.71,4.75,1568675
GER,20140624,0.07,0.071,0.07,0.071,52256
GFF,20140624,0.675,0.68,0.67,0.68,2662557
GGG,20140624,0.097,0.098,0.092,0.096,1651270
GHC,20140624,1.335,1.34,1.33,1.33,127372
GID,20140624,0.62,0.62,0.615,0.615,22423
GJT,20140624,1.57,1.575,1.56,1.56,180822
GLA,20140624,0.004,0.004,0.004,0.004,60000
GLH,20140624,0.55,0.55,0.55,0.55,17334
GLL,20140624,0.13,0.13,0.12,0.12,532000
GMA,20140624,3.05,3.11,3.05,3.08,936832
GMD,20140624,0.019,0.019,0.019,0.019,97917
GMG,20140624,5.14,5.23,5.13,5.2,4313893
GML,20140624,0.065,0.065,0.065,0.065,20000
GMM,20140624,0.005,0.005,0.005,0.005,50000
GMR,20140624,0.01,0.01,0.01,0.01,231222
GMX,20140624,0.011,0.013,0.011,0.013,248275
GNC,20140624,8.66,8.69,8.56,8.59,522509
GNE,20140624,1.625,1.635,1.625,1.635,6591
GNG,20140624,0.64,0.68,0.64,0.68,70000
GOLD,20140624,134,134.4,133.83,134.2,9142
GOR,20140624,0.21,0.225,0.21,0.22,2111005
GOW,20140624,2.7,2.7,2.7,2.7,1554
GOZ,20140624,2.51,2.53,2.51,2.53,183031
GPG,20140624,0.62,0.62,0.62,0.62,4824
GPT,20140624,3.96,4.015,3.95,3.98,7133879
GRB,20140624,0.16,0.16,0.16,0.16,122414
GRF,20140624,1.67,1.67,1.67,1.67,43720
GRK,20140624,0.001,0.001,0.001,0.001,393333
GRM,20140624,0.11,0.115,0.11,0.115,51182
GRR,20140624,0.15,0.155,0.15,0.155,1206928
GRY,20140624,0.165,0.175,0.165,0.17,4006300
GSE,20140624,0.002,0.002,0.002,0.002,100000
GTE,20140624,0.024,0.024,0.023,0.023,815000
GTG,20140624,0.037,0.037,0.037,0.037,174430
GUD,20140624,6.2,6.2,6.1,6.12,91786
GUF,20140624,0.062,0.07,0.062,0.07,1212724
GUN,20140624,0.014,0.014,0.014,0.014,25000
GWA,20140624,2.66,2.67,2.61,2.67,581505
GWR,20140624,0.145,0.145,0.135,0.135,105800
GXL,20140624,9.6,9.81,9.46,9.8,243592
GXY,20140624,0.056,0.057,0.052,0.056,2432233
HAO,20140624,0.17,0.17,0.16,0.16,200000
HAR,20140624,0.041,0.041,0.041,0.041,425000
HAS,20140624,0.05,0.055,0.05,0.055,2192500
HAV,20140624,0.165,0.165,0.16,0.16,46255
HAW,20140624,0.024,0.024,0.024,0.024,25096
HAZ,20140624,0.035,0.035,0.034,0.035,369580
HCH,20140624,0.2,0.2,0.19,0.19,239391
HCT,20140624,0.06,0.06,0.06,0.06,16818
HEG,20140624,0.004,0.004,0.004,0.004,614354
HFA,20140624,0.95,0.98,0.95,0.95,31567
HFR,20140624,0.58,0.585,0.56,0.56,224074
HGG,20140624,4.28,4.28,4.205,4.24,1985661
HGL,20140624,0.05,0.05,0.05,0.05,60000
HGO,20140624,0.074,0.074,0.071,0.071,856312
HHL,20140624,1.94,1.96,1.93,1.96,57740
HHV,20140624,1,1.005,1,1,247253
HHY,20140624,0.33,0.335,0.33,0.33,249455
HIG,20140624,0.051,0.051,0.051,0.051,342676
HIL,20140624,1.7,1.715,1.66,1.66,209882
HIT,20140624,0.061,0.061,0.061,0.061,10000
HLO,20140624,0.275,0.275,0.27,0.27,7200
HLX,20140624,0.026,0.026,0.026,0.026,5500
HMX,20140624,0.11,0.11,0.105,0.11,157625
HNG,20140624,0.55,0.55,0.55,0.55,26781
HNR,20140624,0.006,0.006,0.005,0.005,385795
HOG,20140624,0.017,0.018,0.017,0.017,281724
HOM,20140624,0.77,0.77,0.75,0.75,20000
HOR,20140624,0.021,0.021,0.015,0.015,700605
HPI,20140624,2.11,2.13,2.1,2.12,243540
HPR,20140624,0.16,0.175,0.16,0.165,169424
HRL,20140624,0.007,0.007,0.006,0.006,299481
HRR,20140624,0.105,0.12,0.105,0.105,200446
HSK,20140624,0.08,0.086,0.079,0.079,412000
HSN,20140624,1.335,1.345,1.325,1.33,138502
HTA,20140624,0.068,0.07,0.068,0.07,35320
HUB,20140624,0.83,0.85,0.8,0.85,62743
HVN,20140624,3.07,3.09,3.05,3.07,1300171
HZN,20140624,0.385,0.387,0.38,0.38,522632
IAA,20140624,51.14,51.38,51.14,51.3,3533
IAB,20140624,1.3,1.3,1.3,1.3,3850
IAF,20140624,103.46,103.52,103.25,103.46,2557
IAG,20140624,5.76,5.81,5.74,5.8,7193576
IAU,20140624,0.265,0.27,0.257,0.26,1906224
IAW,20140624,0.043,0.043,0.043,0.043,10000
IBG,20140624,0.054,0.059,0.052,0.058,1770047
IBK,20140624,41.04,41.3,41.04,41.3,760
IBY,20140624,0.33,0.35,0.315,0.335,4077014
ICG,20140624,0.021,0.022,0.021,0.022,346935
ICN,20140624,0.137,0.137,0.13,0.13,700172
ICP,20140624,0.053,0.093,0.053,0.093,224830
ICQ,20140624,1.435,1.53,1.435,1.52,630953
IDC,20140624,0.033,0.035,0.031,0.031,3925169
IDO,20140624,0.048,0.054,0.048,0.054,13442
IDR,20140624,2.03,2.04,2.02,2.03,214536
IDT,20140624,0.2,0.2,0.185,0.19,15000
IDZ,20140624,0.665,0.665,0.665,0.665,40000
IEC,20140624,0.024,0.024,0.023,0.023,52466
IEM,20140624,46.22,46.28,46.02,46.15,7852
IEU,20140624,53.58,53.58,53.26,53.41,15008
IFE,20140624,0.063,0.063,0.062,0.063,172936
IFL,20140624,8.34,8.36,8.31,8.35,1178733
IFM,20140624,0.75,0.75,0.74,0.75,246474
IFN,20140624,0.2,0.205,0.2,0.205,1837416
IGB,20140624,102.21,102.23,102.18,102.18,474
IGO,20140624,4.41,4.48,4.36,4.45,2097126
IGS,20140624,0.002,0.002,0.001,0.001,1201640
IHD,20140624,16.84,16.84,16.7,16.73,25155
IHK,20140624,22.09,22.3,22.09,22.3,677
IIL,20140624,0.185,0.185,0.185,0.185,5000
IIN,20140624,7.4,7.43,7.35,7.4,528273
IJH,20140624,151.37,151.37,151.37,151.37,135
IJP,20140624,12.8,12.88,12.71,12.88,25247
IJR,20140624,118.55,118.6,118.53,118.58,1051
IKO,20140624,68.98,69.12,68.98,69.12,681
ILB,20140624,106.86,107.29,106.86,107.29,5016
ILC,20140624,25.08,25.12,24.95,25,33953
ILU,20140624,8.35,8.37,8.28,8.33,1275271
IMA,20140624,0.14,0.145,0.14,0.145,12985
IMC,20140624,0.005,0.005,0.005,0.005,1258143
IMD,20140624,0.675,0.69,0.66,0.67,98021
IMF,20140624,1.87,1.87,1.82,1.835,289586
IMI,20140624,0.001,0.001,0.001,0.001,311490
IMU,20140624,0.015,0.015,0.014,0.015,1532664
INA,20140624,0.49,0.495,0.49,0.49,1303820
IOF,20140624,3.46,3.5,3.44,3.47,1623445
IOH,20140624,0.9,0.9,0.865,0.865,60788
IOO,20140624,86.42,86.46,85.98,86.17,8837
IOZ,20140624,23.68,23.68,23.52,23.58,12777
IPB,20140624,0.25,0.25,0.25,0.25,10000
IPD,20140624,0.19,0.19,0.185,0.185,103700
IPE,20140624,0.485,0.49,0.485,0.485,398813
IPL,20140624,2.77,2.77,2.73,2.76,4726557
IPP,20140624,2.95,3.08,2.95,3,286055
IQE,20140624,2.4,2.4,2.4,2.4,7212
IRC,20140624,0.074,0.074,0.072,0.072,63000
IRD,20140624,0.32,0.32,0.31,0.31,59250
IRE,20140624,8.15,8.19,8.11,8.18,252938
IRG,20140624,0.002,0.003,0.002,0.002,3200000
IRI,20140624,0.985,1.02,0.985,1.02,110974
IRM,20140624,0.015,0.015,0.015,0.015,150000
IRN,20140624,0.15,0.15,0.145,0.145,915885
IRU,20140624,125.05,125.07,124.84,125.07,1297
ISD,20140624,2.34,2.35,2.33,2.34,84908
ISG,20140624,14.65,14.65,14.65,14.65,479
ISN,20140624,0.27,0.27,0.255,0.26,1230175
ISO,20140624,3.9,3.9,3.89,3.89,14695
ISU,20140624,1.12,1.12,1.1,1.1,97624
ITD,20140624,0.21,0.21,0.21,0.21,20284
ITT,20140624,0.018,0.018,0.016,0.016,7159580
ITW,20140624,16.47,16.51,16.47,16.51,513
IVC,20140624,9.92,10.01,9.84,9.99,230334
IVE,20140624,74.42,74.84,74.39,74.5,13915
IVO,20140624,0.035,0.035,0.035,0.035,750
IVR,20140624,0.039,0.041,0.039,0.04,433532
IVV,20140624,210.07,210.07,209.56,210,16217
IVX,20140624,0.076,0.076,0.07,0.071,921205
IXI,20140624,97.26,97.26,97.17,97.25,1798
IXJ,20140624,101.03,101.03,100.49,100.64,2790
IXP,20140624,74,74,74,74,370
IXR,20140624,0.024,0.024,0.022,0.022,23000
IZM,20140624,0.004,0.004,0.003,0.003,1139345
IZZ,20140624,39.7,39.73,39.5,39.58,8331
JAL,20140624,0.155,0.155,0.155,0.155,189500
JBH,20140624,18.2,18.225,17.91,17.99,738016
JCS,20140624,0.048,0.048,0.048,0.048,200000
JHC,20140624,2.62,2.65,2.61,2.61,158028
JHX,20140624,14.06,14.085,13.98,14,620446
JIN,20140624,1.3,1.31,1.28,1.29,103451
JKA,20140624,0.048,0.048,0.046,0.046,2036749
JPR,20140624,0.4,0.4,0.4,0.4,53894
JRL,20140624,0.175,0.175,0.165,0.165,33800
JRV,20140624,0.029,0.029,0.028,0.028,76401
JYC,20140624,0.54,0.54,0.54,0.54,83951
KAB,20140624,0.001,0.001,0.001,0.001,1107000
KAM,20140624,0.69,0.69,0.68,0.68,93745
KAR,20140624,3.29,3.33,3.16,3.18,878797
KAS,20140624,0.081,0.082,0.08,0.08,889542
KBC,20140624,0.185,0.19,0.185,0.19,96000
KBL,20140624,0.04,0.04,0.04,0.04,93299
KCN,20140624,0.945,0.96,0.925,0.95,1074918
KDL,20140624,0.145,0.15,0.145,0.145,71233
KDR,20140624,0.053,0.055,0.051,0.054,997415
KEY,20140624,0.013,0.014,0.013,0.014,546606
KFE,20140624,0.028,0.028,0.028,0.028,55500
KGD,20140624,0.08,0.08,0.08,0.08,26000
KGL,20140624,0.084,0.085,0.084,0.085,100227
KIK,20140624,0.011,0.011,0.01,0.01,100010
KIS,20140624,0.15,0.15,0.15,0.15,5282
KKL,20140624,0.002,0.002,0.002,0.002,2065445
KKO,20140624,0.06,0.06,0.058,0.058,425625
KKT,20140624,0.13,0.13,0.13,0.13,4615
KMD,20140624,2.83,2.99,2.75,2.92,6504690
KNE,20140624,0.035,0.035,0.035,0.035,5270
KNL,20140624,0.155,0.155,0.15,0.155,1014435
KOR,20140624,0.041,0.041,0.041,0.041,102000
KOV,20140624,5.65,5.65,5.49,5.55,83293
KPC,20140624,0.22,0.22,0.215,0.215,11599
KPL,20140624,0.35,0.35,0.35,0.35,97577
KPR,20140624,0.021,0.022,0.021,0.022,50000
KPT,20140624,2.75,2.75,2.75,2.75,905
KRA,20140624,0.022,0.022,0.02,0.02,255632
KRB,20140624,0.047,0.048,0.047,0.048,25000
KRC,20140624,0.13,0.14,0.125,0.13,269500
KRL,20140624,0.009,0.011,0.009,0.011,950000
KRM,20140624,0.51,0.53,0.5,0.5,415646
KRS,20140624,0.2,0.21,0.2,0.2,57000
KSC,20140624,1.25,1.295,1.24,1.25,162918
KSN,20140624,0.015,0.015,0.015,0.015,6500
KTA,20140624,0.185,0.185,0.185,0.185,150000
KTE,20140624,0.008,0.008,0.008,0.008,2000
LAU,20140624,0.33,0.335,0.33,0.335,80000
LBL,20140624,0.087,0.089,0.087,0.087,225124
LBT,20140624,0.13,0.13,0.13,0.13,66307
LCM,20140624,0.79,0.795,0.785,0.79,144447
LCR,20140624,0.006,0.006,0.006,0.006,396000
LCT,20140624,0.051,0.053,0.05,0.053,175000
LCY,20140624,0.015,0.015,0.015,0.015,51265
LEG,20140624,0.006,0.007,0.006,0.007,417763
LEI,20140624,19.75,19.87,19.6,19.75,318396
LEP,20140624,2.98,2.98,2.95,2.96,148086
LGD,20140624,0.3,0.3,0.295,0.295,58387
LGM,20140624,0.003,0.003,0.003,0.003,313330
LHB,20140624,0.19,0.19,0.19,0.19,4000
LHC,20140624,2.23,2.27,2.23,2.27,48700
LIC,20140624,1.5,1.5,1.5,1.5,3277
LIN,20140624,0.004,0.005,0.004,0.005,600000
LKO,20140624,0.003,0.003,0.002,0.003,10101112
LLC,20140624,13.52,13.67,13.49,13.62,1063647
LLO,20140624,0.3,0.3,0.3,0.3,5263
LMB,20140624,0.8,0.84,0.76,0.78,1133133
LMG,20140624,0.005,0.005,0.005,0.005,100000
LMR,20140624,0.03,0.03,0.03,0.03,759000
LMW,20140624,0.45,0.45,0.435,0.435,20600
LNG,20140624,2.26,2.435,2.24,2.38,9242914
LNR,20140624,0.41,0.42,0.41,0.42,1854893
LNY,20140624,0.002,0.002,0.002,0.002,200000
LOM,20140624,0.435,0.435,0.42,0.43,579599
LRL,20140624,0.011,0.011,0.011,0.011,154500
LRR,20140624,0.001,0.001,0.001,0.001,505000
LRS,20140624,0.037,0.037,0.036,0.036,309369
LSR,20140624,0.009,0.009,0.009,0.009,273
LSX,20140624,0.335,0.335,0.32,0.32,30188
LTN,20140624,0.07,0.07,0.069,0.069,70000
LTR,20140624,0.033,0.033,0.033,0.033,50000
LTX,20140624,0.016,0.016,0.016,0.016,100000
LYC,20140624,0.13,0.13,0.125,0.13,2394339
LYL,20140624,2.12,2.14,2.06,2.08,57950
MAD,20140624,0.23,0.235,0.22,0.23,1384327
MAH,20140624,0.105,0.11,0.105,0.105,957447
MAK,20140624,0.08,0.083,0.08,0.081,707050
MAQ,20140624,6,6,6,6,18450
MAR,20140624,0.007,0.007,0.007,0.007,535321
MAT,20140624,0.375,0.38,0.37,0.37,245699
MAU,20140624,0.18,0.19,0.18,0.19,57000
MBC,20140624,0.155,0.155,0.155,0.155,2000
MBE,20140624,0.205,0.205,0.2,0.205,1127678
MBT,20140624,0.008,0.008,0.008,0.008,10400
MCE,20140624,1.26,1.275,1.24,1.24,182564
MCP,20140624,1.11,1.11,1.095,1.095,52436
MCR,20140624,0.84,0.86,0.835,0.86,116723
MCS,20140624,0.45,0.47,0.445,0.455,277469
MDG,20140624,0.195,0.225,0.195,0.225,83835
MDL,20140624,1.57,1.617,1.5,1.58,95291
MED,20140624,0.071,0.071,0.068,0.071,112768
MEI,20140624,0.023,0.023,0.023,0.023,52173
MEL,20140624,0.05,0.051,0.049,0.051,1224330
MEO,20140624,0.027,0.027,0.026,0.026,1515141
MEP,20140624,0.099,0.099,0.096,0.096,15480
MEU,20140624,0.014,0.014,0.014,0.014,663939
MEY,20140624,0.003,0.003,0.003,0.003,1820300
MFF,20140624,1.46,1.47,1.44,1.455,334811
MFG,20140624,10.99,11.08,10.92,11,598878
MGB,20140624,0.1,0.1,0.1,0.1,130000
MGL,20140624,0.029,0.029,0.029,0.029,3526
MGR,20140624,1.82,1.842,1.815,1.82,8613422
MGX,20140624,0.735,0.735,0.69,0.72,3738945
MHC,20140624,0.046,0.046,0.046,0.046,15000
MHM,20140624,0.012,0.013,0.012,0.013,170830
MIN,20140624,9.5,9.58,9.39,9.49,2202234
MIR,20140624,2.64,2.64,2.6,2.63,42295
MIX,20140624,0.165,0.165,0.165,0.165,414583
MIZ,20140624,0.003,0.003,0.003,0.003,3975000
MKB,20140624,0.25,0.25,0.235,0.24,2789083
MKO,20140624,0.02,0.021,0.02,0.021,300000
MLA,20140624,0.155,0.155,0.155,0.155,30395
MLB,20140624,1.725,1.735,1.62,1.62,83562
MLD,20140624,1.785,1.845,1.775,1.845,550834
MLI,20140624,0.054,0.054,0.054,0.054,1700
MLM,20140624,0.03,0.035,0.029,0.035,832919
MLS,20140624,0.004,0.004,0.004,0.004,434400
MLT,20140624,4.6,4.9,4.5,4.5,170386
MLX,20140624,0.26,0.26,0.25,0.255,884392
MMC,20140624,0.012,0.012,0.011,0.011,657568
MML,20140624,1.92,1.955,1.905,1.945,1597695
MMR,20140624,0.033,0.036,0.033,0.036,95700
MMS,20140624,9.46,9.47,9.28,9.36,239805
MMX,20140624,0.047,0.047,0.047,0.047,67000
MNC,20140624,0.018,0.018,0.018,0.018,1819151
MND,20140624,15.69,15.84,15.67,15.73,211035
MNE,20140624,0.023,0.024,0.022,0.022,1601479
MNF,20140624,2.4,2.455,2.38,2.42,57983
MNM,20140624,0.018,0.02,0.018,0.018,253666
MNW,20140624,0.22,0.22,0.205,0.205,439673
MNY,20140624,1,1.035,0.97,1.035,115027
MNZ,20140624,1.42,1.42,1.4,1.4,28286
MOC,20140624,2.77,2.79,2.76,2.79,1307
MOD,20140624,0.009,0.01,0.009,0.009,339285
MOO,20140624,0.004,0.004,0.004,0.004,1199333
MOT,20140624,0.001,0.001,0.001,0.001,210000
MOU,20140624,0.001,0.002,0.001,0.002,1391890
MOX,20140624,0.024,0.024,0.021,0.021,81018
MOY,20140624,0.097,0.1,0.095,0.095,223257
MOZ,20140624,0.015,0.015,0.013,0.013,6947975
MPJ,20140624,0.006,0.006,0.006,0.006,3000000
MPO,20140624,0.165,0.167,0.155,0.155,665447
MQA,20140624,3.36,3.37,3.3,3.31,1279064
MQG,20140624,60.2,60.6,60.07,60.2,778635
MRC,20140624,0.125,0.13,0.125,0.13,35200
MRM,20140624,2.1,2.11,2.04,2.04,2323408
MRP,20140624,0.145,0.145,0.14,0.145,155222
MRR,20140624,0.14,0.14,0.14,0.14,700
MRV,20140624,0.004,0.004,0.004,0.004,961000
MSB,20140624,4.43,4.5,4.42,4.44,328617
MSR,20140624,0.03,0.03,0.029,0.029,124465
MTA,20140624,0.091,0.12,0.086,0.1,4191126
MTE,20140624,0.027,0.027,0.026,0.026,76233
MTH,20140624,0.009,0.01,0.009,0.009,2176667
MTN,20140624,0.026,0.027,0.026,0.027,18105
MTR,20140624,1.78,1.78,1.72,1.75,1264118
MTS,20140624,2.82,2.83,2.75,2.75,5104017
MTU,20140624,5.97,5.97,5.87,5.94,528529
MUE,20140624,0.031,0.031,0.031,0.031,105310
MVA,20140624,16.14,16.2,16.14,16.2,16550
MVB,20140624,27.17,27.2,27.17,27.2,2425
MVP,20140624,1.205,1.205,1.205,1.205,4500
MVT,20140624,0.13,0.13,0.13,0.13,16864
MXI,20140624,0.95,0.99,0.95,0.97,112045
MXR,20140624,0.002,0.003,0.002,0.003,2648404
MYA,20140624,0.15,0.15,0.15,0.15,100000
MYE,20140624,0.445,0.45,0.445,0.445,17299
MYG,20140624,0.026,0.027,0.024,0.024,753250
MYR,20140624,2.05,2.05,2.03,2.04,3009151
MYS,20140624,4.65,4.7,4.65,4.7,29661
MYT,20140624,2.09,2.09,2.05,2.06,18520
MYX,20140624,0.84,0.885,0.835,0.885,1006853
MZI,20140624,0.01,0.01,0.01,0.01,750000
MZM,20140624,0.095,0.095,0.095,0.095,5000
NAB,20140624,33.19,33.23,33.02,33.08,3594108
NAM,20140624,0.315,0.315,0.315,0.315,45000
NAN,20140624,0.78,0.8,0.775,0.795,86780
NBL,20140624,0.475,0.475,0.475,0.475,1522
NCK,20140624,2.58,2.65,2.58,2.65,11700
NCM,20140624,10.75,10.88,10.71,10.81,1895490
NCR,20140624,0.012,0.012,0.012,0.012,9526
NDO,20140624,0.034,0.034,0.032,0.032,654500
NEA,20140624,0.44,0.44,0.43,0.435,275486
NEC,20140624,2.19,2.21,2.15,2.19,1889656
NEN,20140624,0.014,0.015,0.013,0.013,1726030
NEU,20140624,0.08,0.082,0.078,0.079,1880912
NFE,20140624,0.125,0.155,0.125,0.15,118644
NGE,20140624,0.01,0.01,0.01,0.01,1942000
NGF,20140624,0.12,0.12,0.11,0.11,126895
NHC,20140624,2.6,2.62,2.52,2.54,365730
NHF,20140624,3.11,3.14,3.08,3.1,410980
NIO,20140624,0.01,0.01,0.01,0.01,349165
NIU,20140624,0.005,0.005,0.005,0.005,500000
NKP,20140624,0.067,0.068,0.066,0.068,57322
NML,20140624,0.065,0.065,0.065,0.065,93922
NMS,20140624,0.044,0.045,0.044,0.044,108000
NNW,20140624,0.59,0.595,0.565,0.57,273854
NOD,20140624,0.045,0.045,0.045,0.045,138560
NOE,20140624,0.19,0.19,0.19,0.19,700000
NPX,20140624,2.9,2.9,2.9,2.9,229
NRT,20140624,0.15,0.155,0.15,0.15,750356
NRU,20140624,0.002,0.003,0.002,0.003,483334
NSE,20140624,0.155,0.16,0.155,0.155,334857
NSL,20140624,0.007,0.007,0.007,0.007,120000
NSR,20140624,1.32,1.325,1.31,1.32,112345
NST,20140624,1.275,1.305,1.265,1.295,6480295
NTC,20140624,0.58,0.605,0.58,0.59,346349
NTU,20140624,0.185,0.185,0.185,0.185,7500
NUF,20140624,4.68,4.74,4.63,4.72,482598
NVG,20140624,0.003,0.003,0.003,0.003,206000
NVI,20140624,0.57,0.58,0.57,0.58,70152
NVT,20140624,7.31,7.35,7.22,7.28,641176
NWE,20140624,0.009,0.009,0.009,0.009,1036625
NWH,20140624,0.91,0.965,0.91,0.93,2578668
NWR,20140624,0.006,0.006,0.006,0.006,200000
NWS,20140624,17.87,17.89,17.76,17.81,32927
NWT,20140624,0.275,0.28,0.27,0.275,1050796
NXM,20140624,0.05,0.05,0.05,0.05,30000
NXR,20140624,0.02,0.02,0.02,0.02,1250000
NXT,20140624,1.67,1.71,1.67,1.685,237257
NYO,20140624,0.003,0.003,0.003,0.003,15234
NZO,20140624,0.72,0.72,0.715,0.715,11614
OBJ,20140624,0.079,0.081,0.078,0.081,2664008
OBL,20140624,0.008,0.008,0.008,0.008,1202067
OBS,20140624,0.3,0.3,0.3,0.3,100000
OCL,20140624,1.23,1.23,1.2,1.22,35617
ODN,20140624,0.002,0.003,0.002,0.003,1843160
OEC,20140624,0.155,0.155,0.155,0.155,51997
OEG,20140624,0.033,0.033,0.033,0.033,774
OEL,20140624,0.091,0.092,0.091,0.091,306650
OEX,20140624,0.13,0.135,0.13,0.135,451718
OFX,20140624,2.76,2.76,2.72,2.72,622501
OGC,20140624,3.29,3.32,3.25,3.3,462357
OGH,20140624,0.03,0.03,0.03,0.03,145567
OGI,20140624,0.003,0.003,0.003,0.003,188058
OGX,20140624,0.1,0.1,0.095,0.1,178173
OGY,20140624,0.019,0.019,0.019,0.019,1350000
OIL,20140624,0.035,0.035,0.035,0.035,60869
OKN,20140624,1.29,1.3,1.28,1.3,33759
OKU,20140624,0.002,0.003,0.002,0.003,1500300
OMH,20140624,0.37,0.39,0.37,0.385,135540
ONC,20140624,0.27,0.27,0.245,0.26,32820
ONT,20140624,5.91,5.95,5.91,5.91,1784
OOO,20140624,56.77,56.77,56.77,56.77,132
ORA,20140624,1.46,1.475,1.44,1.45,6811084
ORD,20140624,0.003,0.003,0.003,0.003,309450
ORE,20140624,2.17,2.19,2.15,2.18,112146
ORG,20140624,14.6,14.7,14.57,14.61,2208655
ORH,20140624,0.002,0.002,0.002,0.002,2585000
ORI,20140624,19.11,19.17,18.95,19.1,982485
ORL,20140624,4,4.01,3.96,3.98,8240
ORN,20140624,0.043,0.044,0.043,0.044,25250
ORS,20140624,0.059,0.059,0.057,0.057,233000
OSH,20140624,9.73,9.75,9.62,9.69,3559398
OSL,20140624,0.1,0.1,0.099,0.1,1653448
OSP,20140624,0.56,0.57,0.56,0.57,1879
OTC,20140624,0.099,0.105,0.097,0.105,367627
OTE,20140624,0.001,0.001,0.001,0.001,72000
OTH,20140624,0.485,0.485,0.46,0.48,61496
OVR,20140624,0.007,0.007,0.007,0.007,130000
OXX,20140624,0.12,0.12,0.12,0.12,68214
OZB,20140624,0.005,0.005,0.003,0.003,6976220
OZF,20140624,21.44,21.44,21.44,21.44,1147
OZL,20140624,4.24,4.25,4.17,4.18,1780783
OZR,20140624,10.13,10.13,10.13,10.13,4700
PAA,20140624,0.011,0.011,0.01,0.01,1600000
PAB,20140624,0.03,0.03,0.03,0.03,2068374
PAF,20140624,0.92,0.925,0.92,0.92,136139
PAN,20140624,0.765,0.8,0.755,0.79,767590
PBD,20140624,0.017,0.019,0.017,0.019,5206181
PBG,20140624,0.52,0.53,0.52,0.53,903340
PBP,20140624,0.44,0.44,0.44,0.44,20208
PBT,20140624,0.215,0.215,0.215,0.215,153880
PCL,20140624,0.024,0.024,0.023,0.023,8786609
PDI,20140624,0.007,0.007,0.007,0.007,295400
PDM,20140624,0.003,0.003,0.003,0.003,1300000
PDN,20140624,0.29,0.295,0.28,0.29,5321232
PDY,20140624,0.004,0.005,0.004,0.005,18496070
PDZ,20140624,0.51,0.51,0.5,0.5,119850
PEA,20140624,0.465,0.47,0.46,0.47,30005
PEC,20140624,0.04,0.04,0.04,0.04,30000
PEK,20140624,0.07,0.07,0.065,0.065,381946
PEN,20140624,0.025,0.025,0.023,0.023,2865346
PEX,20140624,0.12,0.12,0.12,0.12,18600
PFG,20140624,0.11,0.11,0.11,0.11,100000
PFL,20140624,1.15,1.15,1.115,1.115,28068
PGC,20140624,0.235,0.24,0.225,0.235,91228
PGF,20140624,0.965,0.975,0.945,0.975,159275
PGH,20140624,3.52,3.53,3.47,3.5,397230
PGI,20140624,0.04,0.042,0.04,0.04,949034
PGL,20140624,0.81,0.81,0.8,0.8,4245
PGM,20140624,0.05,0.05,0.045,0.045,82310
PGO,20140624,0.037,0.037,0.037,0.037,1250
PGR,20140624,0.98,0.995,0.95,0.97,981149
PGS,20140624,0.02,0.02,0.018,0.019,1407000
PHG,20140624,0.54,0.55,0.54,0.55,48803
PHK,20140624,0.042,0.045,0.042,0.045,83500
PIE,20140624,0.12,0.12,0.12,0.12,14047
PIO,20140624,0.008,0.009,0.008,0.009,415070
PIR,20140624,1.9,1.915,1.89,1.91,3153049
PKO,20140624,0.005,0.005,0.004,0.004,283000
PLD,20140624,0.007,0.009,0.007,0.009,1300000
PLS,20140624,0.025,0.026,0.023,0.025,2641395
PMC,20140624,1.71,1.75,1.695,1.75,206739
PME,20140624,0.855,0.855,0.85,0.85,71500
PMP,20140624,0.46,0.465,0.45,0.45,238746
PMV,20140624,8.47,8.47,8.36,8.45,137833
PMY,20140624,0.04,0.04,0.038,0.038,384000
PNA,20140624,2.27,2.27,2.24,2.24,2474705
PNC,20140624,1.55,1.57,1.55,1.57,7000
PNE,20140624,0.001,0.001,0.001,0.001,120000
PNL,20140624,0.395,0.42,0.395,0.42,78000
PNN,20140624,0.012,0.013,0.012,0.012,22000
PNR,20140624,0.066,0.07,0.066,0.07,42600
PNW,20140624,0.29,0.29,0.29,0.29,3915
PNX,20140624,0.015,0.015,0.015,0.015,50000
POH,20140624,0.092,0.096,0.09,0.09,167791
POK,20140624,0.031,0.035,0.031,0.033,495195
POS,20140624,0.085,0.085,0.083,0.083,63387
POZ,20140624,0.012,0.013,0.012,0.013,453500
PPC,20140624,1.375,1.375,1.355,1.37,275670
PPG,20140624,0.48,0.48,0.48,0.48,34974
PPP,20140624,0.075,0.079,0.075,0.079,187059
PPS,20140624,0.15,0.15,0.15,0.15,31666
PPT,20140624,47.46,47.49,46.92,47.26,104614
PPX,20140624,0.042,0.042,0.039,0.039,1636383
PRA,20140624,0.024,0.024,0.024,0.024,83175
PRG,20140624,2.75,2.78,2.74,2.75,123285
PRL,20140624,0.165,0.17,0.16,0.17,124236
PRO,20140624,0.44,0.44,0.44,0.44,17000
PRR,20140624,0.042,0.042,0.041,0.042,1247983
PRT,20140624,1.04,1.05,1.03,1.05,678908
PRU,20140624,0.46,0.465,0.45,0.455,6101084
PRY,20140624,4.46,4.46,4.41,4.42,1119115
PSA,20140624,0.105,0.105,0.105,0.105,30000
PSC,20140624,0.007,0.007,0.007,0.007,325000
PSF,20140624,0.012,0.012,0.012,0.012,33000
PSY,20140624,0.051,0.051,0.051,0.051,255143
PSZ,20140624,0.71,0.715,0.705,0.705,53635
PTB,20140624,0.26,0.26,0.26,0.26,40000
PTL,20140624,0.03,0.03,0.03,0.03,360000
PTM,20140624,6.29,6.3,6.21,6.28,569256
PTR,20140624,0.008,0.008,0.007,0.007,132348
PVA,20140624,4.15,4.15,4.15,4.15,250
PVD,20140624,0.47,0.47,0.43,0.435,445411
PVE,20140624,0.076,0.076,0.075,0.075,168295
PWN,20140624,0.038,0.038,0.036,0.037,262380
PXG,20140624,0.145,0.145,0.135,0.135,10200
PXS,20140624,0.063,0.065,0.062,0.064,429937
PYC,20140624,0.013,0.013,0.013,0.013,1056842
PZC,20140624,0.014,0.017,0.014,0.016,1060000
QAG,20140624,10.93,10.94,10.93,10.94,980
QAN,20140624,1.315,1.325,1.305,1.31,3974334
QAU,20140624,13.73,13.75,13.73,13.75,7860
QBE,20140624,11.1,11.12,11.03,11.09,3040196
QBL,20140624,0.021,0.022,0.017,0.017,25376370
QFN,20140624,11.48,11.48,11.48,11.48,1553
QFX,20140624,0.01,0.01,0.01,0.01,1490386
QHL,20140624,0.185,0.185,0.17,0.18,1255028
QMN,20140624,0.009,0.01,0.009,0.009,267000
QNA,20140624,0.001,0.001,0.001,0.001,18744
QOZ,20140624,12.5,12.52,12.5,12.52,11830
QPN,20140624,0.001,0.001,0.001,0.001,1180000
QRE,20140624,5.65,5.65,5.65,5.65,120
QRL,20140624,0.013,0.013,0.013,0.013,245000
QRX,20140624,0.078,0.08,0.077,0.079,243220
QTG,20140624,0.029,0.03,0.028,0.029,1187868
QUB,20140624,2.33,2.33,2.29,2.3,690869
QUE,20140624,0.135,0.135,0.135,0.135,10000
QUR,20140624,0.002,0.002,0.002,0.002,782262
QXQ,20140624,0.002,0.002,0.002,0.002,614304
RAD,20140624,0.05,0.05,0.05,0.05,121434
RAU,20140624,0.009,0.009,0.006,0.007,1555100
RAW,20140624,0.055,0.055,0.055,0.055,75130
RCB,20140624,20.55,20.66,20.55,20.66,9010
RCF,20140624,0.01,0.01,0.01,0.01,12000
RCG,20140624,0.59,0.59,0.58,0.58,501152
RCM,20140624,0.028,0.028,0.027,0.028,1250000
RCO,20140624,0.25,0.25,0.25,0.25,100318
RCP,20140624,0.003,0.003,0.002,0.002,1306500
RCR,20140624,2.81,2.88,2.79,2.85,97320
RCT,20140624,4.1,4.11,4.06,4.08,8879
RCU,20140624,0.2,0.2,0.2,0.2,10055
RDF,20140624,0.965,1,0.965,1,640886
RDH,20140624,1.08,1.08,1.08,1.08,7000
RDM,20140624,0.18,0.19,0.18,0.185,155258
RDR,20140624,0.02,0.02,0.019,0.019,5287841
RDV,20140624,29.93,29.93,29.67,29.75,9862
REA,20140624,43.99,44.34,43.18,43.5,330716
REC,20140624,4.64,4.65,4.59,4.6,1370879
RED,20140624,0.07,0.074,0.066,0.074,1279046
REH,20140624,30.25,30.25,30,30,2750
RER,20140624,0.06,0.065,0.058,0.065,519076
RES,20140624,0.17,0.175,0.145,0.145,303902
REX,20140624,0.74,0.74,0.73,0.73,6419
REY,20140624,0.1,0.1,0.099,0.1,315889
RFE,20140624,0.072,0.072,0.069,0.069,1117190
RFF,20140624,0.94,0.955,0.94,0.95,167564
RFG,20140624,4.46,4.55,4.41,4.53,447397
RFL,20140624,0.475,0.48,0.475,0.48,844788
RFX,20140624,0.16,0.16,0.16,0.16,225000
RGS,20140624,0.38,0.38,0.38,0.38,3000
RGX,20140624,0.009,0.009,0.008,0.008,3000000
RHC,20140624,46.5,46.79,46.21,46.57,307736
RHL,20140624,3.4,3.42,3.4,3.41,9268
RHP,20140624,0.72,0.73,0.72,0.72,37838
RHS,20140624,0.23,0.23,0.2,0.205,75731
RHT,20140624,0.04,0.04,0.039,0.039,250047
RIC,20140624,0.825,0.845,0.815,0.815,470061
RIM,20140624,0.018,0.018,0.017,0.017,529632
RIO,20140624,60.05,60.13,59.325,59.53,1283744
RKN,20140624,2.11,2.14,2.08,2.13,406816
RLC,20140624,0.04,0.04,0.04,0.04,14729
RLE,20140624,0.24,0.245,0.24,0.245,28035
RMD,20140624,5.5,5.56,5.5,5.53,1852047
RMG,20140624,0.002,0.002,0.002,0.002,2500000
RMI,20140624,0.002,0.002,0.002,0.002,4798250
RMR,20140624,0.012,0.014,0.012,0.013,6150882
RMS,20140624,0.095,0.096,0.077,0.08,6236189
RMX,20140624,0.011,0.011,0.01,0.011,2971940
RND,20140624,0.53,0.53,0.53,0.53,943
RNI,20140624,0.16,0.17,0.16,0.17,1053978
RNO,20140624,0.026,0.026,0.025,0.025,178027
RNS,20140624,0.07,0.071,0.07,0.071,71500
RNU,20140624,0.039,0.039,0.039,0.039,500000
RNY,20140624,0.28,0.28,0.28,0.28,40000
ROC,20140624,0.55,0.56,0.537,0.56,912405
ROL,20140624,0.2,0.22,0.2,0.205,139747
ROY,20140624,0.032,0.032,0.03,0.03,97466
RQL,20140624,0.115,0.115,0.115,0.115,32000
RRE,20140624,0.007,0.007,0.006,0.006,237500
RRL,20140624,1.655,1.662,1.622,1.635,2493632
RSG,20140624,0.72,0.725,0.69,0.71,5084701
RSL,20140624,0.003,0.003,0.003,0.003,26471
RSM,20140624,20.54,20.54,20.54,20.54,700
RTD,20140624,0.04,0.041,0.04,0.041,733497
RTG,20140624,1.08,1.11,1.07,1.11,96612
RTR,20140624,0.038,0.039,0.038,0.039,50000
RUL,20140624,0.57,0.57,0.57,0.57,8719
RUM,20140624,0.085,0.085,0.082,0.082,835953
RVA,20140624,0.135,0.14,0.125,0.125,79425
RVL,20140624,34.69,34.69,34.66,34.66,472
RVR,20140624,0.045,0.045,0.045,0.045,50000
RVY,20140624,0.02,0.02,0.02,0.02,198622
RWD,20140624,0.76,0.76,0.74,0.74,44597
RWH,20140624,3.33,3.35,3.33,3.35,6798
RXL,20140624,0.045,0.046,0.045,0.045,412133
RXM,20140624,0.31,0.31,0.29,0.29,288346
RXP,20140624,0.65,0.65,0.61,0.63,38957
SAI,20140624,5.01,5.02,4.99,5.01,446789
SAR,20140624,0.415,0.45,0.405,0.43,6067407
SAU,20140624,0.007,0.007,0.007,0.007,8250
SAY,20140624,0.016,0.02,0.016,0.02,91666
SBB,20140624,0.066,0.069,0.065,0.068,649800
SBL,20140624,0.001,0.001,0.001,0.001,86000
SBM,20140624,0.12,0.125,0.115,0.12,6077002
SBR,20140624,0.023,0.024,0.023,0.024,132000
SCI,20140624,0.05,0.057,0.05,0.056,272000
SCP,20140624,1.79,1.8,1.78,1.79,1239408
SDF,20140624,1.345,1.355,1.32,1.34,538100
SDG,20140624,1.555,1.59,1.555,1.59,545710
SDI,20140624,0.45,0.45,0.44,0.44,8341
SDL,20140624,0.085,0.089,0.085,0.086,18767545
SDM,20140624,0.45,0.45,0.44,0.445,312259
SEA,20140624,1.165,1.175,1.147,1.17,1936631
SEG,20140624,0.009,0.009,0.008,0.008,1615888
SEH,20140624,0.155,0.162,0.155,0.155,5296180
SEK,20140624,16.47,16.61,16.33,16.51,745652
SEN,20140624,0.029,0.029,0.029,0.029,197597
SER,20140624,0.035,0.035,0.032,0.032,418000
SFH,20140624,0.86,0.88,0.86,0.88,98141
SFP,20140624,0.004,0.004,0.004,0.004,39955081
SFR,20140624,6.07,6.18,6.05,6.09,664982
SFW,20140624,0.84,0.85,0.84,0.85,2688718
SFX,20140624,0.85,0.855,0.85,0.85,42807
SFY,20140624,55.05,55.05,54.95,55.03,9991
SGF,20140624,1.8,1.8,1.77,1.79,577741
SGH,20140624,5.19,5.27,5.14,5.22,373514
SGM,20140624,9.54,9.76,9.44,9.71,749177
SGN,20140624,1.335,1.34,1.325,1.325,546980
SGO,20140624,0.18,0.18,0.18,0.18,91813
SGP,20140624,4.04,4.05,3.99,3.99,10408116
SGQ,20140624,0.12,0.12,0.1,0.1,197512
SGT,20140624,3.2,3.26,3.2,3.25,2548290
SGU,20140624,0.115,0.115,0.115,0.115,3250
SGZ,20140624,0.007,0.007,0.007,0.007,39472
SHD,20140624,0.05,0.05,0.046,0.046,56242
SHE,20140624,0.006,0.006,0.006,0.006,100000
SHJ,20140624,2.3,2.35,2.3,2.35,27388
SHK,20140624,0.003,0.003,0.003,0.003,432000
SHL,20140624,17.06,17.22,17.05,17.13,673648
SHP,20140624,0.022,0.022,0.02,0.021,3271001
SHU,20140624,0.435,0.435,0.435,0.435,39714
SHV,20140624,5.11,5.14,5.03,5.12,202004
SIH,20140624,0.018,0.02,0.018,0.02,108502
SIP,20140624,0.785,0.8,0.78,0.78,3671298
SIR,20140624,3.39,3.39,3.31,3.32,754039
SIV,20140624,4.81,4.88,4.8,4.88,21139
SIX,20140624,0.006,0.006,0.006,0.006,21058
SKC,20140624,3.71,3.71,3.67,3.69,286726
SKE,20140624,2.34,2.38,2.32,2.34,893999
SKI,20140624,1.82,1.83,1.815,1.82,2599662
SKS,20140624,0.35,0.35,0.35,0.35,55300
SKT,20140624,6.33,6.35,6.31,6.34,364185
SLF,20140624,9.98,10.09,9.98,10.01,54810
SLK,20140624,1.8,1.82,1.76,1.805,5568
SLM,20140624,1.75,1.75,1.72,1.74,36785
SLR,20140624,0.495,0.52,0.472,0.505,8832691
SLT,20140624,0.005,0.005,0.005,0.005,382400
SLX,20140624,1.13,1.155,1.05,1.09,827101
SMA,20140624,0.014,0.016,0.014,0.016,1442857
SMC,20140624,0.035,0.035,0.035,0.035,131855
SMD,20140624,0.059,0.064,0.059,0.06,485519
SMI,20140624,0.041,0.041,0.04,0.04,66599
SMN,20140624,0.29,0.29,0.29,0.29,38745
SMP,20140624,0.26,0.26,0.26,0.26,20000
SMR,20140624,0.105,0.11,0.105,0.105,154907
SMX,20140624,3.31,3.35,3.29,3.31,126254
SNC,20140624,0.94,0.945,0.94,0.945,3010
SND,20140624,0.84,0.87,0.84,0.85,104991
SNV,20140624,0.003,0.003,0.003,0.003,650000
SNY,20140624,0.185,0.185,0.185,0.185,25000
SOC,20140624,0.039,0.039,0.039,0.039,17223
SOI,20140624,0.004,0.004,0.004,0.004,1700000
SOL,20140624,14.55,14.94,14.55,14.62,16362
SOM,20140624,1.455,1.46,1.45,1.46,2347
SOO,20140624,0.006,0.006,0.006,0.006,58521
SOP,20140624,0.011,0.011,0.011,0.011,26050
SOR,20140624,0.07,0.07,0.07,0.07,50000
SPI,20140624,0.009,0.009,0.009,0.009,51551
SPL,20140624,0.57,0.58,0.56,0.575,182348
SPN,20140624,1.35,1.35,1.33,1.33,21557299
SPO,20140624,1.715,1.725,1.7,1.71,1015859
SPQ,20140624,0.009,0.009,0.009,0.009,100000
SPS,20140624,0.017,0.018,0.017,0.018,556288
SPX,20140624,0.052,0.054,0.052,0.054,205900
SPZ,20140624,0.15,0.15,0.145,0.145,179606
SRI,20140624,0.037,0.038,0.037,0.037,1278450
SRK,20140624,0.04,0.04,0.04,0.04,6746
SRQ,20140624,0.003,0.006,0.003,0.004,3684990
SRR,20140624,0.003,0.004,0.003,0.004,624733
SRV,20140624,4.76,4.89,4.735,4.89,20733
SRX,20140624,16.91,16.97,16.82,16.85,62489
SSM,20140624,0.185,0.19,0.185,0.19,70600
SSN,20140624,0.022,0.022,0.019,0.021,10439740
SSO,20140624,11.44,11.44,11.44,11.44,1669
STB,20140624,0.16,0.16,0.155,0.155,90133
STO,20140624,14.25,14.28,14.16,14.18,1695080
STS,20140624,0.6,0.6,0.57,0.57,28447
STW,20140624,51.55,51.59,51.32,51.5,70095
STX,20140624,0.155,0.155,0.14,0.14,3862249
SUD,20140624,0.05,0.05,0.047,0.047,509472
SUH,20140624,0.06,0.06,0.06,0.06,8500
SUL,20140624,8.37,8.38,8.26,8.33,452612
SUM,20140624,0.056,0.058,0.051,0.053,261055
SUN,20140624,13.45,13.48,13.41,13.41,2994823
SUR,20140624,0.019,0.02,0.019,0.019,276875
SVA,20140624,0.46,0.46,0.46,0.46,250974
SVL,20140624,0.005,0.005,0.004,0.004,335000
SVM,20140624,0.33,0.33,0.3,0.3,91124
SVS,20140624,0.27,0.27,0.27,0.27,4000
SVW,20140624,7.46,7.49,7.39,7.43,508328
SVY,20140624,0.3,0.31,0.3,0.305,54930
SWE,20140624,0.245,0.25,0.24,0.245,374285
SWJ,20140624,0.185,0.185,0.185,0.185,285000
SWK,20140624,0.265,0.265,0.26,0.26,11156
SWL,20140624,1.99,2.04,1.945,1.985,55787
SWM,20140624,1.815,1.86,1.81,1.84,3482123
SXA,20140624,0.29,0.29,0.28,0.29,82164
SXE,20140624,0.51,0.51,0.485,0.485,98897
SXG,20140624,0.009,0.009,0.009,0.009,12000
SXI,20140624,0.018,0.018,0.018,0.018,1934000
SXL,20140624,1.065,1.075,1.04,1.075,1635007
SXS,20140624,0.025,0.025,0.025,0.025,5720
SXY,20140624,0.73,0.735,0.72,0.73,2020941
SYA,20140624,0.003,0.003,0.003,0.003,5813
SYD,20140624,4.37,4.39,4.36,4.36,3705619
SYI,20140624,29.95,30.01,29.95,30.01,7194
SYP,20140624,0.006,0.006,0.006,0.006,58499
SYR,20140624,3.93,3.98,3.87,3.98,131992
TAH,20140624,3.4,3.4,3.36,3.38,1925074
TAM,20140624,0.017,0.017,0.015,0.015,1621251
TAN,20140624,0.44,0.44,0.44,0.44,52030
TAP,20140624,0.465,0.48,0.46,0.47,340969
TAS,20140624,0.031,0.031,0.031,0.031,115000
TAW,20140624,0.022,0.022,0.02,0.021,5106427
TBR,20140624,3,3.09,3,3.09,15521
TCL,20140624,7.61,7.69,7.57,7.68,4060479
TCM,20140624,0.05,0.06,0.048,0.06,24196
TCN,20140624,0.074,0.075,0.072,0.072,147959
TCQ,20140624,0.255,0.255,0.25,0.25,94461
TDX,20140624,0.001,0.001,0.001,0.001,550000
TEL,20140624,2.47,2.47,2.46,2.46,761335
TEN,20140624,0.25,0.275,0.25,0.265,16114187
TEX,20140624,0.04,0.04,0.04,0.04,45454
TFC,20140624,1.705,1.71,1.675,1.69,552011
TGA,20140624,2.22,2.23,2.19,2.19,125085
TGG,20140624,1.3,1.3,1.295,1.3,211620
TGN,20140624,0.045,0.045,0.045,0.045,50000
TGP,20140624,0.78,0.81,0.77,0.8,151284
TGR,20140624,4.01,4.01,3.93,3.97,482301
TGS,20140624,0.335,0.335,0.33,0.335,1961246
TGZ,20140624,0.71,0.73,0.71,0.72,2525282
THO,20140624,0.015,0.015,0.015,0.015,30000
THR,20140624,0.003,0.004,0.003,0.004,192144
THX,20140624,0.084,0.092,0.084,0.085,534450
TIG,20140624,0.145,0.15,0.145,0.15,34500
TIS,20140624,0.295,0.3,0.29,0.29,133696
TIX,20140624,2.31,2.31,2.28,2.3,29093
TLG,20140624,0.36,0.415,0.35,0.415,1895286
TLM,20140624,0.145,0.17,0.145,0.15,1122152
TLS,20140624,5.19,5.2,5.18,5.19,16429691
TLU,20140624,0.05,0.05,0.048,0.048,145000
TME,20140624,3.28,3.3,3.23,3.25,1608875
TMK,20140624,0.007,0.007,0.007,0.007,4000
TMX,20140624,0.002,0.002,0.002,0.002,379360
TNE,20140624,2.69,2.7,2.65,2.65,208258
TNG,20140624,0.16,0.165,0.16,0.16,1291893
TNP,20140624,0.005,0.005,0.005,0.005,20000
TNR,20140624,0.004,0.004,0.004,0.004,1389028
TOE,20140624,0.061,0.061,0.059,0.059,777241
TOF,20140624,2.03,2.04,2.02,2.02,1965673
TOL,20140624,5.05,5.11,5.05,5.09,3192381
TON,20140624,0.435,0.44,0.4,0.4,9513475
TOP,20140624,0.42,0.42,0.41,0.41,172141
TOU,20140624,0.32,0.32,0.28,0.28,60000
TOX,20140624,3.29,3.29,3.22,3.25,248051
TPD,20140624,0.021,0.021,0.021,0.021,21230
TPI,20140624,1.045,1.05,1.01,1.035,9446402
TPM,20140624,5.65,5.67,5.61,5.65,1169374
TPP,20140624,0.088,0.088,0.088,0.088,10863
TPR,20140624,0.105,0.105,0.105,0.105,11871
TPT,20140624,0.265,0.265,0.245,0.245,3206922
TRF,20140624,0.051,0.055,0.051,0.055,107100
TRG,20140624,9.6,9.99,9.53,9.75,11670
TRS,20140624,8.78,8.83,8.64,8.7,103415
TRY,20140624,1.155,1.2,1.15,1.175,1706754
TSE,20140624,1.095,1.11,1.09,1.1,17740770
TSM,20140624,0.37,0.37,0.37,0.37,22500
TSV,20140624,0.003,0.003,0.003,0.003,50000
TTE,20140624,0.018,0.018,0.017,0.018,4856800
TTI,20140624,0.056,0.058,0.055,0.058,160000
TTN,20140624,1.91,1.94,1.91,1.93,56834
TTS,20140624,3.06,3.07,3.04,3.04,1391833
TUP,20140624,3.4,3.4,3.4,3.4,2500
TWD,20140624,3.25,3.25,3.23,3.25,29560
TWE,20140624,4.73,4.83,4.71,4.83,1249348
TWR,20140624,1.55,1.56,1.55,1.55,13432
TYK,20140624,0.003,0.003,0.003,0.003,810000
TZL,20140624,0.13,0.13,0.125,0.125,314442
TZN,20140624,0.036,0.039,0.036,0.039,792000
UBI,20140624,0.23,0.245,0.22,0.23,1319620
UCM,20140624,0.23,0.23,0.23,0.23,64745
UEQ,20140624,0.014,0.014,0.014,0.014,153000
UGL,20140624,6.79,6.79,6.67,6.72,1797377
UML,20140624,0.01,0.011,0.01,0.01,2416533
UNS,20140624,0.54,0.54,0.53,0.535,240072
UNV,20140624,0.09,0.09,0.088,0.088,72000
UNX,20140624,0.15,0.155,0.145,0.15,1463217
UOS,20140624,0.545,0.545,0.545,0.545,7974
URF,20140624,1.825,1.825,1.81,1.81,63001
USA,20140624,0.017,0.017,0.016,0.016,281000
USD,20140624,10.44,10.46,10.44,10.46,44786
USG,20140624,1.71,1.71,1.71,1.71,31250
UUL,20140624,0.064,0.064,0.064,0.064,10051
UXC,20140624,0.735,0.74,0.72,0.72,1000685
VAF,20140624,48.5,49.03,48.5,49.03,2634
VAH,20140624,0.43,0.44,0.427,0.43,1993514
VAP,20140624,62.73,63,62.52,62.76,18963
VAS,20140624,69.79,69.79,69.32,69.39,16778
VEC,20140624,0.022,0.022,0.02,0.02,697310
VED,20140624,2.04,2.05,2.02,2.04,329926
VEI,20140624,0.71,0.71,0.675,0.675,155100
VET,20140624,3.17,3.2,3.13,3.16,296112
VEU,20140624,56.39,56.39,56.15,56.29,11296
VGB,20140624,47.66,47.66,47.66,47.66,425
VGE,20140624,52,52,51.67,51.77,3614
VGO,20140624,0.028,0.028,0.028,0.028,27000
VHL,20140624,0.007,0.007,0.006,0.006,8168343
VHY,20140624,67.16,67.16,66.66,66.82,15918
VIE,20140624,0.21,0.21,0.21,0.21,29000
VII,20140624,0.1,0.1,0.1,0.1,987015
VKA,20140624,0.039,0.039,0.039,0.039,10000
VLA,20140624,0.275,0.28,0.275,0.275,101853
VLC,20140624,61.96,61.96,61.87,61.91,12356
VLW,20140624,1.955,2.01,1.955,1.99,186317
VMG,20140624,0.013,0.013,0.012,0.012,922800
VML,20140624,0.033,0.033,0.032,0.032,252500
VMS,20140624,0.094,0.094,0.092,0.094,164000
VMT,20140624,0.045,0.045,0.042,0.045,7321109
VMX,20140624,0.21,0.21,0.21,0.21,38
VOC,20140624,4.63,4.68,4.61,4.61,188310
VOR,20140624,0.002,0.002,0.001,0.001,1703391
VRL,20140624,7.47,7.56,7.37,7.42,160375
VRT,20140624,8.79,8.8,8.73,8.77,70352
VRX,20140624,0.038,0.038,0.036,0.036,155629
VSO,20140624,45,45.02,44.96,44.96,2786
VTG,20140624,0.75,0.755,0.74,0.74,144402
VTM,20140624,0.065,0.065,0.053,0.053,125190
VTS,20140624,108.63,108.63,108.04,108.25,6419
VXL,20140624,0.395,0.4,0.395,0.4,195737
VXR,20140624,0.006,0.006,0.006,0.006,1399522
WAA,20140624,1.27,1.27,1.27,1.27,13422
WAF,20140624,0.125,0.13,0.125,0.13,15000
WAM,20140624,1.925,1.94,1.92,1.93,239353
WAX,20140624,1.12,1.13,1.12,1.13,44840
WBA,20140624,0.86,0.865,0.86,0.86,31000
WBB,20140624,5.1,5.14,5.06,5.1,49592
WBC,20140624,34.21,34.33,34.015,34.15,4083272
WCB,20140624,8,8,7.75,7.8,2052
WCC,20140624,0.068,0.068,0.068,0.068,54713
WCL,20140624,0.39,0.39,0.385,0.385,294253
WCP,20140624,0.026,0.026,0.025,0.025,467000
WDC,20140624,10.83,10.925,10.825,10.84,5828760
WDR,20140624,0.235,0.235,0.225,0.23,1321628
WDS,20140624,0.89,0.905,0.865,0.895,34266
WEB,20140624,2.35,2.35,2.31,2.32,78876
WEC,20140624,0.16,0.165,0.155,0.165,266769
WES,20140624,41.47,41.5,41.25,41.4,1459246
WFE,20140624,0.008,0.008,0.008,0.008,100000
WGO,20140624,0.013,0.013,0.013,0.013,15385
WHC,20140624,1.51,1.51,1.44,1.45,2170941
WHE,20140624,0.008,0.008,0.008,0.008,135000
WHF,20140624,4.15,4.15,4.14,4.15,25651
WHN,20140624,0.013,0.014,0.013,0.013,2892452
WIC,20140624,1.255,1.275,1.25,1.265,93709
WIG,20140624,0.58,0.58,0.575,0.575,11405
WLC,20140624,0.02,0.02,0.02,0.02,35123
WLF,20140624,0.3,0.3,0.3,0.3,131667
WLL,20140624,2.89,2.89,2.89,2.89,6000
WLR,20140624,0.003,0.003,0.003,0.003,30000
WMK,20140624,1.045,1.045,1.045,1.045,86058
WMN,20140624,0.25,0.27,0.22,0.27,613026
WOF,20140624,0.033,0.033,0.032,0.032,416700
WOR,20140624,17.16,17.16,16.89,17.14,692955
WOW,20140624,35.66,35.77,35.53,35.73,1583029
WPG,20140624,0.044,0.044,0.044,0.044,68766
WPL,20140624,41.5,41.67,41.4,41.6,3519968
WRG,20140624,0.002,0.002,0.002,0.002,1541623
WRM,20140624,0.016,0.016,0.016,0.016,50025
WRR,20140624,0.31,0.33,0.31,0.33,7558
WRT,20140624,3.25,3.32,3.25,3.28,26801105
WSA,20140624,4.72,4.725,4.67,4.7,845353
WSR,20140624,0.028,0.031,0.027,0.031,9489308
WTF,20140624,2.41,2.44,2.4,2.41,852271
WTP,20140624,0.825,0.83,0.825,0.825,50000
XAM,20140624,0.043,0.043,0.04,0.04,970807
XRF,20140624,0.22,0.22,0.21,0.21,175000
XRO,20140624,23.5,24.8,22.7,24,158284
XST,20140624,0.03,0.03,0.03,0.03,159064
XTE,20140624,0.04,0.044,0.04,0.044,210000
YAL,20140624,0.23,0.245,0.23,0.245,15000
YBR,20140624,0.65,0.65,0.635,0.64,113861
YOW,20140624,0.535,0.535,0.52,0.53,223551
YRR,20140624,0.009,0.009,0.009,0.009,40000
ZER,20140624,0.64,0.64,0.64,0.64,9250
ZEU,20140624,0.013,0.013,0.013,0.013,200000
ZGL,20140624,0.22,0.22,0.22,0.22,33900
ZGM,20140624,0.007,0.007,0.007,0.007,200000
ZIM,20140624,8.5,8.5,8.5,8.5,2676
ZNC,20140624,0.09,0.09,0.09,0.09,22918
ZRL,20140624,0.15,0.15,0.135,0.135,21346
ZTA,20140624,0.004,0.004,0.004,0.004,6500
XAF,20140624,5554.9,5556.8,5528.5,5535.5,0
XAO,20140624,5432.7,5434.2,5406.8,5415.1,0
XAT,20140624,5411.4,5412.7,5383.3,5391.2,0
XDJ,20140624,1782.1,1784,1769,1775.1,0
XEC,20140624,1060.4,1069.6,1060.2,1065.8,0
XEJ,20140624,14456.6,14486.6,14383.8,14428.5,0
XFJ,20140624,6158.6,6158.6,6118.9,6126.3,0
XFL,20140624,5619.3,5621.2,5592.6,5600,0
XGD,20140624,2326.4,2356,2319.9,2342.3,0
XHJ,20140624,14341.7,14341.7,14228,14259.6,0
XIJ,20140624,788.4,788.9,783,786.7,0
XJO,20140624,5453.3,5454.6,5425,5432.8,0
XJR,20140624,4115.3,4127.3,4100.1,4106.5,0
XKO,20140624,5395.4,5397,5368.1,5375.9,0
XMD,20140624,4564.7,4564.7,4527.1,4539.6,0
XMJ,20140624,9824.6,9858.4,9775.6,9799.2,0
XMM,20140624,3186.9,3199.9,3173.9,3181.2,0
XNJ,20140624,4074.8,4078.9,4051.9,4072.1,0
XPJ,20140624,1088,1093.7,1083.3,1086,0
XSJ,20140624,9791.3,9791.3,9733.9,9774,0
XSO,20140624,2158.3,2158.8,2146.4,2151.3,0
XTJ,20140624,1812.3,1812.3,1805,1808.7,0
XTL,20140624,3432.1,3433.6,3413.6,3417.6,0
XTO,20140624,4534.5,4535.8,4511.4,4517.9,0
XUJ,20140624,5932,5932,5899.1,5908.5,0
XXJ,20140624,7255.5,7255.5,7200.5,7213.4,0
