AAA,20140203,50.1,50.1,50.09,50.1,22110
AAC,20140203,1.195,1.205,1.175,1.195,496177
AAD,20140203,1.96,2,1.96,1.985,1287854
AAR,20140203,0.022,0.022,0.022,0.022,174593
AAX,20140203,0.685,0.7,0.68,0.69,264993
ABC,20140203,3.74,3.81,3.715,3.8,1172778
ABP,20140203,2.24,2.25,2.225,2.24,475222
ABU,20140203,0.028,0.028,0.027,0.027,1577065
ABW,20140203,1.065,1.065,1.065,1.065,86245
ABY,20140203,0.34,0.34,0.335,0.335,58008
ABZ,20140203,0.245,0.245,0.235,0.24,286793
ACB,20140203,0.055,0.055,0.054,0.054,25020
ACG,20140203,0.15,0.15,0.145,0.145,165000
ACK,20140203,0.21,0.21,0.21,0.21,152078
ACL,20140203,0.605,0.62,0.6,0.6,160850
ACR,20140203,2.32,2.36,2.26,2.32,1042825
ACW,20140203,0.022,0.022,0.022,0.022,922727
ADD,20140203,0.004,0.004,0.003,0.003,176786
ADJ,20140203,0.115,0.115,0.11,0.11,3360386
ADN,20140203,0.063,0.066,0.061,0.065,283263
ADO,20140203,0.16,0.16,0.155,0.16,2227416
ADX,20140203,0.016,0.016,0.016,0.016,344689
ADY,20140203,0.016,0.016,0.016,0.016,200000
AEB,20140203,0.17,0.17,0.16,0.16,80242
AEE,20140203,0.04,0.04,0.04,0.04,4900
AEF,20140203,30.5,30.5,30.5,30.5,157
AEK,20140203,0.067,0.067,0.067,0.067,37740
AEM,20140203,0.014,0.014,0.014,0.014,101075
AEU,20140203,1.52,1.525,1.5,1.5,178288
AFI,20140203,6.12,6.14,6.11,6.12,258073
AFJ,20140203,1.335,1.34,1.31,1.31,564471
AFR,20140203,0.1,0.105,0.099,0.105,273249
AGE,20140203,0.06,0.06,0.055,0.055,722692
AGF,20140203,0.78,0.78,0.78,0.78,172428
AGG,20140203,3.25,3.35,3.25,3.35,14384
AGI,20140203,4.25,4.32,4.2,4.32,319012
AGK,20140203,15.15,15.38,15.01,15.3,991688
AGO,20140203,1.01,1.022,0.995,1.01,6828692
AGS,20140203,0.175,0.175,0.16,0.16,665679
AGX,20140203,0.029,0.029,0.029,0.029,25000
AHD,20140203,8.1,8.15,8.1,8.1,3354
AHE,20140203,3.74,3.745,3.66,3.66,349777
AHZ,20140203,0.17,0.175,0.16,0.16,14226793
AIA,20140203,3.37,3.39,3.26,3.38,716313
AIB,20140203,0.905,0.905,0.9,0.905,14949
AIO,20140203,5.66,5.66,5.58,5.64,1438285
AIQ,20140203,0.175,0.175,0.175,0.175,20000
AIX,20140203,0.006,0.006,0.006,0.006,1427574
AIZ,20140203,1.56,1.6,1.56,1.6,10032
AJA,20140203,3.9,3.93,3.85,3.89,55357
AJC,20140203,0.01,0.01,0.01,0.01,544000
AJD,20140203,1.04,1.05,1.035,1.04,125000
AJJ,20140203,0.088,0.088,0.085,0.085,50000
AJL,20140203,1.135,1.17,1.135,1.17,11153
AJM,20140203,0.175,0.195,0.175,0.195,1109379
AJQ,20140203,0.175,0.175,0.165,0.165,185121
AJR,20140203,0.006,0.006,0.006,0.006,125000
AKM,20140203,0.047,0.047,0.045,0.045,283011
AKP,20140203,3.9,3.9,3.8,3.8,5500
ALA,20140203,0.23,0.245,0.23,0.23,121700
ALF,20140203,1.65,1.65,1.63,1.64,213978
ALK,20140203,0.435,0.435,0.425,0.425,362401
ALL,20140203,4.52,4.54,4.465,4.53,881407
ALQ,20140203,7.94,8.04,7.93,7.96,1617611
ALR,20140203,1.32,1.32,1.305,1.305,9897
ALT,20140203,0.024,0.024,0.023,0.023,1957387
ALU,20140203,2.5,2.53,2.48,2.52,40673
ALZ,20140203,3.85,3.88,3.845,3.86,531062
AMA,20140203,0.3,0.3,0.29,0.29,188957
AMC,20140203,10.73,10.87,10.61,10.83,3114680
AMH,20140203,0.89,0.9,0.88,0.88,111447
AMM,20140203,1.975,1.975,1.95,1.955,276804
AMP,20140203,4.28,4.3,4.2,4.24,7343083
AMX,20140203,0.145,0.15,0.145,0.15,538577
ANG,20140203,3.51,3.55,3.51,3.51,59848
ANI,20140203,2.05,2.08,2.05,2.07,47286
ANN,20140203,19.21,19.66,19.1,19.25,1119076
ANO,20140203,0.011,0.011,0.01,0.01,811470
ANP,20140203,0.13,0.135,0.13,0.13,333929
ANQ,20140203,0.01,0.01,0.009,0.01,5673860
ANW,20140203,0.009,0.009,0.009,0.009,497150
ANZ,20140203,30,30.08,29.75,29.83,5432172
AOA,20140203,0.01,0.011,0.01,0.011,172650
AOC,20140203,0.125,0.125,0.125,0.125,150000
AOD,20140203,0.99,0.99,0.99,0.99,7654
AOG,20140203,2.14,2.14,2.08,2.1,410365
AOH,20140203,0.18,0.18,0.172,0.175,147440
AOK,20140203,0.175,0.175,0.17,0.17,980017
AOM,20140203,0.025,0.025,0.023,0.023,2755
AON,20140203,0.018,0.019,0.018,0.019,123262
AOP,20140203,0.037,0.037,0.037,0.037,40000
APA,20140203,5.98,6.04,5.97,6.03,870939
APD,20140203,0.255,0.255,0.255,0.255,12000
APE,20140203,5.15,5.2,5.09,5.1,14483
API,20140203,0.595,0.595,0.57,0.595,486234
APN,20140203,0.47,0.47,0.465,0.465,317428
APW,20140203,0.074,0.074,0.074,0.074,50000
APY,20140203,0.025,0.025,0.025,0.025,25000
APZ,20140203,1.415,1.415,1.37,1.37,134298
AQA,20140203,2.42,2.47,2.36,2.44,315086
AQC,20140203,0.007,0.007,0.006,0.006,1870976
AQD,20140203,0.013,0.013,0.011,0.012,903190
AQF,20140203,1.84,1.84,1.84,1.84,23877
AQG,20140203,2.41,2.45,2.35,2.37,391121
AQO,20140203,0.165,0.17,0.16,0.17,10000
AQP,20140203,0.755,0.76,0.75,0.76,33006
AQQ,20140203,0.023,0.024,0.023,0.024,360000
AQZ,20140203,1.54,1.6,1.54,1.55,13511
ARA,20140203,0.34,0.34,0.34,0.34,26171
ARD,20140203,0.042,0.042,0.042,0.042,22891
ARE,20140203,0.02,0.02,0.02,0.02,250000
ARF,20140203,1.105,1.135,1.105,1.11,26678
ARG,20140203,7.3,7.31,7.27,7.28,106739
ARH,20140203,0.05,0.05,0.05,0.05,10500
ARI,20140203,1.53,1.56,1.515,1.54,4386215
ARP,20140203,11.09,11.44,11.09,11.28,36932
ARU,20140203,0.099,0.1,0.096,0.098,783184
ARV,20140203,0.004,0.004,0.004,0.004,248935
ARW,20140203,0.68,0.68,0.68,0.68,65520
ARX,20140203,0.006,0.007,0.006,0.007,1000000
ASB,20140203,0.85,0.905,0.85,0.905,66420
ASL,20140203,0.89,0.915,0.88,0.895,1289108
ASX,20140203,35.5,35.8,35.41,35.66,277714
ASZ,20140203,0.47,0.475,0.465,0.475,210927
ATI,20140203,0.18,0.18,0.17,0.175,81012
ATP,20140203,0.06,0.06,0.058,0.058,770653
ATR,20140203,0.75,0.75,0.75,0.75,8
ATU,20140203,1.35,1.35,1.35,1.35,4500
ATV,20140203,0.015,0.015,0.015,0.015,900
AUB,20140203,11.29,11.29,11.05,11.18,24728
AUC,20140203,0.016,0.016,0.012,0.012,79591
AUQ,20140203,0.09,0.09,0.086,0.086,158000
AUT,20140203,2.71,2.73,2.64,2.73,1132851
AUZ,20140203,0.004,0.004,0.004,0.004,600000
AVA,20140203,0.185,0.19,0.185,0.185,654377
AVB,20140203,0.07,0.071,0.07,0.071,699646
AVG,20140203,0.45,0.45,0.445,0.45,28581
AVH,20140203,0.13,0.14,0.13,0.135,203723
AVJ,20140203,0.58,0.58,0.58,0.58,1395212
AVK,20140203,0.02,0.022,0.018,0.018,200000
AVQ,20140203,0.014,0.014,0.014,0.014,763372
AVY,20140203,0.025,0.025,0.025,0.025,140000
AVZ,20140203,0.007,0.007,0.007,0.007,50
AWC,20140203,1.265,1.295,1.255,1.275,10024086
AWE,20140203,1.285,1.305,1.27,1.28,1356689
AWI,20140203,0.42,0.42,0.415,0.42,491391
AWV,20140203,0.035,0.035,0.035,0.035,309890
AXE,20140203,0.19,0.19,0.18,0.18,88934
AXT,20140203,0.019,0.019,0.015,0.015,135200
AYA,20140203,0.475,0.475,0.475,0.475,20000
AYF,20140203,6.36,6.36,6.35,6.35,5000
AYI,20140203,0.001,0.001,0.001,0.001,6494
AYN,20140203,0.001,0.001,0.001,0.001,30635466
AYR,20140203,0.005,0.005,0.005,0.005,4350000
AZJ,20140203,4.97,4.98,4.92,4.92,2005094
AZK,20140203,0.04,0.04,0.038,0.038,21090
AZM,20140203,0.034,0.035,0.033,0.034,254535
AZS,20140203,0.035,0.035,0.033,0.033,1024056
BAB,20140203,0.042,0.042,0.042,0.042,40980
BBG,20140203,0.6,0.62,0.6,0.61,1299339
BBR,20140203,0.25,0.25,0.25,0.25,54000
BCC,20140203,0.013,0.013,0.012,0.012,7571404
BCD,20140203,0.035,0.035,0.035,0.035,11275
BCI,20140203,5.2,5.22,5.12,5.22,349681
BCN,20140203,0.005,0.005,0.005,0.005,2500000
BCT,20140203,0.065,0.068,0.065,0.068,160000
BDR,20140203,0.72,0.745,0.72,0.74,5407774
BEAR,20140203,18.99,19.04,18.95,18.99,8022
BEN,20140203,11.52,11.54,11.38,11.48,1158366
BFG,20140203,0.65,0.65,0.65,0.65,19000
BGA,20140203,4.85,4.9,4.83,4.87,66313
BGG,20140203,0.165,0.165,0.165,0.165,5491
BGH,20140203,0.027,0.027,0.027,0.027,20000
BGL,20140203,0.78,0.78,0.75,0.75,47566
BGS,20140203,0.014,0.015,0.014,0.015,1382224
BHP,20140203,36.55,36.58,36.275,36.44,4172059
BIS,20140203,0.8,0.8,0.8,0.8,24811
BIT,20140203,0.087,0.087,0.086,0.086,73000
BKI,20140203,1.6,1.6,1.59,1.6,199755
BKL,20140203,21.4,22,21.05,21.65,3921
BKN,20140203,5,5.045,4.88,4.88,1134127
BKP,20140203,0.003,0.003,0.003,0.003,1361666
BKW,20140203,14.14,14.25,14.08,14.24,22086
BKY,20140203,0.295,0.295,0.275,0.285,112192
BLA,20140203,2.12,2.14,2.12,2.14,62136
BLD,20140203,4.73,4.82,4.72,4.81,1628157
BLG,20140203,0.16,0.17,0.16,0.17,136000
BLR,20140203,0.011,0.011,0.011,0.011,351500
BLT,20140203,0.83,0.845,0.81,0.84,471201
BLY,20140203,0.46,0.467,0.447,0.45,1188099
BMB,20140203,0.115,0.115,0.11,0.11,260555
BMN,20140203,0.068,0.078,0.068,0.074,639278
BND,20140203,0.16,0.165,0.16,0.16,267631
BNO,20140203,0.75,0.775,0.675,0.695,800784
BOA,20140203,0.21,0.21,0.21,0.21,1500
BOC,20140203,0.535,0.535,0.5,0.5,7440
BOL,20140203,0.18,0.18,0.17,0.17,1243614
BOQ,20140203,11.32,11.33,11.045,11.16,1695946
BPF,20140203,0.395,0.4,0.38,0.39,153015
BPT,20140203,1.415,1.44,1.4,1.44,3177847
BRD,20140203,0.002,0.002,0.002,0.002,45500
BRG,20140203,8.09,8.09,7.98,8.05,218637
BRL,20140203,0.185,0.19,0.18,0.18,764129
BRU,20140203,1.83,1.91,1.82,1.88,407289
BSA,20140203,0.11,0.115,0.11,0.115,136956
BSE,20140203,0.42,0.425,0.415,0.42,107812
BSL,20140203,5.37,5.53,5.36,5.5,2442321
BSM,20140203,0.006,0.006,0.006,0.006,1100000
BTR,20140203,0.245,0.245,0.24,0.245,46698
BTT,20140203,6.11,6.12,5.96,5.97,60748
BUL,20140203,0.074,0.076,0.073,0.073,286477
BUR,20140203,0.012,0.012,0.012,0.012,576000
BUX,20140203,0.28,0.28,0.275,0.28,60488
BUY,20140203,0.015,0.015,0.014,0.014,129357
BWD,20140203,0.07,0.07,0.07,0.07,30000
BWP,20140203,2.22,2.23,2.22,2.22,497464
BXB,20140203,9,9.06,8.96,9.02,5296488
BYE,20140203,0.79,0.8,0.79,0.8,197550
BYI,20140203,1.68,1.68,1.68,1.68,5000
BYL,20140203,0.405,0.405,0.385,0.385,52017
CAA,20140203,0.175,0.18,0.175,0.18,1971386
CAB,20140203,3.8,3.84,3.74,3.76,622610
CAJ,20140203,0.43,0.435,0.43,0.43,765758
CAM,20140203,1.07,1.07,1.07,1.07,43336
CAP,20140203,0.135,0.135,0.13,0.13,13743
CAS,20140203,0.34,0.34,0.32,0.325,1133900
CAZ,20140203,0.085,0.085,0.085,0.085,36417
CBA,20140203,74.01,74.42,73.765,74.4,1759588
CBQ,20140203,0.006,0.006,0.006,0.006,797520
CBS,20140203,0.023,0.023,0.021,0.021,284619
CCJ,20140203,0.08,0.08,0.08,0.08,870000
CCL,20140203,11.66,11.85,11.66,11.71,1556267
CCP,20140203,9.5,9.71,9.48,9.69,74572
CCU,20140203,0.1,0.1,0.095,0.095,484329
CCV,20140203,0.87,0.885,0.86,0.88,168647
CCZ,20140203,0.008,0.008,0.008,0.008,300000
CDA,20140203,0.95,0.985,0.95,0.96,113637
CDB,20140203,0.006,0.007,0.006,0.006,11377392
CDD,20140203,6.5,6.5,6.26,6.26,247843
CDI,20140203,2.51,2.51,2.49,2.51,98206
CDM,20140203,1.4,1.4,1.39,1.395,79108
CDP,20140203,5.5,5.5,5.46,5.5,6746
CDT,20140203,0.025,0.025,0.025,0.025,825002
CDU,20140203,1.47,1.535,1.47,1.5,356201
CDY,20140203,0.033,0.033,0.032,0.032,1278000
CFE,20140203,0.115,0.115,0.105,0.115,1593443
CFU,20140203,0.039,0.04,0.039,0.04,258800
CFX,20140203,1.93,1.95,1.925,1.94,5047016
CGF,20140203,5.95,5.955,5.86,5.92,1112923
CGH,20140203,0.47,0.47,0.455,0.455,66564
CGN,20140203,0.082,0.082,0.08,0.08,211246
CGO,20140203,0.75,0.75,0.75,0.75,12800
CGR,20140203,0.29,0.29,0.27,0.27,141301
CGS,20140203,0.365,0.365,0.365,0.365,15000
CHC,20140203,3.7,3.73,3.7,3.71,126366
CHN,20140203,0.14,0.14,0.14,0.14,125000
CHZ,20140203,0.11,0.11,0.11,0.11,455964
CIR,20140203,0.21,0.21,0.21,0.21,5000
CIW,20140203,0.84,0.84,0.84,0.84,40000
CIX,20140203,0.28,0.28,0.28,0.28,845347
CKA,20140203,0.2,0.21,0.2,0.205,503775
CKF,20140203,2,2.045,2,2,97745
CKK,20140203,0.005,0.005,0.005,0.005,280000
CKL,20140203,0.795,0.795,0.73,0.75,239093
CLH,20140203,1.84,1.84,1.785,1.79,311471
CLQ,20140203,0.073,0.073,0.072,0.072,110000
CLR,20140203,0.445,0.445,0.44,0.44,112308
CLT,20140203,0.205,0.205,0.205,0.205,4200
CLV,20140203,0.57,0.575,0.57,0.57,44221
CLX,20140203,2.47,2.47,2.47,2.47,1050
CLY,20140203,0.012,0.012,0.012,0.012,17846
CLZ,20140203,0.065,0.071,0.065,0.07,515894
CMG,20140203,0.42,0.43,0.41,0.41,226322
CMI,20140203,1.42,1.42,1.41,1.41,40000
CMT,20140203,0.135,0.15,0.135,0.15,70000
CMW,20140203,0.955,0.965,0.955,0.955,740966
CND,20140203,0.21,0.21,0.205,0.205,36119
CNI,20140203,0.76,0.76,0.75,0.75,61000
CNJ,20140203,0.013,0.013,0.013,0.013,33510
CNN,20140203,0.003,0.003,0.003,0.003,2914800
CNQ,20140203,0.045,0.045,0.045,0.045,45000
CNU,20140203,1.28,1.28,1.25,1.26,672540
CNX,20140203,0.023,0.024,0.023,0.024,1321512
COD,20140203,0.155,0.16,0.155,0.16,59000
COE,20140203,0.48,0.525,0.475,0.485,592000
COF,20140203,0.23,0.235,0.23,0.235,42332
COH,20140203,57.1,57.6,56.69,57.2,143426
COI,20140203,0.16,0.16,0.155,0.155,66166
COK,20140203,0.035,0.035,0.034,0.034,2653515
COM,20140203,0.043,0.043,0.043,0.043,38333
COO,20140203,0.155,0.155,0.14,0.145,424762
COT,20140203,0.08,0.08,0.08,0.08,300000
COZ,20140203,0.059,0.059,0.056,0.056,450000
CPA,20140203,1.225,1.23,1.225,1.23,10943685
CPL,20140203,0.315,0.315,0.28,0.29,767955
CPU,20140203,11.12,11.23,11.07,11.15,656478
CQC,20140203,0.091,0.091,0.09,0.09,58725
CQR,20140203,3.57,3.58,3.55,3.55,365758
CRH,20140203,0.25,0.255,0.25,0.25,451122
CRZ,20140203,9,9.12,8.96,9.05,544065
CSD,20140203,0.074,0.074,0.074,0.074,15000
CSE,20140203,0.17,0.17,0.165,0.165,130000
CSL,20140203,70.26,70.58,69.94,70,625788
CSP,20140203,0.1,0.1,0.1,0.1,43603
CSR,20140203,2.91,2.975,2.9,2.96,1185639
CSS,20140203,0.062,0.065,0.062,0.064,21264019
CSV,20140203,0.92,0.93,0.915,0.92,92671
CTD,20140203,5.4,5.4,5.25,5.3,71429
CTM,20140203,0.17,0.17,0.17,0.17,17112
CTN,20140203,1.03,1.03,1.02,1.03,72125
CTO,20140203,0.05,0.05,0.05,0.05,290000
CTP,20140203,0.38,0.385,0.37,0.37,263599
CTR,20140203,0.015,0.015,0.013,0.013,2543513
CTX,20140203,19.3,19.32,19.14,19.29,517925
CUE,20140203,0.13,0.13,0.13,0.13,32430
CUP,20140203,1.8,1.81,1.8,1.81,19456
CUV,20140203,1.35,1.35,1.3,1.3,76727
CVN,20140203,0.061,0.061,0.059,0.061,403270
CVO,20140203,1.84,1.89,1.84,1.86,96759
CVV,20140203,0.017,0.017,0.016,0.016,103613
CVW,20140203,0.69,0.78,0.69,0.78,41800
CWE,20140203,0.05,0.051,0.05,0.05,1063707
CWG,20140203,0.062,0.062,0.06,0.06,60000
CWN,20140203,16.42,16.805,16.42,16.7,1619448
CWP,20140203,7.5,7.5,7.35,7.42,21894
CXM,20140203,0.14,0.14,0.14,0.14,70000
CXO,20140203,0.043,0.043,0.038,0.038,463300
CXX,20140203,0.2,0.2,0.2,0.2,8000
CYA,20140203,0.86,0.86,0.855,0.855,8268
CYG,20140203,2.9,2.9,2.9,2.9,12000
CYP,20140203,0.41,0.42,0.41,0.42,39510
CYU,20140203,0.032,0.032,0.031,0.032,288343
CZA,20140203,0.11,0.11,0.105,0.105,100459
CZD,20140203,0.075,0.075,0.074,0.074,16666
CZI,20140203,0.033,0.033,0.029,0.029,125000
CZN,20140203,0.014,0.014,0.013,0.013,1648666
CZZ,20140203,3.8,3.81,3.8,3.8,6950
DAU,20140203,0.023,0.023,0.023,0.023,23399
DCG,20140203,1.935,1.955,1.9,1.92,745646
DCN,20140203,0.285,0.285,0.285,0.285,7531
DDD,20140203,0.021,0.021,0.021,0.021,640000
DDR,20140203,0.94,0.94,0.94,0.94,20563
DDT,20140203,0.032,0.033,0.031,0.032,565000
DGH,20140203,0.72,0.72,0.72,0.72,157800
DGO,20140203,0.002,0.002,0.002,0.002,1223008
DGR,20140203,0.031,0.031,0.031,0.031,450000
DGX,20140203,0.037,0.043,0.036,0.039,10788872
DJS,20140203,2.94,2.995,2.93,2.96,2704037
DJW,20140203,4.57,4.6,4.55,4.56,84144
DLS,20140203,1.445,1.51,1.445,1.48,1828820
DLX,20140203,5.31,5.49,5.29,5.45,724473
DML,20140203,0.044,0.044,0.043,0.043,2159627
DMP,20140203,16.17,16.22,16.05,16.11,98292
DNA,20140203,0.93,0.93,0.905,0.91,4237909
DOW,20140203,4.85,4.925,4.79,4.86,1476324
DRA,20140203,0.17,0.17,0.17,0.17,9000
DRK,20140203,0.013,0.013,0.012,0.012,849715
DRM,20140203,0.825,0.845,0.81,0.83,726727
DRX,20140203,0.019,0.019,0.018,0.018,165379
DSH,20140203,2.18,2.2,2.17,2.18,739496
DTE,20140203,0.135,0.14,0.135,0.14,256580
DTL,20140203,0.89,0.89,0.87,0.87,118545
DTM,20140203,0.033,0.033,0.031,0.031,122206
DUE,20140203,2.08,2.11,2.08,2.11,4172037
DUI,20140203,3.45,3.45,3.45,3.45,5000
DVA,20140203,0.031,0.031,0.031,0.031,87716
DVI,20140203,0.027,0.027,0.027,0.027,130000
DVL,20140203,0.45,0.46,0.45,0.46,312133
DVN,20140203,0.83,0.845,0.81,0.81,128888
DWS,20140203,1.34,1.34,1.3,1.3,18699
DXS,20140203,0.995,1.01,0.995,1.005,11080835
DYE,20140203,0.295,0.305,0.285,0.285,190204
DYL,20140203,0.022,0.023,0.022,0.023,356869
EAL,20140203,0.625,0.625,0.615,0.615,32540
EAR,20140203,0.08,0.08,0.08,0.08,10000
EAX,20140203,3.48,3.48,3.45,3.45,57130
EBT,20140203,2.92,2.92,2.92,2.92,113
EDE,20140203,0.013,0.013,0.013,0.013,905000
EEG,20140203,0.1,0.1,0.095,0.095,85495
EER,20140203,0.03,0.03,0.028,0.028,5000
EEU,20140203,15.27,15.27,15.27,15.27,2000
EGG,20140203,0.66,0.7,0.66,0.7,50634
EGO,20140203,0.011,0.011,0.01,0.01,4294450
EGP,20140203,2.34,2.37,2.31,2.33,1144474
EGY,20140203,0.011,0.011,0.011,0.011,52016
EHL,20140203,0.26,0.28,0.26,0.27,5354488
ELD,20140203,0.125,0.125,0.12,0.12,600091
ELM,20140203,0.3,0.3,0.28,0.3,171210
ELR,20140203,0.04,0.04,0.035,0.036,423000
ELT,20140203,0.016,0.016,0.013,0.013,327422
ELX,20140203,0.42,0.44,0.415,0.44,37134
EMA,20140203,0.035,0.035,0.035,0.035,89999
EMF,20140203,1.6,1.6,1.6,1.6,106952
EMG,20140203,0.015,0.015,0.015,0.015,150000
EML,20140203,0.68,0.75,0.68,0.74,348137
EMR,20140203,0.009,0.009,0.009,0.009,1775196
ENE,20140203,6,6.05,5.79,6.05,11132
ENR,20140203,0.2,0.2,0.2,0.2,20000
ENT,20140203,0.059,0.06,0.059,0.06,78949
ENV,20140203,1.14,1.155,1.14,1.15,1419722
ENX,20140203,0.021,0.021,0.021,0.021,96220
EPD,20140203,0.64,0.68,0.64,0.68,70084
EPM,20140203,0.004,0.004,0.004,0.004,101000
EPW,20140203,2.55,2.55,2.48,2.53,297265
EPX,20140203,1.75,1.75,1.73,1.73,47995
EQE,20140203,0.008,0.008,0.008,0.008,30000
EQT,20140203,21.6,22.7,21.6,21.6,9747
EQX,20140203,0.58,0.58,0.55,0.55,76399
ERA,20140203,1.255,1.255,1.22,1.23,205961
ERD,20140203,0.02,0.02,0.02,0.02,50000
ERI,20140203,0.01,0.01,0.01,0.01,102000
ERJ,20140203,0.002,0.002,0.001,0.001,19325332
ERM,20140203,0.041,0.041,0.041,0.041,12500
ESI,20140203,0.004,0.004,0.004,0.004,1500000
ESN,20140203,0.002,0.002,0.002,0.002,3000000
ESR,20140203,0.14,0.14,0.12,0.14,98345
ESV,20140203,0.9,0.9,0.87,0.88,134700
ETE,20140203,0.032,0.032,0.032,0.032,550000
EVM,20140203,0.073,0.08,0.073,0.08,91104
EVN,20140203,0.65,0.652,0.615,0.615,1636118
EVR,20140203,0.67,0.67,0.655,0.67,520828
EVZ,20140203,0.038,0.038,0.038,0.038,70587
EWC,20140203,0.365,0.372,0.35,0.36,2351919
EXG,20140203,0.07,0.07,0.07,0.07,9500
EXR,20140203,0.01,0.012,0.01,0.012,124103
EZL,20140203,1.21,1.21,1.19,1.19,107474
FAN,20140203,1.99,1.99,1.985,1.99,2476
FAR,20140203,0.04,0.042,0.04,0.04,10641395
FAS,20140203,0.009,0.009,0.009,0.009,1705555
FBU,20140203,8.38,8.39,8.25,8.32,528048
FCR,20140203,0.04,0.042,0.04,0.04,272727
FDC,20140203,2.27,2.32,2.26,2.31,3528140
FFI,20140203,4.4,4.5,4.4,4.5,3537
FGE,20140203,0.7,0.745,0.665,0.67,3816946
FLK,20140203,0.175,0.175,0.175,0.175,157384
FLN,20140203,1.5,1.5,1.49,1.49,38349
FLT,20140203,47.37,48.19,47.16,48,397666
FMG,20140203,5.28,5.32,5.25,5.27,7331193
FML,20140203,0.011,0.012,0.011,0.012,5073922
FMS,20140203,0.029,0.03,0.029,0.03,2229602
FND,20140203,0.18,0.18,0.17,0.175,100000
FNP,20140203,2.54,2.6,2.54,2.57,24192
FNT,20140203,0.006,0.006,0.006,0.006,327964
FOT,20140203,0.22,0.22,0.22,0.22,25000
FOX,20140203,35.55,35.67,35.5,35.59,2028606
FPH,20140203,3.74,3.76,3.72,3.75,38107
FPS,20140203,1.59,1.59,1.59,1.59,11850
FRE,20140203,0.005,0.005,0.005,0.005,108000
FRI,20140203,1.6,1.65,1.6,1.645,40735
FRR,20140203,0.021,0.023,0.021,0.023,4179003
FSA,20140203,1.445,1.545,1.44,1.455,231258
FSF,20140203,5.8,5.82,5.75,5.75,42112
FTE,20140203,0.006,0.006,0.006,0.006,2860
FUN,20140203,0.155,0.16,0.155,0.16,178875
FWD,20140203,2.85,2.89,2.82,2.83,137580
FWL,20140203,0.015,0.015,0.014,0.014,132885
FXJ,20140203,0.67,0.69,0.665,0.685,7455533
FXL,20140203,4.08,4.13,4.05,4.08,871240
FXR,20140203,0.013,0.013,0.012,0.012,195760
FZR,20140203,0.415,0.415,0.41,0.41,15000
GAP,20140203,0.29,0.29,0.28,0.28,251043
GBG,20140203,0.1,0.1,0.099,0.099,934163
GBP,20140203,0.1,0.1,0.1,0.1,53700
GBT,20140203,2.79,2.8,2.6,2.79,126790
GBZ,20140203,0.034,0.034,0.034,0.034,259644
GCN,20140203,0.011,0.012,0.011,0.012,1598846
GCS,20140203,0.425,0.425,0.42,0.42,58656
GCY,20140203,0.155,0.155,0.155,0.155,50000
GDA,20140203,0.065,0.065,0.065,0.065,335
GDI,20140203,0.9,0.9,0.9,0.9,2326712
GDY,20140203,0.076,0.08,0.075,0.076,735926
GEM,20140203,3.25,3.29,3.25,3.28,1120057
GER,20140203,0.092,0.099,0.092,0.099,169000
GFF,20140203,0.675,0.675,0.66,0.66,2640515
GFL,20140203,1.2,1.2,1.2,1.2,1300
GGE,20140203,0.01,0.01,0.01,0.01,550000
GGG,20140203,0.185,0.19,0.18,0.185,628187
GGX,20140203,0.04,0.04,0.037,0.04,835000
GHC,20140203,1.215,1.22,1.215,1.215,9123
GID,20140203,0.82,0.82,0.76,0.79,118677
GJT,20140203,1.53,1.56,1.5,1.505,600090
GLB,20140203,0.325,0.325,0.325,0.325,2200
GLH,20140203,0.41,0.43,0.4,0.41,32002
GLL,20140203,0.14,0.14,0.14,0.14,95400
GLY,20140203,0.165,0.165,0.165,0.165,200000
GMG,20140203,4.67,4.73,4.66,4.7,2240838
GML,20140203,0.1,0.12,0.1,0.1,131901
GMR,20140203,0.01,0.01,0.01,0.01,1000000
GNC,20140203,7.6,7.75,7.58,7.75,855533
GOLD,20140203,136.29,136.87,136.29,136.51,34440
GOR,20140203,0.12,0.13,0.12,0.125,1140006
GOZ,20140203,2.48,2.48,2.47,2.475,6714
GPG,20140203,0.6,0.62,0.6,0.62,306611
GPR,20140203,0.035,0.035,0.035,0.035,22225
GPT,20140203,3.6,3.62,3.58,3.6,4018120
GRB,20140203,0.245,0.245,0.24,0.245,162508
GRF,20140203,1.6,1.645,1.6,1.6,93947
GRK,20140203,0.002,0.002,0.001,0.002,1850000
GRR,20140203,0.265,0.27,0.265,0.27,379586
GRY,20140203,0.18,0.19,0.175,0.19,134519
GSC,20140203,0.034,0.035,0.034,0.035,300458
GSZ,20140203,0.03,0.03,0.03,0.03,50000
GTE,20140203,0.1,0.105,0.096,0.096,494158
GTG,20140203,0.056,0.056,0.055,0.056,50000
GUD,20140203,6.25,6.27,6.21,6.21,121774
GUF,20140203,0.095,0.095,0.093,0.093,247487
GUN,20140203,0.021,0.021,0.021,0.021,1019200
GWA,20140203,2.99,3.03,2.98,3,585187
GXL,20140203,8.5,8.5,8.37,8.38,93855
HAO,20140203,0.34,0.34,0.34,0.34,7261
HAV,20140203,0.24,0.24,0.24,0.24,17000
HAZ,20140203,0.035,0.035,0.032,0.032,2594375
HCH,20140203,0.4,0.415,0.4,0.415,133854
HDG,20140203,0.02,0.02,0.013,0.013,2121576
HFR,20140203,0.4,0.4,0.38,0.38,67500
HGG,20140203,4.12,4.15,4.08,4.12,3572091
HGO,20140203,0.087,0.09,0.084,0.09,977118
HHV,20140203,1.015,1.015,1.005,1.015,271969
HHY,20140203,0.335,0.34,0.33,0.33,62164
HIG,20140203,0.071,0.071,0.071,0.071,22462
HIL,20140203,1.73,1.795,1.73,1.775,255770
HLO,20140203,0.38,0.38,0.38,0.38,550
HLX,20140203,0.033,0.033,0.033,0.033,89630
HOG,20140203,0.023,0.023,0.016,0.017,1323894
HOM,20140203,0.85,0.85,0.85,0.85,10000
HOR,20140203,0.032,0.032,0.032,0.032,50000
HPI,20140203,2,2.02,1.99,2,164656
HRL,20140203,0.005,0.005,0.005,0.005,338695
HRR,20140203,0.13,0.13,0.13,0.13,40614
HSN,20140203,1.25,1.28,1.23,1.28,45662
HTA,20140203,0.085,0.085,0.08,0.08,575959
HUB,20140203,1.23,1.235,1.21,1.22,78691
HVN,20140203,2.97,3.03,2.95,2.99,2711678
HZN,20140203,0.325,0.33,0.31,0.315,960340
IAA,20140203,49.74,50.5,49.74,49.95,5475
IAF,20140203,101.42,101.42,101.42,101.42,434
IAG,20140203,5.53,5.53,5.455,5.5,4933312
IAU,20140203,0.29,0.295,0.28,0.295,676118
IBC,20140203,0.545,0.545,0.545,0.545,7820
IBG,20140203,0.061,0.061,0.061,0.061,199000
IBK,20140203,39.1,39.47,38.99,39.09,2484
IBY,20140203,0.365,0.37,0.36,0.365,363377
ICG,20140203,0.025,0.025,0.022,0.022,1106666
ICN,20140203,0.145,0.15,0.145,0.145,716783
ICQ,20140203,0.835,0.84,0.82,0.82,114359
ICS,20140203,0.048,0.048,0.048,0.048,50000
IDC,20140203,0.065,0.066,0.062,0.062,1819624
IDR,20140203,1.96,1.97,1.94,1.96,189287
IDT,20140203,0.4,0.4,0.39,0.39,2469
IDZ,20140203,0.6,0.63,0.59,0.59,64850
IEC,20140203,0.079,0.079,0.07,0.07,148000
IEM,20140203,43.27,43.92,43.27,43.3,20485
IEU,20140203,52,52.18,51.65,51.88,26085
IFL,20140203,8.78,8.89,8.76,8.78,320948
IFM,20140203,0.64,0.645,0.63,0.635,1903236
IFN,20140203,0.235,0.24,0.235,0.235,264243
IGB,20140203,100.22,100.22,100.22,100.22,232
IGO,20140203,3.3,3.38,3.29,3.33,337115
IGS,20140203,0.003,0.003,0.003,0.003,180000
IHD,20140203,16.3,16.41,16.3,16.36,24205
IHK,20140203,21.82,21.82,21.82,21.82,600
IIL,20140203,0.18,0.2,0.18,0.2,103522
IIN,20140203,6.72,6.74,6.6,6.64,376070
IJH,20140203,150.51,150.51,150.51,150.51,33
IJP,20140203,13,13.16,12.95,13,52728
IJR,20140203,120.55,120.6,119.95,120.27,2008
IKO,20140203,67.07,67.95,66.9,66.9,310
ILC,20140203,23.69,23.69,23.48,23.49,164696
ILU,20140203,8.74,8.79,8.7,8.73,787946
IMA,20140203,0.135,0.135,0.135,0.135,20000
IMC,20140203,0.005,0.005,0.005,0.005,175000
IMD,20140203,0.655,0.67,0.63,0.63,283773
IMF,20140203,1.79,1.795,1.71,1.72,226327
IMI,20140203,0.002,0.002,0.002,0.002,540000
IMU,20140203,0.017,0.018,0.017,0.018,670000
INA,20140203,0.455,0.46,0.42,0.46,9326110
IOF,20140203,3.07,3.09,3.06,3.07,1184800
IOH,20140203,0.92,0.93,0.915,0.93,28762
IOO,20140203,84.3,84.55,83.8,83.8,33017
IOZ,20140203,22.3,22.31,22.21,22.28,17891
IPB,20140203,0.285,0.285,0.28,0.28,44825
IPD,20140203,0.23,0.23,0.23,0.23,847
IPE,20140203,0.445,0.45,0.445,0.45,171970
IPL,20140203,2.85,2.88,2.83,2.86,2949011
IPP,20140203,2.21,2.28,2.19,2.25,252048
IRD,20140203,0.345,0.345,0.335,0.335,122504
IRE,20140203,8.93,9.06,8.91,9.02,447197
IRI,20140203,1.18,1.18,1.16,1.16,15508
IRL,20140203,0.005,0.005,0.005,0.005,120000
IRN,20140203,0.16,0.165,0.16,0.165,606750
IRU,20140203,128.05,128.83,128.05,128.83,103
ISO,20140203,3.81,3.83,3.81,3.81,4017
ISU,20140203,1.35,1.355,1.305,1.305,47463
ITT,20140203,0.004,0.004,0.004,0.004,502250
ITW,20140203,15.47,15.54,15.46,15.46,1249
IVC,20140203,10.43,10.6,10.42,10.53,191599
IVE,20140203,73,73.05,72.79,72.91,2916
IVR,20140203,0.054,0.056,0.053,0.053,199929
IVV,20140203,204.49,205.53,204.37,205.26,12071
IVX,20140203,0.1,0.1,0.099,0.099,358500
IXI,20140203,93.05,93.5,93.05,93.4,2402
IXJ,20140203,99.16,99.48,98.8,98.97,1405
IXP,20140203,74.5,74.5,74.5,74.5,601
IXR,20140203,0.051,0.054,0.051,0.054,13001
IZZ,20140203,39.22,39.68,39.22,39.59,7916
JAL,20140203,0.19,0.2,0.19,0.2,93667
JBH,20140203,18.1,18.65,17.81,18.55,1332852
JCS,20140203,0.06,0.06,0.058,0.058,70738
JHX,20140203,12.94,13.35,12.88,13.3,939814
JIN,20140203,1.9,1.9,1.82,1.82,58109
JKA,20140203,0.087,0.087,0.083,0.085,2498149
JPR,20140203,0.37,0.37,0.355,0.365,93915
JRL,20140203,0.2,0.2,0.2,0.2,1000
KAM,20140203,0.78,0.78,0.75,0.775,107243
KAR,20140203,3.21,3.3,3.11,3.25,1446089
KAS,20140203,0.125,0.125,0.125,0.125,48795
KBC,20140203,0.18,0.18,0.175,0.175,171697
KBL,20140203,0.044,0.044,0.042,0.042,74323
KCN,20140203,1.1,1.13,1.085,1.085,804846
KDL,20140203,1.165,1.18,1.08,1.08,132452
KDR,20140203,0.165,0.165,0.16,0.16,635663
KEY,20140203,0.014,0.014,0.013,0.014,1143338
KFE,20140203,0.098,0.1,0.098,0.1,60000
KGD,20140203,0.091,0.091,0.091,0.091,31351
KGL,20140203,0.13,0.13,0.12,0.12,324460
KIK,20140203,0.022,0.022,0.021,0.022,121957
KKO,20140203,0.125,0.125,0.125,0.125,6000
KMD,20140203,2.86,2.93,2.83,2.89,1189090
KNE,20140203,0.12,0.12,0.11,0.11,9000
KNL,20140203,0.12,0.135,0.12,0.13,247119
KOR,20140203,0.027,0.027,0.027,0.027,115000
KOV,20140203,6.81,6.94,6.81,6.94,8389
KPL,20140203,0.415,0.415,0.4,0.4,111929
KRB,20140203,0.058,0.058,0.058,0.058,105000
KRC,20140203,0.043,0.043,0.042,0.043,58800
KRM,20140203,0.38,0.39,0.38,0.39,162260
KSC,20140203,1.785,1.82,1.785,1.82,15998
KSN,20140203,0.03,0.03,0.03,0.03,42
KTA,20140203,0.215,0.22,0.215,0.22,50000
KTE,20140203,0.013,0.013,0.013,0.013,53075
LAT,20140203,0.028,0.028,0.026,0.027,149500
LBL,20140203,0.115,0.115,0.115,0.115,4400
LBT,20140203,0.08,0.083,0.08,0.083,46000
LCM,20140203,1.4,1.45,1.39,1.42,183726
LCT,20140203,0.085,0.085,0.085,0.085,17455
LCY,20140203,0.026,0.026,0.026,0.026,250000
LEG,20140203,0.009,0.009,0.009,0.009,472222
LEI,20140203,16.32,16.46,15.985,16.15,1649711
LEP,20140203,2.82,2.87,2.81,2.83,50645
LHC,20140203,2.28,2.3,2.26,2.3,254870
LIO,20140203,0.19,0.19,0.19,0.19,46563
LKO,20140203,0.004,0.004,0.004,0.004,30000
LLC,20140203,10.47,10.565,10.43,10.51,1059123
LMB,20140203,0.315,0.36,0.315,0.345,625208
LMG,20140203,0.005,0.005,0.005,0.005,1378500
LML,20140203,0.09,0.09,0.09,0.09,10000
LMW,20140203,0.42,0.42,0.42,0.42,9700
LNG,20140203,0.3,0.305,0.295,0.3,610601
LNR,20140203,0.21,0.21,0.21,0.21,40000
LNY,20140203,0.006,0.006,0.006,0.006,1666
LOM,20140203,0.009,0.009,0.008,0.008,21928247
LRL,20140203,0.023,0.023,0.02,0.02,954420
LRR,20140203,0.002,0.002,0.002,0.002,1000000
LRS,20140203,0.06,0.06,0.06,0.06,12683
LSA,20140203,0.17,0.17,0.17,0.17,842
LSN,20140203,0.05,0.05,0.05,0.05,100000
LSR,20140203,0.01,0.01,0.01,0.01,450000
LSX,20140203,0.53,0.53,0.53,0.53,31124
LTR,20140203,0.013,0.013,0.013,0.013,40000
LTX,20140203,0.029,0.029,0.028,0.028,10000
LYC,20140203,0.28,0.28,0.265,0.275,8512085
LYL,20140203,4.48,4.55,4.29,4.29,12131
MAB,20140203,0.56,0.57,0.56,0.57,23080
MAD,20140203,0.42,0.43,0.41,0.415,293310
MAH,20140203,0.13,0.132,0.13,0.13,481962
MAK,20140203,0.125,0.125,0.12,0.12,151931
MAQ,20140203,8.25,8.32,8.2,8.3,6526
MAR,20140203,0.007,0.008,0.007,0.008,582000
MAT,20140203,0.2,0.2,0.2,0.2,22500
MAU,20140203,0.11,0.11,0.11,0.11,2222
MBE,20140203,0.295,0.305,0.295,0.295,870797
MBK,20140203,0.02,0.02,0.02,0.02,150000
MBT,20140203,0.009,0.009,0.009,0.009,20
MCE,20140203,1.11,1.11,1.055,1.055,38474
MCP,20140203,1.325,1.345,1.3,1.3,310569
MCR,20140203,0.58,0.58,0.57,0.57,104731
MCS,20140203,1.18,1.18,1.08,1.08,227768
MCX,20140203,0.081,0.081,0.08,0.08,3574
MDG,20140203,0.075,0.075,0.075,0.075,35000
MDI,20140203,0.027,0.027,0.027,0.027,200000
MDL,20140203,2.2,2.23,2.06,2.2,35308
MDO,20140203,0.02,0.02,0.02,0.02,50000
MDS,20140203,0.001,0.001,0.001,0.001,5000000
MED,20140203,0.09,0.09,0.09,0.09,500
MEJ,20140203,0.024,0.025,0.024,0.025,200000
MEL,20140203,0.097,0.1,0.097,0.098,125835
MEO,20140203,0.047,0.053,0.047,0.048,904890
MEP,20140203,0.125,0.125,0.12,0.12,66623
MEU,20140203,0.016,0.016,0.015,0.015,504028
MEY,20140203,0.004,0.004,0.004,0.004,17000
MFF,20140203,1.605,1.62,1.6,1.62,326878
MFG,20140203,11.13,11.18,11,11.05,573626
MGL,20140203,0.038,0.038,0.038,0.038,115789
MGR,20140203,1.675,1.69,1.66,1.675,8630331
MGX,20140203,1.05,1.065,1.042,1.06,2618697
MGY,20140203,0.03,0.03,0.03,0.03,30000
MHM,20140203,0.054,0.054,0.05,0.054,523238
MIN,20140203,11.21,11.29,11.07,11.23,483323
MIR,20140203,2.58,2.58,2.57,2.57,14345
MIX,20140203,0.165,0.165,0.165,0.165,139300
MIZ,20140203,0.005,0.005,0.005,0.005,4950010
MKB,20140203,0.215,0.215,0.205,0.205,1074124
MKO,20140203,0.03,0.03,0.03,0.03,20000
MLB,20140203,1.41,1.425,1.4,1.42,150596
MLD,20140203,2.45,2.5,2.41,2.41,44887
MLI,20140203,0.055,0.055,0.055,0.055,30000
MLM,20140203,0.055,0.055,0.055,0.055,29344
MLS,20140203,0.009,0.009,0.009,0.009,307
MLT,20140203,4.35,4.35,4.3,4.34,56110
MLX,20140203,0.19,0.19,0.187,0.19,1314249
MMC,20140203,0.016,0.016,0.016,0.016,348333
MML,20140203,1.915,1.925,1.805,1.85,2421631
MMS,20140203,11.74,11.98,11.64,11.98,264788
MNB,20140203,0.005,0.005,0.005,0.005,250000
MNC,20140203,0.03,0.03,0.03,0.03,1398815
MND,20140203,15.87,15.89,15.465,15.51,451262
MNE,20140203,0.02,0.02,0.02,0.02,775000
MNF,20140203,1.755,1.77,1.755,1.76,17518
MNM,20140203,0.024,0.024,0.023,0.023,294337
MNW,20140203,0.345,0.345,0.315,0.325,1385954
MNY,20140203,1.01,1.01,0.975,1,78290
MNZ,20140203,1.3,1.35,1.3,1.35,42965
MOC,20140203,2.93,2.95,2.91,2.95,52602
MOT,20140203,0.002,0.002,0.001,0.001,142250004
MOU,20140203,0.004,0.004,0.003,0.003,6027395
MOX,20140203,0.03,0.031,0.03,0.031,41834
MOY,20140203,0.185,0.2,0.175,0.2,259668
MOZ,20140203,0.015,0.015,0.015,0.015,110000
MPE,20140203,0.01,0.01,0.01,0.01,1006250
MPJ,20140203,0.003,0.004,0.003,0.004,3159905
MPO,20140203,0.205,0.205,0.205,0.205,33209
MQA,20140203,2.79,2.83,2.76,2.79,262777
MQG,20140203,53.8,54.01,53.38,53.84,699727
MRC,20140203,0.17,0.175,0.17,0.175,98157
MRF,20140203,0.032,0.032,0.032,0.032,25000
MRM,20140203,2.91,2.915,2.87,2.9,582233
MRN,20140203,1.21,1.21,1.21,1.21,7110
MRP,20140203,0.17,0.17,0.17,0.17,4670
MRQ,20140203,0.13,0.14,0.13,0.14,140000
MRV,20140203,0.003,0.003,0.003,0.003,30000
MRX,20140203,0.009,0.009,0.009,0.009,2500000
MSB,20140203,5.95,6.07,5.95,6.01,846833
MTA,20140203,0.081,0.081,0.081,0.081,12000
MTE,20140203,0.031,0.031,0.031,0.031,25290
MTH,20140203,0.014,0.014,0.013,0.013,897333
MTI,20140203,0.003,0.003,0.003,0.003,1170000
MTS,20140203,3.01,3.04,2.99,3,2309418
MTU,20140203,6.18,6.2,5.985,6.09,651349
MUE,20140203,0.034,0.035,0.034,0.035,170000
MUM,20140203,0.015,0.015,0.015,0.015,256999
MUX,20140203,0.03,0.03,0.03,0.03,247246
MVB,20140203,24.42,24.42,24.42,24.42,21
MVP,20140203,1.19,1.2,1.175,1.19,101850
MVT,20140203,0.14,0.14,0.14,0.14,79800
MWR,20140203,1.32,1.33,1.315,1.32,3622
MXI,20140203,1.265,1.267,1.23,1.23,129168
MXQ,20140203,0.024,0.024,0.023,0.023,4514407
MYA,20140203,0.038,0.039,0.033,0.036,1970632
MYE,20140203,0.7,0.7,0.685,0.7,39500
MYG,20140203,0.028,0.029,0.028,0.029,235000
MYR,20140203,2.5,2.53,2.47,2.47,3971080
MYS,20140203,4.65,4.7,4.63,4.69,102970
MYT,20140203,1.825,1.835,1.81,1.82,28513
MYX,20140203,0.735,0.74,0.725,0.735,378567
MZI,20140203,0.011,0.011,0.011,0.011,1150000
MZM,20140203,0.13,0.13,0.13,0.13,23172
NAB,20140203,33.18,33.31,33.01,33.19,2547811
NAG,20140203,0.047,0.048,0.047,0.047,496774
NAN,20140203,0.89,0.895,0.85,0.87,131400
NCK,20140203,2.8,2.9,2.8,2.9,3161
NCM,20140203,9.64,9.73,9.64,9.7,2440587
NCR,20140203,0.021,0.022,0.021,0.022,287000
NDO,20140203,0.032,0.034,0.031,0.034,3491698
NEA,20140203,0.57,0.6,0.56,0.56,1215400
NEC,20140203,2.19,2.22,2.19,2.2,2458609
NEN,20140203,0.038,0.039,0.035,0.039,15759518
NEU,20140203,0.1,0.1,0.097,0.098,3888628
NFE,20140203,0.17,0.17,0.17,0.17,20000
NGE,20140203,0.022,0.022,0.022,0.022,350000
NGF,20140203,0.135,0.135,0.135,0.135,28492
NHC,20140203,3.5,3.54,3.42,3.48,136454
NHF,20140203,2.53,2.58,2.53,2.54,52837
NIU,20140203,0.005,0.005,0.005,0.005,441614
NKP,20140203,0.081,0.082,0.08,0.082,78193
NLS,20140203,0.008,0.008,0.008,0.008,228888
NMI,20140203,0.057,0.059,0.056,0.056,2398421
NML,20140203,0.086,0.09,0.086,0.09,55556
NMS,20140203,0.047,0.048,0.047,0.048,263602
NNW,20140203,0.365,0.365,0.35,0.35,44756
NOD,20140203,0.058,0.058,0.058,0.058,20000
NPX,20140203,3.11,3.11,3.11,3.11,5841
NRT,20140203,0.195,0.195,0.185,0.19,115333
NRU,20140203,0.005,0.005,0.005,0.005,4048680
NSE,20140203,0.175,0.175,0.16,0.16,644605
NSR,20140203,1.11,1.13,1.11,1.13,520983
NST,20140203,0.9,0.9,0.882,0.89,1705842
NTC,20140203,0.355,0.355,0.345,0.35,13000
NTL,20140203,0.012,0.012,0.012,0.012,41700
NTM,20140203,0.03,0.03,0.03,0.03,120000
NTU,20140203,0.195,0.195,0.19,0.19,185000
NUF,20140203,3.88,3.98,3.84,3.94,786257
NVG,20140203,0.007,0.007,0.004,0.005,9940320
NVT,20140203,6.75,6.82,6.55,6.65,774588
NWE,20140203,0.014,0.015,0.013,0.013,951331
NWH,20140203,1.26,1.3,1.25,1.29,1593934
NWS,20140203,17.84,17.95,17.715,17.75,221171
NWT,20140203,0.465,0.475,0.455,0.455,1324825
NXS,20140203,0.061,0.062,0.061,0.061,2277507
NXT,20140203,2.2,2.21,2.15,2.17,143191
OBJ,20140203,0.037,0.041,0.037,0.039,19693463
OBL,20140203,0.018,0.02,0.017,0.02,2102159
OCL,20140203,0.65,0.65,0.65,0.65,929
OCP,20140203,1.6,1.6,1.6,1.6,6000
ODN,20140203,0.002,0.002,0.002,0.002,16000
OEC,20140203,0.16,0.16,0.16,0.16,300
OEG,20140203,0.072,0.072,0.071,0.071,166327
OEL,20140203,0.092,0.093,0.092,0.093,198174
OEX,20140203,0.092,0.096,0.09,0.09,1997885
OFX,20140203,2.91,3,2.91,2.97,894652
OGC,20140203,2.04,2.09,2.04,2.08,359691
OGH,20140203,0.045,0.045,0.04,0.045,521000
OGY,20140203,0.02,0.02,0.018,0.018,692412
OKN,20140203,1.555,1.64,1.555,1.585,20622
OKU,20140203,0.006,0.006,0.006,0.006,40323
OMH,20140203,0.6,0.6,0.58,0.585,189546
ONC,20140203,0.28,0.28,0.28,0.28,13000
ONT,20140203,6.95,6.98,6.75,6.75,2642
OOO,20140203,49.84,49.84,49.84,49.84,440
ORA,20140203,1.28,1.305,1.28,1.29,7726834
ORD,20140203,0.004,0.004,0.004,0.004,800991
ORE,20140203,2.2,2.22,2.13,2.18,150392
ORG,20140203,14,14.24,13.98,14.23,2212338
ORI,20140203,23.65,23.67,23.25,23.44,665971
ORL,20140203,4.34,4.34,4.21,4.23,22855
ORN,20140203,0.075,0.075,0.075,0.075,11940
OSH,20140203,8,8.11,7.99,8.08,2552938
OSL,20140203,0.145,0.145,0.14,0.14,431480
OSP,20140203,0.67,0.67,0.67,0.67,35000
OTC,20140203,0.115,0.115,0.115,0.115,50000
OTH,20140203,0.55,0.55,0.535,0.535,119755
OVR,20140203,0.01,0.01,0.01,0.01,900000
OZB,20140203,0.002,0.002,0.002,0.002,1000000
OZF,20140203,19.29,19.32,19.23,19.29,2270
OZG,20140203,0.185,0.185,0.185,0.185,41
OZL,20140203,3.48,3.58,3.45,3.51,1326235
PAA,20140203,0.015,0.016,0.015,0.016,22678660
PAB,20140203,0.045,0.045,0.042,0.042,2326781
PAN,20140203,0.235,0.242,0.235,0.24,507905
PBD,20140203,0.023,0.023,0.023,0.023,1478171
PBG,20140203,0.61,0.645,0.61,0.64,4077866
PBP,20140203,0.405,0.41,0.4,0.4,7713
PBT,20140203,1.305,1.32,1.28,1.305,1350459
PCL,20140203,0.045,0.045,0.043,0.044,4083555
PCP,20140203,0.032,0.032,0.032,0.032,33500
PDI,20140203,0.016,0.016,0.016,0.016,100000
PDN,20140203,0.505,0.505,0.482,0.495,7122015
PDY,20140203,0.006,0.006,0.006,0.006,500000
PEA,20140203,0.4,0.4,0.4,0.4,83479
PEH,20140203,0.074,0.074,0.074,0.074,40000
PEK,20140203,0.057,0.057,0.056,0.056,525000
PEN,20140203,0.024,0.024,0.023,0.023,1166967
PEX,20140203,0.24,0.24,0.235,0.235,55600
PFG,20140203,0.14,0.14,0.13,0.13,205000
PFL,20140203,1.385,1.4,1.385,1.395,16661
PGC,20140203,0.355,0.355,0.35,0.35,43000
PGF,20140203,0.99,0.99,0.985,0.985,252100
PGH,20140203,3.47,3.48,3.45,3.47,503912
PGI,20140203,0.037,0.038,0.037,0.038,545000
PGM,20140203,0.042,0.042,0.042,0.042,1783
PGO,20140203,0.054,0.054,0.05,0.05,104000
PHG,20140203,0.415,0.42,0.405,0.42,25640
PIO,20140203,0.011,0.011,0.011,0.011,500000
PIR,20140203,1.195,1.27,1.195,1.24,881090
PKO,20140203,0.008,0.008,0.008,0.008,1994010
PLD,20140203,0.007,0.007,0.007,0.007,104500
PLS,20140203,0.013,0.013,0.012,0.012,2341643
PLV,20140203,0.13,0.13,0.125,0.125,417694
PMC,20140203,1.79,1.815,1.78,1.81,403484
PME,20140203,0.845,0.845,0.84,0.84,11400
PMP,20140203,0.43,0.44,0.43,0.43,7731
PMV,20140203,7.62,7.75,7.6,7.65,199438
PMY,20140203,0.027,0.027,0.026,0.026,237760
PNA,20140203,1.625,1.652,1.595,1.625,3372961
PNN,20140203,0.018,0.018,0.018,0.018,45000
PNO,20140203,0.001,0.001,0.001,0.001,2000000
PNR,20140203,0.071,0.071,0.071,0.071,10800
PNW,20140203,0.23,0.23,0.23,0.23,1350
POH,20140203,0.115,0.117,0.115,0.115,141900
POK,20140203,0.055,0.056,0.055,0.056,42153
POU,20140203,18.6,18.68,18.6,18.68,836
POZ,20140203,0.013,0.013,0.013,0.013,119616
PPC,20140203,1.39,1.41,1.39,1.405,566683
PPK,20140203,0.87,0.87,0.87,0.87,21100
PPS,20140203,0.155,0.155,0.15,0.15,444900
PPT,20140203,46.59,47.18,46.26,46.7,96314
PPX,20140203,0.043,0.043,0.04,0.04,1496581
PRG,20140203,3.01,3.02,2.95,3.02,109151
PRL,20140203,0.23,0.25,0.225,0.23,1422327
PRO,20140203,0.575,0.575,0.56,0.56,50213
PRR,20140203,0.05,0.05,0.047,0.047,2487639
PRT,20140203,1,1.01,0.99,1,11516
PRU,20140203,0.38,0.4,0.38,0.385,3755490
PRW,20140203,0.001,0.001,0.001,0.001,500000
PRY,20140203,4.92,4.96,4.87,4.93,1499772
PSC,20140203,0.004,0.004,0.004,0.004,5825
PSY,20140203,0.093,0.095,0.086,0.089,3996844
PSZ,20140203,0.905,0.93,0.905,0.93,23556
PTB,20140203,0.29,0.29,0.29,0.29,3660
PTL,20140203,0.03,0.031,0.03,0.03,1975595
PTM,20140203,6.75,6.76,6.635,6.71,359763
PVA,20140203,5.32,5.5,5.32,5.5,1178
PVD,20140203,0.51,0.54,0.51,0.53,146305
PWN,20140203,0.083,0.083,0.08,0.08,32856
PXG,20140203,0.165,0.18,0.165,0.18,126000
PXS,20140203,0.13,0.13,0.125,0.13,431403
PYC,20140203,0.024,0.026,0.024,0.026,610000
PYM,20140203,0.036,0.036,0.032,0.032,547142
PZC,20140203,0.016,0.016,0.016,0.016,1000
QAG,20140203,10.12,10.12,10.12,10.12,800
QAN,20140203,1.09,1.095,1.08,1.085,7618071
QAU,20140203,12.92,12.92,12.9,12.92,2842
QBE,20140203,11.49,11.5,11.33,11.38,2568920
QBL,20140203,0.01,0.011,0.01,0.01,1011000
QCB,20140203,15.45,15.45,15.45,15.45,165
QFN,20140203,10.27,10.29,10.27,10.27,6400
QFX,20140203,0.013,0.014,0.012,0.013,8632846
QHL,20140203,0.215,0.225,0.215,0.225,333400
QOZ,20140203,11.77,11.8,11.75,11.8,9098
QRL,20140203,0.017,0.017,0.017,0.017,30000
QRX,20140203,0.82,0.835,0.82,0.835,8450
QTM,20140203,0.02,0.02,0.02,0.02,70000
QUB,20140203,2.04,2.08,2.03,2.07,1696239
RCB,20140203,20.5,20.5,20.5,20.5,12844
RCF,20140203,0.016,0.016,0.015,0.015,42857
RCG,20140203,0.78,0.79,0.78,0.78,388630
RCO,20140203,0.295,0.295,0.295,0.295,7000
RCP,20140203,0.002,0.002,0.002,0.002,1934556
RCR,20140203,3,3.06,3,3.04,83559
RCT,20140203,3.8,3.8,3.79,3.79,1800
RDF,20140203,1.25,1.25,1.25,1.25,5000
RDM,20140203,0.165,0.165,0.15,0.16,140627
RDR,20140203,0.051,0.058,0.051,0.055,153225
RDV,20140203,28.05,28.1,27.97,28.04,3466
REA,20140203,40.18,41.7,40.18,41.7,207946
REC,20140203,4.5,4.59,4.49,4.56,854882
RED,20140203,0.09,0.09,0.088,0.089,185200
REH,20140203,33.48,33.48,33.48,33.48,1
RER,20140203,0.046,0.05,0.046,0.05,160000
REX,20140203,0.905,0.905,0.9,0.9,29285
REY,20140203,0.09,0.09,0.084,0.087,783717
RFE,20140203,0.21,0.215,0.18,0.18,1872126
RFG,20140203,4.2,4.23,4.17,4.23,188525
RFL,20140203,0.285,0.29,0.285,0.29,1158757
RFT,20140203,0.003,0.003,0.003,0.003,249998
RFX,20140203,0.165,0.165,0.165,0.165,227133
RGP,20140203,0.039,0.039,0.039,0.039,13000
RGS,20140203,0.45,0.45,0.4,0.425,329423
RHC,20140203,43.66,43.92,43.36,43.62,298528
RHL,20140203,3.26,3.28,3.25,3.28,8654
RHT,20140203,0.078,0.079,0.073,0.074,1578058
RIC,20140203,0.81,0.815,0.8,0.805,72745
RIO,20140203,65.3,65.66,65.1,65.34,1317069
RKN,20140203,2.16,2.16,2.14,2.16,46771
RMD,20140203,5.01,5.04,4.99,5.01,2727407
RMG,20140203,0.002,0.002,0.002,0.002,16989485
RMP,20140203,0.053,0.053,0.053,0.053,30000
RMR,20140203,0.01,0.011,0.01,0.011,5923250
RMS,20140203,0.125,0.127,0.125,0.125,75175
RMX,20140203,0.025,0.025,0.023,0.023,20931621
RNC,20140203,0.33,0.33,0.32,0.33,895000
RND,20140203,0.48,0.48,0.45,0.45,12290
RNI,20140203,0.09,0.09,0.08,0.08,269054
RNO,20140203,0.046,0.046,0.045,0.045,280000
RNS,20140203,0.068,0.071,0.068,0.071,471542
RNU,20140203,0.052,0.052,0.05,0.05,50000
RNY,20140203,0.32,0.32,0.32,0.32,70000
ROC,20140203,0.455,0.46,0.44,0.44,421098
ROG,20140203,0.002,0.002,0.002,0.002,6991667
ROY,20140203,0.05,0.05,0.046,0.046,91892
RQL,20140203,0.14,0.14,0.14,0.14,19185
RRL,20140203,2.7,2.72,2.69,2.7,1139655
RRS,20140203,0.022,0.025,0.022,0.025,4286080
RSG,20140203,0.53,0.55,0.51,0.51,2063788
RSM,20140203,20.4,20.4,20.4,20.4,1485
RTA,20140203,0.21,0.21,0.21,0.21,15849
RTD,20140203,0.064,0.065,0.058,0.058,2878785
RUM,20140203,0.135,0.135,0.13,0.13,1235793
RVA,20140203,0.43,0.43,0.43,0.43,28000
RVL,20140203,31.91,31.93,31.91,31.93,233
RWD,20140203,0.53,0.53,0.53,0.53,945
RWH,20140203,3.39,3.39,3.39,3.39,882
RXL,20140203,0.035,0.038,0.035,0.037,525937
RXM,20140203,0.45,0.45,0.445,0.445,14345
RXP,20140203,0.76,0.76,0.75,0.75,40000
SAI,20140203,3.74,3.78,3.73,3.75,248737
SAO,20140203,0.5,0.5,0.5,0.5,225
SAR,20140203,0.285,0.305,0.282,0.3,5231081
SAU,20140203,0.01,0.011,0.01,0.011,234420
SAY,20140203,0.02,0.02,0.02,0.02,2000
SBB,20140203,0.215,0.215,0.215,0.215,15000
SBM,20140203,0.305,0.31,0.3,0.3,1530868
SBN,20140203,0.01,0.01,0.01,0.01,71429
SBR,20140203,0.043,0.043,0.042,0.042,273235
SCC,20140203,0.65,0.66,0.65,0.66,29104
SCD,20140203,0.62,0.62,0.57,0.57,3663
SCP,20140203,1.485,1.495,1.485,1.49,630916
SDF,20140203,1.625,1.635,1.59,1.62,254190
SDG,20140203,1.575,1.607,1.57,1.57,165841
SDI,20140203,0.7,0.7,0.7,0.7,5000
SDL,20140203,0.097,0.1,0.093,0.095,24986308
SDM,20140203,0.595,0.595,0.55,0.55,282884
SEA,20140203,1.01,1.055,1.01,1.02,683120
SEG,20140203,0.011,0.012,0.009,0.009,48063297
SEH,20140203,0.205,0.205,0.205,0.205,342339
SEK,20140203,12.34,12.62,12.3,12.61,1444102
SEN,20140203,0.039,0.04,0.038,0.038,570865
SER,20140203,0.026,0.026,0.025,0.025,62500
SFH,20140203,0.865,0.865,0.86,0.86,180449
SFR,20140203,5.76,5.92,5.75,5.85,598305
SFW,20140203,0.74,0.75,0.73,0.73,712879
SFX,20140203,0.565,0.585,0.565,0.585,19300
SFY,20140203,51.64,51.64,51.51,51.58,5116
SFZ,20140203,0.066,0.066,0.066,0.066,25689
SGH,20140203,4.39,4.57,4.39,4.56,428898
SGM,20140203,10.34,10.51,10.33,10.37,811163
SGN,20140203,1.435,1.455,1.425,1.43,407352
SGP,20140203,3.61,3.68,3.61,3.66,4224463
SGT,20140203,3.12,3.15,3.11,3.11,657308
SHD,20140203,0.097,0.1,0.097,0.1,55589
SHE,20140203,0.011,0.011,0.011,0.011,300000
SHK,20140203,0.005,0.005,0.005,0.005,250000
SHL,20140203,16.38,16.64,16.37,16.57,813205
SHP,20140203,0.02,0.02,0.018,0.018,1293500
SHV,20140203,5.78,5.9,5.73,5.88,114805
SIH,20140203,0.031,0.031,0.031,0.031,3482
SIP,20140203,0.595,0.597,0.59,0.59,1510316
SIR,20140203,2.13,2.25,2.1,2.11,398945
SIV,20140203,4.94,4.95,4.83,4.89,54219
SKC,20140203,3.57,3.57,3.5,3.53,239400
SKE,20140203,2.82,2.87,2.81,2.82,299463
SKI,20140203,1.635,1.662,1.632,1.655,2737112
SKS,20140203,0.35,0.35,0.35,0.35,100000
SKT,20140203,5.32,5.36,5.32,5.34,165712
SLF,20140203,9.09,9.16,9.09,9.15,31121
SLK,20140203,1.6,1.6,1.59,1.59,39000
SLM,20140203,2.1,2.1,2.1,2.1,23
SLR,20140203,0.61,0.617,0.59,0.59,2500441
SLX,20140203,2.07,2.11,2.03,2.04,81179
SMA,20140203,0.024,0.025,0.024,0.024,1756668
SMC,20140203,0.034,0.034,0.034,0.034,100000
SMD,20140203,0.033,0.033,0.033,0.033,64828
SMI,20140203,0.05,0.05,0.05,0.05,9605
SMM,20140203,0.495,0.495,0.495,0.495,4080
SMN,20140203,0.17,0.17,0.16,0.16,40000
SMR,20140203,0.205,0.205,0.2,0.2,197080
SMX,20140203,4.03,4.12,4,4.09,160715
SNC,20140203,0.945,0.965,0.94,0.965,11018
SND,20140203,0.85,0.86,0.85,0.86,23350
SNL,20140203,2.31,2.46,2.31,2.46,19062
SNY,20140203,0.3,0.31,0.3,0.31,27906
SOC,20140203,0.15,0.15,0.14,0.14,54050
SOL,20140203,15.1,15.1,15,15.1,10500
SOM,20140203,1.375,1.375,1.35,1.35,46000
SPI,20140203,0.01,0.011,0.01,0.011,59969
SPL,20140203,0.8,0.81,0.76,0.76,86632
SPN,20140203,1.23,1.24,1.215,1.225,17072243
SPZ,20140203,0.19,0.19,0.19,0.19,92190
SRH,20140203,0.175,0.18,0.175,0.18,107415
SRI,20140203,0.055,0.055,0.055,0.055,95000
SRM,20140203,0.22,0.225,0.22,0.22,194000
SRQ,20140203,0.008,0.008,0.006,0.006,3025243
SRR,20140203,0.004,0.004,0.004,0.004,5000
SRV,20140203,4.23,4.25,4.21,4.24,14165
SRX,20140203,14,14.15,13.96,14.1,252086
SRZ,20140203,0.055,0.055,0.051,0.051,61667
SSM,20140203,0.25,0.25,0.235,0.235,347706
SSN,20140203,0.028,0.029,0.027,0.029,1605762
SSO,20140203,11.2,11.2,11.2,11.2,3236
STB,20140203,0.2,0.2,0.195,0.195,20954
STO,20140203,13.3,13.535,13.3,13.5,2351408
STP,20140203,1.26,1.33,1.26,1.32,4052
STS,20140203,0.5,0.5,0.5,0.5,38500
STW,20140203,48.15,48.35,48.05,48.26,60658
STX,20140203,0.094,0.094,0.092,0.093,368828
SUD,20140203,0.063,0.063,0.058,0.059,3487478
SUL,20140203,10.65,10.74,10.45,10.58,762879
SUM,20140203,0.115,0.115,0.115,0.115,45000
SUN,20140203,12.15,12.19,12.02,12.02,3476358
SUR,20140203,0.024,0.025,0.024,0.025,335000
SVL,20140203,0.005,0.005,0.005,0.005,26000
SVW,20140203,7.73,7.89,7.71,7.8,387800
SWE,20140203,0.38,0.38,0.365,0.365,152050
SWJ,20140203,0.225,0.225,0.22,0.22,50000
SWK,20140203,0.29,0.29,0.29,0.29,1384928
SWL,20140203,1.355,1.395,1.355,1.39,73949
SWM,20140203,2.16,2.19,2.115,2.17,2504517
SXE,20140203,0.73,0.74,0.725,0.73,35667
SXL,20140203,1.56,1.65,1.555,1.625,1686376
SXY,20140203,0.66,0.68,0.655,0.68,3312403
SYD,20140203,3.92,3.96,3.91,3.95,8934496
SYI,20140203,28.5,28.67,28.5,28.67,4448
SYR,20140203,2.78,2.78,2.6,2.62,149610
SYS,20140203,0.003,0.003,0.003,0.003,60000
SZG,20140203,0.12,0.125,0.12,0.125,1034998
TAH,20140203,3.43,3.48,3.42,3.47,1058886
TAM,20140203,0.02,0.02,0.019,0.019,1190375
TAN,20140203,0.485,0.5,0.485,0.49,1143000
TAP,20140203,0.5,0.5,0.495,0.5,94322
TAR,20140203,0.022,0.022,0.02,0.02,37000
TAS,20140203,0.035,0.035,0.034,0.034,61204
TAW,20140203,0.033,0.034,0.032,0.032,2177492
TBR,20140203,2.47,2.47,2.47,2.47,321
TCL,20140203,6.93,6.94,6.85,6.87,1752510
TCM,20140203,0.11,0.11,0.085,0.085,37239
TCQ,20140203,0.26,0.26,0.26,0.26,37000
TEG,20140203,0.005,0.005,0.004,0.004,1200000
TEL,20140203,2.19,2.19,2.17,2.17,1003346
TEN,20140203,0.355,0.37,0.355,0.37,5380639
TFC,20140203,1.16,1.18,1.14,1.16,392628
TFS,20140203,0.12,0.12,0.12,0.12,20000
TGA,20140203,2.04,2.04,2,2,204463
TGG,20140203,1.4,1.45,1.395,1.42,181078
TGP,20140203,0.68,0.68,0.66,0.68,185769
TGR,20140203,3.31,3.35,3.28,3.35,122053
TGS,20140203,0.375,0.375,0.355,0.355,2615649
TGZ,20140203,0.915,0.945,0.91,0.91,152978
THO,20140203,0.014,0.014,0.014,0.014,34091
THR,20140203,0.005,0.005,0.005,0.005,1645016
TIS,20140203,0.29,0.31,0.29,0.31,74168
TIX,20140203,2.04,2.06,2.03,2.06,38683
TLG,20140203,0.1,0.105,0.1,0.105,214762
TLM,20140203,0.115,0.115,0.115,0.115,44000
TLS,20140203,5.15,5.17,5.13,5.15,24167565
TLU,20140203,0.075,0.076,0.075,0.076,203000
TME,20140203,3.76,3.84,3.75,3.81,231546
TNE,20140203,2.15,2.22,2.11,2.15,369386
TNG,20140203,0.041,0.042,0.041,0.042,42398
TNP,20140203,0.007,0.007,0.007,0.007,1500000
TNR,20140203,0.003,0.003,0.003,0.003,7666
TOE,20140203,0.073,0.074,0.072,0.072,555049
TOL,20140203,5.56,5.68,5.535,5.6,1539477
TON,20140203,0.13,0.135,0.13,0.13,782417
TOP,20140203,0.59,0.63,0.59,0.595,177292
TOX,20140203,3.27,3.34,3.27,3.27,49482
TPI,20140203,1.11,1.135,1.105,1.13,1879597
TPL,20140203,0.003,0.003,0.003,0.003,3075000
TPM,20140203,5.35,5.355,5.24,5.24,898698
TPP,20140203,0.055,0.055,0.055,0.055,406500
TPR,20140203,0.072,0.075,0.065,0.068,1601527
TPT,20140203,0.235,0.235,0.23,0.23,433775
TRF,20140203,0.1,0.1,0.097,0.097,130000
TRG,20140203,8.42,8.5,8.35,8.5,13125
TRO,20140203,0.06,0.06,0.06,0.06,174649
TRS,20140203,11.2,11.38,11.17,11.2,668353
TRY,20140203,1.12,1.17,1.11,1.165,1296286
TSE,20140203,0.795,0.805,0.78,0.78,1418483
TSM,20140203,0.43,0.435,0.42,0.43,419594
TSN,20140203,0.006,0.007,0.006,0.007,530000
TSV,20140203,0.004,0.004,0.004,0.004,4009259
TTA,20140203,0.055,0.057,0.055,0.057,20000
TTE,20140203,0.025,0.025,0.025,0.025,500000
TTI,20140203,0.058,0.058,0.058,0.058,925600
TTN,20140203,2.5,2.52,2.45,2.45,89672
TTS,20140203,2.96,2.99,2.94,2.95,2118730
TWD,20140203,2.87,2.87,2.87,2.87,929
TWE,20140203,3.6,3.63,3.49,3.51,10219619
TWR,20140203,1.61,1.61,1.6,1.61,9574
TYK,20140203,0.004,0.004,0.004,0.004,1250000
TZL,20140203,0.195,0.195,0.185,0.19,422045
UBI,20140203,0.495,0.5,0.48,0.5,68592
UCM,20140203,0.14,0.14,0.14,0.14,17178
UEQ,20140203,0.014,0.014,0.014,0.014,73000
UGL,20140203,6.96,7.12,6.91,7.09,680831
UML,20140203,0.039,0.039,0.037,0.037,30128
UNS,20140203,0.875,0.905,0.87,0.905,324515
UNX,20140203,0.125,0.125,0.09,0.105,4176948
UOS,20140203,0.535,0.535,0.535,0.535,14000
URF,20140203,1.9,1.91,1.9,1.905,34296
USD,20140203,11.3,11.3,11.25,11.28,7667
USF,20140203,1.81,1.81,1.81,1.81,5525
UUL,20140203,0.042,0.042,0.041,0.041,15701
UXC,20140203,1.075,1.075,1.05,1.06,439395
VAF,20140203,48.07,48.07,48.07,48.07,1222
VAH,20140203,0.345,0.35,0.335,0.35,5040197
VAP,20140203,57.02,57.35,57.02,57.35,10435
VAR,20140203,0.042,0.042,0.042,0.042,50000
VAS,20140203,65.82,66.04,65.28,66.04,17856
VED,20140203,1.86,1.92,1.86,1.9,363630
VEI,20140203,0.66,0.675,0.65,0.65,240221
VET,20140203,2.25,2.29,2.25,2.27,530033
VEU,20140203,55,55.2,54.68,54.8,10380
VGE,20140203,48,48.56,48,48.5,1185
VGO,20140203,0.021,0.029,0.021,0.029,105000
VHL,20140203,0.012,0.013,0.012,0.012,6850700
VHY,20140203,63,63,62.54,62.77,11045
VIC,20140203,0.006,0.006,0.006,0.006,32553
VIE,20140203,0.29,0.29,0.29,0.29,10500
VLA,20140203,0.33,0.34,0.32,0.33,229827
VLC,20140203,58.24,58.54,58.24,58.48,648
VLW,20140203,1.9,1.92,1.9,1.9,80219
VMG,20140203,0.01,0.01,0.01,0.01,2188000
VMS,20140203,0.16,0.165,0.16,0.16,32727
VMT,20140203,0.04,0.04,0.037,0.038,22798634
VOC,20140203,3.2,3.25,3.18,3.2,91457
VOR,20140203,0.004,0.004,0.004,0.004,2284151
VRL,20140203,7.07,7.3,7.07,7.3,176906
VRT,20140203,8.29,8.38,8.29,8.36,116250
VRX,20140203,0.08,0.08,0.079,0.079,36215
VSO,20140203,43.11,43.26,43,43.19,1389
VTM,20140203,0.1,0.1,0.1,0.1,160000
VTS,20140203,106.01,106.75,106.01,106.45,10781
VTX,20140203,0.001,0.002,0.001,0.001,4770000
VXL,20140203,0.25,0.255,0.24,0.24,196073
WAA,20140203,1.265,1.265,1.265,1.265,11900
WAF,20140203,0.105,0.105,0.105,0.105,10000
WAM,20140203,1.945,1.985,1.94,1.985,293489
WAX,20140203,1.11,1.12,1.11,1.12,490208
WBB,20140203,5.7,5.78,5.69,5.75,10085
WBC,20140203,30.71,31.04,30.63,30.99,4378176
WCB,20140203,9.43,9.44,9.43,9.44,5811
WCC,20140203,0.14,0.14,0.14,0.14,1687
WCL,20140203,0.21,0.21,0.205,0.21,313852
WCN,20140203,0.016,0.016,0.014,0.016,3198075
WCP,20140203,0.038,0.038,0.038,0.038,13750
WDC,20140203,10.2,10.29,10.15,10.26,5858452
WDR,20140203,0.675,0.69,0.66,0.665,281186
WDS,20140203,0.86,0.865,0.86,0.865,105059
WEB,20140203,2.75,2.76,2.7,2.71,100000
WEC,20140203,0.16,0.16,0.16,0.16,26250
WES,20140203,41.92,42.24,41.75,42.19,1155050
WFE,20140203,0.024,0.024,0.024,0.024,200000
WHC,20140203,1.78,1.815,1.775,1.8,1572108
WHE,20140203,0.034,0.038,0.034,0.038,954077
WIC,20140203,1.16,1.16,1.16,1.16,11797
WIG,20140203,0.615,0.62,0.615,0.62,33000
WIN,20140203,0.2,0.2,0.195,0.195,67947
WLF,20140203,0.415,0.43,0.415,0.415,298852
WLL,20140203,2.85,2.85,2.82,2.82,10010
WMK,20140203,0.995,1.01,0.99,0.99,150000
WOR,20140203,16.37,16.38,16.13,16.26,847671
WOW,20140203,33.84,33.99,33.75,33.93,1862345
WPL,20140203,37.22,37.68,37.15,37.55,1248844
WRT,20140203,3.01,3.04,3.01,3.01,4889429
WSA,20140203,2.66,2.7,2.655,2.66,1184419
WTF,20140203,2.44,2.47,2.43,2.44,461320
WTP,20140203,1.01,1.03,1.01,1.03,44485
XAM,20140203,0.068,0.07,0.067,0.067,167000
XCD,20140203,0.135,0.135,0.135,0.135,57474
XRF,20140203,0.295,0.3,0.295,0.295,107771
XRO,20140203,37.7,37.7,36.21,36.32,41064
XST,20140203,0.053,0.055,0.051,0.055,380000
XTE,20140203,0.035,0.035,0.035,0.035,194297
YAL,20140203,0.69,0.695,0.69,0.695,7314
YBR,20140203,0.53,0.53,0.51,0.53,81530
YOW,20140203,0.245,0.255,0.24,0.245,384408
YRR,20140203,0.015,0.015,0.013,0.013,856500
YTC,20140203,0.225,0.225,0.21,0.215,394501
ZGL,20140203,0.22,0.22,0.215,0.215,387694
ZNZ,20140203,3.35,3.4,3.35,3.4,20561
ZRL,20140203,0.145,0.15,0.145,0.15,30000
XAF,20140203,5295.7,5305.1,5269.8,5293.8,0
XAO,20140203,5205.1,5212.5,5179,5201.9,0
XAT,20140203,5146.7,5155.3,5120.3,5145,0
XDJ,20140203,1748.1,1753.8,1737.5,1751.3,0
XEC,20140203,1127.8,1130,1122.3,1122.4,0
XEJ,20140203,13119,13237.2,13076.8,13220.7,0
XFJ,20140203,5642.9,5645.6,5606.9,5634.5,0
XFL,20140203,5360.1,5369.9,5334.3,5358.4,0
XGD,20140203,2180.3,2197.5,2178.9,2187.2,0
XHJ,20140203,14406.6,14476.9,14347.9,14376.2,0
XIJ,20140203,722.3,726.7,718.5,724.1,0
XJO,20140203,5190,5198.3,5163.4,5187.9,0
XJR,20140203,4058.7,4066.1,4034.4,4057.3,0
XKO,20140203,5145.8,5153.8,5119.7,5143.1,0
XMD,20140203,4219.1,4220.3,4186.6,4213.2,0
XMJ,20140203,10006.6,10020.3,9939.5,9995.3,0
XMM,20140203,3254.8,3254.8,3231.9,3243.1,0
XNJ,20140203,3886.9,3897.5,3871.2,3881.6,0
XPJ,20140203,989.2,994.8,986.6,992.6,0
XSJ,20140203,9707.5,9719.3,9644.9,9703.1,0
XSO,20140203,2132.5,2135.6,2121.6,2128.9,0
XTJ,20140203,1786.6,1795.5,1783.5,1787.8,0
XTL,20140203,3260.9,3264.7,3243.3,3258.6,0
XTO,20140203,4311.2,4318.1,4289.3,4309.4,0
XUJ,20140203,5427.7,5469.1,5391.9,5456.3,0
XXJ,20140203,6656.6,6656.6,6606,6641.3,0
