AAA,20140129,50.22,50.22,50.21,50.21,29625
AAC,20140129,1.23,1.237,1.205,1.225,252567
AAD,20140129,1.985,2.01,1.985,2,475246
AAI,20140129,13.3,13.3,13.3,13.3,40
AAU,20140129,0.06,0.06,0.06,0.06,1500
AAX,20140129,0.685,0.695,0.68,0.68,320518
ABC,20140129,3.66,3.71,3.66,3.7,1085641
ABP,20140129,2.26,2.265,2.23,2.25,995668
ABU,20140129,0.03,0.03,0.028,0.028,4698505
ABW,20140129,1.065,1.065,1.065,1.065,19718
ABY,20140129,0.34,0.34,0.34,0.34,37000
ABZ,20140129,0.235,0.235,0.225,0.225,652553
ACB,20140129,0.055,0.055,0.055,0.055,20875
ACG,20140129,0.135,0.135,0.135,0.135,55000
ACL,20140129,0.58,0.58,0.57,0.57,23001
ACR,20140129,2.37,2.42,2.34,2.38,365621
ACS,20140129,0.21,0.21,0.21,0.21,25000
ACW,20140129,0.02,0.02,0.02,0.02,485750
ADJ,20140129,0.12,0.12,0.115,0.115,1785240
ADN,20140129,0.066,0.066,0.064,0.064,50271
ADO,20140129,0.18,0.19,0.18,0.19,5974897
ADQ,20140129,0.017,0.017,0.017,0.017,165000
ADX,20140129,0.016,0.016,0.016,0.016,28000
AEB,20140129,0.18,0.18,0.17,0.17,126250
AEE,20140129,0.043,0.043,0.043,0.043,442000
AEI,20140129,0.14,0.14,0.14,0.14,30000
AEK,20140129,0.068,0.068,0.067,0.067,10964
AEU,20140129,1.515,1.515,1.505,1.515,107003
AFA,20140129,0.1,0.1,0.1,0.1,3000
AFI,20140129,6.17,6.18,6.12,6.12,299585
AFJ,20140129,1.38,1.38,1.35,1.36,26922
AFR,20140129,0.11,0.11,0.105,0.105,96835
AGF,20140129,0.78,0.795,0.78,0.79,337593
AGG,20140129,3.27,3.27,3.27,3.27,100
AGI,20140129,4.2,4.32,4.2,4.23,131539
AGK,20140129,14.98,15.03,14.87,14.99,815437
AGO,20140129,0.995,1.06,0.995,1.05,36941592
AGS,20140129,0.155,0.185,0.155,0.17,998553
AGX,20140129,0.027,0.027,0.025,0.025,50000
AHD,20140129,8.1,8.17,8.01,8.1,136287
AHE,20140129,3.57,3.74,3.56,3.74,388667
AHZ,20140129,0.155,0.165,0.155,0.16,7503363
AIA,20140129,3.44,3.5,3.44,3.46,40751
AIO,20140129,5.71,5.74,5.59,5.7,1899506
AIW,20140129,0.006,0.006,0.006,0.006,2900000
AIX,20140129,0.005,0.005,0.005,0.005,124225
AIZ,20140129,1.62,1.62,1.59,1.6,776874
AJA,20140129,3.94,3.94,3.84,3.84,27037
AJC,20140129,0.01,0.01,0.01,0.01,500000
AJD,20140129,1.06,1.06,1.045,1.045,148326
AJL,20140129,1.18,1.2,1.13,1.185,54555
AJM,20140129,0.16,0.16,0.16,0.16,54200
AJQ,20140129,0.175,0.175,0.17,0.17,626328
AJX,20140129,0.185,0.19,0.18,0.18,139123
AKA,20140129,0.098,0.098,0.098,0.098,10000
AKG,20140129,1,1,1,1,2500
AKK,20140129,0.013,0.013,0.012,0.012,1877672
AKM,20140129,0.046,0.048,0.043,0.043,457000
ALA,20140129,0.235,0.235,0.215,0.22,211586
ALF,20140129,1.65,1.66,1.64,1.645,291410
ALK,20140129,0.41,0.43,0.41,0.42,115556
ALL,20140129,4.36,4.51,4.355,4.49,1358731
ALQ,20140129,8.33,8.55,8.32,8.47,1245982
ALR,20140129,1.34,1.34,1.32,1.32,17862
ALT,20140129,0.027,0.028,0.027,0.027,1397225
ALU,20140129,2.5,2.55,2.46,2.53,73636
ALZ,20140129,3.86,3.88,3.84,3.88,1572688
AMA,20140129,0.325,0.325,0.31,0.315,402200
AMC,20140129,10.6,10.675,10.55,10.63,2422189
AMH,20140129,0.9,0.9,0.9,0.9,53397
AMM,20140129,1.955,2,1.955,1.99,404977
AMP,20140129,4.3,4.33,4.27,4.32,8492410
AMX,20140129,0.15,0.152,0.15,0.15,3051206
ANG,20140129,3.34,3.51,3.34,3.51,70030
ANI,20140129,2.07,2.08,2.05,2.08,60506
ANN,20140129,19.26,19.51,19.26,19.39,343046
ANO,20140129,0.017,0.017,0.014,0.014,1475545
ANP,20140129,0.14,0.14,0.14,0.14,3575
ANQ,20140129,0.01,0.01,0.01,0.01,319242
ANZ,20140129,30.27,30.42,30.03,30.37,7214756
AOC,20140129,0.115,0.12,0.115,0.12,206500
AOD,20140129,0.995,0.995,0.99,0.99,981
AOG,20140129,2.1,2.16,2.09,2.15,1214050
AOH,20140129,0.175,0.18,0.175,0.175,183599
AOK,20140129,0.18,0.18,0.175,0.175,1670989
AOM,20140129,0.023,0.023,0.022,0.022,1470000
AON,20140129,0.02,0.02,0.016,0.018,148440
APA,20140129,6.06,6.07,6.01,6.01,1991249
APD,20140129,0.25,0.25,0.25,0.25,1196623
APE,20140129,5.27,5.5,5.25,5.35,53322
APG,20140129,0.027,0.027,0.026,0.026,165000
API,20140129,0.595,0.595,0.58,0.585,190502
APN,20140129,0.465,0.485,0.465,0.47,644138
APW,20140129,0.076,0.076,0.076,0.076,38576
APZ,20140129,1.45,1.45,1.43,1.43,6113
AQA,20140129,2.42,2.48,2.4,2.45,324409
AQC,20140129,0.006,0.006,0.006,0.006,700000
AQD,20140129,0.015,0.015,0.014,0.014,2311250
AQF,20140129,1.83,1.83,1.83,1.83,31150
AQG,20140129,2.49,2.53,2.46,2.48,290594
AQO,20140129,0.185,0.185,0.185,0.185,440598
AQP,20140129,0.725,0.74,0.725,0.73,256956
AQZ,20140129,1.42,1.42,1.42,1.42,2866
ARE,20140129,0.02,0.02,0.02,0.02,267597
ARF,20140129,1.14,1.15,1.13,1.13,20822
ARG,20140129,7.29,7.32,7.25,7.27,100187
ARI,20140129,1.565,1.62,1.56,1.595,6334669
ARP,20140129,11.26,11.27,11.05,11.1,180689
ARU,20140129,0.095,0.099,0.094,0.095,160632
ARW,20140129,0.705,0.705,0.705,0.705,6685
ASB,20140129,0.88,0.91,0.79,0.85,417467
ASL,20140129,0.905,0.91,0.87,0.91,1100182
ASW,20140129,0.7,0.7,0.7,0.7,40000
ASX,20140129,35.64,35.85,35.53,35.85,555134
ASZ,20140129,0.465,0.465,0.455,0.455,120954
ATI,20140129,0.18,0.18,0.18,0.18,176000
ATP,20140129,0.06,0.06,0.06,0.06,78295
ATU,20140129,1.35,1.35,1.31,1.33,88341
ATV,20140129,0.017,0.017,0.017,0.017,200000
AUB,20140129,11.3,11.3,11.15,11.16,6420
AUC,20140129,0.016,0.017,0.016,0.017,500000
AUF,20140129,1.11,1.11,1.08,1.11,114992
AUI,20140129,7.91,7.93,7.9,7.9,32852
AUQ,20140129,0.083,0.085,0.081,0.085,539931
AUT,20140129,2.76,2.78,2.74,2.75,1034759
AUZ,20140129,0.004,0.004,0.004,0.004,990601
AVA,20140129,0.19,0.19,0.175,0.18,10311148
AVB,20140129,0.066,0.071,0.066,0.07,1268739
AVG,20140129,0.435,0.44,0.435,0.44,10425
AVH,20140129,0.14,0.145,0.14,0.145,217700
AVJ,20140129,0.58,0.58,0.58,0.58,236394
AVQ,20140129,0.014,0.015,0.014,0.014,6394763
AWC,20140129,1.27,1.29,1.235,1.29,16614529
AWE,20140129,1.3,1.312,1.285,1.3,1868988
AWI,20140129,0.44,0.45,0.44,0.45,207968
AWV,20140129,0.027,0.028,0.027,0.028,207429
AXE,20140129,0.185,0.185,0.18,0.18,67000
AXI,20140129,0.036,0.036,0.036,0.036,50000
AXT,20140129,0.019,0.019,0.019,0.019,30000
AXZ,20140129,1.3,1.3,1.3,1.3,13000
AYB,20140129,0.075,0.075,0.075,0.075,10000
AYD,20140129,101.56,101.56,101.56,101.56,127
AYJ,20140129,101,101,101,101,10
AYN,20140129,0.001,0.002,0.001,0.002,28021875
AYR,20140129,0.006,0.006,0.006,0.006,1690000
AZJ,20140129,5.01,5.02,4.92,4.97,4594376
AZM,20140129,0.032,0.034,0.032,0.034,534900
AZQ,20140129,0.078,0.078,0.075,0.075,70666
AZS,20140129,0.038,0.038,0.037,0.037,973991
AZV,20140129,0.265,0.265,0.265,0.265,153000
BAS,20140129,0.007,0.007,0.007,0.007,316667
BAU,20140129,0.13,0.13,0.13,0.13,22500
BBG,20140129,0.595,0.63,0.595,0.62,3095546
BBL,20140129,0.3,0.3,0.3,0.3,10000
BCC,20140129,0.014,0.014,0.013,0.014,8492214
BCD,20140129,0.032,0.038,0.032,0.038,573675
BCI,20140129,5.05,5.15,5.04,5.15,809601
BCK,20140129,0.058,0.058,0.057,0.057,141050
BCT,20140129,0.06,0.065,0.06,0.065,946859
BDI,20140129,0.001,0.001,0.001,0.001,600000
BDR,20140129,0.71,0.715,0.69,0.705,4991034
BEAR,20140129,18.92,18.95,18.84,18.84,41087
BEN,20140129,11.45,11.54,11.45,11.54,893002
BEZ,20140129,0.043,0.043,0.043,0.043,75000
BFE,20140129,0.005,0.005,0.005,0.005,14000
BFG,20140129,0.665,0.665,0.665,0.665,5000
BGA,20140129,4.8,4.85,4.77,4.85,66611
BGG,20140129,0.16,0.165,0.155,0.165,29827
BGL,20140129,0.77,0.79,0.76,0.79,161279
BHP,20140129,36.74,36.87,36.47,36.87,6534471
BIT,20140129,0.088,0.088,0.087,0.087,155000
BKI,20140129,1.58,1.59,1.58,1.59,215544
BKL,20140129,22.19,22.49,21.93,22.19,2962
BKN,20140129,5,5.12,5,5.05,838312
BKP,20140129,0.003,0.003,0.003,0.003,180888
BKW,20140129,13.95,14.24,13.9,13.92,9262
BKY,20140129,0.265,0.3,0.265,0.28,104395
BLA,20140129,2.13,2.14,2.1,2.13,53935
BLD,20140129,4.71,4.83,4.71,4.79,4146376
BLG,20140129,0.17,0.17,0.17,0.17,500
BLR,20140129,0.011,0.011,0.011,0.011,10000
BLT,20140129,0.82,0.83,0.78,0.8,291398
BLY,20140129,0.46,0.465,0.437,0.44,1792851
BMB,20140129,0.11,0.115,0.11,0.115,172533
BMG,20140129,0.004,0.004,0.003,0.003,209012
BMN,20140129,0.071,0.074,0.071,0.072,229323
BMY,20140129,0.017,0.017,0.017,0.017,51000
BND,20140129,0.155,0.155,0.15,0.155,207417
BNO,20140129,0.685,0.695,0.68,0.68,181726
BNR,20140129,0.017,0.017,0.015,0.015,315555
BOC,20140129,0.52,0.52,0.52,0.52,700
BOE,20140129,0.014,0.014,0.014,0.014,1666667
BOL,20140129,0.185,0.185,0.175,0.18,1382406
BOQ,20140129,11.57,11.59,11.45,11.59,1147381
BPF,20140129,0.39,0.4,0.39,0.39,378500
BPO,20140129,0.003,0.003,0.003,0.003,750000
BPT,20140129,1.38,1.47,1.38,1.435,8777783
BRB,20140129,0.12,0.12,0.12,0.12,20026
BRG,20140129,8.05,8.33,8.04,8.25,189679
BRL,20140129,0.19,0.195,0.185,0.195,214667
BRO,20140129,0.002,0.002,0.002,0.002,1199995
BRU,20140129,1.85,1.875,1.83,1.845,391230
BSA,20140129,0.11,0.11,0.11,0.11,11500
BSE,20140129,0.41,0.435,0.405,0.41,1438148
BSL,20140129,5.41,5.55,5.41,5.5,3253631
BSM,20140129,0.005,0.005,0.005,0.005,15000
BSR,20140129,0.008,0.008,0.007,0.008,432500
BTR,20140129,0.235,0.245,0.235,0.24,463873
BTT,20140129,6.3,6.3,6.01,6.2,320523
BUG,20140129,0.75,0.75,0.75,0.75,10900
BUL,20140129,0.073,0.073,0.073,0.073,500000
BUR,20140129,0.013,0.013,0.013,0.013,170000
BUX,20140129,0.28,0.28,0.28,0.28,111269
BWD,20140129,0.062,0.07,0.062,0.07,210000
BWP,20140129,2.22,2.25,2.22,2.25,622021
BXB,20140129,9.13,9.26,9.07,9.21,4640682
BYE,20140129,0.85,0.85,0.81,0.81,14734
BYI,20140129,1.68,1.68,1.67,1.67,10500
BYL,20140129,0.39,0.395,0.39,0.395,54584
BYR,20140129,0.01,0.01,0.009,0.01,96000
CAA,20140129,0.18,0.18,0.17,0.175,237669
CAB,20140129,3.78,3.84,3.77,3.83,477844
CAF,20140129,0.35,0.35,0.34,0.34,80000
CAJ,20140129,0.43,0.445,0.43,0.445,1678058
CAM,20140129,1.07,1.07,1.07,1.07,5000
CAP,20140129,0.135,0.135,0.135,0.135,15000
CAQ,20140129,0.085,0.09,0.085,0.09,280000
CAS,20140129,0.29,0.3,0.29,0.295,81708
CBA,20140129,74.55,74.94,74.04,74.92,3101444
CBD,20140129,0.011,0.011,0.011,0.011,15385
CBS,20140129,0.022,0.022,0.022,0.022,33000
CCL,20140129,11.85,11.93,11.81,11.9,1173045
CCP,20140129,8.85,8.98,8.85,8.87,56824
CCU,20140129,0.12,0.12,0.11,0.12,540479
CCV,20140129,0.86,0.875,0.86,0.875,220163
CDA,20140129,1.01,1.01,0.99,0.995,261049
CDB,20140129,0.008,0.008,0.007,0.007,100000
CDD,20140129,6.34,6.38,6.27,6.32,1262682
CDG,20140129,0.105,0.11,0.1,0.1,60752
CDI,20140129,2.5,2.53,2.49,2.53,43396
CDM,20140129,1.42,1.425,1.4,1.405,177395
CDP,20140129,5.52,5.52,5.52,5.52,344
CDU,20140129,1.475,1.5,1.45,1.48,228960
CDV,20140129,0.025,0.025,0.025,0.025,150000
CDY,20140129,0.031,0.033,0.031,0.032,20278990
CEL,20140129,0.094,0.105,0.094,0.1,2047411
CFE,20140129,0.125,0.125,0.12,0.12,873487
CFU,20140129,0.041,0.041,0.041,0.041,774039
CFX,20140129,1.95,1.955,1.935,1.94,6300104
CGF,20140129,6.11,6.175,6.09,6.13,1319850
CGN,20140129,0.085,0.085,0.085,0.085,29140
CGO,20140129,0.6,0.6,0.6,0.6,7250
CGR,20140129,0.255,0.26,0.255,0.26,117212
CGS,20140129,0.36,0.36,0.35,0.35,38094
CHC,20140129,3.73,3.76,3.73,3.76,514996
CHN,20140129,0.135,0.14,0.135,0.14,97567
CHZ,20140129,0.115,0.115,0.115,0.115,120000
CIN,20140129,25.55,25.88,25.5,25.5,4454
CIR,20140129,0.225,0.225,0.225,0.225,3000
CIW,20140129,0.855,0.87,0.85,0.85,58000
CIX,20140129,0.265,0.265,0.265,0.265,305596
CKA,20140129,0.205,0.205,0.2,0.205,246989
CKF,20140129,2.05,2.08,2.03,2.06,71597
CKK,20140129,0.004,0.004,0.004,0.004,133450
CKL,20140129,0.86,0.87,0.86,0.87,27000
CLA,20140129,0.014,0.014,0.013,0.013,349200
CLH,20140129,1.775,1.805,1.75,1.79,379490
CLR,20140129,0.455,0.46,0.455,0.455,2191124
CLT,20140129,0.195,0.22,0.195,0.22,7771
CLV,20140129,0.55,0.555,0.54,0.555,83793
CMC,20140129,0.07,0.07,0.07,0.07,100000
CMG,20140129,0.43,0.435,0.42,0.42,184091
CMI,20140129,1.45,1.46,1.45,1.46,1534
CMT,20140129,0.13,0.14,0.13,0.14,187500
CMW,20140129,0.97,0.975,0.965,0.97,1175863
CND,20140129,0.21,0.21,0.21,0.21,63586
CNI,20140129,0.77,0.77,0.77,0.77,14119
CNJ,20140129,0.013,0.013,0.013,0.013,75990
CNN,20140129,0.003,0.003,0.003,0.003,250000
CNQ,20140129,0.044,0.045,0.044,0.045,44268
CNU,20140129,1.3,1.325,1.275,1.3,688847
CNX,20140129,0.024,0.024,0.022,0.024,863100
COD,20140129,0.16,0.16,0.16,0.16,10000
COE,20140129,0.495,0.51,0.495,0.505,187618
COF,20140129,0.23,0.23,0.225,0.225,133756
COH,20140129,58.4,58.72,57.58,58.72,139739
COI,20140129,0.16,0.16,0.155,0.155,48348
COK,20140129,0.036,0.037,0.034,0.035,4400715
COO,20140129,0.145,0.15,0.145,0.15,150000
COY,20140129,0.02,0.02,0.017,0.017,230000
COZ,20140129,0.057,0.057,0.057,0.057,31000
CPA,20140129,1.225,1.23,1.22,1.225,8445257
CPL,20140129,0.345,0.35,0.335,0.34,406266
CPU,20140129,11.18,11.28,11.1,11.26,1094261
CQC,20140129,0.09,0.09,0.09,0.09,50010
CQR,20140129,3.59,3.61,3.575,3.59,508557
CRB,20140129,0.037,0.038,0.035,0.035,985000
CRH,20140129,0.26,0.265,0.255,0.255,684625
CRQ,20140129,0.017,0.017,0.017,0.017,20000
CRZ,20140129,8.9,9.24,8.9,9.22,795881
CSD,20140129,0.073,0.073,0.073,0.073,40000
CSE,20140129,0.165,0.165,0.165,0.165,57888
CSL,20140129,71.08,71.19,70.88,71.1,1260409
CSR,20140129,2.93,2.99,2.93,2.95,2420340
CSS,20140129,0.057,0.06,0.056,0.057,5126183
CSV,20140129,0.91,0.93,0.9,0.93,11671
CTD,20140129,5.21,5.58,5.21,5.42,96929
CTE,20140129,0.54,0.54,0.54,0.54,1422
CTM,20140129,0.18,0.18,0.18,0.18,78256
CTN,20140129,1.045,1.045,1.04,1.04,40000
CTO,20140129,0.05,0.05,0.049,0.049,21350
CTP,20140129,0.38,0.39,0.375,0.385,219510
CTR,20140129,0.012,0.014,0.012,0.014,8002819
CTX,20140129,19,19.06,18.82,18.96,644112
CUE,20140129,0.13,0.13,0.13,0.13,10000
CUL,20140129,0.01,0.01,0.009,0.009,225000
CUP,20140129,1.83,1.86,1.82,1.85,121792
CUV,20140129,1.41,1.47,1.4,1.47,14485
CUX,20140129,0.023,0.023,0.023,0.023,33500
CVN,20140129,0.059,0.062,0.057,0.062,1458036
CVO,20140129,1.81,1.88,1.81,1.85,651428
CVW,20140129,0.685,0.685,0.68,0.68,56429
CWE,20140129,0.052,0.054,0.049,0.05,2074615
CWN,20140129,16.91,17.09,16.82,16.85,2094509
CWP,20140129,7.35,7.6,7.32,7.37,19127
CXM,20140129,0.14,0.14,0.13,0.14,714287
CXO,20140129,0.04,0.045,0.04,0.045,356655
CXU,20140129,0.096,0.096,0.096,0.096,20000
CXX,20140129,0.2,0.2,0.19,0.19,29900
CYA,20140129,0.855,0.86,0.855,0.86,69373
CYG,20140129,2.86,2.87,2.86,2.86,5612
CYP,20140129,0.395,0.4,0.395,0.4,76112
CYS,20140129,0.035,0.035,0.035,0.035,43300
CYU,20140129,0.033,0.033,0.033,0.033,151515
CZA,20140129,0.105,0.105,0.105,0.105,4166
CZD,20140129,0.079,0.079,0.072,0.072,143500
CZI,20140129,0.035,0.035,0.035,0.035,68000
CZN,20140129,0.014,0.016,0.013,0.014,1139795
DCG,20140129,1.91,1.985,1.91,1.98,222483
DCN,20140129,0.29,0.29,0.285,0.285,32000
DDR,20140129,0.96,0.96,0.94,0.94,16100
DDT,20140129,0.034,0.036,0.034,0.035,1519900
DEG,20140129,0.002,0.002,0.002,0.002,27500
DGH,20140129,0.7,0.7,0.7,0.7,125000
DGO,20140129,0.002,0.002,0.002,0.002,180000
DGR,20140129,0.033,0.033,0.033,0.033,150000
DIG,20140129,0.016,0.016,0.015,0.015,554016
DIV,20140129,19.87,19.87,19.87,19.87,40
DJS,20140129,2.88,2.94,2.88,2.89,1466642
DJW,20140129,4.7,4.73,4.66,4.66,74830
DLC,20140129,0.008,0.008,0.007,0.007,213800
DLS,20140129,1.55,1.635,1.495,1.52,6250198
DLX,20140129,5.33,5.46,5.33,5.39,1055349
DME,20140129,0.3,0.3,0.3,0.3,10000
DML,20140129,0.043,0.044,0.041,0.042,1683991
DMP,20140129,15.82,15.94,15.76,15.83,144295
DMY,20140129,0.004,0.004,0.004,0.004,19297
DNA,20140129,0.95,0.98,0.95,0.96,609023
DOW,20140129,4.95,5.1,4.94,5.09,1356775
DRG,20140129,0.022,0.022,0.022,0.022,102793
DRM,20140129,0.775,0.775,0.755,0.755,152989
DRX,20140129,0.019,0.019,0.019,0.019,7978
DSH,20140129,2.22,2.27,2.21,2.23,985629
DTE,20140129,0.14,0.14,0.13,0.135,1945574
DTL,20140129,0.885,0.9,0.875,0.88,150354
DTM,20140129,0.033,0.033,0.033,0.033,52000
DTR,20140129,0.042,0.042,0.04,0.04,35250
DUE,20140129,2.06,2.07,2.05,2.05,4731954
DUI,20140129,3.44,3.5,3.44,3.5,24987
DVL,20140129,0.43,0.435,0.43,0.43,336814
DVN,20140129,0.86,0.895,0.855,0.87,2222
DWS,20140129,1.33,1.35,1.32,1.33,34076
DXS,20140129,1.015,1.015,1.002,1.005,14479032
DYE,20140129,0.305,0.31,0.235,0.25,1507363
DYL,20140129,0.023,0.024,0.023,0.023,270841
EAF,20140129,0.009,0.009,0.009,0.009,700
EAL,20140129,0.62,0.64,0.62,0.64,19242
EAR,20140129,0.077,0.077,0.077,0.077,27150
EAX,20140129,3.55,3.6,3.48,3.59,12265
EBT,20140129,2.99,3,2.98,2.98,13375
ECV,20140129,1.42,1.42,1.42,1.42,5500
EDE,20140129,0.014,0.014,0.013,0.013,52000
EEG,20140129,0.1,0.1,0.1,0.1,1431095
EGG,20140129,0.66,0.66,0.66,0.66,43333
EGH,20140129,0.12,0.12,0.12,0.12,27654
EGO,20140129,0.011,0.011,0.011,0.011,20750452
EGP,20140129,2.4,2.41,2.36,2.37,1092351
EGY,20140129,0.011,0.012,0.011,0.012,371992
EHL,20140129,0.245,0.25,0.24,0.25,1762575
ELD,20140129,0.13,0.135,0.13,0.135,201065
ELK,20140129,0.165,0.165,0.165,0.165,104395
ELM,20140129,0.295,0.295,0.29,0.29,12908
ELR,20140129,0.042,0.042,0.042,0.042,10000
ELX,20140129,0.435,0.445,0.43,0.445,43579
EMA,20140129,0.04,0.04,0.04,0.04,50000
EMF,20140129,1.59,1.59,1.59,1.59,21448
EMG,20140129,0.015,0.015,0.015,0.015,133333
EML,20140129,0.62,0.66,0.62,0.66,362953
EMR,20140129,0.009,0.009,0.008,0.008,665484
EMX,20140129,0.022,0.022,0.022,0.022,182954
ENE,20140129,5.99,6,5.98,6,5625
ENR,20140129,0.2,0.2,0.19,0.19,87000
ENT,20140129,0.056,0.056,0.052,0.052,150000
ENU,20140129,0.043,0.043,0.043,0.043,10000
ENV,20140129,1.135,1.155,1.135,1.155,5077656
EPD,20140129,0.69,0.695,0.69,0.695,35320
EPW,20140129,2.61,2.61,2.56,2.6,749599
EPX,20140129,1.75,1.75,1.74,1.74,45467
EQT,20140129,21.6,21.6,21.5,21.5,1409
EQX,20140129,0.61,0.61,0.6,0.6,8301
ERA,20140129,1.26,1.28,1.252,1.26,132604
ERI,20140129,0.018,0.024,0.012,0.012,15617534
ESI,20140129,0.004,0.004,0.004,0.004,300000
ESN,20140129,0.003,0.004,0.003,0.003,12984165
ESR,20140129,0.15,0.15,0.15,0.15,10000
ESV,20140129,0.89,0.89,0.87,0.87,1600720
ETE,20140129,0.035,0.035,0.034,0.034,177000
EVM,20140129,0.093,0.094,0.09,0.09,795000
EVN,20140129,0.625,0.635,0.61,0.61,1661254
EVR,20140129,0.675,0.685,0.67,0.675,879764
EWC,20140129,0.365,0.38,0.365,0.38,1058396
EXG,20140129,0.07,0.07,0.07,0.07,272500
EXM,20140129,0.013,0.014,0.013,0.013,188687
EXR,20140129,0.01,0.01,0.01,0.01,124526
EZA,20140129,0.088,0.088,0.085,0.085,110000
EZL,20140129,1.2,1.23,1.2,1.23,38600
FAR,20140129,0.041,0.041,0.04,0.04,2793500
FAS,20140129,0.011,0.011,0.01,0.01,15453646
FBU,20140129,8.26,8.4,8.25,8.4,516218
FCN,20140129,0.014,0.014,0.014,0.014,29000
FCR,20140129,0.038,0.038,0.038,0.038,80000
FDC,20140129,2.28,2.31,2.26,2.3,4087484
FFF,20140129,0.018,0.018,0.018,0.018,2821038
FFI,20140129,4.4,4.4,4.4,4.4,750
FGE,20140129,0.81,0.91,0.75,0.82,4667372
FLK,20140129,0.18,0.18,0.18,0.18,121522
FLN,20140129,1.5,1.5,1.45,1.48,135099
FLT,20140129,45.11,46.28,45.05,46.28,413017
FMG,20140129,5.24,5.33,5.22,5.3,16891528
FML,20140129,0.012,0.012,0.011,0.012,2534441
FMS,20140129,0.031,0.031,0.03,0.031,1465637
FND,20140129,0.18,0.19,0.17,0.19,101500
FNP,20140129,2.66,2.66,2.5,2.51,109841
FNT,20140129,0.009,0.009,0.009,0.009,250000
FOX,20140129,34.99,35.12,34.82,34.95,1986762
FPH,20140129,3.83,3.83,3.65,3.76,18005
FPS,20140129,1.505,1.56,1.505,1.56,14500
FRE,20140129,0.004,0.005,0.004,0.005,33742579
FRI,20140129,1.612,1.615,1.61,1.615,24102
FRR,20140129,0.025,0.026,0.022,0.022,15436715
FRY,20140129,0.035,0.035,0.035,0.035,40000
FSA,20140129,1.34,1.4,1.34,1.4,164012
FSF,20140129,5.7,5.9,5.63,5.77,33013
FSI,20140129,1.52,1.52,1.52,1.52,20246
FUN,20140129,0.16,0.16,0.16,0.16,854000
FWD,20140129,3.05,3.05,2.96,2.98,206220
FXJ,20140129,0.665,0.69,0.665,0.69,5560745
FXL,20140129,3.91,4.075,3.905,4.04,827761
GAP,20140129,0.27,0.27,0.265,0.265,481979
GBG,20140129,0.1,0.1,0.099,0.1,2357871
GBT,20140129,2.93,2.93,2.83,2.85,67800
GBZ,20140129,0.034,0.034,0.034,0.034,6900
GCN,20140129,0.012,0.013,0.012,0.013,7637372
GCR,20140129,0.005,0.005,0.004,0.004,373000
GCS,20140129,0.435,0.435,0.435,0.435,400
GCY,20140129,0.165,0.165,0.165,0.165,90000
GDI,20140129,0.88,0.9,0.87,0.885,3011974
GDY,20140129,0.072,0.075,0.07,0.071,244350
GEM,20140129,3.32,3.34,3.27,3.3,538715
GER,20140129,0.105,0.105,0.105,0.105,374000
GFF,20140129,0.665,0.665,0.645,0.65,2813915
GGE,20140129,0.009,0.009,0.009,0.009,80000
GGG,20140129,0.21,0.21,0.2,0.205,381235
GGX,20140129,0.035,0.045,0.035,0.042,5489965
GHC,20140129,1.21,1.22,1.21,1.22,76142
GID,20140129,0.805,0.83,0.805,0.82,1426457
GIP,20140129,0.002,0.003,0.002,0.003,589999
GJT,20140129,1.5,1.525,1.49,1.5,51500
GLH,20140129,0.42,0.42,0.42,0.42,36904
GLL,20140129,0.14,0.14,0.14,0.14,90000
GLM,20140129,0.005,0.005,0.005,0.005,360000
GMG,20140129,4.67,4.72,4.64,4.69,6342054
GML,20140129,0.1,0.1,0.1,0.1,26953
GMX,20140129,0.013,0.013,0.013,0.013,60864
GMY,20140129,1.08,1.08,1.08,1.08,17716
GNC,20140129,7.88,7.89,7.75,7.8,721123
GNG,20140129,0.51,0.51,0.51,0.51,32216
GOLD,20140129,137.2,137.21,136.46,136.71,6940
GOR,20140129,0.115,0.125,0.115,0.12,298764
GOZ,20140129,2.48,2.48,2.45,2.48,47387
GPG,20140129,0.595,0.62,0.595,0.62,290303
GPH,20140129,0.032,0.032,0.032,0.032,60000
GPT,20140129,3.61,3.63,3.595,3.61,3636654
GRB,20140129,0.24,0.245,0.24,0.24,254000
GRF,20140129,1.63,1.63,1.63,1.63,17395
GRM,20140129,0.05,0.05,0.04,0.042,263334
GRR,20140129,0.265,0.27,0.265,0.27,238371
GRY,20140129,0.19,0.195,0.185,0.185,985621
GSC,20140129,0.025,0.025,0.025,0.025,100000
GTE,20140129,0.11,0.115,0.1,0.1,191179
GTG,20140129,0.06,0.06,0.058,0.059,201858
GUD,20140129,6.15,6.27,6.13,6.27,450919
GUF,20140129,0.094,0.095,0.093,0.093,183623
GWA,20140129,2.99,3.03,2.99,3.03,291480
GWR,20140129,0.15,0.15,0.15,0.15,50000
GXL,20140129,8.51,8.6,8.41,8.58,49042
GXY,20140129,0.069,0.072,0.067,0.067,3525666
HAO,20140129,0.34,0.34,0.34,0.34,49739
HAS,20140129,0.059,0.059,0.059,0.059,30000
HAV,20140129,0.25,0.255,0.24,0.24,52325
HAW,20140129,0.047,0.047,0.047,0.047,104167
HAZ,20140129,0.038,0.038,0.038,0.038,2700000
HCH,20140129,0.405,0.405,0.395,0.405,280438
HDX,20140129,0.27,0.29,0.27,0.29,23100
HEG,20140129,0.006,0.006,0.006,0.006,650000
HFA,20140129,0.955,0.955,0.935,0.935,45400
HFR,20140129,0.38,0.38,0.38,0.38,1966
HGG,20140129,4.17,4.24,4.17,4.23,3663688
HGL,20140129,0.07,0.07,0.065,0.065,52010
HGO,20140129,0.086,0.088,0.084,0.087,2716342
HHL,20140129,2.32,2.32,2.28,2.28,8442
HHM,20140129,0.051,0.051,0.051,0.051,10000
HHV,20140129,1.02,1.02,1.015,1.02,144137
HHY,20140129,0.34,0.345,0.34,0.345,23162
HIG,20140129,0.067,0.069,0.067,0.069,314800
HIL,20140129,1.7,1.725,1.7,1.71,101294
HLO,20140129,0.38,0.38,0.38,0.38,25863
HLX,20140129,0.035,0.035,0.033,0.033,50000
HNG,20140129,0.55,0.55,0.55,0.55,4395
HNR,20140129,0.003,0.003,0.003,0.003,324118
HOG,20140129,0.025,0.025,0.022,0.022,276310
HOM,20140129,0.845,0.845,0.84,0.84,12500
HOR,20140129,0.038,0.038,0.038,0.038,25000
HPI,20140129,2.05,2.05,2.02,2.02,76423
HRR,20140129,0.135,0.135,0.135,0.135,1500
HSK,20140129,0.075,0.075,0.074,0.074,282337
HSN,20140129,1.23,1.23,1.21,1.22,26871
HTA,20140129,0.086,0.093,0.086,0.09,123927
HUB,20140129,1.27,1.28,1.23,1.26,121907
HVN,20140129,3.02,3.08,3.02,3.07,2694143
HZN,20140129,0.32,0.327,0.32,0.325,995484
IAA,20140129,50.4,51.24,50.4,50.85,11600
IAF,20140129,101.05,101.05,101,101.05,1087
IAG,20140129,5.58,5.6,5.55,5.59,7198964
IAU,20140129,0.265,0.275,0.265,0.265,1197753
IAW,20140129,0.08,0.08,0.08,0.08,12595
IBC,20140129,0.545,0.545,0.545,0.545,5000
IBG,20140129,0.061,0.061,0.061,0.061,29000
IBK,20140129,39.35,39.98,39.35,39.67,28468
IBY,20140129,0.38,0.39,0.375,0.375,408742
ICG,20140129,0.025,0.025,0.025,0.025,209000
ICN,20140129,0.145,0.15,0.145,0.145,153287
ICQ,20140129,0.8,0.835,0.8,0.835,109820
ICS,20140129,0.05,0.05,0.05,0.05,8724
ICX,20140129,0.082,0.082,0.08,0.08,20000
IDC,20140129,0.071,0.071,0.067,0.07,2503357
IDR,20140129,1.935,1.95,1.935,1.94,162945
IDT,20140129,0.4,0.4,0.4,0.4,5000
IDZ,20140129,0.62,0.65,0.62,0.65,13775
IEC,20140129,0.088,0.088,0.085,0.085,15000
IEM,20140129,43.4,44.4,43.4,44.2,79147
IEU,20140129,52.91,53.37,52.82,52.94,32266
IFE,20140129,0.12,0.125,0.12,0.12,94373
IFL,20140129,8.77,8.93,8.75,8.93,304950
IFM,20140129,0.635,0.65,0.635,0.635,172673
IFN,20140129,0.24,0.245,0.24,0.24,74398
IGB,20140129,99.99,99.99,99.88,99.88,398
IGO,20140129,3.16,3.23,3.14,3.21,680515
IGS,20140129,0.004,0.004,0.004,0.004,500000
IHD,20140129,16.4,16.47,16.4,16.46,7972
IHK,20140129,22.18,22.18,22.03,22.03,1343
IIL,20140129,0.185,0.185,0.175,0.175,112568
IIN,20140129,6.66,6.79,6.66,6.71,307559
IJH,20140129,149.5,150.58,149.5,149.96,1883
IJP,20140129,13.39,13.39,13.24,13.34,12532
IJR,20140129,121.73,121.73,120.88,120.94,5880
IKO,20140129,67.5,67.5,67.4,67.4,2684
ILB,20140129,102,102,101.41,101.41,432
ILC,20140129,23.63,23.7,23.6,23.7,18137
ILU,20140129,8.88,9.05,8.81,8.89,2882368
IMA,20140129,0.135,0.135,0.135,0.135,50
IMC,20140129,0.005,0.006,0.005,0.006,700900
IMD,20140129,0.565,0.565,0.535,0.535,180267
IMF,20140129,1.78,1.805,1.765,1.765,168740
IMU,20140129,0.019,0.019,0.019,0.019,100000
INA,20140129,0.5,0.51,0.5,0.51,75983
IOF,20140129,3.12,3.13,3.09,3.09,998468
IOG,20140129,0.074,0.074,0.074,0.074,5000
IOH,20140129,0.93,0.93,0.93,0.93,7600
IOO,20140129,84.97,85.97,84.97,85.38,19543
IOZ,20140129,22.28,22.46,22.28,22.45,22716
IPB,20140129,0.27,0.275,0.27,0.275,10000
IPD,20140129,0.23,0.235,0.225,0.235,237500
IPE,20140129,0.44,0.44,0.44,0.44,211276
IPL,20140129,2.88,2.91,2.825,2.83,7078598
IPP,20140129,2.21,2.26,2.14,2.17,543176
IPT,20140129,0.03,0.03,0.029,0.029,63125
IRC,20140129,0.056,0.056,0.055,0.055,65875
IRD,20140129,0.34,0.345,0.34,0.345,26369
IRE,20140129,9.06,9.12,8.91,9.04,394578
IRI,20140129,1.185,1.185,1.18,1.18,22165
IRL,20140129,0.007,0.007,0.007,0.007,280000
IRN,20140129,0.15,0.16,0.15,0.16,251528
IRU,20140129,129.71,129.71,129.24,129.56,3992
ISG,20140129,14.16,14.16,14.16,14.16,1000
ISN,20140129,0.32,0.33,0.31,0.315,323904
ISO,20140129,3.85,3.86,3.84,3.84,15744
ISU,20140129,1.39,1.405,1.38,1.39,29600
ITD,20140129,0.29,0.29,0.29,0.29,1000
ITW,20140129,15.75,15.78,15.7,15.7,5676
IVC,20140129,10.55,10.8,10.55,10.78,176292
IVE,20140129,74.84,74.84,74.28,74.56,1604
IVR,20140129,0.05,0.05,0.048,0.05,191620
IVV,20140129,206.25,206.37,205.28,205.81,10493
IVX,20140129,0.095,0.105,0.093,0.093,739476
IXI,20140129,95.06,95.54,95.06,95.48,1878
IXJ,20140129,99.35,99.35,98.45,98.77,2222
IXP,20140129,75.35,75.35,75.35,75.35,119
IXR,20140129,0.05,0.054,0.05,0.054,513425
IZZ,20140129,39.6,40,39.6,40,9129
JAL,20140129,0.2,0.21,0.2,0.2,296333
JAT,20140129,0.02,0.02,0.02,0.02,25000
JBH,20140129,19.19,19.54,18.04,18.25,2417727
JCS,20140129,0.06,0.06,0.06,0.06,113857
JHX,20140129,12.95,13.17,12.95,13.15,1320513
JIN,20140129,1.95,1.97,1.94,1.94,19272
JKA,20140129,0.082,0.082,0.077,0.078,1138041
JMB,20140129,0.09,0.09,0.089,0.089,201100
JPR,20140129,0.385,0.385,0.385,0.385,100000
JRL,20140129,0.2,0.2,0.2,0.2,18735
JRV,20140129,0.028,0.028,0.028,0.028,1620
KAM,20140129,0.75,0.775,0.75,0.77,193750
KAR,20140129,3.61,3.67,3.52,3.54,472714
KAS,20140129,0.13,0.13,0.125,0.125,126986
KAT,20140129,0.865,0.865,0.86,0.86,38500
KBC,20140129,0.175,0.175,0.17,0.17,1388400
KBL,20140129,0.045,0.048,0.045,0.047,195519
KCN,20140129,1.155,1.16,1.12,1.13,694099
KDL,20140129,1.25,1.25,1.17,1.18,85866
KEY,20140129,0.012,0.012,0.012,0.012,250275
KFE,20140129,0.1,0.11,0.1,0.105,354500
KGL,20140129,0.135,0.135,0.13,0.13,145000
KGM,20140129,0.018,0.018,0.018,0.018,110000
KIK,20140129,0.026,0.026,0.019,0.02,5040
KIN,20140129,0.28,0.3,0.28,0.28,10776
KIS,20140129,0.08,0.08,0.08,0.08,100000
KKO,20140129,0.135,0.14,0.135,0.14,150000
KMD,20140129,2.91,2.94,2.905,2.93,1426124
KME,20140129,0.215,0.215,0.215,0.215,3763
KNL,20140129,0.135,0.135,0.13,0.135,57000
KOR,20140129,0.03,0.03,0.03,0.03,20000
KOV,20140129,6.55,6.6,6.55,6.6,5000
KPL,20140129,0.42,0.42,0.42,0.42,70000
KRB,20140129,0.064,0.064,0.064,0.064,80000
KRC,20140129,0.045,0.045,0.042,0.042,49000
KRM,20140129,0.39,0.39,0.385,0.385,86745
KRS,20140129,0.175,0.175,0.175,0.175,3500
KSC,20140129,1.74,1.785,1.72,1.785,13367
KSO,20140129,0.004,0.004,0.004,0.004,25000
KTA,20140129,0.19,0.2,0.19,0.2,62500
LAT,20140129,0.028,0.03,0.026,0.03,2767355
LAU,20140129,0.31,0.32,0.31,0.32,50000
LBT,20140129,0.083,0.083,0.083,0.083,24000
LCM,20140129,1.37,1.39,1.36,1.36,112589
LCR,20140129,0.009,0.01,0.009,0.009,492222
LCT,20140129,0.084,0.084,0.083,0.083,40000
LCY,20140129,0.026,0.027,0.026,0.027,389884
LEG,20140129,0.009,0.009,0.008,0.009,667000
LEI,20140129,16.14,16.33,16.1,16.3,799811
LEP,20140129,2.81,2.86,2.8,2.82,187198
LFC,20140129,0.14,0.14,0.125,0.125,13316
LGD,20140129,0.36,0.36,0.355,0.36,45000
LHC,20140129,2.26,2.31,2.25,2.31,131606
LIC,20140129,1.16,1.18,1.16,1.18,8509
LIN,20140129,0.008,0.008,0.008,0.008,66667
LIO,20140129,0.19,0.19,0.19,0.19,50000
LLC,20140129,10.75,10.845,10.705,10.75,1109344
LLO,20140129,0.26,0.26,0.26,0.26,658
LMB,20140129,0.285,0.3,0.285,0.29,192547
LML,20140129,0.09,0.09,0.09,0.09,125000
LMR,20140129,0.026,0.026,0.026,0.026,520000
LMW,20140129,0.42,0.42,0.4,0.4,37200
LNG,20140129,0.28,0.285,0.275,0.28,418993
LNR,20140129,0.225,0.225,0.225,0.225,12000
LOM,20140129,0.009,0.01,0.009,0.009,22812960
LRL,20140129,0.025,0.025,0.025,0.025,35000
LRR,20140129,0.003,0.003,0.002,0.003,1087000
LRS,20140129,0.061,0.061,0.061,0.061,4996
LSR,20140129,0.01,0.01,0.01,0.01,133714
LTN,20140129,0.063,0.063,0.062,0.062,315000
LTX,20140129,0.03,0.03,0.03,0.03,5000
LYC,20140129,0.305,0.31,0.3,0.3,3771733
LYL,20140129,4.5,4.5,4.345,4.5,2808
MAB,20140129,0.565,0.565,0.55,0.56,141600
MAD,20140129,0.46,0.462,0.44,0.445,685111
MAH,20140129,0.13,0.132,0.13,0.13,291714
MAK,20140129,0.13,0.13,0.13,0.13,46226
MAQ,20140129,8.29,8.32,8.15,8.32,14061
MAR,20140129,0.008,0.008,0.007,0.007,790000
MAT,20140129,0.19,0.2,0.19,0.2,101681
MAU,20140129,0.105,0.105,0.105,0.105,10000
MBC,20140129,0.35,0.35,0.35,0.35,63415
MBE,20140129,0.3,0.3,0.295,0.3,455693
MCE,20140129,1.1,1.1,1.085,1.1,40563
MCP,20140129,1.355,1.365,1.33,1.35,387352
MCR,20140129,0.58,0.58,0.565,0.58,111550
MCS,20140129,1.52,1.53,1.455,1.53,20212
MDG,20140129,0.08,0.08,0.08,0.08,2998
MDI,20140129,0.035,0.035,0.03,0.034,557000
MDL,20140129,2.18,2.19,2.06,2.09,48823
MDO,20140129,0.016,0.016,0.016,0.016,5000
MDS,20140129,0.002,0.002,0.002,0.002,9242525
MEJ,20140129,0.02,0.022,0.02,0.022,35000
MEO,20140129,0.05,0.052,0.049,0.052,587497
MEP,20140129,0.125,0.125,0.125,0.125,65000
MFF,20140129,1.665,1.68,1.63,1.64,378792
MFG,20140129,11.45,11.65,11.32,11.35,380440
MGL,20140129,0.03,0.033,0.03,0.033,516481
MGR,20140129,1.705,1.71,1.695,1.695,13755055
MGV,20140129,0.075,0.075,0.075,0.075,50000
MGX,20140129,1.04,1.082,1.04,1.08,2970880
MGZ,20140129,0.027,0.027,0.027,0.027,75000
MHM,20140129,0.065,0.065,0.065,0.065,36000
MIN,20140129,11.01,11.19,11,11.11,1598229
MIR,20140129,2.53,2.53,2.48,2.5,143687
MIX,20140129,0.165,0.165,0.16,0.16,76414
MIZ,20140129,0.006,0.006,0.006,0.006,2613349
MKB,20140129,0.225,0.225,0.215,0.225,3334884
MKO,20140129,0.029,0.029,0.029,0.029,100000
MLA,20140129,0.35,0.4,0.35,0.4,1199267
MLB,20140129,1.925,1.94,1.855,1.87,246872
MLD,20140129,2.54,2.55,2.44,2.52,57819
MLI,20140129,0.055,0.055,0.055,0.055,6473
MLS,20140129,0.009,0.009,0.009,0.009,500000
MLT,20140129,4.27,4.34,4.26,4.32,173340
MLX,20140129,0.19,0.195,0.187,0.19,1007557
MMC,20140129,0.018,0.018,0.017,0.018,239500
MML,20140129,2.17,2.22,2.12,2.15,1120425
MMS,20140129,11.71,11.94,11.6,11.92,115273
MNC,20140129,0.032,0.032,0.031,0.031,419039
MND,20140129,16.78,16.78,16.305,16.47,253132
MNE,20140129,0.022,0.022,0.021,0.021,795622
MNF,20140129,1.81,1.84,1.81,1.82,7370
MNM,20140129,0.027,0.027,0.025,0.025,1331111
MNW,20140129,0.34,0.36,0.34,0.35,1264260
MNY,20140129,0.975,1,0.97,0.995,42050
MNZ,20140129,1.25,1.28,1.17,1.2,656874
MOC,20140129,2.85,2.9,2.8,2.87,62256
MOD,20140129,0.019,0.02,0.019,0.02,250000
MOL,20140129,0.115,0.115,0.115,0.115,175000
MOY,20140129,0.205,0.205,0.195,0.205,65156
MOZ,20140129,0.014,0.014,0.014,0.014,424844
MPJ,20140129,0.003,0.003,0.003,0.003,237500
MPO,20140129,0.2,0.21,0.2,0.21,6155411
MQA,20140129,2.73,2.84,2.73,2.84,327100
MQG,20140129,54.78,55.4,54.7,55.31,1219550
MRC,20140129,0.165,0.165,0.165,0.165,46334
MRM,20140129,2.9,2.97,2.9,2.94,434229
MRV,20140129,0.003,0.003,0.003,0.003,3549283
MRX,20140129,0.009,0.009,0.009,0.009,1100000
MRY,20140129,0.016,0.016,0.016,0.016,25
MSB,20140129,5.89,5.9,5.81,5.85,219842
MSC,20140129,0.002,0.002,0.002,0.002,20000
MSR,20140129,0.034,0.034,0.034,0.034,783235
MTH,20140129,0.011,0.011,0.009,0.009,971000
MTI,20140129,0.003,0.003,0.002,0.003,3226666
MTN,20140129,0.025,0.025,0.025,0.025,1000
MTS,20140129,3.03,3.05,3,3.03,3107167
MTU,20140129,6.05,6.23,6.05,6.22,542075
MUM,20140129,0.015,0.015,0.015,0.015,17000
MUX,20140129,0.03,0.03,0.027,0.027,12501
MVB,20140129,24.63,24.63,24.63,24.63,500
MVP,20140129,1.1,1.1,1.1,1.1,10319
MVT,20140129,0.14,0.14,0.14,0.14,10000
MXI,20140129,1.255,1.27,1.245,1.27,150685
MXQ,20140129,0.165,0.165,0.162,0.162,230000
MXR,20140129,0.002,0.002,0.002,0.002,251631
MYA,20140129,0.034,0.034,0.032,0.032,3243465
MYE,20140129,0.72,0.72,0.7,0.7,47320
MYG,20140129,0.03,0.032,0.03,0.032,232783
MYN,20140129,0.016,0.016,0.016,0.016,50000
MYR,20140129,2.57,2.63,2.57,2.63,5097168
MYS,20140129,4.76,4.78,4.7,4.73,27031
MYT,20140129,1.875,1.875,1.82,1.85,41471
MYX,20140129,0.735,0.74,0.73,0.73,321210
MZI,20140129,0.013,0.013,0.012,0.012,4086352
MZM,20140129,0.11,0.14,0.11,0.14,225780
NAB,20140129,33.35,33.67,33.2,33.6,4931828
NAG,20140129,0.05,0.051,0.046,0.046,1219053
NAM,20140129,0.3,0.3,0.3,0.3,75000
NAN,20140129,0.91,0.92,0.9,0.92,262575
NBL,20140129,0.63,0.63,0.63,0.63,15000
NCC,20140129,1.06,1.06,1.06,1.06,2600
NCK,20140129,2.9,2.9,2.9,2.9,17
NCM,20140129,9.64,9.64,9.33,9.56,5704861
NCR,20140129,0.027,0.027,0.024,0.025,1994417
NDO,20140129,0.03,0.031,0.03,0.03,2832335
NEA,20140129,0.62,0.625,0.595,0.6,1088805
NEC,20140129,2.16,2.2,2.15,2.2,2544997
NEN,20140129,0.06,0.06,0.056,0.057,8279721
NEU,20140129,0.1,0.105,0.1,0.1,2195182
NGE,20140129,0.02,0.02,0.019,0.019,600000
NGF,20140129,0.14,0.14,0.14,0.14,7000
NHC,20140129,3.49,3.52,3.46,3.5,71634
NHF,20140129,2.5,2.55,2.5,2.51,133081
NKP,20140129,0.095,0.095,0.095,0.095,52500
NMI,20140129,0.055,0.057,0.055,0.056,701349
NNW,20140129,0.355,0.37,0.355,0.37,40000
NOD,20140129,0.057,0.057,0.057,0.057,10000
NPX,20140129,3.17,3.17,3.17,3.17,15
NRR,20140129,0.017,0.017,0.017,0.017,1100000
NRT,20140129,0.195,0.2,0.195,0.195,91531
NSE,20140129,0.17,0.18,0.17,0.18,959716
NSL,20140129,0.008,0.008,0.008,0.008,108695
NSR,20140129,1.095,1.1,1.09,1.095,2123546
NST,20140129,0.9,0.92,0.885,0.895,2699520
NTC,20140129,0.34,0.34,0.335,0.335,38730
NTL,20140129,0.012,0.012,0.01,0.01,57000
NTU,20140129,0.195,0.2,0.195,0.195,120000
NUF,20140129,4.06,4.07,4.03,4.06,527615
NVG,20140129,0.008,0.008,0.008,0.008,282390
NVI,20140129,0.96,0.96,0.96,0.96,166
NVT,20140129,6.27,6.43,6.27,6.43,408427
NWE,20140129,0.013,0.013,0.013,0.013,27400
NWH,20140129,1.25,1.255,1.23,1.255,797752
NWS,20140129,18.18,18.3,18.18,18.24,1167782
NWT,20140129,0.46,0.47,0.455,0.47,1147615
NXR,20140129,0.019,0.019,0.019,0.019,70000
NXS,20140129,0.06,0.061,0.06,0.06,657680
NXT,20140129,2.24,2.3,2.23,2.26,331045
NZO,20140129,0.745,0.745,0.74,0.74,9670
OBJ,20140129,0.032,0.033,0.032,0.032,4033084
OBL,20140129,0.017,0.017,0.017,0.017,535930
OBS,20140129,0.32,0.32,0.31,0.32,102049
OCL,20140129,0.64,0.64,0.64,0.64,64747
OEC,20140129,0.16,0.18,0.16,0.18,104674
OEL,20140129,0.094,0.094,0.092,0.094,632008
OEX,20140129,0.105,0.105,0.092,0.092,839379
OFX,20140129,2.94,3.05,2.94,3.04,535836
OGC,20140129,2.03,2.04,1.987,2.02,606014
OGH,20140129,0.045,0.045,0.045,0.045,71500
OGX,20140129,0.125,0.125,0.125,0.125,12381
OGY,20140129,0.021,0.021,0.02,0.02,333417
OKJ,20140129,0.031,0.031,0.031,0.031,18800
OKN,20140129,1.58,1.6,1.54,1.6,21121
OKU,20140129,0.006,0.006,0.006,0.006,1737798
OMH,20140129,0.59,0.68,0.59,0.6,261265
ONC,20140129,0.275,0.275,0.275,0.275,18000
ONT,20140129,6.65,6.65,6.65,6.65,2063
ORA,20140129,1.335,1.345,1.32,1.32,13471624
ORD,20140129,0.005,0.005,0.004,0.004,1101000
ORE,20140129,2.2,2.29,2.18,2.25,279175
ORG,20140129,13.76,13.98,13.76,13.98,2687054
ORI,20140129,23.65,23.72,23.13,23.28,1989635
ORL,20140129,4.4,4.4,4.25,4.25,44077
ORN,20140129,0.071,0.071,0.071,0.071,155000
ORS,20140129,0.093,0.135,0.093,0.13,1048919
OSH,20140129,8.4,8.4,8.145,8.25,9925454
OSL,20140129,0.145,0.145,0.135,0.14,311565
OTC,20140129,0.12,0.12,0.115,0.115,20000
OTH,20140129,0.565,0.57,0.56,0.56,32165
OVL,20140129,0.008,0.009,0.008,0.009,971519
OZF,20140129,19.4,19.56,19.38,19.56,7351
OZG,20140129,0.185,0.19,0.185,0.185,1227180
OZL,20140129,3.57,3.6,3.53,3.58,1396622
PAA,20140129,0.014,0.014,0.013,0.013,1982857
PAB,20140129,0.042,0.044,0.042,0.043,4679684
PAN,20140129,0.25,0.25,0.24,0.24,369549
PBD,20140129,0.023,0.023,0.023,0.023,902125
PBG,20140129,0.62,0.625,0.6,0.61,2114434
PBT,20140129,1.115,1.14,1.115,1.13,920237
PCL,20140129,0.049,0.049,0.048,0.048,1443186
PDN,20140129,0.54,0.555,0.527,0.53,6473641
PDY,20140129,0.005,0.007,0.005,0.007,1870949
PDZ,20140129,0.275,0.275,0.275,0.275,2005
PEA,20140129,0.4,0.405,0.4,0.405,32000
PEC,20140129,0.055,0.055,0.055,0.055,100000
PEK,20140129,0.056,0.058,0.056,0.057,2014464
PEL,20140129,0.006,0.006,0.006,0.006,1264
PEN,20140129,0.021,0.023,0.021,0.023,9154303
PEX,20140129,0.24,0.24,0.24,0.24,20000
PFL,20140129,1.4,1.4,1.39,1.4,65536
PGC,20140129,0.34,0.35,0.33,0.34,142100
PGF,20140129,0.995,0.995,0.99,0.995,333535
PGH,20140129,3.45,3.52,3.44,3.45,1817349
PGI,20140129,0.038,0.038,0.036,0.037,415810
PGL,20140129,0.415,0.42,0.415,0.42,11000
PGO,20140129,0.063,0.063,0.06,0.06,35707
PGS,20140129,0.016,0.016,0.016,0.016,41194
PHK,20140129,0.049,0.049,0.049,0.049,30000
PIR,20140129,1.22,1.22,1.185,1.19,378726
PLD,20140129,0.008,0.008,0.007,0.007,1200000
PLH,20140129,0.145,0.155,0.145,0.15,33104
PMC,20140129,1.82,1.82,1.79,1.815,745652
PME,20140129,0.81,0.81,0.81,0.81,14000
PML,20140129,0.032,0.032,0.03,0.032,883000
PMP,20140129,0.45,0.45,0.45,0.45,3157
PMQ,20140129,0.03,0.03,0.03,0.03,100000
PMV,20140129,7.7,7.88,7.7,7.79,351963
PMY,20140129,0.028,0.028,0.028,0.028,971500
PNA,20140129,1.665,1.697,1.655,1.675,4412640
PNR,20140129,0.068,0.071,0.068,0.07,620293
POH,20140129,0.115,0.12,0.115,0.12,359551
POK,20140129,0.059,0.06,0.059,0.06,19377
POU,20140129,18.77,18.77,18.77,18.77,1000
PPC,20140129,1.325,1.395,1.325,1.395,13866
PPK,20140129,0.88,0.88,0.88,0.88,7000
PPP,20140129,0.11,0.115,0.11,0.11,140535
PPS,20140129,0.15,0.16,0.15,0.16,70000
PPT,20140129,48,48.9,47.99,48.47,120493
PPX,20140129,0.042,0.042,0.04,0.041,677546
PRG,20140129,3.15,3.16,3.02,3.05,273389
PRL,20140129,0.2,0.205,0.2,0.205,139833
PRO,20140129,0.565,0.565,0.565,0.565,12231
PRR,20140129,0.049,0.049,0.047,0.048,1082184
PRT,20140129,1.02,1.02,1.01,1.01,8143
PRU,20140129,0.39,0.39,0.37,0.38,5612716
PRY,20140129,4.94,4.97,4.92,4.97,1792093
PSH,20140129,0.05,0.05,0.046,0.046,30000
PSY,20140129,0.11,0.11,0.1,0.1,3375387
PSZ,20140129,0.92,0.94,0.905,0.94,41764
PTL,20140129,0.033,0.033,0.031,0.032,1489897
PTM,20140129,6.82,6.87,6.77,6.85,485334
PTR,20140129,0.01,0.01,0.01,0.01,12500
PUN,20140129,0.042,0.042,0.039,0.039,34297
PVA,20140129,5.53,5.55,5.52,5.52,20166
PVD,20140129,0.52,0.525,0.48,0.51,431804
PVE,20140129,0.12,0.12,0.12,0.12,10000
PVM,20140129,0.365,0.365,0.36,0.36,3420733
PWN,20140129,0.09,0.09,0.085,0.085,77194
PWW,20140129,0.005,0.005,0.005,0.005,20000
PXG,20140129,0.16,0.16,0.16,0.16,25000
PXR,20140129,0.002,0.002,0.002,0.002,175000
PXS,20140129,0.13,0.135,0.125,0.125,1402333
PYC,20140129,0.022,0.024,0.022,0.023,1859864
PYM,20140129,0.032,0.032,0.032,0.032,53074
PZC,20140129,0.016,0.017,0.016,0.016,101218
QAG,20140129,10.2,10.2,10.2,10.2,80
QAN,20140129,1.095,1.1,1.09,1.095,4897287
QAU,20140129,13.02,13.02,13.01,13.01,2240
QBE,20140129,11.5,11.67,11.46,11.6,4170829
QBL,20140129,0.01,0.01,0.01,0.01,330000
QFX,20140129,0.013,0.014,0.013,0.014,6899027
QHL,20140129,0.21,0.215,0.21,0.21,409905
QMN,20140129,0.012,0.012,0.012,0.012,932969
QOZ,20140129,11.82,11.88,11.82,11.88,27196
QPN,20140129,0.002,0.002,0.002,0.002,371666
QRX,20140129,0.92,0.92,0.87,0.87,97200
QUB,20140129,2.02,2.035,2.01,2.02,519274
RAU,20140129,0.012,0.013,0.012,0.013,30000
RCB,20140129,20.39,20.39,20.39,20.39,1190
RCG,20140129,0.78,0.785,0.775,0.775,280865
RCO,20140129,0.28,0.28,0.28,0.28,491
RCR,20140129,3.16,3.16,3.04,3.04,461984
RCT,20140129,3.84,3.84,3.84,3.84,1446
RDF,20140129,1.25,1.25,1.25,1.25,40
RDM,20140129,0.175,0.185,0.155,0.185,157750
RDR,20140129,0.057,0.058,0.057,0.058,317200
RDV,20140129,28.37,28.37,28.11,28.29,10368
REA,20140129,41.25,42.42,41.1,42.26,225032
REC,20140129,4.37,4.41,4.33,4.4,5426714
RED,20140129,0.083,0.085,0.083,0.085,346100
REH,20140129,31.32,31.32,31.32,31.32,1
RER,20140129,0.045,0.048,0.045,0.045,256667
RES,20140129,0.19,0.19,0.185,0.19,75177
REX,20140129,0.91,0.91,0.91,0.91,15000
REY,20140129,0.098,0.098,0.098,0.098,74800
RFE,20140129,0.29,0.3,0.285,0.3,378794
RFG,20140129,4.25,4.29,4.24,4.27,155641
RFL,20140129,0.275,0.28,0.275,0.28,69372
RFX,20140129,0.14,0.16,0.13,0.16,714810
RGP,20140129,0.037,0.037,0.037,0.037,12000
RGS,20140129,0.47,0.47,0.445,0.465,180409
RHC,20140129,43.51,43.65,42.86,43.17,535326
RHI,20140129,0.89,0.89,0.89,0.89,12000
RHL,20140129,3.27,3.27,3.27,3.27,1000
RHT,20140129,0.076,0.081,0.075,0.078,4059201
RIC,20140129,0.82,0.82,0.805,0.805,36154
RIE,20140129,0.023,0.023,0.019,0.02,127158
RIO,20140129,65.48,65.8,65.17,65.8,1731204
RKN,20140129,2.16,2.19,2.16,2.17,147030
RLE,20140129,0.19,0.19,0.19,0.19,12394
RMD,20140129,5.03,5.035,4.94,4.95,9447607
RMP,20140129,0.052,0.052,0.052,0.052,21000
RMR,20140129,0.007,0.017,0.007,0.013,82247687
RMS,20140129,0.127,0.13,0.125,0.125,277896
RMX,20140129,0.024,0.026,0.024,0.025,95292793
RNC,20140129,0.33,0.345,0.32,0.345,563000
RND,20140129,0.465,0.465,0.46,0.46,15300
RNI,20140129,0.086,0.086,0.083,0.083,152100
RNO,20140129,0.055,0.056,0.054,0.054,747377
ROC,20140129,0.45,0.46,0.447,0.46,803857
ROG,20140129,0.002,0.002,0.002,0.002,1000000
ROY,20140129,0.043,0.043,0.043,0.043,100000
RQL,20140129,0.145,0.15,0.145,0.15,70000
RRL,20140129,2.72,2.74,2.69,2.72,2017660
RRS,20140129,0.023,0.023,0.023,0.023,209102
RSG,20140129,0.54,0.54,0.512,0.525,4442237
RSL,20140129,0.007,0.007,0.007,0.007,414795
RTD,20140129,0.056,0.06,0.056,0.06,418973
RTR,20140129,0.03,0.031,0.029,0.029,636023
RUL,20140129,0.675,0.675,0.67,0.67,34000
RUM,20140129,0.14,0.145,0.135,0.135,492449
RVA,20140129,0.415,0.43,0.415,0.43,19390
RVL,20140129,32.07,32.07,32.06,32.06,84
RVY,20140129,0.02,0.02,0.018,0.02,960000
RWD,20140129,0.625,0.625,0.545,0.545,47345
RXL,20140129,0.037,0.039,0.037,0.039,1313320
RXM,20140129,0.47,0.48,0.425,0.43,586415
RXP,20140129,0.775,0.78,0.775,0.78,718007
RYG,20140129,0.011,0.011,0.011,0.011,3232
SAI,20140129,3.76,3.81,3.71,3.75,973588
SAO,20140129,0.43,0.43,0.43,0.43,6800
SAR,20140129,0.25,0.27,0.245,0.27,5281899
SAU,20140129,0.01,0.01,0.01,0.01,1500
SAV,20140129,0.015,0.015,0.015,0.015,10000
SBM,20140129,0.305,0.31,0.29,0.3,2578722
SBN,20140129,0.012,0.012,0.011,0.011,270000
SBR,20140129,0.052,0.052,0.05,0.05,14033
SCC,20140129,0.655,0.655,0.655,0.655,57011
SCD,20140129,0.85,0.85,0.85,0.85,31000
SCP,20140129,1.48,1.495,1.48,1.49,1391091
SDF,20140129,1.67,1.67,1.625,1.64,244037
SDG,20140129,1.6,1.605,1.565,1.565,239441
SDL,20140129,0.091,0.093,0.09,0.093,10390690
SDM,20140129,0.655,0.655,0.6,0.61,119866
SEA,20140129,1.02,1.03,1.01,1.02,380557
SEG,20140129,0.009,0.01,0.008,0.009,18249428
SEH,20140129,0.215,0.217,0.21,0.215,732259
SEK,20140129,12.65,12.75,12.505,12.71,1027471
SEN,20140129,0.041,0.041,0.04,0.041,11848
SER,20140129,0.029,0.029,0.029,0.029,50000
SFH,20140129,0.86,0.86,0.85,0.85,33657
SFR,20140129,5.65,5.8,5.58,5.65,685197
SFW,20140129,0.75,0.75,0.73,0.745,22725
SFX,20140129,0.58,0.58,0.58,0.58,73742
SFY,20140129,51.82,51.93,51.65,51.93,12181
SGH,20140129,4.37,4.43,4.35,4.42,584890
SGM,20140129,10.45,10.625,10.45,10.55,375750
SGN,20140129,1.46,1.495,1.455,1.485,430908
SGP,20140129,3.69,3.715,3.67,3.7,5525434
SGQ,20140129,0.1,0.1,0.098,0.098,198000
SGT,20140129,3.16,3.17,3.12,3.12,1378762
SGZ,20140129,0.007,0.007,0.007,0.007,1500000
SHJ,20140129,1.85,1.85,1.85,1.85,17000
SHL,20140129,16.69,16.69,16.52,16.68,1016970
SHP,20140129,0.024,0.025,0.023,0.024,239841
SHV,20140129,5.9,5.98,5.82,5.86,106172
SIP,20140129,0.605,0.615,0.605,0.615,1924779
SIR,20140129,2.09,2.185,2.07,2.17,726365
SIT,20140129,0.135,0.15,0.135,0.15,60000
SIV,20140129,4.9,5.05,4.9,5.02,33264
SKC,20140129,3.64,3.71,3.625,3.7,586369
SKE,20140129,2.87,3,2.85,2.96,780197
SKI,20140129,1.645,1.65,1.625,1.64,5184571
SKS,20140129,0.35,0.35,0.35,0.35,50000
SKT,20140129,5.45,5.46,5.4,5.45,213458
SLF,20140129,9.06,9.14,9.06,9.14,43975
SLK,20140129,1.59,1.63,1.585,1.62,27044
SLM,20140129,2.1,2.1,2.1,2.1,112243
SLR,20140129,0.62,0.62,0.59,0.595,4801035
SLX,20140129,2.11,2.14,2.08,2.1,84224
SMA,20140129,0.024,0.026,0.024,0.025,2050469
SMC,20140129,0.026,0.026,0.026,0.026,57000
SMN,20140129,0.185,0.225,0.185,0.19,512595
SMR,20140129,0.185,0.19,0.185,0.19,530032
SMX,20140129,3.98,4.06,3.98,4.05,166459
SNC,20140129,0.955,0.96,0.95,0.95,85156
SND,20140129,0.93,0.93,0.87,0.875,110440
SNL,20140129,2.2,2.2,2.18,2.18,683
SNZ,20140129,3.4,3.4,3.4,3.4,1500
SOC,20140129,0.15,0.16,0.15,0.16,12500
SOI,20140129,0.005,0.005,0.005,0.005,1753613
SOL,20140129,15.1,15.1,14.85,14.87,26529
SOM,20140129,1.28,1.3,1.28,1.3,62750
SOO,20140129,0.016,0.016,0.016,0.016,187500
SPI,20140129,0.01,0.01,0.01,0.01,250000
SPL,20140129,0.745,0.81,0.745,0.795,390706
SPN,20140129,1.215,1.22,1.185,1.2,6689751
SPS,20140129,0.002,0.002,0.002,0.002,500000
SPX,20140129,0.033,0.033,0.033,0.033,30000
SPZ,20140129,0.2,0.2,0.195,0.195,26875
SRH,20140129,0.145,0.145,0.145,0.145,7000
SRI,20140129,0.059,0.061,0.059,0.059,150000
SRM,20140129,0.225,0.225,0.22,0.22,124000
SRQ,20140129,0.008,0.008,0.008,0.008,455789
SRV,20140129,4.17,4.26,4.17,4.21,4550
SRX,20140129,14.11,14.15,13.87,14.04,291614
SSM,20140129,0.24,0.245,0.24,0.245,1336972
SSN,20140129,0.027,0.028,0.027,0.027,702089
SSO,20140129,11.3,11.3,11.3,11.3,4376
STB,20140129,0.21,0.21,0.205,0.21,66642
STO,20140129,13.7,13.78,13.37,13.5,4690072
STS,20140129,0.54,0.54,0.54,0.54,20000
STW,20140129,48.4,48.61,48.25,48.61,247692
STX,20140129,0.096,0.097,0.095,0.096,572167
SUD,20140129,0.066,0.067,0.066,0.066,1486517
SUL,20140129,10.62,10.62,10.42,10.49,820899
SUM,20140129,0.1,0.1,0.1,0.1,19800
SUN,20140129,12.35,12.57,12.35,12.54,2992273
SUR,20140129,0.024,0.025,0.024,0.025,640000
SVL,20140129,0.006,0.006,0.005,0.005,281334
SVW,20140129,7.66,7.76,7.62,7.75,438526
SWE,20140129,0.36,0.37,0.355,0.365,78200
SWJ,20140129,0.225,0.225,0.225,0.225,9700
SWK,20140129,0.29,0.29,0.29,0.29,9000
SWL,20140129,1.33,1.33,1.33,1.33,11800
SWM,20140129,2.05,2.13,2.05,2.13,2224146
SXA,20140129,0.36,0.375,0.36,0.375,25200
SXE,20140129,0.73,0.73,0.725,0.73,39749
SXG,20140129,0.016,0.016,0.015,0.015,60000
SXI,20140129,0.022,0.022,0.022,0.022,200000
SXL,20140129,1.615,1.62,1.585,1.61,689972
SXY,20140129,0.68,0.705,0.675,0.7,4380934
SYA,20140129,0.002,0.002,0.002,0.002,29070
SYD,20140129,3.91,3.94,3.87,3.92,5882494
SYI,20140129,28.94,28.94,28.76,28.86,8664
SYR,20140129,2.5,2.59,2.46,2.46,271104
SZG,20140129,0.11,0.11,0.11,0.11,5000
TAH,20140129,3.45,3.49,3.44,3.49,1323624
TAM,20140129,0.019,0.02,0.019,0.02,1144000
TAN,20140129,0.485,0.485,0.48,0.48,14700
TAP,20140129,0.5,0.5,0.495,0.495,49089
TAR,20140129,0.02,0.02,0.02,0.02,510000
TAS,20140129,0.035,0.035,0.034,0.034,52000
TAW,20140129,0.034,0.034,0.033,0.033,1028528
TBR,20140129,2.42,2.47,2.42,2.47,2724
TCL,20140129,6.93,6.955,6.895,6.93,3240346
TCQ,20140129,0.255,0.26,0.255,0.26,11586
TDO,20140129,0.11,0.12,0.11,0.12,4921
TEG,20140129,0.006,0.006,0.006,0.006,400000
TEL,20140129,2.23,2.24,2.2,2.22,762875
TEN,20140129,0.34,0.375,0.34,0.365,21357413
TEY,20140129,0.036,0.036,0.036,0.036,1000
TFC,20140129,1.18,1.23,1.18,1.19,309639
TFS,20140129,0.125,0.125,0.125,0.125,20000
TGA,20140129,2.06,2.08,2.03,2.03,174951
TGG,20140129,1.435,1.44,1.43,1.435,119427
TGP,20140129,0.69,0.69,0.675,0.675,2776420
TGR,20140129,3.18,3.33,3.18,3.31,310662
TGS,20140129,0.38,0.39,0.375,0.385,1272273
TGZ,20140129,0.75,0.86,0.75,0.795,202230
THO,20140129,0.012,0.012,0.012,0.012,65406
THX,20140129,0.039,0.039,0.035,0.035,26152
TIS,20140129,0.3,0.315,0.3,0.3,157754
TIX,20140129,2.05,2.06,2.03,2.06,74141
TKG,20140129,0.011,0.011,0.011,0.011,2000
TLM,20140129,0.12,0.12,0.115,0.115,139500
TLS,20140129,5.1,5.12,5.08,5.1,52317372
TLU,20140129,0.076,0.076,0.076,0.076,57408
TME,20140129,3.74,3.78,3.71,3.78,1299338
TMX,20140129,0.005,0.005,0.005,0.005,100000
TNE,20140129,2.2,2.21,2.13,2.18,288033
TNG,20140129,0.043,0.043,0.041,0.042,977473
TNP,20140129,0.01,0.01,0.008,0.008,1121564
TOE,20140129,0.078,0.078,0.074,0.075,1696523
TOL,20140129,5.66,5.72,5.6,5.72,2199309
TON,20140129,0.13,0.13,0.125,0.125,1179779
TOP,20140129,0.6,0.6,0.585,0.585,716195
TOU,20140129,0.32,0.32,0.315,0.315,255935
TOX,20140129,3.27,3.43,3.27,3.34,70955
TPD,20140129,0.04,0.04,0.037,0.037,26400
TPI,20140129,1.125,1.145,1.125,1.145,2247681
TPL,20140129,0.003,0.003,0.003,0.003,1600000
TPM,20140129,5.35,5.46,5.27,5.41,821658
TPP,20140129,0.043,0.044,0.043,0.044,306068
TPT,20140129,0.22,0.22,0.215,0.215,86499
TRG,20140129,8.3,8.42,8.23,8.39,44927
TRO,20140129,0.06,0.06,0.06,0.06,11000
TRS,20140129,11.1,11.43,11.02,11.1,463704
TRY,20140129,1.07,1.07,1.045,1.065,560576
TSE,20140129,0.84,0.84,0.82,0.825,1474415
TSM,20140129,0.42,0.42,0.415,0.415,244358
TSN,20140129,0.007,0.007,0.007,0.007,2975000
TTE,20140129,0.025,0.025,0.023,0.023,592318
TTI,20140129,0.062,0.062,0.06,0.06,976947
TTN,20140129,2.4,2.44,2.34,2.42,73402
TTS,20140129,2.97,3,2.96,3,2270750
TUP,20140129,1.26,1.41,1.26,1.41,27365
TWD,20140129,2.85,2.85,2.78,2.85,4950
TWR,20140129,1.64,1.64,1.64,1.64,7809
TYK,20140129,0.004,0.004,0.004,0.004,16056795
TZL,20140129,0.215,0.225,0.195,0.205,2639340
TZN,20140129,0.033,0.034,0.033,0.033,700000
UBI,20140129,0.495,0.5,0.49,0.49,42530
UCW,20140129,0.02,0.02,0.02,0.02,52083
UGL,20140129,6.96,7.29,6.96,7.2,1272644
UML,20140129,0.036,0.038,0.036,0.036,390196
UNS,20140129,0.91,0.915,0.9,0.9,319606
UNV,20140129,0.12,0.13,0.12,0.13,10000
UNX,20140129,0.165,0.17,0.165,0.165,214784
URF,20140129,1.94,1.95,1.94,1.95,1382291
USD,20140129,11.23,11.23,11.19,11.2,38059
USF,20140129,1.82,1.82,1.81,1.81,3500
UXC,20140129,1.07,1.095,1.07,1.085,213680
VAF,20140129,48,48,47.9,47.9,502
VAH,20140129,0.355,0.365,0.34,0.345,3221434
VAP,20140129,57.4,57.4,57.04,57.27,3384
VAS,20140129,66,66.13,65.64,66.03,31573
VBP,20140129,6.5,6.5,6.5,6.5,1397
VEC,20140129,0.028,0.028,0.028,0.028,21376
VED,20140129,1.82,1.85,1.8,1.8,202590
VEI,20140129,0.665,0.69,0.665,0.67,194516
VET,20140129,2.24,2.27,2.21,2.21,121099
VEU,20140129,56.08,56.08,55.6,55.85,10152
VGB,20140129,46.74,46.74,46.7,46.7,563
VGE,20140129,48.87,48.87,48.87,48.87,3503
VHL,20140129,0.013,0.013,0.013,0.013,766923
VHY,20140129,63,63.5,62.86,63.49,21508
VIC,20140129,0.006,0.006,0.006,0.006,1187447
VIE,20140129,0.3,0.3,0.3,0.3,15000
VLC,20140129,58.66,58.66,58.5,58.65,2663
VLW,20140129,1.88,1.9,1.865,1.9,28285
VMC,20140129,0.07,0.08,0.07,0.08,245737
VMG,20140129,0.01,0.01,0.01,0.01,2850000
VML,20140129,0.045,0.045,0.044,0.045,220000
VMS,20140129,0.15,0.165,0.15,0.165,34660
VMT,20140129,0.052,0.052,0.048,0.048,9159277
VOC,20140129,3.22,3.27,3.18,3.2,72442
VRL,20140129,7.45,7.47,7.37,7.41,280270
VRT,20140129,8.4,8.56,8.37,8.55,158168
VSC,20140129,1.51,1.51,1.51,1.51,3500
VSO,20140129,43.4,43.5,43.4,43.47,888
VTG,20140129,0.6,0.6,0.55,0.55,166300
VTM,20140129,0.08,0.08,0.08,0.08,100000
VTS,20140129,106.11,107.18,106.11,106.79,11285
VTX,20140129,0.002,0.002,0.002,0.002,1050000
WAA,20140129,1.26,1.26,1.255,1.255,20385
WAC,20140129,0.047,0.049,0.047,0.049,30000
WAF,20140129,0.105,0.11,0.105,0.11,14090
WAM,20140129,1.96,1.995,1.96,1.98,618464
WAX,20140129,1.115,1.125,1.11,1.12,136988
WBA,20140129,1.175,1.175,1.165,1.17,16813
WBB,20140129,5.76,5.77,5.76,5.77,522
WBC,20140129,30.91,31.21,30.66,31.2,5734104
WCB,20140129,9.42,9.45,9.42,9.44,27904
WCL,20140129,0.19,0.195,0.19,0.195,81247
WCN,20140129,0.023,0.024,0.016,0.017,30515959
WDC,20140129,9.99,10.07,9.92,10.03,7541281
WDR,20140129,0.655,0.665,0.65,0.65,435256
WDS,20140129,0.84,0.85,0.83,0.83,95908
WEB,20140129,2.71,2.82,2.66,2.82,82858
WEC,20140129,0.155,0.155,0.155,0.155,90060
WEG,20140129,0.007,0.007,0.007,0.007,155000
WES,20140129,42.44,42.5,41.865,42.36,2908312
WFE,20140129,0.023,0.023,0.023,0.023,54473
WGO,20140129,0.029,0.029,0.029,0.029,300000
WHC,20140129,1.81,1.835,1.797,1.82,1857688
WHF,20140129,3.86,3.88,3.86,3.88,4000
WHN,20140129,0.01,0.01,0.01,0.01,8000
WIC,20140129,1.18,1.18,1.17,1.18,66000
WIG,20140129,0.565,0.565,0.565,0.565,138799
WIN,20140129,0.2,0.2,0.2,0.2,14900
WKT,20140129,0.007,0.007,0.007,0.007,138800
WLF,20140129,0.395,0.395,0.39,0.39,110000
WLL,20140129,2.81,2.83,2.81,2.83,11263
WMK,20140129,1,1,1,1,50000
WMN,20140129,0.12,0.12,0.12,0.12,14200
WOF,20140129,0.062,0.062,0.058,0.058,100000
WOR,20140129,16.65,16.77,16.54,16.64,656156
WOW,20140129,33.84,34.03,33.66,34.03,3769881
WPG,20140129,0.031,0.031,0.031,0.031,2022578
WPL,20140129,38.04,38.14,37.7,37.85,1929508
WRR,20140129,0.1,0.1,0.1,0.1,7000
WRT,20140129,2.99,3.035,2.99,3.02,4621625
WSA,20140129,2.56,2.585,2.52,2.58,1071938
WSR,20140129,0.01,0.01,0.009,0.009,1884652
WTF,20140129,2.44,2.5,2.42,2.42,3739120
WTP,20140129,1,1,1,1,24979
WTR,20140129,0.081,0.081,0.081,0.081,100000
WWI,20140129,0.018,0.018,0.018,0.018,155000
XRF,20140129,0.3,0.3,0.3,0.3,5000
XRO,20140129,39.3,39.7,38.81,39.5,58126
XST,20140129,0.05,0.051,0.05,0.051,418255
YAL,20140129,0.7,0.72,0.7,0.72,2237
YBR,20140129,0.55,0.555,0.54,0.54,35850
YOW,20140129,0.27,0.27,0.26,0.265,192464
YRR,20140129,0.016,0.016,0.015,0.015,345000
YTC,20140129,0.25,0.25,0.23,0.23,351949
ZER,20140129,0.5,0.5,0.5,0.5,54000
ZGL,20140129,0.23,0.23,0.22,0.23,223444
ZIM,20140129,7.15,7.15,7,7.1,151308
ZNZ,20140129,3.47,3.47,3.47,3.47,597
ZRL,20140129,0.19,0.19,0.17,0.185,188493
XAF,20140129,5283.2,5333.9,5283.2,5333.9,0
XAO,20140129,5188,5240.6,5188,5240.6,0
XAT,20140129,5132.5,5186.2,5132.5,5186.2,0
XDJ,20140129,1724.7,1751.5,1724.7,1751.5,0
XEC,20140129,1128,1138.4,1128,1132.2,0
XEJ,20140129,13239.2,13333.2,13180.8,13271,0
XFJ,20140129,5634,5700.3,5634,5697.4,0
XFL,20140129,5346.4,5397.6,5346.4,5397.6,0
XGD,20140129,2161.9,2179.9,2132.6,2166.3,0
XHJ,20140129,14366.1,14533.9,14366.1,14520.3,0
XIJ,20140129,711.4,727.7,711.4,727.1,0
XJO,20140129,5175.1,5229,5175.1,5229,0
XJR,20140129,4039.1,4091,4039.1,4091,0
XKO,20140129,5131,5183.8,5131,5183.8,0
XMD,20140129,4202.4,4264.7,4202.4,4264.7,0
XMJ,20140129,9904.4,10058.2,9904.4,10058.2,0
XMM,20140129,3219.3,3273.6,3219.3,3273.6,0
XNJ,20140129,3895.2,3936.3,3895.2,3934.9,0
XPJ,20140129,980.1,991.9,980.1,990.2,0
XSJ,20140129,9743.6,9805.8,9727.4,9805.8,0
XSO,20140129,2121.9,2148.6,2121.9,2148.6,0
XTJ,20140129,1779,1780.2,1766.3,1774,0
XTL,20140129,3252.4,3285.2,3252.4,3285.2,0
XTO,20140129,4299.5,4343,4299.5,4343,0
XUJ,20140129,5357.3,5382.5,5356,5380.2,0
XXJ,20140129,6654.5,6733.1,6654.5,6730.5,0
