AAA,20140430,50.21,50.22,50.21,50.21,97474
AAC,20140430,1.3,1.3,1.26,1.28,619987
AAD,20140430,2.64,2.69,2.62,2.67,1508674
AAP,20140430,0.011,0.011,0.011,0.011,20500
AAR,20140430,0.016,0.016,0.016,0.016,250000
AAU,20140430,0.07,0.07,0.07,0.07,3000
AAX,20140430,0.58,0.58,0.505,0.555,1885860
ABC,20140430,3.89,3.91,3.86,3.91,1546985
ABP,20140430,2.44,2.45,2.43,2.44,480199
ABU,20140430,0.022,0.023,0.022,0.023,969400
ABW,20140430,1.06,1.06,1.06,1.06,14218
ABY,20140430,0.16,0.26,0.15,0.235,1269929
ABZ,20140430,0.205,0.205,0.17,0.18,246484
ACB,20140430,0.048,0.048,0.048,0.048,37000
ACG,20140430,0.12,0.12,0.115,0.115,110850
ACL,20140430,0.535,0.535,0.53,0.53,286755
ACR,20140430,1.115,1.115,1.01,1.035,8600639
ADA,20140430,0.35,0.355,0.35,0.355,5000
ADJ,20140430,0.084,0.087,0.075,0.083,858478
ADN,20140430,0.051,0.051,0.05,0.05,8009
ADO,20140430,0.22,0.22,0.195,0.205,4453277
ADX,20140430,0.01,0.011,0.01,0.011,384900
ADY,20140430,0.013,0.013,0.013,0.013,10600
AEB,20140430,0.095,0.1,0.095,0.1,31500
AEE,20140430,0.034,0.034,0.034,0.034,150000
AEI,20140430,0.105,0.105,0.1,0.1,65000
AEU,20140430,1.71,1.74,1.71,1.73,62183
AFI,20140430,5.96,5.99,5.95,5.96,440519
AFJ,20140430,1.255,1.275,1.255,1.27,800902
AFR,20140430,0.085,0.085,0.083,0.083,88888
AFV,20140430,0.56,0.56,0.56,0.56,20000
AGF,20140430,0.69,0.69,0.685,0.685,471742
AGG,20140430,3.8,3.8,3.8,3.8,4345
AGI,20140430,4.11,4.17,4.05,4.15,873658
AGK,20140430,15.74,15.85,15.67,15.77,949365
AGO,20140430,0.92,0.93,0.89,0.905,10107062
AGR,20140430,0.058,0.058,0.051,0.051,25000
AGS,20140430,0.23,0.24,0.225,0.23,419475
AGX,20140430,0.015,0.015,0.014,0.014,28003
AHA,20140430,0.04,0.04,0.04,0.04,38501
AHD,20140430,8.94,9.05,8.74,8.8,41709
AHE,20140430,3.94,4.01,3.93,4,350134
AHZ,20140430,0.13,0.13,0.125,0.125,3293692
AIA,20140430,3.63,3.64,3.63,3.63,20990
AIO,20140430,5.42,5.47,5.37,5.41,4180639
AIQ,20140430,0.175,0.18,0.175,0.175,140787
AIR,20140430,0.135,0.135,0.135,0.135,156148
AIX,20140430,0.004,0.004,0.004,0.004,618429
AIZ,20140430,1.91,1.91,1.91,1.91,164
AJA,20140430,3.83,3.83,3.77,3.8,129506
AJD,20140430,1.065,1.07,1.06,1.07,685177
AJJ,20140430,0.085,0.085,0.085,0.085,50555
AJL,20140430,0.88,0.92,0.845,0.92,70867
AJM,20140430,0.18,0.18,0.18,0.18,546662
AJQ,20140430,0.16,0.16,0.155,0.16,52250
AJX,20140430,0.125,0.125,0.12,0.12,400000
AKF,20140430,0.155,0.155,0.155,0.155,400
AKG,20140430,0.97,0.98,0.97,0.98,100018
AKK,20140430,0.012,0.012,0.012,0.012,5767332
AKM,20140430,0.04,0.041,0.04,0.041,307000
AKP,20140430,4.05,4.05,3.95,3.95,8950
ALA,20140430,0.16,0.175,0.16,0.17,382921
ALF,20140430,1.665,1.68,1.665,1.68,335087
ALK,20140430,0.315,0.315,0.305,0.305,235401
ALL,20140430,4.97,5.04,4.93,5.03,1206175
ALQ,20140430,7.52,7.52,7.41,7.5,2143257
ALR,20140430,1.26,1.26,1.26,1.26,5066
ALT,20140430,0.031,0.032,0.029,0.031,1095000
ALU,20140430,2.21,2.24,2.18,2.24,171807
ALY,20140430,0.025,0.025,0.025,0.025,99000
ALZ,20140430,4.3,4.32,4.265,4.28,5855068
AMA,20140430,0.26,0.265,0.26,0.265,63988
AMC,20140430,10.29,10.34,10.21,10.29,3463140
AMM,20140430,2.03,2.1,2.03,2.1,2787944
AMO,20140430,0.165,0.165,0.165,0.165,7900
AMP,20140430,5.09,5.1,5.04,5.05,6798796
ANG,20140430,2.1,2.1,2.06,2.06,34777
ANI,20140430,2.02,2.025,2.01,2.02,227229
ANN,20140430,18.07,18.16,17.865,18.09,285995
ANO,20140430,0.012,0.013,0.012,0.013,2348573
ANP,20140430,0.135,0.135,0.135,0.135,140000
ANQ,20140430,0.01,0.01,0.009,0.01,1688330
ANZ,20140430,34.78,34.84,34.22,34.47,6368644
AOC,20140430,0.125,0.125,0.115,0.115,558660
AOD,20140430,1.015,1.015,1.01,1.015,480362
AOG,20140430,2.05,2.05,2.02,2.03,304958
AOH,20140430,0.145,0.165,0.145,0.165,162745
AOK,20140430,0.165,0.17,0.165,0.17,110000
AON,20140430,0.016,0.016,0.016,0.016,34000
APA,20140430,6.69,6.7,6.625,6.66,1813891
APD,20140430,0.27,0.28,0.27,0.28,25600
APE,20140430,5.07,5.13,5.05,5.05,17088
APG,20140430,0.021,0.021,0.02,0.02,1050000
API,20140430,0.55,0.58,0.55,0.58,1069350
APN,20140430,0.69,0.71,0.685,0.71,1539585
APY,20140430,0.018,0.019,0.018,0.019,8097
APZ,20140430,1.345,1.345,1.345,1.345,5811
AQA,20140430,2.48,2.54,2.46,2.5,313966
AQC,20140430,0.005,0.005,0.005,0.005,1501000
AQF,20140430,1.94,1.94,1.94,1.94,8977
AQG,20140430,2.64,2.67,2.61,2.62,828931
AQO,20140430,0.18,0.18,0.175,0.18,1165330
AQP,20140430,0.37,0.405,0.37,0.385,2753334
AQR,20140430,0.11,0.12,0.11,0.12,55250
ARA,20140430,0.36,0.36,0.36,0.36,20000
ARE,20140430,0.024,0.024,0.024,0.024,25666
ARF,20140430,1.15,1.16,1.15,1.16,110434
ARG,20140430,7.2,7.25,7.2,7.2,172581
ARH,20140430,0.03,0.031,0.03,0.031,353694
ARI,20140430,1.19,1.215,1.137,1.19,19762590
ARP,20140430,12.2,12.29,12.1,12.2,67409
ARU,20140430,0.073,0.074,0.071,0.074,134182
ARV,20140430,0.003,0.003,0.003,0.003,950000
ARW,20140430,0.51,0.51,0.475,0.475,32785
ARX,20140430,0.006,0.006,0.005,0.005,290000
ASB,20140430,1.05,1.065,1.045,1.05,68477
ASL,20140430,0.925,0.94,0.925,0.93,1025609
ASW,20140430,0.65,0.65,0.645,0.645,4000
ASX,20140430,35.55,35.7,35.43,35.54,363377
ASZ,20140430,0.36,0.36,0.36,0.36,33968
ATP,20140430,0.064,0.064,0.064,0.064,29762
ATU,20140430,1.73,1.735,1.68,1.71,91119
AUB,20140430,10.4,10.43,10.03,10.16,30234
AUF,20140430,1.03,1.03,1.03,1.03,13751
AUI,20140430,8.2,8.2,8.13,8.15,3896
AUP,20140430,5.36,5.36,5.36,5.36,52
AUQ,20140430,0.093,0.093,0.092,0.093,220998
AUT,20140430,4.08,4.095,4.07,4.08,3277166
AUZ,20140430,0.005,0.005,0.005,0.005,323327
AVB,20140430,0.068,0.069,0.067,0.067,4711813
AVG,20140430,0.34,0.34,0.335,0.34,57057
AVH,20140430,0.12,0.12,0.12,0.12,685856
AVI,20140430,0.01,0.01,0.01,0.01,131318
AVJ,20140430,0.58,0.58,0.575,0.577,533156
AVQ,20140430,0.013,0.014,0.012,0.014,8531519
AVX,20140430,0.016,0.018,0.016,0.017,947413
AVZ,20140430,0.008,0.008,0.008,0.008,250000
AWC,20140430,1.355,1.365,1.32,1.35,17853473
AWD,20140430,0.001,0.001,0.001,0.001,10500000
AWE,20140430,1.59,1.597,1.56,1.565,1742319
AWI,20140430,0.3,0.3,0.3,0.3,54000
AWN,20140430,0.8,0.89,0.8,0.89,135020
AXC,20140430,0.005,0.005,0.005,0.005,35429
AXE,20140430,0.17,0.17,0.17,0.17,14853
AXI,20140430,0.038,0.038,0.038,0.038,7000
AYA,20140430,0.395,0.395,0.395,0.395,4700
AYJ,20140430,101.8,101.8,101.8,101.8,195
AYR,20140430,0.006,0.006,0.006,0.006,458558
AZF,20140430,2.51,2.51,2.51,2.51,9527
AZJ,20140430,5.17,5.2,5.16,5.18,6654376
AZK,20140430,0.025,0.025,0.025,0.025,100000
AZM,20140430,0.04,0.041,0.039,0.039,309000
AZS,20140430,0.03,0.03,0.028,0.03,969500
AZV,20140430,0.37,0.37,0.35,0.37,770682
AZY,20140430,0.026,0.03,0.026,0.03,260000
AZZ,20140430,0.4,0.405,0.4,0.4,482646
BAB,20140430,0.073,0.075,0.073,0.075,437335
BAP,20140430,2.04,2.06,2.02,2.06,848619
BAU,20140430,0.12,0.125,0.12,0.125,134000
BBG,20140430,0.475,0.475,0.465,0.475,346474
BBR,20140430,0.57,0.585,0.565,0.57,60000
BCD,20140430,0.04,0.043,0.04,0.041,200505
BCI,20140430,4.31,4.4,4.25,4.37,639609
BCK,20140430,0.05,0.05,0.05,0.05,53400
BCN,20140430,0.005,0.005,0.005,0.005,200000
BCT,20140430,0.047,0.047,0.046,0.046,119898
BDR,20140430,0.67,0.67,0.647,0.66,2447593
BEAR,20140430,17.78,17.95,17.78,17.87,65164
BEL,20140430,0.145,0.145,0.145,0.145,9867
BEN,20140430,11.48,11.58,11.41,11.51,1346325
BFG,20140430,0.595,0.6,0.59,0.59,55500
BGA,20140430,5.1,5.15,5.08,5.15,103680
BGG,20140430,0.13,0.145,0.13,0.145,10816
BGL,20140430,0.95,0.962,0.93,0.93,932465
BGS,20140430,0.014,0.015,0.014,0.014,1055443
BHP,20140430,37.97,37.98,37.58,37.75,4257180
BIS,20140430,0.33,0.33,0.33,0.33,900
BIT,20140430,0.1,0.1,0.097,0.097,1610923
BKI,20140430,1.645,1.66,1.64,1.64,284142
BKL,20140430,26.29,27,26.19,26.9,11291
BKN,20140430,4.32,4.37,4.2,4.23,1316404
BKP,20140430,0.003,0.003,0.003,0.003,250000
BKW,20140430,13.46,13.48,13.35,13.41,22039
BKY,20140430,0.26,0.285,0.26,0.285,91603
BLA,20140430,2.3,2.35,2.3,2.34,15727
BLD,20140430,5.79,5.8,5.675,5.69,3250539
BLG,20140430,0.15,0.155,0.15,0.155,26600
BLK,20140430,0.225,0.225,0.21,0.21,31500
BLR,20140430,0.007,0.007,0.007,0.007,318385
BLT,20140430,1.105,1.12,1,1.025,312321
BLX,20140430,1.08,1.09,1.06,1.08,415891
BLY,20140430,0.29,0.29,0.285,0.285,446113
BMB,20140430,0.11,0.115,0.105,0.11,248000
BML,20140430,0.009,0.009,0.009,0.009,133000
BMN,20140430,0.086,0.088,0.086,0.086,136264
BND,20140430,0.1,0.102,0.1,0.1,54106
BNE,20140430,0.02,0.02,0.018,0.019,2960000
BNO,20140430,0.46,0.477,0.46,0.47,279783
BNR,20140430,0.015,0.015,0.015,0.015,50000
BOA,20140430,0.165,0.18,0.165,0.175,109150
BOC,20140430,0.505,0.51,0.505,0.505,7601
BOE,20140430,0.016,0.017,0.016,0.017,1500000
BOL,20140430,0.155,0.16,0.155,0.16,696966
BOQ,20140430,12.52,12.57,12.13,12.26,2590426
BPA,20140430,4.31,4.31,4.31,4.31,1790
BPF,20140430,0.35,0.35,0.35,0.35,3320
BPL,20140430,0.045,0.045,0.04,0.04,246200
BPO,20140430,0.004,0.004,0.004,0.004,1100000
BPT,20140430,1.74,1.745,1.7,1.715,7209548
BRG,20140430,9.2,9.33,9.03,9.16,104460
BRL,20140430,0.065,0.066,0.062,0.062,805559
BRU,20140430,1.19,1.21,1.17,1.17,547137
BSA,20140430,0.13,0.13,0.125,0.125,47680
BSE,20140430,0.38,0.385,0.38,0.385,39240
BSL,20140430,6.5,6.51,6.41,6.47,2825934
BSM,20140430,0.002,0.002,0.002,0.002,1798790
BSN,20140430,0.01,0.01,0.009,0.01,382060
BSR,20140430,0.009,0.009,0.008,0.008,1949074
BTR,20140430,0.16,0.165,0.16,0.165,706291
BTT,20140430,6.73,6.8,6.59,6.7,288872
BUE,20140430,0.006,0.006,0.006,0.006,33000
BUG,20140430,0.73,0.73,0.71,0.71,6255
BUL,20140430,0.041,0.042,0.041,0.042,290047
BUR,20140430,0.016,0.017,0.016,0.016,600000
BUX,20140430,0.24,0.24,0.215,0.22,35900
BUY,20140430,0.013,0.013,0.013,0.013,301500
BWF,20140430,0.28,0.28,0.275,0.275,13167
BWP,20140430,2.46,2.52,2.46,2.5,1050657
BXB,20140430,9.55,9.55,9.34,9.43,4001114
BXN,20140430,0.005,0.006,0.005,0.006,197308
BYE,20140430,0.815,0.82,0.815,0.82,20585
BYI,20140430,1.52,1.52,1.52,1.52,1000
CAA,20140430,0.145,0.145,0.145,0.145,419065
CAB,20140430,3.88,3.9,3.84,3.88,140151
CAF,20140430,0.35,0.35,0.345,0.345,30951
CAJ,20140430,0.5,0.505,0.492,0.5,941995
CAM,20140430,0.99,0.99,0.98,0.98,134100
CAP,20140430,0.084,0.084,0.084,0.084,3694
CAQ,20140430,0.12,0.12,0.12,0.12,76778
CAS,20140430,0.26,0.27,0.26,0.27,148283
CAY,20140430,0.046,0.047,0.046,0.047,2030000
CAZ,20140430,0.071,0.071,0.066,0.066,83900
CBA,20140430,79.41,79.45,78.66,78.9,2050378
CBQ,20140430,0.004,0.004,0.004,0.004,35000
CBS,20140430,0.018,0.018,0.018,0.018,20000
CBX,20140430,0.007,0.007,0.007,0.007,101000
CCL,20140430,9.34,9.41,9.21,9.25,3092347
CCP,20140430,9.12,9.12,8.96,9,66323
CCV,20140430,1.13,1.14,1.085,1.09,735550
CCZ,20140430,0.005,0.005,0.005,0.005,469010
CDA,20140430,0.68,0.68,0.665,0.67,99590
CDB,20140430,0.013,0.013,0.013,0.013,450000
CDD,20140430,7.04,7.1,6.93,6.98,248145
CDG,20140430,0.092,0.092,0.085,0.085,78389
CDI,20140430,2.74,2.75,2.74,2.74,2031783
CDP,20140430,5.7,5.73,5.6,5.73,7510
CDU,20140430,1.91,1.955,1.87,1.875,450741
CDY,20140430,0.026,0.03,0.026,0.029,14333200
CEL,20140430,0.087,0.093,0.087,0.092,77012
CES,20140430,0.005,0.005,0.005,0.005,100000
CFE,20140430,0.1,0.1,0.1,0.1,1204508
CFU,20140430,0.017,0.017,0.015,0.016,11462040
CFX,20140430,2.03,2.03,2.005,2.01,6088894
CGF,20140430,7,7.06,6.91,7.05,1776066
CGH,20140430,0.445,0.445,0.44,0.44,30956
CGM,20140430,0.003,0.003,0.002,0.002,500000
CGN,20140430,0.075,0.075,0.075,0.075,12917
CGO,20140430,0.77,0.78,0.77,0.78,31850
CGR,20140430,0.25,0.255,0.25,0.255,112939
CGU,20140430,0.019,0.019,0.019,0.019,320000
CHC,20140430,4.17,4.2,4.135,4.2,1338367
CHN,20140430,0.15,0.15,0.15,0.15,550000
CHZ,20140430,0.115,0.115,0.115,0.115,12950
CIA,20140430,0.41,0.415,0.405,0.41,201868
CIN,20140430,26.01,26.4,26,26,4599
CIX,20140430,0.37,0.38,0.37,0.38,17955
CKA,20140430,0.16,0.16,0.15,0.155,57250
CKF,20140430,1.94,1.945,1.905,1.905,59361
CKK,20140430,0.01,0.011,0.01,0.011,967020
CKL,20140430,0.7,0.7,0.695,0.695,23210
CLH,20140430,1.715,1.79,1.715,1.79,380882
CLQ,20140430,0.065,0.065,0.065,0.065,225000
CLV,20140430,0.44,0.445,0.43,0.445,75559
CLX,20140430,1.9,1.99,1.9,1.99,5600
CLZ,20140430,0.039,0.04,0.039,0.04,181282
CMC,20140430,0.05,0.05,0.05,0.05,120000
CMG,20140430,0.42,0.42,0.412,0.415,9691
CMI,20140430,1.7,1.7,1.65,1.65,9029
CMW,20140430,0.985,0.99,0.982,0.99,1882357
CND,20140430,0.275,0.275,0.275,0.275,4201
CNI,20140430,0.84,0.84,0.84,0.84,21748
CNJ,20140430,0.007,0.007,0.006,0.007,533990
CNL,20140430,0.028,0.028,0.028,0.028,100000
CNN,20140430,0.003,0.003,0.003,0.003,11466685
CNQ,20140430,0.083,0.083,0.083,0.083,10000
CNU,20140430,1.61,1.63,1.605,1.62,163497
CNX,20140430,0.015,0.015,0.014,0.014,1548500
COE,20140430,0.495,0.515,0.49,0.5,407278
COF,20140430,0.23,0.24,0.225,0.225,316030
COH,20140430,57.53,58.69,57.45,58.69,216378
COI,20140430,0.165,0.17,0.165,0.17,171500
COK,20140430,0.034,0.036,0.034,0.035,5878425
COT,20140430,0.075,0.075,0.075,0.075,5499
COY,20140430,0.018,0.018,0.018,0.018,328000
COZ,20140430,0.079,0.079,0.079,0.079,7545
CPD,20140430,0.039,0.039,0.039,0.039,20202
CPL,20140430,0.18,0.18,0.18,0.18,69734
CPU,20140430,12.5,12.52,12.27,12.35,1355472
CQC,20140430,0.095,0.095,0.095,0.095,50000
CQR,20140430,3.84,3.86,3.82,3.86,610680
CRB,20140430,0.026,0.026,0.026,0.026,15000
CRH,20140430,0.375,0.375,0.36,0.37,1047914
CRZ,20140430,10.9,10.98,10.75,10.85,884990
CSD,20140430,0.07,0.07,0.065,0.065,195000
CSE,20140430,0.2,0.21,0.2,0.205,439216
CSL,20140430,68.32,68.7,67.78,68.43,932911
CSR,20140430,3.74,3.74,3.635,3.65,3861726
CSS,20140430,0.052,0.053,0.051,0.051,4571618
CSV,20140430,0.885,0.885,0.86,0.875,519012
CTD,20140430,6.21,6.23,6.1,6.18,112862
CTE,20140430,0.41,0.41,0.41,0.41,33000
CTM,20140430,0.115,0.125,0.115,0.125,40000
CTN,20140430,1.02,1.02,1.005,1.01,294681
CTO,20140430,0.038,0.04,0.038,0.04,693892
CTP,20140430,0.5,0.52,0.5,0.505,360097
CTR,20140430,0.013,0.013,0.011,0.011,19577895
CTX,20140430,22.34,22.46,22,22.27,459071
CUE,20140430,0.12,0.12,0.12,0.12,20000
CUG,20140430,0.05,0.05,0.045,0.045,449528
CUL,20140430,0.006,0.006,0.006,0.006,2491001
CUP,20140430,1.78,1.78,1.74,1.75,35249
CUV,20140430,1.5,1.5,1.46,1.46,20573
CVG,20140430,0.012,0.013,0.012,0.013,511000
CVN,20140430,0.09,0.092,0.087,0.087,5304235
CVO,20140430,2.14,2.17,2.09,2.15,415800
CVV,20140430,0.015,0.015,0.015,0.015,700000
CVW,20140430,0.76,0.76,0.76,0.76,1500
CWE,20140430,0.054,0.054,0.053,0.054,1303217
CWN,20140430,16.2,16.27,15.925,16.04,1515022
CWP,20140430,6.85,7.24,6.8,7.24,37712
CXB,20140430,0.05,0.05,0.05,0.05,9298
CXO,20140430,0.051,0.053,0.049,0.05,699086
CXU,20140430,0.1,0.1,0.1,0.1,5100
CYA,20140430,0.89,0.89,0.885,0.885,52235
CYG,20140430,2.63,2.64,2.55,2.56,119701
CYO,20140430,0.006,0.006,0.006,0.006,500000
CYP,20140430,0.35,0.35,0.335,0.335,91242
CZD,20140430,0.105,0.11,0.105,0.11,187000
CZI,20140430,0.18,0.18,0.175,0.175,490301
CZN,20140430,0.01,0.01,0.01,0.01,420000
CZR,20140430,0.025,0.025,0.025,0.025,100000
CZZ,20140430,5.5,5.55,5.5,5.55,12396
DAF,20140430,0.031,0.031,0.031,0.031,162000
DAU,20140430,0.03,0.03,0.028,0.03,160233
DCG,20140430,2.02,2.03,1.99,2.03,128553
DCN,20140430,0.35,0.35,0.35,0.35,41000
DDR,20140430,1.7,1.7,1.68,1.7,20641
DDT,20140430,0.025,0.025,0.024,0.024,1896636
DGA,20140430,1.735,1.735,1.735,1.735,289
DGR,20140430,0.036,0.036,0.036,0.036,1907619
DGX,20140430,0.033,0.033,0.032,0.033,790000
DIG,20140430,0.017,0.017,0.017,0.017,698976
DIV,20140430,21.01,21.01,20.96,20.96,9979
DJS,20140430,3.92,3.93,3.92,3.93,3166051
DJW,20140430,4.46,4.49,4.46,4.46,55853
DLC,20140430,0.007,0.007,0.006,0.007,1102000
DLE,20140430,0.075,0.075,0.075,0.075,50000
DLS,20140430,1.64,1.65,1.595,1.605,2459590
DLX,20140430,5.7,5.78,5.65,5.73,1975744
DMG,20140430,0.013,0.013,0.013,0.013,405000
DMP,20140430,19.7,19.9,19.57,19.8,95061
DMY,20140430,0.01,0.01,0.008,0.008,10653877
DNA,20140430,1.2,1.2,1.135,1.19,1002427
DOW,20140430,5.03,5.04,4.96,4.99,1120136
DRA,20140430,0.145,0.145,0.145,0.145,13840
DRK,20140430,0.025,0.025,0.023,0.023,960050
DRM,20140430,0.86,0.875,0.845,0.86,123922
DRX,20140430,0.011,0.011,0.011,0.011,828617
DSH,20140430,2.16,2.21,2.1,2.15,281424
DSX,20140430,0.25,0.25,0.23,0.23,156742
DTE,20140430,0.12,0.12,0.115,0.12,913287
DTL,20140430,0.565,0.6,0.565,0.58,308680
DUE,20140430,2.16,2.18,2.16,2.17,3285053
DUI,20140430,3.6,3.6,3.57,3.57,14488
DVA,20140430,0.031,0.031,0.03,0.03,1048281
DVI,20140430,0.018,0.019,0.018,0.019,80000
DVL,20140430,0.49,0.49,0.49,0.49,15000
DVN,20140430,0.695,0.71,0.695,0.71,160815
DWS,20140430,1.1,1.11,1.08,1.08,58686
DXS,20140430,1.125,1.135,1.115,1.135,11604633
DYE,20140430,0.22,0.225,0.2,0.225,333038
DYL,20140430,0.027,0.027,0.026,0.026,57000
EAL,20140430,0.64,0.64,0.64,0.64,30625
EAR,20140430,0.14,0.14,0.14,0.14,62708
EAS,20140430,0.91,0.925,0.91,0.925,32504
EAX,20140430,3.52,3.55,3.52,3.55,17028
EBG,20140430,0.048,0.048,0.048,0.048,400000
EBT,20140430,3.35,3.46,3.35,3.45,49466
ECV,20140430,1,1,1,1,5000
EDE,20140430,0.012,0.012,0.012,0.012,334000
EEG,20140430,0.105,0.105,0.1,0.1,160000
EEU,20140430,14.73,14.73,14.69,14.69,800
EGG,20140430,1.02,1.04,1.02,1.04,242624
EGH,20140430,0.125,0.125,0.125,0.125,40883
EGO,20140430,0.008,0.008,0.008,0.008,9041747
EGP,20140430,2.82,2.85,2.8,2.82,5123000
EHL,20140430,0.255,0.26,0.255,0.26,275444
ELD,20140430,0.11,0.11,0.105,0.11,604814
ELM,20140430,0.2,0.205,0.2,0.2,104191
ELT,20140430,0.02,0.02,0.018,0.018,50000
EMF,20140430,1.6,1.6,1.6,1.6,20365
EMG,20140430,0.01,0.01,0.01,0.01,3000
EMH,20140430,0.15,0.15,0.15,0.15,20000
EML,20140430,0.79,0.79,0.76,0.76,200765
EMR,20140430,0.01,0.01,0.01,0.01,814413
EMX,20140430,0.025,0.025,0.024,0.025,1246505
ENE,20140430,5.17,5.21,5.11,5.2,9816
ENR,20140430,0.2,0.2,0.2,0.2,34922
ENT,20140430,0.068,0.17,0.063,0.16,13473960
ENV,20140430,1.16,1.165,1.155,1.165,4688017
EOL,20140430,0.325,0.33,0.325,0.325,122500
EOS,20140430,0.365,0.365,0.36,0.36,2400
EPA,20140430,0.08,0.085,0.08,0.085,1334425
EPD,20140430,0.6,0.6,0.6,0.6,7200
EPW,20140430,1.87,1.89,1.83,1.835,2294547
EPX,20140430,0.94,0.95,0.93,0.95,70663
EQE,20140430,0.011,0.011,0.011,0.011,100000
EQT,20140430,17.85,17.89,17.8,17.8,329178
ERA,20140430,1.35,1.35,1.315,1.325,226776
ERD,20140430,0.025,0.025,0.025,0.025,20000
ERI,20140430,0.017,0.017,0.017,0.017,156470
ERJ,20140430,0.006,0.006,0.006,0.006,188111
ESI,20140430,0.003,0.003,0.002,0.003,3008665
ESK,20140430,0.215,0.215,0.2,0.2,134400
ESN,20140430,0.001,0.002,0.001,0.002,2500000
ESR,20140430,0.13,0.145,0.13,0.145,210000
ESV,20140430,0.77,0.8,0.76,0.8,184129
ETE,20140430,0.037,0.037,0.037,0.037,470000
EVE,20140430,0.004,0.004,0.004,0.004,34974
EVM,20140430,0.072,0.072,0.07,0.07,396457
EVN,20140430,0.89,0.89,0.85,0.855,1908015
EVR,20140430,0.83,0.845,0.83,0.84,252483
EVZ,20140430,0.02,0.02,0.02,0.02,22022
EWC,20140430,0.29,0.29,0.285,0.285,208602
EXE,20140430,0.013,0.013,0.013,0.013,1366546
EXM,20140430,0.009,0.009,0.009,0.009,6280
EZL,20140430,1.255,1.26,1.25,1.26,110889
FAN,20140430,1.865,1.87,1.85,1.87,201302
FAR,20140430,0.044,0.046,0.043,0.046,9810190
FAS,20140430,0.007,0.007,0.006,0.006,3918744
FBU,20140430,9.15,9.18,8.99,9.07,1085638
FCN,20140430,0.011,0.011,0.011,0.011,61500
FCR,20140430,0.021,0.021,0.021,0.021,149253
FDC,20140430,2.48,2.49,2.445,2.49,6806668
FLK,20140430,0.21,0.21,0.21,0.21,24804
FLN,20140430,1.17,1.185,1.17,1.17,84229
FLT,20140430,53.95,53.95,53.15,53.75,99949
FMG,20140430,5.06,5.11,4.96,5.05,22953642
FML,20140430,0.012,0.012,0.012,0.012,1791478
FMS,20140430,0.021,0.021,0.021,0.021,2858305
FNP,20140430,2.9,2.95,2.9,2.94,51579
FNT,20140430,0.007,0.007,0.007,0.007,7739
FOX,20140430,33.57,33.7,33.45,33.51,6688522
FOY,20140430,0.002,0.002,0.002,0.002,500000
FPH,20140430,3.68,3.74,3.68,3.74,34182
FPS,20140430,1.55,1.55,1.55,1.55,6660
FRI,20140430,1.6,1.655,1.6,1.655,61865
FSA,20140430,1.1,1.1,1.095,1.1,272113
FSE,20140430,0.006,0.006,0.006,0.006,201000
FSF,20140430,5.67,5.67,5.59,5.67,31892
FSI,20140430,1.55,1.55,1.55,1.55,10000
FTZ,20140430,0.5,0.53,0.5,0.53,1993
FUN,20140430,0.12,0.125,0.12,0.12,303782
FWD,20140430,2.3,2.31,2.27,2.31,109045
FXJ,20140430,0.97,1,0.965,0.98,14672143
FXL,20140430,3.86,3.9,3.74,3.86,1069461
FXR,20140430,0.012,0.015,0.012,0.015,500549
FYI,20140430,0.055,0.055,0.051,0.051,617921
GBE,20140430,0.023,0.023,0.023,0.023,24000
GBG,20140430,0.057,0.058,0.056,0.058,3115440
GBI,20140430,0.15,0.15,0.15,0.15,20000
GBT,20140430,3,3.06,2.98,3,484300
GCN,20140430,0.015,0.015,0.012,0.013,11213206
GCS,20140430,0.56,0.6,0.56,0.565,178312
GCY,20140430,0.135,0.135,0.135,0.135,4000
GDA,20140430,0.055,0.055,0.055,0.055,6465
GDI,20140430,0.91,0.92,0.91,0.92,587442
GDY,20140430,0.06,0.064,0.057,0.06,103946
GEM,20140430,4.61,4.68,4.61,4.67,1549215
GER,20140430,0.079,0.079,0.079,0.079,20000
GFF,20140430,0.67,0.685,0.665,0.675,17023293
GFL,20140430,1.27,1.27,1.27,1.27,1059
GGE,20140430,0.011,0.011,0.011,0.011,129255
GGG,20140430,0.155,0.155,0.15,0.15,376069
GGX,20140430,0.028,0.028,0.027,0.027,175000
GHC,20140430,1.28,1.28,1.26,1.26,32477
GJT,20140430,1.57,1.577,1.565,1.57,141488
GLB,20140430,0.45,0.45,0.45,0.45,3500
GLE,20140430,0.235,0.235,0.235,0.235,12000
GLH,20140430,0.645,0.675,0.64,0.64,66263
GLL,20140430,0.125,0.125,0.125,0.125,250000
GMC,20140430,0.003,0.003,0.003,0.003,1500000
GMD,20140430,0.021,0.021,0.021,0.021,36000
GME,20140430,0.03,0.032,0.03,0.032,52100
GMG,20140430,4.96,4.98,4.915,4.98,3732480
GML,20140430,0.093,0.093,0.086,0.089,410000
GMR,20140430,0.009,0.01,0.009,0.009,316090
GMX,20140430,0.011,0.011,0.009,0.009,498152
GMY,20140430,0.96,0.97,0.96,0.97,60000
GNC,20140430,8.92,8.99,8.79,8.86,1234916
GNE,20140430,1.75,1.79,1.75,1.76,205804
GNG,20140430,0.7,0.705,0.7,0.705,57000
GOLD,20140430,134.2,134.37,133.74,133.76,6325
GOR,20140430,0.165,0.165,0.155,0.155,480480
GOW,20140430,2.58,2.58,2.58,2.58,625
GOZ,20140430,2.44,2.44,2.43,2.43,128381
GPG,20140430,0.625,0.625,0.625,0.625,342
GPR,20140430,0.061,0.069,0.051,0.051,2294376
GPT,20140430,3.92,3.92,3.88,3.92,2577520
GRB,20140430,0.185,0.185,0.17,0.18,3581608
GRF,20140430,1.645,1.645,1.645,1.645,9146
GRR,20140430,0.255,0.26,0.25,0.26,366905
GRY,20140430,0.14,0.14,0.135,0.135,444626
GSC,20140430,0.035,0.035,0.035,0.035,100000
GSZ,20140430,0.016,0.016,0.015,0.015,355000
GTG,20140430,0.049,0.051,0.049,0.051,446176
GUD,20140430,5.43,5.45,5.31,5.35,199887
GUF,20140430,0.075,0.079,0.075,0.079,20000
GUN,20140430,0.016,0.016,0.016,0.016,4548
GWA,20140430,2.71,2.715,2.65,2.69,300040
GXL,20140430,7.88,7.91,7.8,7.87,49333
GXY,20140430,0.069,0.074,0.055,0.058,18284669
HAO,20140430,0.2,0.2,0.2,0.2,1539
HAR,20140430,0.08,0.08,0.08,0.08,80000
HAS,20140430,0.048,0.048,0.046,0.046,580000
HAV,20140430,0.23,0.23,0.225,0.225,103749
HAW,20140430,0.033,0.033,0.032,0.032,106500
HAZ,20140430,0.037,0.037,0.035,0.036,1924000
HCH,20140430,0.27,0.27,0.245,0.245,222708
HFA,20140430,1,1.005,1,1.005,20222
HFR,20140430,0.39,0.39,0.39,0.39,750785
HGG,20140430,4.45,4.555,4.42,4.54,3964640
HGO,20140430,0.07,0.071,0.067,0.068,586064
HHL,20140430,2.02,2.03,2.01,2.01,21149
HHV,20140430,1.01,1.015,1.01,1.015,284587
HHY,20140430,0.325,0.325,0.325,0.325,67340
HIG,20140430,0.064,0.065,0.062,0.062,608341
HIL,20140430,1.73,1.765,1.69,1.69,243997
HLO,20140430,0.31,0.31,0.31,0.31,95000
HLX,20140430,0.031,0.031,0.03,0.03,521506
HMX,20140430,0.11,0.145,0.11,0.14,432951
HNG,20140430,0.555,0.555,0.555,0.555,2475
HNR,20140430,0.005,0.006,0.005,0.006,293793
HOG,20140430,0.018,0.018,0.018,0.018,10000
HOM,20140430,0.78,0.79,0.76,0.79,80427
HOR,20140430,0.018,0.018,0.017,0.017,150000
HPI,20140430,2.08,2.08,2.06,2.06,104252
HRR,20140430,0.13,0.13,0.13,0.13,4000
HSN,20140430,1.185,1.195,1.18,1.19,34526
HTA,20140430,0.086,0.086,0.086,0.086,9500
HUB,20140430,0.78,0.81,0.78,0.78,44789
HVN,20140430,3.28,3.28,3.19,3.28,2619487
HZN,20140430,0.365,0.385,0.36,0.38,34417631
IAA,20140430,50.92,50.92,50.08,50.17,7037
IAF,20140430,101.75,101.85,101.5,101.85,1879
IAG,20140430,5.71,5.75,5.66,5.74,9357213
IAU,20140430,0.27,0.275,0.27,0.275,572428
IAW,20140430,0.042,0.044,0.042,0.044,49204
IBG,20140430,0.052,0.052,0.047,0.047,324851
IBK,20140430,39.02,39.02,38.89,38.89,721
IBY,20140430,0.33,0.335,0.315,0.335,3146023
ICG,20140430,0.018,0.018,0.017,0.018,868725
ICN,20140430,0.14,0.14,0.135,0.135,188504
ICQ,20140430,1.18,1.205,1.15,1.185,365863
ICS,20140430,0.043,0.043,0.043,0.043,248000
IDC,20140430,0.067,0.069,0.067,0.068,200235
IDR,20140430,1.93,1.94,1.9,1.91,227972
IDT,20140430,0.27,0.27,0.27,0.27,2600
IDZ,20140430,0.72,0.745,0.72,0.745,31500
IEC,20140430,0.042,0.045,0.041,0.041,59689
IEM,20140430,44.7,44.7,44.24,44.24,12527
IEU,20140430,53.15,53.27,52.91,52.91,29443
IFE,20140430,0.12,0.125,0.12,0.12,47800
IFL,20140430,8.48,8.52,8.39,8.48,459645
IFM,20140430,0.675,0.68,0.665,0.68,259894
IFN,20140430,0.2,0.2,0.185,0.185,937947
IGB,20140430,100.5,100.5,100.5,100.5,38
IGO,20140430,4.2,4.34,4.17,4.33,1117268
IHD,20140430,16.98,16.99,16.9,16.99,45470
IIL,20140430,0.19,0.19,0.155,0.18,317920
IIN,20140430,7.13,7.23,7.05,7.16,321565
IJH,20140430,145.25,145.25,144.53,144.53,286
IJP,20140430,11.97,11.98,11.91,11.91,6088
IJR,20140430,114.29,114.29,114.29,114.29,250
IKO,20140430,67.64,67.92,67.64,67.92,146
ILB,20140430,103.5,104.02,103.5,104.02,229
ILC,20140430,25.26,25.26,25.07,25.18,10600
ILU,20140430,8.86,8.92,8.765,8.89,2280072
IMA,20140430,0.17,0.17,0.16,0.16,210948
IMC,20140430,0.005,0.005,0.005,0.005,1408668
IMD,20140430,0.715,0.735,0.705,0.735,659115
IMF,20140430,1.84,1.855,1.84,1.855,363099
INA,20140430,0.49,0.5,0.49,0.495,632054
INL,20140430,0.008,0.008,0.007,0.007,2973314
IOF,20140430,3.38,3.38,3.305,3.34,1609764
IOH,20140430,0.94,0.94,0.94,0.94,650
IOO,20140430,85.72,85.72,85.14,85.14,19123
IOZ,20140430,23.88,23.88,23.53,23.64,28985
IPB,20140430,0.285,0.285,0.285,0.285,20000
IPD,20140430,0.205,0.205,0.195,0.195,731512
IPE,20140430,0.46,0.46,0.46,0.46,50000
IPL,20140430,2.86,2.885,2.835,2.88,3068677
IPP,20140430,2.67,2.68,2.56,2.6,740298
IPT,20140430,0.027,0.027,0.027,0.027,54000
IRD,20140430,0.325,0.33,0.325,0.33,225
IRE,20140430,8.3,8.36,8.22,8.28,560654
IRI,20140430,1.07,1.07,1.055,1.07,49338
IRN,20140430,0.145,0.145,0.14,0.14,852008
IRU,20140430,119.8,119.8,119.8,119.8,41
ISG,20140430,14.61,14.61,14.61,14.61,14
ISN,20140430,0.18,0.18,0.18,0.18,74894
ISO,20140430,3.92,3.92,3.9,3.92,33133
ISU,20140430,1.08,1.135,1.08,1.125,19001
ITT,20140430,0.008,0.008,0.008,0.008,882200
ITW,20140430,15.78,15.78,15.78,15.78,7
IVC,20140430,10.72,10.74,10.56,10.64,219155
IVE,20140430,73.6,73.6,73.11,73.11,6470
IVR,20140430,0.051,0.051,0.041,0.045,1896620
IVV,20140430,203.62,203.76,202.96,203,10140
IVX,20140430,0.065,0.065,0.063,0.064,320466
IXI,20140430,96.28,96.3,95.75,95.77,1012
IXJ,20140430,98.66,98.66,98.02,98.15,4666
IXR,20140430,0.041,0.041,0.04,0.04,113106
JBH,20140430,19.52,19.56,18.8,19.3,828933
JCS,20140430,0.05,0.05,0.05,0.05,5000
JHC,20140430,2.64,2.65,2.6,2.6,2573494
JHX,20140430,13.6,13.84,13.52,13.72,1351834
JIN,20140430,1.32,1.325,1.245,1.245,86651
JPR,20140430,0.39,0.39,0.38,0.38,236457
JRV,20140430,0.028,0.029,0.028,0.029,20913
JYC,20140430,0.5,0.5,0.5,0.5,50000
KAM,20140430,0.705,0.71,0.69,0.69,117199
KAR,20140430,2.57,2.57,2.41,2.46,1695409
KAS,20140430,0.105,0.105,0.1,0.105,415000
KBC,20140430,0.19,0.19,0.19,0.19,22000
KBL,20140430,0.037,0.037,0.037,0.037,49669
KCN,20140430,0.94,0.95,0.885,0.895,6795577
KDL,20140430,0.71,0.72,0.7,0.72,64406
KDR,20140430,0.1,0.1,0.09,0.1,131583
KEY,20140430,0.011,0.011,0.011,0.011,585090
KFE,20140430,0.061,0.061,0.06,0.06,207047
KGD,20140430,0.093,0.093,0.091,0.091,147134
KGL,20140430,0.09,0.09,0.088,0.088,134247
KIK,20140430,0.009,0.009,0.009,0.009,26600
KIS,20140430,0.11,0.11,0.11,0.11,50000
KKL,20140430,0.004,0.004,0.004,0.004,24158
KKO,20140430,0.13,0.13,0.13,0.13,89267
KMD,20140430,3.29,3.38,3.26,3.38,454505
KNL,20140430,0.16,0.16,0.135,0.16,797178
KOR,20140430,0.026,0.026,0.026,0.026,3050
KOV,20140430,6.1,6.3,6.1,6.3,8672
KPC,20140430,0.31,0.36,0.3,0.345,234772
KPL,20140430,0.405,0.41,0.4,0.41,172667
KRB,20140430,0.058,0.06,0.055,0.055,280000
KRC,20140430,0.091,0.091,0.09,0.09,239495
KRL,20140430,0.009,0.011,0.009,0.011,214280
KRM,20140430,0.4,0.42,0.4,0.405,523861
KSC,20140430,1.4,1.4,1.34,1.34,81416
KSO,20140430,0.004,0.004,0.004,0.004,287
LAT,20140430,0.08,0.09,0.071,0.071,3718790
LAU,20140430,0.34,0.34,0.335,0.34,62000
LBT,20140430,0.11,0.11,0.11,0.11,100000
LCM,20140430,0.85,0.857,0.85,0.85,242745
LCT,20140430,0.06,0.06,0.056,0.056,160000
LCY,20140430,0.018,0.019,0.018,0.019,168000
LEI,20140430,19.3,19.3,19.05,19.08,544584
LEP,20140430,2.88,2.89,2.87,2.89,73154
LGD,20140430,0.32,0.32,0.315,0.315,108965
LGM,20140430,0.005,0.005,0.005,0.005,50000
LHC,20140430,2.29,2.29,2.24,2.25,23440
LIN,20140430,0.007,0.007,0.007,0.007,393167
LKO,20140430,0.004,0.004,0.003,0.003,2370000
LLC,20140430,12.9,13.02,12.77,12.95,1964496
LMB,20140430,0.75,0.82,0.75,0.82,572089
LNG,20140430,0.66,0.67,0.645,0.655,793127
LNR,20140430,0.28,0.285,0.28,0.285,1450156
LOM,20140430,0.007,0.007,0.007,0.007,10995867
LRL,20140430,0.015,0.015,0.015,0.015,380000
LRS,20140430,0.053,0.053,0.051,0.053,143724
LSA,20140430,0.16,0.16,0.15,0.15,20667
LSX,20140430,0.455,0.455,0.455,0.455,3783
LTN,20140430,0.074,0.074,0.074,0.074,5862
LYL,20140430,3.13,3.26,3.12,3.26,30202
MAD,20140430,0.27,0.29,0.27,0.28,491820
MAH,20140430,0.11,0.11,0.105,0.105,2231688
MAK,20140430,0.1,0.1,0.094,0.1,190717
MAQ,20140430,8,8,8,8,1000
MAT,20140430,0.205,0.205,0.205,0.205,20000
MBC,20140430,0.2,0.2,0.2,0.2,60000
MBE,20140430,0.225,0.23,0.225,0.225,3287037
MBK,20140430,0.022,0.026,0.022,0.026,800000
MBT,20140430,0.009,0.009,0.009,0.009,30
MCE,20140430,1.23,1.24,1.215,1.235,26965
MCP,20140430,1.175,1.175,1.17,1.17,52766
MCR,20140430,0.83,0.83,0.785,0.805,474163
MCS,20140430,0.585,0.595,0.575,0.595,223878
MCX,20140430,0.032,0.032,0.032,0.032,2302
MDL,20140430,1.9,2,1.9,2,85894
MDO,20140430,0.033,0.033,0.033,0.033,286457
MEJ,20140430,0.052,0.052,0.052,0.052,68905
MEL,20140430,0.086,0.088,0.086,0.087,39500
MEO,20140430,0.026,0.026,0.026,0.026,506029
MEP,20140430,0.1,0.1,0.1,0.1,14462
MEU,20140430,0.026,0.026,0.026,0.026,150000
MEY,20140430,0.003,0.003,0.003,0.003,144212
MFF,20140430,1.475,1.48,1.46,1.47,652657
MFG,20140430,12.59,12.7,12.32,12.5,308685
MGL,20140430,0.032,0.034,0.032,0.033,46290
MGR,20140430,1.76,1.762,1.732,1.75,16627710
MGU,20140430,0.023,0.023,0.023,0.023,4333
MGV,20140430,0.07,0.07,0.07,0.07,3143
MGX,20140430,0.755,0.755,0.712,0.73,11082694
MHM,20140430,0.022,0.022,0.02,0.02,410584
MIN,20140430,11.64,11.7,11.44,11.62,528041
MIR,20140430,2.59,2.6,2.53,2.53,52872
MIX,20140430,0.165,0.165,0.165,0.165,108000
MIZ,20140430,0.004,0.005,0.003,0.004,115294664
MKB,20140430,0.195,0.2,0.18,0.18,920784
MLB,20140430,1.44,1.45,1.44,1.445,25503
MLD,20140430,2.16,2.17,2.14,2.15,180917
MLM,20140430,0.051,0.051,0.042,0.042,253025
MLS,20140430,0.007,0.007,0.007,0.007,141992
MLT,20140430,4.28,4.38,4.28,4.38,94990
MLX,20140430,0.205,0.205,0.197,0.205,546687
MMC,20140430,0.014,0.014,0.014,0.014,240000
MML,20140430,1.74,1.82,1.71,1.8,2253822
MMR,20140430,0.044,0.044,0.044,0.044,51099
MMS,20140430,9.86,9.87,9.6,9.71,156777
MNB,20140430,0.004,0.004,0.004,0.004,460000
MNC,20140430,0.02,0.021,0.018,0.02,1324266
MND,20140430,17.46,17.51,17.29,17.48,419001
MNE,20140430,0.024,0.024,0.023,0.024,6753227
MNF,20140430,2.25,2.28,2.2,2.24,89318
MNM,20140430,0.02,0.02,0.018,0.018,230000
MNW,20140430,0.29,0.305,0.29,0.3,699255
MNY,20140430,1.08,1.11,1.07,1.1,58709
MNZ,20140430,1.455,1.455,1.455,1.455,1100
MOC,20140430,2.65,2.68,2.65,2.65,25764
MOD,20140430,0.014,0.014,0.014,0.014,1000000
MOO,20140430,0.005,0.005,0.004,0.004,140000
MOT,20140430,0.001,0.001,0.001,0.001,8000000
MOX,20140430,0.029,0.029,0.029,0.029,127500
MOY,20140430,0.105,0.105,0.096,0.097,2078935
MOZ,20140430,0.009,0.009,0.009,0.009,189286
MPO,20140430,0.165,0.17,0.165,0.165,320408
MQA,20140430,3.06,3.11,3.02,3.11,974605
MQG,20140430,58.19,58.27,56.915,57.7,998474
MRC,20140430,0.12,0.155,0.12,0.155,18000
MRF,20140430,0.066,0.075,0.066,0.071,533655
MRM,20140430,2.2,2.2,2.11,2.14,3122028
MRN,20140430,1.065,1.065,1.065,1.065,10000
MRP,20140430,0.17,0.17,0.17,0.17,5530
MRV,20140430,0.003,0.003,0.003,0.003,14870495
MRY,20140430,0.015,0.015,0.015,0.015,11172
MSB,20140430,4.75,4.775,4.6,4.66,595558
MSR,20140430,0.028,0.028,0.024,0.026,1533776
MSV,20140430,0.038,0.038,0.038,0.038,75000
MTB,20140430,0.001,0.001,0.001,0.001,536040
MTE,20140430,0.027,0.027,0.027,0.027,121667
MTH,20140430,0.012,0.012,0.012,0.012,200000
MTS,20140430,2.76,2.78,2.71,2.78,5435060
MTU,20140430,5.57,5.65,5.5,5.64,670640
MUE,20140430,0.022,0.023,0.022,0.023,97641
MUM,20140430,0.007,0.007,0.007,0.007,41000
MVB,20140430,26.78,26.78,26.78,26.78,225
MVP,20140430,1.28,1.28,1.25,1.25,23222
MVT,20140430,0.14,0.14,0.135,0.14,342828
MWR,20140430,1.2,1.2,1.2,1.2,828
MXI,20140430,0.975,0.975,0.95,0.96,226874
MYA,20140430,0.093,0.095,0.093,0.095,900000
MYG,20140430,0.029,0.029,0.029,0.029,1208328
MYR,20140430,2.21,2.23,2.195,2.22,4568755
MYS,20140430,4.49,4.6,4.49,4.6,103103
MYT,20140430,2.11,2.15,2.11,2.15,28689
MYX,20140430,0.86,0.865,0.85,0.85,1315332
MZI,20140430,0.012,0.013,0.012,0.013,1102710
NAB,20140430,35.79,35.79,35.06,35.3,5019177
NAM,20140430,0.26,0.29,0.26,0.29,60000
NAN,20140430,0.85,0.85,0.81,0.81,139915
NBL,20140430,0.435,0.44,0.435,0.44,26000
NCC,20140430,1.04,1.05,1.04,1.05,13297
NCK,20140430,2.8,2.8,2.71,2.71,9046
NCM,20140430,10.46,10.57,10.34,10.46,2240238
NCR,20140430,0.017,0.017,0.017,0.017,443000
NDO,20140430,0.038,0.038,0.038,0.038,218579
NEA,20140430,0.41,0.415,0.385,0.4,1079341
NEC,20140430,2.36,2.37,2.34,2.34,2600384
NEN,20140430,0.014,0.014,0.013,0.013,3408960
NEU,20140430,0.091,0.091,0.085,0.087,2267249
NFE,20140430,0.2,0.2,0.19,0.19,1946755
NGE,20140430,0.013,0.013,0.012,0.013,874174
NGF,20140430,0.1,0.1,0.1,0.1,1000
NHC,20140430,3.08,3.13,3.05,3.12,93811
NHF,20140430,2.72,2.76,2.72,2.75,277628
NIU,20140430,0.005,0.005,0.005,0.005,4496
NLS,20140430,0.004,0.005,0.004,0.005,2639414
NME,20140430,0.008,0.008,0.008,0.008,317460
NMI,20140430,0.04,0.042,0.04,0.04,269175
NML,20140430,0.067,0.068,0.067,0.068,50000
NMS,20140430,0.046,0.046,0.046,0.046,20000
NNW,20140430,0.355,0.36,0.355,0.355,66551
NOE,20140430,0.19,0.19,0.165,0.165,18000
NRT,20140430,0.165,0.165,0.16,0.165,16375
NSE,20140430,0.14,0.145,0.14,0.145,67941
NSR,20140430,1.195,1.225,1.195,1.225,2944817
NST,20140430,1.135,1.17,1.13,1.17,1761242
NTC,20140430,0.625,0.635,0.615,0.625,1046600
NTL,20140430,0.01,0.01,0.008,0.008,100000
NTM,20140430,0.02,0.02,0.018,0.018,396000
NTU,20140430,0.155,0.155,0.15,0.155,35000
NUF,20140430,4.15,4.165,4.12,4.15,1139828
NVI,20140430,0.7,0.7,0.7,0.7,10000
NVT,20140430,7.47,7.47,7.265,7.35,582191
NWE,20140430,0.012,0.012,0.012,0.012,66000
NWH,20140430,1.13,1.145,1.1,1.12,1597058
NWS,20140430,18.12,18.13,18.04,18.13,91017
NWT,20140430,0.37,0.39,0.37,0.38,1311089
NXM,20140430,0.052,0.052,0.05,0.052,435000
NXR,20140430,0.027,0.027,0.026,0.026,445000
NXT,20140430,1.87,1.88,1.84,1.855,618381
NZO,20140430,0.705,0.705,0.705,0.705,121
OBJ,20140430,0.092,0.115,0.089,0.089,140038465
OBL,20140430,0.01,0.011,0.01,0.011,259148
OBS,20140430,0.32,0.32,0.265,0.265,182875
OCL,20140430,0.86,0.86,0.86,0.86,70000
ODY,20140430,0.013,0.014,0.013,0.014,115000
OEC,20140430,0.18,0.18,0.18,0.18,48748
OEG,20140430,0.034,0.034,0.034,0.034,336
OEL,20140430,0.087,0.089,0.087,0.087,320095
OEX,20140430,0.076,0.076,0.076,0.076,178357
OFX,20140430,3.01,3.07,2.98,3.05,975087
OGC,20140430,2.7,2.75,2.69,2.7,1600546
OGH,20140430,0.038,0.038,0.036,0.036,859450
OGY,20140430,0.017,0.018,0.016,0.018,1773747
OIL,20140430,0.046,0.046,0.046,0.046,1500
OKN,20140430,1.45,1.455,1.42,1.45,112677
OKU,20140430,0.003,0.003,0.003,0.003,605000
OMH,20140430,0.315,0.34,0.315,0.335,183564
ONC,20140430,0.25,0.25,0.25,0.25,113239
ONT,20140430,5.93,5.97,5.93,5.93,687
ORA,20140430,1.385,1.397,1.37,1.39,6061149
ORE,20140430,2.18,2.24,2.17,2.23,110986
ORG,20140430,14.98,15.02,14.82,14.9,1863803
ORI,20140430,21.6,21.91,21.51,21.87,1018407
ORL,20140430,4.15,4.17,4.09,4.11,44384
ORN,20140430,0.053,0.055,0.053,0.055,40000
ORO,20140430,0.001,0.002,0.001,0.001,11780000
ORR,20140430,0.08,0.08,0.08,0.08,50000
ORS,20140430,0.054,0.054,0.049,0.049,302243
OSH,20140430,8.97,9,8.855,8.89,4193516
OSL,20140430,0.097,0.1,0.094,0.1,557181
OSP,20140430,0.5,0.5,0.5,0.5,75000
OTC,20140430,0.15,0.15,0.135,0.135,674076
OTE,20140430,0.001,0.001,0.001,0.001,300000
OTH,20140430,0.55,0.55,0.53,0.53,178743
OVR,20140430,0.008,0.008,0.008,0.008,320699
OXX,20140430,0.12,0.135,0.12,0.135,20909
OZF,20140430,21.25,21.33,21.25,21.32,12900
OZG,20140430,0.195,0.197,0.195,0.195,288233
OZL,20140430,3.68,3.68,3.6,3.68,896970
OZR,20140430,10.3,10.33,10.3,10.33,24734
PAA,20140430,0.01,0.01,0.01,0.01,1485630
PAB,20140430,0.035,0.035,0.034,0.034,1250158
PAN,20140430,0.61,0.63,0.6,0.63,1859355
PBD,20140430,0.024,0.024,0.024,0.024,15000
PBG,20140430,0.52,0.52,0.505,0.505,866671
PBT,20140430,0.19,0.19,0.18,0.185,534531
PCL,20140430,0.03,0.03,0.03,0.03,1857403
PCP,20140430,0.053,0.053,0.053,0.053,250000
PDI,20140430,0.012,0.012,0.012,0.012,100000
PDM,20140430,0.004,0.004,0.004,0.004,500000
PDN,20140430,0.445,0.45,0.435,0.435,3354474
PDZ,20140430,0.5,0.52,0.49,0.51,876416
PEC,20140430,0.045,0.045,0.045,0.045,14750
PEK,20140430,0.08,0.08,0.078,0.079,628950
PEN,20140430,0.033,0.033,0.032,0.032,3012285
PFG,20140430,0.11,0.11,0.11,0.11,123500
PFL,20140430,1.175,1.175,1.15,1.15,12750
PGC,20140430,0.29,0.295,0.29,0.295,62313
PGF,20140430,0.975,0.975,0.95,0.97,177516
PGH,20140430,3.41,3.42,3.34,3.38,864582
PGI,20140430,0.04,0.04,0.039,0.04,872058
PGM,20140430,0.056,0.06,0.056,0.06,82000
PGS,20140430,0.017,0.017,0.016,0.016,637788
PHG,20140430,0.6,0.6,0.6,0.6,325000
PHK,20140430,0.032,0.032,0.031,0.031,155000
PIE,20140430,0.085,0.09,0.085,0.085,242065
PIM,20140430,0.008,0.008,0.008,0.008,7634
PIO,20140430,0.009,0.009,0.009,0.009,148950
PIR,20140430,1.295,1.307,1.285,1.3,182452
PLD,20140430,0.006,0.006,0.006,0.006,500000
PLH,20140430,0.12,0.12,0.12,0.12,50000
PLS,20140430,0.02,0.022,0.02,0.022,195000
PLV,20140430,0.046,0.046,0.045,0.046,3180000
PMC,20140430,1.62,1.67,1.62,1.66,501324
PME,20140430,0.81,0.81,0.805,0.805,56200
PMP,20140430,0.41,0.425,0.41,0.425,113273
PMQ,20140430,0.026,0.026,0.026,0.026,13440
PMV,20140430,9.85,9.92,9.73,9.92,245013
PMY,20140430,0.041,0.041,0.038,0.038,130000
PNA,20140430,1.57,1.625,1.555,1.605,5407330
PNE,20140430,0.003,0.003,0.002,0.002,200
PNL,20140430,0.3,0.3,0.295,0.3,80572
PNN,20140430,0.016,0.016,0.016,0.016,50000
PNO,20140430,0.001,0.002,0.001,0.001,25715160
PNR,20140430,0.06,0.06,0.06,0.06,74818
POH,20140430,0.088,0.092,0.087,0.092,411397
POK,20140430,0.036,0.036,0.032,0.032,438666
POS,20140430,0.09,0.095,0.085,0.095,1384180
POU,20140430,18.08,18.08,18.08,18.08,550
POZ,20140430,0.015,0.015,0.015,0.015,38000
PPC,20140430,1.3,1.325,1.265,1.29,73804
PPG,20140430,0.46,0.47,0.46,0.47,33315
PPP,20140430,0.1,0.1,0.1,0.1,30000
PPS,20140430,0.15,0.15,0.15,0.15,210000
PPT,20140430,47.5,47.5,46.5,46.9,88212
PPX,20140430,0.036,0.036,0.035,0.036,661996
PRA,20140430,0.031,0.031,0.025,0.026,2981542
PRG,20140430,3,3,2.79,2.83,255827
PRL,20140430,0.21,0.22,0.195,0.22,953272
PRR,20140430,0.039,0.039,0.036,0.036,940659
PRT,20140430,0.98,0.99,0.975,0.99,743976
PRU,20140430,0.345,0.355,0.34,0.35,2443606
PRY,20140430,4.7,4.715,4.68,4.69,1239007
PSA,20140430,0.082,0.082,0.082,0.082,64400
PSF,20140430,0.02,0.02,0.02,0.02,50000
PSY,20140430,0.071,0.071,0.067,0.069,1111091
PSZ,20140430,0.7,0.74,0.68,0.735,88025
PTL,20140430,0.026,0.026,0.024,0.024,2557379
PTM,20140430,6.7,6.74,6.53,6.58,832533
PTR,20140430,0.007,0.007,0.007,0.007,19230
PUN,20140430,0.03,0.03,0.03,0.03,100000
PVA,20140430,3.82,4,3.8,4,8784
PVD,20140430,0.365,0.375,0.36,0.37,221503
PWN,20140430,0.048,0.048,0.048,0.048,4920
PXG,20140430,0.125,0.13,0.125,0.125,155556
PXS,20140430,0.086,0.086,0.079,0.079,903088
PXT,20140430,0.24,0.24,0.24,0.24,15000
PYC,20140430,0.03,0.031,0.028,0.028,1312500
QAG,20140430,11.97,11.97,11.97,11.97,1000
QAN,20140430,1.22,1.23,1.217,1.22,3395795
QAU,20140430,14.8,14.8,13.5,13.5,1380
QBE,20140430,11.78,11.78,11.5,11.58,9917879
QBL,20140430,0.007,0.007,0.007,0.007,29429
QCB,20140430,16.6,16.6,16.6,16.6,300
QFN,20140430,11.38,11.39,11.38,11.38,9855
QFX,20140430,0.009,0.009,0.008,0.008,1285548
QHL,20140430,0.19,0.195,0.19,0.195,40376
QOZ,20140430,12.57,12.57,12.56,12.56,2590
QPN,20140430,0.002,0.002,0.002,0.002,5460224
QRX,20140430,0.092,0.1,0.092,0.094,1561106
QSS,20140430,0.04,0.04,0.04,0.04,4999
QST,20140430,0.055,0.055,0.055,0.055,3700
QTG,20140430,0.015,0.015,0.015,0.015,170000
QUB,20140430,2.22,2.24,2.195,2.22,3813404
RAD,20140430,0.043,0.044,0.043,0.044,38700
RAU,20140430,0.009,0.009,0.009,0.009,210006
RCB,20140430,20.47,20.47,20.46,20.46,3683
RCG,20140430,0.73,0.745,0.73,0.745,168678
RCP,20140430,0.001,0.001,0.001,0.001,461500
RCR,20140430,2.76,2.77,2.68,2.73,266733
RCT,20140430,4.16,4.16,4.16,4.16,5000
RDG,20140430,0.04,0.04,0.04,0.04,124114
RDM,20140430,0.185,0.185,0.18,0.18,13108
RDR,20140430,0.023,0.024,0.023,0.023,518677
RDS,20140430,0.09,0.09,0.09,0.09,109888
RDV,20140430,29.58,29.95,29.43,29.55,56107
REA,20140430,47.15,47.4,46.65,46.77,191081
REC,20140430,4.56,4.59,4.47,4.53,891311
RED,20140430,0.067,0.071,0.067,0.07,640000
REF,20140430,0.135,0.14,0.13,0.14,94913
RER,20140430,0.055,0.062,0.055,0.058,2112684
RES,20140430,0.165,0.165,0.165,0.165,61860
REX,20140430,0.77,0.77,0.755,0.77,48459
REY,20140430,0.08,0.087,0.078,0.087,254500
RFE,20140430,0.105,0.105,0.105,0.105,435160
RFF,20140430,0.84,0.84,0.83,0.84,186919
RFG,20140430,4.17,4.18,4.15,4.18,133169
RFL,20140430,0.475,0.485,0.45,0.48,2614702
RFX,20140430,0.115,0.13,0.115,0.13,32000
RGS,20140430,0.375,0.375,0.365,0.365,106000
RGX,20140430,0.006,0.006,0.005,0.005,2999700
RHC,20140430,44.6,45.1,43.92,44.81,512867
RHL,20140430,3.43,3.44,3.35,3.35,19035
RHP,20140430,0.5,0.51,0.5,0.505,456050
RHS,20140430,0.23,0.23,0.23,0.23,30000
RHT,20140430,0.047,0.053,0.047,0.051,910312
RIC,20140430,0.845,0.85,0.845,0.845,87164
RIE,20140430,0.01,0.01,0.01,0.01,64914
RIM,20140430,0.02,0.02,0.019,0.019,278947
RIO,20140430,61.76,61.9,61.34,61.7,1772262
RKN,20140430,1.985,1.995,1.96,1.97,154554
RMD,20140430,5.43,5.44,5.36,5.42,11553560
RMG,20140430,0.002,0.002,0.002,0.002,500
RMP,20140430,0.045,0.045,0.045,0.045,11679
RMR,20140430,0.009,0.009,0.009,0.009,6265895
RMS,20140430,0.11,0.11,0.105,0.105,135018
RMX,20140430,0.013,0.013,0.011,0.012,12261618
RNO,20140430,0.024,0.025,0.022,0.024,1254925
RNS,20140430,0.07,0.07,0.07,0.07,42427
ROC,20140430,0.465,0.492,0.465,0.48,6646279
ROG,20140430,0.001,0.001,0.001,0.001,600000
ROL,20140430,0.265,0.265,0.25,0.25,69954
ROY,20140430,0.025,0.027,0.025,0.027,420000
RQL,20140430,0.165,0.165,0.165,0.165,69853
RRE,20140430,0.03,0.03,0.03,0.03,10000
RRL,20140430,2.41,2.45,2.39,2.43,1850915
RRS,20140430,0.012,0.012,0.012,0.012,1210750
RSG,20140430,0.62,0.627,0.605,0.605,1977398
RSM,20140430,20.15,20.15,20.15,20.15,18
RTD,20140430,0.045,0.045,0.042,0.044,775941
RTR,20140430,0.036,0.038,0.036,0.038,1523370
RUL,20140430,0.65,0.65,0.575,0.625,167071
RUM,20140430,0.115,0.115,0.11,0.115,272481
RVA,20140430,0.15,0.15,0.15,0.15,34700
RVL,20140430,34.64,34.64,34.64,34.64,150
RVY,20140430,0.022,0.022,0.021,0.021,289868
RWD,20140430,0.595,0.62,0.59,0.59,326024
RWH,20140430,3.03,3.05,3.03,3.05,6185
RXL,20140430,0.053,0.054,0.052,0.052,1857285
RXM,20140430,0.33,0.34,0.33,0.335,128628
RXP,20140430,0.66,0.67,0.65,0.66,132389
SAI,20140430,4.22,4.28,4.19,4.27,386803
SAR,20140430,0.325,0.33,0.32,0.33,1131222
SBB,20140430,0.19,0.21,0.19,0.21,10300
SBL,20140430,0.001,0.001,0.001,0.001,12000000
SBM,20140430,0.22,0.225,0.215,0.215,735825
SBN,20140430,0.008,0.008,0.008,0.008,100000
SCD,20140430,0.53,0.53,0.53,0.53,5000
SCI,20140430,0.065,0.067,0.063,0.063,234818
SCP,20140430,1.73,1.737,1.725,1.735,1148002
SDF,20140430,1.53,1.54,1.48,1.53,536472
SDG,20140430,1.65,1.67,1.61,1.67,87526
SDL,20140430,0.091,0.091,0.09,0.09,970392
SDM,20140430,0.46,0.46,0.45,0.45,47607
SEA,20140430,1.03,1.04,1.02,1.04,1366190
SEG,20140430,0.009,0.009,0.009,0.009,7552777
SEH,20140430,0.15,0.16,0.147,0.15,2050977
SEK,20140430,16.85,16.92,16.58,16.72,747673
SEN,20140430,0.037,0.037,0.034,0.035,70989
SER,20140430,0.026,0.027,0.024,0.026,505000
SFC,20140430,6,6,6,6,500
SFH,20140430,0.91,0.925,0.91,0.925,37715
SFR,20140430,5.7,5.71,5.6,5.68,325387
SFW,20140430,0.745,0.745,0.735,0.745,268882
SFX,20140430,0.925,1.01,0.925,0.975,285350
SFY,20140430,55.26,55.83,55.01,55.27,16050
SFZ,20140430,0.05,0.05,0.05,0.05,55000
SGF,20140430,1.65,1.675,1.65,1.665,13847
SGH,20140430,4.68,4.71,4.64,4.7,247984
SGM,20140430,9.83,9.97,9.68,9.79,629708
SGN,20140430,1.41,1.427,1.4,1.41,767456
SGO,20140430,0.235,0.235,0.23,0.23,41280
SGP,20140430,3.9,3.905,3.845,3.89,7844188
SGQ,20140430,0.16,0.17,0.15,0.15,180000
SGT,20140430,3.25,3.27,3.235,3.27,1208698
SGZ,20140430,0.009,0.009,0.009,0.009,588327
SHD,20140430,0.086,0.086,0.085,0.085,21978
SHE,20140430,0.008,0.009,0.008,0.009,293900
SHJ,20140430,2.35,2.48,2.35,2.48,7528
SHL,20140430,17.86,17.95,17.64,17.7,947306
SHP,20140430,0.022,0.022,0.021,0.022,681066
SHV,20140430,6.2,6.34,6.19,6.3,117300
SIH,20140430,0.026,0.026,0.026,0.026,30000
SIP,20140430,0.72,0.73,0.71,0.725,3044313
SIR,20140430,2.62,2.69,2.55,2.69,1108158
SIT,20140430,0.13,0.15,0.13,0.15,132500
SIV,20140430,5.1,5.14,5.1,5.12,28206
SKC,20140430,3.82,3.9,3.8,3.89,191253
SKE,20140430,2.85,2.85,2.72,2.74,511232
SKI,20140430,1.78,1.78,1.76,1.765,3007662
SKT,20140430,6.2,6.22,6.13,6.15,345532
SLF,20140430,9.85,9.85,9.74,9.79,63109
SLK,20140430,1.87,1.87,1.87,1.87,3
SLM,20140430,1.9,1.91,1.9,1.91,360
SLR,20140430,0.425,0.425,0.41,0.41,2626923
SLX,20140430,1.87,1.9,1.785,1.81,204739
SMA,20140430,0.015,0.015,0.015,0.015,50000
SMD,20140430,0.033,0.033,0.032,0.032,205000
SMN,20140430,0.19,0.24,0.19,0.225,344500
SMR,20140430,0.14,0.14,0.14,0.14,52270
SMX,20140430,3.82,3.83,3.75,3.75,57429
SNC,20140430,0.95,0.95,0.95,0.95,99007
SND,20140430,0.79,0.82,0.79,0.82,68848
SNL,20140430,2.39,2.39,2.39,2.39,1250
SNY,20140430,0.25,0.25,0.23,0.23,152000
SOC,20140430,0.064,0.067,0.06,0.066,340112
SOI,20140430,0.004,0.005,0.004,0.004,4497010
SOL,20140430,15.11,15.22,14.66,14.81,63935
SOM,20140430,1.44,1.49,1.42,1.42,16649
SOR,20140430,0.1,0.11,0.098,0.098,46000
SPI,20140430,0.01,0.011,0.01,0.011,523000
SPL,20140430,0.71,0.72,0.71,0.71,126095
SPN,20140430,1.385,1.4,1.37,1.4,5988045
SPS,20140430,0.032,0.034,0.032,0.034,19600
SPX,20140430,0.066,0.066,0.066,0.066,1303
SPZ,20140430,0.16,0.165,0.16,0.16,676200
SRH,20140430,0.075,0.075,0.075,0.075,40000
SRI,20140430,0.033,0.033,0.032,0.033,722810
SRK,20140430,0.046,0.046,0.046,0.046,68333
SRM,20140430,0.4,0.4,0.39,0.395,2022116
SRQ,20140430,0.005,0.005,0.005,0.005,1041798
SRR,20140430,0.004,0.004,0.004,0.004,90000
SRV,20140430,4.69,4.69,4.64,4.64,112581
SRX,20140430,15.49,15.98,15.4,15.74,132109
SRZ,20140430,0.049,0.049,0.049,0.049,30000
SSM,20140430,0.21,0.21,0.205,0.205,14334
SSN,20140430,0.019,0.019,0.018,0.018,2462858
STB,20140430,0.2,0.2,0.19,0.2,362900
STO,20140430,13.66,13.88,13.62,13.75,4087083
STS,20140430,0.57,0.57,0.56,0.56,64834
STW,20140430,52,52,51.45,51.69,112907
STX,20140430,0.12,0.125,0.12,0.12,984272
SUD,20140430,0.054,0.054,0.05,0.052,930909
SUH,20140430,0.06,0.065,0.06,0.065,384777
SUL,20140430,10.38,10.38,10.1,10.16,423592
SUM,20140430,0.06,0.061,0.06,0.06,59900
SUN,20140430,13.09,13.09,12.94,13.02,2589267
SUR,20140430,0.02,0.02,0.018,0.018,1110233
SVA,20140430,0.49,0.49,0.485,0.485,3140
SVL,20140430,0.003,0.003,0.003,0.003,14000
SVM,20140430,0.23,0.24,0.23,0.24,430000
SVW,20140430,8.28,8.31,8.13,8.2,530056
SWE,20140430,0.2,0.205,0.2,0.2,170412
SWJ,20140430,0.19,0.19,0.19,0.19,20000
SWK,20140430,0.26,0.265,0.255,0.255,84154
SWL,20140430,1.73,1.73,1.7,1.7,14533
SWM,20140430,1.87,1.885,1.847,1.865,3368347
SXA,20140430,0.32,0.325,0.3,0.325,36500
SXE,20140430,0.55,0.565,0.55,0.565,87703
SXG,20140430,0.014,0.014,0.014,0.014,50000
SXI,20140430,0.018,0.018,0.018,0.018,14799
SXL,20140430,1.3,1.31,1.27,1.285,10108068
SXS,20140430,0.03,0.03,0.03,0.03,4360
SXY,20140430,0.7,0.705,0.66,0.665,5633780
SYA,20140430,0.005,0.005,0.004,0.004,292906
SYD,20140430,4.2,4.24,4.18,4.22,5304206
SYI,20140430,30.43,30.43,30.01,30.16,4832
SYP,20140430,0.008,0.008,0.008,0.008,7853
SYR,20140430,3.8,3.92,3.72,3.86,814947
TAH,20140430,3.68,3.73,3.62,3.72,2910074
TAM,20140430,0.021,0.021,0.021,0.021,400000
TAN,20140430,0.475,0.475,0.475,0.475,101000
TAP,20140430,0.425,0.425,0.415,0.415,458011
TAR,20140430,0.015,0.015,0.013,0.013,50000
TAS,20140430,0.022,0.022,0.022,0.022,29000
TAW,20140430,0.024,0.025,0.024,0.024,893985
TBR,20140430,2.9,2.9,2.9,2.9,788
TEG,20140430,0.002,0.002,0.002,0.002,470001
TEL,20140430,2.53,2.56,2.53,2.55,2678911
TEN,20140430,0.27,0.272,0.265,0.27,3041640
TEX,20140430,0.05,0.05,0.05,0.05,50000
TFC,20140430,1.69,1.72,1.65,1.7,612259
TGA,20140430,2.15,2.15,2.1,2.14,92284
TGG,20140430,1.245,1.245,1.235,1.24,266078
TGN,20140430,0.055,0.055,0.055,0.055,9090
TGP,20140430,0.78,0.78,0.77,0.78,98611
TGR,20140430,4.1,4.19,4.1,4.15,530100
TGS,20140430,0.335,0.355,0.335,0.355,2079279
TGZ,20140430,0.74,0.74,0.74,0.74,271000
THR,20140430,0.004,0.004,0.004,0.004,1200000
THX,20140430,0.068,0.071,0.067,0.067,359647
TIG,20140430,0.155,0.155,0.155,0.155,65500
TIS,20140430,0.29,0.3,0.285,0.295,198418
TIX,20140430,2.2,2.2,2.18,2.19,40233
TKG,20140430,0.001,0.001,0.001,0.001,800
TLG,20140430,0.25,0.26,0.24,0.245,398764
TLM,20140430,0.1,0.105,0.097,0.097,658050
TLS,20140430,5.19,5.22,5.175,5.22,35824944
TLU,20140430,0.062,0.065,0.062,0.065,165000
TME,20140430,3.6,3.68,3.58,3.66,3156471
TND,20140430,0.012,0.012,0.012,0.012,46350
TNE,20140430,2.53,2.55,2.5,2.52,117851
TNG,20140430,0.082,0.097,0.082,0.093,4595065
TNP,20140430,0.005,0.005,0.005,0.005,499000
TNR,20140430,0.003,0.003,0.003,0.003,173575
TOE,20140430,0.07,0.07,0.068,0.068,153571
TOF,20140430,2,2.01,2,2,134831
TOL,20140430,5.31,5.33,5.24,5.29,1935825
TON,20140430,0.11,0.11,0.105,0.11,123324
TOP,20140430,0.515,0.515,0.505,0.51,89900
TOU,20140430,0.33,0.34,0.33,0.34,33261
TOX,20140430,3.47,3.48,3.46,3.47,46732
TPC,20140430,0.165,0.165,0.14,0.14,362156
TPD,20140430,0.02,0.02,0.02,0.02,17710
TPI,20140430,1.12,1.125,1.11,1.115,5828972
TPM,20140430,5.89,5.95,5.79,5.94,1695352
TRF,20140430,0.07,0.07,0.068,0.069,264187
TRG,20140430,9.68,9.79,9.6,9.79,20262
TRO,20140430,0.048,0.048,0.048,0.048,12000
TRS,20140430,10.07,10.07,9.92,10,77410
TRY,20140430,0.975,1,0.967,0.98,1236919
TSE,20140430,0.93,0.962,0.917,0.955,3144876
TSM,20140430,0.39,0.405,0.39,0.395,153792
TTE,20140430,0.021,0.021,0.019,0.019,2549282
TTI,20140430,0.067,0.068,0.065,0.065,220072
TTN,20140430,2.21,2.23,2.18,2.18,24603
TTS,20140430,3.03,3.03,3,3.02,1816075
TUP,20140430,2.9,2.98,2.83,2.95,89000
TWD,20140430,2.96,2.97,2.96,2.97,13558
TWE,20140430,3.8,3.82,3.775,3.81,1870823
TYK,20140430,0.004,0.004,0.004,0.004,250000
TZL,20140430,0.155,0.16,0.155,0.155,211332
TZN,20140430,0.04,0.042,0.04,0.04,515000
UBI,20140430,0.35,0.375,0.35,0.375,166711
UGL,20140430,6.8,6.815,6.72,6.75,762368
UML,20140430,0.016,0.016,0.016,0.016,474749
UNS,20140430,0.57,0.595,0.565,0.585,708163
UNV,20140430,0.11,0.11,0.11,0.11,5000
UNX,20140430,0.14,0.15,0.14,0.15,1288386
UOS,20140430,0.565,0.58,0.565,0.58,63282
URF,20140430,1.84,1.84,1.81,1.81,51385
USD,20140430,10.62,10.64,10.62,10.63,105210
USF,20140430,1.71,1.71,1.71,1.71,8000
UXC,20140430,0.845,0.845,0.822,0.845,266565
VAF,20140430,48.17,48.17,48.17,48.17,2668
VAH,20140430,0.38,0.38,0.37,0.37,1231707
VAP,20140430,61.09,61.23,60.91,61.21,54043
VAS,20140430,70.15,70.27,69.42,70,44230
VBP,20140430,6.51,6.51,6.51,6.51,1960
VEC,20140430,0.017,0.017,0.017,0.017,79778
VED,20140430,2.24,2.25,2.19,2.2,711254
VEI,20140430,0.6,0.615,0.6,0.615,264762
VET,20140430,2.44,2.45,2.37,2.4,480555
VEU,20140430,55.15,55.15,54.8,54.8,9209
VGB,20140430,47,47,46.55,46.57,3349
VGE,20140430,49.17,49.17,49.17,49.17,1000
VGO,20140430,0.051,0.052,0.051,0.051,200000
VHL,20140430,0.008,0.011,0.008,0.01,4228435
VHY,20140430,66.9,67.8,66.32,66.55,10883
VIC,20140430,0.006,0.007,0.006,0.007,2500300
VIE,20140430,0.26,0.26,0.26,0.26,525
VLA,20140430,0.285,0.295,0.285,0.29,99577
VLC,20140430,62.35,62.35,62.35,62.35,1300
VLW,20140430,1.955,2,1.955,1.995,154864
VMC,20140430,0.084,0.084,0.084,0.084,7000
VMG,20140430,0.007,0.008,0.007,0.007,2485000
VML,20140430,0.037,0.037,0.037,0.037,95000
VMS,20140430,0.14,0.14,0.14,0.14,67700
VMT,20140430,0.051,0.054,0.051,0.054,10568837
VOC,20140430,4.55,4.55,4.4,4.5,96577
VOR,20140430,0.002,0.003,0.002,0.002,1482000
VRL,20140430,7.09,7.09,7.02,7.05,178248
VRT,20140430,7.36,7.48,7.35,7.42,228625
VRX,20140430,0.038,0.038,0.035,0.036,517717
VSO,20140430,45.3,45.3,45.2,45.2,155
VTG,20140430,0.795,0.8,0.795,0.795,355441
VTM,20140430,0.079,0.083,0.079,0.082,255249
VTS,20140430,105,105,104.5,104.81,10706
VTX,20140430,0.001,0.001,0.001,0.001,500000
VXL,20140430,0.455,0.455,0.44,0.44,65792
VXR,20140430,0.008,0.008,0.006,0.006,780000
WAA,20140430,1.305,1.305,1.285,1.305,32558
WAF,20140430,0.115,0.115,0.1,0.1,35391
WAL,20140430,0.057,0.057,0.057,0.057,10000
WAM,20140430,1.95,1.96,1.95,1.95,196800
WAX,20140430,1.155,1.155,1.15,1.155,43246
WBA,20140430,1.07,1.07,1.07,1.07,120049
WBB,20140430,6.01,6.01,5.975,5.98,21172
WBC,20140430,35.51,35.53,34.935,35.12,5381390
WCB,20140430,8.07,8.07,8.07,8.07,12
WCC,20140430,0.1,0.1,0.092,0.1,225253
WCL,20140430,0.375,0.38,0.372,0.375,2485387
WCN,20140430,0.01,0.01,0.01,0.01,850000
WDC,20140430,10.87,10.96,10.85,10.95,6350664
WDR,20140430,0.465,0.49,0.462,0.49,477299
WDS,20140430,1.08,1.095,1.06,1.09,20843
WEB,20140430,2.75,2.77,2.73,2.75,129055
WEC,20140430,0.17,0.175,0.17,0.17,36632
WEG,20140430,0.004,0.005,0.004,0.005,1014285
WES,20140430,43,43.01,42.31,42.71,3462997
WFE,20140430,0.016,0.016,0.016,0.016,36666
WGO,20140430,0.021,0.021,0.02,0.02,154072
WHC,20140430,1.49,1.522,1.45,1.46,3837849
WHE,20140430,0.02,0.02,0.02,0.02,220000
WHF,20140430,4.19,4.19,4.19,4.19,2000
WHN,20140430,0.017,0.018,0.017,0.017,3406794
WIC,20140430,1.18,1.19,1.18,1.19,70100
WIN,20140430,0.26,0.26,0.26,0.26,35000
WKT,20140430,0.008,0.008,0.007,0.007,363816
WLR,20140430,0.004,0.005,0.004,0.005,470836
WMK,20140430,1.01,1.01,0.995,1.005,41809
WOR,20140430,16.77,16.81,16.535,16.81,956305
WOW,20140430,37.27,37.41,36.9,37.32,3979619
WPG,20140430,0.036,0.037,0.036,0.037,627500
WPL,20140430,40.94,41.24,40.72,40.8,1482207
WRT,20140430,3.21,3.21,3.18,3.19,7162536
WSA,20140430,4.2,4.2,4.01,4.13,2691953
WSR,20140430,0.011,0.011,0.011,0.011,49700
WTF,20140430,2.69,2.69,2.63,2.67,551251
WTP,20140430,0.87,0.87,0.79,0.805,439316
XAM,20140430,0.045,0.05,0.045,0.05,250000
XRF,20140430,0.23,0.23,0.23,0.23,85000
XRO,20140430,30.1,30.3,28.53,28.98,67216
XST,20140430,0.039,0.039,0.039,0.039,130000
YAL,20140430,0.355,0.355,0.31,0.34,26517
YBR,20140430,0.61,0.61,0.605,0.605,38912
YOW,20140430,0.69,0.695,0.63,0.655,630621
YRR,20140430,0.009,0.009,0.008,0.008,200000
YTC,20140430,0.22,0.22,0.21,0.215,85760
ZER,20140430,0.56,0.56,0.56,0.56,37250
ZGL,20140430,0.22,0.22,0.215,0.22,78530
ZIM,20140430,7,7,6.93,6.99,61024
ZNZ,20140430,3.7,3.7,3.7,3.7,395
XAF,20140430,5602.4,5622.3,5576,5600.4,0
XAO,20140430,5466.9,5488.5,5446.3,5470.8,0
XAT,20140430,5443.6,5464.1,5420.1,5445.3,0
XDJ,20140430,1832.6,1841.9,1827.3,1838.7,0
XEC,20140430,1057.4,1063.6,1055.5,1057.6,0
XEJ,20140430,14066.7,14179.5,14066.7,14114.7,0
XFJ,20140430,6167,6190.9,6120.9,6151.6,0
XFL,20140430,5667,5686.9,5639.9,5664.3,0
XGD,20140430,2272.6,2294.6,2261.2,2278.6,0
XHJ,20140430,14158.8,14340.7,14157.7,14304.4,0
XIJ,20140430,788.1,796.9,782.5,787.9,0
XJO,20140430,5486.6,5507.6,5463.6,5489.1,0
XJR,20140430,4167.1,4201.2,4164.1,4186.2,0
XKO,20140430,5427.7,5448.7,5405.8,5430.8,0
XMD,20140430,4528.7,4558.8,4522.5,4555.8,0
XMJ,20140430,10104.7,10178.1,10098.1,10158.4,0
XMM,20140430,3276.7,3304.6,3272.5,3294.3,0
XNJ,20140430,4062.7,4074.8,4044.1,4064.7,0
XPJ,20140430,1058.4,1062.7,1055.3,1062.7,0
XSJ,20140430,10164.7,10166.7,9979.1,10050.4,0
XSO,20140430,2150.1,2163,2148.8,2160.7,0
XTJ,20140430,1797.2,1819,1797.2,1819,0
XTL,20140430,3477.3,3489.4,3456.9,3471.9,0
XTO,20140430,4565.4,4582.5,4545.4,4566.2,0
XUJ,20140430,5734.4,5787.2,5734.4,5778.2,0
XXJ,20140430,7299.6,7330.9,7237.4,7273.7,0
