AAA,20140611,50.14,50.14,50.13,50.14,127803
AAC,20140611,1.22,1.235,1.22,1.235,223145
AAD,20140611,2.7,2.72,2.69,2.7,944082
AAK,20140611,0.001,0.001,0.001,0.001,600000
AAL,20140611,0.003,0.003,0.003,0.003,75000
AAR,20140611,0.012,0.012,0.012,0.012,50000
AAU,20140611,0.066,0.066,0.066,0.066,7650
AAX,20140611,0.51,0.515,0.5,0.5,124429
ABC,20140611,3.33,3.35,3.3,3.31,1852451
ABP,20140611,2.5,2.53,2.49,2.53,935379
ABU,20140611,0.018,0.018,0.017,0.017,1237516
ABV,20140611,0.006,0.006,0.006,0.006,270000
ABW,20140611,1.06,1.065,1.06,1.065,150000
ABY,20140611,0.2,0.2,0.2,0.2,23200
ABZ,20140611,0.22,0.22,0.21,0.21,368660
ACG,20140611,0.11,0.11,0.105,0.105,25795
ACL,20140611,0.5,0.5,0.49,0.49,147619
ACQ,20140611,0.89,0.9,0.89,0.9,117100
ACR,20140611,0.81,0.87,0.807,0.865,3695106
ACW,20140611,0.021,0.021,0.021,0.021,25000
ADA,20140611,0.265,0.265,0.265,0.265,1000
ADD,20140611,0.002,0.002,0.002,0.002,40000
ADJ,20140611,0.11,0.11,0.105,0.11,615231
ADN,20140611,0.045,0.045,0.042,0.043,614194
ADO,20140611,0.205,0.205,0.2,0.2,668798
ADQ,20140611,0.011,0.011,0.011,0.011,100000
ADX,20140611,0.013,0.014,0.013,0.014,202084
ADY,20140611,0.013,0.013,0.012,0.012,168483
AEB,20140611,0.085,0.085,0.085,0.085,10000
AEE,20140611,0.023,0.025,0.023,0.025,47674
AEK,20140611,0.085,0.085,0.085,0.085,145503
AEM,20140611,0.014,0.014,0.014,0.014,180000
AEU,20140611,1.715,1.715,1.67,1.67,66593
AFI,20140611,6.03,6.04,6.01,6.02,238433
AFJ,20140611,1.28,1.325,1.28,1.3,4994696
AFR,20140611,0.085,0.085,0.084,0.085,86450
AGD,20140611,0.065,0.065,0.065,0.065,1611
AGE,20140611,0.034,0.034,0.034,0.034,190000
AGF,20140611,0.67,0.685,0.67,0.67,165575
AGI,20140611,3.72,3.775,3.59,3.65,523460
AGK,20140611,15.24,15.29,15.05,15.11,1555348
AGO,20140611,0.66,0.665,0.635,0.64,7144163
AGR,20140611,0.047,0.049,0.045,0.045,218848
AGS,20140611,0.195,0.205,0.195,0.2,225461
AGX,20140611,0.014,0.014,0.014,0.014,400
AHD,20140611,8.82,9.13,8.82,9.1,31404
AHE,20140611,3.6,3.63,3.56,3.58,612413
AHK,20140611,0.085,0.089,0.083,0.089,43060
AHZ,20140611,0.115,0.135,0.115,0.13,9565093
AIA,20140611,3.56,3.56,3.56,3.56,488
AIB,20140611,0.9,0.9,0.9,0.9,15000
AIO,20140611,5.42,5.43,5.27,5.31,5276568
AIQ,20140611,0.135,0.135,0.135,0.135,12397
AIX,20140611,0.004,0.005,0.004,0.005,258131
AIZ,20140611,2.02,2.04,2.02,2.03,43745
AJA,20140611,3.75,3.78,3.735,3.75,1030376
AJC,20140611,0.007,0.007,0.007,0.007,110000
AJD,20140611,1.09,1.09,1.075,1.075,120221
AJL,20140611,0.89,0.9,0.875,0.9,168467
AJQ,20140611,0.165,0.17,0.16,0.17,91000
AKA,20140611,0.072,0.075,0.07,0.075,210684
AKG,20140611,1.1,1.1,1.1,1.1,16819
AKK,20140611,0.011,0.011,0.01,0.011,4488457
AKM,20140611,0.034,0.034,0.034,0.034,10000
AKP,20140611,4.98,4.99,4.98,4.99,1200
ALA,20140611,0.21,0.215,0.2,0.2,909597
ALF,20140611,1.72,1.725,1.72,1.72,217629
ALK,20140611,0.28,0.29,0.265,0.265,377397
ALL,20140611,5.19,5.32,5.17,5.29,1932008
ALQ,20140611,8.57,8.68,8.5,8.58,3768361
ALR,20140611,1.26,1.27,1.26,1.27,16550
ALT,20140611,0.048,0.05,0.048,0.05,580455
ALU,20140611,2.12,2.19,2.1,2.13,49227
ALY,20140611,0.018,0.018,0.018,0.018,300000
ALZ,20140611,4.59,4.595,4.58,4.58,6060973
AMA,20140611,0.23,0.23,0.225,0.225,318251
AMB,20140611,0.115,0.115,0.115,0.115,4889
AMC,20140611,10.58,10.61,10.545,10.56,2643599
AMH,20140611,0.94,0.94,0.915,0.915,84792
AMI,20140611,0.23,0.23,0.22,0.22,325504
AMM,20140611,2.08,2.1,2.07,2.08,459024
AMO,20140611,0.15,0.15,0.15,0.15,5000
AMP,20140611,5.37,5.395,5.32,5.35,6948576
ANB,20140611,0.1,0.1,0.1,0.1,21000
ANG,20140611,1.535,1.665,1.535,1.65,215347
ANI,20140611,2.03,2.03,2.03,2.03,87317
ANN,20140611,19.26,19.36,19.13,19.32,303469
ANP,20140611,0.14,0.145,0.135,0.145,43700
ANQ,20140611,0.007,0.007,0.006,0.007,4430317
ANZ,20140611,33.77,33.9,33.72,33.9,3202095
AOC,20140611,0.125,0.125,0.12,0.12,200000
AOG,20140611,2.04,2.05,2,2.02,509739
AOH,20140611,0.165,0.167,0.16,0.16,417986
AOK,20140611,0.18,0.185,0.18,0.18,1181977
AON,20140611,0.029,0.03,0.029,0.03,96333
AOP,20140611,0.062,0.062,0.061,0.061,150000
APA,20140611,7.05,7.05,6.99,7,3706970
APD,20140611,0.275,0.275,0.275,0.275,5000
APE,20140611,5.52,5.52,5.4,5.4,59883
APG,20140611,0.018,0.019,0.017,0.017,454778
API,20140611,0.55,0.55,0.53,0.54,130174
APN,20140611,0.795,0.81,0.79,0.795,2039023
APP,20140611,0.005,0.005,0.005,0.005,10000
APW,20140611,0.12,0.12,0.117,0.12,1189183
APY,20140611,0.019,0.019,0.018,0.018,3100000
APZ,20140611,1.265,1.29,1.265,1.29,1863837
AQA,20140611,3.44,3.77,3.4,3.61,2492688
AQC,20140611,0.005,0.006,0.005,0.005,5724000
AQD,20140611,0.011,0.011,0.011,0.011,14414
AQG,20140611,2.32,2.33,2.28,2.29,82357
AQO,20140611,0.32,0.32,0.315,0.315,493693
AQP,20140611,0.445,0.45,0.43,0.445,1457057
AQZ,20140611,1.085,1.095,1.085,1.095,4760
ARA,20140611,0.36,0.36,0.36,0.36,19628
ARE,20140611,0.021,0.022,0.021,0.021,1093130
ARF,20140611,1.205,1.205,1.2,1.2,26476
ARG,20140611,7.5,7.56,7.46,7.46,240964
ARH,20140611,0.024,0.025,0.024,0.025,100000
ARI,20140611,0.9,0.91,0.885,0.895,5752199
ARM,20140611,0.047,0.047,0.047,0.047,149255
ARP,20140611,12.11,12.13,11.91,12.02,77942
ARU,20140611,0.056,0.057,0.056,0.057,243454
ASB,20140611,1.2,1.205,1.175,1.2,376216
ASL,20140611,0.89,0.895,0.867,0.885,662209
ASX,20140611,35.4,35.52,35.21,35.43,227709
ASZ,20140611,0.39,0.395,0.39,0.395,25230
ATR,20140611,0.36,0.36,0.36,0.36,48599
ATU,20140611,1.7,1.705,1.69,1.7,114136
ATV,20140611,0.019,0.019,0.019,0.019,42371
AUB,20140611,10.06,10.26,9.95,10.22,52143
AUF,20140611,1.03,1.03,1.03,1.03,129722
AUI,20140611,8.18,8.22,8.18,8.22,10140
AUK,20140611,0.043,0.043,0.043,0.043,46185
AUQ,20140611,0.054,0.054,0.051,0.054,258800
AUZ,20140611,0.005,0.005,0.005,0.005,65881
AVB,20140611,0.09,0.093,0.085,0.085,7714697
AVG,20140611,0.345,0.35,0.34,0.34,46593
AVH,20140611,0.115,0.115,0.11,0.115,401244
AVJ,20140611,0.59,0.595,0.585,0.595,10000
AVK,20140611,0.01,0.01,0.01,0.01,187700
AVQ,20140611,0.019,0.019,0.018,0.018,3046600
AVX,20140611,0.015,0.015,0.015,0.015,701757
AVZ,20140611,0.008,0.008,0.008,0.008,1624000
AWC,20140611,1.43,1.435,1.41,1.42,8293214
AWD,20140611,0.001,0.001,0.001,0.001,1000000
AWE,20140611,1.825,1.86,1.805,1.85,953576
AWN,20140611,0.97,1.05,0.97,1,28611
AXC,20140611,0.004,0.004,0.004,0.004,242068
AXE,20140611,0.155,0.165,0.145,0.145,555266
AXI,20140611,0.04,0.04,0.04,0.04,31776
AXT,20140611,0.012,0.012,0.012,0.012,38000
AYA,20140611,0.3,0.36,0.3,0.36,101500
AYB,20140611,0.037,0.037,0.036,0.036,85135
AYD,20140611,101.53,101.53,101.53,101.53,840
AYG,20140611,0.003,0.003,0.003,0.003,125000
AYH,20140611,100.78,100.78,100.78,100.78,285
AYR,20140611,0.005,0.005,0.005,0.005,25623
AZJ,20140611,4.88,4.88,4.79,4.82,6925640
AZK,20140611,0.018,0.018,0.018,0.018,156280
AZM,20140611,0.036,0.038,0.036,0.036,615587
AZQ,20140611,0.17,0.17,0.17,0.17,45375
AZS,20140611,0.029,0.029,0.025,0.025,827032
AZV,20140611,0.36,0.365,0.355,0.355,71276
AZY,20140611,0.017,0.017,0.015,0.017,342311
AZZ,20140611,0.51,0.51,0.5,0.5,154500
BAB,20140611,0.072,0.072,0.072,0.072,199552
BAP,20140611,2,2.01,1.99,2,456027
BAR,20140611,0.009,0.009,0.008,0.008,58103
BAS,20140611,0.005,0.005,0.005,0.005,3974875
BAU,20140611,0.12,0.12,0.12,0.12,36990
BBG,20140611,0.515,0.52,0.505,0.51,1192724
BBR,20140611,0.595,0.63,0.595,0.595,83377
BBX,20140611,0.012,0.012,0.012,0.012,2000000
BCI,20140611,3.61,3.61,3.5,3.51,804248
BCK,20140611,0.04,0.04,0.04,0.04,71213
BCN,20140611,0.004,0.004,0.004,0.004,545000
BCT,20140611,0.046,0.046,0.046,0.046,88400
BDI,20140611,0.001,0.001,0.001,0.001,2209
BDR,20140611,0.635,0.635,0.61,0.61,4442823
BEAR,20140611,17.95,17.99,17.93,17.93,8728
BEL,20140611,0.14,0.14,0.14,0.14,92562
BEN,20140611,12.02,12.14,12,12.12,1173212
BFE,20140611,0.005,0.005,0.005,0.005,173347
BFG,20140611,0.565,0.57,0.565,0.57,50000
BGA,20140611,5.15,5.15,5.08,5.1,157859
BGL,20140611,0.915,0.92,0.915,0.915,26787
BGS,20140611,0.013,0.013,0.013,0.013,1100000
BHP,20140611,36.25,36.25,35.82,35.94,4719540
BIS,20140611,0.28,0.28,0.28,0.28,32000
BIT,20140611,0.105,0.115,0.105,0.11,499128
BKI,20140611,1.645,1.65,1.645,1.645,209465
BKL,20140611,27.11,27.39,26.9,26.9,4014
BKN,20140611,3.5,3.5,3.41,3.44,537642
BKP,20140611,0.003,0.003,0.003,0.003,2094000
BKW,20140611,13.57,13.6,13.5,13.57,14703
BKY,20140611,0.26,0.26,0.26,0.26,6241
BLA,20140611,2.57,2.57,2.57,2.57,817
BLD,20140611,5.22,5.26,5.17,5.21,2558906
BLG,20140611,0.145,0.145,0.145,0.145,5000
BLR,20140611,0.006,0.006,0.005,0.005,651000
BLT,20140611,1.085,1.14,1.065,1.12,191719
BLX,20140611,1.03,1.05,1.03,1.035,95166
BLY,20140611,0.245,0.245,0.235,0.245,978994
BMB,20140611,0.083,0.083,0.083,0.083,6100
BMG,20140611,0.002,0.003,0.002,0.003,6760542
BML,20140611,0.017,0.017,0.015,0.015,4750394
BMN,20140611,0.075,0.079,0.075,0.079,90142
BMZ,20140611,0.03,0.03,0.03,0.03,99490
BNE,20140611,0.02,0.021,0.02,0.02,3053894
BNO,20140611,0.425,0.45,0.425,0.45,143085
BOA,20140611,0.14,0.14,0.14,0.14,50
BOC,20140611,0.525,0.525,0.52,0.52,3671
BOE,20140611,0.02,0.02,0.019,0.019,1295000
BOL,20140611,0.14,0.145,0.14,0.145,334964
BOQ,20140611,12.32,12.36,12.27,12.35,1234119
BPG,20140611,0.002,0.002,0.002,0.002,611690
BPH,20140611,0.01,0.01,0.009,0.009,210000
BPO,20140611,0.003,0.004,0.003,0.004,2050000
BPT,20140611,1.69,1.705,1.67,1.675,4019316
BRB,20140611,0.1,0.1,0.1,0.1,25000
BRG,20140611,8,8.11,7.98,8.05,187414
BRL,20140611,0.049,0.049,0.046,0.046,588051
BRU,20140611,1.105,1.16,1.1,1.14,1247753
BSA,20140611,0.115,0.115,0.115,0.115,160000
BSE,20140611,0.33,0.33,0.33,0.33,1566
BSL,20140611,5.77,5.77,5.65,5.67,1683307
BSN,20140611,0.01,0.01,0.01,0.01,50300
BSP,20140611,0.02,0.02,0.02,0.02,100000
BTR,20140611,0.165,0.165,0.16,0.165,153827
BTT,20140611,6.77,6.88,6.77,6.84,100390
BUE,20140611,0.005,0.005,0.005,0.005,2400
BUL,20140611,0.048,0.048,0.047,0.048,706455
BUR,20140611,0.018,0.019,0.018,0.019,498613
BUX,20140611,0.305,0.335,0.305,0.31,624199
BUY,20140611,0.012,0.013,0.012,0.012,263600
BWF,20140611,0.245,0.245,0.245,0.245,707
BWP,20140611,2.59,2.59,2.55,2.55,580224
BXB,20140611,9.47,9.53,9.31,9.36,2289201
BXN,20140611,0.024,0.024,0.023,0.023,913900
BYI,20140611,1.46,1.47,1.46,1.47,7047
BYL,20140611,0.4,0.4,0.4,0.4,179062
BYR,20140611,0.013,0.013,0.013,0.013,135000
CAA,20140611,0.13,0.13,0.125,0.125,427976
CAB,20140611,4.06,4.13,4.05,4.1,311712
CAD,20140611,0.004,0.004,0.004,0.004,5543
CAJ,20140611,0.425,0.44,0.425,0.44,2244822
CAM,20140611,0.98,0.995,0.98,0.985,182935
CAP,20140611,0.07,0.07,0.061,0.061,55630
CAY,20140611,0.032,0.032,0.031,0.032,150834
CAZ,20140611,0.063,0.063,0.062,0.062,110550
CBA,20140611,82.3,82.67,82.03,82.2,1642121
CBQ,20140611,0.004,0.004,0.004,0.004,780000
CBX,20140611,0.012,0.012,0.012,0.012,100000
CCF,20140611,0.025,0.025,0.025,0.025,75500
CCJ,20140611,0.037,0.037,0.037,0.037,12500
CCL,20140611,9.35,9.42,9.23,9.26,3309809
CCP,20140611,8.95,9.09,8.9,9,69693
CCV,20140611,1.075,1.075,1.05,1.075,140769
CCZ,20140611,0.004,0.004,0.004,0.004,320000
CDA,20140611,0.74,0.745,0.71,0.71,48790
CDD,20140611,6.37,6.42,6.3,6.4,323867
CDM,20140611,1.465,1.485,1.465,1.465,498101
CDP,20140611,5.81,5.81,5.7,5.81,5106
CDT,20140611,0.012,0.012,0.012,0.012,85000
CDU,20140611,1.635,1.66,1.615,1.625,196310
CDY,20140611,0.025,0.025,0.025,0.025,403990
CEL,20140611,0.078,0.082,0.076,0.081,786600
CFE,20140611,0.081,0.081,0.078,0.079,489311
CFU,20140611,0.014,0.014,0.013,0.013,2827915
CFX,20140611,2.11,2.12,2.1,2.11,4882890
CGF,20140611,7.36,7.44,7.32,7.37,1384396
CGH,20140611,0.39,0.425,0.39,0.4,112213
CGM,20140611,0.002,0.002,0.002,0.002,300000
CGN,20140611,0.082,0.082,0.082,0.082,46345
CGR,20140611,0.245,0.245,0.24,0.24,4081
CGS,20140611,0.25,0.25,0.25,0.25,112500
CHC,20140611,4.36,4.39,4.35,4.38,355882
CHN,20140611,0.135,0.135,0.135,0.135,39394
CHZ,20140611,0.089,0.09,0.089,0.09,241929
CIA,20140611,0.425,0.425,0.42,0.42,20500
CIN,20140611,26.6,26.9,26.6,26.9,580
CIR,20140611,0.225,0.225,0.225,0.225,12800
CIW,20140611,0.825,0.825,0.76,0.79,67847
CIX,20140611,0.37,0.375,0.37,0.375,123238
CKA,20140611,0.135,0.14,0.135,0.14,129747
CKF,20140611,2,2.015,1.99,2,124488
CKL,20140611,0.615,0.62,0.615,0.62,28500
CLA,20140611,0.001,0.001,0.001,0.001,3472954
CLH,20140611,1.85,1.85,1.835,1.835,36099
CLQ,20140611,0.043,0.045,0.043,0.045,140600
CLV,20140611,0.42,0.42,0.41,0.41,20000
CLX,20140611,2.03,2.04,1.945,2,35772
CLY,20140611,0.009,0.009,0.008,0.008,397053
CMC,20140611,0.037,0.037,0.037,0.037,4560
CMG,20140611,0.34,0.34,0.33,0.337,5628744
CMI,20140611,1.62,1.62,1.62,1.62,2000
CMP,20140611,0.115,0.13,0.115,0.13,509424
CMT,20140611,0.13,0.13,0.125,0.125,15539
CMW,20140611,0.995,1,0.99,0.99,2760539
CND,20140611,0.24,0.24,0.24,0.24,21429
CNI,20140611,0.82,0.82,0.82,0.82,32457
CNN,20140611,0.003,0.003,0.003,0.003,3800000
CNQ,20140611,0.105,0.105,0.1,0.1,448843
CNU,20140611,1.555,1.57,1.545,1.565,101466
CNX,20140611,0.017,0.017,0.017,0.017,6372861
COD,20140611,0.05,0.05,0.048,0.048,665240
COE,20140611,0.53,0.53,0.51,0.515,242180
COF,20140611,0.215,0.225,0.215,0.22,64719
COH,20140611,59.04,59.6,58.94,59.26,126427
COI,20140611,0.15,0.16,0.15,0.16,948715
COK,20140611,0.028,0.028,0.028,0.028,509500
COM,20140611,0.028,0.03,0.028,0.03,285000
COO,20140611,0.125,0.125,0.125,0.125,31000
COY,20140611,0.015,0.015,0.015,0.015,470888
COZ,20140611,0.056,0.059,0.056,0.059,18900
CPL,20140611,0.056,0.059,0.053,0.053,687266
CPU,20140611,12.7,12.7,12.52,12.55,775580
CQC,20140611,0.085,0.085,0.081,0.081,290000
CQR,20140611,3.98,4,3.95,3.95,1037395
CRB,20140611,0.028,0.028,0.028,0.028,247500
CRH,20140611,0.435,0.435,0.425,0.43,5192878
CRZ,20140611,10.67,10.69,10.6,10.66,359519
CSD,20140611,0.061,0.061,0.061,0.061,1815
CSE,20140611,0.22,0.225,0.215,0.225,539831
CSL,20140611,69.25,69.45,69.075,69.15,1512108
CSR,20140611,3.35,3.465,3.32,3.46,3488578
CSS,20140611,0.047,0.047,0.045,0.045,3245690
CSV,20140611,0.935,0.95,0.935,0.95,33292
CTD,20140611,6.17,6.17,5.97,6,160593
CTM,20140611,0.091,0.091,0.085,0.088,125682
CTN,20140611,1.02,1.02,1.015,1.015,37835
CTO,20140611,0.028,0.028,0.024,0.024,2517088
CTP,20140611,0.37,0.37,0.365,0.365,80199
CTR,20140611,0.013,0.014,0.013,0.014,2872200
CTT,20140611,0.012,0.012,0.012,0.012,10000
CTX,20140611,22.14,22.35,21.89,22.23,374260
CTY,20140611,12,12,12,12,200
CUE,20140611,0.12,0.12,0.115,0.115,40500
CUG,20140611,0.03,0.03,0.03,0.03,6429
CUL,20140611,0.014,0.016,0.014,0.016,449000
CUP,20140611,1.765,1.77,1.75,1.75,67200
CUV,20140611,1.625,1.7,1.625,1.7,10726
CUX,20140611,0.012,0.012,0.012,0.012,150000
CVC,20140611,1.26,1.3,1.26,1.3,70000
CVN,20140611,0.089,0.089,0.087,0.088,518696
CVO,20140611,2.18,2.21,2.09,2.15,1878370
CVV,20140611,0.012,0.013,0.012,0.013,708000
CVW,20140611,0.8,0.8,0.78,0.78,43829
CWE,20140611,0.05,0.05,0.049,0.05,260000
CWN,20140611,15.45,15.56,15.3,15.35,2204604
CWP,20140611,7.16,7.2,7.05,7.2,26646
CXB,20140611,0.04,0.04,0.04,0.04,25000
CXM,20140611,0.105,0.105,0.105,0.105,6143
CXO,20140611,0.052,0.054,0.049,0.049,395658
CXU,20140611,0.245,0.305,0.245,0.305,1505702
CYA,20140611,0.89,0.89,0.89,0.89,20000
CYG,20140611,2.76,2.76,2.71,2.73,8869
CYL,20140611,0.33,0.33,0.33,0.33,1500
CYP,20140611,0.445,0.46,0.44,0.46,201444
CYU,20140611,0.027,0.028,0.027,0.028,240000
CZA,20140611,0.064,0.064,0.064,0.064,5200
CZD,20140611,0.12,0.12,0.115,0.12,230000
CZI,20140611,0.165,0.17,0.165,0.165,70600
CZN,20140611,0.006,0.006,0.006,0.006,138372
CZZ,20140611,5.7,5.75,5.7,5.7,9375
DAU,20140611,0.023,0.023,0.02,0.02,130000
DCG,20140611,1.82,1.82,1.765,1.795,677315
DCN,20140611,0.265,0.265,0.265,0.265,10000
DDD,20140611,0.016,0.016,0.016,0.016,140000
DDR,20140611,1.615,1.65,1.6,1.65,38609
DDT,20140611,0.023,0.023,0.023,0.023,233680
DEG,20140611,0.001,0.001,0.001,0.001,210000
DGX,20140611,0.04,0.044,0.04,0.042,4037808
DIG,20140611,0.019,0.019,0.019,0.019,413460
DIV,20140611,20.7,20.7,20.7,20.7,2330
DJS,20140611,3.84,3.91,3.83,3.9,1681409
DJW,20140611,4.71,4.73,4.67,4.68,138672
DLC,20140611,0.006,0.006,0.006,0.006,2000
DLS,20140611,1.495,1.507,1.467,1.475,1149090
DLX,20140611,5.48,5.54,5.48,5.53,882909
DME,20140611,0.26,0.26,0.26,0.26,10000
DML,20140611,0.028,0.032,0.028,0.03,2671539
DMP,20140611,20.09,20.48,19.94,20.25,119180
DNA,20140611,0.94,0.957,0.93,0.945,912231
DOW,20140611,4.81,4.91,4.62,4.7,5087687
DRK,20140611,0.025,0.025,0.024,0.024,758095
DRM,20140611,0.78,0.79,0.775,0.785,165208
DRX,20140611,0.011,0.011,0.011,0.011,120280
DSH,20140611,1.93,1.93,1.87,1.88,528189
DSX,20140611,0.26,0.275,0.26,0.275,220340
DTE,20140611,0.18,0.182,0.18,0.18,662228
DTL,20140611,0.68,0.68,0.675,0.675,71016
DTM,20140611,0.022,0.022,0.022,0.022,64195
DUE,20140611,2.43,2.46,2.43,2.44,4383277
DUI,20140611,3.62,3.62,3.61,3.61,12490
DVI,20140611,0.015,0.017,0.015,0.016,2280000
DVL,20140611,0.44,0.44,0.44,0.44,933
DVN,20140611,0.865,0.88,0.855,0.88,81641
DWS,20140611,1.21,1.23,1.2,1.23,69239
DXS,20140611,1.16,1.16,1.15,1.15,17149551
DYE,20140611,0.245,0.25,0.24,0.245,277997
DYL,20140611,0.018,0.02,0.018,0.018,689270
EAL,20140611,0.585,0.585,0.585,0.585,10000
EAR,20140611,0.115,0.115,0.11,0.11,13000
EAX,20140611,3.23,3.23,3.17,3.18,4534
EBT,20140611,3.57,3.6,3.53,3.6,13266
EDE,20140611,0.015,0.015,0.015,0.015,359000
EEG,20140611,0.087,0.087,0.087,0.087,111024
EEU,20140611,14.27,14.27,14.24,14.24,801
EGG,20140611,1.02,1.04,1.02,1.04,82737
EGN,20140611,0.15,0.15,0.15,0.15,5510
EGO,20140611,0.007,0.007,0.007,0.007,2409256
EGP,20140611,2.68,2.715,2.655,2.69,1663251
EHL,20140611,0.2,0.215,0.2,0.205,1969425
ELD,20140611,0.145,0.147,0.14,0.145,1042359
ELK,20140611,0.105,0.105,0.105,0.105,100000
ELM,20140611,0.27,0.275,0.265,0.275,129851
EMA,20140611,0.056,0.057,0.056,0.057,38334
EME,20140611,0.135,0.135,0.135,0.135,10000
EMF,20140611,1.64,1.65,1.64,1.65,7940
EML,20140611,0.64,0.64,0.615,0.615,84958
ENB,20140611,0.012,0.012,0.012,0.012,20000
ENE,20140611,5.19,5.19,5.19,5.19,970
ENR,20140611,0.18,0.18,0.18,0.18,30000
ENT,20140611,0.058,0.058,0.048,0.049,2383156
ENV,20140611,1.365,1.37,1.365,1.37,4274145
EOL,20140611,0.42,0.445,0.42,0.445,20000
EOS,20140611,0.42,0.42,0.42,0.42,17095
EPA,20140611,0.028,0.028,0.022,0.027,609055
EPD,20140611,0.575,0.6,0.575,0.6,36519
EPW,20140611,1.83,1.83,1.76,1.81,424913
EPX,20140611,1.105,1.125,1.1,1.11,135420
EQE,20140611,0.01,0.012,0.009,0.012,120000
EQT,20140611,20.5,20.99,20.46,20.5,12079
EQX,20140611,0.39,0.39,0.39,0.39,513514
ERA,20140611,1.265,1.3,1.265,1.295,206042
ERD,20140611,0.029,0.029,0.029,0.029,190992
ERM,20140611,0.036,0.036,0.036,0.036,400000
ESI,20140611,0.003,0.003,0.003,0.003,508000
ESN,20140611,0.002,0.002,0.001,0.001,4000
ESV,20140611,0.86,0.86,0.85,0.85,1233150
ETE,20140611,0.032,0.033,0.031,0.033,659313
EVE,20140611,0.003,0.003,0.003,0.003,20000
EVM,20140611,0.07,0.072,0.07,0.072,208800
EVN,20140611,0.825,0.825,0.81,0.81,635533
EVR,20140611,0.72,0.73,0.72,0.725,104808
EWC,20140611,0.28,0.285,0.28,0.28,186962
EXE,20140611,0.015,0.015,0.014,0.014,811138
EXM,20140611,0.009,0.009,0.009,0.009,202000
EXR,20140611,0.005,0.005,0.005,0.005,272222
EZA,20140611,0.066,0.066,0.066,0.066,1100
EZL,20140611,1.32,1.32,1.31,1.31,24142
FAR,20140611,0.041,0.041,0.04,0.04,18470477
FBU,20140611,8.32,8.36,8.23,8.29,944519
FCN,20140611,0.013,0.013,0.013,0.013,14065
FCR,20140611,0.02,0.02,0.018,0.018,313626
FDC,20140611,2.54,2.56,2.52,2.56,6438712
FEO,20140611,0.075,0.075,0.075,0.075,260000
FFI,20140611,3.67,3.67,3.67,3.67,15000
FIE,20140611,0.023,0.023,0.023,0.023,25000
FLN,20140611,0.93,0.95,0.93,0.93,37563
FLT,20140611,45.32,46.87,44.82,46.43,1139398
FMG,20140611,4.55,4.59,4.52,4.54,11329953
FML,20140611,0.012,0.012,0.012,0.012,306222
FMS,20140611,0.016,0.017,0.016,0.016,6429602
FND,20140611,0.155,0.155,0.155,0.155,125000
FNP,20140611,2.81,2.85,2.79,2.8,67487
FNT,20140611,0.016,0.025,0.016,0.023,21384933
FOY,20140611,0.002,0.002,0.002,0.002,516016
FPH,20140611,4.24,4.32,4.24,4.32,33359
FPS,20140611,1.725,1.725,1.725,1.725,4650
FRI,20140611,1.69,1.69,1.67,1.675,25212
FRY,20140611,0.02,0.02,0.02,0.02,100000
FSA,20140611,1.155,1.155,1.14,1.155,31877
FSE,20140611,0.006,0.006,0.006,0.006,434312
FSF,20140611,5.45,5.45,5.37,5.37,14341
FTH,20140611,0.9,0.95,0.9,0.95,1093000
FTZ,20140611,0.58,0.66,0.58,0.63,102327
FUN,20140611,0.062,0.062,0.06,0.061,1067969
FWD,20140611,2.29,2.32,2.27,2.32,68166
FWL,20140611,0.018,0.018,0.018,0.018,30000
FXJ,20140611,0.97,0.97,0.917,0.925,18670520
FXL,20140611,3.39,3.455,3.33,3.42,734699
FXR,20140611,0.013,0.013,0.013,0.013,199500
FYI,20140611,0.05,0.05,0.05,0.05,10000
GAP,20140611,0.24,0.24,0.235,0.235,262029
GBA,20140611,0.032,0.032,0.032,0.032,50000
GBG,20140611,0.066,0.068,0.065,0.067,2204100
GBI,20140611,0.21,0.23,0.21,0.23,329237
GBM,20140611,0.01,0.01,0.01,0.01,50000
GBT,20140611,3.27,3.27,3.19,3.25,2026
GBX,20140611,0.003,0.003,0.003,0.003,60000
GBZ,20140611,0.02,0.02,0.02,0.02,66667
GCN,20140611,0.013,0.013,0.013,0.013,1022000
GCR,20140611,0.004,0.005,0.004,0.005,288010
GCS,20140611,0.49,0.49,0.49,0.49,3628
GCY,20140611,0.12,0.12,0.12,0.12,9701
GDI,20140611,0.94,0.95,0.94,0.95,263493
GDY,20140611,0.048,0.05,0.048,0.05,350512
GED,20140611,0.011,0.011,0.011,0.011,150000
GEM,20140611,4.6,4.63,4.56,4.62,661836
GER,20140611,0.074,0.075,0.072,0.075,294045
GFF,20140611,0.68,0.68,0.675,0.68,7327695
GFL,20140611,1.275,1.275,1.27,1.27,43780
GGE,20140611,0.01,0.01,0.01,0.01,100000
GGG,20140611,0.14,0.145,0.13,0.13,729916
GGX,20140611,0.016,0.016,0.013,0.013,4860280
GHC,20140611,1.31,1.325,1.31,1.32,63768
GID,20140611,0.595,0.595,0.57,0.57,217395
GJT,20140611,1.54,1.55,1.54,1.55,48535
GLB,20140611,0.415,0.415,0.415,0.415,5000
GLH,20140611,0.6,0.6,0.6,0.6,39550
GLL,20140611,0.14,0.14,0.14,0.14,5303
GMA,20140611,3.06,3.08,3.05,3.07,484100
GMC,20140611,0.002,0.002,0.002,0.002,36773
GMD,20140611,0.018,0.019,0.018,0.019,361610
GMG,20140611,5.14,5.19,5.13,5.19,3890685
GML,20140611,0.065,0.065,0.06,0.06,159243
GMR,20140611,0.008,0.008,0.008,0.008,19000
GMX,20140611,0.013,0.013,0.013,0.013,39200
GMY,20140611,0.98,1,0.98,0.99,186573
GNC,20140611,8.4,8.44,8.26,8.3,760065
GNE,20140611,1.63,1.63,1.615,1.63,13784
GNG,20140611,0.63,0.66,0.63,0.66,34985
GOLD,20140611,128.82,129.58,128.82,129.22,3280
GOR,20140611,0.175,0.195,0.172,0.195,2592221
GOW,20140611,2.63,2.63,2.63,2.63,2250
GOZ,20140611,2.51,2.55,2.5,2.52,214916
GPH,20140611,0.03,0.03,0.027,0.027,105000
GPR,20140611,0.073,0.073,0.073,0.073,10000
GPT,20140611,3.93,3.955,3.91,3.93,4578848
GRB,20140611,0.17,0.17,0.165,0.17,94282
GRF,20140611,1.63,1.63,1.63,1.63,185000
GRK,20140611,0.001,0.001,0.001,0.001,996666
GRM,20140611,0.074,0.077,0.072,0.077,152862
GRR,20140611,0.175,0.18,0.172,0.18,798577
GRV,20140611,0.079,0.08,0.079,0.08,65417
GRY,20140611,0.145,0.145,0.14,0.145,155789
GSE,20140611,0.002,0.002,0.002,0.002,10002
GSZ,20140611,0.017,0.017,0.016,0.016,470167
GTE,20140611,0.025,0.025,0.024,0.024,317666
GTG,20140611,0.04,0.04,0.04,0.04,464000
GUD,20140611,5.81,5.9,5.76,5.9,441530
GUF,20140611,0.061,0.065,0.061,0.065,3563014
GUL,20140611,0.019,0.019,0.018,0.018,100000
GUN,20140611,0.014,0.015,0.014,0.014,97000
GWA,20140611,2.57,2.6,2.53,2.59,1078247
GWR,20140611,0.145,0.145,0.145,0.145,30000
GXL,20140611,9.01,9.11,8.91,8.95,144234
GXY,20140611,0.058,0.059,0.058,0.058,1031571
HAO,20140611,0.18,0.18,0.18,0.18,4142
HAR,20140611,0.05,0.05,0.045,0.045,185000
HAS,20140611,0.043,0.043,0.043,0.043,80000
HAV,20140611,0.17,0.17,0.17,0.17,125000
HAW,20140611,0.025,0.025,0.023,0.023,95375
HAZ,20140611,0.033,0.033,0.032,0.033,831579
HCH,20140611,0.215,0.215,0.21,0.21,49645
HCT,20140611,0.045,0.045,0.045,0.045,775784
HDG,20140611,0.014,0.014,0.014,0.014,50000
HDX,20140611,0.205,0.205,0.2,0.2,4000
HEG,20140611,0.004,0.004,0.004,0.004,80000
HFA,20140611,0.96,0.985,0.96,0.965,24040
HGG,20140611,4.51,4.55,4.47,4.54,1995423
HGO,20140611,0.076,0.076,0.073,0.073,540396
HHL,20140611,1.95,1.95,1.94,1.95,5850
HHV,20140611,1.025,1.03,1.02,1.02,112347
HHY,20140611,0.345,0.345,0.335,0.335,207999
HIG,20140611,0.056,0.057,0.056,0.056,422758
HIL,20140611,1.615,1.635,1.59,1.63,266692
HLX,20140611,0.026,0.027,0.026,0.027,85333
HMX,20140611,0.11,0.11,0.11,0.11,21400
HNG,20140611,0.59,0.59,0.59,0.59,43000
HNR,20140611,0.004,0.004,0.004,0.004,3000
HOG,20140611,0.016,0.016,0.016,0.016,33000
HOM,20140611,0.77,0.77,0.77,0.77,5263
HOR,20140611,0.019,0.021,0.019,0.021,274000
HPI,20140611,2.1,2.11,2.08,2.1,27478
HPR,20140611,0.18,0.18,0.18,0.18,31427
HRL,20140611,0.006,0.006,0.006,0.006,375000
HRR,20140611,0.12,0.12,0.12,0.12,33333
HSK,20140611,0.1,0.1,0.1,0.1,30000
HSN,20140611,1.295,1.325,1.28,1.325,78356
HUB,20140611,0.85,0.85,0.85,0.85,149850
HVN,20140611,3.01,3.02,3,3.01,1565363
HZN,20140611,0.375,0.385,0.375,0.385,1922763
IAA,20140611,52.37,52.37,51.8,52.06,10443
IAF,20140611,103,103,102.75,102.79,3280
IAG,20140611,5.86,5.89,5.85,5.88,3286127
IAU,20140611,0.265,0.27,0.26,0.26,559753
IBC,20140611,0.54,0.54,0.54,0.54,3000
IBG,20140611,0.05,0.05,0.049,0.049,55120
IBK,20140611,42.01,42.01,41.66,41.66,348
IBY,20140611,0.335,0.34,0.33,0.34,357889
ICG,20140611,0.019,0.02,0.018,0.018,3147000
ICN,20140611,0.13,0.132,0.13,0.13,232956
ICP,20140611,0.05,0.05,0.05,0.05,110000
ICQ,20140611,1.32,1.34,1.29,1.34,50616
ICT,20140611,0.17,0.17,0.155,0.155,104793
ICX,20140611,0.049,0.049,0.049,0.049,10000
IDC,20140611,0.038,0.038,0.036,0.036,1087647
IDO,20140611,0.069,0.069,0.064,0.067,385297
IDR,20140611,2.03,2.04,2.01,2.02,216254
IEC,20140611,0.037,0.037,0.037,0.037,40000
IEM,20140611,47,47.19,46.72,46.85,19530
IEU,20140611,54.18,54.18,53.61,53.83,80109
IFE,20140611,0.092,0.092,0.09,0.09,28500
IFL,20140611,8.5,8.55,8.48,8.49,740140
IFM,20140611,0.745,0.745,0.735,0.745,658504
IFN,20140611,0.19,0.195,0.19,0.19,203193
IGB,20140611,101.26,101.26,101.2,101.2,491
IGO,20140611,4.16,4.25,4.14,4.21,455927
IGS,20140611,0.002,0.002,0.001,0.001,1350000
IHD,20140611,16.9,16.9,16.78,16.79,8748
IHK,20140611,22.5,22.5,22.5,22.5,1000
IIN,20140611,7.23,7.32,7.04,7.24,749520
IJH,20140611,150.4,150.5,150.4,150.5,200
IJP,20140611,12.54,12.57,12.53,12.57,73952
IJR,20140611,118.66,118.66,118.13,118.13,49
IKO,20140611,70.31,70.36,70.3,70.3,245
IKW,20140611,0.012,0.012,0.012,0.012,100000
ILB,20140611,105.66,105.66,105.61,105.61,425
ILC,20140611,25.3,25.3,25.15,25.16,10082
ILU,20140611,8.51,8.55,8.33,8.45,1310787
IMA,20140611,0.17,0.175,0.165,0.175,402257
IMC,20140611,0.005,0.005,0.005,0.005,3679999
IMD,20140611,0.67,0.68,0.66,0.67,82517
IMF,20140611,1.96,1.965,1.94,1.95,149468
IMI,20140611,0.001,0.001,0.001,0.001,20000
IMU,20140611,0.012,0.012,0.012,0.012,1764000
INA,20140611,0.475,0.49,0.475,0.49,1344416
IOF,20140611,3.38,3.4,3.355,3.38,2024358
IOG,20140611,0.05,0.05,0.05,0.05,40000
IOH,20140611,0.875,0.875,0.86,0.865,111567
IOO,20140611,86.55,86.6,86.02,86.24,16695
IOZ,20140611,23.77,23.77,23.63,23.65,44906
IPB,20140611,0.265,0.265,0.26,0.26,81560
IPD,20140611,0.19,0.19,0.18,0.185,45973
IPE,20140611,0.495,0.5,0.495,0.495,129000
IPL,20140611,2.73,2.78,2.71,2.78,5401852
IPP,20140611,2.83,2.87,2.72,2.79,425931
IQE,20140611,2.39,2.39,2.37,2.37,48000
IRD,20140611,0.36,0.36,0.36,0.36,27250
IRE,20140611,8.27,8.36,8.25,8.29,410757
IRI,20140611,1.04,1.065,1.04,1.04,56728
IRL,20140611,0.006,0.006,0.006,0.006,84864
IRN,20140611,0.18,0.18,0.17,0.17,529315
IRU,20140611,124.42,124.42,124.22,124.22,61
ISD,20140611,2.32,2.33,2.31,2.33,1695506
ISG,20140611,14.82,14.82,14.82,14.82,7
ISN,20140611,0.21,0.22,0.205,0.21,1055992
ISO,20140611,3.88,3.88,3.85,3.87,99152
ISU,20140611,1.185,1.185,1.165,1.17,73412
ITD,20140611,0.21,0.21,0.21,0.21,10000
ITT,20140611,0.01,0.01,0.01,0.01,1000000
ITW,20140611,16.36,16.36,16.36,16.36,8
IVC,20140611,10.09,10.11,9.97,10.05,341810
IVE,20140611,75.08,75.08,74.5,74.76,2848
IVV,20140611,210.57,210.57,209.52,209.75,28055
IVX,20140611,0.068,0.068,0.067,0.067,378832
IXI,20140611,97.66,97.66,97.19,97.5,2094
IXJ,20140611,100.04,100.49,99.85,100,3507
IXR,20140611,0.043,0.043,0.042,0.042,512800
IZZ,20140611,40.2,40.25,40.08,40.24,5772
JAL,20140611,0.16,0.16,0.15,0.155,57000
JBH,20140611,17.74,17.85,17.62,17.75,670281
JCS,20140611,0.048,0.052,0.046,0.052,850148
JHC,20140611,2.72,2.73,2.62,2.7,455491
JHX,20140611,14.19,14.23,14.07,14.12,939579
JIN,20140611,1.31,1.415,1.31,1.31,52716
JKA,20140611,0.046,0.046,0.046,0.046,634870
JPR,20140611,0.38,0.38,0.38,0.38,35000
JRV,20140611,0.031,0.031,0.027,0.03,76886
KAM,20140611,0.71,0.725,0.69,0.69,82508
KAR,20140611,3.43,3.46,3.26,3.34,1484557
KAS,20140611,0.084,0.088,0.083,0.088,97363
KBL,20140611,0.04,0.04,0.04,0.04,20000
KCN,20140611,0.815,0.835,0.755,0.76,1635854
KDL,20140611,0.18,0.185,0.175,0.18,246457
KDR,20140611,0.059,0.067,0.059,0.067,599684
KEY,20140611,0.012,0.014,0.012,0.013,889990
KGD,20140611,0.08,0.08,0.08,0.08,30250
KGL,20140611,0.097,0.1,0.097,0.1,232295
KGM,20140611,0.01,0.01,0.009,0.01,563884
KIK,20140611,0.01,0.01,0.01,0.01,1660
KIN,20140611,0.17,0.17,0.17,0.17,5950
KIS,20140611,0.16,0.16,0.16,0.16,3875
KKL,20140611,0.002,0.002,0.002,0.002,2087949
KKO,20140611,0.09,0.09,0.085,0.085,135000
KKT,20140611,0.12,0.13,0.12,0.13,410925
KMD,20140611,3.05,3.16,3.02,3.15,1039638
KNL,20140611,0.145,0.145,0.14,0.145,2447806
KOV,20140611,5.95,5.95,5.66,5.8,23342
KPC,20140611,0.245,0.245,0.245,0.245,200000
KPR,20140611,0.021,0.021,0.02,0.02,318334
KRC,20140611,0.125,0.125,0.12,0.125,193059
KRL,20140611,0.009,0.009,0.009,0.009,70500
KRM,20140611,0.45,0.45,0.44,0.45,96602
KRS,20140611,0.205,0.205,0.205,0.205,165475
KSC,20140611,1.29,1.29,1.27,1.27,25000
KSN,20140611,0.014,0.014,0.014,0.014,263
KTA,20140611,0.16,0.16,0.16,0.16,12219
KTE,20140611,0.008,0.009,0.008,0.009,2492012
LAT,20140611,0.072,0.072,0.07,0.07,303011
LAU,20140611,0.325,0.33,0.325,0.33,64250
LBL,20140611,0.087,0.089,0.087,0.089,162582
LBT,20140611,0.16,0.16,0.16,0.16,65800
LBY,20140611,0.016,0.017,0.016,0.017,105000
LCM,20140611,0.86,0.86,0.86,0.86,37600
LCR,20140611,0.008,0.008,0.007,0.007,1722500
LCT,20140611,0.057,0.058,0.057,0.058,90922
LEI,20140611,20.21,20.24,19.61,19.81,704725
LEP,20140611,3,3,2.95,2.95,131184
LER,20140611,0.045,0.05,0.045,0.05,5922
LGO,20140611,0.002,0.002,0.002,0.002,205000
LHC,20140611,2.3,2.34,2.27,2.34,33726
LIC,20140611,1.515,1.52,1.435,1.435,25253
LIN,20140611,0.007,0.007,0.005,0.005,2025354
LKO,20140611,0.003,0.003,0.003,0.003,1585209
LLC,20140611,13.48,13.49,13.38,13.45,762322
LLO,20140611,0.32,0.35,0.32,0.35,26500
LMB,20140611,0.765,0.775,0.72,0.725,695788
LML,20140611,0.053,0.053,0.048,0.048,294000
LMW,20140611,0.44,0.44,0.44,0.44,5000
LNG,20140611,1.2,1.38,1.17,1.33,12950086
LNR,20140611,0.4,0.4,0.385,0.385,2107754
LNY,20140611,0.001,0.001,0.001,0.001,955
LOM,20140611,0.245,0.245,0.24,0.24,375749
LRL,20140611,0.012,0.012,0.01,0.01,530000
LRS,20140611,0.036,0.036,0.034,0.034,113284
LSA,20140611,0.084,0.084,0.082,0.082,261000
LSR,20140611,0.007,0.007,0.007,0.007,5423
LSX,20140611,0.38,0.38,0.375,0.38,67515
LTN,20140611,0.067,0.067,0.067,0.067,10000
LTR,20140611,0.031,0.032,0.031,0.032,359592
LYC,20140611,0.14,0.145,0.135,0.14,13506181
LYL,20140611,2.33,2.39,2.31,2.31,67189
MAD,20140611,0.205,0.22,0.202,0.215,1629161
MAH,20140611,0.107,0.107,0.105,0.105,466616
MAK,20140611,0.08,0.08,0.08,0.08,198259
MAQ,20140611,7.16,7.16,7,7,16625
MAR,20140611,0.007,0.007,0.007,0.007,262023
MAT,20140611,0.305,0.325,0.3,0.305,801256
MBC,20140611,0.14,0.14,0.12,0.12,20000
MBD,20140611,0.02,0.02,0.02,0.02,60000
MBE,20140611,0.19,0.205,0.19,0.2,4735483
MBK,20140611,0.02,0.02,0.02,0.02,400000
MCE,20140611,1.37,1.38,1.31,1.38,43641
MCH,20140611,0.13,0.13,0.13,0.13,9154
MCP,20140611,1.14,1.14,1.12,1.14,143121
MCR,20140611,0.925,0.95,0.915,0.935,237228
MCS,20140611,0.5,0.5,0.47,0.48,57160
MCX,20140611,0.028,0.028,0.028,0.028,2609
MDG,20140611,0.2,0.2,0.19,0.19,48947
MDL,20140611,1.65,1.65,1.485,1.575,1490888
MDO,20140611,0.016,0.017,0.016,0.017,125444
MDX,20140611,0.086,0.09,0.086,0.09,221627
MED,20140611,0.071,0.075,0.071,0.075,13378
MEL,20140611,0.05,0.05,0.049,0.049,382941
MEO,20140611,0.024,0.025,0.024,0.025,559522
MEP,20140611,0.105,0.12,0.105,0.12,480431
MEU,20140611,0.015,0.015,0.015,0.015,53700
MEY,20140611,0.002,0.002,0.002,0.002,1800000
MFF,20140611,1.48,1.485,1.47,1.485,316647
MFG,20140611,11.66,11.75,11.525,11.59,493141
MGL,20140611,0.029,0.029,0.029,0.029,32808
MGR,20140611,1.82,1.847,1.82,1.835,7248683
MGX,20140611,0.75,0.755,0.735,0.75,2151466
MGY,20140611,0.014,0.014,0.014,0.014,30000
MGZ,20140611,0.022,0.022,0.022,0.022,31106
MHC,20140611,0.045,0.045,0.045,0.045,5200
MHM,20140611,0.015,0.015,0.012,0.014,201625
MIN,20140611,10.27,10.28,9.96,10.14,899261
MIR,20140611,2.68,2.7,2.64,2.7,18524
MIX,20140611,0.17,0.17,0.165,0.165,1249812
MIZ,20140611,0.004,0.004,0.003,0.004,1537500
MKB,20140611,0.215,0.215,0.21,0.21,477922
MLA,20140611,0.145,0.16,0.145,0.145,47939
MLB,20140611,1.78,1.82,1.775,1.82,118225
MLD,20140611,1.85,1.85,1.8,1.845,209975
MLI,20140611,0.054,0.054,0.054,0.054,1
MLS,20140611,0.006,0.006,0.005,0.005,500308
MLT,20140611,4.45,4.45,4.41,4.45,67433
MLX,20140611,0.25,0.27,0.25,0.265,1477240
MMC,20140611,0.014,0.014,0.014,0.014,30000
MML,20140611,1.695,1.7,1.65,1.655,544386
MMR,20140611,0.045,0.045,0.045,0.045,6389
MMS,20140611,9.28,9.7,9.28,9.58,474975
MMX,20140611,0.045,0.045,0.045,0.045,113300
MNC,20140611,0.02,0.02,0.018,0.019,2565596
MND,20140611,16.6,16.6,16,16.14,502373
MNE,20140611,0.02,0.021,0.02,0.021,1941000
MNF,20140611,2.53,2.56,2.47,2.48,52253
MNM,20140611,0.023,0.023,0.02,0.02,200000
MNW,20140611,0.225,0.225,0.215,0.215,1081172
MNY,20140611,1.11,1.11,1.08,1.08,25699
MNZ,20140611,1.61,1.68,1.61,1.62,31522
MOC,20140611,2.75,2.75,2.7,2.74,28923
MOD,20140611,0.009,0.009,0.009,0.009,319073
MOO,20140611,0.005,0.005,0.004,0.004,350000
MOT,20140611,0.001,0.001,0.001,0.001,1000000
MOY,20140611,0.093,0.093,0.093,0.093,28079
MOZ,20140611,0.012,0.012,0.012,0.012,3151837
MPE,20140611,0.008,0.008,0.008,0.008,204902
MPJ,20140611,0.007,0.007,0.006,0.006,5573994
MPO,20140611,0.17,0.175,0.17,0.17,335838
MQA,20140611,3.2,3.26,3.2,3.22,731159
MQG,20140611,60.25,60.71,60.22,60.68,628261
MRF,20140611,0.098,0.105,0.095,0.095,2801179
MRM,20140611,2.15,2.15,2.1,2.13,1618221
MRP,20140611,0.145,0.145,0.14,0.14,41178
MRQ,20140611,0.1,0.125,0.1,0.1,87500
MRV,20140611,0.004,0.004,0.004,0.004,250000
MRY,20140611,0.008,0.008,0.008,0.008,1000
MSB,20140611,4.45,4.5,4.44,4.46,139407
MSR,20140611,0.036,0.036,0.036,0.036,94831
MSV,20140611,0.04,0.04,0.036,0.036,360000
MTE,20140611,0.024,0.024,0.024,0.024,308333
MTH,20140611,0.011,0.011,0.01,0.01,210000
MTS,20140611,2.91,2.96,2.9,2.96,3909294
MTU,20140611,6,6.025,5.97,6,385111
MUE,20140611,0.03,0.03,0.03,0.03,93000
MUM,20140611,0.003,0.003,0.003,0.003,35000
MUX,20140611,0.058,0.058,0.058,0.058,60625
MVA,20140611,16.05,16.05,16.05,16.05,620
MVB,20140611,27.37,27.42,27.36,27.42,25835
MVP,20140611,1.21,1.21,1.21,1.21,2500
MVT,20140611,0.135,0.135,0.135,0.135,174573
MVW,20140611,20.31,20.31,20.31,20.31,225
MWS,20140611,0.004,0.004,0.004,0.004,853000
MXI,20140611,0.91,0.92,0.895,0.895,63960
MXR,20140611,0.003,0.003,0.003,0.003,50000
MYA,20140611,0.16,0.165,0.155,0.16,179531
MYE,20140611,0.395,0.41,0.385,0.4,1770958
MYG,20140611,0.022,0.022,0.022,0.022,939625
MYR,20140611,2.02,2.025,1.982,2,5835604
MYS,20140611,4.65,4.7,4.65,4.7,76933
MYT,20140611,2.06,2.07,2.05,2.07,4549
MYX,20140611,0.88,0.9,0.872,0.885,1808814
MZI,20140611,0.009,0.009,0.008,0.008,1429600
MZM,20140611,0.095,0.095,0.095,0.095,22188
NAB,20140611,33.55,33.79,33.51,33.63,2620678
NAG,20140611,0.03,0.03,0.03,0.03,50000
NAM,20140611,0.31,0.315,0.305,0.315,178893
NAN,20140611,0.79,0.82,0.79,0.795,3585133
NBL,20140611,0.5,0.5,0.49,0.49,55974
NCC,20140611,1.04,1.04,1.04,1.04,24803
NCK,20140611,2.45,2.53,2.45,2.53,16132
NCM,20140611,9.73,9.81,9.695,9.8,2224627
NCR,20140611,0.017,0.017,0.015,0.015,1937491
NDO,20140611,0.034,0.035,0.033,0.033,1772747
NEA,20140611,0.56,0.56,0.535,0.545,838492
NEC,20140611,2.04,2.06,2.03,2.05,2587315
NEN,20140611,0.014,0.016,0.014,0.016,565397
NEU,20140611,0.082,0.085,0.082,0.083,724757
NFE,20140611,0.13,0.13,0.125,0.125,333815
NGE,20140611,0.012,0.012,0.012,0.012,730000
NGF,20140611,0.115,0.115,0.115,0.115,27680
NGY,20140611,0.018,0.018,0.011,0.011,200160
NHC,20140611,2.67,2.72,2.66,2.7,138108
NHF,20140611,3.24,3.3,3.24,3.27,213529
NHH,20140611,0.775,0.775,0.775,0.775,2000
NHO,20140611,0.007,0.007,0.007,0.007,500000
NIU,20140611,0.004,0.004,0.004,0.004,188084
NKP,20140611,0.075,0.075,0.072,0.072,216250
NLS,20140611,0.003,0.003,0.003,0.003,500000
NMI,20140611,0.034,0.034,0.034,0.034,74324
NML,20140611,0.072,0.072,0.07,0.07,56277
NNW,20140611,0.485,0.52,0.475,0.475,1287049
NOD,20140611,0.045,0.045,0.045,0.045,64175
NPX,20140611,2.91,2.91,2.9,2.9,5485
NRR,20140611,0.022,0.022,0.022,0.022,5500
NRT,20140611,0.16,0.16,0.155,0.16,114650
NRU,20140611,0.002,0.002,0.002,0.002,200000
NSE,20140611,0.15,0.165,0.15,0.16,1613991
NSR,20140611,1.31,1.32,1.28,1.32,318953
NST,20140611,1.18,1.2,1.17,1.19,2741837
NTC,20140611,0.74,0.74,0.71,0.71,376142
NTL,20140611,0.008,0.008,0.008,0.008,187000
NTU,20140611,0.18,0.19,0.18,0.19,150000
NUF,20140611,4.41,4.42,4.38,4.4,353425
NVG,20140611,0.003,0.003,0.003,0.003,596003
NVT,20140611,7.27,7.42,7.26,7.38,1527847
NWE,20140611,0.01,0.01,0.009,0.009,200
NWH,20140611,1.045,1.067,1.02,1.03,1944493
NWS,20140611,18.22,18.28,18.18,18.2,26373
NWT,20140611,0.3,0.31,0.295,0.3,1511890
NXM,20140611,0.049,0.049,0.049,0.049,10000
NXR,20140611,0.027,0.028,0.027,0.027,1008718
NXS,20140611,0.011,0.015,0.011,0.013,18833200
NXT,20140611,1.825,1.825,1.76,1.78,504314
NZO,20140611,0.7,0.7,0.7,0.7,500
OBJ,20140611,0.092,0.092,0.088,0.088,12835931
OBL,20140611,0.01,0.01,0.009,0.01,1819683
OCL,20140611,1.18,1.18,1.13,1.13,187575
ODN,20140611,0.002,0.002,0.002,0.002,40000
OEC,20140611,0.155,0.155,0.15,0.15,111417
OEG,20140611,0.026,0.026,0.026,0.026,45000
OEL,20140611,0.093,0.093,0.092,0.092,762496
OEX,20140611,0.13,0.13,0.125,0.125,152427
OFX,20140611,2.77,2.84,2.72,2.8,1278330
OGC,20140611,2.8,2.83,2.78,2.81,458719
OGI,20140611,0.005,0.005,0.005,0.005,78775
OGX,20140611,0.089,0.093,0.089,0.089,276210
OGY,20140611,0.02,0.02,0.019,0.019,137750
OIL,20140611,0.035,0.035,0.035,0.035,43020
OKN,20140611,1.265,1.275,1.265,1.275,135361
OKU,20140611,0.002,0.003,0.002,0.002,1383600
OMH,20140611,0.3,0.3,0.3,0.3,156316
ONT,20140611,6.02,6.1,5.99,6.1,5870
OPG,20140611,0.044,0.044,0.044,0.044,3290
ORA,20140611,1.41,1.425,1.395,1.395,3007478
ORD,20140611,0.003,0.003,0.003,0.003,125000
ORE,20140611,2.1,2.14,2.05,2.11,226069
ORG,20140611,14.4,14.41,14.31,14.37,1517700
ORH,20140611,0.003,0.003,0.003,0.003,2750000
ORI,20140611,19.28,19.31,19.11,19.21,730193
ORL,20140611,3.75,3.82,3.7,3.82,41732
ORN,20140611,0.045,0.045,0.042,0.042,191711
ORR,20140611,0.055,0.055,0.055,0.055,1936081
ORS,20140611,0.055,0.055,0.055,0.055,31000
OSH,20140611,9.7,9.75,9.68,9.71,3122842
OSL,20140611,0.105,0.115,0.105,0.105,1736345
OSP,20140611,0.475,0.48,0.475,0.48,10000
OTC,20140611,0.115,0.115,0.115,0.115,45000
OTE,20140611,0.001,0.001,0.001,0.001,25000
OTH,20140611,0.55,0.55,0.505,0.505,42897
OXX,20140611,0.12,0.12,0.12,0.12,10000
OZF,20140611,21.61,21.61,21.61,21.61,700
OZG,20140611,0.21,0.21,0.21,0.21,24000
OZL,20140611,4.21,4.29,4.2,4.27,1918165
OZR,20140611,10.04,10.04,10.04,10.04,1987
PAB,20140611,0.033,0.033,0.033,0.033,1806410
PAF,20140611,0.93,0.94,0.93,0.94,180209
PAN,20140611,0.78,0.825,0.745,0.795,2532694
PBD,20140611,0.018,0.019,0.018,0.018,2809411
PBG,20140611,0.51,0.54,0.51,0.53,18155655
PBP,20140611,0.465,0.465,0.465,0.465,10500
PBT,20140611,0.22,0.22,0.205,0.22,665995
PCL,20140611,0.025,0.026,0.023,0.023,2019242
PDI,20140611,0.008,0.008,0.008,0.008,488151
PDN,20140611,0.345,0.35,0.33,0.335,4028515
PDY,20140611,0.003,0.003,0.003,0.003,1428619
PDZ,20140611,0.475,0.475,0.47,0.47,24117
PEA,20140611,0.48,0.48,0.48,0.48,32000
PEH,20140611,0.062,0.062,0.062,0.062,12000
PEK,20140611,0.07,0.072,0.07,0.072,114900
PEN,20140611,0.026,0.026,0.026,0.026,968118
PEX,20140611,0.115,0.125,0.115,0.125,58250
PFL,20140611,1.165,1.165,1.155,1.155,232000
PGC,20140611,0.23,0.23,0.225,0.23,447730
PGF,20140611,0.94,0.95,0.94,0.95,108501
PGH,20140611,3.39,3.44,3.36,3.41,803346
PGI,20140611,0.043,0.045,0.041,0.042,2023912
PGS,20140611,0.021,0.021,0.02,0.02,140867
PHG,20140611,0.52,0.52,0.51,0.51,28597
PIE,20140611,0.12,0.12,0.115,0.115,12850
PIM,20140611,0.019,0.019,0.019,0.019,954600
PIO,20140611,0.009,0.009,0.008,0.008,251405
PIR,20140611,1.595,1.672,1.595,1.66,4626203
PLD,20140611,0.008,0.008,0.008,0.008,1118021
PLS,20140611,0.01,0.01,0.01,0.01,1336095
PMC,20140611,1.71,1.725,1.69,1.7,263176
PME,20140611,0.89,0.89,0.89,0.89,2224
PMP,20140611,0.43,0.43,0.425,0.43,34544
PMV,20140611,8.29,8.3,8.16,8.24,403668
PMY,20140611,0.033,0.036,0.033,0.036,570509
PNA,20140611,2.17,2.2,2.17,2.2,1671629
PNC,20140611,1.59,1.59,1.59,1.59,4487
PNL,20140611,0.36,0.36,0.36,0.36,48000
PNN,20140611,0.015,0.015,0.014,0.014,20000
POH,20140611,0.085,0.085,0.084,0.084,290000
POS,20140611,0.085,0.085,0.083,0.083,112632
POZ,20140611,0.011,0.011,0.011,0.011,90909
PPC,20140611,1.37,1.375,1.355,1.37,307815
PPG,20140611,0.48,0.48,0.475,0.475,30000
PPP,20140611,0.075,0.075,0.07,0.07,364400
PPS,20140611,0.155,0.155,0.15,0.15,93016
PPT,20140611,46.64,47.35,46.41,47.28,77373
PPX,20140611,0.04,0.04,0.04,0.04,27213
PRA,20140611,0.027,0.028,0.026,0.026,292000
PRG,20140611,2.69,2.775,2.67,2.74,196925
PRL,20140611,0.17,0.18,0.17,0.18,95000
PRO,20140611,0.47,0.47,0.455,0.455,33127
PRR,20140611,0.045,0.047,0.045,0.046,3345489
PRT,20140611,1.02,1.02,1,1,504398
PRU,20140611,0.305,0.31,0.295,0.295,4051100
PRY,20140611,4.42,4.435,4.36,4.38,1168524
PSA,20140611,0.13,0.13,0.12,0.12,96491
PSY,20140611,0.058,0.059,0.056,0.057,474872
PSZ,20140611,0.755,0.755,0.74,0.74,9800
PTL,20140611,0.03,0.03,0.03,0.03,485713
PTM,20140611,6.42,6.52,6.42,6.49,833023
PTR,20140611,0.005,0.005,0.005,0.005,80307
PVD,20140611,0.43,0.44,0.395,0.405,413744
PVE,20140611,0.08,0.08,0.08,0.08,38000
PWN,20140611,0.042,0.042,0.042,0.042,6976
PWW,20140611,0.007,0.007,0.007,0.007,12500
PXG,20140611,0.125,0.125,0.125,0.125,32285
PXS,20140611,0.063,0.065,0.063,0.064,221167
PXT,20140611,0.09,0.09,0.085,0.085,60000
PYC,20140611,0.014,0.014,0.013,0.013,918826
PZC,20140611,0.016,0.016,0.012,0.012,3500
QAN,20140611,1.395,1.41,1.385,1.39,10349845
QAU,20140611,13.14,13.14,13.14,13.14,137
QBE,20140611,10.9,11.005,10.75,10.92,3682491
QBL,20140611,0.034,0.045,0.034,0.042,30809766
QFN,20140611,11.57,11.57,11.57,11.57,1130
QFX,20140611,0.011,0.011,0.01,0.01,3417724
QHL,20140611,0.205,0.21,0.205,0.205,377000
QMN,20140611,0.011,0.012,0.01,0.01,270000
QNA,20140611,0.001,0.001,0.001,0.001,100000
QOZ,20140611,12.57,12.57,12.53,12.55,170549
QPN,20140611,0.001,0.001,0.001,0.001,136364
QRE,20140611,5.61,5.61,5.59,5.59,4848
QRX,20140611,0.093,0.093,0.089,0.089,552056
QTG,20140611,0.022,0.022,0.022,0.022,489376
QUB,20140611,2.27,2.28,2.24,2.27,1388430
QUR,20140611,0.001,0.002,0.001,0.002,610000
QXQ,20140611,0.002,0.002,0.002,0.002,34
RBR,20140611,0.004,0.004,0.004,0.004,50000
RCB,20140611,20.6,20.6,20.54,20.54,8528
RCF,20140611,0.008,0.008,0.008,0.008,5000
RCG,20140611,0.595,0.595,0.58,0.585,321790
RCM,20140611,0.03,0.03,0.028,0.028,3780624
RCR,20140611,2.72,2.75,2.63,2.74,205529
RCT,20140611,4.14,4.14,4.1,4.14,13151
RDF,20140611,0.865,0.95,0.865,0.95,69862
RDG,20140611,0.034,0.038,0.034,0.038,506747
RDH,20140611,1.08,1.1,1.08,1.1,2500
RDM,20140611,0.165,0.17,0.165,0.17,157892
RDR,20140611,0.022,0.022,0.02,0.021,283834
RDS,20140611,0.06,0.06,0.06,0.06,700
RDV,20140611,29.84,29.87,29.79,29.79,2708
REA,20140611,43,43.1,42.41,42.59,281362
REC,20140611,4.78,4.885,4.78,4.86,519273
RED,20140611,0.064,0.064,0.061,0.062,418613
REF,20140611,0.125,0.135,0.125,0.125,27000
REH,20140611,31,31.5,31,31.5,400
RES,20140611,0.12,0.12,0.11,0.11,277176
REX,20140611,0.735,0.75,0.73,0.75,431900
REY,20140611,0.091,0.091,0.091,0.091,7200
RFE,20140611,0.08,0.08,0.079,0.079,13922709
RFF,20140611,0.96,0.96,0.95,0.95,115876
RFG,20140611,4.32,4.35,4.27,4.34,334643
RFL,20140611,0.48,0.505,0.48,0.49,692074
RFT,20140611,0.004,0.004,0.004,0.004,70000
RFX,20140611,0.165,0.165,0.15,0.15,31424
RGB,20140611,20.26,20.26,20.26,20.26,840
RGS,20140611,0.365,0.395,0.36,0.36,132538
RGX,20140611,0.008,0.009,0.008,0.008,4983443
RHC,20140611,44.69,45.38,44.58,45.14,490046
RHI,20140611,1.4,1.4,1.4,1.4,10000
RHL,20140611,3.46,3.58,3.41,3.41,29693
RHP,20140611,0.65,0.69,0.65,0.69,10121
RHS,20140611,0.215,0.215,0.215,0.215,59265
RHT,20140611,0.049,0.049,0.045,0.045,105418
RIC,20140611,0.835,0.84,0.832,0.84,75198
RIE,20140611,0.009,0.012,0.009,0.012,230000
RIM,20140611,0.023,0.023,0.023,0.023,51000
RIO,20140611,59.4,59.5,59.05,59.4,1214664
RIS,20140611,0.115,0.115,0.115,0.115,10434
RKN,20140611,2.11,2.14,2.08,2.12,23044
RLE,20140611,0.26,0.26,0.255,0.255,81500
RMD,20140611,5.61,5.685,5.61,5.63,5919933
RMI,20140611,0.002,0.002,0.002,0.002,41250
RMP,20140611,0.068,0.068,0.063,0.063,197853
RMR,20140611,0.008,0.008,0.007,0.007,1947100
RMS,20140611,0.098,0.1,0.097,0.097,636653
RMX,20140611,0.012,0.012,0.011,0.011,2622590
RND,20140611,0.53,0.53,0.53,0.53,10000
RNI,20140611,0.13,0.14,0.13,0.135,1226346
RNO,20140611,0.022,0.022,0.021,0.021,1597780
RNS,20140611,0.06,0.06,0.06,0.06,85000
RNU,20140611,0.054,0.054,0.053,0.053,90000
RNY,20140611,0.29,0.29,0.285,0.285,205000
ROC,20140611,0.55,0.557,0.54,0.55,477014
ROG,20140611,0.001,0.001,0.001,0.001,108478
ROL,20140611,0.21,0.225,0.21,0.22,65700
ROY,20140611,0.027,0.027,0.027,0.027,100000
RQL,20140611,0.12,0.14,0.12,0.14,110500
RRL,20140611,1.45,1.46,1.385,1.415,2552788
RRP,20140611,0.002,0.002,0.002,0.002,1000
RRS,20140611,0.035,0.043,0.035,0.035,18131752
RSG,20140611,0.62,0.625,0.585,0.6,2395824
RSL,20140611,0.004,0.004,0.004,0.004,101
RSM,20140611,20.5,20.5,20.41,20.41,776
RTA,20140611,0.2,0.2,0.19,0.19,103000
RTD,20140611,0.04,0.04,0.039,0.039,1319241
RTG,20140611,1.19,1.23,1.18,1.2,52226
RTR,20140611,0.025,0.025,0.025,0.025,30000
RUM,20140611,0.086,0.086,0.085,0.086,30497602
RVA,20140611,0.155,0.155,0.15,0.15,25189
RVL,20140611,34.88,34.88,34.87,34.87,1030
RVR,20140611,0.057,0.057,0.053,0.053,305214
RVY,20140611,0.02,0.02,0.02,0.02,180391
RWD,20140611,0.615,0.64,0.615,0.64,24060
RWH,20140611,3.1,3.1,3.1,3.1,200016
RXL,20140611,0.042,0.044,0.042,0.042,939872
RXM,20140611,0.305,0.34,0.305,0.34,368416
RXP,20140611,0.58,0.6,0.57,0.6,276824
RYG,20140611,0.014,0.014,0.014,0.014,4800
SAI,20140611,5.11,5.16,5.1,5.12,1590377
SAR,20140611,0.385,0.395,0.375,0.385,3922048
SBB,20140611,0.16,0.16,0.14,0.14,93758
SBL,20140611,0.001,0.001,0.001,0.001,832416
SBM,20140611,0.155,0.165,0.14,0.14,7191748
SBN,20140611,0.008,0.009,0.008,0.009,1000000
SBR,20140611,0.023,0.024,0.023,0.024,81800
SCI,20140611,0.046,0.046,0.046,0.046,10000
SCP,20140611,1.75,1.767,1.735,1.735,957260
SDF,20140611,1.46,1.47,1.46,1.465,213475
SDG,20140611,1.555,1.57,1.54,1.57,57094
SDI,20140611,0.47,0.47,0.465,0.465,21000
SDL,20140611,0.087,0.089,0.082,0.082,12635450
SDM,20140611,0.485,0.49,0.48,0.485,774382
SEA,20140611,1.055,1.07,1.05,1.07,1404974
SEG,20140611,0.008,0.008,0.008,0.008,1784000
SEH,20140611,0.15,0.15,0.15,0.15,131847
SEK,20140611,16.87,16.97,16.68,16.74,1331739
SEN,20140611,0.029,0.029,0.029,0.029,2750
SER,20140611,0.029,0.032,0.029,0.03,3244583
SFH,20140611,0.905,0.905,0.89,0.9,26997
SFR,20140611,5.79,5.94,5.79,5.89,273062
SFW,20140611,0.865,0.875,0.865,0.875,66775
SFX,20140611,0.85,0.85,0.815,0.85,142455
SFY,20140611,55.52,55.52,55.19,55.24,16233
SFZ,20140611,0.05,0.05,0.05,0.05,25000
SGF,20140611,1.81,1.84,1.81,1.815,139382
SGH,20140611,4.94,4.99,4.92,4.94,1353166
SGM,20140611,9.75,9.78,9.71,9.73,446594
SGN,20140611,1.355,1.375,1.34,1.365,2313407
SGO,20140611,0.2,0.2,0.19,0.19,44487
SGP,20140611,4.02,4.03,3.985,4.03,6260493
SGQ,20140611,0.185,0.185,0.17,0.17,479051
SGT,20140611,3.3,3.3,3.27,3.27,5168838
SGZ,20140611,0.008,0.008,0.008,0.008,181250
SHD,20140611,0.064,0.065,0.064,0.065,12500
SHE,20140611,0.006,0.007,0.006,0.006,353200
SHH,20140611,0.095,0.095,0.08,0.08,32667
SHJ,20140611,2.1,2.14,2.09,2.09,6165
SHK,20140611,0.003,0.003,0.003,0.003,190285
SHL,20140611,17.05,17.15,17.02,17.12,602902
SHP,20140611,0.023,0.024,0.023,0.023,4994126
SHV,20140611,5.03,5.11,5.03,5.1,112620
SIH,20140611,0.022,0.022,0.022,0.022,25154
SIP,20140611,0.71,0.72,0.71,0.72,1753068
SIR,20140611,3.05,3.06,2.93,2.95,1373986
SIV,20140611,4.85,4.85,4.81,4.85,18722
SKC,20140611,3.64,3.69,3.64,3.67,1098458
SKE,20140611,2.5,2.525,2.46,2.49,893257
SKI,20140611,1.8,1.81,1.772,1.785,5288870
SKS,20140611,0.3,0.335,0.3,0.335,76884
SKT,20140611,6.03,6.06,6.02,6.04,808698
SLF,20140611,9.9,9.94,9.9,9.93,100533
SLK,20140611,1.75,1.8,1.75,1.75,3818
SLR,20140611,0.35,0.355,0.34,0.345,2388998
SLT,20140611,0.005,0.005,0.005,0.005,1900000
SLX,20140611,1.3,1.325,1.26,1.31,408449
SMA,20140611,0.016,0.016,0.016,0.016,207000
SMD,20140611,0.049,0.052,0.049,0.052,513661
SMI,20140611,0.04,0.04,0.04,0.04,107789
SMM,20140611,0.25,0.26,0.25,0.26,19500
SMN,20140611,0.35,0.35,0.32,0.33,142403
SMR,20140611,0.1,0.11,0.1,0.105,364986
SMX,20140611,3.16,3.34,3.16,3.32,124180
SNC,20140611,0.945,0.945,0.94,0.94,10308
SNV,20140611,0.002,0.002,0.002,0.002,200000
SOC,20140611,0.039,0.041,0.038,0.038,318925
SOL,20140611,14.47,14.535,14.46,14.46,19940
SOM,20140611,1.5,1.5,1.5,1.5,129000
SPI,20140611,0.01,0.01,0.01,0.01,4000
SPL,20140611,0.6,0.61,0.59,0.605,589589
SPN,20140611,1.335,1.34,1.33,1.33,5779476
SPO,20140611,1.75,1.765,1.73,1.745,2392650
SPS,20140611,0.022,0.023,0.02,0.022,1054229
SPX,20140611,0.048,0.05,0.048,0.05,115000
SRI,20140611,0.035,0.037,0.035,0.037,335641
SRK,20140611,0.04,0.04,0.04,0.04,120846
SRQ,20140611,0.004,0.004,0.004,0.004,782000
SRR,20140611,0.005,0.005,0.005,0.005,550000
SRV,20140611,4.9,4.94,4.9,4.93,90251
SRX,20140611,16.83,17,16.8,16.9,105737
SRZ,20140611,0.042,0.043,0.042,0.043,17611
SSM,20140611,0.17,0.17,0.155,0.16,618843
SSN,20140611,0.018,0.019,0.017,0.017,2371000
SSO,20140611,11.36,11.36,11.32,11.34,5788
SST,20140611,38.7,40,38.7,38.7,2297
STB,20140611,0.17,0.185,0.17,0.175,87168
STO,20140611,14.41,14.55,14.39,14.52,2044758
STS,20140611,0.58,0.59,0.58,0.59,11144
STW,20140611,51.8,51.87,51.59,51.7,114591
STX,20140611,0.13,0.13,0.125,0.125,316819
SUD,20140611,0.045,0.047,0.045,0.046,665000
SUH,20140611,0.047,0.047,0.046,0.046,113000
SUL,20140611,8.42,8.42,8.21,8.24,1511215
SUM,20140611,0.053,0.053,0.053,0.053,9000
SUN,20140611,13.33,13.445,13.32,13.42,2177793
SUR,20140611,0.02,0.02,0.019,0.019,840875
SVA,20140611,0.54,0.54,0.53,0.53,15000
SVL,20140611,0.002,0.003,0.002,0.003,5089602
SVM,20140611,0.31,0.315,0.305,0.315,350677
SVW,20140611,7.85,7.92,7.75,7.76,539403
SVY,20140611,0.3,0.31,0.285,0.285,184833
SWE,20140611,0.23,0.235,0.23,0.235,70070
SWJ,20140611,0.195,0.2,0.19,0.2,1060000
SWK,20140611,0.26,0.265,0.26,0.265,332199
SWL,20140611,2.03,2.09,1.935,1.94,50198
SWM,20140611,1.74,1.74,1.68,1.69,2745197
SWR,20140611,0.032,0.035,0.032,0.035,80000
SWW,20140611,0.007,0.007,0.007,0.007,631113
SXA,20140611,0.315,0.34,0.31,0.31,55514
SXE,20140611,0.51,0.52,0.505,0.505,75423
SXG,20140611,0.012,0.012,0.012,0.012,280000
SXI,20140611,0.018,0.018,0.018,0.018,3000
SXL,20140611,1.04,1.045,1.02,1.025,2869487
SXS,20140611,0.03,0.031,0.03,0.031,47400
SXY,20140611,0.73,0.73,0.715,0.72,1897944
SYD,20140611,4.33,4.36,4.32,4.33,4985017
SYI,20140611,30.2,30.22,30.18,30.19,5604
SYR,20140611,3.57,3.57,3.42,3.48,180453
SZG,20140611,0.094,0.094,0.094,0.094,43000
TAH,20140611,3.41,3.43,3.38,3.41,1735588
TAM,20140611,0.016,0.019,0.016,0.019,917639
TAN,20140611,0.455,0.455,0.445,0.445,207372
TAP,20140611,0.45,0.45,0.445,0.445,71837
TAS,20140611,0.025,0.027,0.025,0.026,276635
TAW,20140611,0.025,0.026,0.025,0.025,4992152
TBR,20140611,2.95,2.95,2.95,2.95,2000
TCL,20140611,7.6,7.61,7.53,7.57,4389196
TCQ,20140611,0.25,0.25,0.25,0.25,6845
TDX,20140611,0.001,0.001,0.001,0.001,2850000
TEL,20140611,2.43,2.45,2.43,2.43,449016
TEN,20140611,0.29,0.29,0.285,0.285,2547932
TEX,20140611,0.047,0.047,0.047,0.047,196152
TFC,20140611,1.775,1.785,1.74,1.785,375056
TGA,20140611,2.34,2.34,2.31,2.33,240283
TGG,20140611,1.335,1.345,1.32,1.34,176510
TGR,20140611,4.03,4.03,3.98,4.01,659650
TGS,20140611,0.37,0.375,0.36,0.37,1098700
TGZ,20140611,0.61,0.615,0.607,0.615,664852
THR,20140611,0.003,0.004,0.003,0.004,110000
THX,20140611,0.081,0.081,0.08,0.08,73970
TIS,20140611,0.29,0.295,0.29,0.295,24600
TIX,20140611,2.27,2.27,2.23,2.23,45108
TKG,20140611,0.003,0.003,0.003,0.003,2200
TLG,20140611,0.28,0.285,0.265,0.265,359917
TLM,20140611,0.092,0.092,0.089,0.09,555854
TLS,20140611,5.25,5.28,5.25,5.25,13406758
TLU,20140611,0.042,0.045,0.041,0.045,818808
TME,20140611,3.11,3.17,3.1,3.14,401192
TNE,20140611,2.67,2.75,2.67,2.7,457973
TNG,20140611,0.14,0.16,0.14,0.15,2281340
TNP,20140611,0.006,0.006,0.006,0.006,758184
TNR,20140611,0.004,0.004,0.004,0.004,500000
TOE,20140611,0.062,0.063,0.062,0.062,1161394
TOF,20140611,1.99,2.015,1.99,2,73111
TOL,20140611,5.3,5.34,5.265,5.28,1468965
TON,20140611,0.39,0.445,0.385,0.425,19392874
TOP,20140611,0.42,0.435,0.42,0.42,298218
TOU,20140611,0.32,0.32,0.31,0.32,257798
TOX,20140611,3.5,3.54,3.42,3.48,282995
TPD,20140611,0.02,0.02,0.02,0.02,143830
TPI,20140611,1.09,1.092,1.067,1.07,4450454
TPM,20140611,5.86,5.91,5.83,5.88,2519275
TPT,20140611,0.3,0.3,0.28,0.29,2317687
TRF,20140611,0.054,0.059,0.054,0.059,462000
TRG,20140611,9.9,9.97,9.8,9.97,17005
TRM,20140611,0.041,0.041,0.041,0.041,12500
TRO,20140611,0.05,0.05,0.05,0.05,50000
TRS,20140611,8.1,8.55,8.08,8.24,743379
TRY,20140611,0.955,0.955,0.92,0.93,917486
TSE,20140611,1.2,1.2,1.14,1.15,5193609
TSM,20140611,0.375,0.38,0.375,0.375,27343
TSN,20140611,0.005,0.005,0.004,0.005,1140000
TSV,20140611,0.003,0.003,0.003,0.003,3511058
TTA,20140611,0.05,0.051,0.05,0.051,37844
TTE,20140611,0.016,0.016,0.016,0.016,2156325
TTI,20140611,0.064,0.065,0.064,0.065,120000
TTN,20140611,1.98,1.99,1.95,1.96,63100
TTS,20140611,3,3.01,2.99,3,1601693
TUP,20140611,3.9,3.9,3.9,3.9,7000
TWD,20140611,2.81,2.81,2.8,2.81,16700
TWE,20140611,4.83,4.86,4.8,4.82,3553804
TWR,20140611,1.58,1.58,1.53,1.57,5952
TYK,20140611,0.003,0.003,0.002,0.003,1897485
TZL,20140611,0.14,0.145,0.135,0.14,314312
TZN,20140611,0.04,0.042,0.04,0.042,268629
UBI,20140611,0.17,0.185,0.16,0.185,764498
UCM,20140611,0.26,0.26,0.25,0.25,3847
UEQ,20140611,0.013,0.013,0.011,0.011,100000
UGL,20140611,7.13,7.13,6.99,7.03,582865
UML,20140611,0.011,0.011,0.011,0.011,955000
UNS,20140611,0.5,0.5,0.485,0.49,396217
UNV,20140611,0.097,0.097,0.09,0.09,116165
UOS,20140611,0.53,0.53,0.53,0.53,75000
URF,20140611,1.82,1.82,1.82,1.82,17109
USD,20140611,10.52,10.53,10.49,10.49,68812
UXC,20140611,0.7,0.705,0.675,0.69,3193879
VAF,20140611,48.56,48.64,48.56,48.64,1424
VAH,20140611,0.405,0.41,0.4,0.405,1164404
VAP,20140611,62.25,62.52,61.96,62.09,10444
VAS,20140611,70.06,70.06,69.59,69.59,12536
VBP,20140611,6.52,6.52,6.51,6.51,35000
VEC,20140611,0.018,0.018,0.018,0.018,159000
VED,20140611,2.09,2.17,2.085,2.14,1468685
VEI,20140611,0.61,0.61,0.6,0.6,62073
VET,20140611,3.2,3.23,3.15,3.2,480159
VEU,20140611,56.46,56.46,56.25,56.4,10783
VGB,20140611,47.37,47.37,47.04,47.05,5497
VGE,20140611,52.45,52.45,52.34,52.36,694
VGO,20140611,0.03,0.03,0.03,0.03,15000
VHL,20140611,0.006,0.006,0.006,0.006,900000
VHY,20140611,67.65,67.65,67.08,67.1,9971
VIE,20140611,0.215,0.215,0.215,0.215,18511
VKA,20140611,0.04,0.04,0.04,0.04,6667
VLA,20140611,0.285,0.29,0.27,0.28,348166
VLC,20140611,62.32,62.32,62.32,62.32,50
VLW,20140611,1.93,1.935,1.91,1.915,72398
VMC,20140611,0.105,0.105,0.09,0.09,65000
VMG,20140611,0.014,0.015,0.014,0.014,2233247
VMS,20140611,0.1,0.1,0.097,0.1,311905
VMT,20140611,0.047,0.05,0.047,0.049,5205963
VOC,20140611,4.34,4.4,4.32,4.36,197972
VOR,20140611,0.001,0.001,0.001,0.001,255000
VRL,20140611,7.34,7.36,7.18,7.27,263964
VRT,20140611,8.61,8.64,8.47,8.47,300136
VRX,20140611,0.04,0.04,0.04,0.04,60000
VSO,20140611,44.9,44.9,44.9,44.9,309
VTG,20140611,0.735,0.735,0.735,0.735,15000
VTM,20140611,0.065,0.069,0.064,0.068,212588
VTS,20140611,108.18,108.18,107.9,107.96,7393
VXL,20140611,0.47,0.47,0.46,0.47,50450
VXR,20140611,0.007,0.007,0.006,0.006,170400
WAA,20140611,1.27,1.28,1.25,1.28,51550
WAF,20140611,0.145,0.145,0.145,0.145,7868
WAL,20140611,0.04,0.04,0.04,0.04,8701
WAM,20140611,1.945,1.95,1.94,1.945,165394
WAX,20140611,1.13,1.14,1.13,1.135,95096
WBA,20140611,0.96,0.96,0.895,0.91,131576
WBB,20140611,5.27,5.41,5.27,5.28,15013
WBC,20140611,34.65,34.91,34.58,34.75,4088150
WCB,20140611,8,8,8,8,10
WCC,20140611,0.061,0.061,0.061,0.061,443202
WCL,20140611,0.4,0.4,0.395,0.395,1129224
WCN,20140611,0.011,0.012,0.011,0.011,4883917
WCP,20140611,0.021,0.021,0.021,0.021,765790
WDC,20140611,10.67,10.71,10.64,10.69,6113465
WDR,20140611,0.25,0.26,0.245,0.26,19530846
WDS,20140611,0.965,0.965,0.95,0.95,122844
WEB,20140611,2.54,2.54,2.47,2.49,115393
WEC,20140611,0.17,0.17,0.17,0.17,23600
WES,20140611,42,42,41.71,41.82,2178798
WGO,20140611,0.015,0.015,0.013,0.013,400000
WHC,20140611,1.425,1.435,1.42,1.43,614885
WHE,20140611,0.01,0.01,0.01,0.01,50000
WHF,20140611,4.13,4.16,4.1,4.16,32494
WIC,20140611,1.275,1.275,1.265,1.265,88050
WIG,20140611,0.58,0.585,0.58,0.585,30924
WIN,20140611,0.24,0.26,0.24,0.26,123774
WLC,20140611,0.04,0.04,0.035,0.035,316500
WLF,20140611,0.28,0.28,0.27,0.27,170000
WLL,20140611,2.88,2.88,2.85,2.85,25757
WLR,20140611,0.003,0.003,0.003,0.003,500000
WMK,20140611,1.045,1.05,1.04,1.045,116141
WMN,20140611,0.195,0.23,0.175,0.22,366000
WOR,20140611,16.2,16.23,16.01,16.1,566634
WOW,20140611,36.56,36.68,36.48,36.67,2043658
WPG,20140611,0.032,0.034,0.032,0.034,281811
WPI,20140611,0.015,0.015,0.015,0.015,99000
WPL,20140611,41.91,42.09,41.69,42,1496737
WRM,20140611,0.017,0.017,0.017,0.017,2739
WRR,20140611,0.25,0.25,0.25,0.25,89316
WRT,20140611,3.17,3.19,3.165,3.19,4316012
WSA,20140611,4.46,4.505,4.38,4.42,2311889
WSR,20140611,0.031,0.035,0.031,0.034,3771182
WTF,20140611,2.47,2.53,2.46,2.51,523174
WTP,20140611,0.855,0.855,0.855,0.855,4938
WTR,20140611,0.047,0.047,0.047,0.047,5000
WWI,20140611,0.007,0.007,0.005,0.005,16260500
XRF,20140611,0.225,0.225,0.215,0.215,4445
XRO,20140611,26.5,26.99,26.4,26.9,22143
XTE,20140611,0.044,0.044,0.044,0.044,140000
YAL,20140611,0.25,0.25,0.24,0.24,39107
YBR,20140611,0.64,0.64,0.64,0.64,10300
YOW,20140611,0.48,0.48,0.45,0.465,840645
YRR,20140611,0.01,0.01,0.01,0.01,45000
ZAM,20140611,0.041,0.041,0.04,0.04,27350
ZER,20140611,0.7,0.7,0.65,0.65,11500
ZGL,20140611,0.215,0.215,0.21,0.21,28000
ZGM,20140611,0.006,0.006,0.006,0.006,305910
ZMG,20140611,0.05,0.05,0.05,0.05,128205
ZNC,20140611,0.08,0.08,0.08,0.08,81010
ZRL,20140611,0.12,0.12,0.12,0.12,2100
ZTA,20140611,0.007,0.007,0.007,0.007,150000
XAF,20140611,5577.7,5579.7,5554.4,5565.1,0
XAO,20140611,5448.5,5448.5,5424.4,5432.5,0
XAT,20140611,5426.5,5426.5,5401.7,5410.8,0
XDJ,20140611,1754.5,1754.5,1741.4,1744.6,0
XEC,20140611,1044.5,1052.2,1044.5,1048.4,0
XEJ,20140611,14515.3,14517,14404.3,14448.2,0
XFJ,20140611,6167.6,6186.2,6155.5,6173.1,0
XFL,20140611,5641.5,5643.8,5618.5,5629.2,0
XGD,20140611,2088.8,2116.3,2088.8,2108.9,0
XHJ,20140611,14399.3,14446.4,14381,14408,0
XIJ,20140611,800.7,800.7,790.8,793,0
XJO,20140611,5469.7,5469.7,5444.8,5454,0
XJR,20140611,4102.4,4102.4,4065.1,4074,0
XKO,20140611,5409.7,5409.7,5385.4,5394.5,0
XMD,20140611,4566.2,4566.2,4528.4,4535.2,0
XMJ,20140611,9767.7,9767.7,9679.9,9702.9,0
XMM,20140611,3160.2,3160.2,3126.7,3135.3,0
XNJ,20140611,4146.5,4146.5,4081.1,4086.8,0
XPJ,20140611,1075,1077.9,1073.3,1077.4,0
XSJ,20140611,9995.5,9996.2,9915.9,9946.5,0
XSO,20140611,2139.5,2140.2,2125.1,2129.3,0
XTJ,20140611,1833.2,1839.6,1828.3,1829.3,0
XTL,20140611,3452.3,3455.2,3438.3,3445.4,0
XTO,20140611,4550.8,4550.8,4530.6,4538.7,0
XUJ,20140611,5911.2,5912.6,5860.5,5868.9,0
XXJ,20140611,7282.3,7306.2,7266.4,7287.1,0
