1PG,20141208,0.875,0.905,0.87,0.89,437321
3PL,20141208,2.3,2.35,2.3,2.35,2196
8CO,20141208,0.225,0.225,0.22,0.22,20000
AAA,20141208,50.12,50.13,50.1,50.11,96270
AAC,20141208,1.42,1.45,1.41,1.42,709039
AAD,20141208,2.94,2.97,2.88,2.89,2463429
AAR,20141208,0.008,0.008,0.008,0.008,291039
AAX,20141208,0.45,0.46,0.45,0.45,34346
ABC,20141208,3.58,3.605,3.55,3.59,1852962
ABP,20141208,2.95,2.95,2.91,2.93,399021
ABU,20141208,0.23,0.24,0.23,0.24,36946
ABW,20141208,1.01,1.01,1.01,1.01,187489
ABX,20141208,0.3,0.31,0.295,0.31,220874
ABY,20141208,0.21,0.23,0.21,0.21,195653
ACB,20141208,0.054,0.054,0.054,0.054,217896
ACG,20141208,0.1,0.105,0.1,0.1,275150
ACJ,20141208,0.003,0.003,0.003,0.003,500
ACL,20141208,0.088,0.088,0.085,0.086,560137
ACQ,20141208,0.8,0.8,0.77,0.77,114000
ACR,20141208,1.25,1.3,1.22,1.23,529673
ACW,20141208,0.038,0.04,0.038,0.04,375000
ADJ,20141208,0.099,0.1,0.097,0.1,719142
ADO,20141208,0.135,0.135,0.13,0.13,541421
ADV,20141208,0.007,0.007,0.006,0.006,600000
ADX,20141208,0.006,0.007,0.006,0.007,646603
ADY,20141208,0.028,0.028,0.027,0.027,279127
AEB,20141208,0.078,0.078,0.078,0.078,1000
AEE,20141208,0.029,0.029,0.027,0.027,810000
AEK,20141208,0.067,0.07,0.067,0.07,1407570
AEM,20141208,0.01,0.01,0.01,0.01,66000
AFA,20141208,0.16,0.16,0.16,0.16,4000
AFI,20141208,5.98,6.03,5.97,5.98,289203
AFJ,20141208,1.17,1.18,1.157,1.17,339386
AFR,20141208,0.054,0.054,0.051,0.051,443200
AGB,20141208,0.23,0.23,0.23,0.23,4000
AGD,20141208,0.12,0.12,0.12,0.12,5
AGE,20141208,0.025,0.025,0.024,0.024,1300000
AGF,20141208,1.05,1.08,1.045,1.06,2674447
AGG,20141208,2.1,2.1,2.1,2.1,2150
AGI,20141208,2.16,2.21,2.16,2.16,818308
AGJ,20141208,0.084,0.084,0.08,0.08,88497
AGL,20141208,13.47,13.54,13.39,13.48,1178523
AGO,20141208,0.15,0.16,0.145,0.16,6948957
AGR,20141208,0.04,0.04,0.04,0.04,167610
AGS,20141208,0.075,0.079,0.075,0.079,107629
AGX,20141208,0.011,0.011,0.011,0.011,50000
AHD,20141208,11.4,11.4,11.21,11.35,28432
AHE,20141208,3.89,3.92,3.81,3.81,1344223
AHF,20141208,0.28,0.3,0.28,0.3,59695
AHY,20141208,1.875,1.91,1.85,1.86,1169626
AHZ,20141208,0.115,0.115,0.11,0.11,1828866
AIA,20141208,3.87,3.9,3.85,3.88,31641
AIO,20141208,5.76,5.895,5.76,5.78,2924979
AIQ,20141208,0.145,0.145,0.14,0.14,58000
AIV,20141208,0.022,0.022,0.022,0.022,211950
AIZ,20141208,2.22,2.23,2.2,2.21,33553
AJA,20141208,4.83,4.87,4.77,4.79,38853
AJD,20141208,1.145,1.15,1.142,1.15,138188
AJL,20141208,0.8,0.82,0.78,0.815,58000
AJM,20141208,0.07,0.07,0.07,0.07,78000
AJQ,20141208,0.06,0.06,0.057,0.057,42595
AJR,20141208,0.002,0.002,0.002,0.002,375000
AJX,20141208,0.42,0.47,0.415,0.465,5153193
AKG,20141208,1.1,1.1,1.09,1.09,50000
AKK,20141208,0.053,0.069,0.053,0.064,4512906
AKM,20141208,0.032,0.032,0.032,0.032,205283
AKP,20141208,9.8,9.8,9.15,9.15,3440
ALA,20141208,0.175,0.18,0.17,0.175,128445
ALF,20141208,1.53,1.54,1.52,1.53,131749
ALK,20141208,0.215,0.215,0.205,0.21,220196
ALL,20141208,6.6,6.92,6.6,6.73,1698874
ALQ,20141208,5.27,5.33,5.08,5.11,1825780
ALR,20141208,1.075,1.085,1.075,1.085,22000
ALT,20141208,0.028,0.028,0.027,0.027,908469
ALU,20141208,3.3,3.325,3.27,3.27,87616
AMA,20141208,0.34,0.34,0.32,0.33,493903
AMC,20141208,12.93,13.25,12.89,13.1,3766639
AMH,20141208,0.88,0.88,0.87,0.88,97207
AMI,20141208,0.26,0.275,0.25,0.275,213892
AMM,20141208,2.35,2.4,2.35,2.38,283599
AMP,20141208,5.7,5.76,5.69,5.69,5249981
ANG,20141208,0.82,0.84,0.78,0.8,135555
ANI,20141208,2.21,2.21,2.19,2.2,80382
ANN,20141208,21.17,21.75,21.15,21.74,531046
ANO,20141208,0.02,0.02,0.017,0.017,950000
ANP,20141208,0.088,0.095,0.088,0.095,850754
ANR,20141208,0.32,0.32,0.32,0.32,65065
ANZ,20141208,32.2,32.61,32.15,32.4,7400776
AOC,20141208,0.11,0.11,0.11,0.11,47091
AOD,20141208,0.9,0.9,0.9,0.9,906
AOG,20141208,2.12,2.14,2.1,2.14,366073
AOH,20141208,0.232,0.235,0.23,0.235,960750
AOK,20141208,0.14,0.14,0.13,0.13,680430
AON,20141208,0.009,0.009,0.009,0.009,146636
AOW,20141208,0.165,0.165,0.155,0.155,88650
APA,20141208,8.16,8.25,8.14,8.17,2396505
APD,20141208,0.33,0.33,0.33,0.33,17565
APE,20141208,5.71,5.77,5.71,5.77,7128
API,20141208,0.875,0.875,0.835,0.87,415325
APN,20141208,0.71,0.74,0.71,0.73,1650934
APO,20141208,2.45,2.54,2.45,2.54,25141
APW,20141208,0.115,0.115,0.115,0.115,26666
APY,20141208,0.006,0.007,0.006,0.007,439705
APZ,20141208,1.32,1.32,1.27,1.3,93335
AQC,20141208,0.006,0.006,0.006,0.006,360000
AQD,20141208,0.008,0.008,0.008,0.008,23333
AQG,20141208,2.46,2.49,2.39,2.42,1134049
AQP,20141208,0.28,0.28,0.27,0.27,3859
AQR,20141208,0.1,0.1,0.1,0.1,221000
AQZ,20141208,1,1,0.93,0.93,51380
ARA,20141208,0.38,0.38,0.38,0.38,152000
ARF,20141208,1.54,1.54,1.48,1.48,162553
ARG,20141208,7.75,7.85,7.72,7.72,208227
ARH,20141208,0.011,0.011,0.011,0.011,60000
ARI,20141208,0.185,0.197,0.18,0.185,21800001
ARM,20141208,0.026,0.026,0.026,0.026,10050
ARP,20141208,11.11,11.26,11.07,11.1,108621
ARU,20141208,0.051,0.051,0.048,0.048,98199
ARW,20141208,0.12,0.12,0.12,0.12,11000
ARX,20141208,0.004,0.004,0.004,0.004,196000
ASB,20141208,1.3,1.315,1.275,1.295,1349945
ASH,20141208,1.49,1.5,1.45,1.5,8181
ASL,20141208,0.425,0.45,0.41,0.43,435491
AST,20141208,1.36,1.36,1.345,1.36,2657149
ASW,20141208,0.61,0.61,0.61,0.61,43405
ASX,20141208,36.26,36.75,36.24,36.49,355884
ASZ,20141208,0.705,0.72,0.705,0.72,207566
ATC,20141208,0.095,0.095,0.095,0.095,100000
ATP,20141208,0.09,0.091,0.09,0.09,203000
ATU,20141208,1.1,1.14,1.1,1.14,30456
AUB,20141208,9.9,10.3,9.89,10.3,66682
AUF,20141208,1.2,1.2,1.17,1.17,165004
AUI,20141208,8,8.03,7.95,7.95,30844
AUQ,20141208,0.017,0.017,0.017,0.017,293000
AVB,20141208,0.073,0.074,0.07,0.07,1955516
AVD,20141208,0.155,0.155,0.15,0.15,35000
AVG,20141208,0.4,0.405,0.4,0.4,89281
AVH,20141208,0.08,0.08,0.08,0.08,20000
AVJ,20141208,0.58,0.58,0.58,0.58,8676
AVQ,20141208,0.013,0.014,0.013,0.013,8847240
AVX,20141208,0.014,0.015,0.014,0.014,143000
AWC,20141208,1.73,1.76,1.72,1.76,10052607
AWE,20141208,1.235,1.255,1.205,1.21,1949805
AWN,20141208,0.97,0.97,0.97,0.97,12000
AWO,20141208,0.009,0.009,0.009,0.009,15000
AWV,20141208,0.032,0.032,0.03,0.03,922085
AXE,20141208,0.15,0.15,0.15,0.15,780258
AXI,20141208,0.056,0.056,0.056,0.056,242300
AYA,20141208,0.28,0.295,0.28,0.295,48266
AYC,20141208,0.035,0.036,0.035,0.036,13888
AYF,20141208,6.35,6.38,6.35,6.38,12343
AYH,20141208,90.39,90.39,90.39,90.39,65
AYK,20141208,84.9,84.9,84.9,84.9,229
AZJ,20141208,4.65,4.7,4.6,4.61,6713797
AZM,20141208,0.018,0.018,0.018,0.018,201000
AZS,20141208,0.022,0.023,0.021,0.021,703602
AZV,20141208,0.32,0.32,0.315,0.32,16000
AZY,20141208,0.006,0.006,0.006,0.006,351846
AZZ,20141208,0.285,0.285,0.275,0.275,667626
BAF,20141208,0.96,0.965,0.95,0.95,33395
BAL,20141208,1.56,1.61,1.555,1.56,41176
BAP,20141208,2.41,2.44,2.37,2.37,3443920
BAR,20141208,0.006,0.006,0.005,0.005,180000
BAU,20141208,0.105,0.105,0.105,0.105,99010
BBG,20141208,0.66,0.68,0.66,0.68,929658
BBR,20141208,0.17,0.17,0.17,0.17,10556
BCD,20141208,0.038,0.038,0.038,0.038,648
BCI,20141208,0.475,0.5,0.455,0.475,1879332
BCK,20141208,0.046,0.046,0.046,0.046,500000
BCT,20141208,0.066,0.067,0.062,0.065,100769
BDI,20141208,0.001,0.001,0.001,0.001,4037000
BDR,20141208,0.21,0.222,0.202,0.215,4312647
BEAR,20141208,18.07,18.08,17.95,18.01,37836
BEL,20141208,0.15,0.15,0.15,0.15,3426
BEN,20141208,13.02,13.15,12.99,13,1164247
BFG,20141208,0.435,0.435,0.435,0.435,18650
BGA,20141208,4.93,4.97,4.92,4.96,84364
BGL,20141208,0.79,0.79,0.78,0.79,599084
BGS,20141208,0.011,0.011,0.01,0.011,4215562
BHP,20141208,30.25,30.35,30.01,30.1,6545195
BIS,20141208,0.33,0.33,0.33,0.33,860
BIT,20141208,0.1,0.1,0.098,0.1,188502
BKI,20141208,1.56,1.585,1.56,1.57,270421
BKL,20141208,32.94,32.94,32.71,32.78,13283
BKN,20141208,4.46,4.52,4.41,4.49,2005654
BKP,20141208,0.001,0.001,0.001,0.001,1500000
BKW,20141208,12.53,12.68,12.48,12.59,71406
BKY,20141208,0.28,0.28,0.27,0.28,34221
BLA,20141208,2.79,2.83,2.79,2.81,55500
BLD,20141208,5.16,5.275,5.15,5.2,3573098
BLG,20141208,0.11,0.11,0.095,0.1,276072
BLK,20141208,0.064,0.064,0.06,0.062,482688
BLT,20141208,0.745,0.75,0.72,0.75,129084
BLX,20141208,1.21,1.27,1.21,1.27,34621
BLY,20141208,0.185,0.195,0.182,0.195,440452
BLZ,20141208,0.001,0.001,0.001,0.001,505050
BMB,20141208,0.05,0.05,0.049,0.049,225721
BMG,20141208,0.02,0.024,0.02,0.024,380000
BML,20141208,0.017,0.017,0.017,0.017,1420349
BMN,20141208,0.077,0.081,0.077,0.081,140814
BNO,20141208,0.445,0.46,0.445,0.445,132104
BNR,20141208,0.014,0.014,0.013,0.013,691632
BOC,20141208,0.255,0.275,0.255,0.275,14261
BOE,20141208,0.012,0.012,0.012,0.012,1250000
BOL,20141208,0.14,0.14,0.14,0.14,963264
BOQ,20141208,12.52,12.57,12.24,12.28,2371622
BPF,20141208,0.235,0.235,0.235,0.235,66907
BPG,20141208,0.001,0.001,0.001,0.001,4748900
BPH,20141208,0.007,0.007,0.007,0.007,40000
BPS,20141208,0.77,0.77,0.77,0.77,2000
BPT,20141208,0.92,0.95,0.91,0.94,4511773
BRC,20141208,0.22,0.22,0.22,0.22,18302
BRG,20141208,6.35,6.53,6.34,6.49,174472
BRL,20141208,0.026,0.026,0.02,0.022,659082
BRO,20141208,0.002,0.002,0.002,0.002,3499
BRU,20141208,0.44,0.48,0.44,0.45,383299
BSA,20141208,0.125,0.13,0.125,0.13,260000
BSE,20141208,0.2,0.2,0.2,0.2,4841401
BSL,20141208,5.06,5.34,5.06,5.29,2482769
BSR,20141208,0.013,0.013,0.013,0.013,202640
BTC,20141208,0.085,0.085,0.085,0.085,109590
BTI,20141208,0.94,0.94,0.92,0.92,114850
BTT,20141208,6.7,7,6.7,6.95,196415
BUG,20141208,0.65,0.65,0.65,0.65,1446
BUL,20141208,0.037,0.038,0.035,0.038,420701
BUX,20141208,0.079,0.091,0.079,0.085,411547
BWP,20141208,2.62,2.635,2.6,2.6,1016581
BWR,20141208,0.11,0.11,0.11,0.11,159305
BXB,20141208,10.23,10.48,10.22,10.4,4150795
BXN,20141208,0.016,0.016,0.016,0.016,118000
BYE,20141208,0.48,0.5,0.46,0.5,75700
BYI,20141208,1.15,1.15,1.15,1.15,12889
BYL,20141208,0.38,0.385,0.365,0.385,100700
CAB,20141208,4.4,4.45,4.34,4.36,246827
CAD,20141208,0.012,0.012,0.011,0.011,1900000
CAF,20141208,0.48,0.5,0.48,0.5,20334
CAJ,20141208,0.61,0.645,0.605,0.645,588836
CAM,20141208,0.925,0.935,0.92,0.92,107058
CAQ,20141208,0.097,0.1,0.097,0.098,897000
CAS,20141208,0.21,0.21,0.2,0.2,29000
CAV,20141208,0.021,0.021,0.019,0.02,136000
CBA,20141208,82.25,82.94,82.2,82.39,3202771
CCL,20141208,9.29,9.3,9.07,9.1,2058057
CCP,20141208,9.89,9.89,9.65,9.69,72160
CCV,20141208,0.97,0.99,0.955,0.955,204598
CDA,20141208,0.795,0.8,0.75,0.8,95916
CDD,20141208,3.14,3.21,3.11,3.12,873634
CDG,20141208,0.05,0.05,0.046,0.047,221100
CDM,20141208,1.425,1.44,1.42,1.425,74900
CDP,20141208,6.5,6.5,6.5,6.5,62
CDU,20141208,1.31,1.38,1.3,1.36,260035
CDY,20141208,0.028,0.028,0.028,0.028,324813
CEL,20141208,0.059,0.059,0.059,0.059,5000
CFE,20141208,0.091,0.093,0.089,0.089,413579
CFU,20141208,0.007,0.007,0.007,0.007,3381966
CGF,20141208,6.38,6.58,6.37,6.43,4050487
CGH,20141208,0.335,0.335,0.32,0.32,44000
CGN,20141208,0.12,0.12,0.12,0.12,1000
CGO,20141208,0.7,0.7,0.69,0.69,33000
CHC,20141208,4.74,4.775,4.71,4.77,436846
CHN,20141208,0.105,0.105,0.105,0.105,274992
CHP,20141208,0.021,0.021,0.019,0.019,400000
CHZ,20141208,0.025,0.025,0.024,0.024,1347992
CIA,20141208,0.17,0.17,0.17,0.17,205
CIN,20141208,28.2,28.2,28,28,8563
CIX,20141208,0.465,0.465,0.46,0.465,139500
CKA,20141208,0.1,0.1,0.1,0.1,20000
CKF,20141208,2.2,2.2,2.165,2.2,128913
CKK,20141208,0.004,0.004,0.004,0.004,2518510
CLH,20141208,2.01,2.04,1.985,2.03,584381
CLQ,20141208,0.073,0.073,0.067,0.067,1557694
CLT,20141208,0.2,0.2,0.2,0.2,5300
CLV,20141208,0.32,0.32,0.26,0.3,211519
CLX,20141208,1.69,1.69,1.67,1.67,22478
CLZ,20141208,0.018,0.018,0.015,0.015,1000000
CMG,20141208,0.327,0.335,0.325,0.335,98613
CMI,20141208,1.3,1.3,1.3,1.3,21534
CMP,20141208,0.1,0.1,0.1,0.1,54000
CMT,20141208,0.083,0.083,0.083,0.083,55000
CMW,20141208,1.015,1.025,1.015,1.02,2595792
CMY,20141208,0.005,0.005,0.004,0.004,13369000
CNL,20141208,0.01,0.01,0.01,0.01,20000
CNN,20141208,0.002,0.002,0.002,0.002,3840025
CNQ,20141208,0.14,0.145,0.135,0.135,622965
CNU,20141208,2.44,2.52,2.44,2.5,529067
CNX,20141208,0.04,0.042,0.04,0.04,661042
COE,20141208,0.36,0.365,0.33,0.33,143883
COF,20141208,0.285,0.285,0.25,0.26,135499
COH,20141208,71,73.32,71,72.9,278159
COI,20141208,0.115,0.12,0.11,0.12,207575
COO,20141208,0.11,0.11,0.1,0.1,35000
COY,20141208,0.006,0.006,0.006,0.006,475000
COZ,20141208,0.07,0.07,0.066,0.066,109127
CPL,20141208,0.011,0.011,0.011,0.011,200000
CPU,20141208,11.45,11.53,11.45,11.49,941234
CQR,20141208,4.16,4.21,4.13,4.16,606098
CRB,20141208,0.032,0.032,0.029,0.029,169000
CRH,20141208,0.495,0.495,0.49,0.495,163600
CRZ,20141208,10.74,10.78,10.61,10.65,702773
CSD,20141208,0.048,0.048,0.048,0.048,70431
CSE,20141208,0.21,0.21,0.205,0.205,10000
CSL,20141208,86.46,88.66,86.16,88.43,1000245
CSR,20141208,3.64,3.7,3.63,3.66,1089548
CSS,20141208,0.076,0.077,0.076,0.076,938617
CSV,20141208,1.18,1.195,1.165,1.195,93807
CTD,20141208,10.25,10.64,10.2,10.24,453270
CTM,20141208,0.051,0.055,0.05,0.055,182000
CTN,20141208,1.04,1.05,1.035,1.035,324066
CTO,20141208,0.015,0.015,0.015,0.015,630762
CTP,20141208,0.11,0.115,0.105,0.105,872997
CTR,20141208,0.002,0.002,0.002,0.002,300000
CTX,20141208,31.43,31.53,31.1,31.23,509647
CUG,20141208,0.031,0.035,0.031,0.035,483184
CUL,20141208,0.007,0.007,0.006,0.006,653809
CUP,20141208,1.17,1.17,1.17,1.17,25315
CUU,20141208,0.014,0.014,0.014,0.014,40000
CUV,20141208,4.08,4.15,3.84,3.85,49726
CVC,20141208,1.425,1.425,1.42,1.425,22000
CVG,20141208,0.012,0.012,0.012,0.012,300000
CVN,20141208,0.19,0.195,0.18,0.19,3382618
CVO,20141208,2.01,2.1,2.01,2.09,831474
CVT,20141208,0.3,0.34,0.285,0.34,5358031
CVW,20141208,0.89,0.96,0.89,0.895,1845512
CWE,20141208,0.063,0.063,0.061,0.061,1243153
CWG,20141208,0.165,0.18,0.165,0.18,90000
CWN,20141208,13.85,13.99,13.81,13.81,1211548
CWP,20141208,6.05,6.05,5.75,5.9,41926
CXB,20141208,0.042,0.042,0.042,0.042,149058
CXM,20141208,0.08,0.08,0.08,0.08,10000
CXO,20141208,0.05,0.052,0.048,0.05,252280
CXU,20141208,0.16,0.16,0.16,0.16,7375
CXX,20141208,0.18,0.18,0.17,0.17,20000
CXZ,20141208,0.17,0.18,0.165,0.18,153289
CYA,20141208,0.89,0.905,0.89,0.905,166358
CYG,20141208,2.54,2.56,2.54,2.54,6026
CYS,20141208,0.008,0.008,0.008,0.008,88500
CYY,20141208,0.014,0.014,0.014,0.014,82600
CZA,20141208,0.054,0.054,0.054,0.054,190000
CZI,20141208,0.14,0.14,0.135,0.135,71260
CZN,20141208,0.005,0.005,0.005,0.005,10000
CZR,20141208,0.023,0.023,0.022,0.022,1276000
CZZ,20141208,7.39,7.55,7.18,7.55,14570
DCG,20141208,1.25,1.355,1.215,1.31,821227
DCN,20141208,0.28,0.28,0.28,0.28,2000
DDR,20141208,1.68,1.68,1.66,1.66,31622
DDT,20141208,0.024,0.024,0.024,0.024,1013538
DGH,20141208,0.8,0.8,0.8,0.8,39000
DGR,20141208,0.033,0.033,0.033,0.033,98031
DIV,20141208,20.1,20.1,20.1,20.1,36
DJW,20141208,4.5,4.55,4.5,4.52,87877
DKM,20141208,0.38,0.38,0.33,0.37,710413
DLS,20141208,0.87,0.882,0.855,0.865,929013
DLX,20141208,5.95,6.05,5.92,5.99,1690001
DMI,20141208,0.065,0.065,0.065,0.065,12854
DML,20141208,0.014,0.016,0.014,0.016,5232581
DMP,20141208,25.4,25.57,24.92,24.99,173276
DNA,20141208,0.655,0.655,0.625,0.64,363434
DOW,20141208,4.3,4.43,4.29,4.42,1174145
DRA,20141208,0.093,0.093,0.08,0.08,1965
DRG,20141208,0.016,0.016,0.016,0.016,15000
DRK,20141208,0.007,0.007,0.007,0.007,142800
DRM,20141208,0.28,0.29,0.275,0.275,179454
DRX,20141208,0.012,0.012,0.012,0.012,50000
DSH,20141208,2.17,2.17,2.13,2.13,330058
DSX,20141208,0.135,0.135,0.12,0.12,466714
DTL,20141208,0.69,0.705,0.69,0.695,50561
DTM,20141208,0.038,0.038,0.038,0.038,13500
DTR,20141208,0.016,0.016,0.016,0.016,122241
DUE,20141208,2.47,2.49,2.47,2.48,7596843
DUI,20141208,3.35,3.4,3.35,3.39,14645
DUO,20141208,0.008,0.008,0.007,0.007,3417777
DVI,20141208,0.008,0.008,0.008,0.008,193500
DVL,20141208,0.4,0.4,0.4,0.4,1300
DVN,20141208,0.98,1.02,0.97,1,109905
DWS,20141208,1.05,1.06,1.05,1.06,39545
DXS,20141208,7.1,7.13,7.06,7.06,2427318
DYE,20141208,0.21,0.22,0.205,0.21,89368
DYL,20141208,0.014,0.014,0.014,0.014,124112
E88,20141208,0.105,0.11,0.098,0.1,1644428
EAL,20141208,0.42,0.42,0.415,0.42,57250
EAX,20141208,2.29,2.3,2.29,2.3,7388
EBT,20141208,4.02,4.06,4.02,4.05,5933
ECG,20141208,0.3,0.3,0.29,0.3,106000
ECV,20141208,0.96,0.96,0.96,0.96,10000
EDE,20141208,0.013,0.013,0.013,0.013,179509
EEG,20141208,0.077,0.077,0.077,0.077,70000
EEU,20141208,14.59,14.59,14.59,14.59,700
EGG,20141208,1,1,1,1,10000
EGH,20141208,0.27,0.285,0.27,0.285,176111
EGI,20141208,1.07,1.08,1.07,1.08,73973
EGN,20141208,0.1,0.1,0.1,0.1,56008
EGO,20141208,0.006,0.006,0.005,0.005,3240000
EGP,20141208,3.72,3.72,3.68,3.68,2185069
EHE,20141208,4.6,4.92,4.55,4.92,2719099
EHL,20141208,0.177,0.177,0.15,0.15,1314874
ELD,20141208,0.21,0.22,0.21,0.215,984578
ELM,20141208,0.19,0.205,0.19,0.205,17250
ELX,20141208,0.29,0.29,0.285,0.285,4000
EMF,20141208,1.76,1.76,1.76,1.76,3980
EMG,20141208,0.008,0.008,0.008,0.008,25000
EMH,20141208,0.048,0.048,0.048,0.048,200000
EML,20141208,0.56,0.58,0.54,0.58,255940
EMR,20141208,0.022,0.022,0.022,0.022,103600
EMX,20141208,0.027,0.028,0.027,0.027,604435
ENE,20141208,5.39,5.4,5.38,5.4,6290
ENN,20141208,1.54,1.54,1.54,1.54,645
EOS,20141208,0.79,0.79,0.79,0.79,1000
EPD,20141208,0.71,0.71,0.69,0.7,313392
EPW,20141208,2.02,2.03,2,2,120871
EPX,20141208,1.74,1.745,1.72,1.73,59442
EQT,20141208,19.38,19.55,19.3,19.33,8409
EQX,20141208,0.24,0.24,0.24,0.24,6700
ERA,20141208,1.25,1.28,1.24,1.275,130225
ERM,20141208,0.03,0.031,0.03,0.031,400000
ESI,20141208,0.009,0.01,0.009,0.009,1641128
ESK,20141208,0.45,0.45,0.45,0.45,3411
ESM,20141208,0.015,0.015,0.015,0.015,90800
ESV,20141208,0.605,0.605,0.6,0.6,37005
ETE,20141208,0.025,0.026,0.025,0.026,50000
EVN,20141208,0.51,0.59,0.505,0.56,2094080
EVO,20141208,1,1,0.98,0.99,118235
EVR,20141208,0.475,0.515,0.47,0.515,13722
EVZ,20141208,0.027,0.027,0.027,0.027,16134
EWC,20141208,0.367,0.375,0.365,0.365,86421
EXE,20141208,0.031,0.031,0.031,0.031,56654
EXM,20141208,0.006,0.006,0.006,0.006,50000
EXU,20141208,0.003,0.003,0.003,0.003,49341
EYM,20141208,0.004,0.004,0.004,0.004,1125000
EZA,20141208,0.12,0.125,0.12,0.125,400000
EZL,20141208,1.02,1.025,1.02,1.025,34254
FAN,20141208,1.74,1.745,1.74,1.74,202904
FAR,20141208,0.077,0.079,0.075,0.075,6572133
FBU,20141208,7.86,7.89,7.78,7.78,739097
FDC,20141208,2.81,2.84,2.78,2.79,3513211
FET,20141208,1.97,1.99,1.95,1.96,165595
FFF,20141208,0.011,0.011,0.01,0.01,435000
FFI,20141208,3.85,3.85,3.81,3.85,6550
FGX,20141208,1.035,1.04,1.035,1.035,87923
FLK,20141208,0.21,0.21,0.21,0.21,948547
FLN,20141208,0.56,0.57,0.53,0.535,145190
FLT,20141208,39.29,39.75,39.02,39.13,342661
FMG,20141208,2.7,2.705,2.61,2.66,24491218
FML,20141208,0.009,0.01,0.009,0.009,8152157
FMS,20141208,0.013,0.013,0.013,0.013,3431208
FND,20141208,0.155,0.155,0.14,0.15,132500
FNP,20141208,3.2,3.2,3.13,3.18,21653
FNT,20141208,0.009,0.014,0.009,0.01,5110559
FPH,20141208,5.5,5.53,5.45,5.5,348314
FPS,20141208,1.7,1.7,1.61,1.61,12921
FRI,20141208,1.3,1.3,1.24,1.265,312771
FSA,20141208,1.045,1.05,1.035,1.045,45635
FSF,20141208,5.75,5.75,5.66,5.66,46573
FSI,20141208,1.55,1.55,1.55,1.55,1581
FST,20141208,3.15,3.29,3.15,3.29,11700
FTE,20141208,0.003,0.003,0.002,0.002,4356682
FTZ,20141208,0.325,0.325,0.3,0.3,10000
FUN,20141208,0.054,0.054,0.052,0.052,209112
FWD,20141208,1.2,1.205,1.13,1.18,211406
FXJ,20141208,0.77,0.79,0.76,0.785,4306205
FXL,20141208,3.12,3.255,3.12,3.23,1376997
FXR,20141208,0.006,0.006,0.006,0.006,100000
GAL,20141208,0.008,0.008,0.008,0.008,500000
GAP,20141208,0.235,0.235,0.235,0.235,53050
GBG,20141208,0.022,0.023,0.022,0.022,740111
GBI,20141208,0.2,0.22,0.2,0.22,15000
GBP,20141208,0.045,0.045,0.045,0.045,13601
GBT,20141208,3.85,3.91,3.84,3.89,31457
GBZ,20141208,0.014,0.014,0.012,0.012,1050000
GCS,20141208,0.47,0.48,0.47,0.47,176651
GCY,20141208,0.11,0.11,0.11,0.11,67000
GDI,20141208,0.895,0.895,0.885,0.885,282031
GDY,20141208,0.041,0.042,0.041,0.041,257090
GEM,20141208,4.81,4.83,4.695,4.79,2761591
GFF,20141208,0.635,0.635,0.625,0.63,7386084
GGG,20141208,0.087,0.091,0.084,0.084,976837
GHC,20141208,1.48,1.5,1.46,1.49,132133
GID,20141208,0.285,0.285,0.285,0.285,444
GIP,20141208,0.003,0.003,0.003,0.003,107443
GJT,20141208,1.65,1.65,1.64,1.64,43823
GLF,20141208,0.002,0.002,0.002,0.002,750000
GLH,20141208,0.295,0.305,0.295,0.305,49562
GMA,20141208,3.4,3.45,3.38,3.43,1083470
GMF,20141208,1.905,1.905,1.9,1.905,111173
GMG,20141208,5.73,5.73,5.62,5.62,2688019
GMY,20141208,1,1,1,1,26005
GNC,20141208,8.34,8.34,8.23,8.28,460218
GNE,20141208,1.975,1.975,1.96,1.96,56768
GNG,20141208,0.73,0.73,0.73,0.73,2400
GNV,20141208,0.022,0.022,0.022,0.022,20900
GOLD,20141208,137.34,138,135.92,138,5952
GOR,20141208,0.215,0.22,0.205,0.215,191215
GOW,20141208,2.88,2.88,2.88,2.88,500
GOZ,20141208,2.74,2.75,2.73,2.73,97435
GPH,20141208,0.02,0.02,0.02,0.02,53413
GPR,20141208,0.058,0.059,0.058,0.059,247796
GPT,20141208,4.26,4.29,4.19,4.21,5773683
GRB,20141208,0.15,0.15,0.15,0.15,504595
GRF,20141208,1.53,1.53,1.53,1.53,61559
GRK,20141208,0.002,0.002,0.002,0.002,57142
GRR,20141208,0.1,0.105,0.1,0.1,488931
GRV,20141208,0.09,0.09,0.09,0.09,13480
GRY,20141208,0.051,0.056,0.051,0.052,6050587
GTE,20141208,0.03,0.03,0.03,0.03,362910
GTG,20141208,0.017,0.017,0.017,0.017,2573100
GTK,20141208,2.12,2.14,2.12,2.14,3275
GUD,20141208,7.2,7.29,7.16,7.23,124719
GUF,20141208,0.04,0.04,0.039,0.039,130778
GVF,20141208,1.03,1.03,1.02,1.03,76975
GWA,20141208,2.8,2.81,2.77,2.8,191075
GWR,20141208,0.065,0.065,0.065,0.065,115000
GXL,20141208,7.9,8.01,7.82,7.95,465189
GXY,20141208,0.028,0.029,0.027,0.027,459715
GZL,20141208,2.65,2.65,2.65,2.65,2719
HAR,20141208,0.01,0.011,0.01,0.01,2964563
HAS,20141208,0.08,0.082,0.08,0.082,1053675
HAV,20141208,0.096,0.096,0.09,0.09,1035827
HAW,20141208,0.015,0.015,0.015,0.015,12000
HCH,20141208,0.155,0.155,0.15,0.15,39500
HEG,20141208,0.004,0.004,0.004,0.004,35000
HFA,20141208,1.48,1.48,1.47,1.475,63462
HFR,20141208,0.54,0.55,0.52,0.55,42000
HGG,20141208,4.14,4.15,4.095,4.11,2631788
HGO,20141208,0.45,0.475,0.45,0.475,80061
HHL,20141208,1.85,1.88,1.81,1.81,9769
HHV,20141208,1.22,1.22,1.21,1.21,238161
HHY,20141208,0.17,0.17,0.17,0.17,150000
HIG,20141208,0.054,0.06,0.054,0.06,432700
HIL,20141208,1.17,1.19,1.165,1.17,157956
HLO,20141208,0.28,0.29,0.26,0.27,64700
HOG,20141208,0.004,0.004,0.004,0.004,250000
HPI,20141208,2.59,2.59,2.51,2.51,105823
HRL,20141208,0.006,0.006,0.006,0.006,400000
HRR,20141208,0.13,0.135,0.125,0.135,717524
HSK,20141208,0.115,0.125,0.115,0.125,270000
HSN,20141208,1.68,1.695,1.665,1.675,115904
HSO,20141208,2.61,2.67,2.57,2.66,6791593
HTA,20141208,0.065,0.065,0.065,0.065,9067
HUB,20141208,0.98,0.98,0.96,0.96,25239
HUO,20141208,4.89,4.89,4.8,4.8,90230
HVN,20141208,3.74,3.74,3.64,3.65,2439130
HZN,20141208,0.185,0.185,0.175,0.185,2084108
IAA,20141208,57.99,58.58,57.85,58.04,7762
IAF,20141208,106,106,105.34,105.34,4535
IAG,20141208,6.37,6.45,6.355,6.39,8137305
IAU,20141208,0.14,0.14,0.13,0.135,3501721
IBC,20141208,0.56,0.56,0.56,0.56,44000
IBG,20141208,0.089,0.09,0.089,0.089,274490
IBK,20141208,45.54,45.54,45.09,45.51,979
ICG,20141208,0.016,0.016,0.015,0.015,1109621
ICN,20141208,0.105,0.105,0.099,0.1,301123
ICQ,20141208,0.875,0.885,0.795,0.85,1464262
ICT,20141208,0.15,0.15,0.145,0.145,80045
ICU,20141208,0.22,0.225,0.22,0.225,46727
IDC,20141208,0.012,0.012,0.011,0.011,1468045
IDR,20141208,2.03,2.04,2.02,2.03,145347
IDT,20141208,0.19,0.19,0.18,0.18,38080
IDZ,20141208,0.5,0.5,0.5,0.5,6000
IEC,20141208,0.02,0.02,0.02,0.02,39472
IEM,20141208,49.45,49.65,49.08,49.46,32994
IEU,20141208,54.05,54.57,54.05,54.15,7690
IFE,20141208,0.025,0.025,0.025,0.025,35000
IFL,20141208,9.04,9.17,9.03,9.09,589748
IFM,20141208,1.16,1.22,1.16,1.205,984687
IFN,20141208,0.265,0.275,0.265,0.27,370098
IGO,20141208,4.19,4.31,4.1,4.28,1331321
IHD,20141208,14.57,14.64,14.57,14.57,37767
IHK,20141208,25.85,25.89,25.85,25.89,1885
IIL,20141208,0.175,0.175,0.175,0.175,500
IIN,20141208,8.39,8.48,8.305,8.4,502491
IJH,20141208,174.68,174.68,174.1,174.59,545
IJP,20141208,14.26,14.26,13.98,14.07,36527
IJR,20141208,135.65,135.65,135.45,135.45,102
IKO,20141208,68.5,68.5,68.5,68.5,500
ILB,20141208,111.2,111.28,111.15,111.27,827
ILC,20141208,24.47,24.7,24.47,24.53,23921
ILH,20141208,0.022,0.022,0.022,0.022,88410
ILU,20141208,6.42,6.5,6.29,6.32,2221155
IMA,20141208,0.087,0.087,0.087,0.087,38888
IMD,20141208,0.445,0.445,0.42,0.42,339780
IMF,20141208,2.22,2.22,2.18,2.18,193838
IMU,20141208,0.011,0.011,0.011,0.011,78500
INA,20141208,0.435,0.445,0.435,0.44,3101666
INT,20141208,0.016,0.016,0.016,0.016,250
IOF,20141208,3.71,3.71,3.62,3.62,1209362
IOO,20141208,95.62,96.17,95.21,96.04,30728
IOZ,20141208,23.33,23.44,23.23,23.35,44270
IPB,20141208,0.026,0.026,0.025,0.026,223000
IPD,20141208,0.755,0.8,0.75,0.795,769859
IPE,20141208,0.305,0.305,0.305,0.305,166560
IPH,20141208,3.32,3.49,3.31,3.42,369018
IPL,20141208,3.01,3.025,2.98,3,3942486
IPP,20141208,2.52,2.56,2.33,2.42,461718
IPT,20141208,0.02,0.02,0.02,0.02,250000
IQE,20141208,2.51,2.51,2.51,2.51,272
IRD,20141208,0.175,0.185,0.175,0.185,59758
IRE,20141208,10.31,10.55,10.31,10.42,319664
IRI,20141208,0.97,0.975,0.97,0.97,83714
IRN,20141208,0.285,0.29,0.285,0.29,714274
IRU,20141208,142.34,142.65,142,142.65,3618
ISD,20141208,2.89,2.93,2.83,2.86,57721
ISG,20141208,15.75,15.76,15.71,15.75,695
ISN,20141208,0.072,0.072,0.072,0.072,47000
ISO,20141208,3.67,3.69,3.66,3.69,18116
ISU,20141208,1.26,1.26,1.21,1.215,93526
ITW,20141208,18.88,18.88,18.7,18.7,306
IVC,20141208,11.92,12.07,11.92,11.94,121933
IVE,20141208,77.44,77.53,76.8,77.19,12221
IVO,20141208,0.079,0.08,0.079,0.08,358500
IVR,20141208,0.016,0.017,0.016,0.017,66000
IVV,20141208,252.41,253.36,251.65,253.3,25554
IVX,20141208,0.06,0.066,0.06,0.062,1723267
IXI,20141208,110.75,111.47,110.7,111.47,2679
IXJ,20141208,125.32,126.1,125.32,126.09,12318
IXP,20141208,76.65,76.9,76.65,76.67,593
IXR,20141208,0.012,0.012,0.01,0.01,888472
IZZ,20141208,51.09,51.18,50.33,51.01,442548
JAL,20141208,0.095,0.095,0.095,0.095,127795
JBH,20141208,16.02,16.03,15.56,15.59,532451
JHC,20141208,1.97,2.13,1.97,2.12,2822112
JHX,20141208,13.04,13.04,12.82,12.95,1903345
JIN,20141208,1.095,1.16,1.095,1.1,37183
JKA,20141208,0.028,0.031,0.028,0.03,387922
JRV,20141208,0.066,0.066,0.066,0.066,4950
JYC,20141208,0.55,0.55,0.55,0.55,5000
KAM,20141208,0.51,0.51,0.51,0.51,54500
KAR,20141208,2.77,2.77,2.66,2.69,713889
KAS,20141208,0.06,0.06,0.06,0.06,37900
KAT,20141208,0.92,0.925,0.92,0.925,35000
KBL,20141208,0.034,0.034,0.031,0.031,560308
KCN,20141208,0.65,0.675,0.64,0.67,1342306
KDL,20141208,0.125,0.125,0.12,0.12,20000
KDR,20141208,0.063,0.065,0.063,0.065,207500
KEY,20141208,0.007,0.007,0.007,0.007,96000
KFE,20141208,0.031,0.031,0.029,0.029,300160
KGL,20141208,0.21,0.215,0.2,0.205,300222
KIK,20141208,0.01,0.012,0.01,0.012,222567
KKL,20141208,0.005,0.005,0.005,0.005,500000
KMD,20141208,2.79,2.85,2.76,2.85,533662
KME,20141208,0.3,0.3,0.29,0.29,51250
KNL,20141208,0.125,0.155,0.125,0.155,1952157
KOV,20141208,4.98,4.98,4.98,4.98,10800
KPC,20141208,0.21,0.23,0.21,0.23,132000
KPL,20141208,0.35,0.35,0.35,0.35,14000
KPT,20141208,3.5,3.5,3.5,3.5,1400
KRA,20141208,0.009,0.009,0.009,0.009,50000
KRC,20141208,0.027,0.027,0.027,0.027,26000
KRL,20141208,0.009,0.009,0.008,0.008,210000
KRM,20141208,0.24,0.24,0.24,0.24,26500
KSC,20141208,1.29,1.29,1.29,1.29,3773
LAU,20141208,0.39,0.39,0.38,0.38,269610
LBT,20141208,0.125,0.125,0.125,0.125,103333
LBY,20141208,0.015,0.015,0.015,0.015,8625
LCM,20141208,0.705,0.705,0.69,0.69,246021
LCR,20141208,0.003,0.003,0.003,0.003,789236
LCT,20141208,0.065,0.07,0.065,0.065,329000
LCY,20141208,0.007,0.007,0.007,0.007,358000
LEG,20141208,0.009,0.009,0.009,0.009,67000
LEI,20141208,21.48,22.23,21.48,22.23,458549
LEP,20141208,3.15,3.18,3.15,3.15,107639
LER,20141208,0.125,0.14,0.125,0.135,118897
LGD,20141208,0.255,0.255,0.255,0.255,7000
LGO,20141208,0.001,0.002,0.001,0.002,1380000
LHC,20141208,2.16,2.22,2.16,2.16,20899
LIC,20141208,2.03,2.03,2.02,2.02,102396
LIO,20141208,0.16,0.18,0.16,0.18,5000
LKO,20141208,0.003,0.003,0.003,0.003,1525312
LLC,20141208,15.7,15.92,15.68,15.77,1168806
LMB,20141208,0.18,0.2,0.17,0.19,1045316
LMG,20141208,0.016,0.016,0.014,0.014,1850000
LML,20141208,0.054,0.054,0.054,0.054,300000
LMR,20141208,0.04,0.04,0.04,0.04,118793
LMW,20141208,0.5,0.5,0.5,0.5,10000
LNG,20141208,2.81,2.89,2.62,2.71,3496802
LNR,20141208,0.21,0.21,0.18,0.195,938282
LOM,20141208,0.34,0.36,0.3,0.33,971661
LRS,20141208,0.02,0.02,0.02,0.02,200000
LSR,20141208,0.012,0.012,0.011,0.011,873333
LTN,20141208,0.081,0.081,0.08,0.08,30349
LYC,20141208,0.054,0.055,0.053,0.054,8684240
LYL,20141208,1.6,1.6,1.6,1.6,2500
MAD,20141208,0.105,0.105,0.1,0.1,589041
MAH,20141208,0.073,0.074,0.071,0.072,981735
MAK,20141208,0.066,0.067,0.066,0.067,18250
MAR,20141208,0.007,0.007,0.007,0.007,100000
MAS,20141208,0.017,0.018,0.017,0.018,199901
MAT,20141208,0.145,0.155,0.145,0.155,86487
MBE,20141208,0.175,0.175,0.16,0.165,2348219
MBN,20141208,0.03,0.03,0.028,0.028,1207184
MCE,20141208,0.785,0.785,0.72,0.74,445709
MCP,20141208,1.18,1.19,1.18,1.19,19706
MCR,20141208,0.56,0.57,0.55,0.56,179231
MCS,20141208,0.26,0.27,0.25,0.25,499439
MCX,20141208,0.11,0.11,0.1,0.1,30550
MDI,20141208,0.012,0.012,0.012,0.012,3800
MDL,20141208,0.89,0.91,0.85,0.85,51201
MEB,20141208,0.004,0.004,0.004,0.004,800000
MEL,20141208,0.053,0.053,0.046,0.046,119654
MEO,20141208,0.016,0.018,0.016,0.018,1424817
MEP,20141208,0.145,0.145,0.145,0.145,30000
MFF,20141208,1.675,1.7,1.675,1.695,530528
MFG,20141208,16.01,16.48,16.01,16.35,523600
MGP,20141208,0.22,0.22,0.22,0.22,125000
MGR,20141208,1.825,1.835,1.805,1.825,9744924
MGX,20141208,0.225,0.227,0.19,0.195,44962321
MGZ,20141208,0.028,0.03,0.028,0.03,275000
MHC,20141208,0.045,0.045,0.045,0.045,4014
MHM,20141208,0.02,0.02,0.015,0.015,71680
MIG,20141208,0.44,0.455,0.43,0.455,76000
MIN,20141208,7.28,7.34,7.12,7.18,1120633
MIR,20141208,2.64,2.65,2.61,2.61,47938
MIZ,20141208,0.003,0.003,0.003,0.003,2987500
MKB,20141208,0.17,0.175,0.155,0.175,387399
MKO,20141208,0.04,0.04,0.037,0.037,28950
MLA,20141208,0.066,0.066,0.066,0.066,54000
MLB,20141208,1.37,1.38,1.37,1.38,22281
MLD,20141208,0.94,0.955,0.93,0.93,585380
MLM,20141208,0.051,0.051,0.051,0.051,33985
MLT,20141208,4.27,4.29,4.26,4.28,145791
MMC,20141208,0.008,0.008,0.007,0.007,640000
MMI,20141208,0.027,0.027,0.027,0.027,7350
MML,20141208,0.7,0.725,0.68,0.715,2054217
MMS,20141208,10.6,10.77,10.58,10.71,305027
MNC,20141208,0.009,0.009,0.009,0.009,128400
MND,20141208,9.25,9.42,9.15,9.27,615048
MNE,20141208,0.01,0.01,0.01,0.01,617844
MNF,20141208,3.84,3.84,3.7,3.8,59276
MNM,20141208,0.012,0.012,0.012,0.012,67109
MNS,20141208,0.185,0.185,0.175,0.185,392513
MNW,20141208,0.06,0.072,0.06,0.072,1981113
MOC,20141208,2.49,2.49,2.32,2.36,152596
MOD,20141208,0.005,0.005,0.005,0.005,190000
MOT,20141208,0.001,0.001,0.001,0.001,1500000
MOX,20141208,0.013,0.013,0.013,0.013,107123
MOY,20141208,0.064,0.064,0.063,0.063,20364
MPE,20141208,0.005,0.005,0.005,0.005,500000
MPJ,20141208,0.006,0.006,0.006,0.006,3494531
MPL,20141208,2.16,2.19,2.15,2.19,235572013
MPO,20141208,0.16,0.16,0.155,0.155,19572
MPP,20141208,1.7,1.7,1.7,1.7,6000
MPX,20141208,0.21,0.21,0.21,0.21,37730
MQA,20141208,3.28,3.32,3.28,3.3,788200
MQG,20141208,60.87,61.4,60.8,61.06,1049929
MRD,20141208,0.013,0.014,0.013,0.014,240352
MRF,20141208,0.08,0.08,0.08,0.08,40000
MRM,20141208,1.31,1.32,1.227,1.23,4237424
MRN,20141208,1.22,1.22,1.22,1.22,427
MRP,20141208,0.12,0.125,0.1,0.11,131333
MRQ,20141208,0.105,0.105,0.105,0.105,20964
MSB,20141208,4.33,4.51,4.33,4.45,319354
MSC,20141208,0.046,0.046,0.045,0.046,350000
MSP,20141208,0.033,0.034,0.033,0.034,90500
MSR,20141208,0.016,0.022,0.016,0.017,980104
MSV,20141208,0.03,0.031,0.03,0.031,200000
MTA,20141208,0.088,0.09,0.088,0.089,123159
MTH,20141208,0.008,0.009,0.008,0.008,1285144
MTI,20141208,0.001,0.001,0.001,0.001,1502232
MTR,20141208,2.61,2.85,2.61,2.71,90561
MTS,20141208,1.86,1.88,1.82,1.83,8071437
MTU,20141208,8.4,8.54,8.4,8.5,454595
MUE,20141208,0.041,0.041,0.041,0.041,79955
MUX,20141208,0.12,0.12,0.11,0.11,30000
MVA,20141208,17.36,17.36,17.36,17.36,342
MVB,20141208,26.54,26.54,26.54,26.54,11305
MVE,20141208,6.56,6.56,6.56,6.56,3810
MVF,20141208,1.44,1.46,1.43,1.43,356765
MVP,20141208,1.215,1.215,1.2,1.2,29851
MVW,20141208,20.8,20.8,20.8,20.8,1049
MWR,20141208,0.91,0.95,0.91,0.91,21000
MWS,20141208,0.003,0.003,0.003,0.003,225000
MXI,20141208,0.475,0.5,0.475,0.495,256981
MYE,20141208,0.25,0.26,0.25,0.26,208729
MYG,20141208,0.026,0.026,0.026,0.026,54000
MYR,20141208,1.57,1.585,1.53,1.535,4350617
MYS,20141208,4.62,4.7,4.59,4.7,7899
MYT,20141208,2.79,2.79,2.76,2.76,399888
MYX,20141208,0.63,0.65,0.625,0.64,4047598
NAB,20141208,32.8,33.16,32.76,32.97,6400525
NAG,20141208,0.045,0.045,0.04,0.044,550032
NAN,20141208,1.12,1.19,1.12,1.15,506462
NCC,20141208,1.01,1.01,1.01,1.01,42423
NCK,20141208,2.73,2.8,2.73,2.73,22385
NCM,20141208,10.25,10.35,10.07,10.3,2940010
NCR,20141208,0.01,0.01,0.01,0.01,51393
NDO,20141208,0.037,0.037,0.036,0.036,58000
NEA,20141208,0.64,0.66,0.635,0.64,1230745
NEC,20141208,2.02,2.09,2.02,2.06,1024568
NEN,20141208,0.034,0.035,0.034,0.034,3094472
NEU,20141208,0.115,0.115,0.11,0.115,1109652
NFE,20141208,0.016,0.016,0.016,0.016,1835742
NGF,20141208,0.13,0.14,0.125,0.125,42700
NGY,20141208,0.03,0.03,0.03,0.03,169120
NHC,20141208,2.41,2.48,2.4,2.41,117822
NHF,20141208,3.12,3.12,3.07,3.12,216794
NHO,20141208,0.01,0.01,0.009,0.009,1020088
NIU,20141208,0.002,0.002,0.002,0.002,1486
NKP,20141208,0.078,0.078,0.076,0.076,34000
NLS,20141208,0.007,0.007,0.007,0.007,100000
NMI,20141208,0.02,0.02,0.02,0.02,200000
NNW,20141208,0.38,0.38,0.335,0.365,1023688
NOD,20141208,0.048,0.05,0.048,0.05,300000
NOE,20141208,0.13,0.13,0.13,0.13,8000
NPX,20141208,2.79,2.82,2.79,2.82,10345
NRT,20141208,0.086,0.086,0.085,0.085,207097
NSE,20141208,0.044,0.049,0.044,0.049,374507
NSL,20141208,0.005,0.006,0.005,0.006,950875
NSR,20141208,1.48,1.5,1.405,1.41,288794
NST,20141208,1.11,1.16,1.105,1.15,2552185
NTC,20141208,0.51,0.515,0.475,0.48,327769
NTM,20141208,0.015,0.015,0.015,0.015,5000
NTU,20141208,0.24,0.26,0.22,0.26,542739
NUF,20141208,4.53,4.68,4.53,4.6,651325
NVN,20141208,2.18,2.19,2.17,2.19,4936581
NVT,20141208,5.1,5.11,4.98,5.05,354010
NWE,20141208,0.007,0.007,0.007,0.007,443000
NWF,20141208,0.48,0.48,0.48,0.48,6211
NWH,20141208,0.38,0.39,0.37,0.37,472561
NWS,20141208,18.33,18.43,18.31,18.35,100357
NWT,20141208,0.19,0.195,0.185,0.185,682692
NWZ,20141208,0.15,0.17,0.15,0.17,288017
NXR,20141208,0.054,0.054,0.049,0.05,550756
NXT,20141208,1.89,1.915,1.87,1.885,519766
OAR,20141208,0.18,0.18,0.18,0.18,10000
OBJ,20141208,0.094,0.094,0.091,0.092,3019181
OBL,20141208,0.005,0.005,0.005,0.005,500000
OBS,20141208,0.55,0.565,0.55,0.565,743781
OCC,20141208,0.45,0.47,0.45,0.46,378437
OCP,20141208,1.35,1.35,1.325,1.325,5049
OEC,20141208,0.395,0.4,0.37,0.37,60425
OEG,20141208,0.012,0.012,0.012,0.012,400000
OEL,20141208,0.091,0.096,0.09,0.095,911517
OEX,20141208,0.07,0.074,0.07,0.072,731434
OFX,20141208,2.75,2.8,2.715,2.75,1331766
OGC,20141208,2.11,2.13,2.07,2.08,293758
OGX,20141208,0.065,0.065,0.065,0.065,75800
OIL,20141208,0.044,0.045,0.044,0.044,86350
OMH,20141208,0.34,0.34,0.34,0.34,65000
ONC,20141208,0.2,0.25,0.2,0.25,284240
ONT,20141208,6.19,6.2,6.1,6.2,4487
OOO,20141208,35,35.05,34.86,34.88,1719
OPG,20141208,0.425,0.425,0.425,0.425,173270
ORA,20141208,1.91,1.94,1.895,1.9,5084126
ORE,20141208,2.41,2.56,2.41,2.48,71428
ORG,20141208,11.3,11.4,11.26,11.34,3248441
ORI,20141208,17.62,18.09,17.52,17.92,1204276
ORL,20141208,3.75,3.82,3.66,3.82,18387
ORX,20141208,0.035,0.035,0.035,0.035,7159
OSH,20141208,7.75,7.88,7.72,7.85,6236771
OSL,20141208,0.087,0.087,0.085,0.085,151935
OTC,20141208,0.185,0.19,0.175,0.18,64500
OTE,20141208,0.003,0.003,0.003,0.003,3716100
OTH,20141208,0.55,0.55,0.55,0.55,45000
OVL,20141208,0.007,0.007,0.007,0.007,160000
OZB,20141208,0.004,0.004,0.004,0.004,3050210
OZF,20141208,21.79,21.79,21.79,21.79,798
OZG,20141208,0.155,0.155,0.15,0.155,279500
OZL,20141208,3.09,3.16,3.02,3.12,2731621
OZR,20141208,8.33,8.34,8.33,8.34,2442
PAA,20141208,0.008,0.008,0.008,0.008,175000
PAB,20141208,0.017,0.017,0.014,0.016,2340917
PAF,20141208,0.97,0.995,0.96,0.995,55759
PAN,20141208,0.365,0.37,0.34,0.35,1875536
PBG,20141208,0.52,0.525,0.495,0.5,2859738
PBP,20141208,0.25,0.25,0.25,0.25,19000
PBT,20141208,0.18,0.18,0.175,0.18,287506
PCL,20141208,0.023,0.024,0.023,0.023,651666
PDI,20141208,0.005,0.005,0.005,0.005,353000
PDN,20141208,0.33,0.335,0.327,0.335,2893665
PDY,20141208,0.005,0.005,0.005,0.005,621800
PDZ,20141208,0.35,0.35,0.35,0.35,36000
PEA,20141208,0.48,0.48,0.48,0.48,7650
PEK,20141208,0.076,0.076,0.067,0.067,132375
PEN,20141208,0.021,0.021,0.02,0.02,8377570
PFG,20141208,0.093,0.094,0.093,0.094,55600
PFL,20141208,1.305,1.31,1.22,1.25,76432
PGC,20141208,0.37,0.375,0.37,0.375,40305
PGF,20141208,1.065,1.065,1.045,1.05,507800
PGH,20141208,4.24,4.325,4.24,4.29,293108
PGI,20141208,0.021,0.021,0.02,0.021,612948
PGM,20141208,0.08,0.08,0.08,0.08,14811
PGR,20141208,0.67,0.7,0.655,0.655,419859
PHG,20141208,0.405,0.405,0.4,0.4,465636
PIO,20141208,0.014,0.014,0.014,0.014,142857
PLD,20141208,0.007,0.007,0.005,0.006,707332
PLS,20141208,0.042,0.043,0.042,0.042,1016848
PMC,20141208,1.85,1.85,1.785,1.785,223890
PME,20141208,1.09,1.095,1.04,1.05,60140
PML,20141208,0.04,0.04,0.04,0.04,634090
PMP,20141208,0.39,0.395,0.38,0.38,358035
PMV,20141208,10.65,10.835,10.62,10.79,149554
PMY,20141208,0.027,0.027,0.027,0.027,39314
PNA,20141208,1.455,1.505,1.42,1.5,2543632
PNC,20141208,1.77,1.77,1.77,1.77,10000
PNL,20141208,0.2,0.2,0.2,0.2,62500
PNR,20141208,0.058,0.06,0.057,0.06,44250
PNV,20141208,0.099,0.099,0.09,0.09,120000
PNX,20141208,0.044,0.048,0.034,0.034,8192887
POH,20141208,0.07,0.071,0.069,0.069,258698
POP,20141208,0.045,0.045,0.045,0.045,15500
POS,20141208,0.12,0.125,0.11,0.11,4476020
POU,20141208,18.67,18.67,18.67,18.67,276
PPC,20141208,1.16,1.16,1.135,1.14,341059
PPK,20141208,0.66,0.66,0.66,0.66,30000
PPS,20141208,0.195,0.2,0.195,0.195,262817
PPT,20141208,47.81,48.3,47.81,47.88,136268
PPX,20141208,0.039,0.041,0.039,0.04,138205
PRG,20141208,2.4,2.4,2.26,2.33,156350
PRL,20141208,0.08,0.095,0.08,0.095,74500
PRR,20141208,0.036,0.037,0.036,0.036,1379769
PRT,20141208,0.8,0.84,0.8,0.84,250498
PRU,20141208,0.23,0.235,0.22,0.225,5978240
PRY,20141208,4.78,4.81,4.76,4.81,1415896
PSA,20141208,0.12,0.12,0.105,0.12,31958
PSQ,20141208,1.68,1.7,1.68,1.7,98349
PSY,20141208,0.31,0.325,0.305,0.31,2186488
PSZ,20141208,0.78,0.78,0.77,0.77,9500
PTL,20141208,0.49,0.5,0.49,0.49,11764
PTM,20141208,7.17,7.28,7.15,7.26,601544
PTR,20141208,0.004,0.004,0.004,0.004,80000
PVA,20141208,5.26,5.3,5.25,5.29,21200
PVD,20141208,0.365,0.37,0.35,0.36,89417
PXG,20141208,0.092,0.094,0.092,0.094,20000
PXR,20141208,0.001,0.001,0.001,0.001,1985763
PXS,20141208,0.052,0.052,0.052,0.052,3000
PYC,20141208,0.017,0.017,0.016,0.016,135000
PYM,20141208,0.009,0.009,0.009,0.009,1895482
PZC,20141208,0.014,0.014,0.014,0.014,200
QAG,20141208,9.33,9.33,9.28,9.28,1500
QAN,20141208,2.24,2.44,2.23,2.39,24939296
QAU,20141208,12.55,12.55,12.51,12.51,7521
QBE,20141208,11.25,11.49,11.2,11.37,4534218
QFN,20141208,11.63,11.72,11.63,11.72,28520
QFX,20141208,0.003,0.003,0.003,0.003,500000
QHL,20141208,0.215,0.225,0.207,0.22,311736
QMN,20141208,0.007,0.007,0.007,0.007,180000
QOZ,20141208,12.46,12.49,12.46,12.47,2947
QRE,20141208,4.66,4.66,4.63,4.63,6740
QRX,20141208,0.018,0.018,0.017,0.017,211657
QUB,20141208,2.31,2.34,2.28,2.3,3917613
QUR,20141208,0.003,0.003,0.003,0.003,200000
QVE,20141208,0.995,0.995,0.985,0.995,156105
RAD,20141208,0.015,0.015,0.015,0.015,60000
RCB,20141208,20.43,20.52,20.43,20.52,13202
RCG,20141208,0.67,0.67,0.66,0.66,178874
RCM,20141208,0.024,0.024,0.022,0.022,748947
RCR,20141208,1.65,1.7,1.61,1.64,231648
RCT,20141208,2.92,3.02,2.92,3.02,51135
RDF,20141208,1.06,1.06,1.06,1.06,7013
RDH,20141208,1.38,1.38,1.36,1.36,4586
RDM,20141208,0.11,0.11,0.1,0.1,81000
RDR,20141208,0.035,0.035,0.035,0.035,479000
RDS,20141208,0.04,0.04,0.04,0.04,120000
RDV,20141208,29.9,29.93,29.84,29.84,159415
REA,20141208,45,46.11,44.89,45.85,108936
REC,20141208,6.2,6.42,6.2,6.3,737337
RED,20141208,0.088,0.088,0.085,0.085,293883
REG,20141208,3.95,4.01,3.91,3.99,1028557
REH,20141208,31.04,31.04,31,31,1567
RER,20141208,0.047,0.047,0.047,0.047,50000
RES,20141208,0.125,0.125,0.125,0.125,42600
REX,20141208,1.03,1.045,1.03,1.03,113652
RFE,20141208,0.006,0.006,0.006,0.006,1404726
RFF,20141208,1.06,1.06,1.04,1.06,15628
RFG,20141208,5.66,5.68,5.59,5.6,320692
RFL,20141208,0.23,0.24,0.23,0.24,8857
RFX,20141208,0.32,0.325,0.32,0.32,59562
RGS,20141208,0.13,0.14,0.125,0.14,207210
RHC,20141208,55.62,56.31,55.54,55.8,287545
RHL,20141208,3.56,3.62,3.56,3.6,10469
RHP,20141208,1,1,0.99,1,502010
RHT,20141208,0.04,0.044,0.04,0.042,252500
RIC,20141208,0.92,0.94,0.91,0.91,145446
RIM,20141208,0.022,0.022,0.022,0.022,500000
RIO,20141208,57.44,57.76,56.92,57.13,1584228
RKN,20141208,1.815,1.85,1.81,1.81,29437
RLE,20141208,0.205,0.205,0.2,0.2,74210
RMD,20141208,6.53,6.605,6.52,6.52,2870220
RMR,20141208,0.006,0.006,0.006,0.006,168666
RMS,20141208,0.044,0.047,0.044,0.045,248223
RMT,20141208,0.003,0.003,0.003,0.003,237100
RMX,20141208,0.005,0.005,0.005,0.005,2000000
RND,20141208,0.62,0.62,0.62,0.62,4689
RNI,20141208,0.088,0.088,0.082,0.088,102334
RNO,20141208,0.028,0.03,0.028,0.028,387041
RNS,20141208,0.061,0.061,0.051,0.051,281647
RNU,20141208,0.033,0.033,0.03,0.03,100000
RNY,20141208,0.3,0.3,0.295,0.3,551333
ROC,20141208,0.68,0.685,0.68,0.685,46657
RQL,20141208,0.15,0.15,0.15,0.15,75000
RRL,20141208,1.425,1.49,1.425,1.485,1310751
RRS,20141208,0.01,0.011,0.01,0.01,6127153
RSG,20141208,0.22,0.255,0.215,0.255,5627491
RSM,20141208,20.75,20.75,20.7,20.74,3335
RTD,20141208,0.002,0.003,0.002,0.003,33965
RTG,20141208,0.625,0.625,0.6,0.625,90407
RTR,20141208,0.032,0.032,0.032,0.032,458480
RUM,20141208,0.066,0.066,0.064,0.064,156211
RVA,20141208,0.475,0.48,0.475,0.48,24200
RVL,20141208,31.87,32.18,31.87,32.16,1460
RVR,20141208,0.12,0.125,0.12,0.125,602552
RVY,20141208,0.04,0.04,0.04,0.04,35000
RWD,20141208,0.46,0.46,0.46,0.46,954
RWH,20141208,2.66,2.8,2.66,2.8,84427
RXH,20141208,0.25,0.25,0.23,0.23,339193
RXL,20141208,0.027,0.028,0.027,0.028,922795
RXM,20141208,0.13,0.13,0.12,0.125,824730
RXP,20141208,0.59,0.6,0.57,0.58,36000
SAI,20141208,3.89,3.92,3.85,3.87,742753
SAR,20141208,0.225,0.24,0.22,0.24,1604635
SBB,20141208,0.079,0.081,0.078,0.081,1176000
SBM,20141208,0.082,0.09,0.082,0.085,905931
SBN,20141208,0.008,0.008,0.008,0.008,500000
SBR,20141208,0.021,0.021,0.021,0.021,6500
SBU,20141208,0.045,0.045,0.045,0.045,25000
SCG,20141208,3.56,3.59,3.49,3.49,10464321
SCP,20141208,1.84,1.86,1.805,1.835,2470121
SDA,20141208,1.8,1.81,1.8,1.81,10367
SDF,20141208,1.47,1.57,1.465,1.565,1466384
SDG,20141208,1.555,1.595,1.555,1.59,40086
SDI,20141208,0.61,0.61,0.61,0.61,8800
SDL,20141208,0.031,0.04,0.03,0.038,32081902
SDM,20141208,0.54,0.555,0.54,0.555,22099
SEA,20141208,0.515,0.55,0.475,0.54,10092706
SEG,20141208,0.006,0.006,0.006,0.006,508666
SEH,20141208,0.195,0.195,0.185,0.185,3224628
SEK,20141208,17.22,17.79,17.2,17.7,1139612
SEN,20141208,0.053,0.053,0.051,0.051,292820
SFH,20141208,0.79,0.8,0.78,0.8,70927
SFP,20141208,0.006,0.006,0.005,0.005,2243001
SFR,20141208,4.34,4.52,4.34,4.52,832190
SFX,20141208,0.7,0.745,0.69,0.745,53761
SFY,20141208,53.4,53.72,53.4,53.63,9077
SGF,20141208,2.06,2.06,2,2.01,75761
SGH,20141208,6.25,6.3,6.25,6.27,475644
SGM,20141208,10.82,11.19,10.82,11.18,838801
SGN,20141208,1.14,1.16,1.14,1.155,470525
SGP,20141208,4.23,4.26,4.2,4.21,5533581
SGQ,20141208,0.063,0.064,0.063,0.064,186990
SGT,20141208,3.53,3.57,3.53,3.57,721900
SHJ,20141208,3.04,3.15,2.99,3.05,161495
SHK,20141208,0.001,0.001,0.001,0.001,100000
SHL,20141208,17.35,17.57,17.33,17.41,875465
SHP,20141208,0.015,0.016,0.015,0.016,875000
SHV,20141208,6.7,6.7,6.46,6.49,59878
SIO,20141208,1.54,1.54,1.54,1.54,6425
SIP,20141208,0.735,0.745,0.725,0.74,2094179
SIQ,20141208,1.29,1.3,1.25,1.28,181035
SIR,20141208,2.46,2.5,2.41,2.49,1171017
SIV,20141208,5.9,6.03,5.9,5.99,50937
SIX,20141208,0.006,0.006,0.006,0.006,50000
SKC,20141208,3.75,3.75,3.63,3.66,446684
SKE,20141208,1.51,1.515,1.16,1.27,7819687
SKF,20141208,0.19,0.19,0.19,0.19,83447
SKI,20141208,2.02,2.025,1.98,1.98,3517154
SKT,20141208,5.75,5.785,5.72,5.73,560623
SLF,20141208,10.79,10.89,10.79,10.8,56970
SLK,20141208,2,2,1.99,2,45094
SLM,20141208,1.1,1.1,1.095,1.1,23231
SLR,20141208,0.225,0.23,0.217,0.225,2026167
SLT,20141208,0.005,0.005,0.005,0.005,1000000
SLX,20141208,0.52,0.57,0.515,0.555,207975
SMA,20141208,0.012,0.012,0.011,0.011,5353131
SMD,20141208,0.032,0.032,0.031,0.031,233101
SMI,20141208,0.029,0.029,0.029,0.029,20000
SMN,20141208,0.45,0.45,0.435,0.435,24775
SMP,20141208,0.18,0.18,0.18,0.18,20000
SMR,20141208,0.08,0.08,0.08,0.08,15270
SMX,20141208,3.34,3.45,3.33,3.35,60439
SND,20141208,0.89,0.9,0.89,0.9,22000
SNY,20141208,0.19,0.19,0.19,0.19,150000
SNZ,20141208,2.2,2.2,2.2,2.2,3400
SOL,20141208,14.3,14.4,14.25,14.25,16431
SOM,20141208,2.7,2.78,2.69,2.77,75224
SPI,20141208,0.012,0.012,0.012,0.012,248826
SPK,20141208,2.71,2.74,2.7,2.72,1077238
SPL,20141208,0.505,0.515,0.5,0.5,69780
SPO,20141208,1.91,1.925,1.9,1.9,2014484
SPQ,20141208,0.01,0.01,0.01,0.01,400000
SPX,20141208,0.018,0.018,0.018,0.018,120085
SPY,20141208,250.87,251.06,250.18,251.06,1788
SPZ,20141208,0.14,0.145,0.14,0.14,32014
SRI,20141208,0.033,0.033,0.033,0.033,278470
SRQ,20141208,0.005,0.005,0.004,0.004,250066
SRR,20141208,0.029,0.029,0.029,0.029,412242
SRV,20141208,5.56,5.6,5.45,5.6,37820
SRX,20141208,28.49,29.49,28.42,29.32,277617
SSM,20141208,0.195,0.195,0.195,0.195,466806
SSN,20141208,0.014,0.014,0.013,0.013,259270
STA,20141208,0.012,0.012,0.012,0.012,100000
STB,20141208,0.185,0.2,0.185,0.2,31600
STO,20141208,8.48,8.48,8.27,8.3,8208646
STS,20141208,0.505,0.52,0.505,0.52,21390
STW,20141208,50.86,51.3,50.86,50.98,129315
STX,20141208,0.105,0.115,0.105,0.115,829650
SUD,20141208,0.057,0.057,0.055,0.056,387738
SUL,20141208,7.67,7.74,7.63,7.74,765137
SUN,20141208,14.41,14.55,14.29,14.33,4421693
SVL,20141208,0.004,0.004,0.004,0.004,1547800
SVM,20141208,0.12,0.12,0.115,0.115,55000
SVW,20141208,5.95,5.95,5.84,5.88,560701
SVY,20141208,0.31,0.31,0.3,0.3,12500
SWK,20141208,0.21,0.21,0.21,0.21,52384
SWL,20141208,1.41,1.44,1.41,1.43,28349
SWM,20141208,1.565,1.565,1.515,1.53,3285578
SXA,20141208,0.185,0.2,0.185,0.2,42700
SXL,20141208,0.99,1.01,0.97,0.98,1024775
SXY,20141208,0.285,0.295,0.285,0.29,2755097
SYD,20141208,4.71,4.76,4.68,4.72,3004507
SYI,20141208,29.87,29.91,29.84,29.84,15554
SYR,20141208,2.97,2.97,2.72,2.86,1332880
SYS,20141208,0.001,0.001,0.001,0.001,35000
TAG,20141208,0.085,0.085,0.085,0.085,5000
TAH,20141208,4.21,4.285,4.2,4.26,1972155
TAN,20141208,0.445,0.445,0.44,0.44,263119
TAP,20141208,0.41,0.44,0.41,0.42,118084
TAR,20141208,0.011,0.011,0.011,0.011,100000
TAW,20141208,0.013,0.013,0.012,0.012,3608394
TCL,20141208,8.7,8.72,8.57,8.57,4144717
TDO,20141208,0.066,0.066,0.064,0.064,102000
TEN,20141208,0.205,0.227,0.2,0.225,9624889
TEX,20141208,0.04,0.04,0.035,0.035,895776
TFC,20141208,1.52,1.54,1.5,1.53,1765229
TGA,20141208,3.06,3.1,3.05,3.1,373092
TGG,20141208,1.4,1.41,1.39,1.41,312619
TGP,20141208,1.02,1.02,0.985,0.985,16742
TGR,20141208,3.72,3.79,3.71,3.78,284112
TGS,20141208,0.135,0.14,0.12,0.125,11999007
TGZ,20141208,0.5,0.5,0.49,0.49,111264
THR,20141208,0.002,0.002,0.002,0.002,23491133
THX,20141208,0.105,0.105,0.105,0.105,106428
TIS,20141208,0.28,0.28,0.28,0.28,124754
TIX,20141208,2.44,2.47,2.44,2.47,75041
TLG,20141208,0.295,0.295,0.265,0.29,438044
TLM,20141208,0.165,0.165,0.165,0.165,13293
TLS,20141208,5.69,5.73,5.66,5.67,20608611
TLU,20141208,0.009,0.01,0.008,0.01,108174
TME,20141208,3.47,3.5,3.46,3.49,954221
TMX,20141208,0.007,0.007,0.006,0.007,6974780
TNE,20141208,3.03,3.07,3.02,3.04,1004281
TNG,20141208,0.076,0.082,0.076,0.08,1344027
TNK,20141208,1.065,1.067,1.065,1.067,9750
TNP,20141208,0.005,0.005,0.005,0.005,1000000
TNR,20141208,0.004,0.004,0.004,0.004,875
TOE,20141208,0.075,0.08,0.075,0.08,1330534
TOF,20141208,2.045,2.05,2.04,2.05,11911
TOL,20141208,5.94,5.99,5.88,5.88,1686117
TON,20141208,0.21,0.21,0.19,0.19,2009574
TOP,20141208,0.43,0.435,0.43,0.435,79034
TOX,20141208,2.35,2.35,2.3,2.33,175739
TPC,20141208,0.62,0.62,0.62,0.62,3690
TPD,20141208,0.014,0.014,0.014,0.014,26620
TPI,20141208,0.895,0.925,0.89,0.92,5934786
TPM,20141208,7.21,7.34,7.21,7.3,1338192
TPP,20141208,0.054,0.055,0.054,0.054,891660
TPR,20141208,0.185,0.185,0.185,0.185,15000
TPT,20141208,0.009,0.009,0.008,0.008,3335284
TRG,20141208,11.45,11.79,11.45,11.6,55691
TRL,20141208,0.025,0.026,0.022,0.022,74228
TRS,20141208,6.58,6.88,6.5,6.7,216206
TRY,20141208,0.45,0.455,0.435,0.435,1122553
TSE,20141208,1.73,1.82,1.73,1.8,1491881
TSM,20141208,0.33,0.33,0.33,0.33,34000
TTE,20141208,0.021,0.022,0.02,0.021,374200
TTI,20141208,0.052,0.052,0.049,0.049,153846
TTN,20141208,0.26,0.26,0.24,0.24,351121
TTS,20141208,3.41,3.43,3.38,3.42,3183384
TUP,20141208,1.7,1.7,1.55,1.6,26000
TWD,20141208,3.9,3.9,3.9,3.9,5201
TWE,20141208,4.79,4.83,4.78,4.81,759577
TWR,20141208,1.935,1.935,1.935,1.935,944624
TYK,20141208,0.002,0.003,0.002,0.002,1670000
TZL,20141208,0.14,0.14,0.135,0.135,115000
TZN,20141208,0.1,0.105,0.1,0.105,169219
UBI,20141208,0.155,0.155,0.155,0.155,57258
UGL,20141208,2.01,2.05,1.985,2.04,1444692
UML,20141208,0.007,0.007,0.007,0.007,522499
UNS,20141208,0.605,0.61,0.6,0.6,103022
UNV,20141208,0.105,0.105,0.1,0.1,15856
UOS,20141208,0.46,0.46,0.46,0.46,2000
URF,20141208,2.14,2.14,2.11,2.11,47126
USD,20141208,11.88,11.88,11.8,11.88,234992
USF,20141208,1.86,1.86,1.86,1.86,13226
UXC,20141208,0.8,0.8,0.78,0.8,394634
VAF,20141208,49.85,49.85,49.75,49.76,27282
VAH,20141208,0.425,0.44,0.425,0.43,3837732
VAP,20141208,68.69,68.77,68.34,68.42,10785
VAR,20141208,0.034,0.035,0.022,0.022,141811
VAS,20141208,68.55,68.8,68.45,68.51,33732
VEC,20141208,0.006,0.006,0.006,0.006,496266
VED,20141208,2.32,2.345,2.31,2.32,2877851
VEI,20141208,0.73,0.73,0.705,0.725,373762
VET,20141208,0.195,0.2,0.175,0.19,10238397
VEU,20141208,59,59.34,58.9,59.06,12450
VGB,20141208,49.4,49.4,48.24,48.39,690
VGE,20141208,55.66,56.3,55.66,56.1,1649
VGS,20141208,53.49,53.53,53.36,53.53,5740
VHY,20141208,64.52,64.52,64.11,64.17,20480
VIE,20141208,0.082,0.082,0.082,0.082,47000
VKA,20141208,0.02,0.02,0.02,0.02,40000
VLA,20141208,0.3,0.32,0.295,0.295,114905
VLC,20141208,61.46,61.46,61.22,61.22,55
VLW,20141208,1.88,1.93,1.865,1.9,140525
VMG,20141208,0.009,0.009,0.009,0.009,25710
VML,20141208,0.022,0.022,0.022,0.022,100000
VMS,20141208,0.035,0.035,0.034,0.035,394276
VMT,20141208,0.036,0.038,0.035,0.038,7946397
VOC,20141208,6.01,6.13,6.01,6.07,202077
VRL,20141208,6.64,6.72,6.6,6.68,277318
VRT,20141208,7.37,7.48,7.31,7.35,212157
VSC,20141208,1.47,1.47,1.47,1.47,6000
VSO,20141208,42.55,42.85,42.55,42.85,1741
VTG,20141208,1.13,1.14,1.13,1.14,131250
VTM,20141208,0.012,0.012,0.012,0.012,75116
VTS,20141208,129.41,129.41,128.71,129.13,15835
VTX,20141208,0.01,0.01,0.01,0.01,1439995
VXL,20141208,0.55,0.55,0.54,0.54,58394
WAA,20141208,1.075,1.1,1.065,1.1,98949
WAM,20141208,1.985,1.99,1.975,1.99,182023
WAX,20141208,1.14,1.14,1.14,1.14,33683
WBA,20141208,1.19,1.19,1.18,1.18,332188
WBB,20141208,5.24,5.25,5.24,5.25,11400
WBC,20141208,33.45,33.69,33.35,33.35,5398267
WCN,20141208,0.008,0.008,0.008,0.008,276519
WCP,20141208,0.022,0.022,0.019,0.019,260136
WDS,20141208,0.28,0.28,0.265,0.28,82346
WEB,20141208,2.84,2.91,2.81,2.9,180412
WES,20141208,42.65,43.01,42.52,42.83,2171941
WFD,20141208,8.6,8.81,8.59,8.69,5714448
WHC,20141208,1.255,1.34,1.255,1.32,3347849
WHF,20141208,4.22,4.22,4.2,4.2,22101
WIC,20141208,1,1,0.98,0.98,169471
WIG,20141208,0.765,0.765,0.765,0.765,6500
WIN,20141208,0.155,0.155,0.15,0.15,41271
WKT,20141208,0.004,0.004,0.004,0.004,100000
WLF,20141208,0.25,0.25,0.25,0.25,190200
WLL,20141208,3.04,3.1,3.04,3.1,21160
WMK,20141208,0.89,0.905,0.89,0.905,158710
WMN,20141208,0.375,0.375,0.37,0.37,50500
WOF,20141208,0.047,0.049,0.047,0.049,209866
WOR,20141208,10.6,10.68,10.39,10.43,880880
WOW,20141208,30.86,31.27,30.82,30.86,2744188
WPG,20141208,0.04,0.04,0.039,0.039,410079
WPL,20141208,35.68,35.86,35.12,35.39,2091751
WRG,20141208,0.001,0.001,0.001,0.001,100000
WRM,20141208,0.017,0.017,0.017,0.017,30000
WSA,20141208,4.1,4.2,3.96,4.1,1390951
WSR,20141208,0.058,0.059,0.057,0.057,933386
WTP,20141208,0.76,0.77,0.755,0.76,148000
WTR,20141208,0.018,0.018,0.018,0.018,150000
XAM,20141208,0.1,0.1,0.1,0.1,428865
XRF,20141208,0.18,0.19,0.18,0.19,13911
XRO,20141208,15.18,15.18,14.95,15,19680
XST,20141208,0.022,0.022,0.02,0.02,213986
YAL,20141208,0.1,0.11,0.1,0.11,22539
YBR,20141208,0.59,0.59,0.585,0.585,51457
YOW,20141208,0.565,0.58,0.56,0.57,242421
YPB,20141208,0.31,0.31,0.28,0.3,182000
YRR,20141208,0.007,0.007,0.007,0.007,752000
ZGL,20141208,0.25,0.25,0.245,0.245,64000
ZIP,20141208,0.4,0.4,0.365,0.37,477175
ZNC,20141208,0.057,0.057,0.051,0.051,71340
ZNZ,20141208,3.99,3.99,3.99,3.99,5059
ZRL,20141208,0.045,0.045,0.045,0.045,7757
XAF,20141208,5424.6,5495.2,5424.6,5459.1,0
XAO,20141208,5313.6,5378.4,5313.6,5348.9,0
XAT,20141208,5288,5356.1,5288,5325.1,0
XDJ,20141208,1793.7,1812.4,1793.7,1800,0
XEC,20141208,962.4,965,957.9,958.8,0
XEJ,20141208,11172.4,11233.3,11113,11171.7,0
XFJ,20141208,6164.3,6260.9,6164.3,6218.6,0
XFL,20141208,5490.2,5561.9,5490.2,5525.2,0
XGD,20141208,1913.2,1913.2,1849.9,1895.7,0
XHJ,20141208,17017.7,17412.9,17017.7,17388.2,0
XIJ,20141208,765.8,773,765.8,769.1,0
XJO,20141208,5335.3,5404.1,5335.3,5372.7,0
XJR,20141208,3373.6,3377.3,3338.7,3358.9,0
XKO,20141208,5272.7,5339.7,5272.7,5308.7,0
XMD,20141208,4635.2,4709.3,4634.2,4691.4,0
XMJ,20141208,8694.3,8729.3,8634.8,8680.5,0
XMM,20141208,2668.8,2668.8,2634.8,2652,0
XNJ,20141208,4209.7,4294.4,4209.7,4267.5,0
XPJ,20141208,1179.3,1190.5,1178.4,1178.7,0
XSJ,20141208,9224.9,9366.9,9219.2,9300.5,0
XSO,20141208,2017.7,2031.1,2017.2,2026.7,0
XTJ,20141208,1993.3,2014.7,1991.3,1994.9,0
XTL,20141208,3353,3399,3352.7,3377.3,0
XTO,20141208,4448.4,4507.6,4448.4,4479.5,0
XUJ,20141208,6021.9,6060.9,6010.8,6031.8,0
XXJ,20141208,7165.2,7287.5,7165.2,7239.9,0
