AAA,20140620,50.17,50.18,50.17,50.18,65192
AAC,20140620,1.19,1.21,1.185,1.19,382069
AAD,20140620,2.71,2.76,2.71,2.74,737323
AAK,20140620,0.001,0.001,0.001,0.001,940000
AAP,20140620,0.01,0.01,0.01,0.01,100000
AAR,20140620,0.013,0.013,0.011,0.011,475858
AAU,20140620,0.062,0.062,0.062,0.062,2600
AAX,20140620,0.48,0.505,0.48,0.505,147043
ABC,20140620,3.4,3.42,3.36,3.38,5049464
ABP,20140620,2.53,2.54,2.5,2.5,2472852
ABU,20140620,0.019,0.021,0.019,0.02,11493155
ABV,20140620,0.007,0.007,0.007,0.007,1000000
ABW,20140620,1.065,1.065,1.06,1.06,78227
ABY,20140620,0.2,0.205,0.2,0.205,219022
ABZ,20140620,0.215,0.225,0.215,0.22,274077
ACB,20140620,0.047,0.05,0.046,0.047,232217
ACG,20140620,0.105,0.105,0.105,0.105,98448
ACJ,20140620,0.002,0.002,0.002,0.002,2523414
ACL,20140620,0.515,0.515,0.5,0.51,69290
ACQ,20140620,0.875,0.875,0.875,0.875,17065
ACR,20140620,1.01,1.025,1,1.005,6027149
ADA,20140620,0.285,0.3,0.285,0.3,43810
ADJ,20140620,0.097,0.098,0.094,0.095,868388
ADN,20140620,0.04,0.04,0.039,0.04,256447
ADO,20140620,0.195,0.205,0.195,0.195,1932099
ADX,20140620,0.012,0.013,0.012,0.013,151500
ADY,20140620,0.012,0.012,0.012,0.012,256700
AEB,20140620,0.09,0.09,0.09,0.09,15000
AEE,20140620,0.02,0.02,0.02,0.02,3000
AEI,20140620,0.105,0.105,0.105,0.105,3565
AEK,20140620,0.085,0.085,0.085,0.085,2500000
AEM,20140620,0.013,0.013,0.013,0.013,2190589
AFI,20140620,6.08,6.12,6.05,6.06,201818
AFJ,20140620,1.23,1.25,1.215,1.215,312497
AFR,20140620,0.082,0.082,0.081,0.082,193000
AGD,20140620,0.073,0.073,0.073,0.073,5000
AGF,20140620,0.675,0.68,0.675,0.675,163990
AGI,20140620,3.77,3.79,3.76,3.77,429346
AGK,20140620,15.25,15.31,15.11,15.15,2107934
AGO,20140620,0.63,0.645,0.615,0.645,14044491
AGR,20140620,0.04,0.04,0.04,0.04,325889
AGS,20140620,0.16,0.18,0.155,0.18,340144
AGX,20140620,0.013,0.013,0.013,0.013,200000
AHD,20140620,9.27,9.41,8.99,9,171450
AHE,20140620,3.62,3.68,3.59,3.64,1033506
AHN,20140620,0.037,0.037,0.037,0.037,19111
AHZ,20140620,0.14,0.14,0.135,0.135,2372973
AIA,20140620,3.49,3.6,3.47,3.47,21298
AIB,20140620,0.9,0.9,0.9,0.9,6350
AIK,20140620,0.115,0.115,0.115,0.115,315000
AIO,20140620,5.55,5.57,5.43,5.45,5415700
AIQ,20140620,0.13,0.13,0.13,0.13,18300
AIV,20140620,0.015,0.018,0.015,0.018,1090748
AIX,20140620,0.005,0.005,0.004,0.005,344274
AIZ,20140620,2.1,2.11,2.1,2.11,34461
AJA,20140620,3.95,3.99,3.92,3.99,179021
AJC,20140620,0.006,0.006,0.006,0.006,772931
AJD,20140620,1.07,1.085,1.06,1.06,64933
AJL,20140620,0.9,0.9,0.83,0.85,57845
AJM,20140620,0.135,0.145,0.135,0.14,277928
AJQ,20140620,0.17,0.17,0.165,0.17,308960
AJX,20140620,0.115,0.115,0.11,0.11,211973
AKA,20140620,0.081,0.081,0.08,0.08,740957
AKF,20140620,0.155,0.155,0.155,0.155,452000
AKG,20140620,1.12,1.12,1.12,1.12,10000
AKK,20140620,0.01,0.01,0.01,0.01,925950
AKM,20140620,0.039,0.044,0.038,0.039,510000
AKP,20140620,4.76,4.85,4.76,4.85,2500
ALA,20140620,0.23,0.23,0.215,0.215,1014009
ALF,20140620,1.72,1.725,1.72,1.725,311350
ALK,20140620,0.27,0.275,0.26,0.27,1273860
ALL,20140620,5.45,5.485,5.42,5.43,928557
ALQ,20140620,8.79,9.105,8.73,9.05,2732500
ALR,20140620,1.29,1.29,1.28,1.29,94703
ALT,20140620,0.047,0.047,0.046,0.046,654371
ALU,20140620,2.36,2.46,2.36,2.45,243539
ALY,20140620,0.017,0.02,0.017,0.02,308675
ALZ,20140620,4.59,4.61,4.58,4.61,12640427
AMA,20140620,0.27,0.275,0.27,0.275,130000
AMC,20140620,10.52,10.52,10.37,10.4,3150377
AMH,20140620,0.95,0.95,0.945,0.945,27599
AMI,20140620,0.24,0.245,0.23,0.245,242288
AMM,20140620,2.02,2.04,2,2.01,1275127
AMP,20140620,5.34,5.37,5.33,5.34,7353120
ANG,20140620,1.6,1.78,1.52,1.75,572447
ANI,20140620,2.03,2.035,2.02,2.03,279081
ANN,20140620,19.8,20.08,19.74,19.96,717184
ANO,20140620,0.014,0.014,0.014,0.014,132000
ANP,20140620,0.14,0.14,0.14,0.14,4100
ANQ,20140620,0.007,0.008,0.007,0.008,185000
ANZ,20140620,34.05,34.18,33.92,33.98,5632712
AOC,20140620,0.105,0.11,0.105,0.11,143500
AOD,20140620,0.985,0.985,0.985,0.985,11867
AOG,20140620,2.02,2.06,2,2.03,511161
AOH,20140620,0.16,0.165,0.16,0.165,85340
AOK,20140620,0.19,0.195,0.19,0.195,359889
AON,20140620,0.024,0.024,0.022,0.024,340000
APA,20140620,7.05,7.14,7.045,7.1,2694303
APD,20140620,0.27,0.27,0.27,0.27,5160
APE,20140620,5.97,6.05,5.61,5.98,128760
APG,20140620,0.017,0.017,0.017,0.017,121667
API,20140620,0.56,0.58,0.55,0.58,637901
APN,20140620,0.79,0.8,0.79,0.795,612251
APW,20140620,0.11,0.11,0.105,0.11,1142012
APY,20140620,0.018,0.02,0.018,0.02,859334
APZ,20140620,1.225,1.25,1.225,1.245,64241
AQA,20140620,3.37,3.39,3.36,3.37,1636833
AQC,20140620,0.006,0.006,0.005,0.005,2210904
AQD,20140620,0.011,0.011,0.011,0.011,400000
AQG,20140620,2.69,2.71,2.63,2.65,1405379
AQO,20140620,0.37,0.37,0.365,0.365,294303
AQP,20140620,0.45,0.45,0.445,0.445,285619
AQQ,20140620,0.014,0.018,0.014,0.016,572000
AQR,20140620,0.145,0.145,0.13,0.13,184235
AQU,20140620,0.5,0.5,0.5,0.5,1000
AQZ,20140620,1.11,1.11,1.075,1.075,758716
ARA,20140620,0.355,0.355,0.355,0.355,4462
ARD,20140620,0.022,0.024,0.022,0.024,175000
ARE,20140620,0.023,0.023,0.023,0.023,16000
ARF,20140620,1.2,1.24,1.185,1.205,88907
ARG,20140620,7.44,7.48,7.4,7.41,175513
ARH,20140620,0.022,0.022,0.022,0.022,42500
ARI,20140620,0.805,0.815,0.79,0.815,15040085
ARM,20140620,0.046,0.05,0.046,0.05,46701
ARP,20140620,12.36,12.36,12.06,12.12,54380
ARU,20140620,0.057,0.058,0.057,0.058,160032
ARV,20140620,0.002,0.002,0.002,0.002,300000
ARW,20140620,0.215,0.215,0.215,0.215,1172
ARX,20140620,0.004,0.004,0.004,0.004,414
ASB,20140620,1.265,1.27,1.225,1.25,566584
ASL,20140620,0.82,0.825,0.795,0.795,2150699
ASX,20140620,35.63,35.74,35.35,35.4,675386
ASZ,20140620,0.395,0.4,0.39,0.395,643593
ATR,20140620,0.35,0.35,0.35,0.35,5154
ATU,20140620,1.71,1.775,1.71,1.76,211460
ATV,20140620,0.018,0.02,0.018,0.02,305667
AUB,20140620,10.24,10.74,10.16,10.74,37732
AUI,20140620,8.2,8.21,8.1,8.1,18885
AUK,20140620,0.028,0.028,0.028,0.028,28385
AUP,20140620,5.38,5.38,5.36,5.36,3185
AUQ,20140620,0.048,0.053,0.048,0.05,424647
AVB,20140620,0.089,0.09,0.086,0.088,3014161
AVG,20140620,0.35,0.35,0.34,0.34,389593
AVH,20140620,0.115,0.12,0.115,0.12,184807
AVI,20140620,0.008,0.008,0.008,0.008,230000
AVK,20140620,0.01,0.01,0.01,0.01,368416
AVQ,20140620,0.017,0.018,0.017,0.018,3799000
AVX,20140620,0.013,0.014,0.013,0.013,431558
AVZ,20140620,0.008,0.008,0.008,0.008,400000
AWC,20140620,1.385,1.405,1.355,1.36,11419184
AWD,20140620,0.001,0.001,0.001,0.001,1750000
AWE,20140620,1.885,1.9,1.865,1.87,1791429
AWI,20140620,0.26,0.26,0.24,0.255,2563489
AWN,20140620,0.87,0.87,0.87,0.87,6000
AWV,20140620,0.03,0.032,0.03,0.032,1105600
AXC,20140620,0.003,0.003,0.003,0.003,47619
AXE,20140620,0.15,0.15,0.145,0.15,74608
AXI,20140620,0.045,0.047,0.045,0.047,196008
AXT,20140620,0.012,0.012,0.012,0.012,200000
AYA,20140620,0.295,0.33,0.295,0.33,56000
AYG,20140620,0.003,0.003,0.003,0.003,60000
AYK,20140620,90.45,90.45,90.45,90.45,179
AYM,20140620,0.004,0.004,0.003,0.003,100000
AZJ,20140620,4.95,4.98,4.94,4.96,4422716
AZK,20140620,0.021,0.021,0.021,0.021,340000
AZM,20140620,0.044,0.047,0.043,0.046,1808820
AZQ,20140620,0.2,0.22,0.2,0.22,239900
AZS,20140620,0.029,0.03,0.028,0.03,586824
AZV,20140620,0.335,0.335,0.33,0.335,35172
AZY,20140620,0.014,0.014,0.014,0.014,168500
BAB,20140620,0.074,0.074,0.071,0.071,129251
BAF,20140620,1,1.01,1,1,105500
BAP,20140620,2.01,2.03,2.01,2.02,62810
BAS,20140620,0.005,0.005,0.005,0.005,135000
BAU,20140620,0.145,0.15,0.14,0.14,466988
BBG,20140620,0.475,0.495,0.475,0.495,1347240
BBR,20140620,0.58,0.58,0.57,0.57,50800
BCD,20140620,0.035,0.035,0.035,0.035,94212
BCI,20140620,3.16,3.18,3.14,3.14,1072595
BCK,20140620,0.05,0.052,0.05,0.052,466000
BCN,20140620,0.003,0.003,0.003,0.003,210000
BDI,20140620,0.001,0.001,0.001,0.001,491
BDR,20140620,0.65,0.665,0.64,0.64,23226783
BEAR,20140620,18,18.08,17.96,18.08,122956
BEN,20140620,12.11,12.3,12.09,12.22,1939404
BFG,20140620,0.575,0.575,0.57,0.57,40000
BGA,20140620,5.01,5.04,4.96,4.97,137586
BGG,20140620,0.095,0.095,0.095,0.095,21052
BGH,20140620,0.04,0.04,0.04,0.04,8000
BGL,20140620,0.905,0.915,0.88,0.915,149888
BGS,20140620,0.012,0.012,0.012,0.012,106750
BHP,20140620,36.32,36.49,35.92,35.95,6340438
BIS,20140620,0.29,0.29,0.29,0.29,34968
BIT,20140620,0.11,0.115,0.105,0.105,394373
BKI,20140620,1.645,1.66,1.645,1.645,104804
BKL,20140620,27,27.3,27,27.05,4033
BKM,20140620,0.001,0.001,0.001,0.001,11000
BKN,20140620,3.51,3.6,3.5,3.59,898631
BKP,20140620,0.002,0.002,0.002,0.002,625000
BKW,20140620,13.57,13.62,13.51,13.6,84803
BKY,20140620,0.27,0.28,0.26,0.26,31942
BLA,20140620,2.49,2.51,2.49,2.5,307685
BLD,20140620,5.25,5.28,5.18,5.2,3293969
BLG,20140620,0.14,0.14,0.135,0.135,15080
BLK,20140620,0.205,0.22,0.195,0.22,105000
BLR,20140620,0.004,0.005,0.004,0.004,2424212
BLT,20140620,1.28,1.305,1.16,1.175,512271
BLX,20140620,1.03,1.03,1.03,1.03,142000
BLY,20140620,0.2,0.205,0.2,0.205,1267170
BMB,20140620,0.085,0.089,0.085,0.089,33000
BML,20140620,0.026,0.03,0.024,0.025,52309741
BMN,20140620,0.07,0.071,0.068,0.068,358087
BMZ,20140620,0.037,0.037,0.037,0.037,19000
BNE,20140620,0.019,0.019,0.019,0.019,1248010
BNO,20140620,0.425,0.435,0.405,0.435,190655
BNR,20140620,0.013,0.013,0.012,0.012,80400
BNV,20140620,0.005,0.005,0.005,0.005,720
BOA,20140620,0.15,0.15,0.14,0.14,60900
BOC,20140620,0.49,0.5,0.49,0.49,26769
BOE,20140620,0.021,0.022,0.021,0.022,500000
BOL,20140620,0.135,0.135,0.13,0.135,1174110
BOQ,20140620,12.36,12.47,12.24,12.24,1188011
BPF,20140620,0.315,0.315,0.295,0.31,73326
BPO,20140620,0.004,0.004,0.004,0.004,1550000
BPT,20140620,1.73,1.745,1.705,1.72,2911574
BRD,20140620,0.001,0.001,0.001,0.001,249000
BRG,20140620,8.18,8.2,8.04,8.08,295254
BRL,20140620,0.049,0.05,0.049,0.05,404412
BRU,20140620,1.165,1.175,1.135,1.16,879702
BSA,20140620,0.11,0.11,0.11,0.11,38900
BSE,20140620,0.32,0.32,0.31,0.32,122000
BSL,20140620,5.69,5.79,5.66,5.69,2157115
BSM,20140620,0.002,0.002,0.002,0.002,953666
BSP,20140620,0.013,0.013,0.013,0.013,135000
BSR,20140620,0.008,0.008,0.008,0.008,675000
BTC,20140620,0.025,0.026,0.025,0.025,491320
BTN,20140620,0.006,0.006,0.006,0.006,700000
BTR,20140620,0.16,0.17,0.16,0.165,504149
BTT,20140620,6.19,6.64,6.19,6.64,220776
BUG,20140620,0.51,0.51,0.5,0.5,11387
BUL,20140620,0.055,0.056,0.049,0.049,711436
BUR,20140620,0.017,0.017,0.017,0.017,356010
BUX,20140620,0.33,0.33,0.29,0.3,269055
BUY,20140620,0.013,0.013,0.013,0.013,52305
BWF,20140620,0.24,0.24,0.24,0.24,281
BWP,20140620,2.57,2.59,2.55,2.59,1120974
BXB,20140620,9.15,9.15,8.99,9.03,4315815
BXN,20140620,0.018,0.018,0.018,0.018,264775
BYI,20140620,1.49,1.49,1.465,1.465,8000
BYL,20140620,0.385,0.395,0.385,0.39,137400
BYR,20140620,0.02,0.022,0.02,0.02,1461662
CAA,20140620,0.12,0.12,0.115,0.115,704332
CAB,20140620,4.01,4.14,4,4.13,615119
CAF,20140620,0.365,0.365,0.365,0.365,682000
CAJ,20140620,0.45,0.45,0.435,0.44,1107175
CAM,20140620,0.97,0.98,0.97,0.975,27434
CAP,20140620,0.076,0.076,0.076,0.076,16000
CAQ,20140620,0.105,0.11,0.105,0.11,59154
CAS,20140620,0.33,0.33,0.325,0.325,2302245
CAV,20140620,0.013,0.013,0.012,0.012,606104
CAY,20140620,0.043,0.043,0.041,0.041,7500
CAZ,20140620,0.062,0.062,0.062,0.062,30000
CBA,20140620,81.9,82.1,81.41,81.42,2638221
CBX,20140620,0.02,0.02,0.02,0.02,100000
CCL,20140620,9.14,9.18,9.1,9.13,4282707
CCP,20140620,8.6,8.71,8.58,8.7,76141
CCV,20140620,1.08,1.1,1.075,1.1,652095
CCZ,20140620,0.004,0.005,0.004,0.005,3876912
CDA,20140620,0.76,0.795,0.76,0.76,379241
CDD,20140620,6.43,6.52,6.42,6.5,476142
CDG,20140620,0.1,0.1,0.09,0.091,140500
CDM,20140620,1.47,1.48,1.455,1.465,249694
CDP,20140620,5.75,5.75,5.75,5.75,1813
CDT,20140620,0.012,0.012,0.012,0.012,2838
CDU,20140620,1.705,1.765,1.69,1.76,523903
CDV,20140620,0.024,0.024,0.024,0.024,147241
CDY,20140620,0.026,0.027,0.026,0.027,4521189
CEL,20140620,0.082,0.082,0.081,0.081,551000
CFE,20140620,0.078,0.08,0.078,0.079,456137
CFU,20140620,0.013,0.013,0.013,0.013,1091942
CFX,20140620,2.12,2.12,2.1,2.12,13917685
CGF,20140620,7.41,7.42,7.36,7.38,1017401
CGH,20140620,0.375,0.38,0.37,0.37,113629
CGM,20140620,0.002,0.003,0.002,0.002,58600
CGN,20140620,0.081,0.084,0.08,0.084,33154
CGR,20140620,0.24,0.24,0.24,0.24,100000
CHC,20140620,4.47,4.47,4.4,4.43,1078814
CHF,20140620,0.059,0.059,0.059,0.059,33500
CHN,20140620,0.15,0.155,0.15,0.155,678618
CHZ,20140620,0.099,0.105,0.099,0.105,168687
CIA,20140620,0.4,0.4,0.4,0.4,178066
CIN,20140620,26.85,26.85,26.85,26.85,420
CIR,20140620,0.22,0.22,0.22,0.22,23759
CIW,20140620,0.78,0.78,0.78,0.78,2590000
CIX,20140620,0.355,0.355,0.35,0.35,136242
CKA,20140620,0.14,0.14,0.14,0.14,150000
CKF,20140620,1.98,2.06,1.98,2.06,109335
CKK,20140620,0.008,0.008,0.008,0.008,3658252
CKL,20140620,0.635,0.635,0.635,0.635,25000
CLA,20140620,0.001,0.001,0.001,0.001,10065950
CLH,20140620,1.78,1.79,1.765,1.77,62644
CLQ,20140620,0.052,0.06,0.052,0.057,4465974
CLV,20140620,0.41,0.42,0.41,0.42,9952
CLX,20140620,2.02,2.04,2.02,2.04,3840
CLZ,20140620,0.03,0.03,0.027,0.027,330000
CMG,20140620,0.35,0.35,0.325,0.35,865112
CMI,20140620,1.57,1.57,1.57,1.57,4000
CMT,20140620,0.135,0.135,0.135,0.135,15000
CMW,20140620,0.98,0.99,0.98,0.99,2992166
CMY,20140620,0.004,0.004,0.004,0.004,250000
CND,20140620,0.235,0.24,0.235,0.24,69348
CNI,20140620,0.82,0.83,0.82,0.83,5000
CNJ,20140620,0.006,0.006,0.006,0.006,115000
CNN,20140620,0.002,0.003,0.002,0.003,2100000
CNQ,20140620,0.1,0.1,0.1,0.1,156000
CNU,20140620,1.595,1.62,1.56,1.62,439946
CNX,20140620,0.016,0.016,0.016,0.016,1159561
COD,20140620,0.045,0.048,0.04,0.04,175000
COE,20140620,0.51,0.525,0.505,0.515,384139
COF,20140620,0.23,0.24,0.23,0.235,1658485
COH,20140620,61.4,61.6,60.6,60.6,166568
COI,20140620,0.14,0.14,0.14,0.14,88945
COK,20140620,0.026,0.027,0.025,0.026,3889104
COO,20140620,0.145,0.145,0.14,0.14,92500
COZ,20140620,0.058,0.06,0.058,0.06,450000
CPL,20140620,0.054,0.056,0.054,0.055,601774
CPU,20140620,12.43,12.58,12.31,12.32,1029670
CQC,20140620,0.087,0.09,0.087,0.09,140798
CQR,20140620,4.01,4.07,3.99,4.03,1626528
CRB,20140620,0.029,0.03,0.029,0.03,100000
CRH,20140620,0.435,0.435,0.43,0.435,462987
CRQ,20140620,0.016,0.016,0.016,0.016,10000
CRZ,20140620,10.75,10.78,10.7,10.74,649493
CSD,20140620,0.05,0.05,0.05,0.05,10000
CSE,20140620,0.235,0.235,0.23,0.235,63142
CSL,20140620,68.01,68.15,67.3,67.45,1413842
CSR,20140620,3.53,3.565,3.52,3.54,1622199
CSS,20140620,0.042,0.046,0.042,0.046,2070723
CSV,20140620,0.9,1,0.9,1,240620
CTD,20140620,6.1,6.39,6.09,6.39,150521
CTE,20140620,0.4,0.4,0.4,0.4,2837
CTM,20140620,0.059,0.061,0.059,0.06,241544
CTN,20140620,1.02,1.025,1.015,1.02,312246
CTO,20140620,0.021,0.022,0.02,0.02,4801182
CTP,20140620,0.335,0.355,0.335,0.35,641050
CTR,20140620,0.01,0.011,0.01,0.01,10006223
CTT,20140620,0.015,0.015,0.015,0.015,99992
CTX,20140620,21.82,21.98,21.29,21.65,1312787
CUE,20140620,0.115,0.115,0.115,0.115,150000
CUL,20140620,0.016,0.016,0.015,0.015,779970
CUP,20140620,1.765,1.765,1.75,1.75,28927
CUV,20140620,1.65,1.7,1.64,1.7,12531
CVC,20140620,1.35,1.35,1.35,1.35,7500
CVG,20140620,0.012,0.012,0.012,0.012,100000
CVN,20140620,0.076,0.077,0.074,0.076,1970634
CVO,20140620,1.96,2.02,1.96,1.975,4055704
CVS,20140620,0.001,0.001,0.001,0.001,250000
CVV,20140620,0.01,0.01,0.01,0.01,206061
CVW,20140620,0.8,0.8,0.78,0.78,9000
CWE,20140620,0.052,0.052,0.049,0.049,819584
CWG,20140620,0.04,0.04,0.04,0.04,188342
CWN,20140620,15.05,15.11,14.96,14.97,2661647
CWP,20140620,7.24,7.4,7.1,7.4,226137
CXM,20140620,0.1,0.1,0.097,0.097,30776
CXO,20140620,0.043,0.045,0.043,0.045,341440
CXU,20140620,0.32,0.4,0.32,0.37,1860117
CYC,20140620,0.21,0.21,0.21,0.21,350
CYG,20140620,2.78,2.85,2.78,2.8,35101
CYP,20140620,0.505,0.515,0.505,0.515,36395
CYU,20140620,0.026,0.026,0.025,0.025,22000
CYY,20140620,0.006,0.006,0.005,0.005,100000
CZD,20140620,0.11,0.115,0.11,0.11,130390
CZI,20140620,0.16,0.16,0.155,0.16,512940
CZN,20140620,0.006,0.008,0.006,0.007,4585524
CZZ,20140620,5.95,5.95,5.7,5.7,17800
DAU,20140620,0.02,0.02,0.02,0.02,120000
DCC,20140620,0.345,0.35,0.335,0.34,114230
DCG,20140620,1.755,1.815,1.75,1.795,525270
DCN,20140620,0.31,0.31,0.31,0.31,3000
DDT,20140620,0.023,0.024,0.023,0.023,1055892
DEG,20140620,0.001,0.002,0.001,0.002,321000
DGR,20140620,0.03,0.03,0.028,0.028,26860
DGX,20140620,0.038,0.038,0.037,0.037,327737
DIG,20140620,0.018,0.018,0.018,0.018,7500
DIV,20140620,20.54,20.57,20.54,20.57,9000
DJS,20140620,3.88,3.895,3.78,3.81,3002356
DJW,20140620,4.64,4.68,4.64,4.67,77972
DLS,20140620,1.52,1.53,1.5,1.52,813032
DLX,20140620,5.75,5.75,5.61,5.63,1401156
DMA,20140620,0.015,0.02,0.015,0.02,146250
DMG,20140620,0.019,0.024,0.017,0.017,3490568
DML,20140620,0.028,0.028,0.026,0.027,840279
DMP,20140620,20.76,20.93,20.6,20.79,97162
DMY,20140620,0.004,0.004,0.004,0.004,463172
DNA,20140620,0.855,0.86,0.815,0.835,5728711
DOW,20140620,4.45,4.46,4.34,4.37,3749881
DRA,20140620,0.13,0.13,0.13,0.13,10000
DRK,20140620,0.027,0.031,0.027,0.03,9125690
DRM,20140620,0.845,0.86,0.8,0.81,876679
DSB,20140620,0.13,0.13,0.13,0.13,65000
DSH,20140620,1.935,1.95,1.825,1.885,2216037
DSN,20140620,0.01,0.01,0.009,0.009,31836
DSX,20140620,0.27,0.28,0.26,0.26,462270
DTE,20140620,0.175,0.177,0.175,0.175,355026
DTL,20140620,0.68,0.69,0.65,0.65,389852
DTM,20140620,0.02,0.02,0.02,0.02,421708
DUE,20140620,2.46,2.47,2.435,2.44,4278568
DUO,20140620,0.03,0.03,0.03,0.03,120000
DVI,20140620,0.012,0.013,0.012,0.013,425000
DVL,20140620,0.425,0.425,0.425,0.425,8000
DVN,20140620,0.895,0.91,0.89,0.9,18899
DWS,20140620,1.145,1.16,1.145,1.16,147112
DXS,20140620,1.14,1.14,1.12,1.12,50005125
DYE,20140620,0.23,0.23,0.22,0.23,118635
DYL,20140620,0.018,0.018,0.018,0.018,255000
EAF,20140620,0.006,0.006,0.006,0.006,6000
EAL,20140620,0.56,0.57,0.56,0.57,51289
EAR,20140620,0.125,0.125,0.12,0.12,144160
EAS,20140620,0.87,0.87,0.87,0.87,2600
EAX,20140620,3.14,3.14,3.14,3.14,800
EBG,20140620,0.052,0.052,0.052,0.052,65000
EBT,20140620,3.6,3.63,3.6,3.61,15799
EDE,20140620,0.014,0.014,0.013,0.014,568518
EEG,20140620,0.087,0.087,0.087,0.087,5428
EER,20140620,0.016,0.022,0.016,0.021,149009
EEU,20140620,14.3,14.31,14.3,14.31,300
EGG,20140620,1.04,1.04,1.04,1.04,1269
EGH,20140620,0.13,0.13,0.13,0.13,55000
EGL,20140620,0.024,0.024,0.024,0.024,25000
EGN,20140620,0.14,0.14,0.14,0.14,11884
EGO,20140620,0.008,0.009,0.008,0.009,42871630
EGP,20140620,3.14,3.14,3.07,3.08,6011065
EHL,20140620,0.215,0.225,0.21,0.225,990062
ELD,20140620,0.14,0.16,0.14,0.16,11763969
ELK,20140620,0.11,0.115,0.11,0.115,166520
ELM,20140620,0.275,0.275,0.27,0.27,89999
ELT,20140620,0.014,0.016,0.014,0.015,232739
ELX,20140620,0.33,0.34,0.32,0.32,74900
EMA,20140620,0.055,0.056,0.053,0.056,452702
EME,20140620,0.13,0.13,0.13,0.13,5850
EMF,20140620,1.64,1.64,1.64,1.64,27440
EMG,20140620,0.01,0.011,0.01,0.011,190000
EML,20140620,0.567,0.567,0.55,0.56,63805
EMR,20140620,0.015,0.017,0.015,0.015,4608600
EMU,20140620,0.034,0.034,0.034,0.034,7634
EMX,20140620,0.023,0.024,0.023,0.024,130000
ENB,20140620,0.015,0.015,0.015,0.015,300000
ENE,20140620,5.05,5.11,5.05,5.11,4063
ENV,20140620,1.355,1.36,1.32,1.36,16916394
ENX,20140620,0.018,0.019,0.018,0.019,34333
EOS,20140620,0.405,0.405,0.405,0.405,5800
EPA,20140620,0.02,0.03,0.02,0.021,10546353
EPW,20140620,1.725,1.82,1.725,1.765,766774
EPX,20140620,1.12,1.13,1.105,1.105,171236
EQE,20140620,0.009,0.009,0.008,0.008,44500
EQT,20140620,20.7,20.99,20.55,20.8,13347
EQX,20140620,0.34,0.34,0.34,0.34,30000
ERA,20140620,1.32,1.335,1.285,1.335,342444
ERD,20140620,0.03,0.03,0.03,0.03,170000
ERI,20140620,0.015,0.015,0.015,0.015,213905
ERM,20140620,0.037,0.04,0.035,0.04,1932000
ESI,20140620,0.003,0.003,0.003,0.003,1738010
ESM,20140620,0.02,0.02,0.02,0.02,300
ESN,20140620,0.001,0.001,0.001,0.001,10503579
ESV,20140620,0.82,0.82,0.81,0.82,187087
ETE,20140620,0.033,0.034,0.032,0.032,559811
ETF,20140620,23.52,23.52,23.24,23.26,23170
EVE,20140620,0.003,0.003,0.003,0.003,170000
EVM,20140620,0.067,0.067,0.065,0.065,202900
EVN,20140620,0.79,0.795,0.75,0.75,16002012
EVR,20140620,0.83,0.84,0.83,0.835,155580
EVZ,20140620,0.013,0.013,0.012,0.012,73393
EWC,20140620,0.305,0.315,0.3,0.315,1412496
EXE,20140620,0.016,0.016,0.016,0.016,4500
EXG,20140620,0.085,0.085,0.085,0.085,200000
EXM,20140620,0.009,0.01,0.009,0.009,266000
EXR,20140620,0.004,0.004,0.004,0.004,120000
EYM,20140620,0.009,0.009,0.008,0.008,6611254
EZL,20140620,1.28,1.3,1.28,1.28,153062
FAN,20140620,1.46,1.53,1.46,1.53,58922
FAS,20140620,0.004,0.004,0.003,0.003,1584100
FBU,20140620,8.3,8.3,8.14,8.19,744609
FCN,20140620,0.012,0.012,0.012,0.012,6020
FDC,20140620,2.6,2.62,2.58,2.6,6787127
FEL,20140620,0.041,0.042,0.04,0.042,160000
FET,20140620,1.7,1.715,1.675,1.675,214787
FFF,20140620,0.013,0.013,0.012,0.012,354500
FFI,20140620,4,4,4,4,1850
FIE,20140620,0.027,0.027,0.027,0.027,25000
FLK,20140620,0.22,0.22,0.215,0.215,340440
FLN,20140620,0.98,0.98,0.95,0.975,28015
FLT,20140620,45.51,45.77,44.82,45.01,603994
FMG,20140620,4.21,4.255,4.165,4.22,26034853
FML,20140620,0.012,0.013,0.011,0.011,50173767
FMS,20140620,0.02,0.021,0.02,0.021,640000
FND,20140620,0.17,0.17,0.167,0.167,314873
FNP,20140620,2.81,2.83,2.75,2.76,188882
FNT,20140620,0.015,0.016,0.014,0.014,843921
FOY,20140620,0.002,0.002,0.002,0.002,193806
FPH,20140620,4.36,4.36,4.25,4.26,74825
FRC,20140620,0.04,0.04,0.04,0.04,10000
FRE,20140620,0.002,0.002,0.002,0.002,10000
FRI,20140620,1.625,1.63,1.575,1.575,525937
FRY,20140620,0.013,0.013,0.013,0.013,25000
FSA,20140620,1.257,1.27,1.22,1.265,146016
FSE,20140620,0.005,0.005,0.005,0.005,566670
FSF,20140620,5.5,5.58,5.41,5.48,771868
FSI,20140620,1.6,1.6,1.6,1.6,23849
FTE,20140620,0.006,0.006,0.006,0.006,135750
FTH,20140620,1.45,1.45,1.45,1.45,10500
FTZ,20140620,0.54,0.55,0.54,0.55,40000
FUN,20140620,0.062,0.064,0.061,0.061,878454
FWD,20140620,2.22,2.23,2.18,2.2,79797
FXJ,20140620,0.935,0.952,0.935,0.945,12649583
FXL,20140620,3.1,3.13,3.09,3.11,1020632
FXR,20140620,0.012,0.013,0.011,0.011,721300
GAP,20140620,0.24,0.24,0.24,0.24,21000
GBE,20140620,0.023,0.025,0.023,0.023,1168950
GBG,20140620,0.062,0.064,0.062,0.062,357579
GBI,20140620,0.31,0.34,0.3,0.34,250616
GBP,20140620,0.069,0.069,0.069,0.069,10350
GBT,20140620,3.26,3.3,3.19,3.19,22390
GBZ,20140620,0.027,0.03,0.027,0.03,546626
GCN,20140620,0.012,0.012,0.012,0.012,83000
GCR,20140620,0.004,0.005,0.004,0.005,990000
GCS,20140620,0.46,0.46,0.46,0.46,693
GCY,20140620,0.115,0.125,0.11,0.125,272245
GDI,20140620,0.93,0.935,0.92,0.925,292313
GDY,20140620,0.05,0.05,0.049,0.049,210868
GEM,20140620,4.7,4.77,4.69,4.72,2833109
GER,20140620,0.071,0.071,0.069,0.069,136420
GES,20140620,0.05,0.05,0.05,0.05,193588
GFF,20140620,0.67,0.675,0.665,0.665,8820471
GGE,20140620,0.009,0.009,0.009,0.009,251000
GGG,20140620,0.11,0.11,0.086,0.097,5603825
GGX,20140620,0.016,0.017,0.016,0.017,143512
GHC,20140620,1.32,1.33,1.32,1.325,171414
GID,20140620,0.61,0.645,0.61,0.64,188004
GJT,20140620,1.565,1.565,1.535,1.55,34023
GLH,20140620,0.55,0.55,0.55,0.55,25224
GLL,20140620,0.135,0.135,0.13,0.13,40625
GMA,20140620,3.01,3.08,3.01,3.07,243393
GMC,20140620,0.002,0.002,0.002,0.002,1550000
GMD,20140620,0.021,0.022,0.021,0.022,1193986
GMG,20140620,5.15,5.2,5.13,5.15,5499006
GML,20140620,0.07,0.07,0.07,0.07,40000
GMR,20140620,0.011,0.011,0.009,0.009,3220686
GMX,20140620,0.011,0.011,0.011,0.011,12000
GNC,20140620,8.53,8.55,8.39,8.43,668357
GNE,20140620,1.62,1.64,1.61,1.64,1027679
GNG,20140620,0.635,0.64,0.635,0.64,36300
GOLD,20140620,134.23,134.45,133.72,134.11,10223
GOR,20140620,0.21,0.225,0.205,0.215,2031762
GOW,20140620,2.67,2.67,2.67,2.67,3375
GOZ,20140620,2.51,2.53,2.51,2.51,273768
GPG,20140620,0.62,0.62,0.62,0.62,250000
GPR,20140620,0.07,0.075,0.07,0.07,171428
GPT,20140620,3.88,3.93,3.87,3.92,13316566
GRB,20140620,0.16,0.16,0.16,0.16,612977
GRF,20140620,1.67,1.69,1.67,1.69,17917
GRM,20140620,0.09,0.11,0.09,0.11,568590
GRR,20140620,0.15,0.155,0.145,0.145,4373414
GRY,20140620,0.16,0.165,0.16,0.16,2316264
GSE,20140620,0.002,0.003,0.002,0.002,107700
GSZ,20140620,0.014,0.014,0.014,0.014,1000
GTG,20140620,0.037,0.037,0.036,0.037,286410
GUD,20140620,6.22,6.23,6.05,6.14,375500
GUF,20140620,0.059,0.06,0.056,0.06,576304
GUN,20140620,0.013,0.013,0.013,0.013,300000
GWA,20140620,2.66,2.69,2.65,2.65,328539
GWR,20140620,0.145,0.145,0.145,0.145,38433
GXL,20140620,9.57,9.69,9.5,9.68,85415
GXY,20140620,0.058,0.059,0.056,0.059,1738214
HAO,20140620,0.17,0.17,0.17,0.17,403333
HAR,20140620,0.042,0.042,0.042,0.042,34222
HAS,20140620,0.048,0.055,0.048,0.05,1296111
HAV,20140620,0.165,0.175,0.165,0.175,49235
HAW,20140620,0.025,0.027,0.025,0.027,85827
HAZ,20140620,0.036,0.036,0.035,0.035,1602000
HCH,20140620,0.19,0.2,0.19,0.19,392300
HDX,20140620,0.19,0.19,0.18,0.18,100369
HEG,20140620,0.005,0.005,0.004,0.004,186193
HFA,20140620,0.95,0.95,0.95,0.95,8725
HFR,20140620,0.6,0.6,0.575,0.58,777933
HGG,20140620,4.29,4.34,4.215,4.24,2891841
HGO,20140620,0.074,0.075,0.071,0.072,1236983
HHL,20140620,1.97,1.97,1.92,1.92,27598
HHV,20140620,1.01,1.01,1.005,1.01,199541
HHY,20140620,0.335,0.335,0.33,0.33,92253
HIG,20140620,0.054,0.054,0.05,0.051,1334361
HIL,20140620,1.66,1.725,1.655,1.72,552628
HLO,20140620,0.295,0.295,0.295,0.295,10000
HLS,20140620,0.006,0.006,0.006,0.006,28785
HMX,20140620,0.105,0.105,0.1,0.1,39000
HNG,20140620,0.575,0.58,0.57,0.57,41123
HNR,20140620,0.005,0.005,0.005,0.005,273615
HOG,20140620,0.019,0.019,0.018,0.018,220500
HOM,20140620,0.76,0.76,0.76,0.76,3000
HOR,20140620,0.02,0.02,0.02,0.02,304459
HPI,20140620,2.1,2.12,2.1,2.1,245227
HRL,20140620,0.007,0.007,0.007,0.007,432500
HSK,20140620,0.085,0.085,0.085,0.085,59130
HSN,20140620,1.335,1.34,1.315,1.34,64051
HTA,20140620,0.07,0.07,0.07,0.07,156929
HUB,20140620,0.87,0.88,0.86,0.86,29750
HVN,20140620,3.14,3.14,3.07,3.1,1534166
HZN,20140620,0.385,0.39,0.38,0.38,3485060
IAA,20140620,51.6,51.6,51.23,51.37,5615
IAF,20140620,104.5,104.5,102.97,103.38,6127
IAG,20140620,5.84,5.87,5.8,5.81,3945591
IAU,20140620,0.28,0.29,0.275,0.28,9334443
IBG,20140620,0.046,0.046,0.046,0.046,120000
IBK,20140620,41.59,41.66,41.58,41.66,570
IBY,20140620,0.33,0.33,0.315,0.32,476933
ICG,20140620,0.023,0.023,0.022,0.022,3654590
ICN,20140620,0.14,0.145,0.135,0.145,1152090
ICP,20140620,0.052,0.071,0.052,0.071,202200
ICQ,20140620,1.42,1.44,1.385,1.41,202358
ICT,20140620,0.19,0.19,0.185,0.185,15819
IDC,20140620,0.033,0.034,0.031,0.031,4756950
IDO,20140620,0.051,0.051,0.051,0.051,16100
IDR,20140620,2.03,2.03,2.01,2.03,294793
IDZ,20140620,0.67,0.68,0.67,0.68,21500
IEC,20140620,0.025,0.026,0.025,0.025,370000
IEM,20140620,46.4,46.41,46.14,46.14,11004
IEU,20140620,53.85,53.89,53.78,53.88,18263
IFE,20140620,0.066,0.07,0.063,0.07,191939
IFL,20140620,8.21,8.31,8.18,8.29,1369212
IFM,20140620,0.735,0.745,0.735,0.735,297077
IFN,20140620,0.19,0.21,0.185,0.205,7172523
IGB,20140620,101.94,101.94,101.94,101.94,2
IGO,20140620,4.23,4.41,4.23,4.27,1233666
IHD,20140620,16.81,16.83,16.74,16.74,12271
IHK,20140620,22.55,22.55,22.55,22.55,465
IIL,20140620,0.175,0.175,0.165,0.17,261413
IIN,20140620,7.41,7.53,7.41,7.47,485011
IJH,20140620,151.41,151.55,151.41,151.55,208
IJP,20140620,12.95,12.95,12.88,12.91,23600
IJR,20140620,118.79,118.79,118.26,118.27,297
IKO,20140620,69.5,69.5,68.06,68.14,320
IKW,20140620,0.013,0.013,0.013,0.013,25000
ILB,20140620,106.86,106.86,106.86,106.86,793
ILC,20140620,25.11,25.14,24.94,24.97,18352
ILU,20140620,8.35,8.39,8.2,8.2,7535269
IMA,20140620,0.15,0.15,0.145,0.15,129727
IMC,20140620,0.005,0.005,0.005,0.005,500000
IMD,20140620,0.675,0.69,0.67,0.68,126050
IMF,20140620,1.88,1.915,1.88,1.91,114197
IMI,20140620,0.001,0.001,0.001,0.001,58879
IMU,20140620,0.014,0.014,0.014,0.014,829000
INA,20140620,0.5,0.5,0.49,0.5,713922
INL,20140620,0.008,0.008,0.008,0.008,300000
IOF,20140620,3.43,3.46,3.415,3.46,3073032
IOG,20140620,0.045,0.045,0.045,0.045,100000
IOH,20140620,0.92,0.92,0.89,0.9,108395
IOO,20140620,86.26,86.75,86.21,86.45,20737
IOZ,20140620,23.7,23.71,23.49,23.5,11856
IPB,20140620,0.26,0.265,0.25,0.265,155100
IPD,20140620,0.19,0.19,0.18,0.19,3182417
IPE,20140620,0.49,0.49,0.485,0.49,27940
IPL,20140620,2.83,2.865,2.8,2.81,8674273
IPP,20140620,2.89,2.98,2.8,2.9,578726
IPT,20140620,0.038,0.038,0.033,0.033,195000
IRC,20140620,0.08,0.08,0.07,0.07,70000
IRD,20140620,0.31,0.31,0.31,0.31,52830
IRE,20140620,8.16,8.18,8.11,8.13,468896
IRG,20140620,0.003,0.003,0.002,0.002,1630000
IRI,20140620,1.015,1.015,0.985,0.99,110803
IRM,20140620,0.015,0.015,0.015,0.015,30000
IRN,20140620,0.17,0.17,0.145,0.145,7039669
IRU,20140620,125.5,125.55,125.5,125.5,359
ISD,20140620,2.31,2.35,2.31,2.35,558739
ISG,20140620,14.63,14.63,14.63,14.63,8
ISN,20140620,0.24,0.255,0.24,0.255,588022
ISO,20140620,3.92,3.92,3.88,3.9,43551
ISU,20140620,1.13,1.135,1.1,1.11,116097
ITT,20140620,0.015,0.015,0.014,0.014,8305668
IVC,20140620,9.99,9.99,9.85,9.87,560896
IVE,20140620,75.2,75.33,74.94,74.99,1746
IVO,20140620,0.037,0.037,0.037,0.037,6090
IVR,20140620,0.039,0.04,0.037,0.038,232047
IVV,20140620,210.5,210.52,209.8,210.06,8767
IVX,20140620,0.07,0.081,0.07,0.081,1841754
IXI,20140620,97.99,97.99,97.54,97.54,1194
IXJ,20140620,100.64,100.65,100.45,100.45,2630
IXR,20140620,0.027,0.027,0.025,0.026,1076543
IZM,20140620,0.004,0.006,0.004,0.006,5709541
IZZ,20140620,40.4,40.5,40.04,40.3,8777
JAL,20140620,0.155,0.155,0.155,0.155,160000
JAT,20140620,0.015,0.018,0.015,0.018,716293
JBH,20140620,18.7,18.8,17.9,18.1,1677560
JCS,20140620,0.049,0.049,0.049,0.049,50000
JHC,20140620,2.68,2.68,2.61,2.65,3541655
JHX,20140620,13.94,14.05,13.68,13.77,1263025
JIN,20140620,1.315,1.315,1.3,1.31,55849
JKA,20140620,0.048,0.049,0.048,0.049,1086761
JPR,20140620,0.38,0.38,0.38,0.38,10667
JRL,20140620,0.165,0.165,0.165,0.165,3000
JYC,20140620,0.54,0.54,0.54,0.54,9000
KAB,20140620,0.001,0.002,0.001,0.001,5473668
KAM,20140620,0.685,0.685,0.68,0.685,87854
KAR,20140620,3.29,3.325,3.24,3.26,1210985
KAS,20140620,0.083,0.084,0.08,0.081,929781
KBC,20140620,0.185,0.185,0.185,0.185,135524
KBL,20140620,0.038,0.04,0.037,0.038,271849
KCN,20140620,0.95,0.965,0.92,0.955,6398142
KDL,20140620,0.15,0.155,0.14,0.14,377602
KDR,20140620,0.051,0.057,0.051,0.055,625791
KEY,20140620,0.015,0.015,0.013,0.013,2554905
KGD,20140620,0.08,0.08,0.08,0.08,5600
KGL,20140620,0.09,0.09,0.089,0.089,156025
KGM,20140620,0.008,0.01,0.008,0.01,500000
KIK,20140620,0.01,0.01,0.01,0.01,18467
KKL,20140620,0.003,0.003,0.003,0.003,122223
KKO,20140620,0.06,0.06,0.055,0.055,120000
KKT,20140620,0.12,0.125,0.12,0.125,13973
KMD,20140620,3.25,3.25,3.14,3.19,1074785
KME,20140620,0.305,0.305,0.305,0.305,6000
KNL,20140620,0.165,0.165,0.155,0.155,340806
KOR,20140620,0.029,0.035,0.029,0.035,608620
KOV,20140620,5.7,5.7,5.69,5.69,5194
KPC,20140620,0.19,0.22,0.19,0.22,84390
KPL,20140620,0.37,0.37,0.36,0.37,53500
KPR,20140620,0.018,0.02,0.018,0.02,125804
KRC,20140620,0.15,0.15,0.12,0.12,393303
KRL,20140620,0.009,0.009,0.009,0.009,225000
KRM,20140620,0.465,0.5,0.465,0.5,1030976
KRS,20140620,0.205,0.205,0.205,0.205,69000
KSC,20140620,1.27,1.27,1.25,1.25,27243
KSN,20140620,0.014,0.014,0.014,0.014,133150
KSO,20140620,0.003,0.003,0.002,0.002,339286
LAU,20140620,0.33,0.33,0.33,0.33,40000
LBT,20140620,0.145,0.15,0.135,0.14,88550
LBY,20140620,0.025,0.025,0.025,0.025,800000
LCM,20140620,0.815,0.815,0.77,0.79,225757
LCR,20140620,0.007,0.007,0.007,0.007,294500
LCY,20140620,0.017,0.017,0.017,0.017,6735
LEG,20140620,0.006,0.007,0.006,0.006,3627856
LEI,20140620,19.89,20.03,19.66,19.7,647084
LEP,20140620,2.99,2.99,2.96,2.99,44177
LGD,20140620,0.315,0.315,0.31,0.315,6741
LGO,20140620,0.002,0.002,0.002,0.002,20
LHB,20140620,0.019,0.18,0.019,0.18,301460
LHC,20140620,2.27,2.28,2.25,2.28,52827
LIC,20140620,1.45,1.48,1.45,1.48,2181
LIO,20140620,0.2,0.2,0.18,0.18,1993
LKO,20140620,0.002,0.003,0.002,0.003,13072363
LLC,20140620,13.67,13.74,13.53,13.53,1771697
LLO,20140620,0.3,0.3,0.3,0.3,3391
LMB,20140620,0.8,0.8,0.785,0.795,273544
LML,20140620,0.05,0.05,0.046,0.048,1240000
LNG,20140620,2.5,2.53,2.28,2.39,15182064
LNR,20140620,0.41,0.41,0.395,0.4,352183
LNY,20140620,0.003,0.003,0.002,0.002,627666
LOM,20140620,0.39,0.465,0.39,0.43,1598678
LRL,20140620,0.01,0.011,0.01,0.011,200000
LRR,20140620,0.001,0.001,0.001,0.001,10000
LRS,20140620,0.039,0.039,0.036,0.037,677431
LSA,20140620,0.12,0.12,0.11,0.11,47322
LSR,20140620,0.009,0.011,0.009,0.011,2752281
LSX,20140620,0.34,0.34,0.335,0.335,30841
LTR,20140620,0.033,0.033,0.033,0.033,125155
LTX,20140620,0.017,0.017,0.017,0.017,145000
LYC,20140620,0.125,0.13,0.12,0.125,19743650
LYL,20140620,2.2,2.21,2.1,2.21,75458
MAD,20140620,0.24,0.245,0.235,0.235,328425
MAH,20140620,0.107,0.11,0.105,0.11,1034492
MAK,20140620,0.083,0.084,0.083,0.084,200000
MAQ,20140620,6.9,6.9,6.9,6.9,382
MAT,20140620,0.4,0.43,0.37,0.39,1139296
MBE,20140620,0.21,0.21,0.205,0.205,586249
MBT,20140620,0.008,0.008,0.008,0.008,4540
MCE,20140620,1.32,1.32,1.285,1.29,22580
MCH,20140620,0.13,0.13,0.13,0.13,1520
MCP,20140620,1.115,1.12,1.095,1.12,90394
MCR,20140620,0.865,0.875,0.845,0.845,176894
MCX,20140620,0.028,0.028,0.028,0.028,409
MDI,20140620,0.017,0.017,0.016,0.016,170000
MDL,20140620,1.605,1.62,1.57,1.59,101898
MDO,20140620,0.023,0.023,0.021,0.021,640000
MED,20140620,0.07,0.07,0.07,0.07,100
MEH,20140620,0.04,0.04,0.038,0.038,90000
MEI,20140620,0.02,0.02,0.02,0.02,200000
MEL,20140620,0.05,0.052,0.048,0.048,1347941
MEO,20140620,0.025,0.026,0.025,0.026,491564
MEP,20140620,0.094,0.097,0.094,0.095,61903
MEU,20140620,0.016,0.017,0.014,0.014,385340
MEY,20140620,0.002,0.002,0.002,0.002,50300
MFF,20140620,1.46,1.48,1.45,1.475,211387
MFG,20140620,11.2,11.215,10.97,11.12,495311
MGB,20140620,0.1,0.1,0.095,0.095,60000
MGL,20140620,0.03,0.03,0.03,0.03,46932
MGR,20140620,1.82,1.84,1.815,1.825,19841480
MGS,20140620,0.045,0.045,0.045,0.045,8000
MGU,20140620,0.027,0.027,0.026,0.026,200000
MGV,20140620,0.053,0.053,0.053,0.053,25000
MGX,20140620,0.695,0.72,0.685,0.7,8010260
MHC,20140620,0.045,0.045,0.045,0.045,25000
MHI,20140620,0.185,0.19,0.185,0.19,76920
MHM,20140620,0.013,0.013,0.013,0.013,26500
MIN,20140620,9.5,9.64,9.47,9.58,2625654
MIR,20140620,2.64,2.67,2.63,2.63,18370
MIX,20140620,0.165,0.165,0.165,0.165,48000
MIZ,20140620,0.004,0.004,0.003,0.003,1151000
MKB,20140620,0.21,0.245,0.21,0.24,4205952
MKO,20140620,0.021,0.023,0.021,0.023,1006093
MLA,20140620,0.145,0.145,0.14,0.14,31332
MLB,20140620,1.555,1.62,1.54,1.57,216637
MLD,20140620,1.745,1.78,1.7,1.7,394663
MLM,20140620,0.034,0.034,0.034,0.034,40000
MLS,20140620,0.004,0.005,0.004,0.005,195000
MLT,20140620,4.51,4.55,4.49,4.54,123549
MLX,20140620,0.265,0.265,0.26,0.26,568736
MMC,20140620,0.013,0.013,0.012,0.012,929183
MML,20140620,1.975,1.99,1.895,1.93,6279579
MMR,20140620,0.039,0.039,0.033,0.033,74900
MMS,20140620,9.45,9.58,9.44,9.49,470213
MMX,20140620,0.046,0.046,0.046,0.046,25000
MNB,20140620,0.002,0.002,0.002,0.002,1000
MNC,20140620,0.019,0.019,0.018,0.018,2739969
MND,20140620,15.63,16.03,15.62,15.92,452486
MNE,20140620,0.02,0.021,0.019,0.02,810026
MNF,20140620,2.36,2.4,2.36,2.36,30640
MNW,20140620,0.225,0.225,0.215,0.22,317567
MNY,20140620,1.025,1.025,1.015,1.02,255626
MNZ,20140620,1.41,1.41,1.41,1.41,2500
MOC,20140620,2.75,2.8,2.67,2.8,79858
MOD,20140620,0.013,0.013,0.013,0.013,453756
MOO,20140620,0.004,0.004,0.004,0.004,300000
MOX,20140620,0.028,0.028,0.028,0.028,35000
MOY,20140620,0.099,0.1,0.094,0.095,320564
MOZ,20140620,0.013,0.013,0.013,0.013,50000
MPE,20140620,0.004,0.005,0.004,0.004,1439000
MPJ,20140620,0.006,0.006,0.005,0.005,587176
MPO,20140620,0.175,0.175,0.165,0.165,641921
MQA,20140620,3.35,3.46,3.33,3.37,1735861
MQG,20140620,60.88,61.1,60.5,60.5,1226885
MRF,20140620,0.105,0.105,0.094,0.1,1723060
MRM,20140620,2.12,2.16,2.1,2.13,3327845
MRP,20140620,0.145,0.185,0.14,0.14,403898
MRQ,20140620,0.08,0.08,0.08,0.08,100000
MRR,20140620,0.14,0.14,0.14,0.14,20000
MRV,20140620,0.004,0.005,0.004,0.004,1529100
MSB,20140620,4.33,4.36,4.2,4.2,316520
MSP,20140620,0.008,0.008,0.008,0.008,3573
MSR,20140620,0.029,0.033,0.029,0.033,559333
MTA,20140620,0.061,0.075,0.061,0.071,1517228
MTH,20140620,0.011,0.011,0.009,0.009,2141034
MTN,20140620,0.024,0.025,0.024,0.025,12606
MTR,20140620,1.85,1.85,1.73,1.78,19044548
MTS,20140620,2.84,2.84,2.77,2.77,5969978
MTU,20140620,5.96,6.03,5.96,6,577559
MUE,20140620,0.031,0.031,0.031,0.031,100000
MUM,20140620,0.003,0.003,0.003,0.003,130000
MUT,20140620,0.002,0.002,0.002,0.002,417776
MUX,20140620,0.051,0.051,0.051,0.051,20000
MVA,20140620,16.09,16.09,16.08,16.08,1619
MVB,20140620,27.38,27.38,27.24,27.3,15201
MVP,20140620,1.22,1.22,1.18,1.18,11445
MVT,20140620,0.13,0.13,0.13,0.13,22299
MWR,20140620,1.1,1.1,1.1,1.1,6400
MXI,20140620,0.92,0.935,0.905,0.905,294455
MYA,20140620,0.15,0.155,0.15,0.155,203730
MYE,20140620,0.41,0.42,0.41,0.42,27400
MYG,20140620,0.025,0.025,0.024,0.025,928544
MYR,20140620,2.05,2.07,2.03,2.05,4578882
MYS,20140620,4.65,4.75,4.64,4.75,74375
MYT,20140620,2.07,2.07,2.06,2.06,13378
MYX,20140620,0.835,0.885,0.825,0.86,2447718
MZI,20140620,0.01,0.01,0.01,0.01,568000
MZM,20140620,0.095,0.095,0.095,0.095,13524
NAB,20140620,33.45,33.5,33.13,33.13,4339626
NAE,20140620,0.022,0.022,0.022,0.022,360003
NAM,20140620,0.315,0.315,0.315,0.315,40000
NAN,20140620,0.81,0.82,0.8,0.81,103037
NBL,20140620,0.45,0.45,0.45,0.45,10000
NCC,20140620,1.05,1.05,1.045,1.045,25000
NCK,20140620,2.64,2.64,2.58,2.58,7668
NCM,20140620,10.85,10.98,10.73,10.81,5266092
NCR,20140620,0.012,0.014,0.012,0.014,1015000
NDO,20140620,0.033,0.033,0.032,0.032,415670
NEA,20140620,0.45,0.45,0.445,0.45,436223
NEC,20140620,2.17,2.2,2.15,2.2,5804256
NEN,20140620,0.014,0.014,0.014,0.014,3996915
NEU,20140620,0.083,0.084,0.081,0.082,1304955
NFE,20140620,0.135,0.137,0.135,0.135,560000
NGE,20140620,0.01,0.01,0.01,0.01,2566050
NGF,20140620,0.12,0.125,0.12,0.12,377673
NGY,20140620,0.013,0.013,0.013,0.013,75160
NHC,20140620,2.68,2.7,2.56,2.56,422814
NHF,20140620,3.08,3.15,3.01,3.15,1057440
NIU,20140620,0.004,0.004,0.004,0.004,225000
NKP,20140620,0.073,0.073,0.07,0.073,38250
NLS,20140620,0.004,0.004,0.004,0.004,2500000
NME,20140620,0.009,0.009,0.009,0.009,40000
NMI,20140620,0.031,0.031,0.031,0.031,2000
NML,20140620,0.07,0.07,0.069,0.07,424205
NMS,20140620,0.044,0.044,0.044,0.044,10
NNW,20140620,0.59,0.595,0.58,0.58,185511
NOD,20140620,0.045,0.046,0.045,0.046,781000
NOE,20140620,0.19,0.19,0.19,0.19,365200
NPX,20140620,2.85,2.87,2.85,2.87,19829
NRT,20140620,0.155,0.155,0.15,0.155,479282
NRU,20140620,0.003,0.004,0.003,0.004,5422795
NSE,20140620,0.16,0.16,0.15,0.15,211562
NSL,20140620,0.009,0.009,0.008,0.008,1320470
NSR,20140620,1.31,1.325,1.295,1.305,129389
NST,20140620,1.33,1.35,1.28,1.29,15907192
NTC,20140620,0.595,0.595,0.56,0.56,436655
NTM,20140620,0.013,0.013,0.013,0.013,35000
NTU,20140620,0.185,0.19,0.185,0.185,173102
NUF,20140620,4.64,4.69,4.62,4.62,1804755
NVG,20140620,0.003,0.003,0.003,0.003,716667
NVI,20140620,0.465,0.49,0.465,0.49,91025
NVT,20140620,7.35,7.39,7.23,7.25,1156025
NWE,20140620,0.01,0.01,0.01,0.01,158000
NWH,20140620,0.93,0.95,0.915,0.915,4154952
NWR,20140620,0.008,0.008,0.008,0.008,200000
NWS,20140620,18.18,18.25,18.12,18.2,44386
NWT,20140620,0.28,0.285,0.277,0.28,998243
NXR,20140620,0.02,0.022,0.02,0.022,120000
NXT,20140620,1.62,1.705,1.62,1.69,627413
NZO,20140620,0.725,0.725,0.725,0.725,15000
OBJ,20140620,0.081,0.083,0.081,0.081,1863729
OBL,20140620,0.009,0.009,0.009,0.009,628894
OBS,20140620,0.295,0.3,0.295,0.3,143786
OCL,20140620,1.19,1.19,1.19,1.19,15551
OCP,20140620,1.365,1.37,1.365,1.37,11971
ODN,20140620,0.002,0.002,0.002,0.002,100000
ODY,20140620,0.009,0.009,0.009,0.009,180000
OEC,20140620,0.145,0.15,0.145,0.15,43520
OEG,20140620,0.033,0.033,0.033,0.033,940
OEL,20140620,0.09,0.092,0.09,0.092,418400
OEX,20140620,0.13,0.13,0.125,0.125,249200
OFX,20140620,2.87,2.88,2.775,2.79,3177940
OGC,20140620,3.44,3.48,3.4,3.44,2468292
OGH,20140620,0.03,0.03,0.03,0.03,1000020
OGI,20140620,0.004,0.005,0.003,0.003,410989
OGX,20140620,0.105,0.105,0.1,0.1,90000
OGY,20140620,0.018,0.019,0.018,0.019,533500
OIL,20140620,0.037,0.037,0.037,0.037,6000
OKJ,20140620,0.037,0.037,0.037,0.037,15275
OKN,20140620,1.28,1.29,1.28,1.29,8633
OLH,20140620,0.1,0.1,0.1,0.1,28758
OMH,20140620,0.335,0.385,0.335,0.38,315262
ONT,20140620,5.96,5.99,5.96,5.99,5498
ORA,20140620,1.49,1.497,1.452,1.465,2600530
ORD,20140620,0.003,0.003,0.003,0.003,3451499
ORE,20140620,2.15,2.18,2.12,2.15,112751
ORG,20140620,14.61,14.725,14.5,14.53,2801217
ORH,20140620,0.002,0.002,0.002,0.002,3400000
ORI,20140620,19.25,19.37,19.04,19.1,1371623
ORL,20140620,3.94,4.115,3.895,4.1,59389
ORR,20140620,0.055,0.055,0.055,0.055,4000000
ORS,20140620,0.056,0.059,0.056,0.059,245900
OSH,20140620,9.81,9.84,9.79,9.82,4894795
OSL,20140620,0.11,0.11,0.105,0.105,1289999
OSP,20140620,0.57,0.57,0.56,0.56,11500
OTC,20140620,0.105,0.105,0.105,0.105,155191
OTH,20140620,0.475,0.475,0.47,0.47,19000
OZB,20140620,0.003,0.004,0.003,0.004,4390973
OZG,20140620,0.21,0.21,0.21,0.21,15000
OZL,20140620,4.13,4.22,4.13,4.18,1311148
PAA,20140620,0.01,0.01,0.01,0.01,1463889
PAB,20140620,0.032,0.033,0.032,0.033,650000
PAF,20140620,0.94,0.94,0.92,0.92,106102
PAN,20140620,0.78,0.795,0.767,0.78,888013
PBD,20140620,0.017,0.018,0.017,0.017,4502446
PBG,20140620,0.505,0.52,0.5,0.51,5392750
PBP,20140620,0.44,0.44,0.44,0.44,2054
PBT,20140620,0.23,0.23,0.225,0.23,757595
PCL,20140620,0.028,0.029,0.025,0.025,10423577
PDI,20140620,0.008,0.009,0.008,0.009,738269
PDM,20140620,0.002,0.003,0.002,0.003,699000
PDN,20140620,0.305,0.31,0.29,0.3,11545828
PDY,20140620,0.003,0.003,0.003,0.003,13519945
PDZ,20140620,0.51,0.515,0.5,0.5,79400
PEC,20140620,0.04,0.04,0.04,0.04,10000
PEH,20140620,0.062,0.062,0.062,0.062,250000
PEK,20140620,0.066,0.068,0.066,0.068,76900
PEN,20140620,0.025,0.025,0.024,0.025,1779853
PEX,20140620,0.125,0.125,0.12,0.12,60000
PFL,20140620,1.12,1.125,1.11,1.12,71367
PGC,20140620,0.235,0.24,0.23,0.23,288104
PGF,20140620,0.95,0.97,0.95,0.95,93200
PGH,20140620,3.53,3.57,3.51,3.56,2679069
PGI,20140620,0.042,0.044,0.041,0.041,2446224
PGL,20140620,0.81,0.81,0.81,0.81,3987
PGO,20140620,0.037,0.037,0.037,0.037,1018
PGR,20140620,1.03,1.03,0.925,0.95,2552859
PHG,20140620,0.545,0.545,0.545,0.545,105000
PIE,20140620,0.12,0.13,0.12,0.13,25250
PIM,20140620,0.016,0.016,0.016,0.016,1749214
PIR,20140620,1.86,1.89,1.83,1.84,13712800
PKO,20140620,0.005,0.005,0.005,0.005,8600
PLD,20140620,0.008,0.008,0.006,0.006,1385667
PLH,20140620,0.12,0.12,0.1,0.1,112333
PLP,20140620,0.001,0.001,0.001,0.001,8783746
PLS,20140620,0.019,0.022,0.019,0.022,559246
PMC,20140620,1.72,1.75,1.72,1.745,161974
PMP,20140620,0.45,0.475,0.45,0.47,3300415
PMV,20140620,8.7,8.74,8.5,8.51,465122
PMY,20140620,0.043,0.043,0.041,0.042,311643
PNA,20140620,2.21,2.27,2.2,2.25,2173006
PNC,20140620,1.56,1.58,1.55,1.58,31499
PNL,20140620,0.365,0.365,0.365,0.365,95093
PNN,20140620,0.012,0.012,0.012,0.012,30000
PNR,20140620,0.06,0.065,0.06,0.062,85000
POH,20140620,0.083,0.087,0.082,0.087,747965
POK,20140620,0.032,0.032,0.032,0.032,102000
POS,20140620,0.085,0.085,0.083,0.083,87200
POZ,20140620,0.011,0.011,0.011,0.011,1250
PPC,20140620,1.36,1.38,1.35,1.38,19604
PPG,20140620,0.47,0.47,0.455,0.455,214128
PPP,20140620,0.075,0.075,0.075,0.075,8247
PPS,20140620,0.15,0.16,0.15,0.155,302346
PPT,20140620,47.53,47.8,46.97,46.97,102082
PPX,20140620,0.039,0.04,0.039,0.04,787840
PPY,20140620,0.012,0.012,0.012,0.012,34000
PRA,20140620,0.024,0.024,0.024,0.024,339585
PRG,20140620,2.72,2.75,2.72,2.75,165844
PRL,20140620,0.16,0.165,0.145,0.16,679621
PRR,20140620,0.041,0.042,0.041,0.042,1036618
PRT,20140620,1.02,1.06,1.02,1.06,764185
PRU,20140620,0.4,0.43,0.395,0.42,14625662
PRY,20140620,4.45,4.45,4.37,4.39,2060673
PSA,20140620,0.11,0.11,0.105,0.105,61363
PSC,20140620,0.006,0.006,0.006,0.006,613586
PSP,20140620,0.001,0.001,0.001,0.001,60500
PSY,20140620,0.052,0.052,0.051,0.051,442166
PSZ,20140620,0.725,0.725,0.725,0.725,8000
PTL,20140620,0.03,0.031,0.029,0.029,2221200
PTM,20140620,6.22,6.225,6.14,6.15,792699
PTR,20140620,0.007,0.008,0.007,0.008,601079
PVD,20140620,0.43,0.455,0.43,0.455,553527
PWN,20140620,0.038,0.038,0.036,0.036,35829
PXG,20140620,0.14,0.14,0.14,0.14,366836
PXS,20140620,0.062,0.065,0.062,0.063,670000
PXT,20140620,0.08,0.08,0.08,0.08,7590
PYC,20140620,0.014,0.014,0.013,0.013,1230158
PYM,20140620,0.017,0.017,0.017,0.017,62500
PZC,20140620,0.012,0.012,0.012,0.012,3750
QAN,20140620,1.33,1.355,1.33,1.34,9584021
QAU,20140620,13.5,13.76,13.5,13.69,1470
QBE,20140620,11.11,11.15,11.06,11.11,4959402
QBL,20140620,0.024,0.024,0.021,0.022,46130668
QFX,20140620,0.011,0.011,0.01,0.01,322950
QHL,20140620,0.19,0.19,0.185,0.19,198479
QMN,20140620,0.011,0.011,0.011,0.011,44000
QOZ,20140620,12.57,12.57,12.46,12.46,42183
QPN,20140620,0.001,0.001,0.001,0.001,106166
QRE,20140620,5.64,5.64,5.64,5.64,8800
QRL,20140620,0.012,0.013,0.012,0.013,300000
QRX,20140620,0.081,0.081,0.081,0.081,110000
QST,20140620,0.055,0.055,0.05,0.054,105417
QTG,20140620,0.026,0.026,0.026,0.026,164910
QUB,20140620,2.31,2.32,2.27,2.28,2629777
QUE,20140620,0.14,0.14,0.14,0.14,20000
RAF,20140620,0.3,0.3,0.3,0.3,6380
RAU,20140620,0.009,0.009,0.009,0.009,114278
RBR,20140620,0.004,0.004,0.004,0.004,50208
RBX,20140620,0.01,0.01,0.01,0.01,100000
RCB,20140620,20.65,20.65,20.65,20.65,6640
RCF,20140620,0.01,0.01,0.01,0.01,28400
RCG,20140620,0.65,0.65,0.585,0.585,396251
RCM,20140620,0.029,0.03,0.029,0.029,1542900
RCP,20140620,0.002,0.002,0.002,0.002,7250000
RCR,20140620,2.69,2.74,2.65,2.73,327078
RCT,20140620,4.09,4.09,4.05,4.05,4741
RDF,20140620,0.98,0.98,0.9,0.95,15262
RDG,20140620,0.032,0.032,0.032,0.032,30000
RDM,20140620,0.165,0.17,0.165,0.17,26907
RDR,20140620,0.021,0.021,0.02,0.02,292382
RDS,20140620,0.062,0.065,0.06,0.065,215450
RDV,20140620,29.87,29.87,29.69,29.7,20159
REA,20140620,45,45,43.81,43.81,277899
REC,20140620,4.65,4.67,4.63,4.65,711094
RED,20140620,0.072,0.075,0.07,0.072,867938
REH,20140620,30,30,30,30,287
RER,20140620,0.068,0.078,0.059,0.062,6485814
RES,20140620,0.115,0.135,0.11,0.12,873073
REX,20140620,0.73,0.73,0.73,0.73,16350
REY,20140620,0.099,0.099,0.099,0.099,179199
RFE,20140620,0.073,0.074,0.072,0.072,313037
RFF,20140620,0.925,0.94,0.92,0.94,201494
RFG,20140620,4.42,4.54,4.415,4.53,546670
RFL,20140620,0.48,0.485,0.465,0.47,455256
RFX,20140620,0.16,0.16,0.15,0.16,195664
RGS,20140620,0.39,0.395,0.39,0.39,30106
RGU,20140620,0.012,0.012,0.012,0.012,52500
RGX,20140620,0.008,0.008,0.008,0.008,8879388
RHC,20140620,46.22,46.42,45.76,45.77,213902
RHI,20140620,1.5,1.5,1.5,1.5,2828
RHL,20140620,3.35,3.39,3.35,3.35,52840
RHP,20140620,0.7,0.71,0.7,0.7,1221998
RHS,20140620,0.21,0.21,0.205,0.21,35338
RHT,20140620,0.04,0.042,0.04,0.042,224301
RIC,20140620,0.82,0.84,0.815,0.84,77075
RIE,20140620,0.009,0.009,0.009,0.009,152979
RIO,20140620,59,59.5,58.45,58.51,1518972
RKN,20140620,2.05,2.09,2.03,2.04,239997
RLE,20140620,0.245,0.25,0.245,0.245,123000
RMD,20140620,5.65,5.68,5.61,5.62,2197851
RMG,20140620,0.002,0.002,0.002,0.002,7557503
RMI,20140620,0.002,0.002,0.002,0.002,1478941
RMP,20140620,0.063,0.064,0.063,0.064,161250
RMR,20140620,0.011,0.013,0.011,0.012,15312691
RMX,20140620,0.011,0.012,0.011,0.011,8107090
RND,20140620,0.53,0.53,0.53,0.53,21000
RNI,20140620,0.165,0.17,0.16,0.16,1356399
RNO,20140620,0.023,0.023,0.022,0.022,200000
RNS,20140620,0.07,0.07,0.068,0.068,68841
RNU,20140620,0.04,0.04,0.04,0.04,75000
RNY,20140620,0.28,0.28,0.275,0.275,50100
ROC,20140620,0.565,0.565,0.545,0.56,952668
ROG,20140620,0.001,0.001,0.001,0.001,29400
ROL,20140620,0.21,0.22,0.21,0.22,63274
ROY,20140620,0.027,0.03,0.027,0.03,51900
RQL,20140620,0.12,0.12,0.115,0.115,93442
RRL,20140620,1.745,1.77,1.675,1.68,22567124
RRP,20140620,0.002,0.002,0.002,0.002,1711737
RSG,20140620,0.7,0.7,0.665,0.675,17366110
RSM,20140620,20.53,20.53,20.53,20.53,9190
RTD,20140620,0.04,0.042,0.04,0.041,624747
RTG,20140620,1.08,1.1,1.08,1.1,269500
RTR,20140620,0.038,0.038,0.035,0.035,489532
RUB,20140620,0.075,0.075,0.075,0.075,236830
RUL,20140620,0.58,0.58,0.57,0.57,1797314
RUM,20140620,0.089,0.089,0.087,0.088,170382
RVA,20140620,0.12,0.125,0.12,0.125,55000
RVL,20140620,34.77,34.77,34.58,34.58,189
RVR,20140620,0.05,0.05,0.05,0.05,2809
RVY,20140620,0.02,0.02,0.02,0.02,339500
RWD,20140620,0.785,0.81,0.77,0.79,312764
RWH,20140620,3.4,3.4,3.39,3.4,53806
RXL,20140620,0.045,0.046,0.044,0.044,1168627
RXM,20140620,0.335,0.335,0.305,0.315,178015
RXP,20140620,0.66,0.66,0.65,0.655,13992
RYG,20140620,0.016,0.016,0.016,0.016,203297
SAI,20140620,5.02,5.085,5.02,5.05,1867380
SAR,20140620,0.42,0.425,0.41,0.41,13806812
SAU,20140620,0.007,0.009,0.007,0.008,2551717
SAV,20140620,0.002,0.002,0.002,0.002,2500
SAY,20140620,0.019,0.019,0.019,0.019,30500
SBB,20140620,0.072,0.074,0.07,0.074,537226
SBI,20140620,0.077,0.078,0.077,0.078,6500
SBL,20140620,0.001,0.001,0.001,0.001,269645
SBM,20140620,0.145,0.15,0.12,0.12,51942766
SBN,20140620,0.009,0.009,0.009,0.009,2572
SBR,20140620,0.024,0.024,0.024,0.024,298000
SCI,20140620,0.048,0.048,0.047,0.047,100000
SCP,20140620,1.755,1.805,1.75,1.805,2730447
SDF,20140620,1.36,1.37,1.29,1.35,1739620
SDG,20140620,1.555,1.59,1.555,1.59,219572
SDL,20140620,0.082,0.083,0.081,0.082,9395484
SDM,20140620,0.48,0.48,0.46,0.47,1110732
SEA,20140620,1.13,1.145,1.115,1.14,3908942
SEG,20140620,0.008,0.009,0.008,0.009,1200000
SEH,20140620,0.15,0.155,0.15,0.15,11628583
SEK,20140620,16.73,16.79,16.35,16.41,1207017
SEN,20140620,0.029,0.029,0.027,0.029,613462
SER,20140620,0.035,0.038,0.033,0.035,1252258
SFC,20140620,6.01,6.16,6.01,6.16,2119
SFH,20140620,0.87,0.88,0.87,0.87,302463
SFR,20140620,6.02,6.14,6.01,6.1,1786960
SFW,20140620,0.84,0.85,0.84,0.85,1303928
SFX,20140620,0.85,0.85,0.83,0.83,81627
SFY,20140620,55.29,55.3,54.87,54.87,10777
SFZ,20140620,0.05,0.05,0.05,0.05,104198
SGF,20140620,1.805,1.805,1.8,1.8,347634
SGH,20140620,5.11,5.17,5.08,5.09,407772
SGM,20140620,9.54,9.58,9.505,9.52,359713
SGN,20140620,1.32,1.34,1.315,1.34,2643006
SGO,20140620,0.19,0.195,0.18,0.18,20000
SGP,20140620,4.05,4.05,4.005,4.03,17968326
SGQ,20140620,0.14,0.14,0.14,0.14,72000
SGT,20140620,3.24,3.26,3.21,3.23,994314
SHD,20140620,0.05,0.054,0.05,0.054,68000
SHE,20140620,0.006,0.006,0.006,0.006,15000
SHJ,20140620,2.35,2.35,2.26,2.3,32416
SHK,20140620,0.003,0.003,0.003,0.003,52534
SHL,20140620,17.14,17.14,16.94,16.98,831649
SHP,20140620,0.021,0.023,0.021,0.022,6127500
SHV,20140620,5.25,5.37,5,5,543317
SIH,20140620,0.02,0.02,0.02,0.02,271966
SIP,20140620,0.73,0.75,0.72,0.75,4073736
SIR,20140620,3.36,3.39,3.21,3.23,2269313
SIV,20140620,4.75,4.89,4.75,4.76,74759
SIX,20140620,0.007,0.007,0.007,0.007,40000
SKC,20140620,3.78,3.79,3.77,3.77,246240
SKE,20140620,2.25,2.33,2.22,2.33,1491218
SKI,20140620,1.84,1.847,1.83,1.845,5774959
SKT,20140620,6.37,6.37,6.32,6.36,377467
SLF,20140620,9.95,10.02,9.94,9.95,45594
SLK,20140620,1.8,1.8,1.8,1.8,13304
SLM,20140620,1.745,1.75,1.74,1.75,7131
SLR,20140620,0.455,0.47,0.45,0.465,14654189
SLT,20140620,0.004,0.004,0.004,0.004,70000
SLX,20140620,1.275,1.275,1.175,1.175,623972
SMA,20140620,0.015,0.015,0.015,0.015,584000
SMC,20140620,0.035,0.036,0.035,0.035,406772562
SMD,20140620,0.054,0.059,0.053,0.053,250767
SMI,20140620,0.041,0.041,0.041,0.041,44333
SMM,20140620,0.25,0.25,0.25,0.25,2071
SMN,20140620,0.29,0.31,0.29,0.31,64467
SMP,20140620,0.25,0.25,0.25,0.25,45000
SMR,20140620,0.12,0.12,0.12,0.12,73422
SMX,20140620,3.28,3.35,3.25,3.32,229878
SNC,20140620,0.95,0.95,0.95,0.95,38
SND,20140620,0.79,0.79,0.79,0.79,72800
SNL,20140620,2.27,2.27,2.25,2.25,20200
SNY,20140620,0.19,0.19,0.19,0.19,9500
SOC,20140620,0.037,0.04,0.037,0.04,252019
SOL,20140620,14.9,14.95,14.66,14.66,15884
SOM,20140620,1.43,1.45,1.43,1.45,7500
SOO,20140620,0.007,0.007,0.007,0.007,46445
SOR,20140620,0.07,0.07,0.07,0.07,50000
SPI,20140620,0.009,0.011,0.009,0.011,117235
SPL,20140620,0.555,0.572,0.555,0.565,416694
SPN,20140620,1.35,1.355,1.34,1.35,5162971
SPO,20140620,1.715,1.725,1.69,1.725,807801
SPS,20140620,0.018,0.022,0.018,0.022,125000
SPZ,20140620,0.15,0.155,0.15,0.155,417483
SRH,20140620,0.13,0.13,0.13,0.13,2000
SRQ,20140620,0.004,0.004,0.003,0.004,3460000
SRR,20140620,0.004,0.004,0.004,0.004,530267
SRV,20140620,4.84,4.85,4.62,4.72,69629
SRX,20140620,16.9,17,16.76,17,99900
SRZ,20140620,0.038,0.038,0.037,0.037,250000
SSM,20140620,0.18,0.185,0.18,0.18,272701
SSN,20140620,0.022,0.023,0.022,0.022,3062024
SSO,20140620,11.42,11.46,11.42,11.46,3087
STB,20140620,0.155,0.16,0.155,0.16,111200
STO,20140620,14.51,14.51,14.085,14.15,6139519
STS,20140620,0.595,0.6,0.595,0.6,145000
STW,20140620,51.59,51.7,51.26,51.29,145322
STX,20140620,0.16,0.16,0.147,0.15,6133424
SUD,20140620,0.05,0.05,0.049,0.049,1197608
SUH,20140620,0.062,0.062,0.06,0.06,83000
SUL,20140620,8.44,8.45,8.36,8.4,761701
SUM,20140620,0.058,0.058,0.058,0.058,30469
SUN,20140620,13.43,13.505,13.37,13.47,4027932
SUR,20140620,0.018,0.021,0.018,0.021,4312531
SVL,20140620,0.004,0.004,0.004,0.004,4500000
SVM,20140620,0.34,0.34,0.33,0.33,174091
SVW,20140620,7.84,7.9,7.65,7.66,1044438
SVY,20140620,0.295,0.3,0.295,0.3,60389
SWJ,20140620,0.185,0.185,0.185,0.185,235000
SWK,20140620,0.26,0.26,0.26,0.26,56350
SWL,20140620,1.97,1.97,1.88,1.88,106851
SWM,20140620,1.78,1.845,1.775,1.84,4173877
SXE,20140620,0.5,0.51,0.5,0.51,64200
SXG,20140620,0.011,0.011,0.009,0.009,3784914
SXI,20140620,0.018,0.018,0.018,0.018,1000000
SXL,20140620,1.1,1.11,1.075,1.085,4991648
SXS,20140620,0.026,0.026,0.026,0.026,7000
SXX,20140620,0.004,0.004,0.004,0.004,11000
SXY,20140620,0.725,0.73,0.712,0.725,1417127
SYD,20140620,4.4,4.425,4.35,4.36,4817032
SYI,20140620,29.99,30.08,29.97,29.97,3087
SYP,20140620,0.006,0.006,0.006,0.006,1800
SYR,20140620,3.74,3.86,3.7,3.82,598602
SYS,20140620,0.002,0.002,0.002,0.002,60000
TAH,20140620,3.45,3.47,3.42,3.42,4474349
TAM,20140620,0.017,0.02,0.017,0.019,2352673
TAN,20140620,0.435,0.435,0.425,0.43,96000
TAP,20140620,0.465,0.47,0.46,0.46,230162
TAW,20140620,0.024,0.024,0.022,0.023,4873900
TBR,20140620,3.1,3.1,3.1,3.1,500
TCL,20140620,7.66,7.7,7.6,7.65,9698308
TCQ,20140620,0.255,0.255,0.255,0.255,30000
TDO,20140620,0.078,0.085,0.078,0.085,12537
TDX,20140620,0.001,0.001,0.001,0.001,1000000
TEG,20140620,0.001,0.001,0.001,0.001,2500000
TEL,20140620,2.48,2.5,2.47,2.48,2025784
TEN,20140620,0.26,0.265,0.24,0.245,28553988
TEX,20140620,0.042,0.042,0.042,0.042,200000
TFC,20140620,1.69,1.715,1.687,1.71,499554
TGA,20140620,2.23,2.235,2.2,2.2,257658
TGG,20140620,1.295,1.3,1.285,1.3,196973
TGP,20140620,0.795,0.805,0.795,0.795,74374
TGR,20140620,3.96,3.99,3.95,3.95,5124196
TGS,20140620,0.32,0.32,0.315,0.32,7305748
TGZ,20140620,0.745,0.755,0.73,0.74,1216863
THO,20140620,0.015,0.015,0.015,0.015,130000
THR,20140620,0.003,0.003,0.003,0.003,22500
THX,20140620,0.08,0.083,0.079,0.083,116550
TIG,20140620,0.14,0.14,0.14,0.14,71428
TIX,20140620,2.28,2.35,2.27,2.27,112375
TKL,20140620,0.036,0.036,0.035,0.035,806501
TLG,20140620,0.345,0.375,0.34,0.37,857990
TLM,20140620,0.097,0.135,0.097,0.13,1696062
TLS,20140620,5.22,5.23,5.17,5.17,25946164
TLU,20140620,0.05,0.05,0.05,0.05,393384
TME,20140620,3.29,3.29,3.24,3.25,900092
TMK,20140620,0.007,0.007,0.007,0.007,112500
TND,20140620,0.009,0.009,0.009,0.009,4577
TNE,20140620,2.71,2.755,2.66,2.66,523225
TNG,20140620,0.155,0.16,0.155,0.155,239355
TNP,20140620,0.005,0.006,0.005,0.006,1900000
TNR,20140620,0.004,0.004,0.003,0.003,506036
TOE,20140620,0.061,0.061,0.06,0.06,206302
TOF,20140620,2.05,2.05,2.03,2.03,1120193
TOL,20140620,5.11,5.15,5.02,5.04,2754174
TON,20140620,0.32,0.345,0.312,0.345,4466699
TOP,20140620,0.425,0.425,0.425,0.425,5900
TOU,20140620,0.33,0.335,0.31,0.335,155200
TOX,20140620,3.28,3.29,3.23,3.23,208221
TPC,20140620,0.76,0.77,0.76,0.77,1347
TPD,20140620,0.021,0.021,0.021,0.021,31548
TPI,20140620,1.04,1.06,1.04,1.055,31825289
TPM,20140620,5.73,5.77,5.63,5.63,1583918
TPP,20140620,0.088,0.088,0.088,0.088,48000
TPT,20140620,0.265,0.27,0.255,0.265,4563829
TRF,20140620,0.053,0.058,0.052,0.055,605398
TRG,20140620,9.41,10.13,9.31,10.13,20665
TRS,20140620,8.8,8.83,8.61,8.73,216511
TRY,20140620,1.12,1.17,1.1,1.1,5228946
TSE,20140620,1.11,1.11,1.08,1.095,2785197
TSM,20140620,0.375,0.38,0.375,0.38,74957
TSN,20140620,0.006,0.006,0.006,0.006,1640000
TSV,20140620,0.004,0.004,0.004,0.004,1000000
TTE,20140620,0.016,0.017,0.016,0.017,4548124
TTI,20140620,0.058,0.058,0.055,0.055,258846
TTN,20140620,1.96,1.98,1.93,1.97,70574
TTS,20140620,3.07,3.08,3.045,3.07,3665481
TWD,20140620,3.1,3.2,3.1,3.2,126072
TWE,20140620,4.72,4.79,4.7,4.75,1276608
TWR,20140620,1.59,1.59,1.54,1.54,3058
TYK,20140620,0.003,0.004,0.003,0.003,3350274
TZN,20140620,0.042,0.042,0.041,0.041,191991
UBI,20140620,0.19,0.215,0.19,0.215,679724
UEQ,20140620,0.012,0.012,0.011,0.012,323990
UGL,20140620,6.66,6.78,6.63,6.71,1356796
UML,20140620,0.011,0.012,0.011,0.011,1408220
UNS,20140620,0.525,0.535,0.525,0.525,190631
UNV,20140620,0.082,0.082,0.08,0.08,193606
UNX,20140620,0.175,0.175,0.16,0.16,241200
UOS,20140620,0.55,0.55,0.55,0.55,5000
URF,20140620,1.83,1.84,1.83,1.84,50000
USA,20140620,0.016,0.016,0.015,0.016,200000
USD,20140620,10.48,10.48,10.45,10.45,17701
USF,20140620,1.66,1.66,1.66,1.66,15750
USG,20140620,1.72,1.72,1.72,1.72,26000
UUL,20140620,0.065,0.065,0.065,0.065,100000
UXC,20140620,0.76,0.775,0.73,0.73,1390004
VAF,20140620,49,49,48.77,48.97,3107
VAH,20140620,0.42,0.43,0.42,0.43,1149357
VAP,20140620,62.25,62.85,62.25,62.38,24119
VAR,20140620,0.04,0.04,0.04,0.04,36493
VAS,20140620,69.74,69.74,69.21,69.21,20275
VEC,20140620,0.022,0.022,0.021,0.021,265000
VED,20140620,2,2.02,1.99,2.01,4536863
VEI,20140620,0.705,0.73,0.67,0.73,267466
VET,20140620,3.2,3.2,3.17,3.2,1412747
VEU,20140620,56.65,56.72,56.4,56.56,11766
VGB,20140620,47.4,47.58,47.38,47.58,3170
VGE,20140620,52.07,52.07,51.9,51.9,8316
VGO,20140620,0.028,0.028,0.028,0.028,41000
VHL,20140620,0.007,0.007,0.007,0.007,3490539
VHY,20140620,67.08,67.18,66.68,66.69,10870
VIC,20140620,0.006,0.007,0.006,0.007,598981
VIE,20140620,0.21,0.21,0.21,0.21,27000
VII,20140620,0.1,0.1,0.1,0.1,1412985
VKA,20140620,0.036,0.036,0.036,0.036,12963
VLA,20140620,0.28,0.285,0.275,0.275,145283
VLC,20140620,62,62,61.85,61.85,8782
VLW,20140620,1.99,1.995,1.97,1.97,338952
VMG,20140620,0.012,0.013,0.012,0.013,535000
VMS,20140620,0.099,0.099,0.097,0.098,61337
VMT,20140620,0.047,0.048,0.047,0.047,3328328
VMX,20140620,0.21,0.21,0.21,0.21,625
VOC,20140620,4.4,4.5,4.39,4.5,136052
VOR,20140620,0.001,0.002,0.001,0.002,149000
VRL,20140620,7.66,7.67,7.48,7.53,201611
VRT,20140620,8.67,8.82,8.59,8.69,253364
VRX,20140620,0.038,0.038,0.038,0.038,24866
VSC,20140620,1.645,1.645,1.555,1.555,8000
VSO,20140620,45,45,44.85,44.87,592
VTG,20140620,0.765,0.77,0.75,0.755,429170
VTM,20140620,0.055,0.061,0.055,0.061,241943
VTS,20140620,108.5,108.6,108.15,108.15,9145
VXL,20140620,0.435,0.435,0.42,0.42,107778
VXR,20140620,0.006,0.006,0.006,0.006,178000
WAA,20140620,1.265,1.27,1.26,1.26,25450
WAC,20140620,0.017,0.017,0.017,0.017,500000
WAF,20140620,0.125,0.125,0.125,0.125,16000
WAL,20140620,0.032,0.032,0.032,0.032,29000
WAM,20140620,1.92,1.92,1.915,1.915,101901
WAT,20140620,1.13,1.13,1.13,1.13,1519
WAX,20140620,1.125,1.125,1.12,1.12,17420
WBA,20140620,0.91,0.91,0.9,0.9,107065
WBB,20140620,5.11,5.25,5.11,5.15,4266
WBC,20140620,34.26,34.42,34.13,34.15,4587597
WCB,20140620,8,8,8,8,12
WCC,20140620,0.07,0.07,0.066,0.066,320167
WCL,20140620,0.39,0.39,0.39,0.39,167567
WCN,20140620,0.011,0.011,0.011,0.011,707727
WCP,20140620,0.022,0.024,0.022,0.024,48750
WDC,20140620,10.9,11.01,10.82,10.82,12572994
WDR,20140620,0.255,0.26,0.235,0.235,2111372
WDS,20140620,0.89,0.895,0.86,0.87,68267
WEB,20140620,2.36,2.42,2.36,2.36,148400
WEC,20140620,0.165,0.165,0.165,0.165,49000
WES,20140620,41.5,41.63,41.05,41.25,4103265
WFE,20140620,0.008,0.009,0.008,0.009,610000
WHC,20140620,1.5,1.52,1.495,1.5,1991801
WHE,20140620,0.009,0.009,0.009,0.009,265043
WHF,20140620,4.15,4.15,4.12,4.13,12120
WHN,20140620,0.013,0.013,0.013,0.013,1558446
WIC,20140620,1.27,1.275,1.255,1.255,111463
WIG,20140620,0.58,0.59,0.55,0.59,28304
WIN,20140620,0.245,0.245,0.245,0.245,10000
WKT,20140620,0.006,0.007,0.006,0.007,387699
WLC,20140620,0.015,0.015,0.015,0.015,400
WLF,20140620,0.295,0.3,0.295,0.295,48204
WLL,20140620,2.89,2.89,2.89,2.89,360
WLR,20140620,0.003,0.003,0.003,0.003,641859
WMK,20140620,1.05,1.05,1.045,1.05,101023
WMN,20140620,0.285,0.285,0.28,0.28,288000
WOF,20140620,0.04,0.04,0.035,0.035,518750
WOR,20140620,17.37,17.44,17.19,17.21,1482844
WOW,20140620,35.62,35.7,35.36,35.4,3446100
WPG,20140620,0.045,0.045,0.044,0.044,362207
WPL,20140620,41.51,41.87,41.22,41.39,3386944
WRG,20140620,0.002,0.002,0.002,0.002,200000
WRM,20140620,0.015,0.016,0.015,0.016,20917
WRR,20140620,0.31,0.33,0.28,0.33,92431
WRT,20140620,3.23,3.24,3.18,3.21,15963148
WSA,20140620,4.67,4.695,4.62,4.66,649297
WSR,20140620,0.029,0.03,0.029,0.03,862606
WTF,20140620,2.53,2.555,2.5,2.5,1396417
WTP,20140620,0.825,0.84,0.82,0.82,44712
WWI,20140620,0.008,0.008,0.005,0.007,1133145
XAM,20140620,0.035,0.038,0.033,0.038,437193
XRF,20140620,0.22,0.22,0.22,0.22,3564
XRO,20140620,26.5,26.5,25.83,25.88,15358
XST,20140620,0.035,0.035,0.035,0.035,100000
XTE,20140620,0.044,0.044,0.044,0.044,69741
YAL,20140620,0.235,0.24,0.225,0.24,31422
YBR,20140620,0.67,0.67,0.66,0.66,26038
YOW,20140620,0.52,0.52,0.5,0.52,169999
YRR,20140620,0.011,0.011,0.011,0.011,130000
ZGL,20140620,0.215,0.225,0.21,0.225,165898
ZMG,20140620,0.06,0.06,0.06,0.06,1610000
ZNZ,20140620,3.65,3.65,3.65,3.65,300000
ZRL,20140620,0.135,0.14,0.13,0.135,41369
XAF,20140620,5573,5573,5519.4,5520.9,0
XAO,20140620,5446.4,5446.4,5399.8,5401.6,0
XAT,20140620,5424.9,5424.9,5375.8,5377.2,0
XDJ,20140620,1788.6,1788.6,1770.2,1773,0
XEC,20140620,1065.3,1074.5,1065.1,1070.2,0
XEJ,20140620,14558.2,14583.7,14386.5,14421.1,0
XFJ,20140620,6180.8,6180.8,6129.4,6130.8,0
XFL,20140620,5637.3,5637.3,5583,5584.6,0
XGD,20140620,2243.7,2374,2243.7,2329.8,0
XHJ,20140620,14410.2,14410.2,14250.1,14269.4,0
XIJ,20140620,795.5,795.5,782.2,783.2,0
XJO,20140620,5468.2,5468.2,5418,5419.5,0
XJR,20140620,4105.2,4119.7,4062.9,4067.6,0
XKO,20140620,5408.7,5408.7,5361,5362.4,0
XMD,20140620,4582.1,4582.1,4533.9,4537.7,0
XMJ,20140620,9785.4,9819.1,9674.8,9687.1,0
XMM,20140620,3162.9,3182.3,3133.5,3137.6,0
XNJ,20140620,4088.1,4089.1,4058.5,4064.5,0
XPJ,20140620,1079.2,1087,1078.7,1080.7,0
XSJ,20140620,9822.7,9823.4,9692.4,9711.8,0
XSO,20140620,2142.7,2151,2142.5,2145.9,0
XTJ,20140620,1826,1826,1802.5,1802.6,0
XTL,20140620,3447.4,3447.4,3409.9,3410.6,0
XTO,20140620,4549.3,4549.3,4505.3,4506.6,0
XUJ,20140620,5940.4,5954.3,5900.6,5921.7,0
XXJ,20140620,7295.7,7295.7,7223.5,7225.3,0
