3PL,20140819,2.27,2.38,2.25,2.35,99946
AAA,20140819,50.16,50.17,50.16,50.17,12832
AAC,20140819,1.26,1.265,1.25,1.26,489670
AAD,20140819,2.94,3.05,2.94,3,3284110
AAX,20140819,0.6,0.645,0.6,0.64,328480
ABC,20140819,3.54,3.58,3.53,3.57,1629137
ABP,20140819,2.62,2.67,2.61,2.66,792253
ABU,20140819,0.41,0.41,0.39,0.4,147450
ABW,20140819,1.03,1.03,1.03,1.03,94966
ABX,20140819,0.24,0.24,0.235,0.24,170319
ABY,20140819,0.25,0.25,0.245,0.25,794878
ACB,20140819,0.06,0.06,0.06,0.06,22741
ACG,20140819,0.098,0.098,0.097,0.097,127928
ACJ,20140819,0.004,0.004,0.004,0.004,100000
ACL,20140819,0.59,0.595,0.585,0.585,368009
ACQ,20140819,0.93,0.93,0.93,0.93,10000
ACR,20140819,1.85,1.885,1.83,1.86,1815857
ADJ,20140819,0.15,0.15,0.135,0.135,4612568
ADN,20140819,0.044,0.044,0.044,0.044,46667
ADO,20140819,0.155,0.155,0.15,0.15,436961
ADQ,20140819,0.009,0.009,0.009,0.009,22000
ADY,20140819,0.029,0.031,0.028,0.03,7703165
AEB,20140819,0.089,0.089,0.08,0.086,472465
AEE,20140819,0.034,0.036,0.034,0.036,114294
AEF,20140819,42.05,42.05,42.05,42.05,320
AEI,20140819,0.18,0.18,0.18,0.18,45000
AEK,20140819,0.081,0.081,0.081,0.081,14751
AEM,20140819,0.013,0.013,0.013,0.013,170000
AFA,20140819,0.2,0.21,0.185,0.21,84575
AFI,20140819,6.14,6.17,6.12,6.14,357609
AFJ,20140819,1.195,1.21,1.185,1.21,97538
AFR,20140819,0.062,0.064,0.061,0.061,341828
AGE,20140819,0.05,0.05,0.048,0.048,360000
AGF,20140819,0.77,0.775,0.765,0.765,433247
AGI,20140819,3.74,3.79,3.71,3.74,352041
AGK,20140819,14.63,14.78,14.61,14.68,1997971
AGO,20140819,0.7,0.702,0.692,0.695,3560034
AGR,20140819,0.041,0.041,0.041,0.041,32000
AGS,20140819,0.2,0.2,0.19,0.19,427211
AGY,20140819,0.004,0.004,0.004,0.004,150000
AHA,20140819,0.038,0.04,0.038,0.039,563000
AHD,20140819,9.35,9.45,9.35,9.36,854270
AHE,20140819,3.88,3.99,3.86,3.99,2822558
AHN,20140819,0.034,0.034,0.034,0.034,30000
AHY,20140819,1.875,1.91,1.875,1.9,671810
AHZ,20140819,0.165,0.165,0.155,0.155,3511079
AIA,20140819,3.35,3.39,3.35,3.39,24290
AIO,20140819,5.95,5.98,5.93,5.97,6954834
AIQ,20140819,0.14,0.14,0.14,0.14,1030000
AIV,20140819,0.018,0.018,0.018,0.018,500000
AIZ,20140819,1.85,1.885,1.85,1.88,20250
AJA,20140819,4.17,4.24,4.06,4.24,28235
AJD,20140819,1.085,1.09,1.085,1.085,14006087
AJL,20140819,0.74,0.74,0.73,0.74,13000
AJQ,20140819,0.087,0.092,0.087,0.092,448883
AJX,20140819,0.085,0.105,0.085,0.105,560494
AKA,20140819,0.093,0.095,0.093,0.095,16327
AKF,20140819,0.115,0.115,0.11,0.11,1840000
AKG,20140819,1.33,1.35,1.33,1.35,294600
AKK,20140819,0.019,0.019,0.017,0.017,10194275
AKM,20140819,0.06,0.06,0.05,0.05,795470
AKP,20140819,8,8.3,8,8.2,23830
ALA,20140819,0.24,0.245,0.24,0.245,157061
ALF,20140819,1.705,1.725,1.705,1.72,337220
ALK,20140819,0.23,0.24,0.23,0.235,437687
ALL,20140819,5.68,5.68,5.6,5.68,1268375
ALQ,20140819,7.41,7.59,7.38,7.57,989455
ALR,20140819,1.245,1.25,1.225,1.23,39681
ALT,20140819,0.033,0.036,0.032,0.036,844659
ALU,20140819,2.5,2.55,2.5,2.54,155570
ALY,20140819,0.021,0.021,0.019,0.019,78669
ALZ,20140819,4.48,4.49,4.47,4.48,783197
AMA,20140819,0.315,0.315,0.315,0.315,47543
AMC,20140819,10.65,10.82,10.57,10.75,6369383
AMH,20140819,0.965,0.965,0.95,0.95,38518
AMI,20140819,0.42,0.42,0.39,0.39,310093
AMM,20140819,1.955,1.97,1.935,1.955,1107041
AMP,20140819,5.41,5.57,5.41,5.55,9676760
ANG,20140819,1.51,1.555,1.505,1.54,82896
ANI,20140819,2.03,2.06,2.03,2.06,140702
ANN,20140819,19.79,19.81,19.45,19.74,1434381
ANO,20140819,0.014,0.014,0.014,0.014,472000
ANP,20140819,0.14,0.14,0.14,0.14,50000
ANQ,20140819,0.007,0.007,0.007,0.007,1000000
ANW,20140819,0.007,0.007,0.006,0.006,125000
ANZ,20140819,32.71,32.9,32.58,32.82,6666323
AOA,20140819,0.008,0.008,0.008,0.008,150000
AOD,20140819,1.005,1.005,1,1,54750
AOG,20140819,2.1,2.15,2.085,2.15,831537
AOH,20140819,0.215,0.215,0.215,0.215,280000
AOK,20140819,0.255,0.26,0.245,0.25,2020037
AON,20140819,0.019,0.02,0.019,0.02,949544
AOW,20140819,0.175,0.18,0.175,0.18,561173
APA,20140819,7.73,7.78,7.67,7.73,2141688
APD,20140819,0.3,0.3,0.3,0.3,200000
APE,20140819,5.8,5.85,5.62,5.75,21330
API,20140819,0.585,0.59,0.555,0.56,603826
APN,20140819,0.77,0.785,0.76,0.775,678834
APW,20140819,0.12,0.125,0.115,0.115,996400
APY,20140819,0.012,0.012,0.012,0.012,845087
APZ,20140819,1.22,1.24,1.21,1.24,29853
AQC,20140819,0.006,0.009,0.005,0.005,27041439
AQD,20140819,0.012,0.012,0.012,0.012,194149
AQF,20140819,1.99,1.99,1.99,1.99,31250
AQG,20140819,2.3,2.37,2.28,2.35,454690
AQI,20140819,0.2,0.2,0.2,0.2,4844
AQO,20140819,0.32,0.325,0.32,0.325,829561
AQP,20140819,0.44,0.45,0.44,0.44,259230
AQR,20140819,0.235,0.24,0.23,0.23,454412
AQU,20140819,0.44,0.45,0.44,0.45,3137
AQZ,20140819,1.39,1.405,1.36,1.405,42521
ARD,20140819,0.026,0.026,0.025,0.025,60000
ARE,20140819,0.028,0.028,0.027,0.027,314661
ARF,20140819,1.29,1.34,1.29,1.3,150407
ARG,20140819,7.96,8.06,7.92,7.94,162289
ARI,20140819,0.8,0.855,0.795,0.845,34317081
ARP,20140819,12.4,12.66,12.34,12.65,144643
ARU,20140819,0.078,0.08,0.077,0.077,425000
ARW,20140819,0.19,0.19,0.19,0.19,30932
ARX,20140819,0.003,0.003,0.003,0.003,455500
ASB,20140819,1.105,1.12,1.06,1.085,172250
ASL,20140819,1.005,1.055,1.005,1.045,1000966
ASP,20140819,0.03,0.03,0.03,0.03,200000
AST,20140819,1.385,1.395,1.375,1.38,5073214
ASX,20140819,36.2,36.47,36.16,36.36,555767
ASZ,20140819,0.57,0.57,0.55,0.555,570823
ATP,20140819,0.13,0.135,0.12,0.13,405044
ATR,20140819,0.3,0.3,0.3,0.3,4000
ATU,20140819,1.61,1.62,1.6,1.62,66628
AUB,20140819,10.49,10.565,10.35,10.42,36294
AUC,20140819,0.052,0.052,0.052,0.052,50000
AUF,20140819,1.05,1.05,1.05,1.05,30100
AUI,20140819,8.72,8.75,8.72,8.75,8999
AUP,20140819,5.48,5.48,5.38,5.38,3790
AUQ,20140819,0.05,0.05,0.05,0.05,100000
AUZ,20140819,0.014,0.014,0.014,0.014,150985
AVB,20140819,0.098,0.098,0.097,0.097,727816
AVG,20140819,0.405,0.41,0.4,0.4,92613
AVH,20140819,0.105,0.105,0.105,0.105,53571
AVJ,20140819,0.59,0.59,0.59,0.59,88000
AVK,20140819,0.024,0.024,0.024,0.024,121215
AVQ,20140819,0.015,0.015,0.013,0.014,7151061
AVX,20140819,0.016,0.016,0.015,0.015,127000
AVZ,20140819,0.008,0.008,0.008,0.008,75000
AWC,20140819,1.505,1.515,1.49,1.515,11959330
AWE,20140819,1.725,1.78,1.725,1.775,1979881
AWI,20140819,0.29,0.29,0.285,0.29,112337
AWV,20140819,0.03,0.03,0.03,0.03,100000
AXC,20140819,0.012,0.012,0.011,0.011,2385773
AXE,20140819,0.19,0.19,0.18,0.18,77548
AXI,20140819,0.053,0.053,0.053,0.053,34203
AXZ,20140819,0.99,0.99,0.99,0.99,620
AYA,20140819,0.335,0.34,0.335,0.34,53000
AYJ,20140819,94.55,94.6,92.94,92.94,1858
AYK,20140819,90.04,90.04,90.04,90.04,1000
AYR,20140819,0.008,0.008,0.008,0.008,100000
AZJ,20140819,4.87,4.9,4.83,4.9,11858493
AZK,20140819,0.024,0.027,0.024,0.025,775000
AZM,20140819,0.04,0.04,0.039,0.039,175850
AZQ,20140819,0.21,0.21,0.205,0.205,97000
AZS,20140819,0.036,0.036,0.033,0.035,10733948
AZV,20140819,0.39,0.395,0.385,0.395,209873
AZZ,20140819,0.58,0.62,0.58,0.62,593171
BAB,20140819,0.08,0.083,0.08,0.08,25235
BAF,20140819,0.96,0.98,0.96,0.96,75301
BAL,20140819,1.43,1.435,1.415,1.42,679681
BAP,20140819,2.3,2.38,2.28,2.34,100042
BAS,20140819,0.005,0.005,0.005,0.005,1142
BAU,20140819,0.15,0.155,0.15,0.15,193219
BBG,20140819,0.59,0.62,0.587,0.595,3161241
BBL,20140819,0.28,0.28,0.28,0.28,500
BBR,20140819,0.525,0.525,0.5,0.51,57049
BCD,20140819,0.042,0.042,0.042,0.042,180000
BCI,20140819,3.15,3.22,3.13,3.18,1741800
BCK,20140819,0.047,0.047,0.045,0.045,500000
BCN,20140819,0.003,0.003,0.003,0.003,500000
BCT,20140819,0.064,0.07,0.064,0.07,112292
BDR,20140819,0.545,0.547,0.525,0.53,4628404
BEAR,20140819,17.51,17.51,17.41,17.45,36825
BEN,20140819,12.41,12.72,12.33,12.61,2568412
BFE,20140819,0.022,0.022,0.022,0.022,275000
BFG,20140819,0.565,0.59,0.565,0.59,41163
BGA,20140819,5.2,5.2,5.16,5.2,165127
BGG,20140819,0.085,0.095,0.085,0.095,106468
BGH,20140819,0.034,0.034,0.034,0.034,14000
BGL,20140819,1.04,1.05,1.02,1.045,196268
BGS,20140819,0.011,0.011,0.011,0.011,635000
BHP,20140819,39.14,39.74,39.11,39.68,8129836
BIT,20140819,0.125,0.14,0.125,0.14,635975
BKI,20140819,1.665,1.665,1.66,1.665,297545
BKL,20140819,28,28.25,27.9,28.25,3969
BKN,20140819,4.83,5.025,4.83,4.99,1847644
BKP,20140819,0.002,0.002,0.002,0.002,575297
BKW,20140819,14.08,14.1,14,14.04,39240
BKY,20140819,0.345,0.35,0.345,0.345,41924
BLA,20140819,2.74,2.8,2.73,2.74,31006
BLD,20140819,5.25,5.28,5.22,5.27,1585311
BLG,20140819,0.14,0.145,0.14,0.145,100422
BLK,20140819,0.19,0.19,0.17,0.19,342514
BLR,20140819,0.005,0.005,0.005,0.005,1000000
BLT,20140819,1.21,1.32,1.06,1.135,1368820
BLX,20140819,1.14,1.15,1.11,1.11,54183
BLY,20140819,0.21,0.215,0.19,0.2,4480520
BLZ,20140819,0.001,0.002,0.001,0.002,3340000
BMB,20140819,0.073,0.073,0.072,0.073,170000
BMG,20140819,0.008,0.008,0.007,0.007,1049900
BML,20140819,0.024,0.027,0.024,0.027,2585402
BMN,20140819,0.071,0.077,0.071,0.076,431358
BMY,20140819,0.011,0.011,0.011,0.011,150000
BMZ,20140819,0.042,0.042,0.042,0.042,4500
BNE,20140819,0.016,0.016,0.015,0.016,3431696
BNO,20140819,0.51,0.53,0.505,0.53,234176
BNR,20140819,0.02,0.02,0.017,0.017,431095
BOC,20140819,0.43,0.43,0.41,0.425,112611
BOE,20140819,0.032,0.032,0.032,0.032,136000
BOL,20140819,0.165,0.165,0.16,0.16,462055
BOQ,20140819,12.18,12.37,12.17,12.29,2756458
BPG,20140819,0.002,0.002,0.002,0.002,333333
BPL,20140819,0.049,0.049,0.049,0.049,11200
BPT,20140819,1.705,1.72,1.685,1.7,5574351
BRC,20140819,0.32,0.32,0.32,0.32,70000
BRD,20140819,0.002,0.002,0.002,0.002,2000000
BRG,20140819,8.46,8.72,8.43,8.65,220460
BRL,20140819,0.054,0.055,0.053,0.053,734646
BRU,20140819,0.74,0.79,0.74,0.785,943508
BSE,20140819,0.295,0.31,0.295,0.31,16500
BSL,20140819,6.09,6.205,6.08,6.12,3223075
BSM,20140819,0.004,0.004,0.004,0.004,1005500
BSR,20140819,0.017,0.018,0.017,0.017,3655441
BTN,20140819,0.008,0.008,0.008,0.008,125000
BTR,20140819,0.235,0.245,0.23,0.24,419534
BTT,20140819,6.49,6.52,6.43,6.49,102273
BUG,20140819,0.58,0.6,0.58,0.58,45000
BUL,20140819,0.054,0.054,0.054,0.054,175000
BUR,20140819,0.018,0.018,0.017,0.017,318000
BUX,20140819,0.275,0.285,0.27,0.27,216640
BUY,20140819,0.013,0.013,0.013,0.013,144200
BWP,20140819,2.57,2.59,2.525,2.56,1902025
BXB,20140819,9.4,9.47,9.39,9.44,3676623
BYE,20140819,0.62,0.62,0.615,0.615,5112
BYI,20140819,1.24,1.24,1.24,1.24,471
BYL,20140819,0.585,0.59,0.54,0.55,861790
BYR,20140819,0.025,0.025,0.022,0.022,450000
CAA,20140819,0.15,0.15,0.15,0.15,290000
CAB,20140819,4.99,5,4.9,4.94,266127
CAD,20140819,0.013,0.014,0.013,0.014,991757
CAF,20140819,0.495,0.5,0.49,0.5,333591
CAJ,20140819,0.635,0.635,0.615,0.63,1171101
CAM,20140819,0.98,0.99,0.98,0.99,65643
CAP,20140819,0.053,0.053,0.053,0.053,166103
CAQ,20140819,0.1,0.1,0.1,0.1,10000
CAS,20140819,0.435,0.46,0.405,0.41,371872
CAV,20140819,0.015,0.015,0.015,0.015,220000
CAY,20140819,0.052,0.053,0.052,0.052,147317
CBA,20140819,79.4,80.02,79.37,79.99,7835373
CBQ,20140819,0.002,0.002,0.002,0.002,40000
CCJ,20140819,0.081,0.081,0.08,0.08,80000
CCL,20140819,9.65,9.74,9.6,9.74,2077393
CCP,20140819,9.78,9.87,9.75,9.86,100219
CCV,20140819,1.145,1.15,1.14,1.14,708030
CCZ,20140819,0.003,0.003,0.003,0.003,100000
CDA,20140819,0.745,0.745,0.735,0.745,35464
CDB,20140819,0.004,0.004,0.004,0.004,3848496
CDD,20140819,6.1,6.47,6.1,6.42,539472
CDG,20140819,0.078,0.078,0.078,0.078,18001
CDM,20140819,1.505,1.525,1.505,1.515,283164
CDP,20140819,5.94,5.94,5.94,5.94,821
CDT,20140819,0.03,0.03,0.03,0.03,23000
CDU,20140819,1.68,1.7,1.655,1.69,183469
CDV,20140819,0.031,0.031,0.03,0.03,57200
CDY,20140819,0.03,0.03,0.03,0.03,660595
CEL,20140819,0.074,0.074,0.067,0.071,722366
CES,20140819,0.011,0.011,0.011,0.011,127601
CFE,20140819,0.145,0.145,0.14,0.145,757028
CFU,20140819,0.011,0.012,0.011,0.011,3071445
CFX,20140819,2.14,2.15,2.12,2.12,7486243
CGF,20140819,7.75,7.98,7.75,7.95,2144994
CGH,20140819,0.43,0.43,0.43,0.43,25000
CGN,20140819,0.13,0.145,0.13,0.145,5877
CGO,20140819,0.93,0.93,0.85,0.85,95300
CGR,20140819,0.23,0.23,0.225,0.225,101082
CGS,20140819,0.28,0.28,0.28,0.28,2600
CGU,20140819,0.028,0.028,0.028,0.028,100000
CHC,20140819,4.44,4.48,4.42,4.46,379703
CHF,20140819,0.039,0.039,0.039,0.039,40800
CHK,20140819,0.07,0.07,0.07,0.07,70000
CHN,20140819,0.14,0.14,0.14,0.14,40000
CHZ,20140819,0.14,0.145,0.14,0.145,166690
CIA,20140819,0.27,0.27,0.255,0.265,74728
CIN,20140819,29.5,29.5,29.48,29.5,2169
CIW,20140819,0.83,0.85,0.83,0.85,14898
CIX,20140819,0.365,0.365,0.36,0.36,27083
CKA,20140819,0.145,0.145,0.145,0.145,25107
CKF,20140819,2.33,2.43,2.33,2.37,97636
CKK,20140819,0.008,0.009,0.008,0.008,3148000
CKL,20140819,0.66,0.685,0.66,0.685,42000
CLH,20140819,2.15,2.15,2.09,2.11,367389
CLQ,20140819,0.054,0.054,0.054,0.054,417500
CLT,20140819,0.16,0.16,0.16,0.16,1800
CLV,20140819,0.4,0.405,0.4,0.405,53463
CLX,20140819,2,2,1.97,1.97,8642
CLY,20140819,0.014,0.016,0.014,0.016,75000
CLZ,20140819,0.037,0.039,0.037,0.039,165000
CMC,20140819,0.055,0.055,0.055,0.055,38000
CMG,20140819,0.36,0.39,0.355,0.38,8099234
CMI,20140819,1.58,1.58,1.58,1.58,5000
CMP,20140819,0.125,0.125,0.125,0.125,6000
CMW,20140819,1.005,1.01,1,1.01,3049729
CMY,20140819,0.004,0.004,0.004,0.004,1478729
CNI,20140819,0.85,0.86,0.85,0.85,4300
CNN,20140819,0.003,0.003,0.003,0.003,555000
CNQ,20140819,0.095,0.099,0.095,0.096,355771
CNU,20140819,1.56,1.58,1.56,1.57,38270
CNX,20140819,0.022,0.024,0.022,0.024,2631211
COD,20140819,0.025,0.025,0.023,0.023,299833
COE,20140819,0.495,0.5,0.47,0.49,979919
COF,20140819,0.345,0.35,0.335,0.345,1284517
COH,20140819,68.89,69.61,68.27,69.42,259702
COI,20140819,0.175,0.175,0.17,0.17,51581
COK,20140819,0.026,0.026,0.025,0.025,137000
COO,20140819,0.155,0.155,0.155,0.155,2843
COZ,20140819,0.06,0.06,0.06,0.06,216000
CPL,20140819,0.051,0.053,0.051,0.052,1042848
CPU,20140819,12.15,12.25,12.08,12.09,2259308
CQR,20140819,3.99,4,3.95,3.96,828311
CRB,20140819,0.05,0.05,0.05,0.05,30000
CRH,20140819,0.355,0.355,0.34,0.34,1621872
CRL,20140819,0.021,0.021,0.02,0.02,850000
CRQ,20140819,0.019,0.021,0.019,0.02,1260141
CRZ,20140819,11.24,11.29,11.08,11.28,955245
CSD,20140819,0.06,0.061,0.06,0.061,97685
CSE,20140819,0.33,0.335,0.325,0.33,62993
CSL,20140819,71.62,72.1,71.56,71.93,1520472
CSR,20140819,3.49,3.53,3.46,3.5,4700265
CSS,20140819,0.06,0.063,0.059,0.06,5021259
CSV,20140819,1.06,1.115,1.06,1.115,63472
CTD,20140819,7.06,7.2,7.04,7.07,92029
CTN,20140819,1.15,1.185,1.15,1.17,591397
CTO,20140819,0.017,0.018,0.017,0.017,721684
CTP,20140819,0.34,0.34,0.33,0.33,212495
CTR,20140819,0.007,0.007,0.006,0.007,5252241
CTT,20140819,0.015,0.015,0.015,0.015,30000
CTX,20140819,25.5,25.78,25.47,25.7,885318
CUE,20140819,0.13,0.13,0.125,0.125,264500
CUL,20140819,0.014,0.017,0.014,0.015,171000
CUP,20140819,1.7,1.71,1.68,1.7,126478
CUV,20140819,2.32,2.32,2.29,2.31,66040
CUX,20140819,0.011,0.011,0.011,0.011,7000
CVN,20140819,0.26,0.285,0.24,0.245,138972228
CVO,20140819,1.89,1.93,1.885,1.93,930225
CVV,20140819,0.016,0.017,0.015,0.016,1229000
CVW,20140819,0.81,0.84,0.8,0.8,84123
CWE,20140819,0.047,0.047,0.046,0.046,314761
CWN,20140819,15.8,16.03,15.8,15.98,2606271
CWP,20140819,7.76,7.96,7.62,7.9,51586
CXO,20140819,0.06,0.066,0.06,0.063,1120614
CXU,20140819,0.24,0.25,0.24,0.24,233667
CXX,20140819,0.185,0.185,0.18,0.18,105500
CYC,20140819,0.2,0.2,0.2,0.2,2000
CYG,20140819,3.19,3.19,3.19,3.19,25722
CYP,20140819,0.4,0.4,0.4,0.4,12639
CZA,20140819,0.06,0.06,0.06,0.06,9840
CZD,20140819,0.1,0.1,0.098,0.098,242430
CZI,20140819,0.26,0.27,0.26,0.265,510560
CZR,20140819,0.035,0.035,0.035,0.035,214285
CZZ,20140819,7.8,8.2,7.8,7.9,58823
DAF,20140819,0.025,0.025,0.021,0.021,194000
DAU,20140819,0.02,0.02,0.02,0.02,244008
DCC,20140819,0.29,0.29,0.265,0.27,300513
DCG,20140819,2.19,2.24,2.17,2.21,383663
DDD,20140819,0.012,0.012,0.012,0.012,250000
DDR,20140819,1.8,1.8,1.75,1.8,23841
DDT,20140819,0.033,0.034,0.033,0.034,1738152
DGO,20140819,0.002,0.002,0.002,0.002,492525
DGR,20140819,0.034,0.034,0.033,0.034,260482
DGX,20140819,0.041,0.041,0.041,0.041,15546
DIS,20140819,0.079,0.079,0.079,0.079,20629
DIV,20140819,21.37,21.37,21.37,21.37,900
DJW,20140819,4.68,4.72,4.67,4.7,107070
DKM,20140819,0.255,0.265,0.25,0.265,142588
DLS,20140819,1.48,1.515,1.47,1.515,971692
DLX,20140819,5.42,5.57,5.42,5.56,1948983
DML,20140819,0.035,0.036,0.035,0.036,630000
DMP,20140819,25.5,25.61,25.26,25.34,602035
DNA,20140819,0.95,0.95,0.9,0.905,550877
DOW,20140819,4.81,4.91,4.78,4.91,2138506
DRA,20140819,0.105,0.105,0.105,0.105,18000
DRK,20140819,0.016,0.017,0.016,0.016,2115818
DRM,20140819,0.635,0.645,0.63,0.635,73629
DSB,20140819,0.185,0.185,0.185,0.185,2885
DSH,20140819,2.2,2.22,2.15,2.17,5744504
DSX,20140819,0.21,0.22,0.21,0.215,40000
DTE,20140819,0.13,0.135,0.13,0.13,1411545
DTL,20140819,0.9,0.9,0.87,0.875,280437
DTM,20140819,0.038,0.04,0.038,0.04,326839
DUE,20140819,2.45,2.46,2.44,2.44,3152835
DUO,20140819,0.01,0.011,0.01,0.011,950000
DVA,20140819,0.029,0.029,0.029,0.029,150000
DVL,20140819,0.42,0.42,0.415,0.42,49000
DVN,20140819,1.125,1.125,1.115,1.125,65242
DWS,20140819,1.28,1.28,1.275,1.28,64558
DXS,20140819,1.19,1.205,1.187,1.2,16655866
DYE,20140819,0.24,0.24,0.235,0.24,91678
DYL,20140819,0.018,0.025,0.018,0.025,14520899
EAF,20140819,0.006,0.006,0.006,0.006,266667
EAL,20140819,0.41,0.44,0.41,0.44,860146
EAR,20140819,0.115,0.115,0.115,0.115,46159
EAX,20140819,3.01,3.01,2.63,2.67,744116
EBT,20140819,4.1,4.18,4.05,4.18,45941
EDE,20140819,0.015,0.015,0.014,0.015,1058571
EEG,20140819,0.1,0.1,0.1,0.1,237218
EGG,20140819,1.28,1.28,1.24,1.24,27571
EGO,20140819,0.008,0.008,0.007,0.007,2545714
EGP,20140819,3.2,3.21,3.175,3.2,6465755
EHL,20140819,0.23,0.23,0.22,0.23,2235254
ELD,20140819,0.2,0.21,0.195,0.195,2235137
ELK,20140819,0.105,0.11,0.105,0.11,273640
ELM,20140819,0.235,0.24,0.235,0.235,28469
ELT,20140819,0.015,0.015,0.015,0.015,1105000
EMA,20140819,0.07,0.07,0.07,0.07,304285
EMF,20140819,1.69,1.69,1.69,1.69,30396
EMG,20140819,0.01,0.01,0.01,0.01,11625
EML,20140819,0.585,0.63,0.585,0.62,212566
EMR,20140819,0.027,0.027,0.025,0.025,5473533
EMX,20140819,0.023,0.026,0.023,0.025,440000
ENE,20140819,4.99,4.99,4.99,4.99,200034
ENN,20140819,1.39,1.39,1.37,1.38,47658
ENR,20140819,0.285,0.285,0.285,0.285,20000
ENT,20140819,0.09,0.09,0.087,0.087,201600
ENU,20140819,0.042,0.042,0.042,0.042,6809
ENV,20140819,1.315,1.32,1.315,1.315,4045416
EOL,20140819,0.35,0.35,0.35,0.35,78000
EOS,20140819,0.475,0.48,0.475,0.48,34500
EPD,20140819,0.64,0.655,0.63,0.63,62825
EPM,20140819,0.008,0.008,0.008,0.008,440000
EPW,20140819,1.99,2,1.98,1.995,1575543
EPX,20140819,1.185,1.23,1.185,1.225,205570
EQE,20140819,0.011,0.011,0.011,0.011,118300
EQT,20140819,21.2,21.27,21.2,21.25,17944
EQX,20140819,0.31,0.31,0.31,0.31,42990
ERA,20140819,1.3,1.365,1.3,1.35,890853
ERI,20140819,0.012,0.012,0.011,0.012,1482929
ERM,20140819,0.041,0.043,0.04,0.043,482000
ESI,20140819,0.005,0.006,0.005,0.005,3452000
ESN,20140819,0.001,0.001,0.001,0.001,1925000
ESV,20140819,0.71,0.71,0.675,0.675,126177
ETE,20140819,0.051,0.051,0.05,0.05,309358
ETF,20140819,21.69,21.73,21.69,21.73,2432
EVM,20140819,0.067,0.067,0.066,0.066,175135
EVN,20140819,0.75,0.76,0.74,0.76,658388
EVR,20140819,0.875,0.875,0.875,0.875,112480
EVZ,20140819,0.04,0.04,0.04,0.04,235000
EWC,20140819,0.375,0.385,0.375,0.38,789230
EXG,20140819,0.07,0.076,0.07,0.076,115000
EYM,20140819,0.007,0.007,0.007,0.007,85715
EZL,20140819,1.23,1.235,1.2,1.2,2241832
FAN,20140819,1.57,1.57,1.57,1.57,5000
FAR,20140819,0.046,0.05,0.045,0.049,29536858
FAS,20140819,0.004,0.004,0.003,0.004,1263341
FBU,20140819,8.32,8.33,8.17,8.21,994287
FCN,20140819,0.016,0.018,0.016,0.018,40678
FDC,20140819,2.6,2.625,2.58,2.6,2746818
FEL,20140819,0.033,0.033,0.033,0.033,100000
FET,20140819,1.87,1.875,1.85,1.875,152235
FFF,20140819,0.013,0.013,0.013,0.013,200000
FFG,20140819,0.215,0.215,0.18,0.19,1232333
FIE,20140819,0.021,0.021,0.021,0.021,12500
FLK,20140819,0.245,0.26,0.245,0.25,345100
FLN,20140819,0.72,0.725,0.685,0.69,229146
FLT,20140819,46.24,46.57,46.07,46.37,391411
FMG,20140819,4.58,4.64,4.54,4.62,13133056
FML,20140819,0.012,0.012,0.011,0.011,2104077
FMS,20140819,0.022,0.022,0.021,0.021,454921
FND,20140819,0.2,0.2,0.195,0.195,35000
FNP,20140819,2.9,2.9,2.85,2.9,29919
FNT,20140819,0.014,0.014,0.013,0.013,413700
FOT,20140819,0.2,0.2,0.2,0.2,15711
FOY,20140819,0.001,0.002,0.001,0.002,280000
FPH,20140819,4.41,4.41,4.37,4.38,19102
FPS,20140819,1.74,1.74,1.74,1.74,9836
FRI,20140819,1.525,1.525,1.475,1.49,398597
FSA,20140819,1.34,1.39,1.34,1.36,4222
FSE,20140819,0.005,0.005,0.005,0.005,100000
FSF,20140819,5.6,5.61,5.55,5.57,80541
FSI,20140819,1.625,1.67,1.625,1.65,23718
FST,20140819,2.72,2.72,2.72,2.72,3626
FUN,20140819,0.076,0.077,0.075,0.075,319982
FWD,20140819,2.28,2.3,2.25,2.27,74661
FXJ,20140819,0.92,0.937,0.915,0.93,9163863
FXL,20140819,3.8,3.82,3.79,3.81,664227
GAP,20140819,0.26,0.26,0.26,0.26,47192
GBE,20140819,0.046,0.046,0.044,0.044,270000
GBG,20140819,0.048,0.048,0.046,0.048,1121345
GBI,20140819,0.29,0.29,0.29,0.29,5000
GBM,20140819,0.005,0.005,0.005,0.005,641250
GBP,20140819,0.07,0.07,0.07,0.07,600000
GBT,20140819,4.2,4.2,4.07,4.15,126432
GCN,20140819,0.016,0.016,0.013,0.013,6838364
GCR,20140819,0.006,0.006,0.005,0.005,891330
GCS,20140819,0.43,0.44,0.43,0.44,15000
GDA,20140819,0.14,0.15,0.14,0.15,134500
GDI,20140819,0.925,0.925,0.92,0.925,385655
GDY,20140819,0.054,0.054,0.05,0.05,881845
GED,20140819,0.011,0.012,0.011,0.012,75682
GEM,20140819,5.23,5.27,5.2,5.25,1131410
GFF,20140819,0.64,0.64,0.63,0.635,3676235
GFL,20140819,1.21,1.21,1.21,1.21,15000
GGE,20140819,0.011,0.011,0.011,0.011,954000
GGG,20140819,0.125,0.125,0.12,0.12,994664
GGX,20140819,0.017,0.018,0.017,0.018,244557
GHC,20140819,1.39,1.39,1.38,1.39,17838
GID,20140819,0.455,0.455,0.425,0.435,227828
GIP,20140819,0.004,0.005,0.004,0.004,1667734
GJT,20140819,1.64,1.64,1.635,1.64,22542
GLH,20140819,0.57,0.63,0.57,0.6,292870
GLL,20140819,0.14,0.145,0.14,0.14,661000
GMA,20140819,3.63,3.68,3.6,3.61,1086707
GMG,20140819,5.44,5.5,5.435,5.5,4240878
GMR,20140819,0.012,0.013,0.012,0.013,449273
GMY,20140819,1.01,1.02,1.01,1.02,29412
GNC,20140819,8.82,8.85,8.76,8.81,432248
GNE,20140819,1.645,1.655,1.62,1.655,55700
GNG,20140819,0.75,0.77,0.75,0.75,27378
GOLD,20140819,133.53,133.8,133.38,133.5,5892
GOR,20140819,0.33,0.337,0.32,0.32,1131695
GOW,20140819,2.79,2.79,2.76,2.76,5800
GOZ,20140819,2.52,2.6,2.51,2.6,790700
GPG,20140819,0.575,0.575,0.545,0.545,349700
GPR,20140819,0.066,0.066,0.063,0.063,322749
GPT,20140819,4.09,4.12,4.08,4.1,3766265
GRB,20140819,0.155,0.155,0.152,0.155,639282
GRF,20140819,1.65,1.65,1.65,1.65,1030
GRK,20140819,0.005,0.005,0.005,0.005,570000
GRR,20140819,0.175,0.18,0.17,0.175,1441193
GRY,20140819,0.18,0.18,0.175,0.18,513349
GSC,20140819,0.019,0.019,0.019,0.019,230680
GSE,20140819,0.003,0.003,0.003,0.003,3626666
GTE,20140819,0.043,0.043,0.043,0.043,183554
GTK,20140819,2,2,1.935,1.935,16570
GUD,20140819,7.37,7.61,7.37,7.61,557840
GUF,20140819,0.052,0.052,0.05,0.051,482957
GUN,20140819,0.023,0.024,0.023,0.024,130000
GVF,20140819,1.015,1.015,1.01,1.01,50000
GWA,20140819,2.9,3.13,2.87,3.06,1621181
GWR,20140819,0.14,0.14,0.14,0.14,71083
GXL,20140819,10.45,10.55,10.37,10.41,212160
GXY,20140819,0.054,0.056,0.053,0.053,534544
HAS,20140819,0.095,0.095,0.085,0.085,465000
HAV,20140819,0.155,0.16,0.155,0.16,45625
HAW,20140819,0.027,0.027,0.027,0.027,6000
HAZ,20140819,0.04,0.04,0.039,0.039,1481136
HCH,20140819,0.28,0.28,0.245,0.245,1471174
HDX,20140819,0.215,0.215,0.21,0.21,86000
HFA,20140819,1.615,1.67,1.595,1.6,129327
HFR,20140819,0.63,0.65,0.63,0.635,887023
HGG,20140819,4.15,4.19,4.12,4.16,3519904
HGO,20140819,0.077,0.078,0.076,0.077,483089
HHL,20140819,2.01,2.03,2.01,2.03,16445
HHV,20140819,1.09,1.09,1.08,1.085,188407
HHY,20140819,0.17,0.17,0.165,0.17,619083
HIG,20140819,0.06,0.065,0.06,0.062,1954199
HIL,20140819,1.69,1.69,1.65,1.66,819125
HLO,20140819,0.265,0.275,0.265,0.275,88281
HLX,20140819,0.038,0.038,0.038,0.038,20040
HMX,20140819,0.13,0.13,0.13,0.13,53426
HOG,20140819,0.014,0.014,0.014,0.014,222000
HOM,20140819,0.805,0.805,0.805,0.805,401
HOR,20140819,0.021,0.022,0.021,0.021,502366
HPI,20140819,2.24,2.36,2.24,2.3,416580
HPR,20140819,0.17,0.18,0.17,0.18,82343
HRL,20140819,0.008,0.009,0.008,0.009,988133
HRR,20140819,0.15,0.155,0.15,0.155,233875
HSK,20140819,0.115,0.115,0.115,0.115,10000
HSN,20140819,1.56,1.565,1.555,1.56,119801
HSO,20140819,2.23,2.245,2.22,2.24,4610055
HTA,20140819,0.071,0.072,0.06,0.072,333051
HUB,20140819,1.005,1.01,0.99,1.005,43610
HVN,20140819,3.19,3.23,3.18,3.2,3214071
HZN,20140819,0.345,0.345,0.335,0.345,5285488
IAA,20140819,54.25,56.5,54.25,54.5,3250
IAB,20140819,1.36,1.36,1.36,1.36,3700
IAF,20140819,103.95,103.95,103.62,103.88,14184
IAG,20140819,6.32,6.345,6.25,6.29,9899007
IAU,20140819,0.27,0.27,0.267,0.27,120396
IBC,20140819,0.57,0.57,0.57,0.57,37500
IBG,20140819,0.11,0.115,0.11,0.115,3753680
IBK,20140819,43.76,44.1,43.76,44.08,1407
IBY,20140819,0.31,0.315,0.305,0.305,122691
ICG,20140819,0.024,0.024,0.023,0.023,1650000
ICN,20140819,0.15,0.15,0.147,0.15,1326854
ICQ,20140819,1.55,1.58,1.54,1.575,233896
IDC,20140819,0.036,0.036,0.033,0.033,1819559
IDR,20140819,1.98,1.985,1.975,1.975,203407
IDT,20140819,0.26,0.26,0.26,0.26,26493
IDZ,20140819,0.74,0.75,0.74,0.75,35318
IEC,20140819,0.027,0.027,0.027,0.027,118490
IEM,20140819,47.89,48.42,47.89,48.06,21806
IEU,20140819,49.82,50.21,49.7,49.86,14382
IFE,20140819,0.06,0.065,0.06,0.065,14000
IFL,20140819,8.85,8.86,8.775,8.8,1102295
IFM,20140819,0.88,0.88,0.87,0.875,273260
IFN,20140819,0.24,0.242,0.235,0.235,1443450
IGB,20140819,102.86,102.86,102.86,102.86,49
IGO,20140819,4.75,4.79,4.7,4.72,1016063
IGS,20140819,0.002,0.002,0.002,0.002,4527822
IHD,20140819,16,16.15,16,16.13,53480
IHK,20140819,23.75,23.75,23.73,23.75,2300
IIL,20140819,0.21,0.21,0.2,0.205,58884
IIN,20140819,8.18,8.27,8.1,8.16,429715
IJH,20140819,151.7,151.75,151.5,151.75,8928
IJP,20140819,12.86,12.92,12.85,12.86,19921
IJR,20140819,117.5,117.67,117.45,117.45,1243
IKO,20140819,71.12,71.12,71.12,71.12,10
ILB,20140819,109.05,109.1,109.02,109.1,4673
ILC,20140819,25.56,25.73,25.56,25.71,13341
ILU,20140819,8.69,8.7,8.55,8.58,1428462
IMD,20140819,0.74,0.75,0.715,0.75,765011
IMF,20140819,2.18,2.195,2.15,2.18,232499
IMU,20140819,0.017,0.017,0.017,0.017,2174214
INA,20140819,0.47,0.472,0.46,0.46,2545507
IOF,20140819,3.69,3.72,3.64,3.65,1897658
IOH,20140819,1.32,1.35,1.315,1.345,593476
IOO,20140819,83.94,84.38,83.74,84.01,20431
IOZ,20140819,24.2,24.61,24.2,24.45,35682
IPB,20140819,0.335,0.355,0.335,0.355,609573
IPD,20140819,0.33,0.335,0.325,0.335,294047
IPE,20140819,0.44,0.44,0.44,0.44,45300
IPL,20140819,2.98,3.04,2.97,3.03,7870373
IPP,20140819,3.42,3.57,3.4,3.5,433246
IPT,20140819,0.03,0.03,0.028,0.03,790000
IQE,20140819,2.59,2.59,2.59,2.59,73500
IRD,20140819,0.3,0.3,0.3,0.3,5175
IRE,20140819,8.8,8.86,8.76,8.77,358801
IRI,20140819,1.035,1.035,1.025,1.025,167996
IRN,20140819,0.182,0.185,0.18,0.185,408178
IRU,20140819,123.84,123.84,123.43,123.55,1266
ISD,20140819,2.49,2.5,2.48,2.5,47982
ISN,20140819,0.165,0.165,0.14,0.145,1318267
ISO,20140819,4.01,4.05,4.01,4.05,47878
ISU,20140819,1.19,1.2,1.185,1.2,192548
ITD,20140819,0.225,0.25,0.225,0.25,28676
ITT,20140819,0.015,0.015,0.015,0.015,700000
ITW,20140819,17.25,17.25,17.25,17.25,9
IVC,20140819,10.82,11.64,10.82,11.64,782475
IVE,20140819,71.4,71.49,71.19,71.19,28917
IVO,20140819,0.08,0.08,0.077,0.077,13248
IVR,20140819,0.034,0.034,0.033,0.034,2833552
IVV,20140819,212.94,213.46,212.88,213.07,28339
IVX,20140819,0.08,0.082,0.075,0.079,1402839
IXI,20140819,95.81,96.21,95.72,96.15,914
IXJ,20140819,101.8,102.53,101.77,101.87,4354
IXR,20140819,0.026,0.036,0.026,0.032,65091669
IZZ,20140819,44.33,44.52,44,44.08,13565
JAL,20140819,0.135,0.15,0.135,0.15,67343
JAT,20140819,0.021,0.021,0.021,0.021,88350
JBH,20140819,17.51,17.55,16.91,17.07,2193087
JCS,20140819,0.038,0.038,0.038,0.038,500000
JHC,20140819,2.34,2.34,2.3,2.33,1031117
JHX,20140819,13.54,13.56,13.375,13.45,3785020
JIN,20140819,1.4,1.4,1.4,1.4,8008
JKA,20140819,0.048,0.049,0.048,0.048,124000
JPR,20140819,0.4,0.4,0.4,0.4,172623
JRL,20140819,0.205,0.205,0.205,0.205,33050
JRV,20140819,0.05,0.05,0.05,0.05,45000
KAM,20140819,0.62,0.62,0.57,0.59,177587
KAR,20140819,3.55,3.66,3.5,3.66,1195639
KAS,20140819,0.09,0.09,0.086,0.086,204030
KBC,20140819,0.175,0.175,0.175,0.175,56896
KBL,20140819,0.066,0.069,0.066,0.066,1229406
KCN,20140819,0.925,0.925,0.905,0.905,488105
KDL,20140819,0.18,0.19,0.175,0.18,90220
KDR,20140819,0.13,0.13,0.12,0.12,122559
KEY,20140819,0.016,0.017,0.016,0.017,2998000
KFE,20140819,0.043,0.049,0.043,0.049,32300
KGD,20140819,0.08,0.08,0.08,0.08,224550
KGL,20140819,0.35,0.36,0.345,0.36,201389
KGM,20140819,0.029,0.029,0.029,0.029,100000
KIK,20140819,0.011,0.011,0.011,0.011,102000
KIN,20140819,0.15,0.15,0.14,0.14,100000
KIS,20140819,0.13,0.13,0.13,0.13,4750
KMD,20140819,3.07,3.075,2.96,2.96,903532
KNL,20140819,0.325,0.325,0.3,0.32,1600101
KOR,20140819,0.055,0.055,0.055,0.055,80000
KOV,20140819,6.8,6.84,6.77,6.84,62669
KPC,20140819,0.165,0.165,0.165,0.165,40000
KPL,20140819,0.34,0.355,0.34,0.355,20705
KRB,20140819,0.068,0.068,0.068,0.068,100000
KRC,20140819,0.068,0.07,0.068,0.07,227457
KRM,20140819,0.53,0.535,0.52,0.52,23390
KRS,20140819,0.23,0.23,0.23,0.23,906367
KSC,20140819,1.45,1.46,1.45,1.45,37559
KSN,20140819,0.017,0.017,0.017,0.017,18000
KTA,20140819,0.1,0.115,0.096,0.096,43482
LAU,20140819,0.4,0.4,0.4,0.4,23000
LBT,20140819,0.13,0.13,0.13,0.13,12500
LCM,20140819,0.97,1.025,0.97,1.025,78368
LCR,20140819,0.007,0.007,0.007,0.007,100000
LCT,20140819,0.059,0.059,0.05,0.051,409829
LEG,20140819,0.011,0.012,0.011,0.012,20376882
LEI,20140819,22,22.42,21.86,22.4,764510
LEP,20140819,3.04,3.08,3.01,3.01,66930
LFC,20140819,0.1,0.1,0.1,0.1,105156
LGD,20140819,0.28,0.29,0.28,0.29,96000
LHC,20140819,2.25,2.27,2.25,2.27,18564
LIC,20140819,1.85,1.85,1.835,1.835,216164
LKO,20140819,0.004,0.004,0.003,0.003,5792545
LLC,20140819,13.8,13.9,13.74,13.87,1799074
LMB,20140819,0.64,0.655,0.635,0.635,125368
LML,20140819,0.053,0.053,0.052,0.053,428425
LMW,20140819,0.5,0.5,0.495,0.5,60050
LNG,20140819,4.06,4.1,4,4.03,2690285
LNR,20140819,0.5,0.515,0.5,0.505,2446999
LNY,20140819,0.002,0.002,0.002,0.002,1535440
LOM,20140819,0.395,0.4,0.38,0.4,728347
LRR,20140819,0.002,0.002,0.002,0.002,3000000
LRS,20140819,0.036,0.036,0.034,0.034,43192
LSA,20140819,0.11,0.11,0.095,0.095,113377
LSR,20140819,0.017,0.017,0.017,0.017,375000
LSX,20140819,0.38,0.39,0.38,0.39,8500
LTN,20140819,0.068,0.068,0.068,0.068,990000
LTX,20140819,0.034,0.034,0.034,0.034,53800
LYC,20140819,0.165,0.17,0.162,0.165,13118607
LYL,20140819,2.22,2.24,2.22,2.24,11578
MAD,20140819,0.175,0.185,0.17,0.185,1988388
MAK,20140819,0.094,0.094,0.091,0.092,386492
MAQ,20140819,5.2,5.2,5.2,5.2,12834
MAR,20140819,0.008,0.008,0.008,0.008,100000
MAT,20140819,0.28,0.28,0.28,0.28,69150
MBE,20140819,0.265,0.27,0.26,0.265,5045120
MBN,20140819,0.11,0.11,0.1,0.105,983297
MCE,20140819,1.15,1.175,1.15,1.16,97500
MCP,20140819,1.265,1.35,1.265,1.32,695016
MCR,20140819,0.785,0.8,0.785,0.785,307419
MCS,20140819,0.585,0.6,0.585,0.585,303250
MCX,20140819,0.026,0.026,0.026,0.026,100
MDL,20140819,1.92,1.92,1.865,1.92,64347
MED,20140819,0.067,0.067,0.067,0.067,21250
MEH,20140819,0.05,0.05,0.05,0.05,1421
MEI,20140819,0.03,0.03,0.03,0.03,36000
MEL,20140819,0.048,0.049,0.048,0.048,828081
MEO,20140819,0.035,0.047,0.035,0.044,29812375
MEP,20140819,0.24,0.26,0.24,0.24,633139
MEU,20140819,0.016,0.016,0.016,0.016,80000
MFF,20140819,1.5,1.52,1.485,1.485,384047
MFG,20140819,13,13.3,12.97,13,918367
MGL,20140819,0.033,0.033,0.03,0.03,49328
MGP,20140819,0.24,0.25,0.24,0.25,239640
MGR,20140819,1.885,1.9,1.875,1.88,11425957
MGV,20140819,0.075,0.075,0.075,0.075,25000
MGX,20140819,0.745,0.755,0.735,0.75,1768022
MGY,20140819,0.034,0.034,0.031,0.031,571206
MGZ,20140819,0.015,0.015,0.015,0.015,10000
MHC,20140819,0.054,0.054,0.054,0.054,20000
MHM,20140819,0.022,0.022,0.021,0.021,152000
MIG,20140819,0.35,0.36,0.35,0.36,60000
MIH,20140819,1.6,1.61,1.6,1.61,15620
MIN,20140819,10.53,10.81,10.41,10.74,1309127
MIR,20140819,2.68,2.72,2.68,2.71,58742
MIX,20140819,0.175,0.175,0.17,0.17,357163
MIZ,20140819,0.006,0.006,0.005,0.005,8930342
MKB,20140819,0.182,0.185,0.18,0.185,377857
MLB,20140819,1.56,1.57,1.56,1.57,151000
MLD,20140819,2.13,2.14,2.06,2.11,206718
MLI,20140819,0.052,0.052,0.052,0.052,5000
MLM,20140819,0.098,0.098,0.098,0.098,7200
MLS,20140819,0.005,0.005,0.005,0.005,500000
MLT,20140819,4.55,4.58,4.52,4.52,272496
MLX,20140819,0.23,0.24,0.23,0.24,392624
MMC,20140819,0.015,0.016,0.015,0.015,1284288
MML,20140819,1.39,1.39,1.33,1.385,1349451
MMR,20140819,0.05,0.05,0.045,0.045,208718
MMS,20140819,10.34,10.4,10.155,10.23,351331
MNB,20140819,0.004,0.004,0.004,0.004,739156
MNC,20140819,0.019,0.019,0.018,0.018,1186934
MND,20140819,16.1,16.5,15.92,16.39,1539324
MNE,20140819,0.018,0.018,0.017,0.018,1228989
MNF,20140819,2.89,2.96,2.89,2.92,189009
MNM,20140819,0.017,0.02,0.017,0.019,3470000
MNW,20140819,0.175,0.195,0.175,0.19,526291
MNY,20140819,1.025,1.025,1.01,1.015,93889
MNZ,20140819,1.53,1.55,1.515,1.545,11810
MOC,20140819,3.12,3.12,3.08,3.08,22820
MOD,20140819,0.01,0.01,0.01,0.01,112800
MOU,20140819,0.002,0.002,0.002,0.002,6315534
MOX,20140819,0.018,0.018,0.018,0.018,50000
MOY,20140819,0.1,0.1,0.1,0.1,92301
MPE,20140819,0.006,0.006,0.006,0.006,100000
MPJ,20140819,0.008,0.008,0.007,0.008,1487399
MPO,20140819,0.155,0.155,0.14,0.145,713270
MQA,20140819,3.23,3.285,3.2,3.25,583441
MQG,20140819,57.94,58.44,57.91,58.25,1108850
MRF,20140819,0.075,0.082,0.075,0.077,1349389
MRM,20140819,2.16,2.16,2.125,2.14,2551035
MRN,20140819,1.17,1.17,1.17,1.17,1000
MRP,20140819,0.17,0.17,0.17,0.17,44707
MRQ,20140819,0.13,0.14,0.13,0.14,168885
MRR,20140819,0.15,0.15,0.15,0.15,25000
MRV,20140819,0.006,0.006,0.005,0.005,1964318
MSB,20140819,4.28,4.3,4.2,4.26,343903
MSC,20140819,0.065,0.07,0.065,0.07,80821
MSR,20140819,0.041,0.042,0.04,0.042,143876
MTA,20140819,0.18,0.18,0.16,0.165,810245
MTE,20140819,0.036,0.036,0.036,0.036,25000
MTH,20140819,0.007,0.007,0.007,0.007,1121000
MTR,20140819,2.02,2.13,2,2.01,38358
MTS,20140819,2.89,2.9,2.88,2.89,2905316
MTU,20140819,6.57,6.66,6.57,6.66,875511
MUM,20140819,0.006,0.006,0.006,0.006,750000
MUT,20140819,0.004,0.004,0.004,0.004,1666666
MUX,20140819,0.14,0.14,0.13,0.13,28976
MVA,20140819,16.83,16.84,16.83,16.84,903
MVF,20140819,1.72,1.73,1.7,1.71,239599
MVP,20140819,1.15,1.15,1.1,1.1,9570
MVT,20140819,0.125,0.125,0.125,0.125,212894
MWR,20140819,1.13,1.13,1.13,1.13,3400
MWS,20140819,0.003,0.003,0.003,0.003,75000
MXI,20140819,1.06,1.07,1.06,1.07,52856
MYA,20140819,0.12,0.125,0.12,0.125,299321
MYE,20140819,0.53,0.54,0.53,0.535,9500
MYG,20140819,0.031,0.032,0.031,0.032,268000
MYR,20140819,2.39,2.39,2.32,2.34,2808385
MYS,20140819,4.9,4.99,4.9,4.99,17803
MYT,20140819,2.15,2.16,2.15,2.16,268461
MYX,20140819,0.825,0.835,0.825,0.825,991358
MZI,20140819,0.007,0.007,0.007,0.007,676857
MZM,20140819,0.155,0.165,0.155,0.165,41098
NAB,20140819,34.34,34.42,33.92,33.93,7679868
NAE,20140819,0.023,0.023,0.023,0.023,220000
NAN,20140819,0.875,0.885,0.86,0.865,303266
NBL,20140819,0.475,0.475,0.47,0.47,65761
NCC,20140819,1.12,1.13,1.12,1.13,32594
NCK,20140819,3.04,3.05,3.04,3.04,4587
NCM,20140819,11.19,11.2,11.07,11.15,1878398
NCO,20140819,0.008,0.008,0.008,0.008,100000
NCR,20140819,0.012,0.012,0.012,0.012,500264
NDO,20140819,0.052,0.052,0.051,0.051,2567711
NEA,20140819,0.42,0.425,0.41,0.41,444890
NEC,20140819,2.14,2.14,2.09,2.11,1249249
NEN,20140819,0.025,0.026,0.025,0.026,5381312
NEU,20140819,0.095,0.095,0.093,0.094,772464
NGE,20140819,0.014,0.014,0.014,0.014,400000
NGF,20140819,0.14,0.14,0.135,0.135,95000
NGY,20140819,0.028,0.028,0.027,0.027,549925
NHC,20140819,2.9,2.93,2.88,2.9,121656
NHF,20140819,3.19,3.25,3.18,3.24,285838
NLS,20140819,0.007,0.007,0.007,0.007,100000
NMI,20140819,0.029,0.029,0.029,0.029,25000
NML,20140819,0.063,0.063,0.063,0.063,14838
NMS,20140819,1.35,1.35,1.35,1.35,1334
NNW,20140819,0.56,0.56,0.555,0.555,369152
NOD,20140819,0.043,0.043,0.042,0.042,572800
NOE,20140819,0.13,0.155,0.13,0.155,139000
NPX,20140819,2.75,2.75,2.73,2.73,1505890
NRT,20140819,0.14,0.14,0.14,0.14,57500
NRU,20140819,0.002,0.002,0.002,0.002,790000
NSE,20140819,0.115,0.12,0.115,0.12,11313
NSL,20140819,0.009,0.01,0.009,0.01,2701178
NSR,20140819,1.375,1.42,1.37,1.395,1089766
NST,20140819,1.84,1.91,1.825,1.875,4780086
NTC,20140819,0.745,0.75,0.725,0.75,48205
NTM,20140819,0.015,0.016,0.015,0.016,4365
NTU,20140819,0.185,0.195,0.185,0.19,221037
NUF,20140819,4.43,4.46,4.39,4.41,548277
NVG,20140819,0.004,0.004,0.004,0.004,150000
NVT,20140819,5.47,5.51,5.37,5.49,1292832
NWE,20140819,0.009,0.009,0.009,0.009,815359
NWH,20140819,1.03,1.06,1.025,1.04,1488345
NWS,20140819,18.1,18.15,18,18.1,95205
NWT,20140819,0.255,0.255,0.245,0.255,766623
NXM,20140819,0.071,0.071,0.071,0.071,20000
NXR,20140819,0.02,0.021,0.02,0.021,41000
NXT,20140819,1.59,1.64,1.545,1.64,318337
NYO,20140819,0.003,0.003,0.003,0.003,43655
NZO,20140819,0.73,0.73,0.705,0.705,9500
OBJ,20140819,0.098,0.098,0.091,0.091,15504120
OBL,20140819,0.009,0.01,0.009,0.01,4518266
OBS,20140819,0.37,0.37,0.36,0.36,90800
OCC,20140819,0.38,0.39,0.38,0.39,55000
OCL,20140819,1.17,1.205,1.17,1.205,17990
OCP,20140819,1.47,1.47,1.47,1.47,10000
ODY,20140819,0.15,0.15,0.15,0.15,5000
OEC,20140819,0.185,0.2,0.185,0.2,345375
OEG,20140819,0.031,0.032,0.03,0.032,435076
OEL,20140819,0.086,0.088,0.086,0.086,1068427
OEX,20140819,0.17,0.17,0.165,0.17,800166
OFX,20140819,2.4,2.41,2.38,2.39,1327073
OGC,20140819,3.02,3.07,3.02,3.03,151471
OGI,20140819,0.004,0.006,0.004,0.005,8582636
OGX,20140819,0.115,0.115,0.115,0.115,7019
OGY,20140819,0.017,0.018,0.017,0.018,363854
OKN,20140819,1.89,1.895,1.89,1.895,94451
OKU,20140819,0.003,0.003,0.003,0.003,1000000
OMH,20140819,0.42,0.445,0.42,0.445,18675
ONT,20140819,5.95,5.95,5.7,5.7,17256
ORA,20140819,1.445,1.46,1.43,1.46,3970527
ORD,20140819,0.002,0.002,0.002,0.002,1400000
ORE,20140819,2.77,2.84,2.75,2.76,302476
ORG,20140819,14.18,14.3,14.12,14.18,3346167
ORI,20140819,20.68,20.87,20.58,20.75,1675295
ORL,20140819,4.69,4.69,4.61,4.65,12220
ORN,20140819,0.044,0.044,0.044,0.044,29097
ORX,20140819,0.019,0.019,0.019,0.019,5000
OSH,20140819,9.35,9.45,9.31,9.33,6020696
OSL,20140819,0.12,0.125,0.12,0.125,212667
OTC,20140819,0.145,0.145,0.145,0.145,513191
OTE,20140819,0.002,0.002,0.002,0.002,5500000
OTH,20140819,0.56,0.58,0.56,0.56,91720
OVH,20140819,0.325,0.33,0.32,0.33,366000
OVL,20140819,0.007,0.007,0.007,0.007,30000
OVR,20140819,0.011,0.011,0.011,0.011,100000
OXX,20140819,0.115,0.13,0.115,0.13,24206
OZB,20140819,0.006,0.007,0.006,0.007,2205762
OZF,20140819,21.28,21.28,21.28,21.28,1057
OZG,20140819,0.215,0.215,0.215,0.215,40000
OZL,20140819,4.46,4.5,4.43,4.44,1891491
OZR,20140819,10.57,10.64,10.57,10.64,1942
PAA,20140819,0.011,0.011,0.011,0.011,583278
PAB,20140819,0.029,0.029,0.029,0.029,285000
PAF,20140819,0.96,0.97,0.96,0.96,58776
PAN,20140819,0.85,0.87,0.835,0.835,776600
PBG,20140819,0.555,0.56,0.55,0.555,1296357
PBT,20140819,0.23,0.23,0.225,0.225,2362
PCL,20140819,0.024,0.03,0.024,0.028,20985942
PDN,20140819,0.405,0.43,0.4,0.43,19037310
PDY,20140819,0.006,0.006,0.005,0.005,4969906
PDZ,20140819,0.4,0.4,0.38,0.385,339808
PEA,20140819,0.57,0.57,0.57,0.57,17420
PEH,20140819,0.055,0.055,0.055,0.055,50000
PEK,20140819,0.081,0.081,0.081,0.081,31000
PEL,20140819,0.007,0.007,0.007,0.007,40000
PEN,20140819,0.024,0.028,0.024,0.027,25704212
PEX,20140819,0.1,0.1,0.093,0.093,170000
PFG,20140819,0.11,0.115,0.11,0.115,388597
PFL,20140819,1.235,1.235,1.22,1.22,28000
PGC,20140819,0.345,0.345,0.34,0.345,62150
PGF,20140819,0.94,0.94,0.92,0.92,26084
PGH,20140819,3.75,3.77,3.73,3.75,370783
PGI,20140819,0.04,0.049,0.04,0.044,1487262
PGL,20140819,0.215,0.215,0.215,0.215,20000
PGR,20140819,1.09,1.09,1.08,1.08,132243
PGS,20140819,0.02,0.021,0.019,0.021,1690000
PHG,20140819,0.55,0.56,0.55,0.56,4053946
PHW,20140819,0.003,0.004,0.003,0.004,3415385
PIE,20140819,0.14,0.14,0.14,0.14,175000
PIM,20140819,0.021,0.021,0.021,0.021,966953
PIO,20140819,0.022,0.022,0.021,0.021,490000
PIR,20140819,1.77,1.78,1.74,1.76,1325596
PLD,20140819,0.009,0.009,0.008,0.008,6234322
PLP,20140819,0.026,0.026,0.026,0.026,119269
PLS,20140819,0.023,0.023,0.023,0.023,169174
PMC,20140819,1.79,1.805,1.77,1.79,491843
PML,20140819,0.026,0.026,0.026,0.026,45000
PMP,20140819,0.465,0.475,0.465,0.475,51961
PMR,20140819,0.27,0.27,0.27,0.27,5000
PMV,20140819,9.91,10.08,9.9,10.05,278094
PMY,20140819,0.035,0.035,0.033,0.033,1505381
PNA,20140819,2.31,2.35,2.305,2.35,1391539
PNC,20140819,1.54,1.54,1.54,1.54,3000
PNN,20140819,0.019,0.02,0.019,0.02,660939
PNO,20140819,0.001,0.002,0.001,0.001,4200000
PNR,20140819,0.067,0.067,0.067,0.067,100000
PNX,20140819,0.021,0.022,0.021,0.022,681818
POH,20140819,0.095,0.096,0.095,0.096,618752
POK,20140819,0.045,0.045,0.045,0.045,69000
POP,20140819,0.065,0.066,0.065,0.066,100000
POS,20140819,0.175,0.18,0.17,0.175,571683
POU,20140819,17.75,17.83,17.75,17.83,383
POZ,20140819,0.011,0.011,0.011,0.011,22665
PPC,20140819,1.31,1.345,1.3,1.33,324548
PPG,20140819,0.5,0.5,0.5,0.5,40000
PPP,20140819,0.055,0.055,0.054,0.054,486761
PPS,20140819,0.205,0.21,0.205,0.21,57446
PPT,20140819,47.35,47.8,47.2,47.6,203607
PPX,20140819,0.037,0.038,0.037,0.038,16290
PRA,20140819,0.028,0.029,0.028,0.029,1500000
PRG,20140819,2.88,2.9,2.85,2.89,112758
PRL,20140819,0.155,0.155,0.15,0.15,285516
PRR,20140819,0.042,0.042,0.042,0.042,1136484
PRT,20140819,0.99,1.02,0.99,1.015,1044147
PRU,20140819,0.455,0.46,0.445,0.455,2278919
PRY,20140819,4.62,4.62,4.58,4.59,3862349
PSA,20140819,0.13,0.13,0.13,0.13,60000
PSF,20140819,0.018,0.019,0.018,0.019,279441
PSP,20140819,0.001,0.001,0.001,0.001,300000
PSY,20140819,0.13,0.14,0.125,0.135,2961846
PSZ,20140819,0.8,0.8,0.765,0.765,34729
PTL,20140819,0.034,0.034,0.034,0.034,1000000
PTM,20140819,6.45,6.5,6.42,6.44,825001
PVA,20140819,5.04,5.14,5.03,5.14,7910
PVD,20140819,0.48,0.48,0.45,0.45,368264
PVE,20140819,0.082,0.082,0.082,0.082,375217
PWN,20140819,0.045,0.045,0.042,0.042,456431
PWW,20140819,0.021,0.021,0.021,0.021,100000
PXG,20140819,0.135,0.135,0.13,0.13,63500
PXR,20140819,0.001,0.001,0.001,0.001,1000000
PXS,20140819,0.06,0.062,0.056,0.057,797209
PYC,20140819,0.013,0.014,0.013,0.014,568669
PYM,20140819,0.008,0.009,0.008,0.009,1504230
QAG,20140819,9.5,9.5,9.48,9.48,1303
QAN,20140819,1.3,1.33,1.3,1.33,8274701
QAU,20140819,13.57,13.57,13.57,13.57,89143
QBL,20140819,0.022,0.022,0.02,0.02,3574453
QFN,20140819,11.5,11.52,11.5,11.52,462
QFX,20140819,0.013,0.013,0.012,0.013,7912750
QHL,20140819,0.175,0.18,0.175,0.175,543806
QMN,20140819,0.011,0.011,0.011,0.011,50000
QOZ,20140819,12.76,12.77,12.73,12.73,4933
QPN,20140819,0.001,0.001,0.001,0.001,1000000
QRE,20140819,5.95,5.95,5.95,5.95,4250
QRL,20140819,0.017,0.019,0.017,0.019,875000
QRX,20140819,0.034,0.035,0.033,0.034,715093
QUB,20140819,2.3,2.305,2.29,2.3,1419839
QUR,20140819,0.002,0.002,0.002,0.002,2000000
RBX,20140819,0.009,0.01,0.009,0.01,1050000
RCB,20140819,20.42,20.42,20.35,20.41,15824
RCF,20140819,0.007,0.007,0.007,0.007,200000
RCG,20140819,0.645,0.67,0.64,0.67,165707
RCM,20140819,0.024,0.025,0.023,0.025,1197480
RCO,20140819,0.28,0.28,0.28,0.28,1750
RCR,20140819,3.02,3.05,3,3,67423
RCT,20140819,3.66,3.8,3.55,3.76,14110
RDF,20140819,0.975,0.975,0.975,0.975,23000
RDG,20140819,0.115,0.16,0.1,0.12,1957651
RDH,20140819,1.4,1.5,1.4,1.5,34040
RDM,20140819,0.185,0.185,0.185,0.185,127000
RDR,20140819,0.033,0.033,0.032,0.032,470862
RDS,20140819,0.041,0.041,0.04,0.04,219150
RDV,20140819,30.73,30.87,30.73,30.82,4745
REA,20140819,46.56,46.85,46.12,46.85,324210
REC,20140819,5.09,5.16,5.06,5.16,508598
RED,20140819,0.092,0.098,0.091,0.093,1234631
REF,20140819,0.13,0.13,0.13,0.13,67323
REH,20140819,31.5,31.55,31.5,31.5,934
RER,20140819,0.064,0.065,0.06,0.065,231845
RES,20140819,0.12,0.12,0.12,0.12,26030
REY,20140819,0.135,0.135,0.135,0.135,24000
RFE,20140819,0.099,0.099,0.089,0.095,1071272
RFF,20140819,0.98,0.98,0.965,0.97,48046
RFG,20140819,4.7,4.73,4.63,4.66,314717
RFL,20140819,0.495,0.495,0.45,0.45,275352
RFX,20140819,0.245,0.245,0.235,0.235,45860
RGB,20140819,20.74,20.74,20.74,20.74,630
RGS,20140819,0.26,0.285,0.26,0.27,648486
RGX,20140819,0.005,0.005,0.005,0.005,499386
RHC,20140819,49.5,49.79,49.435,49.77,319572
RHL,20140819,3.51,3.51,3.4,3.42,32301
RHP,20140819,0.86,0.86,0.86,0.86,1121316
RHS,20140819,0.195,0.195,0.195,0.195,225
RHT,20140819,0.044,0.044,0.041,0.041,35000
RIC,20140819,0.82,0.82,0.805,0.82,292932
RIM,20140819,0.03,0.03,0.03,0.03,100000
RIO,20140819,65.94,66.58,65.84,66.4,1923846
RKN,20140819,2.07,2.085,2.07,2.07,62151
RLE,20140819,0.275,0.285,0.275,0.285,26000
RMD,20140819,5.56,5.58,5.53,5.58,5679272
RMG,20140819,0.002,0.003,0.001,0.002,75759300
RMP,20140819,0.053,0.053,0.041,0.045,68276
RMR,20140819,0.012,0.012,0.011,0.012,2206026
RMS,20140819,0.064,0.064,0.064,0.064,535750
RMX,20140819,0.009,0.009,0.009,0.009,878610
RNI,20140819,0.15,0.16,0.15,0.155,818726
RNO,20140819,0.035,0.035,0.034,0.034,1019850
RNS,20140819,0.071,0.071,0.071,0.071,346233
RNU,20140819,0.044,0.044,0.044,0.044,46000
RNY,20140819,0.3,0.3,0.295,0.295,101945
ROC,20140819,0.675,0.685,0.675,0.68,6888283
ROG,20140819,0.002,0.002,0.002,0.002,250000
ROL,20140819,0.45,0.45,0.45,0.45,83000
RRL,20140819,1.93,1.932,1.89,1.915,2442762
RRS,20140819,0.028,0.028,0.027,0.027,396921
RSG,20140819,0.64,0.642,0.63,0.64,1930755
RSL,20140819,0.011,0.011,0.011,0.011,18824
RSM,20140819,20.45,20.45,20.44,20.44,3437
RTG,20140819,1.225,1.23,1.16,1.225,404323
RUL,20140819,0.58,0.58,0.58,0.58,15000
RUM,20140819,0.09,0.094,0.09,0.094,181737
RVL,20140819,33.35,33.4,33.35,33.4,749
RVR,20140819,0.235,0.25,0.23,0.25,288667
RVY,20140819,0.031,0.031,0.029,0.029,919000
RWH,20140819,3.48,3.48,3.36,3.48,675
RXL,20140819,0.047,0.047,0.047,0.047,564823
RXM,20140819,0.3,0.305,0.297,0.3,610517
RXP,20140819,0.75,0.76,0.75,0.76,61235
RYG,20140819,0.018,0.018,0.016,0.016,834500
SAI,20140819,4.81,4.84,4.78,4.83,418561
SAR,20140819,0.435,0.44,0.43,0.435,550299
SAU,20140819,0.011,0.011,0.01,0.01,297483
SBB,20140819,0.11,0.115,0.105,0.105,615536
SBI,20140819,0.04,0.04,0.04,0.04,100000
SBM,20140819,0.11,0.11,0.105,0.105,833612
SCG,20140819,3.52,3.53,3.49,3.53,16212255
SCI,20140819,0.049,0.049,0.049,0.049,195853
SCP,20140819,1.76,1.785,1.76,1.77,1661253
SDA,20140819,2.07,2.07,2.04,2.06,114168
SDF,20140819,1.4,1.425,1.385,1.41,708876
SDG,20140819,1.74,1.74,1.72,1.72,76523
SDI,20140819,0.615,0.62,0.615,0.62,21450
SDL,20140819,0.084,0.084,0.083,0.083,2937553
SDM,20140819,0.53,0.535,0.495,0.53,169670
SEA,20140819,1.38,1.405,1.375,1.4,4101429
SEG,20140819,0.017,0.018,0.016,0.017,4136914
SEH,20140819,0.22,0.225,0.212,0.215,7263466
SEK,20140819,16.85,17.15,16.82,17,1634237
SEN,20140819,0.052,0.056,0.052,0.052,1879909
SER,20140819,0.052,0.053,0.052,0.052,696250
SFC,20140819,6.05,6.05,6.02,6.02,9902
SFH,20140819,0.91,0.95,0.91,0.95,8571
SFP,20140819,0.008,0.01,0.007,0.007,29513095
SFR,20140819,6.32,6.42,6.3,6.41,510546
SFX,20140819,0.95,0.96,0.94,0.945,306314
SFY,20140819,54.8,55.07,54.8,55.07,7559
SFZ,20140819,0.04,0.04,0.04,0.04,50000
SGF,20140819,1.795,1.81,1.79,1.8,816710
SGH,20140819,5.85,5.94,5.83,5.85,1221553
SGM,20140819,12,12.29,12,12.2,1167333
SGN,20140819,1.295,1.3,1.265,1.27,1725082
SGO,20140819,0.2,0.2,0.2,0.2,263503
SGP,20140819,4.23,4.235,4.19,4.21,8097355
SGQ,20140819,0.105,0.105,0.1,0.105,57599
SGT,20140819,3.36,3.39,3.36,3.37,629589
SHE,20140819,0.007,0.007,0.007,0.007,206428
SHJ,20140819,2.35,2.35,2.345,2.35,119939
SHL,20140819,17.51,17.66,17.33,17.62,2270998
SHP,20140819,0.022,0.022,0.021,0.022,2967599
SHV,20140819,5.99,6.04,5.81,5.98,254403
SIP,20140819,0.815,0.83,0.815,0.83,1892399
SIQ,20140819,1.465,1.465,1.45,1.45,19979
SIR,20140819,4.07,4.14,3.92,3.95,1602721
SIV,20140819,6.45,6.5,6.4,6.49,124207
SKC,20140819,3.45,3.45,3.4,3.41,469972
SKE,20140819,2.8,2.83,2.71,2.72,2458188
SKI,20140819,1.98,1.98,1.96,1.965,5185104
SKS,20140819,0.38,0.38,0.38,0.38,33000
SKT,20140819,5.99,6,5.91,5.93,867887
SLF,20140819,10.45,10.53,10.45,10.46,38636
SLK,20140819,1.76,1.76,1.76,1.76,3300
SLM,20140819,1.8,1.845,1.8,1.805,8372
SLR,20140819,0.455,0.457,0.44,0.45,1365491
SLT,20140819,0.006,0.009,0.005,0.006,15545906
SLX,20140819,0.735,0.735,0.645,0.715,2174000
SMA,20140819,0.014,0.014,0.014,0.014,206550
SMC,20140819,0.035,0.035,0.035,0.035,2110000
SMD,20140819,0.047,0.047,0.047,0.047,64000
SMM,20140819,0.32,0.32,0.32,0.32,3000
SMN,20140819,0.52,0.52,0.5,0.5,39000
SMP,20140819,0.23,0.25,0.23,0.25,428500
SMX,20140819,4.38,4.38,4.19,4.22,100015
SNC,20140819,0.97,0.98,0.97,0.97,20628
SND,20140819,0.92,0.92,0.92,0.92,25000
SNL,20140819,2.58,2.58,2.58,2.58,3530
SNY,20140819,0.2,0.2,0.2,0.2,10000
SOC,20140819,0.028,0.028,0.027,0.027,149673
SOI,20140819,0.002,0.002,0.002,0.002,2000000
SOL,20140819,14.91,15.12,14.91,15.1,10323
SOM,20140819,1.95,1.98,1.85,1.9,43478
SPI,20140819,0.017,0.017,0.015,0.015,125000
SPK,20140819,2.57,2.63,2.57,2.62,1012252
SPL,20140819,0.73,0.735,0.67,0.69,1345636
SPO,20140819,1.9,1.92,1.89,1.915,1796004
SPS,20140819,0.024,0.025,0.024,0.025,350000
SPX,20140819,0.066,0.066,0.057,0.057,104500
SPZ,20140819,0.175,0.185,0.17,0.185,120734
SRI,20140819,0.056,0.059,0.056,0.057,523633
SRQ,20140819,0.006,0.006,0.006,0.006,2000
SRR,20140819,0.012,0.023,0.012,0.018,15913405
SRV,20140819,4.94,4.94,4.91,4.92,69695
SRX,20140819,20.39,20.4,19.97,20.04,347307
SRZ,20140819,0.043,0.043,0.041,0.041,80012
SSM,20140819,0.195,0.2,0.19,0.195,1109434
SSO,20140819,11.92,11.93,11.92,11.93,7311
STB,20140819,0.215,0.215,0.195,0.2,2788645
STO,20140819,14.5,14.675,14.49,14.6,2586227
STS,20140819,0.61,0.61,0.61,0.61,2
STW,20140819,52.25,52.58,52.25,52.58,83853
STX,20140819,0.11,0.11,0.105,0.11,689098
SUD,20140819,0.047,0.047,0.046,0.046,536434
SUH,20140819,0.07,0.07,0.07,0.07,76406
SUL,20140819,8.76,8.84,8.71,8.73,551367
SUM,20140819,0.066,0.066,0.066,0.066,9250
SUN,20140819,15.24,15.37,15.225,15.26,8567668
SUR,20140819,0.019,0.019,0.016,0.017,912157
SVA,20140819,0.46,0.52,0.46,0.52,7728
SVL,20140819,0.004,0.004,0.004,0.004,1250000
SVM,20140819,0.3,0.315,0.3,0.315,247851
SVW,20140819,7.75,7.8,7.7,7.77,330395
SVY,20140819,0.575,0.58,0.57,0.57,29200
SWE,20140819,0.215,0.215,0.21,0.21,8000
SWJ,20140819,0.175,0.175,0.175,0.175,105313
SWK,20140819,0.28,0.28,0.27,0.28,63374
SWL,20140819,2.03,2.03,1.98,1.985,25187
SWM,20140819,2.02,2.04,2,2.02,1643495
SWW,20140819,0.009,0.009,0.008,0.008,2326198
SXA,20140819,0.27,0.27,0.265,0.265,50000
SXE,20140819,0.65,0.65,0.62,0.62,16346
SXG,20140819,0.011,0.011,0.011,0.011,550001
SXI,20140819,0.019,0.019,0.018,0.018,59190
SXL,20140819,1.145,1.155,1.127,1.14,2807577
SXY,20140819,0.66,0.665,0.655,0.665,783093
SYA,20140819,0.002,0.002,0.002,0.002,29947
SYD,20140819,4.34,4.36,4.33,4.34,5804087
SYI,20140819,30.67,30.8,30.67,30.79,3364
SYR,20140819,5.16,5.2,5.12,5.2,348125
SZG,20140819,0.078,0.078,0.078,0.078,30000
TAH,20140819,3.59,3.6,3.57,3.58,2049508
TAM,20140819,0.02,0.02,0.019,0.019,590926
TAN,20140819,0.435,0.435,0.43,0.43,22001
TAP,20140819,0.64,0.655,0.64,0.645,737111
TAW,20140819,0.027,0.027,0.025,0.025,2318891
TBR,20140819,3.48,3.48,3.48,3.48,2000
TCL,20140819,8.05,8.08,7.99,8.08,5113854
TCN,20140819,0.088,0.088,0.088,0.088,97554
TEN,20140819,0.265,0.27,0.26,0.265,6023896
TEX,20140819,0.052,0.058,0.052,0.058,697604
TFC,20140819,2.18,2.22,2.13,2.13,920887
TGA,20140819,2.41,2.41,2.39,2.4,472441
TGG,20140819,1.32,1.33,1.32,1.325,506934
TGP,20140819,0.88,0.89,0.88,0.89,39018
TGR,20140819,3.95,4.01,3.94,4.01,452997
TGS,20140819,0.29,0.305,0.29,0.3,2946487
TGZ,20140819,0.7,0.7,0.7,0.7,104011
THX,20140819,0.19,0.2,0.19,0.19,1794873
TIG,20140819,0.13,0.13,0.13,0.13,25360
TIS,20140819,0.3,0.32,0.3,0.32,175952
TIX,20140819,2.3,2.32,2.29,2.32,224207
TLG,20140819,0.375,0.38,0.365,0.375,141412
TLM,20140819,0.155,0.155,0.145,0.145,222350
TLS,20140819,5.63,5.65,5.57,5.59,36059377
TLU,20140819,0.04,0.04,0.04,0.04,18318
TME,20140819,3.19,3.21,3.17,3.18,2213380
TNE,20140819,3.15,3.15,3.04,3.05,325944
TNG,20140819,0.25,0.257,0.245,0.245,854105
TNP,20140819,0.007,0.007,0.005,0.005,4070796
TOE,20140819,0.06,0.065,0.06,0.065,3328506
TOF,20140819,2,2.03,1.985,1.985,279616
TOL,20140819,5.57,5.76,5.56,5.67,6614841
TON,20140819,0.395,0.395,0.36,0.365,4589986
TOP,20140819,0.45,0.45,0.45,0.45,28497
TOX,20140819,3.2,3.2,3.15,3.18,166725
TPD,20140819,0.017,0.02,0.017,0.02,8533
TPI,20140819,1,1.025,0.96,0.97,29956177
TPM,20140819,5.81,5.84,5.735,5.8,817998
TPP,20140819,0.072,0.072,0.072,0.072,30556
TPR,20140819,0.15,0.15,0.15,0.15,155000
TRF,20140819,0.053,0.054,0.053,0.054,116293
TRG,20140819,11.32,11.39,11.28,11.3,26016
TRM,20140819,0.036,0.036,0.036,0.036,35000
TRS,20140819,9.4,9.4,9.23,9.3,105059
TRY,20140819,0.855,0.855,0.83,0.83,397926
TSE,20140819,1.39,1.415,1.38,1.395,1571035
TSM,20140819,0.355,0.36,0.355,0.36,239666
TTA,20140819,0.046,0.046,0.046,0.046,25700
TTE,20140819,0.015,0.015,0.015,0.015,235000
TTI,20140819,0.053,0.053,0.049,0.049,180000
TTN,20140819,1.93,1.96,1.93,1.93,119599
TTS,20140819,3.57,3.6,3.555,3.58,2413291
TUP,20140819,3.3,3.65,3.3,3.63,5666
TWD,20140819,3.45,3.45,3.45,3.45,1500
TWE,20140819,5.23,5.29,5.2,5.29,2465200
TWH,20140819,0.003,0.003,0.003,0.003,4819995
TWR,20140819,1.69,1.69,1.69,1.69,1751000
TYK,20140819,0.003,0.003,0.003,0.003,5460000
TZL,20140819,0.12,0.13,0.12,0.13,25461
TZN,20140819,0.05,0.05,0.05,0.05,151000
UBI,20140819,0.18,0.18,0.175,0.175,12388
UEQ,20140819,0.011,0.011,0.011,0.011,77098
UGL,20140819,6.6,6.65,6.56,6.59,1046347
UNS,20140819,0.42,0.435,0.41,0.43,410646
UNV,20140819,0.12,0.12,0.12,0.12,2000
UNX,20140819,0.19,0.19,0.182,0.185,381650
UOS,20140819,0.505,0.51,0.5,0.51,60000
URF,20140819,1.82,1.83,1.82,1.83,28738
USA,20140819,0.019,0.019,0.019,0.019,4615
USD,20140819,10.64,10.64,10.53,10.53,29934
UXC,20140819,0.86,0.86,0.835,0.84,1354341
VAF,20140819,49.14,49.19,49.1,49.1,16189
VAH,20140819,0.38,0.39,0.38,0.39,969298
VAP,20140819,65.95,66.49,65.95,66.12,9219
VAS,20140819,71.41,71.69,71.23,71.66,23406
VEC,20140819,0.009,0.009,0.007,0.007,600000
VED,20140819,2.09,2.09,2.06,2.08,489228
VEI,20140819,0.79,0.8,0.78,0.785,1250872
VET,20140819,2.95,3.03,2.87,3,1386088
VEU,20140819,55.7,55.84,55.51,55.65,19569
VGB,20140819,47.4,47.62,47.4,47.53,692
VGE,20140819,56.5,56.5,55,55,310
VHY,20140819,67.6,68.37,67.6,68.37,14309
VIC,20140819,0.005,0.005,0.005,0.005,400000
VIG,20140819,0.23,0.24,0.23,0.23,75456
VLA,20140819,0.28,0.28,0.28,0.28,67759
VLC,20140819,63.75,63.9,63.75,63.9,613
VLW,20140819,2.17,2.2,2.16,2.16,38711
VMC,20140819,0.315,0.315,0.3,0.3,56500
VMG,20140819,0.013,0.013,0.012,0.012,2403000
VMS,20140819,0.09,0.09,0.067,0.072,1472952
VMT,20140819,0.044,0.044,0.044,0.044,233132
VMX,20140819,0.2,0.205,0.2,0.205,142254
VOC,20140819,5.4,5.4,5.35,5.4,76468
VRL,20140819,7.42,7.49,7.29,7.4,163199
VRT,20140819,8.25,8.25,8.1,8.12,161021
VRX,20140819,0.078,0.095,0.077,0.09,2358977
VSC,20140819,1.6,1.6,1.6,1.6,379277
VSO,20140819,46.1,46.53,46.1,46.5,1021
VTG,20140819,0.81,0.81,0.79,0.795,50395
VTM,20140819,0.069,0.07,0.069,0.07,256428
VTS,20140819,109.5,109.9,109.4,109.61,16122
VXL,20140819,0.58,0.585,0.55,0.55,399220
WAA,20140819,1.38,1.4,1.38,1.4,59653
WAF,20140819,0.12,0.125,0.115,0.115,145000
WAM,20140819,2.06,2.09,2.04,2.06,551607
WAX,20140819,1.17,1.2,1.17,1.17,144265
WBA,20140819,1.29,1.345,1.29,1.345,45629
WBB,20140819,5.55,5.7,5.45,5.5,18185
WBC,20140819,34.56,34.83,34.45,34.78,8545256
WCB,20140819,7.87,7.87,7.85,7.85,2100
WCC,20140819,0.082,0.09,0.081,0.09,495313
WCL,20140819,0.39,0.39,0.39,0.39,160205
WCN,20140819,0.015,0.015,0.014,0.015,2568228
WDR,20140819,0.23,0.23,0.225,0.225,431999
WDS,20140819,0.88,0.88,0.87,0.87,116696
WEB,20140819,2.86,2.91,2.85,2.9,78209
WEC,20140819,0.185,0.185,0.17,0.175,100861
WEG,20140819,0.018,0.018,0.018,0.018,435000
WES,20140819,44,44.08,43.84,44,1907050
WFD,20140819,7.63,7.64,7.54,7.57,3866764
WGO,20140819,0.018,0.018,0.018,0.018,25000
WHC,20140819,1.84,1.88,1.83,1.88,3535110
WHE,20140819,0.005,0.007,0.005,0.007,215151
WHF,20140819,4.17,4.19,4.17,4.17,32638
WHN,20140819,0.012,0.012,0.012,0.012,2739455
WIC,20140819,1.24,1.245,1.24,1.24,44500
WIG,20140819,0.705,0.705,0.705,0.705,3285
WIN,20140819,0.265,0.265,0.265,0.265,14100
WKT,20140819,0.006,0.006,0.006,0.006,1613841
WLC,20140819,0.025,0.025,0.025,0.025,1250000
WLF,20140819,0.29,0.295,0.29,0.295,10000
WLR,20140819,0.005,0.005,0.004,0.004,751662
WMK,20140819,1.03,1.03,1.025,1.03,178000
WMN,20140819,0.26,0.26,0.235,0.25,216498
WOF,20140819,0.055,0.055,0.055,0.055,30000
WOR,20140819,17.48,17.72,17.4,17.65,746371
WOW,20140819,36.79,36.88,36.59,36.84,2457575
WPG,20140819,0.05,0.05,0.049,0.049,140750
WPL,20140819,43,43.2,42.9,43.05,1931875
WRM,20140819,0.017,0.017,0.017,0.017,1334
WRR,20140819,0.185,0.185,0.18,0.18,110000
WSA,20140819,4.8,4.835,4.77,4.8,1893438
WSR,20140819,0.037,0.037,0.037,0.037,485000
WTF,20140819,3.3,3.32,3.3,3.3,819970
WTP,20140819,0.895,0.95,0.89,0.95,214261
WVL,20140819,0.014,0.014,0.011,0.011,505783
XAM,20140819,0.145,0.16,0.115,0.13,1800193
XRF,20140819,0.21,0.21,0.21,0.21,16882
XRO,20140819,20.01,21.05,20.01,20.79,45838
XST,20140819,0.025,0.025,0.025,0.025,11612
XTE,20140819,0.04,0.04,0.04,0.04,90000
YAL,20140819,0.3,0.3,0.3,0.3,10500
YBR,20140819,0.68,0.695,0.68,0.69,59876
YOW,20140819,0.735,0.75,0.73,0.74,112018
YPB,20140819,0.19,0.195,0.185,0.195,90000
YRR,20140819,0.021,0.021,0.017,0.019,36618114
ZGL,20140819,0.22,0.22,0.215,0.215,195000
ZIP,20140819,0.17,0.17,0.165,0.17,214609
ZNZ,20140819,3.4,3.69,3.4,3.69,280921
ZRL,20140819,0.105,0.105,0.105,0.105,6066
XAF,20140819,5691.3,5726.7,5683.1,5722.7,0
XAO,20140819,5580.6,5621.2,5577.6,5618.4,0
XAT,20140819,5546.9,5586.1,5542.2,5583.2,0
XDJ,20140819,1842.5,1865,1842.5,1864.3,0
XEC,20140819,1180,1193.5,1180,1184.5,0
XEJ,20140819,14591.3,14727.5,14591.3,14686.4,0
XFJ,20140819,6189.2,6211.7,6164.2,6206.4,0
XFL,20140819,5756.6,5792.4,5748.4,5788.4,0
XGD,20140819,2384.2,2397.5,2376.6,2389,0
XHJ,20140819,15008.4,15129.7,15006.2,15124.6,0
XIJ,20140819,795.9,795.9,786.4,789.4,0
XJO,20140819,5587.1,5626.6,5582.5,5623.8,0
XJR,20140819,4326.1,4380.7,4326.1,4376,0
XKO,20140819,5531.5,5570.6,5527.2,5567.7,0
XMD,20140819,4660.3,4718.2,4660.3,4715.5,0
XMJ,20140819,10383.2,10554.3,10383.2,10542.1,0
XMM,20140819,3408,3457.3,3408,3453.9,0
XNJ,20140819,4148,4210,4148,4207.8,0
XPJ,20140819,1135,1147.4,1134.9,1144.9,0
XSJ,20140819,10168.6,10247.6,10168.6,10242.8,0
XSO,20140819,2242.8,2267.6,2242.8,2267.6,0
XTJ,20140819,1952,1964.8,1940.2,1947.2,0
XTL,20140819,3518.2,3536.8,3509.7,3533.7,0
XTO,20140819,4643.7,4675.2,4638.9,4672.4,0
XUJ,20140819,6021.3,6060.6,6015,6034.7,0
XXJ,20140819,7246.4,7267.5,7210.2,7259.2,0
