1PG,20150107,1.245,1.25,1.2,1.25,405391
3PL,20150107,2.05,2.1,2,2.05,267842
8IH,20150107,0.335,0.335,0.335,0.335,10000
AAA,20150107,50.1,50.12,50.1,50.12,27378
AAC,20150107,1.48,1.495,1.45,1.49,283678
AAD,20150107,2.7,2.73,2.52,2.59,5436637
AAU,20150107,0.05,0.05,0.05,0.05,15000
AAX,20150107,0.425,0.43,0.425,0.43,1130
ABC,20150107,3.58,3.64,3.58,3.6,1033274
ABL,20150107,0.01,0.01,0.01,0.01,1
ABP,20150107,3.09,3.13,3.07,3.1,787617
ABU,20150107,0.325,0.33,0.31,0.33,83246
ABW,20150107,0.975,0.98,0.955,0.955,149324
ABX,20150107,0.29,0.295,0.28,0.285,47941
ABY,20150107,0.2,0.2,0.19,0.19,91963
ACB,20150107,0.041,0.047,0.041,0.047,206481
ACL,20150107,0.091,0.092,0.091,0.092,195756
ACO,20150107,1.27,1.29,1.27,1.29,45000
ACQ,20150107,0.775,0.775,0.76,0.76,25500
ACR,20150107,1.325,1.325,1.305,1.31,138190
ACU,20150107,0.001,0.001,0.001,0.001,1000000
ACW,20150107,0.055,0.079,0.055,0.074,3298989
ADJ,20150107,0.096,0.099,0.096,0.096,146197
ADN,20150107,0.025,0.025,0.025,0.025,1600
ADO,20150107,0.115,0.115,0.11,0.11,1547395
ADV,20150107,0.006,0.006,0.005,0.006,1559355
ADX,20150107,0.006,0.006,0.006,0.006,50000
ADY,20150107,0.022,0.023,0.022,0.023,28400
AEB,20150107,0.075,0.075,0.073,0.073,125000
AEE,20150107,0.03,0.03,0.03,0.03,79480
AEF,20150107,41.6,41.6,41.6,41.6,72
AEI,20150107,0.285,0.285,0.28,0.285,30000
AEK,20150107,0.067,0.067,0.066,0.066,129430
AFA,20150107,0.22,0.22,0.22,0.22,40000
AFI,20150107,6.09,6.09,6.04,6.08,94314
AFJ,20150107,1.22,1.24,1.205,1.21,49070
AFR,20150107,0.067,0.07,0.067,0.07,265000
AGE,20150107,0.025,0.025,0.023,0.024,381751
AGF,20150107,1.105,1.14,1.105,1.135,682400
AGG,20150107,2.26,2.26,2.26,2.26,305
AGI,20150107,2.35,2.38,2.33,2.35,576163
AGL,20150107,13.25,13.57,13.12,13.51,1431002
AGO,20150107,0.265,0.295,0.265,0.275,21851543
AGS,20150107,0.088,0.089,0.086,0.086,113407
AHD,20150107,10.79,10.79,10.66,10.7,38718
AHE,20150107,3.76,3.81,3.72,3.79,521193
AHF,20150107,0.25,0.255,0.25,0.255,32264
AHK,20150107,0.053,0.056,0.053,0.056,85800
AHY,20150107,1.615,1.68,1.615,1.68,668157
AHZ,20150107,0.13,0.14,0.13,0.14,1225411
AIA,20150107,4.19,4.19,4.13,4.13,99275
AIO,20150107,5.93,5.98,5.93,5.95,2729091
AIQ,20150107,0.15,0.15,0.15,0.15,95867
AIZ,20150107,2.39,2.48,2.39,2.48,43724
AJA,20150107,4.94,5,4.94,4.97,17615
AJC,20150107,0.002,0.002,0.002,0.002,121585
AJD,20150107,1.2,1.2,1.2,1.2,11000
AJL,20150107,0.71,0.71,0.71,0.71,4000
AJM,20150107,0.058,0.058,0.058,0.058,8500
AJQ,20150107,0.047,0.047,0.043,0.043,573118
AJX,20150107,0.595,0.615,0.56,0.565,1539967
AKK,20150107,0.045,0.046,0.043,0.043,383288
AKM,20150107,0.033,0.034,0.033,0.034,639894
AKP,20150107,9.7,9.9,9.7,9.9,2000
ALA,20150107,0.19,0.19,0.19,0.19,10575
ALF,20150107,1.45,1.465,1.425,1.45,229322
ALK,20150107,0.23,0.24,0.225,0.225,279564
ALL,20150107,6.44,6.54,6.41,6.52,2250254
ALQ,20150107,5.12,5.3,4.985,5.26,1109862
ALR,20150107,1.12,1.12,1.12,1.12,18859
ALT,20150107,0.026,0.026,0.023,0.024,2082036
ALU,20150107,3.28,3.29,3.24,3.29,723089
AMA,20150107,0.375,0.375,0.375,0.375,34691
AMC,20150107,13.49,13.61,13.33,13.41,4819051
AMH,20150107,0.87,0.87,0.87,0.87,23335
AMI,20150107,0.25,0.27,0.25,0.27,61000
AMM,20150107,2.8,2.83,2.76,2.79,834924
AMP,20150107,5.42,5.49,5.4,5.48,4853790
AMT,20150107,0.06,0.06,0.06,0.06,13334
ANG,20150107,0.875,0.9,0.875,0.9,4071
ANI,20150107,2.16,2.2,2.15,2.2,9658
ANN,20150107,22.1,22.42,22.03,22.34,421394
ANO,20150107,0.022,0.022,0.022,0.022,303990
ANP,20150107,0.086,0.087,0.085,0.087,50000
ANQ,20150107,0.004,0.004,0.004,0.004,3383052
ANZ,20150107,31.78,31.91,31.46,31.72,4039936
AOC,20150107,0.08,0.08,0.08,0.08,3965
AOD,20150107,0.88,0.885,0.88,0.88,25088
AOG,20150107,2.13,2.14,2.1,2.12,914234
AOH,20150107,0.23,0.235,0.23,0.235,72142
AOK,20150107,0.12,0.12,0.115,0.117,81110
AON,20150107,0.008,0.009,0.008,0.009,270681
APA,20150107,7.6,7.72,7.53,7.55,2883512
APE,20150107,6.03,6.03,6.03,6.03,250
API,20150107,0.82,0.82,0.805,0.805,289689
APN,20150107,0.825,0.83,0.82,0.83,581929
APO,20150107,2.54,2.55,2.49,2.53,371064
APW,20150107,0.12,0.12,0.12,0.12,100000
APX,20150107,0.5,0.525,0.48,0.525,1465449
APY,20150107,0.005,0.005,0.005,0.005,2250
APZ,20150107,1.26,1.27,1.23,1.26,16182
AQC,20150107,0.006,0.006,0.006,0.006,150000
AQD,20150107,0.014,0.015,0.014,0.015,840000
AQG,20150107,2.85,2.9,2.81,2.84,191619
AQJ,20150107,0.007,0.008,0.007,0.008,3170000
AQP,20150107,0.29,0.29,0.285,0.285,17301
AQR,20150107,0.086,0.086,0.085,0.085,390000
AQZ,20150107,0.53,0.56,0.53,0.53,118565
ARD,20150107,0.038,0.038,0.038,0.038,14000
ARF,20150107,1.63,1.63,1.6,1.61,24790
ARG,20150107,7.89,7.9,7.83,7.87,76552
ARI,20150107,0.23,0.26,0.225,0.255,50485307
ARP,20150107,11.27,11.34,11.15,11.28,90102
ARU,20150107,0.057,0.058,0.055,0.058,265457
ARV,20150107,0.002,0.002,0.002,0.002,100000
ASB,20150107,1.56,1.57,1.542,1.56,192976
ASL,20150107,0.525,0.53,0.51,0.515,1036623
ASP,20150107,0.015,0.015,0.015,0.015,355639
AST,20150107,1.325,1.34,1.32,1.33,3997780
ASW,20150107,0.65,0.65,0.65,0.65,1500
ASX,20150107,36.29,36.54,36.2,36.45,421898
ASZ,20150107,0.645,0.66,0.64,0.66,94522
ATC,20150107,0.07,0.075,0.07,0.075,21400
ATU,20150107,1.08,1.18,1.075,1.16,104590
AUB,20150107,10,10.06,9.96,10,337818
AUC,20150107,0.03,0.03,0.03,0.03,18500
AUI,20150107,7.96,7.96,7.96,7.96,2890
AUK,20150107,0.02,0.02,0.02,0.02,18000
AVB,20150107,0.081,0.084,0.079,0.079,237720
AVG,20150107,0.405,0.405,0.4,0.4,19781
AVH,20150107,0.079,0.079,0.079,0.079,43825
AVJ,20150107,0.565,0.565,0.565,0.565,6000
AVQ,20150107,0.015,0.015,0.015,0.015,276400
AWC,20150107,1.775,1.82,1.775,1.805,9661564
AWE,20150107,1.29,1.29,1.205,1.225,2287365
AWN,20150107,0.9,0.9,0.9,0.9,10000
AWQ,20150107,1,1,1,1,9945
AXE,20150107,0.13,0.13,0.13,0.13,9650
AYA,20150107,0.265,0.265,0.26,0.26,12000
AYJ,20150107,93.87,93.87,93.87,93.87,410
AYK,20150107,85.52,85.52,85.52,85.52,420
AZJ,20150107,4.53,4.57,4.5,4.56,3137660
AZK,20150107,0.012,0.012,0.012,0.012,235000
AZM,20150107,0.021,0.025,0.021,0.025,156820
AZS,20150107,0.022,0.022,0.018,0.019,5181768
AZV,20150107,0.31,0.32,0.31,0.32,53048
AZY,20150107,0.005,0.005,0.005,0.005,365006
AZZ,20150107,0.195,0.195,0.19,0.19,259480
BAL,20150107,1.695,1.7,1.68,1.69,77121
BAP,20150107,2.55,2.55,2.4,2.47,50450
BAS,20150107,0.005,0.005,0.005,0.005,8600
BAU,20150107,0.095,0.095,0.095,0.095,59500
BBG,20150107,0.67,0.68,0.67,0.68,452088
BBR,20150107,0.19,0.19,0.19,0.19,140000
BCI,20150107,0.625,0.69,0.625,0.69,6189823
BCT,20150107,0.055,0.055,0.055,0.055,20000
BDR,20150107,0.265,0.27,0.255,0.26,8006654
BEAR,20150107,18.1,18.15,18.01,18.02,135142
BEN,20150107,12.72,12.85,12.6,12.78,1337265
BGA,20150107,5.06,5.06,4.96,5,105868
BGD,20150107,0.01,0.011,0.01,0.011,300326
BGL,20150107,0.755,0.775,0.75,0.75,74161
BGS,20150107,0.011,0.011,0.011,0.011,250000
BHP,20150107,28.05,28.27,27.85,28.11,7631499
BIG,20150107,0.155,0.16,0.155,0.16,21667
BIT,20150107,0.12,0.145,0.12,0.145,4145804
BKI,20150107,1.58,1.58,1.57,1.575,44966
BKL,20150107,35.2,35.2,34.34,34.5,2680
BKM,20150107,0.001,0.001,0.001,0.001,280000
BKN,20150107,4.52,4.57,4.45,4.47,426398
BKP,20150107,0.001,0.001,0.001,0.001,243500
BKW,20150107,12.11,12.19,12.04,12.16,45208
BLA,20150107,2.77,2.78,2.76,2.78,13857
BLD,20150107,5.36,5.41,5.31,5.36,2863485
BLG,20150107,0.095,0.1,0.09,0.1,159117
BLK,20150107,0.075,0.09,0.075,0.09,297000
BLR,20150107,0.004,0.004,0.003,0.003,4888031
BLT,20150107,1.03,1.08,0.925,0.975,1047912
BLX,20150107,1.58,1.58,1.51,1.51,410355
BLY,20150107,0.165,0.17,0.165,0.17,1909269
BML,20150107,0.014,0.014,0.013,0.013,1186802
BMN,20150107,0.071,0.071,0.071,0.071,252632
BNO,20150107,0.435,0.435,0.43,0.435,111314
BOC,20150107,0.225,0.225,0.225,0.225,612
BOE,20150107,0.011,0.011,0.011,0.011,33000
BOK,20150107,0.27,0.28,0.27,0.27,54125
BOL,20150107,0.13,0.135,0.125,0.125,1119759
BOQ,20150107,11.87,12,11.77,11.94,1147141
BPA,20150107,5.08,5.08,5.08,5.08,1215
BPH,20150107,0.006,0.006,0.006,0.006,30000
BPS,20150107,0.75,0.75,0.74,0.74,47902
BPT,20150107,1.02,1.02,0.96,0.975,10088790
BRC,20150107,0.24,0.24,0.24,0.24,10528
BRG,20150107,6.8,6.86,6.64,6.72,126888
BRL,20150107,0.027,0.03,0.027,0.03,366876
BRU,20150107,0.4,0.405,0.38,0.4,447978
BSA,20150107,0.145,0.145,0.145,0.145,282889
BSL,20150107,5.52,5.54,5.36,5.39,2294705
BSN,20150107,0.01,0.01,0.01,0.01,33400
BSR,20150107,0.012,0.013,0.012,0.013,220136
BTC,20150107,0.086,0.087,0.086,0.087,224800
BTI,20150107,0.85,0.86,0.85,0.86,30000
BTT,20150107,6.77,6.9,6.75,6.89,108503
BUG,20150107,0.6,0.6,0.6,0.6,24229
BUL,20150107,0.028,0.03,0.027,0.03,436596
BUX,20150107,0.09,0.09,0.09,0.09,150000
BWF,20150107,0.315,0.315,0.31,0.31,9550
BWP,20150107,2.76,2.85,2.76,2.84,1421732
BXB,20150107,10.59,10.65,10.44,10.44,3822478
BXN,20150107,0.014,0.014,0.014,0.014,109710
BYE,20150107,0.41,0.41,0.37,0.37,7500
BYI,20150107,1.07,1.07,1.07,1.07,800
BYL,20150107,0.36,0.37,0.36,0.37,277527
BYR,20150107,0.02,0.02,0.019,0.02,388333
BZL,20150107,0.02,0.02,0.02,0.02,44000
CAA,20150107,0.11,0.11,0.11,0.11,20000
CAB,20150107,4.59,4.68,4.47,4.54,172419
CAD,20150107,0.009,0.009,0.008,0.008,200000
CAE,20150107,0.017,0.017,0.017,0.017,28000
CAJ,20150107,0.83,0.835,0.805,0.805,1367643
CAM,20150107,0.94,0.94,0.94,0.94,51272
CAP,20150107,0.041,0.041,0.033,0.033,67000
CAS,20150107,0.2,0.2,0.2,0.2,5000
CAT,20150107,0.6,0.6,0.6,0.6,2500
CAV,20150107,0.014,0.015,0.012,0.012,316667
CAZ,20150107,0.034,0.034,0.03,0.03,247176
CBA,20150107,85.31,85.49,84.55,85.11,2115727
CCL,20150107,9.25,9.26,9.09,9.13,1521054
CCP,20150107,10.37,10.38,10.25,10.31,28049
CCV,20150107,1.005,1.015,1,1.005,157203
CDA,20150107,0.745,0.79,0.745,0.76,63781
CDB,20150107,0.001,0.001,0.001,0.001,6444998
CDD,20150107,3.38,3.4,3.23,3.32,252279
CDG,20150107,0.043,0.045,0.043,0.044,300000
CDM,20150107,1.405,1.425,1.405,1.42,63935
CDP,20150107,6.49,6.49,6.49,6.49,153
CDU,20150107,1.58,1.655,1.55,1.655,272097
CDV,20150107,0.045,0.045,0.045,0.045,100000
CDY,20150107,0.026,0.026,0.026,0.026,200401
CFE,20150107,0.094,0.094,0.074,0.075,8866765
CFU,20150107,0.006,0.006,0.005,0.005,5862008
CGF,20150107,6.35,6.41,6.24,6.32,2195158
CGH,20150107,0.32,0.32,0.32,0.32,50000
CGL,20150107,2,2,2,2,96472
CGM,20150107,0.002,0.002,0.002,0.002,3363
CGN,20150107,0.13,0.13,0.12,0.12,15542
CGR,20150107,0.195,0.195,0.19,0.19,46414
CHC,20150107,4.51,4.58,4.49,4.54,869751
CHN,20150107,0.11,0.115,0.105,0.115,162000
CHP,20150107,0.012,0.012,0.011,0.011,130000
CHZ,20150107,0.034,0.034,0.032,0.032,326470
CIA,20150107,0.145,0.145,0.14,0.14,57500
CIN,20150107,28.4,28.4,28.4,28.4,156
CIW,20150107,0.71,0.71,0.71,0.71,7931
CJC,20150107,0.002,0.002,0.002,0.002,1000000
CKA,20150107,0.075,0.075,0.075,0.075,50000
CKF,20150107,2.23,2.24,2.23,2.23,4691
CKL,20150107,0.675,0.675,0.675,0.675,1239
CLH,20150107,2.04,2.08,2.02,2.08,96304
CLQ,20150107,0.071,0.083,0.07,0.078,8641707
CLT,20150107,0.19,0.19,0.19,0.19,7000
CLV,20150107,0.29,0.29,0.275,0.275,91040
CLZ,20150107,0.015,0.015,0.015,0.015,2323
CMA,20150107,2.12,2.12,2.12,2.12,27750
CMC,20150107,0.05,0.05,0.05,0.05,40000
CMG,20150107,0.305,0.31,0.3,0.31,169081
CMW,20150107,1.04,1.055,1.04,1.055,2665903
CMY,20150107,0.004,0.004,0.003,0.003,700000
CND,20150107,0.255,0.255,0.255,0.255,74181
CNI,20150107,0.95,0.95,0.93,0.93,55822
CNL,20150107,0.01,0.01,0.01,0.01,2979012
CNQ,20150107,0.13,0.13,0.115,0.115,120573
CNU,20150107,2.53,2.57,2.5,2.51,195623
CNX,20150107,0.044,0.045,0.043,0.045,968339
COE,20150107,0.3,0.31,0.29,0.295,69943
COF,20150107,0.285,0.285,0.285,0.285,51165
COH,20150107,78.59,78.8,77.02,78.5,176548
COI,20150107,0.11,0.11,0.11,0.11,45400
COM,20150107,0.027,0.027,0.027,0.027,100000
COO,20150107,0.12,0.12,0.12,0.12,20000
COY,20150107,0.009,0.009,0.008,0.008,280000
COZ,20150107,0.065,0.065,0.065,0.065,250000
CPD,20150107,0.011,0.011,0.011,0.011,181000
CPL,20150107,0.012,0.015,0.012,0.015,771315
CPU,20150107,11.64,11.68,11.5,11.63,973008
CQR,20150107,4.13,4.26,4.1,4.22,1420840
CRL,20150107,0.02,0.02,0.02,0.02,1510460
CRZ,20150107,10.28,10.38,10.13,10.35,407001
CSD,20150107,0.049,0.049,0.048,0.048,125000
CSE,20150107,0.22,0.22,0.2,0.21,155300
CSL,20150107,86.96,86.96,85.53,86.25,764229
CSR,20150107,3.87,3.87,3.78,3.78,1815829
CSS,20150107,0.08,0.08,0.078,0.079,882623
CSV,20150107,1.17,1.195,1.17,1.175,95058
CTD,20150107,9.94,10.36,9.92,10.34,287746
CTM,20150107,0.062,0.062,0.062,0.062,52450
CTN,20150107,1.045,1.05,1.04,1.045,125433
CTO,20150107,0.017,0.017,0.016,0.016,146760
CTP,20150107,0.093,0.095,0.092,0.093,154898
CTR,20150107,0.002,0.002,0.002,0.002,1295000
CTX,20150107,35.18,35.18,34.2,34.46,725634
CUE,20150107,0.082,0.083,0.082,0.082,68635
CUL,20150107,0.007,0.007,0.007,0.007,163250
CUP,20150107,1.16,1.16,1.145,1.16,69070
CUV,20150107,4.2,4.2,4.15,4.15,2846
CVN,20150107,0.14,0.14,0.135,0.14,1241410
CVO,20150107,1.9,1.9,1.85,1.885,1047041
CVT,20150107,0.22,0.22,0.195,0.215,1173457
CVW,20150107,0.945,0.95,0.945,0.95,27500
CWE,20150107,0.059,0.059,0.056,0.058,1019950
CWG,20150107,0.2,0.2,0.185,0.19,357205
CWN,20150107,12.35,12.35,12.11,12.17,1852109
CWP,20150107,5.74,6,5.74,6,4637
CXO,20150107,0.038,0.038,0.035,0.035,315000
CXU,20150107,0.17,0.175,0.17,0.175,65436
CXX,20150107,0.175,0.18,0.175,0.18,28000
CYG,20150107,2.48,2.48,2.4,2.4,50000
CYP,20150107,0.38,0.38,0.38,0.38,12180
CYY,20150107,0.028,0.031,0.024,0.024,6436114
CZI,20150107,0.13,0.13,0.13,0.13,48600
CZN,20150107,0.005,0.005,0.005,0.005,2642843
CZR,20150107,0.019,0.019,0.018,0.018,200000
CZZ,20150107,7.23,7.23,7.23,7.23,1500
DCG,20150107,1.565,1.565,1.37,1.38,706209
DCN,20150107,0.27,0.27,0.26,0.26,31914
DDR,20150107,1.62,1.63,1.62,1.63,7560
DDT,20150107,0.025,0.025,0.024,0.025,1256000
DEG,20150107,0.001,0.001,0.001,0.001,5600
DGR,20150107,0.032,0.032,0.031,0.031,316000
DGX,20150107,0.035,0.035,0.035,0.035,425000
DIG,20150107,0.35,0.35,0.35,0.35,1
DIV,20150107,19.67,19.67,19.67,19.67,500
DJW,20150107,4.65,4.7,4.64,4.64,32634
DKM,20150107,0.31,0.31,0.29,0.3,118708
DLS,20150107,0.765,0.765,0.735,0.745,3866497
DLX,20150107,5.77,5.83,5.72,5.77,763463
DME,20150107,0.3,0.3,0.3,0.3,5000
DML,20150107,0.016,0.016,0.016,0.016,188107
DMP,20150107,24.72,24.96,24.45,24.79,92457
DNA,20150107,0.765,0.765,0.71,0.71,584793
DOW,20150107,4.59,4.595,4.43,4.47,1225841
DRA,20150107,0.098,0.099,0.098,0.099,69000
DRM,20150107,0.485,0.505,0.48,0.48,619502
DRX,20150107,0.009,0.01,0.009,0.01,106250
DSH,20150107,2.05,2.07,2,2,431893
DSX,20150107,0.115,0.12,0.115,0.12,70000
DTI,20150107,0.315,0.315,0.315,0.315,30000
DTL,20150107,0.67,0.68,0.665,0.68,25229
DTM,20150107,0.035,0.035,0.031,0.031,230000
DUE,20150107,2.4,2.42,2.38,2.41,3061466
DUI,20150107,3.39,3.39,3.37,3.37,13105
DUO,20150107,0.006,0.006,0.005,0.005,4106834
DVA,20150107,0.39,0.395,0.37,0.395,6758
DVI,20150107,0.011,0.011,0.011,0.011,559355
DVN,20150107,0.915,0.925,0.915,0.92,79000
DWS,20150107,1.085,1.085,1.075,1.085,50358
DXS,20150107,7.17,7.22,7.11,7.21,4279353
DYE,20150107,0.235,0.235,0.22,0.22,143281
DYL,20150107,0.014,0.015,0.014,0.015,592263
E88,20150107,0.15,0.15,0.125,0.135,1413069
EAL,20150107,0.38,0.38,0.365,0.37,198026
EAS,20150107,0.61,0.61,0.61,0.61,400
EBT,20150107,4,4,4,4,3800
ECG,20150107,0.33,0.33,0.33,0.33,37500
EDE,20150107,0.011,0.011,0.011,0.011,70000
EEG,20150107,0.034,0.034,0.03,0.03,669732
EEU,20150107,14.45,14.51,14.45,14.51,3898
EGG,20150107,0.86,0.86,0.86,0.86,59858
EGH,20150107,0.31,0.31,0.31,0.31,10000
EGI,20150107,1.14,1.14,1.14,1.14,15000
EGN,20150107,0.09,0.09,0.09,0.09,65206
EGO,20150107,0.007,0.007,0.006,0.006,187628
EGP,20150107,3.8,3.84,3.71,3.77,1584059
EHE,20150107,4.74,4.79,4.66,4.79,91066
EHL,20150107,0.18,0.18,0.17,0.17,277004
ELD,20150107,2.46,2.51,2.46,2.49,272545
ELM,20150107,0.235,0.255,0.235,0.24,600909
ELT,20150107,0.01,0.01,0.01,0.01,210000
EMF,20150107,1.705,1.705,1.7,1.7,14125
EML,20150107,0.555,0.555,0.545,0.545,29620
EMU,20150107,0.032,0.032,0.032,0.032,11491
EMX,20150107,0.03,0.03,0.029,0.029,1009780
ENB,20150107,0.016,0.016,0.016,0.016,40000
ENE,20150107,5.26,5.26,5.2,5.2,93331
EOS,20150107,0.8,0.82,0.8,0.82,44150
EPD,20150107,0.64,0.65,0.635,0.65,42641
EPW,20150107,2.2,2.26,2.2,2.24,282135
EPX,20150107,1.73,1.75,1.72,1.72,31727
EQT,20150107,19,19.24,18.95,19.24,1327
EQX,20150107,0.25,0.25,0.25,0.25,1372
ERA,20150107,1.285,1.335,1.285,1.325,179082
ERJ,20150107,0.01,0.01,0.01,0.01,500000
ERM,20150107,0.027,0.029,0.026,0.029,660587
ERR,20150107,0.85,0.85,0.85,0.85,4000
ESR,20150107,0.038,0.038,0.038,0.038,62500
ESV,20150107,0.56,0.56,0.55,0.56,27000
ETE,20150107,0.025,0.025,0.025,0.025,100000
EVN,20150107,0.75,0.8,0.75,0.8,4330946
EVR,20150107,0.495,0.51,0.495,0.5,51250
EWC,20150107,0.315,0.32,0.305,0.31,168166
EXG,20150107,0.061,0.061,0.057,0.057,354136
EXU,20150107,0.002,0.002,0.002,0.002,108000
EYM,20150107,0.005,0.005,0.005,0.005,300000
EZL,20150107,1.08,1.085,1.07,1.085,32500
FAN,20150107,1.8,1.8,1.77,1.8,8078
FAR,20150107,0.082,0.082,0.077,0.08,13231864
FBU,20150107,7.82,7.82,7.68,7.72,1123385
FCR,20150107,0.006,0.006,0.006,0.006,1000
FDC,20150107,2.88,2.88,2.84,2.86,3232022
FET,20150107,1.97,1.97,1.93,1.94,75060
FGX,20150107,1.04,1.04,1.035,1.037,44800
FLK,20150107,0.21,0.21,0.21,0.21,300000
FLN,20150107,0.7,0.7,0.665,0.665,9480
FLT,20150107,33.34,33.54,33.07,33.45,870081
FMG,20150107,2.79,2.8,2.72,2.74,10620530
FML,20150107,0.008,0.008,0.007,0.008,5892081
FMS,20150107,0.018,0.019,0.018,0.019,1074342
FNP,20150107,3.31,3.34,3.26,3.28,51768
FPH,20150107,5.72,5.95,5.66,5.92,165383
FPS,20150107,1.64,1.67,1.61,1.67,14000
FRC,20150107,0.033,0.033,0.033,0.033,10000
FRI,20150107,1.365,1.365,1.365,1.365,2000
FRY,20150107,0.004,0.004,0.004,0.004,153846
FSA,20150107,1.16,1.16,1.15,1.15,29900
FSF,20150107,5.7,5.75,5.7,5.72,22949
FTE,20150107,0.003,0.003,0.003,0.003,1246000
FUN,20150107,0.044,0.044,0.041,0.041,115000
FWD,20150107,1.425,1.46,1.42,1.46,21044
FWL,20150107,0.006,0.006,0.006,0.006,120000
FXJ,20150107,0.87,0.872,0.85,0.86,3399924
FXL,20150107,2.96,2.96,2.9,2.9,494324
FXR,20150107,0.004,0.004,0.004,0.004,7070501
FZR,20150107,0.215,0.215,0.215,0.215,4500
GAP,20150107,0.22,0.22,0.215,0.22,81050
GBG,20150107,0.024,0.024,0.023,0.023,4504201
GBM,20150107,0.004,0.004,0.004,0.004,70000
GBT,20150107,3.82,3.86,3.81,3.86,12855
GBX,20150107,0.002,0.002,0.002,0.002,1
GBZ,20150107,0.018,0.02,0.018,0.02,860301
GCN,20150107,0.007,0.007,0.007,0.007,100000
GCR,20150107,0.07,0.07,0.07,0.07,9250
GCS,20150107,0.52,0.52,0.52,0.52,9424
GDI,20150107,0.875,0.875,0.87,0.87,392986
GDY,20150107,0.039,0.039,0.039,0.039,186200
GEG,20150107,1.4,1.4,1.38,1.385,22750
GEM,20150107,4.11,4.13,4.04,4.07,2180761
GER,20150107,0.08,0.08,0.08,0.08,12142
GFF,20150107,0.635,0.645,0.635,0.645,1777277
GFL,20150107,1.55,1.55,1.55,1.55,1168
GFY,20150107,3.05,3.1,3.05,3.1,7872
GGG,20150107,0.069,0.072,0.069,0.072,168076
GHC,20150107,1.51,1.51,1.51,1.51,25723
GID,20150107,0.22,0.23,0.22,0.23,87161
GIP,20150107,0.002,0.002,0.002,0.002,6000000
GJT,20150107,1.68,1.68,1.675,1.68,31591
GLH,20150107,0.28,0.28,0.275,0.28,60071
GLL,20150107,0.13,0.13,0.13,0.13,45000
GMA,20150107,3.41,3.43,3.35,3.4,458709
GMF,20150107,1.97,1.97,1.96,1.96,171296
GMG,20150107,5.72,5.81,5.71,5.78,4432271
GMN,20150107,0.029,0.029,0.028,0.029,235335
GMR,20150107,0.005,0.006,0.005,0.006,258253
GMX,20150107,0.02,0.02,0.02,0.02,200000
GNC,20150107,8.22,8.45,8.22,8.42,360219
GNE,20150107,2.1,2.1,2.1,2.1,302921
GOLD,20150107,144.22,144.65,143.95,144.08,2328
GOR,20150107,0.28,0.285,0.27,0.275,1706831
GOZ,20150107,2.755,2.83,2.74,2.83,133889
GPG,20150107,0.42,0.435,0.42,0.435,58544
GPR,20150107,0.052,0.052,0.052,0.052,7300
GPT,20150107,4.38,4.425,4.36,4.38,4668989
GRB,20150107,0.16,0.16,0.155,0.155,384673
GRR,20150107,0.12,0.12,0.115,0.115,301860
GRY,20150107,0.071,0.072,0.069,0.072,602580
GSE,20150107,0.002,0.002,0.002,0.002,1000000
GTE,20150107,0.025,0.026,0.025,0.026,55700
GTG,20150107,0.016,0.016,0.016,0.016,1364671
GTK,20150107,2.03,2.03,2.03,2.03,800000
GUD,20150107,7.38,7.44,7.3,7.42,127715
GUF,20150107,0.035,0.035,0.035,0.035,308517
GUL,20150107,0.016,0.016,0.016,0.016,16000
GVF,20150107,1.045,1.05,1.045,1.05,77567
GWA,20150107,2.81,2.82,2.73,2.77,590602
GWR,20150107,0.06,0.06,0.05,0.05,185000
GXL,20150107,7.81,7.87,7.69,7.84,273661
GXY,20150107,0.028,0.03,0.028,0.03,585398
HAR,20150107,0.012,0.013,0.012,0.013,418185
HAV,20150107,0.145,0.15,0.145,0.145,208580
HCH,20150107,0.155,0.16,0.155,0.16,99500
HCT,20150107,0.025,0.025,0.025,0.025,42000
HDG,20150107,0.011,0.011,0.011,0.011,4000
HEG,20150107,0.004,0.004,0.004,0.004,45000
HFA,20150107,1.52,1.52,1.5,1.505,33638
HFR,20150107,0.7,0.7,0.67,0.7,242500
HGG,20150107,3.89,3.93,3.86,3.91,1781236
HGO,20150107,0.43,0.43,0.4,0.415,32779
HHL,20150107,1.91,1.95,1.91,1.95,16059
HHV,20150107,1.265,1.29,1.255,1.285,119815
HHY,20150107,0.175,0.175,0.17,0.17,650000
HIG,20150107,0.059,0.059,0.059,0.059,46110
HIL,20150107,1.16,1.19,1.16,1.165,130759
HLX,20150107,0.027,0.027,0.027,0.027,50000
HPI,20150107,2.56,2.57,2.51,2.51,61411
HPR,20150107,0.11,0.11,0.11,0.11,11300
HRL,20150107,0.006,0.006,0.006,0.006,2139508
HSK,20150107,0.086,0.086,0.086,0.086,15500
HSN,20150107,1.81,1.81,1.755,1.765,137858
HSO,20150107,2.63,2.69,2.605,2.65,5295215
HTA,20150107,0.061,0.065,0.061,0.065,142867
HUB,20150107,0.92,0.92,0.88,0.89,11841
HUO,20150107,4.84,4.84,4.84,4.84,500
HVN,20150107,3.31,3.37,3.3,3.33,1605278
HZN,20150107,0.16,0.16,0.15,0.15,2649284
IAA,20150107,57.21,57.52,56.75,57.52,9345
IAF,20150107,107.2,107.2,106.83,106.99,1767
IAG,20150107,6.21,6.26,6.17,6.21,4392540
IAU,20150107,0.13,0.132,0.13,0.13,1096100
IBG,20150107,0.087,0.09,0.085,0.085,160633
ICG,20150107,0.015,0.016,0.015,0.016,38590
ICN,20150107,0.105,0.105,0.105,0.105,58364
ICQ,20150107,1.01,1.02,0.972,1.02,85217
ICU,20150107,0.215,0.215,0.215,0.215,9000
IDC,20150107,0.012,0.012,0.011,0.012,1255923
IDO,20150107,0.02,0.02,0.02,0.02,37500
IDR,20150107,1.985,2.02,1.985,1.995,107288
IDT,20150107,0.155,0.155,0.155,0.155,228000
IDZ,20150107,0.47,0.47,0.47,0.47,10401
IEM,20150107,47.18,47.65,46.98,47.63,13015
IEU,20150107,50.69,50.69,50.2,50.44,8941
IFL,20150107,8.76,8.83,8.72,8.78,776895
IFM,20150107,0.96,0.96,0.87,0.94,6642098
IFN,20150107,0.235,0.24,0.225,0.23,985419
IGB,20150107,106.73,107.04,106.67,106.67,512
IGO,20150107,4.44,4.47,4.34,4.39,647621
IHD,20150107,14.45,14.49,14.38,14.47,13866
IHK,20150107,25.08,25.08,25.08,25.08,900
IIL,20150107,0.19,0.19,0.19,0.19,5367
IIN,20150107,7.59,7.62,7.5,7.6,314222
IJH,20150107,175.42,175.73,175.42,175.55,3066
IJP,20150107,13.6,13.79,13.6,13.76,17591
IJR,20150107,136.4,136.61,136.4,136.61,1080
IKO,20150107,66.46,67.28,66.46,67.28,374
ILB,20150107,114.53,114.61,114.3,114.3,4272
ILC,20150107,23.8,24.21,23.8,24.19,14217
ILU,20150107,5.95,6.01,5.86,5.94,1119492
IMA,20150107,0.088,0.088,0.088,0.088,17000
IMC,20150107,0.175,0.175,0.175,0.175,1185
IMD,20150107,0.48,0.48,0.45,0.45,33876
IMF,20150107,2.09,2.12,2.08,2.11,80312
IMU,20150107,0.011,0.011,0.01,0.01,1385545
INA,20150107,0.435,0.45,0.435,0.445,439004
IND,20150107,0.013,0.013,0.013,0.013,6251
IOF,20150107,3.63,3.71,3.615,3.7,1976320
IOG,20150107,0.034,0.034,0.034,0.034,157750
IOO,20150107,91.62,91.62,91.1,91.51,9820
IOZ,20150107,23.04,23.15,22.34,23.07,115308
IPB,20150107,0.022,0.027,0.021,0.027,284471
IPD,20150107,0.85,0.855,0.79,0.81,396850
IPE,20150107,0.305,0.31,0.305,0.31,40325
IPH,20150107,3.52,3.6,3.51,3.56,189989
IPL,20150107,3.4,3.51,3.38,3.43,9191774
IPP,20150107,2.74,2.74,2.61,2.71,105546
IPT,20150107,0.026,0.026,0.026,0.026,389230
IRD,20150107,0.15,0.15,0.15,0.15,47000
IRE,20150107,10.35,10.52,10.29,10.47,363252
IRI,20150107,0.95,0.96,0.925,0.93,49422
IRM,20150107,0.014,0.014,0.014,0.014,14700
IRN,20150107,0.3,0.3,0.295,0.295,6060725
IRU,20150107,142.86,143.59,142.86,143.59,271
ISD,20150107,2.7,2.7,2.62,2.65,564442
ISG,20150107,15.55,15.68,15.55,15.68,2469
ISN,20150107,0.068,0.068,0.068,0.068,20000
ISO,20150107,3.66,3.67,3.64,3.67,16405
ISU,20150107,1.2,1.25,1.17,1.24,64877
ITW,20150107,18.33,18.33,18.03,18.06,7022
IVC,20150107,11.9,12.01,11.84,11.97,179585
IVE,20150107,72.67,72.92,72.44,72.55,8892
IVR,20150107,0.018,0.018,0.017,0.018,212467
IVV,20150107,250.03,250.31,249.1,250.14,22364
IVX,20150107,0.045,0.046,0.044,0.044,386379
IWG,20150107,0.16,0.16,0.16,0.16,747188
IXI,20150107,108.98,109.08,108.6,108.92,1866
IXJ,20150107,123,123.02,122.52,122.82,1770
IXP,20150107,73.19,73.19,73.19,73.19,4
IXR,20150107,0.012,0.012,0.011,0.012,418000
IZZ,20150107,50.95,52.01,50.82,52,21901
JBH,20150107,15.7,15.85,15.67,15.75,686415
JCS,20150107,0.013,0.013,0.013,0.013,147404
JHC,20150107,2,2.01,1.97,1.975,525282
JHX,20150107,13.03,13.11,12.95,13.04,1317809
JIN,20150107,0.975,0.975,0.975,0.975,10000
JRV,20150107,0.065,0.065,0.065,0.065,1500
JVG,20150107,0.002,0.002,0.002,0.002,600000
JYC,20150107,0.675,0.675,0.66,0.66,9084
KAM,20150107,0.55,0.55,0.54,0.55,20300
KAR,20150107,2.62,2.62,2.48,2.52,1276086
KAS,20150107,0.051,0.052,0.05,0.05,222806
KAT,20150107,0.94,0.94,0.94,0.94,5300
KBC,20150107,0.185,0.195,0.185,0.195,174198
KBL,20150107,0.032,0.032,0.03,0.03,54226
KCN,20150107,0.765,0.785,0.76,0.775,906345
KDL,20150107,0.105,0.115,0.105,0.115,86200
KDR,20150107,0.06,0.061,0.06,0.061,32270
KFE,20150107,0.029,0.029,0.029,0.029,20230
KGL,20150107,0.18,0.18,0.175,0.175,75000
KIS,20150107,0.135,0.135,0.135,0.135,30000
KKL,20150107,0.009,0.009,0.009,0.009,7398
KMD,20150107,1.96,1.96,1.915,1.93,311470
KME,20150107,0.29,0.29,0.29,0.29,3551
KNL,20150107,0.175,0.175,0.17,0.175,316977
KOR,20150107,0.021,0.021,0.021,0.021,8000
KOV,20150107,4.9,4.9,4.82,4.82,10000
KPC,20150107,0.25,0.25,0.25,0.25,175000
KRM,20150107,0.3,0.315,0.28,0.3,205086
KRS,20150107,0.23,0.24,0.23,0.24,30000
KSC,20150107,1.225,1.3,1.225,1.3,8292
KSN,20150107,0.02,0.02,0.02,0.02,200000
KTE,20150107,0.016,0.016,0.015,0.015,441200
LAA,20150107,0.245,0.245,0.245,0.245,6253
LAU,20150107,0.41,0.455,0.41,0.455,136914
LBT,20150107,0.13,0.13,0.13,0.13,15384
LCD,20150107,0.012,0.012,0.012,0.012,60444
LCM,20150107,0.815,0.82,0.777,0.78,67411
LCT,20150107,0.065,0.069,0.065,0.069,60000
LEG,20150107,0.007,0.007,0.007,0.007,130000
LEI,20150107,21.78,21.84,21.26,21.35,713637
LEP,20150107,3.33,3.37,3.31,3.33,18906
LGD,20150107,0.235,0.235,0.235,0.235,10376
LGO,20150107,0.002,0.002,0.002,0.002,100000
LHB,20150107,0.165,0.165,0.16,0.165,8000
LHC,20150107,2.05,2.12,2.05,2.05,14492
LIC,20150107,1.885,1.94,1.885,1.885,19695
LIN,20150107,0.005,0.005,0.005,0.005,175000
LLC,20150107,16.41,16.47,16.15,16.29,1970492
LMB,20150107,0.155,0.175,0.155,0.175,68000
LMG,20150107,0.015,0.015,0.015,0.015,35000
LML,20150107,0.055,0.055,0.053,0.053,302846
LMW,20150107,0.48,0.48,0.48,0.48,13500
LNG,20150107,2.13,2.19,2.02,2.07,3916843
LNR,20150107,0.21,0.22,0.19,0.195,1200696
LNY,20150107,0.005,0.007,0.005,0.006,4255650
LOM,20150107,0.335,0.335,0.325,0.33,64335
LOV,20150107,2.31,2.45,2.3,2.43,696947
LRS,20150107,0.024,0.028,0.024,0.028,414741
LSR,20150107,0.01,0.01,0.009,0.009,600000
LSX,20150107,0.26,0.26,0.26,0.26,2265
LTN,20150107,0.081,0.081,0.081,0.081,18000
LYC,20150107,0.061,0.066,0.061,0.062,17453103
MAD,20150107,0.145,0.15,0.145,0.15,165767
MAH,20150107,0.072,0.075,0.072,0.075,407398
MAK,20150107,0.071,0.071,0.067,0.067,90000
MAR,20150107,0.007,0.007,0.007,0.007,402000
MAT,20150107,0.165,0.165,0.165,0.165,20000
MAU,20150107,0.08,0.08,0.08,0.08,15555
MBE,20150107,0.185,0.19,0.17,0.185,1991333
MBK,20150107,0.004,0.005,0.004,0.005,636111
MCE,20150107,0.67,0.67,0.665,0.665,19000
MCP,20150107,1.21,1.21,1.195,1.2,35368
MCR,20150107,0.57,0.57,0.56,0.56,437691
MCS,20150107,0.29,0.3,0.27,0.285,562861
MCX,20150107,0.14,0.14,0.14,0.14,1267
MDG,20150107,0.13,0.13,0.13,0.13,200
MDL,20150107,0.795,0.925,0.745,0.88,94239
MEB,20150107,0.004,0.004,0.004,0.004,1750000
MED,20150107,0.059,0.063,0.059,0.062,25500
MEL,20150107,0.045,0.045,0.042,0.042,75000
MEO,20150107,0.018,0.019,0.018,0.019,490008
MEP,20150107,0.14,0.14,0.14,0.14,20000
MFF,20150107,1.9,1.9,1.85,1.86,239602
MFG,20150107,16.59,16.82,16.41,16.7,521533
MGL,20150107,0.02,0.02,0.02,0.02,84
MGR,20150107,1.815,1.845,1.807,1.835,10146210
MGX,20150107,0.275,0.29,0.275,0.275,8842717
MGY,20150107,0.025,0.025,0.025,0.025,100000
MGZ,20150107,0.033,0.033,0.033,0.033,120600
MHM,20150107,0.015,0.015,0.015,0.015,20000
MIG,20150107,0.89,0.93,0.86,0.93,174570
MIN,20150107,7.95,8,7.73,7.81,1174128
MIR,20150107,2.56,2.57,2.53,2.57,40489
MIZ,20150107,0.003,0.003,0.003,0.003,3856199
MKB,20150107,0.165,0.165,0.155,0.165,88300
MKO,20150107,0.03,0.03,0.03,0.03,868100
MLB,20150107,1.435,1.46,1.435,1.45,26661
MLD,20150107,0.85,0.94,0.842,0.89,618594
MLM,20150107,0.056,0.056,0.056,0.056,20000
MLS,20150107,0.004,0.004,0.004,0.004,325000
MLT,20150107,4.49,4.49,4.43,4.48,34605
MLX,20150107,0.83,0.835,0.8,0.81,165483
MMC,20150107,0.01,0.01,0.01,0.01,151373
MMI,20150107,0.03,0.03,0.03,0.03,90000
MML,20150107,0.8,0.8,0.75,0.765,1224932
MMS,20150107,10.16,10.33,10.01,10.28,133848
MNC,20150107,0.008,0.009,0.008,0.009,855000
MND,20150107,9.25,9.26,8.89,8.96,667633
MNE,20150107,0.015,0.015,0.015,0.015,531790
MNF,20150107,3.6,3.6,3.44,3.44,66889
MNM,20150107,0.014,0.014,0.014,0.014,50000
MNS,20150107,0.235,0.24,0.225,0.225,897751
MNW,20150107,0.069,0.069,0.068,0.068,124667
MNY,20150107,1.54,1.545,1.53,1.53,46194
MOC,20150107,2.5,2.6,2.45,2.6,32971
MOQ,20150107,0.044,0.045,0.044,0.045,101000
MOT,20150107,0.001,0.001,0.001,0.001,4205000
MOU,20150107,0.003,0.004,0.003,0.004,3100000
MOX,20150107,0.012,0.012,0.012,0.012,252500
MOY,20150107,0.037,0.038,0.037,0.038,906628
MPJ,20150107,0.006,0.006,0.006,0.006,2950000
MPL,20150107,2.35,2.39,2.34,2.39,11495419
MPO,20150107,0.165,0.165,0.16,0.16,18930
MPX,20150107,0.22,0.22,0.22,0.22,4533
MQA,20150107,3.1,3.15,3.05,3.13,1033576
MQG,20150107,56.78,57.52,55.98,57.42,970874
MRM,20150107,1.175,1.185,1.155,1.16,1628156
MRN,20150107,1.3,1.3,1.3,1.3,2272
MRQ,20150107,0.09,0.09,0.09,0.09,27000
MRV,20150107,0.004,0.005,0.004,0.005,394222
MRY,20150107,0.02,0.029,0.02,0.027,3502100
MSB,20150107,4.17,4.23,4.115,4.14,254554
MSP,20150107,0.06,0.06,0.06,0.06,39000
MSR,20150107,0.015,0.015,0.013,0.013,540593
MSV,20150107,0.03,0.03,0.03,0.03,32668
MTH,20150107,0.007,0.007,0.007,0.007,300000
MTN,20150107,0.026,0.032,0.026,0.032,204738
MTR,20150107,2.71,2.75,2.71,2.75,124751
MTS,20150107,1.64,1.645,1.615,1.63,19905083
MTU,20150107,7.94,8,7.87,7.97,384139
MUE,20150107,0.04,0.04,0.04,0.04,15000
MVA,20150107,17.44,17.54,17.44,17.54,407
MVB,20150107,26.04,26.07,26.04,26.07,160
MVF,20150107,1.39,1.4,1.385,1.395,136166
MVP,20150107,1.45,1.51,1.45,1.46,43625
MVT,20150107,0.125,0.125,0.125,0.125,8990
MVW,20150107,20.77,20.9,20.75,20.88,25768
MWR,20150107,1.11,1.14,1.06,1.14,40315
MWS,20150107,0.004,0.004,0.004,0.004,907521
MXI,20150107,0.6,0.6,0.59,0.6,100941
MYE,20150107,0.26,0.26,0.26,0.26,589409
MYG,20150107,0.048,0.049,0.048,0.049,1047538
MYR,20150107,1.375,1.385,1.35,1.365,4392260
MYS,20150107,4.9,4.9,4.85,4.89,37732
MYT,20150107,3.03,3.03,3,3,17497
MYX,20150107,0.69,0.69,0.66,0.68,532896
MZI,20150107,0.3,0.35,0.3,0.325,271735
MZM,20150107,0.19,0.19,0.19,0.19,5000
NAB,20150107,33.06,33.59,32.87,33.42,5493291
NAC,20150107,0.99,0.99,0.99,0.99,4459
NAN,20150107,1.36,1.365,1.34,1.35,237049
NBL,20150107,0.53,0.53,0.53,0.53,1000
NCC,20150107,1.035,1.055,1.015,1.055,155063
NCM,20150107,11.95,11.95,11.64,11.69,3689652
NCR,20150107,0.01,0.01,0.01,0.01,90000
NDO,20150107,0.03,0.03,0.03,0.03,245931
NEA,20150107,0.675,0.675,0.61,0.63,1474698
NEC,20150107,1.83,1.83,1.705,1.82,1907644
NEN,20150107,0.032,0.034,0.031,0.034,3732799
NEU,20150107,0.15,0.16,0.145,0.155,3954901
NGF,20150107,0.135,0.135,0.13,0.135,138858
NHC,20150107,2.52,2.57,2.48,2.51,138190
NHF,20150107,3.17,3.18,3.13,3.15,273558
NHH,20150107,0.88,0.88,0.88,0.88,7631
NKP,20150107,0.072,0.073,0.071,0.073,227400
NML,20150107,0.023,0.023,0.021,0.021,35500
NMS,20150107,1.17,1.17,1.17,1.17,18509
NMT,20150107,0.036,0.036,0.031,0.031,1591017
NNW,20150107,0.39,0.39,0.39,0.39,4000
NRT,20150107,0.105,0.11,0.1,0.105,616577
NSE,20150107,0.039,0.039,0.037,0.038,67800
NSL,20150107,0.004,0.004,0.004,0.004,9734
NSP,20150107,0.041,0.042,0.041,0.042,275000
NSR,20150107,1.45,1.46,1.44,1.445,88603
NST,20150107,1.715,1.762,1.7,1.71,6992089
NTC,20150107,0.47,0.47,0.43,0.43,292746
NTL,20150107,0.01,0.01,0.01,0.01,200000
NTM,20150107,0.021,0.021,0.021,0.021,30000
NTU,20150107,0.24,0.25,0.24,0.25,15000
NUF,20150107,4.85,4.96,4.85,4.94,932976
NVN,20150107,2.12,2.16,2.11,2.15,5719311
NVT,20150107,4.96,5.07,4.95,5.04,323024
NWE,20150107,0.006,0.006,0.005,0.006,2604726
NWF,20150107,0.55,0.57,0.55,0.57,20000
NWH,20150107,0.37,0.37,0.355,0.36,1181992
NWS,20150107,17.98,18.04,17.84,18.02,58542
NWT,20150107,0.17,0.17,0.165,0.165,106357
NXR,20150107,0.057,0.058,0.053,0.056,1006837
NXT,20150107,1.9,1.915,1.86,1.875,238113
NZO,20150107,0.605,0.605,0.605,0.605,5000
OBJ,20150107,0.096,0.102,0.095,0.1,8042829
OBL,20150107,0.005,0.005,0.005,0.005,458474
OCC,20150107,0.42,0.43,0.41,0.425,76492
OCL,20150107,1.41,1.41,1.41,1.41,10000
OCP,20150107,1.385,1.385,1.38,1.38,20000
OEL,20150107,0.095,0.098,0.094,0.094,2109249
OEX,20150107,0.047,0.047,0.046,0.046,154000
OFX,20150107,2.85,2.865,2.81,2.81,563864
OGC,20150107,2.41,2.44,2.41,2.41,903916
OGH,20150107,0.1,0.1,0.1,0.1,52000
OGI,20150107,0.003,0.004,0.003,0.004,3438056
OGY,20150107,0.008,0.008,0.008,0.008,270000
OIL,20150107,0.054,0.054,0.052,0.054,359274
OKJ,20150107,0.041,0.041,0.041,0.041,100000
OML,20150107,1.935,1.935,1.9,1.93,37827
ONC,20150107,0.255,0.255,0.255,0.255,24298
ONT,20150107,6.29,6.29,6.2,6.2,361
OOO,20150107,27.49,27.49,25.9,25.9,48361
OPG,20150107,0.47,0.52,0.47,0.52,39234
ORA,20150107,1.91,2,1.91,1.95,3237113
ORE,20150107,2.82,2.94,2.81,2.94,243668
ORG,20150107,11.12,11.19,11,11.12,2619156
ORH,20150107,0.002,0.002,0.002,0.002,400000
ORI,20150107,18.48,18.81,18.145,18.43,2499842
OSH,20150107,7.14,7.26,7.07,7.2,5128438
OSL,20150107,0.084,0.084,0.08,0.08,520082
OSP,20150107,0.52,0.52,0.52,0.52,46061
OTC,20150107,0.165,0.17,0.165,0.17,80000
OTH,20150107,0.62,0.62,0.58,0.61,71928
OVH,20150107,0.28,0.28,0.28,0.28,1962
OVR,20150107,0.008,0.009,0.008,0.009,302921
OZF,20150107,20.8,20.84,20.8,20.84,2831
OZL,20150107,3.51,3.58,3.51,3.55,1076084
OZR,20150107,8.02,8.02,8.02,8.02,1267
PAA,20150107,0.008,0.008,0.008,0.008,75000
PAF,20150107,0.98,0.98,0.975,0.975,13000
PAN,20150107,0.415,0.42,0.4,0.405,317156
PBD,20150107,0.019,0.02,0.019,0.02,2000000
PBG,20150107,0.53,0.535,0.5,0.515,2000851
PBT,20150107,0.195,0.205,0.19,0.195,72097
PCL,20150107,0.021,0.023,0.02,0.023,863453
PDN,20150107,0.37,0.39,0.37,0.385,6060006
PDZ,20150107,0.27,0.27,0.27,0.27,62830
PEA,20150107,0.43,0.44,0.43,0.44,29400
PEH,20150107,0.1,0.1,0.1,0.1,66500
PEK,20150107,0.07,0.071,0.07,0.071,44963
PEN,20150107,0.019,0.019,0.018,0.019,2610995
PFG,20150107,0.1,0.115,0.1,0.1,472691
PFL,20150107,1.27,1.27,1.26,1.26,2003
PGC,20150107,0.375,0.38,0.37,0.37,50414
PGF,20150107,1.06,1.095,1.06,1.095,136000
PGH,20150107,4.28,4.32,4.17,4.27,635832
PGI,20150107,0.017,0.017,0.017,0.017,393314
PGM,20150107,0.08,0.08,0.08,0.08,158080
PGR,20150107,0.7,0.705,0.7,0.7,374480
PHG,20150107,0.42,0.42,0.42,0.42,5000
PHI,20150107,5.6,5.6,5.6,5.6,1500
PHW,20150107,0.002,0.002,0.002,0.002,320000
PIC,20150107,0.98,0.98,0.975,0.98,344116
PIO,20150107,0.017,0.018,0.017,0.018,1534172
PLD,20150107,0.005,0.005,0.005,0.005,189950
PLS,20150107,0.045,0.048,0.045,0.048,2900554
PMC,20150107,1.82,1.845,1.82,1.83,167678
PME,20150107,1.12,1.12,1.12,1.12,12332
PMP,20150107,0.42,0.42,0.42,0.42,4969
PMV,20150107,9.7,9.74,9.56,9.7,252355
PNA,20150107,1.44,1.465,1.41,1.455,1650476
PNC,20150107,1.895,1.91,1.875,1.9,54707
PNX,20150107,0.03,0.03,0.029,0.029,168320
POH,20150107,0.078,0.078,0.077,0.077,32635
POK,20150107,0.023,0.023,0.023,0.023,30000
POS,20150107,0.11,0.115,0.11,0.115,1627608
POZ,20150107,0.021,0.021,0.021,0.021,119047
PPC,20150107,1.04,1.04,1.015,1.02,364834
PPP,20150107,0.042,0.042,0.04,0.04,269315
PPS,20150107,0.225,0.245,0.225,0.24,1150701
PPT,20150107,45.1,45.57,44.75,45.52,148093
PPX,20150107,0.039,0.041,0.039,0.04,537739
PRA,20150107,0.007,0.007,0.007,0.007,500000
PRG,20150107,2.43,2.46,2.39,2.42,73612
PRL,20150107,0.063,0.063,0.056,0.06,110000
PRR,20150107,0.033,0.033,0.032,0.032,947905
PRT,20150107,0.865,0.9,0.84,0.895,205447
PRU,20150107,0.29,0.3,0.28,0.28,2902740
PRY,20150107,4.61,4.71,4.61,4.68,1723449
PSA,20150107,0.1,0.1,0.09,0.09,100000
PSF,20150107,0.008,0.008,0.008,0.008,350000
PSY,20150107,0.285,0.32,0.28,0.3,1239685
PSZ,20150107,0.75,0.75,0.75,0.75,5000
PTL,20150107,0.505,0.505,0.5,0.5,10467
PTM,20150107,7.03,7.12,6.98,7.06,772215
PTR,20150107,0.004,0.004,0.004,0.004,4000
PTX,20150107,0.11,0.11,0.11,0.11,87501
PVA,20150107,4.95,4.95,4.95,4.95,1170
PVD,20150107,0.395,0.395,0.36,0.365,683197
PWN,20150107,0.042,0.042,0.042,0.042,30578
PXG,20150107,0.1,0.105,0.1,0.1,658749
PXS,20150107,0.14,0.14,0.12,0.13,2003368
PYC,20150107,0.021,0.022,0.02,0.022,1677500
PYM,20150107,0.008,0.008,0.008,0.008,450500
QAG,20150107,9.38,9.38,9.38,9.38,4000
QAN,20150107,2.64,2.64,2.54,2.56,10932943
QAU,20150107,12.75,12.82,12.75,12.82,753
QBE,20150107,11,11,10.84,10.92,3868958
QBL,20150107,0.02,0.021,0.019,0.02,1260627
QCB,20150107,12.14,12.14,12.14,12.14,2600
QFN,20150107,11.28,11.28,11.28,11.28,175
QHL,20150107,0.235,0.235,0.23,0.235,445100
QOZ,20150107,12.05,12.25,12.05,12.24,7367
QRE,20150107,4.43,4.45,4.43,4.45,1400
QUB,20150107,2.36,2.38,2.33,2.34,1091037
QUR,20150107,0.002,0.002,0.002,0.002,6620000
QUS,20150107,25.4,25.41,25.4,25.41,340
QVE,20150107,1.05,1.055,1.03,1.055,119182
RCB,20150107,20.43,20.43,20.32,20.32,3374
RCG,20150107,0.695,0.7,0.69,0.695,139797
RCO,20150107,0.22,0.22,0.22,0.22,19933
RCR,20150107,2.38,2.45,2.37,2.38,96782
RCT,20150107,3.02,3.03,3.02,3.02,77117
RCU,20150107,0.105,0.105,0.105,0.105,2000
RDS,20150107,0.043,0.045,0.039,0.039,146667
RDV,20150107,29.2,29.2,28.92,29.13,8069
REA,20150107,44.81,45.31,44.52,45.21,227559
REC,20150107,6.93,7.1,6.89,7.08,1194711
RED,20150107,0.093,0.095,0.09,0.092,1340116
REF,20150107,0.13,0.13,0.13,0.13,36000
REG,20150107,4.15,4.18,4.14,4.15,524289
REH,20150107,32.8,32.8,32.8,32.8,24
RER,20150107,0.042,0.042,0.04,0.04,48432
RES,20150107,0.12,0.12,0.115,0.12,87561
REX,20150107,1.04,1.045,1.035,1.045,37680
RFF,20150107,1.06,1.06,1.06,1.06,73790
RFG,20150107,5.61,5.69,5.6,5.62,184380
RFL,20150107,0.2,0.2,0.2,0.2,30000
RFX,20150107,0.29,0.3,0.29,0.3,41055
RGB,20150107,21.61,21.61,21.61,21.61,1669
RGP,20150107,0.067,0.067,0.067,0.067,7500
RGS,20150107,0.16,0.16,0.155,0.155,22500
RHC,20150107,57.57,58.32,56.89,57.01,384810
RHL,20150107,3.56,3.56,3.55,3.55,1900
RHP,20150107,1,1.02,1,1,42938
RHT,20150107,0.042,0.042,0.04,0.04,45000
RIC,20150107,0.95,0.97,0.95,0.96,245238
RIE,20150107,0.008,0.008,0.008,0.008,33616
RIO,20150107,57.25,57.61,56.85,57.29,1813203
RIS,20150107,0.105,0.11,0.105,0.11,5500
RKN,20150107,1.84,1.85,1.82,1.85,532245
RLE,20150107,0.185,0.185,0.18,0.18,88900
RMD,20150107,6.97,6.99,6.94,6.97,2422720
RMG,20150107,0.04,0.04,0.04,0.04,258530
RMI,20150107,0.003,0.003,0.003,0.003,34680
RMP,20150107,0.033,0.033,0.033,0.033,20000
RMR,20150107,0.005,0.005,0.005,0.005,550000
RMS,20150107,0.072,0.083,0.072,0.077,28833433
RMX,20150107,0.004,0.004,0.004,0.004,600000
RND,20150107,0.79,0.83,0.79,0.79,30000
RNI,20150107,0.073,0.075,0.07,0.075,315334
RNO,20150107,0.026,0.026,0.025,0.025,597510
RNY,20150107,0.325,0.325,0.325,0.325,440000
ROY,20150107,0.026,0.026,0.026,0.026,297916
RQL,20150107,0.26,0.26,0.26,0.26,12091549
RRL,20150107,1.995,2.04,1.98,2.04,5212537
RSG,20150107,0.315,0.325,0.305,0.305,8538512
RSL,20150107,0.003,0.003,0.003,0.003,5883
RSM,20150107,20.73,20.83,20.69,20.79,1114
RTA,20150107,0.21,0.21,0.17,0.195,319002
RTD,20150107,0.003,0.003,0.003,0.003,345833
RTG,20150107,0.7,0.71,0.7,0.7,21472
RTR,20150107,0.029,0.029,0.029,0.029,324000
RUM,20150107,0.059,0.066,0.059,0.066,239209
RVA,20150107,0.4,0.4,0.4,0.4,1500
RVR,20150107,0.15,0.15,0.15,0.15,13400
RVY,20150107,0.037,0.037,0.037,0.037,100000
RWH,20150107,2.72,2.72,2.62,2.7,7355
RXH,20150107,0.215,0.215,0.21,0.21,75304
RXL,20150107,0.03,0.03,0.029,0.029,184876
RXM,20150107,0.096,0.105,0.096,0.105,365792
RXP,20150107,0.35,0.35,0.33,0.345,170230
SAI,20150107,3.86,3.91,3.81,3.9,349369
SAR,20150107,0.295,0.295,0.28,0.28,5851660
SAU,20150107,0.009,0.009,0.008,0.008,871634
SBB,20150107,0.066,0.066,0.066,0.066,101125
SBM,20150107,0.135,0.145,0.125,0.13,4899093
SBN,20150107,0.009,0.009,0.009,0.009,500000
SBU,20150107,0.053,0.053,0.053,0.053,170000
SCG,20150107,3.51,3.58,3.49,3.58,12713721
SCI,20150107,0.028,0.028,0.027,0.027,295000
SCP,20150107,1.86,1.885,1.855,1.87,3290752
SDF,20150107,1.5,1.515,1.475,1.495,279912
SDG,20150107,1.71,1.71,1.695,1.71,35363
SDI,20150107,0.61,0.615,0.61,0.615,31806
SDL,20150107,0.029,0.033,0.029,0.032,47515481
SEA,20150107,0.45,0.49,0.45,0.47,2376996
SEG,20150107,0.005,0.005,0.005,0.005,6437516
SEH,20150107,0.18,0.185,0.175,0.185,547142
SEK,20150107,17.23,17.38,17.14,17.3,585410
SEN,20150107,0.051,0.055,0.051,0.055,365000
SFC,20150107,5.47,5.55,5.47,5.55,5300
SFH,20150107,0.71,0.71,0.71,0.71,2285
SFR,20150107,4.58,4.65,4.51,4.6,673898
SFX,20150107,0.76,0.79,0.75,0.79,18000
SFY,20150107,51.74,52.08,51.69,52.02,15657
SFZ,20150107,0.009,0.009,0.008,0.008,169000
SGF,20150107,2.11,2.15,2.05,2.15,37849
SGH,20150107,6.35,6.43,6.3,6.35,439475
SGM,20150107,11.44,11.54,11.34,11.47,1553025
SGN,20150107,0.95,0.955,0.93,0.94,1375371
SGP,20150107,4.14,4.16,4.11,4.13,4185531
SGQ,20150107,0.07,0.07,0.07,0.07,73210
SGT,20150107,3.55,3.61,3.52,3.58,435213
SHE,20150107,0.005,0.005,0.005,0.005,1465000
SHJ,20150107,3,3.01,2.96,2.97,27437
SHL,20150107,18.35,18.65,18.31,18.53,783027
SHP,20150107,0.014,0.014,0.014,0.014,20000
SHV,20150107,6.52,6.52,6.23,6.32,80946
SIO,20150107,1.59,1.6,1.56,1.56,315705
SIP,20150107,0.755,0.77,0.755,0.765,1296201
SIQ,20150107,1.43,1.48,1.43,1.46,5672
SIR,20150107,2.51,2.54,2.49,2.51,454907
SIV,20150107,6.2,6.2,6.06,6.17,9869
SKC,20150107,3.65,3.7,3.65,3.69,762131
SKE,20150107,1.59,1.6,1.51,1.565,970677
SKF,20150107,0.195,0.195,0.19,0.195,48000
SKI,20150107,2.1,2.12,2.09,2.11,1911935
SKT,20150107,5.51,5.64,5.49,5.6,327439
SLF,20150107,11,11.14,11,11.09,53797
SLK,20150107,1.96,1.97,1.95,1.95,22531
SLM,20150107,1.16,1.18,1.15,1.15,24781
SLR,20150107,0.245,0.26,0.245,0.245,7649299
SLX,20150107,0.55,0.56,0.535,0.54,43001
SMA,20150107,0.01,0.01,0.01,0.01,500000
SMD,20150107,0.029,0.029,0.029,0.029,2500
SMI,20150107,0.027,0.027,0.027,0.027,1048
SMN,20150107,0.415,0.43,0.375,0.41,125107
SMP,20150107,0.18,0.18,0.18,0.18,334
SMR,20150107,0.08,0.08,0.077,0.08,7858123
SMX,20150107,3.59,3.59,3.41,3.56,73382
SNC,20150107,0.925,0.925,0.925,0.925,2400
SND,20150107,0.955,0.96,0.95,0.95,70098
SNL,20150107,2.15,2.15,2.14,2.15,10443
SOC,20150107,0.005,0.005,0.005,0.005,1164600
SOL,20150107,13.74,13.74,13.6,13.71,10838
SOM,20150107,2.8,2.81,2.8,2.81,67745
SPI,20150107,0.012,0.013,0.012,0.013,208650
SPK,20150107,3.03,3.04,3.01,3.02,711312
SPL,20150107,0.57,0.57,0.545,0.55,71557
SPO,20150107,1.91,1.95,1.895,1.935,1105562
SPY,20150107,248.18,248.6,248.04,248.43,274
SPZ,20150107,0.125,0.125,0.125,0.125,39800
SRF,20150107,0.95,0.955,0.94,0.95,93114
SRI,20150107,0.034,0.034,0.033,0.033,190000
SRV,20150107,5.5,5.5,5.5,5.5,54
SRX,20150107,28,28.13,27.41,27.63,211098
SRZ,20150107,0.027,0.027,0.025,0.025,149167
SSM,20150107,0.195,0.2,0.19,0.2,82052
SSN,20150107,0.013,0.014,0.013,0.014,430000
STA,20150107,0.01,0.01,0.01,0.01,400000
STB,20150107,0.2,0.2,0.2,0.2,9500
STO,20150107,7.41,7.53,7.25,7.45,7575914
STW,20150107,49.88,49.88,49.3,49.63,58253
STX,20150107,0.115,0.115,0.115,0.115,531109
SUD,20150107,0.058,0.06,0.055,0.056,2204296
SUL,20150107,7.48,7.63,7.35,7.5,1046944
SUN,20150107,13.78,13.92,13.65,13.86,2734590
SUR,20150107,0.003,0.003,0.003,0.003,1061035
SVA,20150107,0.5,0.51,0.5,0.51,27278
SVL,20150107,0.004,0.004,0.004,0.004,899000
SVW,20150107,5.96,5.96,5.81,5.86,400921
SWE,20150107,0.1,0.11,0.086,0.086,106500
SWK,20150107,0.21,0.22,0.21,0.22,2500
SWL,20150107,1.66,1.66,1.62,1.645,52275
SWM,20150107,1.29,1.3,1.225,1.3,3173676
SXA,20150107,0.175,0.185,0.175,0.185,40000
SXE,20150107,0.47,0.47,0.45,0.465,105868
SXL,20150107,1.175,1.175,1.115,1.125,1108548
SXT,20150107,0.01,0.01,0.008,0.008,863005
SXY,20150107,0.335,0.345,0.325,0.33,3637795
SYD,20150107,4.77,4.84,4.75,4.83,4352795
SYI,20150107,29.3,29.39,29.14,29.34,7305
SYR,20150107,3.14,3.14,2.96,3.09,198607
SYS,20150107,0.001,0.001,0.001,0.001,200000
TAH,20150107,4.08,4.15,4.04,4.12,1390874
TAM,20150107,0.014,0.015,0.014,0.015,1500000
TAN,20150107,0.45,0.45,0.45,0.45,80000
TAP,20150107,0.4,0.4,0.37,0.37,363517
TAR,20150107,0.008,0.008,0.007,0.007,857950
TAW,20150107,0.009,0.014,0.009,0.01,6252464
TBR,20150107,2.99,3,2.99,3,44131
TCL,20150107,8.72,8.755,8.64,8.67,3390792
TCM,20150107,0.006,0.006,0.005,0.005,10700
TDO,20150107,0.049,0.049,0.044,0.045,3193550
TEG,20150107,0.002,0.002,0.002,0.002,1500000
TEN,20150107,0.21,0.21,0.205,0.205,2737449
TFC,20150107,1.605,1.63,1.595,1.625,1006971
TGA,20150107,3.09,3.09,3.05,3.06,429568
TGG,20150107,1.405,1.415,1.4,1.41,42882
TGP,20150107,1.015,1.03,1,1.03,37670
TGR,20150107,3.86,3.865,3.76,3.81,370370
TGS,20150107,0.155,0.157,0.15,0.15,1865935
TGZ,20150107,0.52,0.52,0.49,0.5,175173
THX,20150107,0.11,0.125,0.105,0.12,1138479
TIS,20150107,0.305,0.31,0.305,0.305,196116
TIX,20150107,2.47,2.5,2.46,2.49,17074
TLG,20150107,0.27,0.28,0.27,0.27,11738
TLM,20150107,0.16,0.16,0.16,0.16,40000
TLS,20150107,5.93,5.97,5.9,5.95,16098189
TME,20150107,3.36,3.44,3.35,3.42,994215
TMK,20150107,0.005,0.005,0.005,0.005,10000
TMX,20150107,0.008,0.008,0.007,0.007,390000
TNE,20150107,3.11,3.125,3.08,3.1,202610
TNG,20150107,0.11,0.12,0.11,0.11,2597226
TNK,20150107,1.06,1.06,1.06,1.06,30000
TNR,20150107,0.004,0.004,0.004,0.004,210600
TOE,20150107,0.081,0.082,0.081,0.082,261465
TOF,20150107,2.06,2.06,2.06,2.06,783470
TOL,20150107,5.9,5.94,5.84,5.89,1938275
TON,20150107,0.195,0.2,0.19,0.195,743250
TOU,20150107,0.325,0.325,0.315,0.315,70137
TOX,20150107,2.49,2.5,2.4,2.48,166135
TPC,20150107,0.615,0.615,0.615,0.615,1000
TPD,20150107,0.012,0.012,0.01,0.01,1743691
TPI,20150107,0.83,0.835,0.81,0.83,8712924
TPM,20150107,6.43,6.51,6.41,6.42,1965478
TPP,20150107,0.049,0.05,0.049,0.05,27816
TPT,20150107,0.012,0.012,0.012,0.012,193754
TRG,20150107,12,12.14,11.91,12,18716
TRS,20150107,6.18,6.18,5.91,5.99,141144
TRY,20150107,0.54,0.57,0.525,0.535,1528912
TSE,20150107,1.565,1.58,1.55,1.565,1920010
TSM,20150107,0.33,0.33,0.33,0.33,23723
TSV,20150107,0.016,0.016,0.016,0.016,20000
TTE,20150107,0.022,0.022,0.021,0.021,1174305
TTI,20150107,0.046,0.046,0.046,0.046,25000
TTS,20150107,3.41,3.47,3.39,3.46,3281295
TUP,20150107,0.235,0.245,0.2,0.245,357203
TWD,20150107,3.68,3.68,3.68,3.68,3000
TWE,20150107,4.66,4.71,4.62,4.64,637279
TWR,20150107,2.08,2.12,2.08,2.12,53504
TYK,20150107,0.003,0.003,0.003,0.003,1000000
TZL,20150107,0.12,0.12,0.1,0.105,1046514
TZN,20150107,0.155,0.155,0.145,0.155,650783
UBI,20150107,0.175,0.175,0.175,0.175,28104
UBN,20150107,0.87,0.87,0.87,0.87,14506
UCM,20150107,0.2,0.2,0.2,0.2,4000
UEQ,20150107,0.007,0.007,0.007,0.007,600000
UGL,20150107,2.18,2.2,2.1,2.14,1024161
UIL,20150107,0.095,0.095,0.09,0.09,69500
UML,20150107,0.007,0.008,0.007,0.008,2759188
UNS,20150107,0.71,0.725,0.7,0.71,486904
UNV,20150107,0.14,0.14,0.135,0.14,462359
UOS,20150107,0.49,0.49,0.49,0.49,30612
URF,20150107,2.24,2.24,2.24,2.24,11703
USA,20150107,0.017,0.017,0.017,0.017,102300
USD,20150107,12.17,12.19,12.15,12.17,130021
UXC,20150107,0.74,0.75,0.74,0.75,49055
VAF,20150107,50.24,50.24,50,50.2,5258
VAH,20150107,0.43,0.435,0.425,0.435,1754041
VAP,20150107,69.36,70.04,69.36,70.03,7773
VAS,20150107,68.49,68.49,67.24,67.69,20309
VEC,20150107,0.005,0.005,0.005,0.005,500000
VED,20150107,2.24,2.28,2.24,2.27,1061394
VEI,20150107,0.775,0.775,0.755,0.755,43084
VET,20150107,0.26,0.275,0.25,0.275,1357962
VEU,20150107,56.3,56.48,56,56.2,17329
VGB,20150107,48.86,49.11,48.86,49.08,4729
VGE,20150107,53.83,54.45,53.55,54.45,2528
VGS,20150107,52,52,51.8,51.91,4159
VHY,20150107,63.8,63.8,63.13,63.68,13427
VLA,20150107,0.305,0.31,0.3,0.31,128417
VLC,20150107,60.06,60.06,60,60,1200
VLW,20150107,1.94,1.96,1.92,1.96,42227
VML,20150107,0.027,0.027,0.027,0.027,150000
VMS,20150107,0.035,0.038,0.035,0.037,367193
VMT,20150107,0.041,0.041,0.04,0.04,2700402
VOC,20150107,6.23,6.23,6.12,6.17,674250
VRL,20150107,5.96,6.03,5.91,5.96,159519
VRT,20150107,7.96,8.2,7.96,8,367901
VRX,20150107,0.047,0.047,0.047,0.047,19987
VSC,20150107,1.475,1.475,1.475,1.475,700
VSO,20150107,42.33,42.33,42.1,42.1,1018
VTG,20150107,1.42,1.42,1.375,1.4,261397
VTM,20150107,0.013,0.013,0.01,0.011,1128000
VTS,20150107,128,128.28,127.62,128.14,13167
VXL,20150107,0.495,0.5,0.49,0.49,31577
VXR,20150107,0.004,0.004,0.004,0.004,4585735
WAA,20150107,1.14,1.15,1.14,1.15,33041
WAF,20150107,0.082,0.082,0.082,0.082,7000
WAM,20150107,2.01,2.04,2,2.02,170965
WAT,20150107,1.07,1.07,1.06,1.06,60000
WAX,20150107,1.15,1.15,1.15,1.15,22620
WBA,20150107,1.3,1.3,1.29,1.29,17232
WBB,20150107,5.6,5.74,5.6,5.7,42675
WBC,20150107,32.55,32.86,32.375,32.69,4911970
WCN,20150107,0.008,0.009,0.008,0.009,62500
WCP,20150107,0.017,0.017,0.017,0.017,1500000
WDS,20150107,0.265,0.27,0.25,0.25,147190
WEB,20150107,2.8,2.86,2.8,2.82,41146
WEC,20150107,0.17,0.17,0.17,0.17,199340
WES,20150107,41.41,41.64,41.22,41.43,1547415
WFD,20150107,9.28,9.48,9.26,9.46,5278082
WGO,20150107,0.003,0.003,0.003,0.003,260000
WHC,20150107,1.375,1.375,1.31,1.36,2782681
WHF,20150107,4.28,4.28,4.28,4.28,3439
WHN,20150107,0.032,0.035,0.029,0.029,44392
WIC,20150107,1.07,1.07,1.06,1.06,96000
WIG,20150107,0.79,0.79,0.79,0.79,3500
WIN,20150107,0.155,0.16,0.155,0.16,5919
WLF,20150107,0.25,0.255,0.23,0.255,339000
WLL,20150107,3.26,3.26,3.26,3.26,608
WMK,20150107,0.89,0.89,0.88,0.88,121753
WMN,20150107,0.41,0.41,0.41,0.41,15834
WOR,20150107,9.5,9.51,9.12,9.23,1559288
WOW,20150107,29.7,30.06,29.58,29.95,3218536
WPG,20150107,0.035,0.035,0.035,0.035,105736
WPL,20150107,35.74,36.28,35.34,36.14,2511253
WRM,20150107,0.017,0.017,0.017,0.017,13000
WRR,20150107,0.12,0.12,0.12,0.12,15000
WSA,20150107,3.78,3.88,3.73,3.88,905772
WTP,20150107,0.785,0.785,0.775,0.775,150549
WTR,20150107,0.048,0.048,0.048,0.048,85875
WWI,20150107,0.006,0.006,0.006,0.006,250000
XAM,20150107,0.095,0.095,0.095,0.095,1153
XRF,20150107,0.19,0.2,0.19,0.2,51500
XRO,20150107,15.4,15.61,15.31,15.56,13858
XTD,20150107,0.185,0.185,0.185,0.185,45697
XTE,20150107,0.45,0.45,0.45,0.45,29773
YAL,20150107,0.135,0.135,0.11,0.135,65406
YBR,20150107,0.6,0.6,0.6,0.6,47710
YOW,20150107,0.54,0.57,0.53,0.56,390123
YPB,20150107,0.31,0.32,0.305,0.32,45388
YRR,20150107,0.008,0.009,0.008,0.008,2250000
ZER,20150107,0.42,0.42,0.42,0.42,29000
ZEU,20150107,0.015,0.015,0.014,0.014,150000
ZGL,20150107,0.235,0.235,0.23,0.23,190000
ZIM,20150107,9,9,9,9,10447
ZIP,20150107,0.28,0.33,0.28,0.315,618461
ZTA,20150107,0.003,0.003,0.003,0.003,15000
XAF,20150107,5447.1,5455.1,5401.2,5437.6,0
XAO,20150107,5346.2,5348.9,5301.2,5334.5,0
XAT,20150107,5317.9,5323,5272.1,5306.9,0
XDJ,20150107,1737.9,1737.9,1715.1,1729.4,0
XEC,20150107,992.5,993.7,987.9,989.2,0
XEJ,20150107,11110.2,11110.2,10817.5,10939.7,0
XFJ,20150107,6218.7,6242.2,6162.6,6221.8,0
XFL,20150107,5511.5,5519.4,5465,5501.8,0
XGD,20150107,2221.3,2273.6,2221.3,2239.8,0
XHJ,20150107,17421.4,17507.2,17300.1,17412.2,0
XIJ,20150107,769.9,773.9,761.8,771.1,0
XJO,20150107,5364.8,5369.8,5318.7,5353.6,0
XJR,20150107,3296.4,3296.9,3255.4,3278,0
XKO,20150107,5305.2,5309.6,5260,5294,0
XMD,20150107,4729.9,4729.9,4677.6,4708.9,0
XMJ,20150107,8602.8,8615.4,8535.1,8577.3,0
XMM,20150107,2596,2605.1,2579,2593.7,0
XNJ,20150107,4348.1,4348.1,4285.4,4305.1,0
XPJ,20150107,1197.3,1214.9,1196.9,1213.3,0
XSJ,20150107,9041.6,9052.4,8963.1,9024,0
XSO,20150107,2040.6,2042.2,2023.6,2035.5,0
XTJ,20150107,2072.7,2082.3,2059.2,2075.5,0
XTL,20150107,3357.5,3365.6,3327.1,3354.2,0
XTO,20150107,4473.7,4478.2,4435.4,4464.5,0
XUJ,20150107,5989.8,5989.8,5912.6,5957.1,0
XXJ,20150107,7220.3,7234.4,7141.6,7207.6,0
