1PG,20150220,1.28,1.3,1.22,1.27,836144
3DM,20150220,0.085,0.1,0.085,0.094,20001524
3PL,20150220,2.43,2.5,2.41,2.48,117887
8CO,20150220,0.225,0.225,0.21,0.21,80000
8IH,20150220,0.41,0.41,0.41,0.41,5000
AAA,20150220,50.16,50.18,50.16,50.16,26983
AAC,20150220,1.54,1.57,1.54,1.565,809655
AAD,20150220,2.37,2.39,2.31,2.31,3939327
AAJ,20150220,0.013,0.013,0.013,0.013,380700
AAP,20150220,0.008,0.008,0.008,0.008,10000
AAX,20150220,0.4,0.4,0.37,0.37,137008
AB1,20150220,0.185,0.185,0.185,0.185,50411
ABC,20150220,3.83,3.86,3.73,3.8,2252552
ABP,20150220,3.15,3.18,3.05,3.05,720483
ABU,20150220,0.23,0.245,0.23,0.24,280606
ABV,20150220,0.007,0.007,0.006,0.006,391375
ABW,20150220,0.97,0.97,0.97,0.97,61748
ABX,20150220,0.285,0.285,0.28,0.285,165610
ABY,20150220,0.185,0.185,0.18,0.18,130000
ACB,20150220,0.05,0.051,0.05,0.051,122218
ACG,20150220,0.105,0.11,0.105,0.11,87037
ACL,20150220,0.068,0.068,0.065,0.067,1380784
ACO,20150220,2,2,2,2,121531
ACQ,20150220,0.735,0.735,0.73,0.73,10500
ACR,20150220,1.335,1.335,1.315,1.32,182856
ACW,20150220,0.074,0.074,0.068,0.068,1793305
ACX,20150220,1.99,2,1.92,1.92,93317
ADJ,20150220,0.105,0.11,0.105,0.105,274805
ADN,20150220,0.028,0.028,0.027,0.027,18871
ADO,20150220,0.093,0.096,0.092,0.094,1647568
ADV,20150220,0.006,0.006,0.006,0.006,909510
ADX,20150220,0.005,0.005,0.005,0.005,729184
AEE,20150220,0.029,0.029,0.028,0.028,130000
AEF,20150220,42.35,42.5,42.1,42.5,370
AEI,20150220,0.55,0.6,0.55,0.55,280000
AEK,20150220,0.066,0.066,0.066,0.066,49348
AFI,20150220,6.13,6.16,6.12,6.13,256483
AFJ,20150220,1.42,1.425,1.34,1.39,796663
AFR,20150220,0.072,0.073,0.071,0.071,120268
AGB,20150220,0.24,0.25,0.23,0.25,42548
AGE,20150220,0.034,0.034,0.034,0.034,58823
AGF,20150220,1.195,1.195,1.18,1.18,299001
AGG,20150220,3.03,3.1,3.03,3.1,1001
AGI,20150220,2.93,2.93,2.81,2.87,760928
AGL,20150220,15.5,15.53,15.33,15.4,1915725
AGO,20150220,0.195,0.205,0.195,0.2,2715774
AGR,20150220,0.037,0.037,0.036,0.036,54500
AGS,20150220,0.064,0.065,0.064,0.064,28000
AGX,20150220,0.015,0.015,0.014,0.015,179224
AHA,20150220,0.02,0.02,0.02,0.02,12500
AHD,20150220,11.81,12.05,11.76,11.91,51651
AHE,20150220,4.15,4.15,4.07,4.1,1198507
AHF,20150220,0.28,0.285,0.265,0.265,339692
AHY,20150220,1.83,1.845,1.78,1.795,1634179
AHZ,20150220,0.11,0.11,0.105,0.105,2416296
AIA,20150220,4.25,4.3,4.2,4.22,196610
AIO,20150220,6.5,6.5,6.37,6.39,3466004
AIV,20150220,0.023,0.023,0.023,0.023,400000
AIZ,20150220,2.5,2.5,2.45,2.45,5054
AJA,20150220,4.97,5.1,4.97,4.99,2772144
AJD,20150220,1.265,1.3,1.265,1.27,73141
AJJ,20150220,0.1,0.1,0.1,0.1,8695
AJL,20150220,0.36,0.36,0.35,0.36,15882
AJM,20150220,0.034,0.034,0.03,0.03,572000
AJQ,20150220,0.075,0.075,0.068,0.07,226887
AJX,20150220,0.73,0.775,0.72,0.775,2465264
AKF,20150220,0.096,0.096,0.096,0.096,84000
AKG,20150220,0.715,0.72,0.7,0.72,256000
AKK,20150220,0.037,0.037,0.034,0.034,364909
AKM,20150220,0.03,0.032,0.03,0.031,426700
AKP,20150220,11.01,12.15,11.01,12,46225
ALA,20150220,0.185,0.19,0.18,0.18,128730
ALF,20150220,1.355,1.37,1.345,1.37,512110
ALK,20150220,0.36,0.38,0.345,0.36,605461
ALL,20150220,7.4,7.47,7.34,7.38,1114924
ALQ,20150220,5.96,6.02,5.94,6,895664
ALR,20150220,1.2,1.2,1.2,1.2,25000
ALT,20150220,0.022,0.024,0.022,0.024,144106
ALU,20150220,3.28,3.28,3.26,3.26,210166
AMA,20150220,0.43,0.445,0.425,0.435,623417
AMC,20150220,14.34,14.445,14.265,14.32,2595810
AMH,20150220,0.895,0.895,0.885,0.885,183173
AMI,20150220,0.255,0.255,0.255,0.255,66313
AMM,20150220,2.69,2.74,2.51,2.71,4142527
AMO,20150220,0.14,0.19,0.14,0.19,6500
AMP,20150220,6.72,6.72,6.62,6.63,7068433
ANG,20150220,0.75,0.785,0.75,0.785,94110
ANI,20150220,2.32,2.34,2.32,2.32,129205
ANN,20150220,25.13,25.34,24.99,25.11,256781
ANO,20150220,0.02,0.02,0.02,0.02,503830
ANP,20150220,0.105,0.105,0.1,0.1,10912
ANQ,20150220,0.005,0.006,0.005,0.005,29116723
ANR,20150220,0.4,0.44,0.4,0.44,181271
ANZ,20150220,34.98,35.08,34.76,34.81,3787610
AOC,20150220,0.055,0.055,0.055,0.055,40000
AOD,20150220,0.925,0.925,0.925,0.925,1565
AOG,20150220,2.55,2.6,2.545,2.6,1325314
AOH,20150220,0.1,0.1,0.098,0.099,1129850
AOK,20150220,0.135,0.135,0.13,0.13,21975
AON,20150220,0.007,0.008,0.007,0.008,508984
AOW,20150220,0.17,0.175,0.17,0.17,155000
APA,20150220,8.79,8.88,8.71,8.72,970430
APD,20150220,0.385,0.395,0.385,0.395,49734
APE,20150220,6.58,6.6,6.5,6.6,11733
APG,20150220,0.011,0.011,0.011,0.011,1000000
API,20150220,1.13,1.13,1.085,1.09,735479
APN,20150220,0.915,0.92,0.89,0.895,475331
APO,20150220,2.9,2.9,2.78,2.85,68597
APW,20150220,0.145,0.145,0.14,0.145,227276
APX,20150220,0.665,0.68,0.665,0.68,35000
APY,20150220,0.003,0.003,0.003,0.003,100000
APZ,20150220,1.225,1.27,1.225,1.245,9385
AQC,20150220,0.004,0.004,0.004,0.004,57486
AQG,20150220,3.03,3.03,2.98,3.01,96901
AQP,20150220,0.255,0.255,0.25,0.25,71824
AQR,20150220,0.085,0.085,0.085,0.085,100000
AQZ,20150220,0.5,0.51,0.5,0.51,50000
ARD,20150220,0.031,0.031,0.029,0.029,110000
ARF,20150220,1.76,1.76,1.71,1.75,65951
ARG,20150220,8.14,8.17,8.06,8.06,146193
ARH,20150220,0.015,0.015,0.015,0.015,111306
ARI,20150220,0.22,0.225,0.215,0.22,8674498
ARM,20150220,0.035,0.035,0.035,0.035,533000
ARO,20150220,0.015,0.015,0.015,0.015,70000
ARP,20150220,12.28,12.46,11.89,12.08,158798
ARU,20150220,0.05,0.06,0.049,0.059,540059
ARW,20150220,0.088,0.088,0.088,0.088,4166
ARX,20150220,0.003,0.003,0.003,0.003,327016
ASB,20150220,1.59,1.595,1.575,1.59,219310
ASH,20150220,1.54,1.54,1.5,1.5,900084
ASL,20150220,0.385,0.395,0.38,0.395,730445
AST,20150220,1.455,1.457,1.425,1.43,3847672
ASX,20150220,42.5,42.75,41.78,41.99,500652
ASZ,20150220,0.71,0.72,0.705,0.71,440255
ATC,20150220,0.07,0.071,0.07,0.07,64402
ATP,20150220,0.061,0.061,0.06,0.06,265970
ATU,20150220,1.245,1.27,1.245,1.27,232983
AUB,20150220,8.97,9,8.95,8.99,18523
AUF,20150220,1.34,1.34,1.34,1.34,2631
AUI,20150220,8.8,8.8,8.8,8.8,4830
AUK,20150220,0.016,0.016,0.016,0.016,10000
AUQ,20150220,0.015,0.015,0.013,0.013,263333
AUZ,20150220,0.006,0.006,0.006,0.006,237419
AVB,20150220,0.069,0.071,0.069,0.07,1315810
AVG,20150220,0.43,0.435,0.425,0.435,51406
AVH,20150220,0.081,0.081,0.081,0.081,94226
AVI,20150220,0.025,0.025,0.025,0.025,200000
AVJ,20150220,0.675,0.675,0.645,0.655,149394
AVQ,20150220,0.012,0.013,0.011,0.012,11241748
AVX,20150220,0.016,0.016,0.015,0.016,403920
AVZ,20150220,0.007,0.007,0.007,0.007,55475
AWC,20150220,1.86,1.87,1.84,1.855,10690908
AWD,20150220,0.004,0.004,0.004,0.004,133334
AWE,20150220,1.365,1.37,1.33,1.36,1081871
AWO,20150220,0.011,0.011,0.011,0.011,25000
AWV,20150220,0.05,0.06,0.05,0.055,1053191
AXE,20150220,0.115,0.115,0.098,0.115,46702
AXI,20150220,0.056,0.058,0.056,0.058,200000
AYA,20150220,0.3,0.3,0.3,0.3,20000
AYC,20150220,0.034,0.037,0.034,0.034,215000
AYF,20150220,6.44,6.44,6.44,6.44,3000
AYR,20150220,0.007,0.007,0.007,0.007,142857
AZJ,20150220,5,5.02,4.91,4.92,10816123
AZM,20150220,0.031,0.031,0.03,0.031,145576
AZS,20150220,0.013,0.015,0.013,0.013,556169
AZV,20150220,0.29,0.3,0.285,0.29,278044
AZZ,20150220,0.18,0.18,0.17,0.17,360525
BAF,20150220,1.04,1.04,1.025,1.025,46872
BAL,20150220,2.26,2.26,2.16,2.24,248348
BAP,20150220,2.73,2.75,2.7,2.7,112235
BBG,20150220,0.632,0.64,0.62,0.625,977044
BBR,20150220,0.22,0.22,0.22,0.22,2500
BCI,20150220,0.525,0.54,0.51,0.53,1731739
BCK,20150220,0.05,0.05,0.05,0.05,96861
BCT,20150220,0.06,0.06,0.06,0.06,22000
BDR,20150220,0.32,0.325,0.31,0.315,4822625
BEAR,20150220,16.28,16.41,16.28,16.41,22816
BEL,20150220,0.145,0.145,0.145,0.145,75000
BEN,20150220,13.43,13.54,13.3,13.33,1996619
BFG,20150220,0.495,0.52,0.495,0.51,112168
BGA,20150220,5.06,5.07,4.83,4.93,356823
BGL,20150220,0.88,0.88,0.8,0.83,1854943
BGS,20150220,0.017,0.017,0.016,0.017,361339
BHP,20150220,32.3,32.4,32.09,32.3,4001704
BIG,20150220,0.125,0.125,0.125,0.125,2091
BIS,20150220,0.285,0.285,0.285,0.285,70489
BIT,20150220,0.13,0.13,0.13,0.13,333010
BKI,20150220,1.76,1.78,1.76,1.76,250198
BKL,20150220,41.97,43.05,41.52,43.05,5449
BKN,20150220,2.26,2.32,2.24,2.31,732680
BKW,20150220,12.86,12.86,12.75,12.8,85159
BKY,20150220,0.22,0.23,0.22,0.225,114278
BLA,20150220,3.5,3.5,3.47,3.47,59015
BLD,20150220,6,6.05,5.97,6,2609015
BLK,20150220,0.092,0.105,0.092,0.105,1770379
BLR,20150220,0.003,0.003,0.003,0.003,50000
BLT,20150220,0.92,0.935,0.9,0.935,94706
BLX,20150220,1.7,1.83,1.7,1.8,107744
BLY,20150220,0.19,0.207,0.19,0.2,768431
BMB,20150220,0.013,0.014,0.013,0.013,601000
BML,20150220,0.017,0.017,0.016,0.016,292925
BMY,20150220,0.008,0.008,0.008,0.008,955104
BNE,20150220,0.011,0.011,0.01,0.01,1143277
BNO,20150220,0.45,0.47,0.45,0.45,247504
BNR,20150220,0.023,0.027,0.022,0.024,916825
BOC,20150220,0.235,0.245,0.235,0.245,5150
BOE,20150220,0.02,0.022,0.02,0.02,1215951
BOK,20150220,0.37,0.37,0.37,0.37,7334
BOL,20150220,0.13,0.13,0.125,0.125,682813
BOQ,20150220,14.1,14.1,13.93,13.97,890744
BPA,20150220,5.15,5.15,5.07,5.07,1810
BPF,20150220,0.28,0.28,0.28,0.28,114244
BPS,20150220,0.88,0.88,0.87,0.87,11322
BPT,20150220,1.145,1.145,1.125,1.13,5135654
BRG,20150220,7.1,7.11,6.97,7,213037
BRL,20150220,0.036,0.037,0.035,0.037,379484
BRU,20150220,0.4,0.405,0.38,0.38,304064
BSA,20150220,0.16,0.16,0.155,0.16,452937
BSE,20150220,0.125,0.125,0.125,0.125,50000
BSL,20150220,5.59,5.59,5.53,5.55,1978502
BSR,20150220,0.014,0.014,0.014,0.014,1345050
BTI,20150220,0.91,0.92,0.91,0.92,19000
BTT,20150220,7.92,8.06,7.8,7.97,240692
BUG,20150220,0.7,0.7,0.68,0.68,22992
BUL,20150220,0.036,0.036,0.034,0.034,50560
BUX,20150220,0.081,0.09,0.081,0.09,336270
BWF,20150220,0.37,0.37,0.37,0.37,75404
BWP,20150220,2.91,2.91,2.84,2.85,1322390
BWR,20150220,0.115,0.125,0.115,0.12,4091423
BXB,20150220,10.8,10.86,10.68,10.72,2426613
BYE,20150220,0.4,0.4,0.4,0.4,119
BYI,20150220,1.31,1.38,1.31,1.33,41083
BYL,20150220,0.425,0.43,0.42,0.43,170985
BYR,20150220,0.031,0.031,0.03,0.03,236400
CAA,20150220,0.14,0.15,0.135,0.15,27601586
CAB,20150220,5.05,5.05,4.82,5,165330
CAD,20150220,0.013,0.014,0.012,0.012,7466758
CAF,20150220,0.45,0.47,0.45,0.47,39267
CAJ,20150220,0.91,0.925,0.885,0.895,3465255
CAM,20150220,0.95,0.955,0.95,0.955,32770
CAS,20150220,0.25,0.25,0.25,0.25,17050
CAT,20150220,0.575,0.575,0.57,0.575,68605
CAY,20150220,0.044,0.044,0.044,0.044,37400
CAZ,20150220,0.032,0.032,0.032,0.032,16000
CBA,20150220,91.15,91.48,89.99,90.21,1534137
CBC,20150220,1,1,1,1,115000
CBQ,20150220,0.005,0.005,0.005,0.005,100000
CCL,20150220,10.25,10.42,10.15,10.2,3474543
CCP,20150220,12.14,12.14,11.65,11.65,88825
CCV,20150220,1.115,1.127,1.1,1.1,310772
CCZ,20150220,0.001,0.001,0.001,0.001,180984
CDA,20150220,0.96,0.96,0.905,0.935,144958
CDD,20150220,3.15,3.43,3.14,3.28,2138633
CDG,20150220,0.046,0.046,0.046,0.046,100000
CDH,20150220,0.003,0.003,0.003,0.003,55500
CDM,20150220,1.445,1.455,1.445,1.45,399427
CDP,20150220,6.64,6.64,6.55,6.55,18377
CDV,20150220,0.071,0.071,0.069,0.069,57300
CDY,20150220,0.026,0.026,0.026,0.026,200000
CEL,20150220,0.052,0.052,0.051,0.051,196700
CFE,20150220,0.078,0.078,0.077,0.078,208017
CFU,20150220,0.005,0.005,0.004,0.005,3200000
CGF,20150220,6.85,7.06,6.85,6.98,5247773
CGH,20150220,0.26,0.26,0.205,0.235,416979
CGL,20150220,2.3,2.3,2.28,2.3,12000
CGN,20150220,0.1,0.105,0.1,0.105,45000
CGR,20150220,0.19,0.19,0.185,0.185,139186
CGS,20150220,0.19,0.19,0.19,0.19,100
CHC,20150220,4.69,4.735,4.67,4.67,465774
CHN,20150220,0.13,0.13,0.13,0.13,657163
CHP,20150220,0.005,0.005,0.005,0.005,200000
CHZ,20150220,0.032,0.032,0.032,0.032,95000
CIA,20150220,0.18,0.18,0.18,0.18,132000
CIN,20150220,30.75,30.75,30.3,30.3,568
CIR,20150220,0.18,0.18,0.17,0.17,243802
CKA,20150220,0.09,0.09,0.085,0.088,355788
CKF,20150220,2.74,2.74,2.67,2.67,144204
CKL,20150220,0.585,0.59,0.585,0.59,11527
CL8,20150220,0.022,0.022,0.021,0.021,293443
CLH,20150220,2.43,2.43,2.38,2.41,112928
CLQ,20150220,0.125,0.13,0.12,0.125,1763007
CLT,20150220,0.26,0.26,0.255,0.255,65000
CLV,20150220,0.3,0.3,0.29,0.29,88720
CLY,20150220,0.012,0.013,0.012,0.013,410264
CLZ,20150220,0.015,0.015,0.015,0.015,230780
CM8,20150220,0.225,0.225,0.22,0.22,341654
CMA,20150220,2.33,2.33,2.33,2.33,15100
CMG,20150220,0.54,0.54,0.535,0.535,598346
CMI,20150220,1.3,1.35,1.3,1.35,22220
CMP,20150220,0.135,0.135,0.135,0.135,37846
CMW,20150220,1.165,1.165,1.145,1.145,2325910
CMY,20150220,0.006,0.006,0.006,0.006,2981295
CND,20150220,0.27,0.27,0.27,0.27,90510
CNI,20150220,1.02,1.02,1,1.02,262233
CNL,20150220,0.008,0.008,0.008,0.008,20000
CNQ,20150220,0.125,0.125,0.125,0.125,4000
CNU,20150220,2.74,2.75,2.71,2.73,39240
CNX,20150220,0.029,0.03,0.029,0.029,244900
COE,20150220,0.25,0.25,0.22,0.23,1281958
COF,20150220,0.21,0.22,0.2,0.215,152434
COH,20150220,91.98,93.22,90.88,91.12,194131
COI,20150220,0.095,0.095,0.095,0.095,100000
COK,20150220,0.002,0.003,0.002,0.002,22800349
CPL,20150220,0.016,0.018,0.016,0.017,139002
CPU,20150220,12.25,12.34,12.17,12.25,1326453
CQC,20150220,0.05,0.05,0.05,0.05,2280
CQR,20150220,4.3,4.3,4.21,4.27,1019323
CRZ,20150220,10.13,10.21,9.93,10.04,1853331
CSD,20150220,0.047,0.047,0.047,0.047,45316
CSE,20150220,0.265,0.265,0.26,0.26,39714
CSL,20150220,89.88,89.96,89.09,89.7,997720
CSR,20150220,4.35,4.35,4.31,4.34,1079115
CSS,20150220,0.073,0.073,0.07,0.07,1259513
CSV,20150220,1.325,1.385,1.32,1.365,95714
CTD,20150220,11.6,11.84,11.58,11.76,129283
CTN,20150220,1.06,1.06,1.05,1.055,206258
CTO,20150220,0.016,0.016,0.014,0.014,1211948
CTP,20150220,0.17,0.17,0.16,0.16,502946
CTT,20150220,0.004,0.004,0.004,0.004,1250000
CTX,20150220,37.2,37.47,36.3,36.67,287783
CUE,20150220,0.105,0.105,0.102,0.105,2387430
CUL,20150220,0.005,0.006,0.005,0.005,490000
CUP,20150220,1.12,1.12,1.1,1.1,84635
CUU,20150220,0.013,0.013,0.013,0.013,40000
CUV,20150220,3.65,3.65,3.62,3.62,7678
CUX,20150220,0.012,0.012,0.011,0.011,630412
CVC,20150220,1.49,1.49,1.49,1.49,1003
CVG,20150220,0.017,0.017,0.017,0.017,55000
CVN,20150220,0.165,0.165,0.155,0.16,1651066
CVO,20150220,1.875,1.9,1.77,1.88,5478706
CVT,20150220,0.265,0.29,0.265,0.285,1418173
CVV,20150220,0.008,0.009,0.008,0.009,150000
CVW,20150220,0.97,0.97,0.97,0.97,8075
CWE,20150220,0.064,0.065,0.062,0.062,3595010
CWG,20150220,0.275,0.28,0.275,0.28,105000
CWN,20150220,16.03,16.12,15.14,15.26,4251096
CWP,20150220,5.9,5.92,5.76,5.76,23656
CXB,20150220,0.062,0.062,0.062,0.062,143000
CXM,20150220,0.09,0.09,0.09,0.09,3226
CXU,20150220,0.17,0.18,0.17,0.18,62800
CXX,20150220,0.165,0.18,0.165,0.18,8608
CXZ,20150220,0.225,0.23,0.21,0.22,167420
CYA,20150220,0.94,0.945,0.93,0.93,91968
CYC,20150220,0.45,0.45,0.415,0.45,25300
CYG,20150220,2.01,2.01,1.94,1.94,12221
CYP,20150220,1.05,1.385,0.87,0.88,11675371
CYU,20150220,0.021,0.021,0.02,0.02,38200
CZI,20150220,0.094,0.097,0.094,0.097,115000
CZN,20150220,0.004,0.004,0.004,0.004,2688046
CZZ,20150220,9.9,9.91,9.81,9.85,29514
DCG,20150220,1.43,1.5,1.43,1.5,139658
DCN,20150220,0.4,0.4,0.4,0.4,11511
DDR,20150220,1.8,1.8,1.76,1.76,20259
DDT,20150220,0.028,0.03,0.028,0.03,3848062
DGR,20150220,0.039,0.039,0.039,0.039,76555
DGX,20150220,0.041,0.041,0.041,0.041,490000
DJW,20150220,4.65,4.65,4.59,4.59,141512
DKM,20150220,0.185,0.185,0.18,0.18,9968
DLS,20150220,0.98,0.995,0.96,0.99,2101857
DLX,20150220,6.07,6.16,6.06,6.07,699896
DML,20150220,0.023,0.025,0.023,0.024,17468381
DMP,20150220,35.2,35.2,34.17,34.47,243783
DNA,20150220,0.71,0.72,0.67,0.7,582719
DOW,20150220,4.34,4.34,4.21,4.28,1681478
DRA,20150220,0.115,0.115,0.115,0.115,5082
DRG,20150220,0.025,0.025,0.025,0.025,28000
DRK,20150220,0.005,0.005,0.005,0.005,35000
DRM,20150220,0.49,0.49,0.475,0.475,120117
DSB,20150220,0.155,0.155,0.155,0.155,1820
DSH,20150220,2.18,2.2,2.16,2.19,683027
DSX,20150220,0.15,0.155,0.15,0.15,90000
DTI,20150220,0.33,0.33,0.33,0.33,2027
DTL,20150220,0.765,0.77,0.755,0.77,98735
DTM,20150220,0.024,0.024,0.023,0.023,300000
DUE,20150220,2.68,2.7,2.65,2.66,3496019
DUI,20150220,3.73,3.73,3.72,3.73,51777
DUO,20150220,0.004,0.004,0.003,0.003,3862137
DVA,20150220,0.38,0.4,0.38,0.4,27485
DVL,20150220,0.365,0.365,0.365,0.365,603
DVN,20150220,0.95,0.97,0.94,0.94,169472
DWS,20150220,1.065,1.067,1.01,1.015,433508
DXS,20150220,7.75,7.755,7.63,7.69,2020792
DYE,20150220,0.21,0.22,0.21,0.215,212929
DYL,20150220,0.015,0.015,0.015,0.015,1616972
E88,20150220,0.16,0.16,0.145,0.145,565565
EAL,20150220,0.24,0.25,0.23,0.25,303955
EAR,20150220,0.08,0.08,0.08,0.08,15724
EAX,20150220,2.01,2.03,2,2.03,46119
EBT,20150220,3.92,3.92,3.91,3.91,3169
ECG,20150220,0.395,0.395,0.385,0.385,111896
EDE,20150220,0.01,0.01,0.01,0.01,250000
EEG,20150220,0.03,0.035,0.03,0.035,10010
EEU,20150220,14.35,14.35,14.35,14.35,390
EGG,20150220,0.85,0.85,0.85,0.85,25169
EGH,20150220,0.315,0.315,0.31,0.31,18333
EGI,20150220,1.14,1.15,1.14,1.15,70000
EGL,20150220,0.018,0.018,0.018,0.018,80687
EGN,20150220,0.105,0.105,0.105,0.105,8250
EGO,20150220,0.006,0.006,0.006,0.006,428572
EGP,20150220,4.45,4.47,4.38,4.41,2442484
EHE,20150220,5.4,5.62,5.4,5.59,2773962
EHL,20150220,0.13,0.132,0.125,0.13,974424
ELD,20150220,2.82,2.88,2.69,2.73,382460
ELK,20150220,0.035,0.035,0.032,0.035,145409
ELM,20150220,0.24,0.245,0.23,0.24,1957872
ELT,20150220,0.006,0.006,0.006,0.006,203022
ELX,20150220,0.32,0.32,0.32,0.32,7500
EMH,20150220,0.06,0.065,0.06,0.065,412370
EML,20150220,0.635,0.635,0.6,0.615,719192
EMR,20150220,0.027,0.027,0.027,0.027,40000
EMX,20150220,0.041,0.041,0.04,0.04,841667
ENB,20150220,0.03,0.03,0.03,0.03,31200
ENE,20150220,6.28,6.48,6.17,6.48,27304
ENN,20150220,1.75,1.75,1.75,1.75,10000
ENR,20150220,0.11,0.11,0.11,0.11,2800
ENT,20150220,0.02,0.022,0.02,0.02,7300400
EOR,20150220,0.012,0.012,0.011,0.011,2888000
EOS,20150220,0.7,0.7,0.68,0.695,104817
EPA,20150220,0.001,0.001,0.001,0.001,17743
EPD,20150220,0.69,0.7,0.69,0.695,97638
EPM,20150220,0.004,0.004,0.004,0.004,200000
EPW,20150220,2.22,2.24,2.18,2.18,742262
EPX,20150220,1.84,1.85,1.805,1.805,43253
EQT,20150220,21.2,21.2,20.88,21.1,6455
ERA,20150220,1.36,1.36,1.335,1.35,178474
ERI,20150220,0.004,0.004,0.004,0.004,157457
ERJ,20150220,0.025,0.025,0.022,0.023,1254294
ERR,20150220,0.82,0.82,0.8,0.8,8418
ESI,20150220,0.009,0.009,0.008,0.009,6639822
ESM,20150220,0.01,0.01,0.01,0.01,19000
ESN,20150220,0.001,0.001,0.001,0.001,500000
ETE,20150220,0.023,0.026,0.023,0.025,468897
EVN,20150220,0.96,0.965,0.905,0.905,3340823
EVR,20150220,0.595,0.62,0.595,0.605,210337
EWC,20150220,0.37,0.39,0.37,0.39,1324709
EXE,20150220,0.024,0.025,0.024,0.025,220474
EXG,20150220,0.088,0.09,0.086,0.09,104149
EZL,20150220,1.085,1.1,1.08,1.09,89229
FAN,20150220,1.97,2,1.97,2,10749
FAR,20150220,0.1,0.105,0.099,0.1,6899564
FBU,20150220,8.1,8.2,8.04,8.17,2113096
FCN,20150220,0.006,0.006,0.006,0.006,39500
FDC,20150220,2.89,2.95,2.89,2.94,6008118
FEL,20150220,0.015,0.015,0.015,0.015,2780
FET,20150220,2.18,2.19,2.16,2.18,421177
FGF,20150220,0.007,0.007,0.007,0.007,1000000
FGI,20150220,0.046,0.046,0.046,0.046,23702
FGX,20150220,1.115,1.12,1.11,1.11,231766
FID,20150220,1.77,1.77,1.77,1.77,540
FLK,20150220,0.24,0.24,0.235,0.235,197950
FLN,20150220,0.77,0.835,0.77,0.79,427118
FLT,20150220,37.5,37.545,36.2,36.3,528952
FMG,20150220,2.52,2.53,2.44,2.45,14097076
FML,20150220,0.009,0.01,0.009,0.009,16555078
FMS,20150220,0.014,0.014,0.014,0.014,737521
FND,20150220,0.135,0.135,0.135,0.135,1
FNP,20150220,3.26,3.33,3.26,3.3,33906
FOY,20150220,0.002,0.002,0.002,0.002,650000
FPH,20150220,6.32,6.38,6.3,6.33,45702
FRI,20150220,1.34,1.34,1.3,1.31,132939
FSA,20150220,1.32,1.34,1.32,1.34,107212
FSE,20150220,0.004,0.004,0.004,0.004,1400000
FSF,20150220,5.66,5.66,5.57,5.6,19024
FTE,20150220,0.003,0.003,0.003,0.003,1326666
FTZ,20150220,0.25,0.25,0.25,0.25,12200
FUN,20150220,0.028,0.028,0.026,0.026,1761881
FWD,20150220,1.24,1.26,1.2,1.22,119072
FXJ,20150220,0.91,0.92,0.905,0.915,7380824
FXL,20150220,3.58,3.6,3.52,3.54,689940
FXR,20150220,0.003,0.003,0.003,0.003,969000
FZR,20150220,0.22,0.22,0.22,0.22,28488
GAL,20150220,0.004,0.004,0.004,0.004,269900
GAP,20150220,0.21,0.21,0.21,0.21,59523
GBE,20150220,0.03,0.03,0.03,0.03,6469
GBG,20150220,0.024,0.024,0.022,0.023,2056998
GBI,20150220,0.2,0.205,0.2,0.205,90000
GBT,20150220,4.75,4.75,4.56,4.59,176484
GBX,20150220,0.002,0.002,0.002,0.002,249000
GCR,20150220,0.071,0.071,0.071,0.071,6046
GCS,20150220,0.55,0.55,0.52,0.52,20000
GDI,20150220,0.91,0.91,0.905,0.905,423251
GDY,20150220,0.04,0.041,0.039,0.04,287436
GEG,20150220,1.335,1.335,1.3,1.3,54244
GEM,20150220,4.46,4.47,4.23,4.33,4390838
GER,20150220,0.068,0.082,0.068,0.082,811302
GFF,20150220,0.675,0.675,0.67,0.675,1398667
GFY,20150220,3.24,3.35,3.18,3.34,53212
GGE,20150220,0.007,0.007,0.007,0.007,100000
GGG,20150220,0.065,0.065,0.062,0.064,886570
GGX,20150220,0.008,0.008,0.008,0.008,125000
GHC,20150220,1.6,1.62,1.6,1.6,126999
GID,20150220,0.285,0.285,0.26,0.265,687872
GJT,20150220,1.865,1.87,1.865,1.865,16505
GLH,20150220,0.27,0.27,0.27,0.27,102365
GLN,20150220,0.002,0.002,0.002,0.002,550000
GMA,20150220,3.33,3.34,3.3,3.33,3954136
GME,20150220,0.022,0.025,0.022,0.025,599149
GMF,20150220,2.17,2.19,2.15,2.19,126981
GMG,20150220,6.26,6.29,6.17,6.18,6600715
GML,20150220,0.045,0.047,0.045,0.047,414662
GMM,20150220,0.056,0.062,0.056,0.059,450328
GMN,20150220,0.032,0.032,0.032,0.032,25000
GMY,20150220,0.98,0.98,0.98,0.98,2303
GNC,20150220,9.8,9.89,9.71,9.75,703408
GNE,20150220,2.21,2.21,2.15,2.2,45239
GNG,20150220,0.95,0.955,0.95,0.955,3292
GNV,20150220,0.026,0.026,0.026,0.026,270000
GOLD,20150220,148.24,148.36,147.3,147.3,3844
GOR,20150220,0.36,0.375,0.355,0.375,991407
GOW,20150220,3.09,3.1,3.09,3.09,21634
GOZ,20150220,2.96,2.98,2.95,2.96,370874
GPG,20150220,0.415,0.415,0.415,0.415,5950
GPP,20150220,0.027,0.029,0.027,0.029,249885
GPT,20150220,4.67,4.68,4.615,4.66,4585711
GRB,20150220,0.077,0.078,0.077,0.077,421966
GRF,20150220,1.615,1.62,1.615,1.62,8640
GRR,20150220,0.1,0.105,0.1,0.105,2744323
GRY,20150220,0.073,0.075,0.07,0.075,1018447
GTE,20150220,0.02,0.02,0.02,0.02,8000
GTG,20150220,0.077,0.08,0.066,0.069,48857629
GUD,20150220,7.55,7.6,7.49,7.51,82815
GUF,20150220,0.038,0.038,0.038,0.038,30000
GVF,20150220,1.1,1.11,1.1,1.105,225000
GWA,20150220,2.35,2.43,2.35,2.42,3539831
GWR,20150220,0.048,0.048,0.048,0.048,12258
GXL,20150220,8.63,8.65,8.44,8.46,234493
HAO,20150220,0.21,0.21,0.18,0.18,34578
HAR,20150220,0.013,0.013,0.012,0.012,100000
HAS,20150220,0.075,0.075,0.075,0.075,150000
HAV,20150220,0.18,0.2,0.18,0.2,104041
HCH,20150220,0.13,0.14,0.125,0.14,38681
HDX,20150220,0.105,0.105,0.105,0.105,1469
HEG,20150220,0.006,0.006,0.006,0.006,800000
HFA,20150220,1.82,1.85,1.715,1.79,163414
HFR,20150220,0.9,0.9,0.89,0.9,407906
HGG,20150220,5.16,5.16,5.02,5.03,4417496
HGO,20150220,0.35,0.35,0.325,0.33,46100
HHL,20150220,2.3,2.3,2.14,2.15,29420
HHV,20150220,1.38,1.39,1.375,1.38,287778
HHY,20150220,0.175,0.175,0.17,0.175,87803
HIG,20150220,0.059,0.059,0.059,0.059,84754
HIL,20150220,1.31,1.335,1.25,1.335,459052
HLO,20150220,0.33,0.34,0.31,0.34,244879
HLX,20150220,0.035,0.037,0.035,0.037,120730
HNG,20150220,0.33,0.33,0.33,0.33,7936
HNR,20150220,0.004,0.005,0.004,0.005,60000
HOG,20150220,0.008,0.008,0.008,0.008,200000
HOM,20150220,0.65,0.65,0.645,0.645,25000
HOR,20150220,0.015,0.015,0.015,0.015,207000
HPI,20150220,2.57,2.59,2.56,2.58,48875
HRL,20150220,0.006,0.006,0.006,0.006,3081350
HSN,20150220,2.11,2.19,2.09,2.18,349913
HSO,20150220,2.78,2.835,2.71,2.75,2533162
HUB,20150220,0.92,0.92,0.91,0.915,83856
HUO,20150220,4.92,4.92,4.8,4.85,3820
HVN,20150220,4.22,4.25,4.14,4.16,925627
HZN,20150220,0.13,0.13,0.125,0.13,1506087
IAA,20150220,63.91,63.94,62.78,63.12,10059
IAF,20150220,107.95,108.01,107.53,108.01,3188
IAG,20150220,5.99,6.015,5.86,5.95,15389368
IAU,20150220,0.125,0.127,0.125,0.125,320785
IBG,20150220,0.099,0.1,0.098,0.098,130101
IBK,20150220,47.62,47.62,47.28,47.28,806
ICG,20150220,0.019,0.019,0.019,0.019,864380
ICN,20150220,0.089,0.089,0.088,0.088,211474
ICQ,20150220,1.13,1.135,1.1,1.11,121661
ICS,20150220,0.92,0.92,0.92,0.92,3230
ICT,20150220,0.135,0.14,0.135,0.14,36460
ICU,20150220,0.195,0.195,0.19,0.19,182801
IDC,20150220,0.009,0.009,0.008,0.009,839709
IDR,20150220,2.06,2.06,2.04,2.04,818533
IDT,20150220,0.145,0.145,0.145,0.145,2000
IDZ,20150220,0.5,0.5,0.5,0.5,800
IEC,20150220,0.012,0.012,0.012,0.012,170000
IEM,20150220,52.3,52.3,51.76,51.84,17134
IEU,20150220,57.9,57.9,57.37,57.48,19865
IFE,20150220,0.021,0.021,0.019,0.019,200000
IFL,20150220,10.35,10.39,10.24,10.34,654172
IFM,20150220,1.015,1.025,0.945,1.015,2360618
IFN,20150220,0.26,0.275,0.26,0.27,938758
IGB,20150220,108.07,108.07,108.07,108.07,2
IGO,20150220,5.34,5.41,5.32,5.33,1354547
IHD,20150220,16.1,16.12,16.07,16.1,31337
IIL,20150220,0.185,0.185,0.18,0.185,73500
IIN,20150220,6.5,6.53,6.27,6.4,2871632
IJH,20150220,193.35,193.35,192.9,192.9,424
IJP,20150220,15.63,15.78,15.6,15.6,48843
IJR,20150220,149.04,149.04,148.7,148.7,138
IKO,20150220,71.5,71.5,71.47,71.47,793
ILB,20150220,116.33,116.83,116.33,116.83,183
ILC,20150220,26.7,26.74,26.61,26.65,146613
ILU,20150220,7.57,7.64,7.49,7.51,1602802
IMA,20150220,0.105,0.11,0.105,0.11,265000
IMC,20150220,0.21,0.22,0.21,0.215,114131
IMD,20150220,0.325,0.33,0.325,0.33,233834
IMF,20150220,2.4,2.41,2.37,2.39,204697
IMU,20150220,0.009,0.012,0.009,0.012,13099782
INA,20150220,0.42,0.42,0.415,0.42,1511620
INL,20150220,0.013,0.013,0.013,0.013,220000
INT,20150220,0.02,0.02,0.02,0.02,660
IOF,20150220,4.05,4.07,4,4.03,3553798
IOG,20150220,0.029,0.029,0.029,0.029,2000
IOO,20150220,100.63,100.79,100.03,100.2,20335
IOZ,20150220,25.52,25.52,25.37,25.4,18694
IPB,20150220,0.015,0.015,0.015,0.015,113964
IPD,20150220,0.92,0.925,0.89,0.89,379428
IPE,20150220,0.325,0.325,0.32,0.32,140000
IPH,20150220,4.48,4.485,4.38,4.4,197682
IPL,20150220,3.93,3.98,3.91,3.93,2687498
IPP,20150220,2.84,3,2.75,2.76,1440939
IQE,20150220,2.74,2.84,2.74,2.83,4535
IRE,20150220,11.14,11.25,10.96,11,261678
IRI,20150220,1.44,1.5,1.43,1.495,387264
IRL,20150220,0.005,0.005,0.005,0.005,110000
IRU,20150220,157,157,157,157,27
ISD,20150220,3.38,3.48,3.35,3.4,246423
ISG,20150220,16.53,16.53,16.53,16.53,400
ISN,20150220,0.07,0.07,0.07,0.07,350000
ISO,20150220,3.95,3.95,3.93,3.95,10867
ISU,20150220,1.29,1.315,1.27,1.29,127935
ITD,20150220,0.24,0.24,0.24,0.24,95215
ITW,20150220,20.17,20.17,20.17,20.17,387
IVC,20150220,13.56,13.72,13.43,13.55,137736
IVE,20150220,82.58,82.8,82.47,82.68,2536
IVO,20150220,0.08,0.08,0.079,0.079,19710
IVR,20150220,0.015,0.016,0.014,0.014,135000
IVV,20150220,271.41,272,270.7,270.7,14431
IVX,20150220,0.048,0.048,0.047,0.047,470558
IWG,20150220,0.28,0.305,0.28,0.305,383800
IXI,20150220,119.25,120.2,119.19,119.28,2242
IXJ,20150220,134.76,136.33,134.65,134.79,10773
IXP,20150220,81.86,81.86,81.01,81.31,391
IXR,20150220,0.013,0.013,0.011,0.011,230000
IZZ,20150220,55.5,55.6,55.16,55.41,45876
JAL,20150220,0.07,0.074,0.07,0.07,67677
JBH,20150220,17.29,17.34,17.07,17.23,406684
JCS,20150220,0.011,0.014,0.009,0.011,3078200
JHC,20150220,2.31,2.38,2.26,2.28,1750174
JHX,20150220,14.3,14.42,14.09,14.35,2000731
JIN,20150220,0.955,0.99,0.895,0.895,245686
JPR,20150220,0.32,0.32,0.3,0.3,211950
JRV,20150220,0.09,0.09,0.089,0.09,220200
JYC,20150220,0.75,0.75,0.75,0.75,4678
KAM,20150220,0.645,0.645,0.635,0.635,46620
KAR,20150220,2.7,2.8,2.66,2.75,1024308
KAS,20150220,0.047,0.047,0.044,0.044,119620
KBL,20150220,0.02,0.02,0.019,0.02,2925498
KFE,20150220,0.027,0.027,0.025,0.025,320619
KGL,20150220,0.15,0.165,0.145,0.145,185694
KIK,20150220,0.005,0.005,0.005,0.005,200
KKL,20150220,0.008,0.008,0.008,0.008,140000
KMD,20150220,1.405,1.42,1.375,1.405,1572663
KME,20150220,0.32,0.385,0.32,0.385,159200
KNE,20150220,0.041,0.041,0.041,0.041,40000
KNL,20150220,0.16,0.16,0.155,0.155,327793
KOR,20150220,0.037,0.041,0.037,0.041,329593
KOV,20150220,4.79,4.81,4.79,4.79,11540
KPC,20150220,0.15,0.15,0.145,0.145,57000
KPL,20150220,0.25,0.255,0.25,0.255,14414
KRC,20150220,0.022,0.022,0.022,0.022,237000
KRM,20150220,0.26,0.26,0.26,0.26,10000
KRS,20150220,0.27,0.27,0.27,0.27,303083
KSC,20150220,1.39,1.42,1.36,1.36,57910
KSN,20150220,0.016,0.016,0.016,0.016,52000
LAA,20150220,0.275,0.28,0.27,0.275,268649
LAU,20150220,0.5,0.5,0.48,0.48,127974
LBY,20150220,0.016,0.016,0.016,0.016,234275
LCD,20150220,0.01,0.01,0.01,0.01,250000
LCM,20150220,0.78,0.785,0.76,0.78,103788
LCY,20150220,0.006,0.006,0.006,0.006,200000
LEG,20150220,0.007,0.007,0.007,0.007,887711
LEI,20150220,21.59,21.74,21.47,21.5,355600
LEP,20150220,3.46,3.48,3.41,3.45,77025
LER,20150220,0.15,0.15,0.15,0.15,25000
LGD,20150220,0.235,0.24,0.23,0.23,228000
LHC,20150220,2.83,2.84,2.82,2.82,8876
LIC,20150220,2.2,2.22,2.16,2.18,32186
LKO,20150220,0.003,0.003,0.002,0.003,6295352
LLC,20150220,17.18,17.19,16.73,16.85,758472
LMB,20150220,0.115,0.12,0.115,0.12,33950
LMG,20150220,0.011,0.011,0.011,0.011,500000
LML,20150220,0.049,0.05,0.049,0.05,328915
LMR,20150220,0.042,0.042,0.042,0.042,105000
LMW,20150220,0.5,0.5,0.5,0.5,42004
LNG,20150220,3.59,3.6,3.45,3.51,1327657
LNR,20150220,0.23,0.23,0.22,0.22,259193
LNY,20150220,0.006,0.006,0.005,0.005,11783694
LOM,20150220,0.255,0.255,0.245,0.25,92967
LOV,20150220,2.31,2.34,2.29,2.32,161643
LRS,20150220,0.013,0.013,0.012,0.013,629706
LSR,20150220,0.011,0.011,0.011,0.011,1450000
LSX,20150220,0.23,0.23,0.23,0.23,32954
LYC,20150220,0.05,0.05,0.048,0.05,8325629
MAD,20150220,0.145,0.15,0.145,0.145,400251
MAH,20150220,0.057,0.057,0.056,0.056,1115894
MAK,20150220,0.066,0.067,0.066,0.067,210518
MAQ,20150220,5.1,5.1,5.1,5.1,1500
MAT,20150220,0.15,0.15,0.145,0.145,124000
MBE,20150220,0.17,0.17,0.16,0.16,478208
MBK,20150220,0.011,0.011,0.011,0.011,190000
MBN,20150220,0.048,0.048,0.043,0.045,7434158
MBO,20150220,0.045,0.045,0.045,0.045,20000
MBT,20150220,0.21,0.21,0.115,0.13,1173543
MCE,20150220,0.79,0.79,0.73,0.73,102363
MCP,20150220,1.23,1.24,1.225,1.23,113921
MCR,20150220,0.68,0.68,0.66,0.665,247152
MCS,20150220,0.35,0.35,0.325,0.325,226356
MCX,20150220,0.16,0.16,0.16,0.16,2781
MDL,20150220,0.77,0.8,0.75,0.75,197349
MED,20150220,0.066,0.066,0.065,0.065,40850
MEL,20150220,0.027,0.028,0.027,0.028,167903
MEO,20150220,0.014,0.015,0.014,0.014,1882555
MEP,20150220,0.115,0.115,0.115,0.115,30258
MEY,20150220,0.3,0.3,0.27,0.29,10500
MFF,20150220,1.9,1.905,1.88,1.9,323319
MFG,20150220,20.48,20.51,19.53,19.56,745514
MGL,20150220,0.019,0.019,0.019,0.019,636
MGR,20150220,2.08,2.09,2.04,2.06,6613571
MGV,20150220,0.038,0.038,0.038,0.038,113479
MGX,20150220,0.225,0.24,0.225,0.24,7358385
MGY,20150220,0.02,0.02,0.02,0.02,45000
MGZ,20150220,0.096,0.12,0.096,0.12,91964
MHI,20150220,0.195,0.195,0.19,0.19,52000
MIG,20150220,0.7,0.76,0.7,0.745,163347
MIN,20150220,7.6,7.94,7.58,7.75,1557488
MIR,20150220,2.5,2.5,2.44,2.45,62822
MIZ,20150220,0.002,0.002,0.002,0.002,3334652
MKB,20150220,0.165,0.165,0.16,0.16,614022
MKO,20150220,0.029,0.029,0.029,0.029,35139
MLA,20150220,0.099,0.099,0.099,0.099,79348
MLB,20150220,1.33,1.335,1.33,1.33,55085
MLD,20150220,0.96,0.985,0.94,0.97,274751
MLM,20150220,0.05,0.05,0.05,0.05,125000
MLS,20150220,0.003,0.003,0.003,0.003,17000
MLT,20150220,4.6,4.6,4.52,4.53,142799
MLX,20150220,1.245,1.3,1.245,1.28,424040
MMC,20150220,0.007,0.008,0.007,0.008,235161
MMI,20150220,0.043,0.043,0.04,0.04,367500
MML,20150220,0.885,0.9,0.835,0.85,662678
MMS,20150220,12.02,12.05,11.945,11.99,727450
MNB,20150220,0.003,0.003,0.003,0.003,240000
MNC,20150220,0.006,0.006,0.006,0.006,500000
MND,20150220,9.5,9.5,9.335,9.39,642338
MNE,20150220,0.014,0.014,0.013,0.014,5380403
MNF,20150220,2.9,2.92,2.82,2.86,199545
MNM,20150220,0.011,0.011,0.011,0.011,10010
MNQ,20150220,0.02,0.02,0.02,0.02,20000
MNS,20150220,0.27,0.28,0.265,0.275,978133
MNW,20150220,0.056,0.064,0.056,0.063,276737
MNY,20150220,1.81,1.82,1.775,1.795,382481
MOC,20150220,2.96,2.98,2.91,2.91,119630
MOD,20150220,0.005,0.006,0.005,0.006,146675
MOQ,20150220,0.039,0.039,0.039,0.039,13125
MOX,20150220,0.013,0.013,0.013,0.013,50000
MOY,20150220,0.037,0.037,0.036,0.036,17646
MOZ,20150220,0.014,0.014,0.013,0.013,3879761
MPJ,20150220,0.006,0.006,0.005,0.006,12398053
MPL,20150220,2.56,2.56,2.37,2.47,34135982
MPO,20150220,0.13,0.13,0.125,0.13,115857
MPX,20150220,0.235,0.235,0.235,0.235,60000
MQA,20150220,3.32,3.4,3.32,3.36,3099905
MQG,20150220,70.71,71.71,70.35,71.2,742872
MRD,20150220,0.041,0.041,0.039,0.039,1287432
MRF,20150220,0.052,0.052,0.052,0.052,83500
MRM,20150220,0.99,1.05,0.97,1.035,6625472
MRN,20150220,0.96,1.005,0.96,1.005,17680
MRP,20150220,0.145,0.15,0.145,0.15,88269
MRV,20150220,0.003,0.003,0.003,0.003,440000
MRY,20150220,0.024,0.024,0.024,0.024,346043
MSB,20150220,3.98,4.18,3.95,4.18,554730
MSR,20150220,0.015,0.016,0.015,0.016,971445
MSV,20150220,0.023,0.023,0.023,0.023,50000
MTA,20150220,0.066,0.066,0.066,0.066,5250
MTH,20150220,0.006,0.006,0.006,0.006,651400
MTN,20150220,0.075,0.078,0.07,0.07,248381
MTR,20150220,3.11,3.3,3.1,3.25,103118
MTS,20150220,1.6,1.67,1.577,1.66,8350611
MTU,20150220,9.56,9.57,9.4,9.42,472045
MVA,20150220,18.95,18.97,18.93,18.97,3768
MVB,20150220,29.52,29.52,29.52,29.52,2000
MVF,20150220,1.46,1.49,1.45,1.45,437056
MVP,20150220,2.13,2.13,1.905,2,78038
MVT,20150220,0.115,0.12,0.115,0.12,31167
MVW,20150220,23.03,23.03,22.92,22.94,1770
MWR,20150220,1.3,1.44,1.3,1.43,67312
MWS,20150220,0.003,0.003,0.003,0.003,400000
MXI,20150220,0.58,0.58,0.56,0.56,794073
MYE,20150220,0.325,0.325,0.325,0.325,1031770
MYR,20150220,1.9,1.902,1.875,1.895,4100868
MYS,20150220,5.03,5.15,5,5.13,43361
MYT,20150220,3.28,3.28,3.24,3.27,36043
MYX,20150220,0.85,0.86,0.83,0.84,2342109
MZI,20150220,0.3,0.3,0.295,0.295,109000
MZM,20150220,0.24,0.24,0.24,0.24,7050
NAB,20150220,37.75,37.8,37.37,37.48,2424024
NAE,20150220,0.009,0.011,0.007,0.011,647668
NAG,20150220,0.04,0.041,0.04,0.041,203342
NAN,20150220,1.74,1.74,1.695,1.72,293438
NBL,20150220,0.55,0.55,0.55,0.55,2000
NCC,20150220,1.035,1.05,1.035,1.045,141951
NCK,20150220,3.1,3.18,3.1,3.17,41459
NCM,20150220,13.9,14.04,13.86,13.93,1697341
NCR,20150220,0.011,0.012,0.011,0.012,806000
NEA,20150220,0.565,0.57,0.55,0.56,965984
NEC,20150220,1.85,1.865,1.835,1.855,1346780
NEN,20150220,0.033,0.033,0.032,0.032,377776
NEU,20150220,0.17,0.175,0.165,0.17,3094551
NGE,20150220,0.015,0.016,0.015,0.016,1819436
NGF,20150220,0.19,0.19,0.19,0.19,11070
NGY,20150220,0.04,0.04,0.04,0.04,38004
NHC,20150220,2.47,2.54,2.45,2.52,130913
NHF,20150220,3.69,3.73,3.55,3.67,434347
NHO,20150220,0.007,0.007,0.007,0.007,281818
NIU,20150220,0.002,0.002,0.002,0.002,3526
NKP,20150220,0.084,0.085,0.084,0.084,306964
NML,20150220,0.033,0.033,0.027,0.027,49926
NMT,20150220,0.032,0.032,0.032,0.032,14500
NNW,20150220,0.345,0.345,0.34,0.34,140000
NOD,20150220,0.055,0.056,0.053,0.056,1796520
NOE,20150220,0.15,0.15,0.15,0.15,20000
NPX,20150220,3.12,3.25,3.12,3.25,4329
NRR,20150220,0.021,0.021,0.021,0.021,200000
NRT,20150220,0.15,0.15,0.14,0.145,953163
NSE,20150220,0.028,0.031,0.028,0.028,352288
NSL,20150220,0.009,0.009,0.009,0.009,1919028
NSP,20150220,0.05,0.05,0.05,0.05,46919
NSR,20150220,1.54,1.54,1.5,1.515,181273
NST,20150220,2.06,2.1,2.03,2.07,4438773
NTC,20150220,0.475,0.49,0.475,0.49,46508
NTU,20150220,0.21,0.215,0.21,0.21,12500
NUF,20150220,6.73,6.85,6.54,6.56,1812026
NVG,20150220,0.002,0.002,0.002,0.002,1048000
NVN,20150220,2.46,2.48,2.45,2.45,7549267
NVT,20150220,4.74,4.74,4.67,4.71,887981
NWF,20150220,0.72,0.72,0.72,0.72,27000
NWH,20150220,0.295,0.295,0.28,0.285,3049663
NWS,20150220,21.38,21.45,21.22,21.43,115158
NWT,20150220,0.15,0.165,0.15,0.16,983857
NWZ,20150220,0.095,0.099,0.09,0.095,2043500
NXR,20150220,0.1,0.105,0.09,0.092,9702284
NXT,20150220,2.15,2.22,2.15,2.21,426485
NYO,20150220,0.002,0.003,0.002,0.003,4743086
OBJ,20150220,0.08,0.081,0.078,0.08,1854392
OBL,20150220,0.005,0.005,0.005,0.005,182580
OBS,20150220,0.705,0.707,0.705,0.705,165264
OCC,20150220,0.38,0.385,0.38,0.385,28500
OCL,20150220,1.55,1.56,1.53,1.56,71376
OEC,20150220,0.43,0.45,0.43,0.45,149545
OEL,20150220,0.099,0.099,0.098,0.098,774000
OEX,20150220,0.036,0.041,0.036,0.041,661872
OFX,20150220,2.32,2.37,2.32,2.35,924028
OGC,20150220,2.71,2.73,2.61,2.61,897613
OGX,20150220,0.07,0.07,0.066,0.066,188556
OGY,20150220,0.005,0.006,0.005,0.006,2169016
OHE,20150220,4.99,5.02,4.99,5.02,1100
OIL,20150220,0.095,0.098,0.092,0.095,2681882
OML,20150220,2.24,2.25,2.22,2.22,185314
ONC,20150220,0.205,0.21,0.2,0.2,118000
ONT,20150220,6.6,7,6.5,6.75,13672
OOO,20150220,27.04,27.27,27,27.26,14664
ORA,20150220,2.08,2.08,2,2,2851757
ORE,20150220,2.51,2.54,2.5,2.54,202158
ORG,20150220,12.7,12.7,12.25,12.38,5637740
ORI,20150220,19.85,20,19.69,19.75,733784
ORL,20150220,2.89,3,2.89,2.95,24595
ORN,20150220,0.033,0.038,0.033,0.036,1436383
ORR,20150220,0.055,0.055,0.055,0.055,64000
ORS,20150220,0.016,0.016,0.016,0.016,40000
OSH,20150220,8.45,8.45,8.27,8.33,2832262
OSL,20150220,0.091,0.105,0.09,0.097,3676687
OSP,20150220,0.6,0.62,0.6,0.61,180665
OTC,20150220,0.11,0.11,0.11,0.11,78433
OTH,20150220,0.575,0.575,0.565,0.565,83956
OVH,20150220,0.29,0.29,0.29,0.29,27999
OZB,20150220,0.005,0.007,0.005,0.007,14558887
OZF,20150220,23.08,23.12,23.08,23.1,1833
OZG,20150220,0.16,0.16,0.16,0.16,257026
OZL,20150220,3.75,3.77,3.705,3.75,824214
OZR,20150220,8.86,8.89,8.86,8.87,7177
PAA,20150220,0.009,0.009,0.008,0.008,6762290
PAB,20150220,0.013,0.013,0.011,0.012,7218755
PAF,20150220,0.99,0.995,0.98,0.98,131000
PAK,20150220,0.08,0.08,0.08,0.08,35000
PAN,20150220,0.545,0.545,0.525,0.525,618771
PBD,20150220,0.016,0.016,0.016,0.016,210391
PBG,20150220,0.475,0.485,0.465,0.485,1351707
PBP,20150220,0.245,0.245,0.245,0.245,15500
PBT,20150220,0.15,0.155,0.15,0.15,143183
PCL,20150220,0.015,0.015,0.015,0.015,1074202
PCP,20150220,0.026,0.026,0.026,0.026,20000
PDI,20150220,0.007,0.007,0.007,0.007,80000
PDN,20150220,0.41,0.415,0.4,0.4,4594850
PDZ,20150220,0.3,0.31,0.295,0.31,212225
PEA,20150220,0.45,0.45,0.44,0.44,24228
PEH,20150220,0.11,0.11,0.1,0.105,113972
PEK,20150220,0.083,0.083,0.08,0.08,29397
PEN,20150220,0.019,0.019,0.019,0.019,1011946
PFG,20150220,0.1,0.1,0.1,0.1,100000
PFL,20150220,1.24,1.24,1.21,1.22,65919
PGC,20150220,0.45,0.455,0.445,0.455,42958
PGF,20150220,1.09,1.095,1.08,1.08,174944
PGH,20150220,4.97,5.03,4.87,4.91,404247
PGI,20150220,0.19,0.19,0.185,0.185,83907
PGL,20150220,0.16,0.165,0.16,0.165,29256
PGM,20150220,0.07,0.07,0.066,0.066,61630
PGR,20150220,0.725,0.725,0.7,0.7,36796
PGS,20150220,0.007,0.007,0.007,0.007,120212
PHG,20150220,0.45,0.45,0.445,0.45,75000
PHK,20150220,0.041,0.054,0.041,0.054,4653765
PHW,20150220,0.003,0.003,0.003,0.003,4000000
PIC,20150220,0.985,0.99,0.98,0.99,141193
PIO,20150220,0.017,0.017,0.016,0.016,1010385
PKO,20150220,0.004,0.004,0.003,0.003,1100300
PLD,20150220,0.006,0.006,0.005,0.005,1994000
PLS,20150220,0.039,0.039,0.038,0.039,415121
PMC,20150220,1.78,1.78,1.73,1.75,264048
PME,20150220,1.465,1.5,1.46,1.5,93219
PML,20150220,0.018,0.019,0.018,0.019,45000
PMP,20150220,0.45,0.47,0.45,0.47,70092
PMV,20150220,11.15,11.21,10.92,11,590118
PMY,20150220,0.019,0.02,0.019,0.02,20000
PNA,20150220,1.335,1.335,1.225,1.26,2670965
PNC,20150220,2.05,2.05,1.96,1.97,51478
PNL,20150220,0.197,0.2,0.195,0.2,175000
PNR,20150220,0.066,0.067,0.064,0.064,675000
PNX,20150220,0.02,0.02,0.02,0.02,200000
POK,20150220,0.018,0.018,0.018,0.018,29688
POS,20150220,0.125,0.13,0.12,0.12,1070790
POU,20150220,19.67,19.67,19.67,19.67,284
POZ,20150220,0.017,0.017,0.017,0.017,45000
PPC,20150220,1.135,1.15,1.135,1.145,2564173
PPG,20150220,0.5,0.5,0.5,0.5,96590
PPP,20150220,0.042,0.042,0.042,0.042,50000
PPS,20150220,0.285,0.305,0.285,0.295,4796854
PPT,20150220,52.94,53.305,51.7,51.99,137122
PPX,20150220,0.019,0.02,0.018,0.02,4077782
PPY,20150220,0.013,0.013,0.013,0.013,70000
PRA,20150220,0.005,0.005,0.005,0.005,600000
PRG,20150220,2.24,2.27,2.2,2.27,140033
PRL,20150220,0.105,0.11,0.105,0.11,1377726
PRO,20150220,0.575,0.59,0.575,0.575,58498
PRR,20150220,0.036,0.036,0.035,0.036,1438968
PRT,20150220,0.84,0.85,0.835,0.835,234356
PRU,20150220,0.37,0.37,0.35,0.355,3239397
PRY,20150220,4.65,4.67,4.52,4.56,3675975
PSA,20150220,0.1,0.1,0.091,0.095,148854
PSC,20150220,0.005,0.005,0.005,0.005,10000
PSQ,20150220,2.08,2.18,2.08,2.12,49025
PSY,20150220,0.28,0.28,0.265,0.27,427158
PSZ,20150220,0.92,0.92,0.88,0.89,201682
PTM,20150220,8.78,8.78,7.82,8.07,4489223
PTR,20150220,0.003,0.003,0.002,0.002,522264
PTX,20150220,0.1,0.1,0.1,0.1,435000
PVA,20150220,5.65,5.8,5.65,5.75,19033
PVD,20150220,0.45,0.455,0.435,0.435,1466567
PVE,20150220,0.065,0.065,0.065,0.065,110000
PWN,20150220,0.042,0.042,0.039,0.039,10000
PXG,20150220,0.097,0.097,0.096,0.096,265500
PXS,20150220,0.095,0.098,0.093,0.093,580765
PYC,20150220,0.024,0.024,0.023,0.024,1071000
PYL,20150220,0.37,0.38,0.365,0.375,535835
PZC,20150220,0.004,0.004,0.004,0.004,100000
QAN,20150220,2.72,2.76,2.71,2.71,7778902
QAU,20150220,12.72,12.72,12.7,12.72,9747
QBE,20150220,11.72,11.82,11.52,11.57,3621187
QBL,20150220,0.015,0.015,0.015,0.015,1787477
QCB,20150220,11.8,11.8,11.8,11.8,1500
QFN,20150220,12.53,12.53,12.53,12.53,320
QHL,20150220,0.2,0.2,0.195,0.195,120585
QOZ,20150220,13.47,13.47,13.43,13.43,10965
QRX,20150220,0.018,0.018,0.018,0.018,5600
QST,20150220,0.05,0.05,0.05,0.05,370
QTG,20150220,0.01,0.01,0.01,0.01,200000
QTM,20150220,0.012,0.012,0.01,0.01,2009518
QUB,20150220,2.63,2.64,2.6,2.64,1308493
QVE,20150220,1.075,1.085,1.07,1.085,52397
RBR,20150220,0.018,0.018,0.018,0.018,20000
RCB,20150220,20.49,20.59,20.49,20.59,214
RCF,20150220,0.007,0.008,0.007,0.008,125000
RCG,20150220,0.76,0.77,0.745,0.76,104197
RCM,20150220,0.026,0.027,0.026,0.027,3082084
RCR,20150220,2.16,2.34,2.13,2.32,159140
RCT,20150220,3,3.05,2.97,2.97,245774
RCU,20150220,0.115,0.115,0.11,0.11,45454
RDF,20150220,0.68,0.68,0.68,0.68,1500
RDM,20150220,0.05,0.051,0.05,0.051,104308
RDS,20150220,0.027,0.027,0.027,0.027,500000
RDV,20150220,32.67,32.67,32.37,32.42,18460
REA,20150220,49.32,49.32,48.05,48.09,87121
REC,20150220,7.48,7.75,7.46,7.73,1364005
RED,20150220,0.1,0.105,0.1,0.102,1125571
REF,20150220,0.13,0.13,0.13,0.13,3600
REG,20150220,4.85,5.14,4.85,5.13,426243
REH,20150220,33.8,34,33.8,33.97,192
RER,20150220,0.047,0.048,0.046,0.046,159000
RES,20150220,0.093,0.094,0.09,0.094,112546
REX,20150220,1.025,1.06,1.015,1.06,30164
REY,20150220,0.105,0.105,0.105,0.105,40000
RFF,20150220,1.065,1.075,1.065,1.065,93869
RFG,20150220,6.6,6.62,6.54,6.6,111606
RFL,20150220,0.17,0.18,0.17,0.17,292705
RFT,20150220,0.003,0.003,0.003,0.003,9333000
RFX,20150220,0.295,0.295,0.285,0.285,111169
RGS,20150220,0.16,0.18,0.16,0.18,673429
RHC,20150220,63.4,63.76,62.9,63.17,272197
RHL,20150220,3.67,3.76,3.67,3.72,47838
RHP,20150220,1.265,1.28,1.235,1.26,275425
RHS,20150220,0.15,0.15,0.15,0.15,806
RHT,20150220,0.033,0.033,0.033,0.033,100000
RIC,20150220,1.04,1.085,1.035,1.08,326659
RIM,20150220,0.019,0.02,0.012,0.012,180000
RIO,20150220,64.3,64.3,63.71,63.75,1088769
RKN,20150220,1.92,1.93,1.905,1.92,21001
RMD,20150220,8.38,8.38,8.26,8.27,2683267
RMG,20150220,0.046,0.046,0.046,0.046,8838
RMI,20150220,0.002,0.002,0.002,0.002,1200000
RMR,20150220,0.006,0.006,0.006,0.006,121949
RMS,20150220,0.115,0.115,0.11,0.11,1887292
RMX,20150220,0.003,0.003,0.003,0.003,3105435
RNI,20150220,0.065,0.065,0.064,0.065,109000
RNO,20150220,0.021,0.021,0.02,0.02,445000
RNS,20150220,0.059,0.059,0.059,0.059,222000
RNY,20150220,0.375,0.375,0.37,0.375,232960
ROY,20150220,0.025,0.025,0.025,0.025,89218
RQL,20150220,0.24,0.24,0.24,0.24,36325
RRE,20150220,0.012,0.012,0.012,0.012,12000
RRL,20150220,1.905,1.95,1.89,1.92,1914353
RSG,20150220,0.36,0.365,0.355,0.355,2792222
RSL,20150220,0.008,0.008,0.008,0.008,1570333
RSM,20150220,20.96,20.96,20.96,20.96,10905
RTA,20150220,0.21,0.22,0.21,0.22,26238
RTG,20150220,0.66,0.66,0.63,0.66,396076
RTR,20150220,0.033,0.033,0.031,0.031,473344
RUL,20150220,0.59,0.59,0.59,0.59,65800
RUM,20150220,0.059,0.059,0.059,0.059,39692
RVA,20150220,0.55,0.55,0.54,0.55,46600
RVR,20150220,0.155,0.155,0.145,0.155,66500
RWD,20150220,0.395,0.41,0.38,0.41,940584
RWH,20150220,2.39,2.39,2.39,2.39,11289
RXH,20150220,0.29,0.3,0.275,0.275,154017
RXL,20150220,0.022,0.024,0.022,0.024,2191168
RXM,20150220,0.092,0.092,0.091,0.092,118084
RXP,20150220,0.39,0.39,0.38,0.38,147928
SAI,20150220,4.28,4.28,4.14,4.17,236517
SAR,20150220,0.425,0.425,0.4,0.4,2047341
SAU,20150220,0.012,0.012,0.012,0.012,100000
SAY,20150220,0.003,0.003,0.002,0.002,175000
SBB,20150220,0.059,0.062,0.059,0.062,26678
SBM,20150220,0.215,0.222,0.21,0.215,2195053
SBN,20150220,0.008,0.008,0.008,0.008,38812
SBR,20150220,0.024,0.025,0.024,0.025,150604
SCD,20150220,0.58,0.58,0.58,0.58,7921
SCG,20150220,3.78,3.8,3.73,3.74,15234414
SCP,20150220,1.98,1.99,1.965,1.98,1168973
SDA,20150220,1.95,1.98,1.95,1.98,64486
SDF,20150220,1.52,1.57,1.51,1.56,4552855
SDG,20150220,1.737,1.775,1.73,1.73,151759
SDI,20150220,0.68,0.68,0.65,0.68,46650
SDL,20150220,0.026,0.027,0.025,0.025,3345794
SDM,20150220,0.58,0.605,0.58,0.58,51417
SEA,20150220,0.6,0.6,0.58,0.6,1295261
SEG,20150220,0.007,0.007,0.006,0.006,660429
SEH,20150220,0.18,0.195,0.18,0.19,2670744
SEK,20150220,17.7,17.75,17.21,17.36,1223136
SEN,20150220,0.1,0.105,0.095,0.095,8454735
SER,20150220,0.054,0.054,0.05,0.054,187940
SFH,20150220,0.725,0.725,0.715,0.715,632697
SFI,20150220,0.066,0.07,0.065,0.066,2333866
SFR,20150220,4.48,4.49,4.41,4.44,332015
SFX,20150220,0.765,0.765,0.765,0.765,55000
SFY,20150220,57.5,57.62,57.31,57.32,11257
SFZ,20150220,0.009,0.009,0.009,0.009,501755
SGF,20150220,2.16,2.25,2.16,2.21,175743
SGH,20150220,7.52,7.52,7.34,7.4,794721
SGM,20150220,11.91,12.19,11.85,12.19,546731
SGN,20150220,0.9,0.9,0.72,0.79,19388032
SGO,20150220,0.1,0.12,0.1,0.12,138360
SGP,20150220,4.68,4.705,4.62,4.67,10059425
SGQ,20150220,0.043,0.043,0.043,0.043,11000
SGT,20150220,4.01,4.05,4.01,4.04,448936
SHJ,20150220,3.15,3.2,3.12,3.15,41008
SHK,20150220,0.003,0.003,0.003,0.003,20000
SHL,20150220,19.33,19.47,19.23,19.36,898781
SHP,20150220,0.016,0.017,0.015,0.017,205300
SHV,20150220,7.43,7.44,7.27,7.34,127520
SIO,20150220,1.66,1.73,1.65,1.71,202597
SIP,20150220,0.9,0.91,0.895,0.91,1316858
SIQ,20150220,1.51,1.535,1.505,1.535,27808
SIR,20150220,3.08,3.15,3.06,3.12,636628
SIT,20150220,0.165,0.17,0.165,0.17,55000
SIV,20150220,7.13,7.6,7.13,7.6,54889
SKC,20150220,3.86,3.86,3.83,3.85,138245
SKE,20150220,1.45,1.45,1.38,1.39,2672791
SKF,20150220,0.185,0.185,0.17,0.17,37500
SKI,20150220,2.23,2.24,2.16,2.17,2898922
SKT,20150220,5.68,5.69,5.5,5.5,342342
SLF,20150220,11.97,12.03,11.95,11.95,40490
SLK,20150220,2.47,2.55,2.47,2.54,63290
SLM,20150220,1.49,1.5,1.47,1.47,75928
SLR,20150220,0.21,0.22,0.21,0.21,1823990
SLT,20150220,0.005,0.006,0.005,0.006,2677026
SLX,20150220,0.68,0.685,0.615,0.625,633368
SMA,20150220,0.01,0.011,0.01,0.01,1880100
SMI,20150220,0.03,0.03,0.03,0.03,2500
SMM,20150220,0.25,0.25,0.235,0.235,10000
SMN,20150220,0.435,0.435,0.435,0.435,6462
SMX,20150220,4.01,4.01,3.75,3.8,780171
SNC,20150220,0.96,0.96,0.96,0.96,11500
SND,20150220,0.8,0.8,0.78,0.8,124782
SNL,20150220,1.89,1.9,1.89,1.9,12000
SNZ,20150220,3.2,3.2,3.2,3.2,47000
SOC,20150220,0.003,0.003,0.003,0.003,4000000
SOL,20150220,13.85,13.85,13.57,13.7,30720
SOM,20150220,3.18,3.18,3.03,3.03,33486
SPB,20150220,0.075,0.076,0.075,0.076,110000
SPI,20150220,0.01,0.01,0.01,0.01,218571
SPK,20150220,3.05,3.1,3.04,3.04,1343201
SPL,20150220,0.55,0.55,0.53,0.54,130594
SPO,20150220,2.05,2.07,2.02,2.05,2303035
SPQ,20150220,0.01,0.01,0.01,0.01,3685
SPX,20150220,0.013,0.013,0.013,0.013,220076
SPZ,20150220,0.11,0.11,0.105,0.105,21857
SRF,20150220,1.135,1.15,1.135,1.14,30675
SRI,20150220,0.044,0.078,0.044,0.068,16592966
SRQ,20150220,0.004,0.005,0.004,0.005,270000
SRR,20150220,0.025,0.027,0.025,0.027,225000
SRV,20150220,5.99,6.04,5.92,5.95,187144
SRX,20150220,33.22,34.04,32.71,32.98,488693
SRZ,20150220,0.028,0.028,0.023,0.023,70000
SSM,20150220,0.2,0.21,0.2,0.2,1000947
SSN,20150220,0.014,0.014,0.014,0.014,689791
SST,20150220,29.5,29.5,29.5,29.5,300
STA,20150220,0.01,0.01,0.01,0.01,250000
STB,20150220,0.235,0.235,0.225,0.235,89578
STO,20150220,8.29,8.3,7.9,8.03,7799213
STS,20150220,0.575,0.575,0.57,0.57,95838
STW,20150220,55.01,55.01,54.58,54.63,44591
STX,20150220,0.11,0.115,0.11,0.115,345313
SUD,20150220,0.039,0.039,0.037,0.038,353944
SUL,20150220,9.75,9.94,9.39,9.71,1491667
SUN,20150220,13.7,13.82,13.68,13.77,8016171
SUR,20150220,0.003,0.003,0.003,0.003,631394
SVA,20150220,0.49,0.49,0.49,0.49,13778
SVW,20150220,6.21,6.21,6.04,6.12,516224
SWE,20150220,0.09,0.093,0.088,0.09,275600
SWJ,20150220,0.032,0.032,0.03,0.03,66000
SWK,20150220,0.18,0.18,0.18,0.18,230000
SWL,20150220,1.33,1.35,1.31,1.35,53455
SWM,20150220,1.455,1.46,1.42,1.43,3305347
SXA,20150220,0.13,0.13,0.125,0.125,65489
SXE,20150220,0.395,0.395,0.395,0.395,34500
SXL,20150220,0.94,0.945,0.91,0.92,1576102
SXT,20150220,0.008,0.009,0.008,0.008,570000
SXY,20150220,0.35,0.352,0.345,0.345,4952865
SYD,20150220,5.19,5.19,5.1,5.12,2386997
SYI,20150220,32,32.2,32,32.08,1804
SYP,20150220,0.007,0.007,0.007,0.007,25613
SYR,20150220,4.45,4.49,4.21,4.28,377307
SYS,20150220,0.002,0.002,0.002,0.002,315024
TAH,20150220,4.89,5.02,4.87,5,6122515
TAM,20150220,0.018,0.018,0.016,0.016,1561531
TAN,20150220,0.46,0.46,0.455,0.455,200000
TAP,20150220,0.385,0.39,0.375,0.375,394917
TAR,20150220,0.005,0.005,0.004,0.005,1180672
TAS,20150220,0.018,0.018,0.018,0.018,45469
TAW,20150220,0.008,0.008,0.007,0.007,4575000
TCL,20150220,9.34,9.35,9.18,9.2,2888891
TCN,20150220,0.082,0.084,0.082,0.084,69699
TDO,20150220,0.05,0.05,0.05,0.05,385106
TEN,20150220,0.205,0.207,0.205,0.205,1135975
TFC,20150220,1.57,1.58,1.56,1.58,484130
TGA,20150220,2.8,2.89,2.78,2.86,272631
TGG,20150220,1.43,1.46,1.43,1.44,176743
TGN,20150220,0.11,0.11,0.11,0.11,5000
TGP,20150220,1.17,1.2,1.152,1.2,77311
TGR,20150220,3.67,3.69,3.61,3.62,337986
TGS,20150220,0.073,0.074,0.07,0.071,2034527
TGZ,20150220,0.6,0.6,0.595,0.595,51398
THX,20150220,0.081,0.082,0.081,0.082,68764
TIG,20150220,0.12,0.12,0.12,0.12,45000
TIS,20150220,0.235,0.245,0.235,0.235,603051
TIX,20150220,2.67,2.68,2.66,2.67,123504
TLG,20150220,0.42,0.435,0.41,0.42,386276
TLM,20150220,0.165,0.165,0.155,0.16,75000
TLS,20150220,6.58,6.61,6.55,6.61,22102842
TME,20150220,3.6,3.64,3.55,3.55,671234
TMX,20150220,0.004,0.004,0.003,0.003,1069338
TNE,20150220,3.58,3.585,3.54,3.56,434116
TNG,20150220,0.13,0.15,0.13,0.15,2793026
TNK,20150220,1.1,1.11,1.08,1.11,106000
TNP,20150220,0.006,0.006,0.006,0.006,240000
TOE,20150220,0.083,0.084,0.082,0.083,299950
TOF,20150220,2.17,2.17,2.15,2.15,79925
TOL,20150220,8.92,8.97,8.92,8.97,17095734
TON,20150220,0.175,0.18,0.17,0.18,670682
TOP,20150220,0.47,0.47,0.465,0.47,246786
TOX,20150220,2.81,2.82,2.77,2.8,395600
TPD,20150220,0.012,0.012,0.012,0.012,542809
TPI,20150220,0.75,0.805,0.735,0.795,25478739
TPM,20150220,7.27,7.33,7.2,7.32,968362
TPP,20150220,0.051,0.051,0.046,0.046,77000
TPT,20150220,0.013,0.013,0.012,0.012,1456923
TRF,20150220,0.023,0.023,0.023,0.023,18150
TRG,20150220,12.76,12.86,12.38,12.45,65156
TRL,20150220,0.03,0.03,0.03,0.03,100000
TRM,20150220,0.04,0.04,0.04,0.04,100000
TRS,20150220,7,7.48,6.9,7.3,777937
TRY,20150220,0.6,0.605,0.575,0.575,671631
TSE,20150220,1.75,1.755,1.71,1.725,1096919
TSM,20150220,0.36,0.36,0.36,0.36,122743
TSN,20150220,0.004,0.004,0.004,0.004,20443374
TSV,20150220,0.019,0.02,0.019,0.02,1218341
TTE,20150220,0.028,0.028,0.028,0.028,434849
TTI,20150220,0.05,0.05,0.05,0.05,100000
TTN,20150220,0.145,0.15,0.145,0.145,705968
TTS,20150220,3.9,4.11,3.85,4.01,11479107
TUP,20150220,0.415,0.42,0.415,0.42,10000
TWD,20150220,3.54,3.56,3.5,3.56,5085
TWE,20150220,5.2,5.235,5.15,5.23,1568921
TWH,20150220,0.002,0.002,0.002,0.002,738200
TWR,20150220,2.25,2.25,2.25,2.25,1760
TYK,20150220,0.002,0.002,0.002,0.002,633000
TZL,20150220,0.125,0.125,0.125,0.125,10150
TZN,20150220,0.125,0.135,0.125,0.135,121185
UBI,20150220,0.29,0.315,0.29,0.295,592608
UBN,20150220,0.785,0.8,0.785,0.8,15999
UEQ,20150220,0.008,0.008,0.008,0.008,31456
UGL,20150220,1.925,1.97,1.91,1.96,1082733
UIL,20150220,0.08,0.08,0.08,0.08,85000
UML,20150220,0.009,0.009,0.009,0.009,120000
UNS,20150220,0.86,0.865,0.855,0.855,192841
UNV,20150220,0.135,0.14,0.135,0.14,250000
UPG,20150220,1.07,1.07,1.055,1.055,17500
URF,20150220,2.16,2.16,2.16,2.16,2757
USA,20150220,0.02,0.022,0.02,0.02,498915
USD,20150220,12.61,12.61,12.57,12.59,90702
USR,20150220,0.925,0.925,0.9,0.9,8000
UXC,20150220,0.81,0.83,0.81,0.83,473866
VAF,20150220,51.51,51.51,50.55,50.6,14497
VAH,20150220,0.48,0.485,0.475,0.485,1433026
VAN,20150220,0.023,0.023,0.023,0.023,500
VAP,20150220,78,78,75.35,75.51,20062
VAR,20150220,0.025,0.025,0.02,0.02,40250
VAS,20150220,74.8,74.83,74.2,74.2,22207
VED,20150220,2.34,2.35,2.3,2.31,1224189
VEI,20150220,0.71,0.715,0.7,0.7,135469
VEU,20150220,63.47,63.47,62.75,62.75,26399
VGB,20150220,49.5,49.59,49.5,49.59,3582
VGE,20150220,59.84,59.84,59.71,59.71,5193
VGS,20150220,57.52,57.55,57.25,57.25,1947
VHY,20150220,68,69.81,68,69.7,18182
VIE,20150220,0.06,0.06,0.055,0.055,136500
VKA,20150220,0.015,0.015,0.015,0.015,378550
VLA,20150220,0.305,0.305,0.29,0.29,222265
VLC,20150220,66.25,66.25,66.12,66.12,996
VLW,20150220,2.17,2.24,2.17,2.2,184997
VMC,20150220,0.15,0.15,0.15,0.15,15000
VMG,20150220,0.008,0.008,0.008,0.008,300000
VML,20150220,0.044,0.044,0.042,0.042,1065000
VMT,20150220,0.034,0.034,0.033,0.034,1840447
VOC,20150220,5.87,5.96,5.54,5.91,2481919
VRL,20150220,6.34,6.45,6.31,6.33,194391
VRT,20150220,8.09,8.12,7.98,8,209814
VRX,20150220,0.026,0.026,0.025,0.025,356279
VSC,20150220,1.57,1.57,1.49,1.49,95467
VSO,20150220,46,46,45.71,45.74,3213
VTG,20150220,1.52,1.52,1.455,1.505,55165
VTM,20150220,0.007,0.007,0.007,0.007,44659
VTS,20150220,139.38,139.93,139.12,139.55,6159
VTX,20150220,0.011,0.011,0.011,0.011,109666
VXL,20150220,0.41,0.425,0.395,0.4,154717
WAA,20150220,1.23,1.23,1.23,1.23,17394
WAC,20150220,0.008,0.008,0.008,0.008,80000
WAF,20150220,0.09,0.09,0.09,0.09,40000
WAM,20150220,2.07,2.08,2.06,2.07,399485
WAT,20150220,1.08,1.08,1.08,1.08,3390
WAX,20150220,1.21,1.215,1.2,1.215,62033
WBA,20150220,1.26,1.26,1.225,1.225,99068
WBB,20150220,5.8,5.85,5.8,5.85,7427
WBC,20150220,38,38.1,37.53,37.63,2752111
WCB,20150220,8.6,8.6,8.6,8.6,1400
WCN,20150220,0.008,0.008,0.007,0.007,1200000
WCP,20150220,0.018,0.018,0.018,0.018,55000
WDS,20150220,0.165,0.17,0.16,0.165,1523470
WEB,20150220,3.55,3.88,3.54,3.88,935123
WES,20150220,45.1,46.6,45.07,46.39,3055331
WFD,20150220,9.82,10,9.8,10,6061667
WFE,20150220,0.003,0.003,0.003,0.003,35000
WGO,20150220,0.002,0.002,0.002,0.002,320000
WHC,20150220,1.65,1.66,1.6,1.625,1670416
WHE,20150220,0.055,0.055,0.055,0.055,50000
WHF,20150220,4.55,4.56,4.55,4.56,9525
WHN,20150220,0.026,0.027,0.026,0.027,52000
WIC,20150220,1.035,1.035,1.035,1.035,45274
WIG,20150220,1.05,1.05,1.05,1.05,10000
WIN,20150220,0.17,0.17,0.17,0.17,1896
WLC,20150220,0.017,0.017,0.016,0.016,26399
WLF,20150220,0.285,0.285,0.27,0.27,22000
WLL,20150220,3.51,3.51,3.51,3.51,369362
WMK,20150220,0.85,0.86,0.85,0.855,287607
WMN,20150220,0.45,0.455,0.44,0.455,430000
WOR,20150220,11.49,11.49,11.15,11.31,637815
WOW,20150220,33.2,33.29,33.07,33.26,2647284
WPG,20150220,0.045,0.045,0.043,0.045,138000
WPL,20150220,35.9,35.91,35.34,35.72,5581620
WRG,20150220,0.001,0.001,0.001,0.001,16000
WRM,20150220,0.028,0.03,0.028,0.03,347000
WSA,20150220,4.15,4.15,4.09,4.13,1571153
WTP,20150220,0.73,0.73,0.715,0.725,30169
WVL,20150220,0.014,0.014,0.012,0.012,3943700
WWI,20150220,0.011,0.011,0.01,0.01,1702513
XAM,20150220,0.085,0.085,0.085,0.085,28482
XRO,20150220,19,19.75,18.7,19.1,91026
XST,20150220,0.016,0.016,0.016,0.016,80000
XTD,20150220,0.165,0.165,0.165,0.165,20282
XTE,20150220,0.4,0.4,0.35,0.4,22983
XTV,20150220,0.023,0.025,0.022,0.023,32529297
YAL,20150220,0.1,0.1,0.092,0.092,21281
YBR,20150220,0.61,0.61,0.6,0.61,96264
YOW,20150220,0.63,0.64,0.615,0.62,350295
YRR,20150220,0.009,0.009,0.009,0.009,444444
ZER,20150220,0.39,0.4,0.39,0.4,503298
ZEU,20150220,0.019,0.02,0.019,0.019,150480
ZGL,20150220,0.24,0.24,0.225,0.225,12090
ZIP,20150220,0.47,0.47,0.46,0.47,189150
ZNZ,20150220,4.4,4.54,4.4,4.54,3077
ZRL,20150220,0.065,0.067,0.05,0.05,178569
XAF,20150220,6009.8,6014.3,5975.6,5985.6,0
XAO,20150220,5869.8,5876.4,5837.7,5845.6,0
XAT,20150220,5849.5,5856.3,5818.8,5827.7,0
XDJ,20150220,1961.3,1972.1,1950.4,1954,0
XEC,20150220,1029.3,1034.2,1024.9,1024.9,0
XEJ,20150220,11969.3,11975.8,11697.7,11779.5,0
XFJ,20150220,6883,6891.5,6820.9,6833,0
XFL,20150220,6081.5,6085.5,6046.9,6056.9,0
XGD,20150220,2651.8,2652.5,2617.6,2617.6,0
XHJ,20150220,18537.3,18751.8,18537.3,18632.7,0
XIJ,20150220,805.4,810.4,797.9,802.4,0
XJO,20150220,5904.2,5910.8,5872.9,5881.5,0
XJR,20150220,3672.3,3672.3,3634.5,3642.4,0
XKO,20150220,5835.3,5841.6,5804.7,5813.1,0
XMD,20150220,5140.4,5165.7,5135.8,5140.9,0
XMJ,20150220,9610.3,9629.8,9566.8,9584.9,0
XMM,20150220,2934.2,2934.2,2910.4,2919,0
XNJ,20150220,4599.3,4611.3,4571.7,4578.6,0
XPJ,20150220,1301.6,1305.1,1295.2,1299.5,0
XSJ,20150220,9889.6,10054.7,9878.6,10037.5,0
XSO,20150220,2204.3,2208.9,2188.3,2190,0
XTJ,20150220,2296.6,2297.6,2278.1,2297,0
XTL,20150220,3701.1,3701.9,3681.9,3688.3,0
XTO,20150220,4928,4933.7,4902.9,4910.4,0
XUJ,20150220,6733.1,6782.6,6671.9,6686.9,0
XXJ,20150220,8016.5,8027.8,7935.9,7950.5,0
