1PG,20150303,1.17,1.36,1.17,1.34,1168375
3DM,20150303,0.13,0.14,0.115,0.125,7550868
3PL,20150303,2.57,2.58,2.4,2.45,632599
8IH,20150303,0.4,0.4,0.39,0.39,90758
AAA,20150303,50.11,50.11,50.09,50.09,21559
AAC,20150303,1.595,1.595,1.55,1.58,906403
AAD,20150303,2.47,2.49,2.45,2.47,6726715
AAJ,20150303,0.011,0.011,0.011,0.011,76000
AAL,20150303,0.002,0.002,0.002,0.002,25000
AAR,20150303,0.011,0.012,0.011,0.012,481585
AAX,20150303,0.34,0.34,0.33,0.335,115648
AB1,20150303,0.22,0.28,0.22,0.22,403090
ABC,20150303,4.28,4.345,4.24,4.29,2012783
ABL,20150303,0.035,0.035,0.035,0.035,163450
ABP,20150303,3.14,3.2,3.06,3.11,624281
ABU,20150303,0.23,0.23,0.225,0.225,822945
ABV,20150303,0.006,0.006,0.006,0.006,611343
ABW,20150303,0.975,0.975,0.975,0.975,55783
ABX,20150303,0.265,0.27,0.26,0.265,213455
ABY,20150303,0.18,0.185,0.175,0.175,392205
ACB,20150303,0.043,0.043,0.043,0.043,3500
ACG,20150303,0.1,0.105,0.1,0.105,47500
ACL,20150303,0.061,0.062,0.061,0.061,390509
ACO,20150303,1.95,2.01,1.95,2,415307
ACQ,20150303,0.77,0.78,0.76,0.78,64171
ACR,20150303,0.98,1.03,0.975,1.02,836251
ACS,20150303,0.13,0.13,0.13,0.13,3000
ACU,20150303,0.022,0.023,0.022,0.023,44805
ACW,20150303,0.066,0.066,0.063,0.064,470860
ACX,20150303,2,2.02,1.95,1.95,82500
ADA,20150303,0.37,0.37,0.37,0.37,13417
ADD,20150303,0.025,0.025,0.025,0.025,2500
ADJ,20150303,0.105,0.105,0.098,0.099,1964700
ADO,20150303,0.093,0.093,0.092,0.092,273893
ADV,20150303,0.006,0.006,0.006,0.006,526548
ADX,20150303,0.005,0.005,0.005,0.005,292297
ADY,20150303,0.029,0.029,0.029,0.029,27250
AEB,20150303,0.04,0.06,0.04,0.06,32507
AEE,20150303,0.026,0.026,0.026,0.026,568000
AEI,20150303,0.52,0.52,0.5,0.5,267970
AFA,20150303,0.28,0.28,0.28,0.28,15983
AFI,20150303,6.21,6.24,6.21,6.22,361802
AFJ,20150303,1.28,1.3,1.25,1.26,1550434
AFR,20150303,0.074,0.074,0.073,0.073,90732
AGE,20150303,0.033,0.033,0.032,0.032,225000
AGF,20150303,1.2,1.205,1.18,1.18,400859
AGG,20150303,2.79,2.79,2.79,2.79,540
AGI,20150303,2.52,2.65,2.51,2.6,1013508
AGL,20150303,15.14,15.19,14.96,15.1,1182830
AGO,20150303,0.18,0.19,0.18,0.18,2329432
AGS,20150303,0.096,0.099,0.095,0.099,441604
AGY,20150303,0.002,0.002,0.002,0.002,1266666
AHD,20150303,12,12.06,11.68,11.91,11698
AHE,20150303,4.22,4.225,4.11,4.15,633965
AHF,20150303,0.25,0.25,0.25,0.25,229982
AHY,20150303,1.715,1.75,1.635,1.65,2571376
AHZ,20150303,0.092,0.093,0.086,0.089,6109372
AIA,20150303,4.3,4.45,4.3,4.41,80145
AIB,20150303,0.85,0.85,0.85,0.85,21000
AIO,20150303,6.49,6.51,6.38,6.44,6978361
AIQ,20150303,0.145,0.145,0.145,0.145,12317
AIR,20150303,0.071,0.071,0.071,0.071,3200
AIZ,20150303,2.81,2.9,2.81,2.84,52644
AJA,20150303,5.14,5.15,5.07,5.08,135431
AJD,20150303,1.3,1.32,1.3,1.31,477080
AJL,20150303,0.35,0.35,0.35,0.35,105300
AJQ,20150303,0.062,0.062,0.062,0.062,50000
AJX,20150303,0.655,0.675,0.645,0.66,685451
AKG,20150303,0.665,0.695,0.665,0.695,34864
AKK,20150303,0.033,0.033,0.032,0.032,452175
AKM,20150303,0.028,0.028,0.028,0.028,121437
AKP,20150303,14,14.3,12.8,13.33,66709
ALA,20150303,0.17,0.17,0.17,0.17,11800
ALF,20150303,1.4,1.42,1.4,1.415,281240
ALK,20150303,0.39,0.39,0.37,0.37,195386
ALL,20150303,7.54,7.65,7.32,7.46,1585729
ALQ,20150303,5.78,5.915,5.76,5.84,1943012
ALR,20150303,1.23,1.23,1.21,1.21,36552
ALT,20150303,0.024,0.024,0.022,0.023,171983
ALU,20150303,4.06,4.09,3.99,4,265625
ALY,20150303,0.02,0.02,0.02,0.02,71300
AMA,20150303,0.47,0.47,0.46,0.46,301740
AMC,20150303,14.06,14.18,13.8,13.89,2976617
AMH,20150303,0.9,0.91,0.9,0.91,222849
AMI,20150303,0.265,0.28,0.265,0.275,335644
AMM,20150303,2.72,2.75,2.71,2.72,514631
AMN,20150303,0.1,0.1,0.1,0.1,1000
AMP,20150303,6.52,6.545,6.36,6.43,16225216
ANG,20150303,0.805,0.81,0.78,0.78,17832
ANI,20150303,2.32,2.35,2.31,2.34,388993
ANN,20150303,25.53,25.85,25.02,25.27,479300
ANO,20150303,0.024,0.024,0.024,0.024,1902
ANP,20150303,0.105,0.105,0.1,0.1,181170
ANZ,20150303,35.73,36.09,35.43,35.66,4740505
AOG,20150303,2.62,2.62,2.59,2.61,861064
AOH,20150303,0.1,0.1,0.099,0.1,247785
AOK,20150303,0.12,0.12,0.115,0.115,708328
AON,20150303,0.011,0.013,0.011,0.013,11986869
AOW,20150303,0.17,0.17,0.16,0.16,220000
APA,20150303,9.66,9.69,9.17,9.27,3941189
APD,20150303,0.43,0.43,0.425,0.425,13462
APE,20150303,6.7,6.9,6.7,6.88,8099
APG,20150303,0.011,0.011,0.011,0.011,30000
API,20150303,1.16,1.24,1.155,1.24,770402
APN,20150303,0.985,0.99,0.97,0.98,1069293
APO,20150303,2.87,2.92,2.78,2.91,499631
APW,20150303,0.145,0.145,0.14,0.14,347348
APX,20150303,0.68,0.68,0.665,0.67,44125
APZ,20150303,1.28,1.29,1.27,1.27,123770
AQC,20150303,0.004,0.004,0.004,0.004,120000
AQD,20150303,0.021,0.022,0.018,0.022,1966882
AQF,20150303,2.08,2.08,2.08,2.08,8175
AQG,20150303,2.83,2.83,2.76,2.78,169953
AQP,20150303,0.25,0.25,0.24,0.24,138318
AQQ,20150303,0.01,0.01,0.01,0.01,100000
AQR,20150303,0.075,0.075,0.075,0.075,44000
ARA,20150303,0.405,0.405,0.405,0.405,95
ARE,20150303,0.01,0.01,0.01,0.01,157957
ARF,20150303,1.75,1.765,1.71,1.74,406086
ARG,20150303,8.03,8.08,8,8.05,194956
ARI,20150303,0.225,0.225,0.22,0.22,2946256
ARP,20150303,12,12.15,11.8,11.92,130270
ARU,20150303,0.051,0.06,0.051,0.06,701023
ARW,20150303,0.165,0.165,0.15,0.15,36557
ARX,20150303,0.003,0.003,0.003,0.003,6250
ASB,20150303,1.59,1.605,1.565,1.59,966345
ASH,20150303,1.47,1.47,1.43,1.46,6369
ASL,20150303,0.385,0.385,0.375,0.375,523840
AST,20150303,1.5,1.51,1.46,1.49,7074465
ASX,20150303,44.77,45.37,43.73,44.11,578182
ASZ,20150303,0.77,0.81,0.77,0.81,821204
ATC,20150303,0.07,0.07,0.07,0.07,97598
ATP,20150303,0.054,0.054,0.054,0.054,20000
ATU,20150303,1.4,1.405,1.38,1.4,21851
AUB,20150303,9.24,9.35,9.1,9.1,18369
AUC,20150303,0.035,0.035,0.035,0.035,100000
AUF,20150303,1.33,1.33,1.33,1.33,22555
AUI,20150303,8.6,8.6,8.55,8.6,19993
AUP,20150303,5.47,5.47,5.47,5.47,12278
AUZ,20150303,0.007,0.007,0.007,0.007,286857
AVB,20150303,0.076,0.079,0.074,0.076,728092
AVG,20150303,0.42,0.42,0.415,0.42,214551
AVH,20150303,0.078,0.079,0.078,0.079,195492
AVJ,20150303,0.63,0.645,0.625,0.63,136640
AVQ,20150303,0.012,0.012,0.012,0.012,3039619
AVX,20150303,0.016,0.016,0.016,0.016,400000
AWC,20150303,1.86,1.87,1.81,1.83,10942094
AWE,20150303,1.235,1.24,1.2,1.225,5186950
AWN,20150303,0.85,0.85,0.85,0.85,40805
AWV,20150303,0.052,0.052,0.052,0.052,50000
AXE,20150303,0.11,0.11,0.11,0.11,7300
AXZ,20150303,0.6,0.6,0.6,0.6,1200
AYC,20150303,0.033,0.033,0.029,0.03,428777
AYD,20150303,80.07,80.07,80.07,80.07,250
AYR,20150303,0.007,0.007,0.007,0.007,125000
AZJ,20150303,4.73,4.74,4.67,4.71,4591763
AZK,20150303,0.026,0.027,0.022,0.022,540000
AZM,20150303,0.028,0.028,0.027,0.028,148936
AZS,20150303,0.015,0.017,0.015,0.016,6820838
AZV,20150303,0.36,0.365,0.35,0.36,369098
AZY,20150303,0.005,0.005,0.005,0.005,700000
AZZ,20150303,0.16,0.16,0.15,0.155,163874
BAF,20150303,1.05,1.05,1.025,1.035,162181
BAL,20150303,2.28,2.285,2.24,2.28,324987
BAP,20150303,2.72,2.75,2.67,2.7,24305
BAS,20150303,0.006,0.006,0.005,0.005,991694
BAU,20150303,0.09,0.094,0.09,0.094,48913
BBG,20150303,0.59,0.59,0.51,0.56,1592787
BBR,20150303,0.2,0.2,0.19,0.2,50000
BCI,20150303,0.485,0.49,0.475,0.475,1584967
BCN,20150303,0.005,0.005,0.005,0.005,8336300
BDI,20150303,0.001,0.001,0.001,0.001,3403
BDR,20150303,0.3,0.305,0.29,0.295,7268787
BEAR,20150303,16.07,16.25,15.99,16.15,134950
BEN,20150303,12.86,12.98,12.74,12.88,1639737
BFG,20150303,0.545,0.55,0.53,0.55,266662
BGA,20150303,4.93,4.96,4.81,4.85,270041
BGD,20150303,0.01,0.01,0.01,0.01,76000
BGG,20150303,0.075,0.08,0.075,0.08,25000
BGL,20150303,0.74,0.79,0.74,0.79,289182
BGS,20150303,0.017,0.017,0.016,0.016,870347
BHP,20150303,33.65,33.85,33.33,33.54,8604370
BIG,20150303,0.17,0.17,0.17,0.17,783
BIT,20150303,0.135,0.14,0.135,0.14,298793
BKI,20150303,1.77,1.79,1.755,1.76,162877
BKL,20150303,46.2,46.2,45,45.6,11220
BKM,20150303,0.001,0.001,0.001,0.001,250000
BKN,20150303,2.24,2.27,2.18,2.24,952787
BKW,20150303,13.29,13.38,13.14,13.37,19703
BKY,20150303,0.21,0.21,0.19,0.2,441597
BLA,20150303,3.95,3.97,3.9,3.91,42462
BLD,20150303,6.13,6.18,6.08,6.09,3960249
BLG,20150303,0.08,0.08,0.08,0.08,83000
BLK,20150303,0.125,0.13,0.125,0.13,1115417
BLR,20150303,0.003,0.003,0.003,0.003,19905076
BLT,20150303,0.89,0.9,0.845,0.87,199903
BLX,20150303,1.85,1.9,1.82,1.88,29727
BLY,20150303,0.24,0.245,0.21,0.215,1620293
BMB,20150303,0.018,0.019,0.018,0.019,2392926
BMG,20150303,0.01,0.01,0.01,0.01,100000
BML,20150303,0.015,0.015,0.015,0.015,1165309
BMN,20150303,0.065,0.065,0.065,0.065,31500
BNE,20150303,0.008,0.008,0.008,0.008,248808
BNO,20150303,0.515,0.515,0.495,0.51,370519
BOA,20150303,0.205,0.205,0.19,0.19,25000
BOC,20150303,0.21,0.23,0.21,0.23,1800483
BOE,20150303,0.018,0.018,0.018,0.018,301674
BOK,20150303,0.435,0.435,0.41,0.41,12000
BOL,20150303,0.13,0.135,0.13,0.135,54500
BOQ,20150303,14.22,14.38,14.01,14.08,1698182
BPF,20150303,0.28,0.28,0.275,0.275,46966
BPS,20150303,0.86,0.86,0.86,0.86,38250
BPT,20150303,1.075,1.077,1.03,1.045,3811100
BRG,20150303,7.52,7.525,7.28,7.38,430203
BRL,20150303,0.047,0.048,0.045,0.046,228441
BRO,20150303,0.003,0.004,0.003,0.004,10180936
BRU,20150303,0.38,0.38,0.37,0.37,319060
BSA,20150303,0.157,0.16,0.155,0.155,4090226
BSE,20150303,0.1,0.105,0.1,0.105,15000
BSL,20150303,4.75,4.81,4.66,4.73,2093235
BSR,20150303,0.013,0.013,0.012,0.013,3992952
BTC,20150303,0.105,0.105,0.095,0.095,118000
BTI,20150303,0.92,0.92,0.91,0.91,20000
BTT,20150303,8.5,8.64,8.3,8.43,103714
BUL,20150303,0.036,0.037,0.036,0.037,101674
BUX,20150303,0.155,0.16,0.14,0.15,789726
BUY,20150303,0.012,0.012,0.012,0.012,598500
BWF,20150303,0.37,0.375,0.365,0.365,23202
BWP,20150303,3.04,3.08,2.975,2.99,1128537
BXB,20150303,11.12,11.23,11,11.08,7131369
BXN,20150303,0.013,0.013,0.013,0.013,24500
BYE,20150303,0.355,0.355,0.355,0.355,2595
BYI,20150303,1.4,1.4,1.375,1.375,20554
BYL,20150303,0.41,0.41,0.395,0.4,276939
BYR,20150303,0.03,0.03,0.029,0.029,439000
BZL,20150303,0.05,0.05,0.05,0.05,500
CAA,20150303,0.15,0.155,0.15,0.155,85000
CAB,20150303,5.4,5.4,5.19,5.22,499082
CAD,20150303,0.013,0.013,0.012,0.012,1830222
CAF,20150303,0.53,0.55,0.53,0.55,101850
CAJ,20150303,0.945,0.945,0.935,0.945,639907
CAM,20150303,0.955,0.955,0.945,0.95,154400
CAP,20150303,0.041,0.041,0.041,0.041,21428
CAR,20150303,10.18,10.21,10.1,10.19,4682993
CAT,20150303,0.6,0.6,0.6,0.6,107398
CAV,20150303,0.012,0.012,0.011,0.011,850400
CBA,20150303,92.67,93.48,91.33,91.92,2649418
CBC,20150303,1.015,1.02,1.015,1.02,34380
CBQ,20150303,0.003,0.003,0.003,0.003,75000
CCC,20150303,0.002,0.003,0.002,0.002,34682928
CCL,20150303,10.5,10.62,10.285,10.34,2389622
CCP,20150303,11.68,11.75,11.68,11.75,55604
CCV,20150303,0.955,0.96,0.905,0.92,2537543
CDA,20150303,0.96,0.98,0.95,0.95,92847
CDD,20150303,3.23,3.35,3.22,3.33,525057
CDM,20150303,1.46,1.46,1.44,1.445,329720
CDP,20150303,6.73,6.77,6.73,6.76,16995
CDT,20150303,0.015,0.015,0.015,0.015,219500
CDY,20150303,0.024,0.024,0.024,0.024,281822
CEL,20150303,0.055,0.055,0.053,0.053,218413
CFE,20150303,0.076,0.077,0.076,0.077,120357
CGF,20150303,7.04,7.08,6.91,7.01,2438510
CGH,20150303,0.24,0.245,0.235,0.245,269916
CGN,20150303,0.105,0.105,0.105,0.105,392
CGO,20150303,0.58,0.58,0.56,0.56,20429
CGR,20150303,0.2,0.2,0.19,0.2,295267
CGS,20150303,0.17,0.185,0.17,0.185,68465
CHC,20150303,5.03,5.11,4.905,4.96,523325
CHN,20150303,0.125,0.135,0.125,0.13,1074371
CHR,20150303,2.9,2.9,2.9,2.9,5000
CHZ,20150303,0.032,0.032,0.031,0.031,43750
CII,20150303,0.84,0.84,0.84,0.84,6600
CIN,20150303,31.5,31.5,30.4,30.4,1855
CIR,20150303,0.165,0.165,0.16,0.16,7000
CIW,20150303,0.71,0.71,0.71,0.71,10000
CJC,20150303,0.001,0.001,0.001,0.001,362279
CKA,20150303,0.14,0.14,0.12,0.12,661769
CKF,20150303,2.71,2.71,2.42,2.53,239839
CKL,20150303,0.59,0.59,0.54,0.54,49500
CL8,20150303,0.017,0.017,0.017,0.017,1210422
CLH,20150303,2.29,2.31,2.24,2.3,329657
CLQ,20150303,0.105,0.12,0.105,0.115,2111733
CLV,20150303,0.305,0.305,0.3,0.3,8040
CLX,20150303,1.3,1.3,1.3,1.3,8000
CM8,20150303,0.2,0.2,0.19,0.195,306675
CMA,20150303,2.28,2.28,2.25,2.25,10869
CMC,20150303,0.062,0.062,0.062,0.062,54055
CMG,20150303,0.542,0.545,0.54,0.54,220762
CMP,20150303,0.115,0.115,0.115,0.115,173790
CMW,20150303,1.175,1.19,1.155,1.165,3613272
CMY,20150303,0.008,0.008,0.008,0.008,100000
CND,20150303,0.245,0.245,0.245,0.245,20488
CNI,20150303,1.06,1.06,1.06,1.06,707
CNN,20150303,0.002,0.002,0.002,0.002,1985025
CNU,20150303,2.79,2.81,2.74,2.78,65043
CNX,20150303,0.026,0.028,0.026,0.026,572782
COE,20150303,0.23,0.23,0.225,0.225,41810
COF,20150303,0.2,0.205,0.195,0.195,115266
COH,20150303,89.2,89.48,87.51,88.62,271931
COI,20150303,0.093,0.093,0.093,0.093,44842
COK,20150303,0.003,0.003,0.002,0.002,3377349
COY,20150303,0.004,0.004,0.003,0.003,108600
COZ,20150303,0.073,0.074,0.073,0.073,833019
CPL,20150303,0.021,0.023,0.021,0.022,4791890
CPU,20150303,12.67,12.895,12.67,12.75,2036818
CQR,20150303,4.61,4.67,4.49,4.53,1693660
CRB,20150303,0.043,0.046,0.043,0.045,225000
CSD,20150303,0.048,0.048,0.047,0.047,696577
CSE,20150303,0.27,0.27,0.265,0.265,105000
CSL,20150303,92.6,93.03,91.4,91.8,885207
CSR,20150303,4.28,4.35,4.27,4.3,2241743
CSS,20150303,0.073,0.073,0.073,0.073,409714
CSV,20150303,1.305,1.33,1.28,1.33,144871
CTD,20150303,11.95,12.5,11.8,12.21,784816
CTE,20150303,0.4,0.4,0.4,0.4,5000
CTM,20150303,0.026,0.03,0.026,0.03,67680
CTN,20150303,1.07,1.08,1.07,1.075,829518
CTO,20150303,0.031,0.031,0.019,0.019,37779204
CTP,20150303,0.16,0.16,0.145,0.145,260520
CTX,20150303,38.7,38.81,38.14,38.75,770063
CUE,20150303,0.105,0.105,0.1,0.105,290940
CUL,20150303,0.006,0.006,0.006,0.006,130667
CUP,20150303,1.13,1.13,1.105,1.105,130708
CUV,20150303,3.32,3.4,3.1,3.1,5303
CVC,20150303,1.495,1.5,1.495,1.5,15351
CVG,20150303,0.018,0.019,0.017,0.017,366667
CVN,20150303,0.15,0.16,0.145,0.15,1993843
CVO,20150303,2.01,2.03,1.96,2,984138
CVR,20150303,0.001,0.001,0.001,0.001,4392160
CVS,20150303,0.01,0.01,0.007,0.007,392000
CVT,20150303,0.24,0.25,0.24,0.24,509753
CVV,20150303,0.01,0.011,0.01,0.01,2189629
CVW,20150303,1.075,1.08,1.075,1.075,50000
CWE,20150303,0.069,0.069,0.066,0.066,4858665
CWN,20150303,15.49,15.63,15.35,15.52,1706123
CWP,20150303,6.27,6.35,6.22,6.3,79233
CXM,20150303,0.091,0.091,0.091,0.091,15207
CXO,20150303,0.031,0.031,0.031,0.031,100000
CXX,20150303,0.175,0.175,0.175,0.175,81900
CXZ,20150303,0.205,0.23,0.2,0.2,583549
CYA,20150303,0.955,0.96,0.94,0.94,35548
CYG,20150303,2.09,2.1,2.07,2.08,25750
CYP,20150303,1.265,1.265,1.15,1.205,1477387
CYU,20150303,0.02,0.021,0.02,0.021,225000
CZI,20150303,0.07,0.071,0.069,0.07,295645
CZN,20150303,0.004,0.004,0.004,0.004,200000
CZR,20150303,0.02,0.02,0.019,0.02,426750
CZZ,20150303,9.89,10.08,9.85,9.97,14217
DAF,20150303,0.01,0.01,0.01,0.01,11000
DCC,20150303,0.12,0.12,0.09,0.09,440167
DCG,20150303,1.4,1.42,1.385,1.41,32656
DCN,20150303,0.41,0.41,0.4,0.4,45305
DDR,20150303,1.69,1.69,1.61,1.61,43828
DDT,20150303,0.03,0.03,0.03,0.03,391913
DGA,20150303,1.3,1.3,1.3,1.3,10000
DGR,20150303,0.04,0.04,0.04,0.04,50000
DGX,20150303,0.035,0.035,0.035,0.035,13095
DIG,20150303,0.375,0.375,0.375,0.375,46
DIV,20150303,22.33,22.33,22.33,22.33,540
DJW,20150303,4.62,4.65,4.62,4.62,148282
DKM,20150303,0.16,0.16,0.16,0.16,20000
DKO,20150303,0.017,0.017,0.017,0.017,1110
DLS,20150303,0.99,0.99,0.952,0.98,1456743
DLX,20150303,6.37,6.39,6.24,6.28,1455654
DMI,20150303,0.07,0.07,0.07,0.07,50000
DMP,20150303,37,37.715,36.2,36.49,192226
DNA,20150303,0.66,0.695,0.66,0.68,8723983
DOW,20150303,4.41,4.49,4.41,4.43,2029786
DRA,20150303,0.15,0.15,0.15,0.15,10000
DRG,20150303,0.026,0.028,0.026,0.028,500000
DRM,20150303,0.51,0.51,0.495,0.5,438268
DSB,20150303,0.16,0.16,0.16,0.16,5000
DSH,20150303,2.16,2.18,2.14,2.17,1338820
DSX,20150303,0.17,0.17,0.17,0.17,60000
DTI,20150303,0.45,0.495,0.45,0.45,397117
DTL,20150303,0.79,0.79,0.785,0.79,18231
DTM,20150303,0.025,0.025,0.024,0.024,50000
DUE,20150303,2.56,2.57,2.525,2.53,6116427
DUI,20150303,3.65,3.65,3.55,3.64,46477
DUO,20150303,0.003,0.003,0.003,0.003,671666
DVA,20150303,0.4,0.4,0.4,0.4,32500
DVI,20150303,0.012,0.012,0.011,0.011,670234
DVL,20150303,0.365,0.365,0.35,0.35,337702
DVN,20150303,0.93,0.93,0.925,0.925,320000
DWS,20150303,1.04,1.045,1.01,1.035,168906
DXS,20150303,8.12,8.18,7.98,8.05,3662876
DYE,20150303,0.2,0.21,0.2,0.21,562637
DYL,20150303,0.013,0.014,0.013,0.014,1144759
E88,20150303,0.155,0.165,0.14,0.145,2094862
EAL,20150303,0.23,0.24,0.23,0.24,37540
EAS,20150303,0.68,0.68,0.68,0.68,133334
EAX,20150303,1.87,1.9,1.87,1.9,19257
EBG,20150303,0.059,0.059,0.059,0.059,4000
EBT,20150303,3.9,3.99,3.9,3.99,9126
ECG,20150303,0.355,0.355,0.35,0.35,50000
EDE,20150303,0.009,0.009,0.009,0.009,503074
EEG,20150303,0.026,0.026,0.026,0.026,138205
EEU,20150303,14.18,14.18,14.11,14.11,3000
EGG,20150303,0.84,0.84,0.84,0.84,600
EGH,20150303,0.365,0.365,0.335,0.36,414377
EGI,20150303,1.17,1.17,1.16,1.16,16800
EGN,20150303,0.1,0.1,0.1,0.1,8375
EGO,20150303,0.005,0.006,0.005,0.006,2350000
EGP,20150303,4.36,4.45,4.35,4.43,7095505
EHE,20150303,5.75,5.75,5.6,5.7,715168
EHL,20150303,0.13,0.13,0.125,0.125,117319
ELD,20150303,2.75,2.75,2.61,2.64,455710
ELK,20150303,0.026,0.028,0.026,0.028,119000
ELM,20150303,0.24,0.24,0.23,0.24,260000
ELT,20150303,0.006,0.006,0.005,0.005,11268088
ELX,20150303,0.345,0.345,0.345,0.345,7000
EME,20150303,0.125,0.135,0.125,0.135,1017000
EMH,20150303,0.076,0.076,0.076,0.076,21000
EML,20150303,0.68,0.68,0.665,0.665,92749
EMR,20150303,0.024,0.024,0.024,0.024,316833
EMX,20150303,0.048,0.049,0.046,0.046,417766
ENE,20150303,6.37,6.45,6.33,6.33,62992
ENN,20150303,1.75,1.78,1.75,1.78,55000
ENR,20150303,0.13,0.13,0.13,0.13,9000
ENT,20150303,0.02,0.02,0.019,0.019,150000
EOR,20150303,0.012,0.012,0.012,0.012,100000
EOS,20150303,0.66,0.66,0.6,0.615,15289
EPD,20150303,0.755,0.77,0.72,0.72,705807
EPM,20150303,0.003,0.003,0.003,0.003,1850000
EPW,20150303,2.17,2.17,2.13,2.16,344741
EPX,20150303,1.86,1.88,1.855,1.88,46076
EQT,20150303,21.2,21.5,21.2,21.49,36440
ERA,20150303,1.32,1.34,1.31,1.34,202200
ERJ,20150303,0.029,0.029,0.025,0.027,3559382
ERM,20150303,0.031,0.032,0.029,0.029,268539
ERX,20150303,0.215,0.215,0.215,0.215,35000
ESI,20150303,0.008,0.008,0.008,0.008,1113866
ESR,20150303,0.021,0.03,0.02,0.03,69180
ESV,20150303,0.53,0.53,0.44,0.475,225622
ETE,20150303,0.025,0.025,0.024,0.024,21271
ETF,20150303,22.61,22.61,22.61,22.61,253
EVM,20150303,0.055,0.055,0.053,0.053,285250
EVN,20150303,0.845,0.855,0.825,0.84,4813818
EVR,20150303,0.61,0.61,0.61,0.61,246898
EVZ,20150303,0.02,0.02,0.02,0.02,497603
EWC,20150303,0.35,0.37,0.345,0.37,560509
EXE,20150303,0.024,0.024,0.024,0.024,502638
EXG,20150303,0.11,0.11,0.097,0.098,1350742
EZA,20150303,0.12,0.12,0.12,0.12,100000
EZL,20150303,1.05,1.06,1.05,1.06,17310
FAN,20150303,2.18,2.18,2.06,2.15,13987
FAR,20150303,0.094,0.094,0.093,0.094,1682418
FBU,20150303,8.36,8.42,8.29,8.32,2866054
FCN,20150303,0.007,0.007,0.007,0.007,53500
FDC,20150303,3.06,3.11,3,3.04,7369699
FET,20150303,2.23,2.25,2.2,2.25,440549
FFF,20150303,0.012,0.012,0.01,0.01,1495000
FFG,20150303,0.26,0.265,0.245,0.265,301222
FFI,20150303,3.66,3.66,3.66,3.66,10510
FGF,20150303,0.006,0.006,0.006,0.006,145000
FGX,20150303,1.12,1.12,1.115,1.115,355157
FID,20150303,1.87,1.87,1.86,1.86,36700
FIE,20150303,0.025,0.025,0.025,0.025,25000
FLK,20150303,0.23,0.23,0.23,0.23,314165
FLN,20150303,0.885,0.91,0.875,0.905,295130
FLR,20150303,0.004,0.004,0.004,0.004,50000
FLT,20150303,42.06,42.54,41.57,42.38,538218
FMG,20150303,2.46,2.5,2.41,2.42,13503324
FML,20150303,0.01,0.01,0.009,0.009,1495077
FMS,20150303,0.015,0.015,0.014,0.014,1753195
FND,20150303,0.14,0.14,0.137,0.137,553334
FNP,20150303,3.05,3.05,3.01,3.01,84738
FNT,20150303,0.006,0.006,0.006,0.006,294433
FPH,20150303,6.5,6.59,6.17,6.53,197244
FRI,20150303,1.255,1.255,1.24,1.245,117412
FRM,20150303,0.32,0.32,0.3,0.3,26141
FSA,20150303,1.275,1.285,1.275,1.275,158908
FSF,20150303,5.79,5.8,5.74,5.8,2851
FSI,20150303,1.535,1.535,1.53,1.535,8689
FTE,20150303,0.003,0.003,0.003,0.003,1610000
FUN,20150303,0.028,0.028,0.026,0.026,628000
FWD,20150303,1.33,1.35,1.32,1.34,98352
FXJ,20150303,0.95,0.97,0.95,0.965,9365592
FXL,20150303,3.53,3.53,3.46,3.5,859074
FXR,20150303,0.002,0.003,0.002,0.003,179000
GAL,20150303,0.007,0.007,0.007,0.007,25655
GAP,20150303,0.2,0.2,0.19,0.19,150000
GBE,20150303,0.025,0.025,0.024,0.024,306171
GBG,20150303,0.024,0.024,0.022,0.022,806825
GBI,20150303,0.215,0.215,0.215,0.215,25834
GBT,20150303,4.98,5.01,4.88,4.88,96124
GCR,20150303,0.068,0.068,0.068,0.068,27778
GCS,20150303,0.58,0.58,0.56,0.56,1465
GDI,20150303,0.945,0.955,0.94,0.95,3055838
GDY,20150303,0.04,0.04,0.039,0.039,17409
GEG,20150303,1.25,1.25,1.17,1.18,195286
GEM,20150303,4.19,4.26,4.06,4.11,3181434
GER,20150303,0.067,0.067,0.067,0.067,50000
GFF,20150303,0.675,0.675,0.67,0.67,21682024
GFL,20150303,1.615,1.615,1.615,1.615,9222
GFY,20150303,3.44,3.46,3.44,3.45,69855
GGE,20150303,0.007,0.007,0.007,0.007,330399
GGG,20150303,0.063,0.065,0.058,0.065,764562
GHC,20150303,1.62,1.64,1.6,1.6,199999
GID,20150303,0.29,0.3,0.29,0.295,95951
GIP,20150303,0.002,0.002,0.002,0.002,46155
GJT,20150303,1.88,1.88,1.86,1.86,9068
GLB,20150303,0.95,0.95,0.95,0.95,390
GLH,20150303,0.265,0.265,0.26,0.26,12940
GMA,20150303,3.28,3.34,3.21,3.33,1847422
GME,20150303,0.03,0.03,0.03,0.03,100000
GMF,20150303,2.16,2.17,2.16,2.16,39300
GMG,20150303,6.41,6.48,6.3,6.36,4251478
GMM,20150303,0.053,0.053,0.049,0.052,769916
GMR,20150303,0.009,0.009,0.009,0.009,450000
GNC,20150303,9.73,9.81,9.68,9.75,575200
GNE,20150303,2.2,2.21,2.19,2.2,36199
GNG,20150303,0.88,0.9,0.88,0.9,9800
GOLD,20150303,148.99,149.22,147.51,147.7,7648
GOR,20150303,0.37,0.37,0.36,0.36,193612
GOW,20150303,3.17,3.2,3.17,3.2,1760
GOZ,20150303,3.04,3.09,3.01,3.03,366252
GPG,20150303,0.44,0.45,0.44,0.45,102319
GPR,20150303,0.045,0.045,0.045,0.045,149216
GPT,20150303,4.81,4.87,4.76,4.81,15439089
GRB,20150303,0.079,0.079,0.076,0.076,245401
GRF,20150303,1.61,1.61,1.61,1.61,3725
GRR,20150303,0.11,0.12,0.11,0.12,1503663
GRY,20150303,0.075,0.075,0.073,0.073,885602
GTG,20150303,0.048,0.054,0.045,0.047,16920585
GTK,20150303,2.26,2.26,2.26,2.26,85000
GTR,20150303,0.02,0.023,0.02,0.023,45000
GUD,20150303,7.74,7.82,7.65,7.75,289306
GUF,20150303,0.034,0.034,0.034,0.034,8149
GVF,20150303,1.095,1.095,1.08,1.08,23121
GWA,20150303,2.52,2.53,2.46,2.49,652477
GXL,20150303,9.15,9.17,8.89,9.03,601066
HAS,20150303,0.076,0.076,0.075,0.075,855000
HAV,20150303,0.205,0.215,0.205,0.215,107423
HAW,20150303,0.018,0.019,0.018,0.019,13958
HCH,20150303,0.135,0.145,0.135,0.145,151311
HCT,20150303,0.06,0.06,0.06,0.06,1000
HDX,20150303,0.145,0.145,0.125,0.125,28207
HEG,20150303,0.005,0.005,0.005,0.005,95000
HFA,20150303,1.65,1.685,1.65,1.67,196550
HFR,20150303,0.86,0.89,0.86,0.89,1321000
HGG,20150303,5.26,5.34,5.245,5.27,3770073
HGO,20150303,0.355,0.37,0.355,0.36,185295
HHL,20150303,2.44,2.46,2.42,2.46,35430
HHV,20150303,1.37,1.37,1.335,1.34,540440
HHY,20150303,0.17,0.17,0.17,0.17,74000
HIG,20150303,0.057,0.059,0.057,0.059,460348
HIL,20150303,0.91,0.915,0.88,0.88,805969
HLO,20150303,0.35,0.35,0.34,0.34,27000
HLX,20150303,0.036,0.036,0.036,0.036,12500
HNG,20150303,0.32,0.33,0.32,0.32,16298
HOG,20150303,0.007,0.007,0.007,0.007,50000
HOM,20150303,0.66,0.66,0.66,0.66,1000
HOR,20150303,0.032,0.032,0.032,0.032,27000
HPI,20150303,2.64,2.64,2.58,2.6,92943
HPR,20150303,0.125,0.125,0.12,0.12,359234
HRR,20150303,0.14,0.14,0.14,0.14,114488
HSK,20150303,0.11,0.11,0.11,0.11,1775000
HSN,20150303,2.2,2.21,2.15,2.16,284935
HSO,20150303,3.03,3.15,3.03,3.04,3196453
HUB,20150303,1.2,1.3,1.2,1.2,215174
HUO,20150303,4.89,4.89,4.76,4.8,35021
HVN,20150303,4.33,4.415,4.29,4.39,2480231
HZN,20150303,0.125,0.13,0.125,0.13,4593839
IAA,20150303,65.5,65.5,63.9,64,36095
IAB,20150303,0.8,0.8,0.75,0.75,43970
IAF,20150303,108.1,108.59,108.1,108.36,1859
IAG,20150303,5.93,5.94,5.68,5.76,15212760
IAU,20150303,0.12,0.12,0.12,0.12,594963
IBG,20150303,0.096,0.096,0.095,0.096,434324
IBK,20150303,47.75,47.75,47.21,47.21,1674
ICG,20150303,0.024,0.025,0.024,0.024,6103705
ICN,20150303,0.078,0.079,0.075,0.078,312259
ICQ,20150303,1.1,1.11,1.095,1.105,128174
ICT,20150303,0.135,0.135,0.135,0.135,7296
ICU,20150303,0.18,0.19,0.18,0.185,90052
ICX,20150303,0.021,0.021,0.02,0.02,120000
IDC,20150303,0.007,0.008,0.007,0.007,1387606
IDO,20150303,0.015,0.015,0.015,0.015,7500
IDR,20150303,2.01,2.02,2,2.01,302221
IDT,20150303,0.145,0.15,0.145,0.145,133500
IEC,20150303,0.009,0.009,0.008,0.008,327500
IEM,20150303,53.15,53.15,51.85,51.85,17736
IEU,20150303,60.02,60.02,58.45,58.66,186558
IFL,20150303,10.68,10.73,10.4,10.56,2161042
IFM,20150303,1.145,1.18,1.14,1.155,602356
IFN,20150303,0.265,0.27,0.262,0.265,2854449
IGB,20150303,108.12,108.12,108.12,108.12,181
IGO,20150303,5.75,5.78,5.64,5.69,1729370
IHD,20150303,16.33,16.33,16.14,16.14,35008
IIL,20150303,0.2,0.2,0.175,0.175,107000
IIN,20150303,6.55,6.55,6.39,6.45,1761888
IJH,20150303,195.82,195.85,195.16,195.52,463
IJP,20150303,16.03,16.03,15.72,15.72,35908
IJR,20150303,150.83,151.81,150.79,150.79,1376
ILB,20150303,118,118,117.91,117.97,250
ILC,20150303,27.22,27.29,26.93,26.98,481820
ILU,20150303,8.35,8.55,8.2,8.24,2244514
IMA,20150303,0.11,0.11,0.11,0.11,114350
IMC,20150303,0.19,0.19,0.185,0.185,27359
IMD,20150303,0.32,0.325,0.315,0.32,432802
IMF,20150303,2.46,2.47,2.44,2.46,142005
IMI,20150303,0.001,0.001,0.001,0.001,333333
IMU,20150303,0.01,0.01,0.01,0.01,1750000
INA,20150303,0.42,0.422,0.415,0.42,4921873
IND,20150303,0.021,0.022,0.021,0.022,336334
IOF,20150303,4.1,4.15,4.03,4.05,3207956
IOG,20150303,0.025,0.025,0.025,0.025,39000
IOO,20150303,102,102.28,100.8,100.8,27937
IOZ,20150303,26.08,26.09,25.67,25.69,38379
IPB,20150303,0.016,0.016,0.016,0.016,10000
IPD,20150303,0.79,0.805,0.755,0.785,1760915
IPE,20150303,0.32,0.32,0.32,0.32,184000
IPH,20150303,4.71,4.99,4.71,4.9,118955
IPL,20150303,4.03,4.08,3.945,3.97,9089495
IPP,20150303,2.89,2.95,2.85,2.93,375071
IQE,20150303,2.3,2.3,2.25,2.25,118679
IRD,20150303,0.15,0.15,0.15,0.15,6500
IRE,20150303,9.77,9.84,9.63,9.75,685433
IRI,20150303,1.795,1.795,1.69,1.69,179951
IRL,20150303,0.004,0.004,0.004,0.004,79920
IRU,20150303,159.3,159.3,157.5,157.5,1035
ISD,20150303,3.25,3.36,3.25,3.35,158041
ISG,20150303,16.53,16.53,16.44,16.44,1120
ISN,20150303,0.087,0.12,0.087,0.105,1472576
ISO,20150303,4.06,4.06,4,4,20853
ISU,20150303,1.46,1.555,1.46,1.55,1229526
ITD,20150303,0.23,0.23,0.23,0.23,4668
IVC,20150303,13.92,14.17,13.45,13.68,247135
IVE,20150303,84.99,85.07,83.43,83.47,28927
IVR,20150303,0.013,0.013,0.013,0.013,126871
IVV,20150303,274,275.55,272.33,272.95,33737
IVX,20150303,0.045,0.045,0.042,0.042,418808
IWG,20150303,0.37,0.375,0.36,0.37,1263311
IXI,20150303,121.85,121.93,120.67,120.7,3354
IXJ,20150303,137.3,138.86,137,137.15,21121
IXP,20150303,82.55,82.55,82.16,82.2,751
IXR,20150303,0.012,0.013,0.012,0.013,47500
IZZ,20150303,57,57,55.46,55.67,6972
JAL,20150303,0.07,0.07,0.07,0.07,60000
JBH,20150303,17.6,17.77,17.35,17.53,857325
JCS,20150303,0.007,0.007,0.006,0.007,1715040
JHC,20150303,2.67,2.7,2.66,2.67,1953694
JHX,20150303,15.18,15.33,14.97,15.09,1856206
JIN,20150303,1,1,1,1,15745
JPR,20150303,0.3,0.3,0.3,0.3,2667
JRL,20150303,0.2,0.2,0.2,0.2,9500
JRV,20150303,0.094,0.105,0.094,0.105,450000
JVG,20150303,0.002,0.002,0.001,0.001,560000
KAM,20150303,0.64,0.64,0.64,0.64,53500
KAR,20150303,2.7,2.76,2.67,2.69,1105208
KAS,20150303,0.045,0.045,0.043,0.043,268128
KBC,20150303,0.19,0.19,0.19,0.19,194674
KBL,20150303,0.022,0.023,0.022,0.023,2424016
KCN,20150303,0.76,0.77,0.68,0.71,2433448
KDL,20150303,0.1,0.1,0.096,0.096,37060
KDR,20150303,0.058,0.065,0.058,0.065,70500
KFE,20150303,0.023,0.023,0.023,0.023,100000
KGD,20150303,0.055,0.06,0.055,0.06,50000
KGL,20150303,0.15,0.16,0.15,0.155,119650
KIN,20150303,0.13,0.13,0.12,0.125,370000
KIS,20150303,0.155,0.155,0.14,0.15,133375
KKL,20150303,0.009,0.009,0.008,0.008,1293237
KKT,20150303,0.135,0.15,0.135,0.15,80751
KMD,20150303,1.485,1.505,1.47,1.49,404825
KME,20150303,0.39,0.39,0.39,0.39,3292
KNL,20150303,0.17,0.17,0.16,0.16,292147
KOR,20150303,0.037,0.037,0.037,0.037,50000
KOV,20150303,4.45,4.55,4.45,4.5,9711
KPC,20150303,0.13,0.13,0.13,0.13,2100
KPL,20150303,0.26,0.26,0.26,0.26,40000
KRB,20150303,0.079,0.079,0.079,0.079,87746
KRC,20150303,0.024,0.024,0.024,0.024,173207
KRL,20150303,0.006,0.006,0.006,0.006,66700
KRM,20150303,0.3,0.3,0.29,0.29,132269
KSC,20150303,1.41,1.41,1.4,1.4,69300
KSO,20150303,0.002,0.002,0.002,0.002,35000
LAA,20150303,0.315,0.32,0.3,0.32,355175
LAU,20150303,0.495,0.495,0.495,0.495,20300
LBL,20150303,0.095,0.095,0.095,0.095,50000
LCM,20150303,0.755,0.755,0.72,0.73,366514
LCR,20150303,0.003,0.003,0.003,0.003,180000
LCT,20150303,0.055,0.055,0.055,0.055,1000
LCY,20150303,0.006,0.006,0.006,0.006,40000
LEG,20150303,0.007,0.007,0.007,0.007,240100
LEI,20150303,22.1,22.22,21.96,22.07,376979
LEP,20150303,3.47,3.47,3.44,3.46,47581
LGD,20150303,0.23,0.23,0.23,0.23,85000
LHB,20150303,0.15,0.15,0.15,0.15,15000
LHC,20150303,2.94,2.94,2.84,2.87,114601
LIC,20150303,2.4,2.4,2.35,2.4,28092
LKO,20150303,0.004,0.004,0.004,0.004,2464992
LLC,20150303,17.7,17.7,17.02,17.23,1484403
LMB,20150303,0.11,0.115,0.11,0.115,147198
LMG,20150303,0.013,0.014,0.013,0.014,1095500
LML,20150303,0.055,0.055,0.053,0.054,578722
LNG,20150303,3.58,3.58,3.47,3.49,3064912
LNR,20150303,0.205,0.205,0.19,0.2,944495
LNY,20150303,0.005,0.005,0.005,0.005,5103333
LOM,20150303,0.215,0.22,0.2,0.2,663548
LOV,20150303,2.32,2.4,2.27,2.35,316815
LRS,20150303,0.013,0.013,0.013,0.013,90000
LSR,20150303,0.01,0.01,0.009,0.009,1053213
LSX,20150303,0.225,0.225,0.225,0.225,475
LTN,20150303,0.085,0.085,0.085,0.085,3939523
LYC,20150303,0.056,0.056,0.052,0.053,10849816
LYL,20150303,1.5,1.5,1.49,1.5,15716
MAD,20150303,0.147,0.155,0.145,0.145,868547
MAH,20150303,0.045,0.051,0.045,0.05,2670316
MAK,20150303,0.066,0.066,0.065,0.065,194884
MAQ,20150303,4.85,4.85,4.8,4.8,2200
MAR,20150303,0.006,0.006,0.006,0.006,259140
MAT,20150303,0.155,0.155,0.15,0.15,20537
MAU,20150303,0.061,0.061,0.061,0.061,2000
MBC,20150303,0.11,0.11,0.11,0.11,12000
MBE,20150303,0.17,0.172,0.165,0.165,256732
MBK,20150303,0.011,0.011,0.01,0.011,260000
MBN,20150303,0.065,0.072,0.054,0.054,29847958
MBO,20150303,0.055,0.055,0.055,0.055,100000
MBT,20150303,0.145,0.145,0.135,0.135,496500
MCE,20150303,0.72,0.76,0.72,0.725,4243
MCP,20150303,1.24,1.24,1.225,1.23,202106
MCR,20150303,0.685,0.685,0.675,0.675,129472
MCS,20150303,0.245,0.25,0.245,0.25,150434
MCX,20150303,0.21,0.21,0.2,0.21,29884
MDL,20150303,0.785,0.84,0.785,0.825,39334
MED,20150303,0.068,0.07,0.068,0.07,51802
MEI,20150303,0.015,0.015,0.015,0.015,50000
MEL,20150303,0.024,0.024,0.023,0.023,602416
MEO,20150303,0.014,0.014,0.013,0.014,3782323
MEP,20150303,0.13,0.13,0.12,0.12,40000
MEU,20150303,0.009,0.009,0.009,0.009,150000
MEY,20150303,0.28,0.28,0.28,0.28,138
MFF,20150303,2.005,2.01,1.935,1.98,500586
MFG,20150303,20,20.13,19.71,19.88,676052
MGL,20150303,0.021,0.022,0.02,0.02,865171
MGP,20150303,0.16,0.16,0.16,0.16,58680
MGR,20150303,2.17,2.18,2.11,2.14,18027637
MGV,20150303,0.036,0.036,0.036,0.036,400000
MGX,20150303,0.24,0.245,0.225,0.235,4120820
MGY,20150303,0.017,0.017,0.017,0.017,275532
MGZ,20150303,0.1,0.1,0.1,0.1,25000
MHI,20150303,0.17,0.17,0.17,0.17,25000
MIG,20150303,0.67,0.67,0.67,0.67,8460
MIN,20150303,7.65,7.93,7.6,7.76,1857020
MIR,20150303,2.53,2.55,2.48,2.48,90412
MIZ,20150303,0.002,0.002,0.002,0.002,1400001
MJP,20150303,1.82,3.15,1.57,1.65,7444949
MKB,20150303,0.155,0.155,0.145,0.15,749771
MKO,20150303,0.029,0.029,0.029,0.029,15000
MLA,20150303,0.12,0.12,0.115,0.115,16792
MLB,20150303,1.32,1.335,1.32,1.325,11742
MLD,20150303,1.11,1.112,1.08,1.1,825193
MLM,20150303,0.058,0.058,0.058,0.058,10000
MLS,20150303,0.004,0.004,0.004,0.004,74328
MLT,20150303,4.6,4.67,4.57,4.64,198601
MLX,20150303,1.215,1.245,1.21,1.23,330208
MMI,20150303,0.04,0.04,0.039,0.039,442697
MML,20150303,1.055,1.055,0.995,1.015,2105713
MMS,20150303,11.9,12.24,11.84,12.11,627391
MNC,20150303,0.005,0.005,0.005,0.005,1555500
MND,20150303,9.58,9.65,9.455,9.58,754602
MNE,20150303,0.012,0.013,0.012,0.012,412000
MNF,20150303,2.78,2.8,2.71,2.79,211293
MNM,20150303,0.011,0.012,0.01,0.01,228000
MNS,20150303,0.285,0.285,0.275,0.28,875181
MNW,20150303,0.059,0.063,0.059,0.06,589353
MNY,20150303,1.54,1.572,1.5,1.53,358621
MOC,20150303,2.64,2.64,2.56,2.6,146244
MOO,20150303,0.001,0.001,0.001,0.001,115000
MOX,20150303,0.012,0.012,0.012,0.012,100000
MOY,20150303,0.036,0.036,0.035,0.035,288530
MPJ,20150303,0.005,0.006,0.005,0.006,2000000
MPL,20150303,2.53,2.54,2.47,2.47,110779706
MPO,20150303,0.125,0.125,0.12,0.12,64736
MQA,20150303,3.25,3.25,3.14,3.18,2156243
MQG,20150303,75.1,75.63,72.4,73.52,1341647
MRD,20150303,0.031,0.032,0.03,0.03,246012
MRF,20150303,0.051,0.051,0.051,0.051,12850
MRM,20150303,0.895,0.9,0.88,0.88,2766933
MRN,20150303,0.98,0.98,0.975,0.975,7948
MRP,20150303,0.13,0.13,0.13,0.13,83289
MRQ,20150303,0.095,0.095,0.09,0.09,100000
MRY,20150303,0.024,0.024,0.024,0.024,500000
MSB,20150303,4.05,4.1,3.97,3.98,565790
MSP,20150303,0.042,0.05,0.042,0.05,22500
MSR,20150303,0.015,0.016,0.015,0.016,325470
MSV,20150303,0.03,0.033,0.03,0.033,1745865
MTH,20150303,0.007,0.008,0.007,0.008,2915236
MTR,20150303,3.21,3.21,3.11,3.18,90081
MTS,20150303,1.5,1.52,1.46,1.485,12954564
MTU,20150303,10.08,10.24,9.93,10.04,908372
MUM,20150303,0.003,0.003,0.003,0.003,4000000
MVA,20150303,19.82,19.82,19.82,19.82,400
MVB,20150303,30.52,30.52,29.95,30.16,1576
MVF,20150303,1.4,1.42,1.385,1.415,684791
MVP,20150303,2.04,2.06,2.04,2.06,25134
MVR,20150303,19.27,19.27,19.27,19.27,3094
MVT,20150303,0.115,0.12,0.115,0.12,171585
MVW,20150303,23.52,23.52,23.16,23.2,60116
MWR,20150303,1.42,1.45,1.42,1.45,12890
MWS,20150303,0.003,0.003,0.003,0.003,250000
MXI,20150303,0.61,0.615,0.6,0.6,65497
MYE,20150303,0.3,0.3,0.285,0.285,11110
MYN,20150303,0.009,0.009,0.009,0.009,600000
MYR,20150303,1.68,1.69,1.62,1.625,15052029
MYS,20150303,5.08,5.25,5.08,5.25,43648
MYT,20150303,3.3,3.3,3.26,3.26,10376
MYX,20150303,0.94,0.975,0.91,0.97,4020938
MZI,20150303,0.335,0.335,0.335,0.335,35900
NAB,20150303,38.37,38.8,38.06,38.29,4265207
NAM,20150303,0.315,0.315,0.31,0.31,60388
NBL,20150303,0.55,0.55,0.55,0.55,13900
NCC,20150303,1.04,1.04,1.03,1.04,124231
NCK,20150303,3.45,3.52,3.35,3.4,23879
NCM,20150303,14.4,14.43,13.88,13.89,5540634
NDO,20150303,0.026,0.026,0.026,0.026,5296
NEA,20150303,0.545,0.545,0.52,0.52,1571859
NEC,20150303,2.1,2.13,2.08,2.11,3332147
NEN,20150303,0.032,0.033,0.032,0.032,5521000
NEU,20150303,0.105,0.105,0.096,0.1,42669446
NGE,20150303,0.016,0.017,0.016,0.017,320000
NGF,20150303,0.195,0.195,0.19,0.192,190539
NGY,20150303,0.04,0.04,0.04,0.04,20000
NHC,20150303,2.57,2.6,2.52,2.58,124912
NHF,20150303,3.65,3.71,3.65,3.67,350321
NIU,20150303,0.002,0.002,0.002,0.002,133334
NKP,20150303,0.075,0.075,0.075,0.075,250000
NLS,20150303,0.007,0.007,0.007,0.007,960000
NMT,20150303,0.034,0.034,0.032,0.032,164000
NNW,20150303,0.25,0.25,0.215,0.24,1210575
NOD,20150303,0.059,0.059,0.057,0.057,301401
NRR,20150303,0.035,0.037,0.035,0.037,571182
NRT,20150303,0.125,0.13,0.125,0.13,459936
NRU,20150303,0.002,0.002,0.002,0.002,13254511
NSE,20150303,0.025,0.025,0.025,0.025,49200
NSP,20150303,0.039,0.041,0.039,0.041,235458
NSR,20150303,1.58,1.64,1.575,1.62,455520
NST,20150303,2.39,2.39,2.22,2.24,4973139
NSX,20150303,0.08,0.08,0.08,0.08,8563
NTC,20150303,0.475,0.51,0.475,0.5,196981
NTL,20150303,0.009,0.009,0.009,0.009,244445
NTU,20150303,0.23,0.23,0.205,0.205,158067
NUF,20150303,7.42,7.55,7.36,7.5,2083196
NVN,20150303,2.53,2.56,2.49,2.51,13354238
NVT,20150303,4.55,4.63,4.51,4.6,1206558
NWE,20150303,0.005,0.006,0.005,0.005,2881552
NWF,20150303,0.72,0.72,0.72,0.72,11000
NWH,20150303,0.27,0.275,0.26,0.26,1553258
NWS,20150303,21.85,21.96,21.59,21.74,214567
NWT,20150303,0.11,0.12,0.11,0.115,1577105
NWZ,20150303,0.105,0.105,0.1,0.1,433825
NXT,20150303,2.62,2.62,2.5,2.55,847213
NZO,20150303,0.605,0.605,0.6,0.6,20000
OBJ,20150303,0.084,0.085,0.081,0.082,1668449
OBS,20150303,0.697,0.705,0.695,0.705,31290
OCC,20150303,0.335,0.35,0.335,0.35,43781
OCL,20150303,1.3,1.31,1.3,1.31,16518
OCP,20150303,1.255,1.255,1.255,1.255,6760
OEC,20150303,0.45,0.46,0.45,0.46,191500
OEL,20150303,0.1,0.1,0.099,0.099,2587200
OEX,20150303,0.039,0.039,0.039,0.039,125000
OFX,20150303,2.42,2.51,2.42,2.43,1641958
OGC,20150303,2.45,2.45,2.38,2.4,374497
OGX,20150303,0.067,0.067,0.066,0.066,750000
OGY,20150303,0.005,0.005,0.005,0.005,150000
OHE,20150303,5.05,5.05,5.05,5.05,3000
OIL,20150303,0.063,0.065,0.058,0.058,2029888
OKJ,20150303,0.037,0.037,0.037,0.037,150000
OLH,20150303,0.076,0.076,0.076,0.076,10000
OMH,20150303,0.32,0.325,0.31,0.325,499219
OML,20150303,2.45,2.45,2.42,2.42,14339
ONC,20150303,0.205,0.205,0.205,0.205,16174
ONT,20150303,6.65,6.8,6.62,6.8,3428
OOO,20150303,25.83,25.98,25.83,25.93,41746
ORA,20150303,2.3,2.33,2.21,2.23,5070044
ORE,20150303,2.52,2.55,2.52,2.52,64466
ORG,20150303,12.35,12.41,12.11,12.23,3502525
ORH,20150303,0.002,0.002,0.002,0.002,1000000
ORI,20150303,20.05,20.29,19.75,19.98,2384363
ORL,20150303,2.81,2.82,2.7,2.72,26852
ORN,20150303,0.045,0.045,0.044,0.045,334076
ORS,20150303,0.016,0.017,0.016,0.017,200000
OSH,20150303,8.15,8.22,8.08,8.1,5011376
OSL,20150303,0.087,0.087,0.085,0.085,1844407
OSP,20150303,0.59,0.59,0.57,0.57,43124
OTC,20150303,0.093,0.096,0.093,0.095,272304
OTH,20150303,0.55,0.56,0.55,0.56,125328
OTI,20150303,0.03,0.03,0.03,0.03,30000
OVH,20150303,0.35,0.35,0.33,0.34,814044
OVL,20150303,0.007,0.007,0.007,0.007,66667
OVR,20150303,0.005,0.005,0.005,0.005,1006470
OZB,20150303,0.008,0.009,0.008,0.008,12931723
OZF,20150303,23.86,23.87,23.48,23.48,8465
OZG,20150303,0.16,0.16,0.16,0.16,150000
OZL,20150303,3.9,3.92,3.81,3.86,947041
OZR,20150303,9.11,9.11,9.06,9.06,10694
PAA,20150303,0.008,0.008,0.008,0.008,666881
PAB,20150303,0.011,0.012,0.011,0.012,1089272
PAF,20150303,0.995,0.995,0.99,0.99,14515
PAK,20150303,0.075,0.075,0.07,0.07,53750
PAN,20150303,0.63,0.63,0.58,0.58,859356
PBD,20150303,0.015,0.015,0.015,0.015,1345248
PBG,20150303,0.455,0.467,0.445,0.445,1135797
PBP,20150303,0.175,0.175,0.175,0.175,2500
PBT,20150303,0.14,0.145,0.14,0.14,168097
PCD,20150303,0.085,0.099,0.08,0.099,32000
PCL,20150303,0.016,0.017,0.015,0.016,1233903
PDM,20150303,0.004,0.004,0.003,0.004,1725000
PDN,20150303,0.39,0.4,0.385,0.39,4293339
PDZ,20150303,0.295,0.295,0.295,0.295,13395
PEA,20150303,0.475,0.475,0.47,0.47,8297
PEH,20150303,0.105,0.105,0.1,0.1,27667
PEK,20150303,0.078,0.078,0.078,0.078,158098
PEN,20150303,0.019,0.019,0.018,0.018,1606316
PEX,20150303,0.05,0.05,0.05,0.05,400557
PFG,20150303,0.099,0.099,0.096,0.097,109950
PFL,20150303,1.21,1.225,1.205,1.22,92855
PGC,20150303,0.55,0.57,0.525,0.525,348495
PGF,20150303,1.1,1.105,1.1,1.105,193948
PGH,20150303,4.23,4.23,4.11,4.16,1043512
PGI,20150303,0.17,0.17,0.165,0.165,63075
PGL,20150303,0.155,0.155,0.155,0.155,9395
PGM,20150303,0.08,0.08,0.08,0.08,12299
PGO,20150303,0.011,0.011,0.011,0.011,125000
PGR,20150303,0.57,0.595,0.57,0.57,1309117
PGS,20150303,0.006,0.006,0.006,0.006,37000
PHG,20150303,0.49,0.5,0.48,0.48,116773
PHK,20150303,0.054,0.057,0.049,0.05,1156889
PHW,20150303,0.004,0.004,0.004,0.004,1500000
PIC,20150303,0.985,0.99,0.98,0.985,489568
PIO,20150303,0.018,0.018,0.017,0.017,3242925
PLD,20150303,0.006,0.006,0.006,0.006,165000
PLH,20150303,0.052,0.052,0.052,0.052,30000
PLP,20150303,0.018,0.018,0.017,0.017,406890
PLS,20150303,0.041,0.041,0.039,0.04,754817
PMC,20150303,1.74,1.745,1.72,1.735,304463
PME,20150303,1.455,1.5,1.45,1.45,31612
PMP,20150303,0.45,0.46,0.45,0.46,17867
PMV,20150303,12.06,12.36,11.65,11.79,185574
PMY,20150303,0.018,0.018,0.018,0.018,10350000
PNA,20150303,1.33,1.34,1.31,1.33,3845449
PNC,20150303,1.94,1.96,1.935,1.96,49600
PNL,20150303,0.24,0.24,0.24,0.24,308088
PNR,20150303,0.061,0.061,0.061,0.061,149000
PNV,20150303,0.08,0.08,0.08,0.08,19363
PNX,20150303,0.017,0.017,0.017,0.017,150000
POH,20150303,0.07,0.07,0.069,0.069,133358
POP,20150303,0.031,0.031,0.031,0.031,500000
POS,20150303,0.14,0.14,0.135,0.135,1835827
POZ,20150303,0.017,0.017,0.016,0.016,90000
PPC,20150303,1.19,1.2,1.17,1.2,387105
PPG,20150303,0.49,0.49,0.485,0.485,7375
PPK,20150303,0.55,0.55,0.55,0.55,40000
PPS,20150303,0.31,0.31,0.285,0.285,1837636
PPT,20150303,53.5,53.53,51.86,52.5,203436
PPX,20150303,0.018,0.019,0.017,0.017,2640771
PRA,20150303,0.003,0.003,0.002,0.002,3786762
PRG,20150303,2.43,2.44,2.37,2.43,97176
PRO,20150303,0.595,0.595,0.57,0.57,13673
PRR,20150303,0.037,0.038,0.036,0.036,1992170
PRT,20150303,0.87,0.89,0.855,0.87,629373
PRU,20150303,0.355,0.36,0.345,0.355,2589490
PRY,20150303,4.88,4.89,4.83,4.86,4546357
PSA,20150303,0.11,0.11,0.11,0.11,42660
PSC,20150303,0.006,0.006,0.006,0.006,500000
PSF,20150303,0.008,0.008,0.007,0.007,2229000
PSQ,20150303,2.65,2.65,2.58,2.58,647980
PSY,20150303,0.265,0.265,0.245,0.26,1115696
PSZ,20150303,0.87,0.89,0.85,0.855,196830
PTL,20150303,0.43,0.43,0.42,0.43,139301
PTM,20150303,8.3,8.34,8.08,8.21,2313565
PTX,20150303,0.1,0.1,0.096,0.097,316325
PVA,20150303,5.69,5.69,5.69,5.69,500
PVD,20150303,0.4,0.4,0.385,0.4,650139
PWN,20150303,0.047,0.047,0.044,0.047,354128
PXG,20150303,0.11,0.11,0.105,0.105,567731
PXS,20150303,0.095,0.095,0.089,0.091,334045
PYC,20150303,0.019,0.02,0.019,0.02,250000
PYL,20150303,0.355,0.36,0.335,0.335,509792
PYM,20150303,0.007,0.007,0.007,0.007,1629500
QAG,20150303,8.68,8.68,8.68,8.68,285
QAN,20150303,2.91,2.93,2.84,2.86,15836433
QAU,20150303,12.83,12.83,12.61,12.64,12254
QBE,20150303,13.1,13.2,12.94,13.11,4972709
QCB,20150303,11.76,11.76,11.65,11.65,660
QFN,20150303,12.89,12.89,12.89,12.89,900
QFX,20150303,0.002,0.002,0.002,0.002,3536525
QHL,20150303,0.19,0.195,0.19,0.19,310428
QMN,20150303,0.006,0.006,0.006,0.006,10000
QOZ,20150303,13.67,13.67,13.63,13.63,23
QRE,20150303,5.06,5.06,5.03,5.03,10000
QRX,20150303,0.017,0.018,0.016,0.018,366141
QTM,20150303,0.016,0.02,0.016,0.018,404470
QUB,20150303,2.97,2.98,2.96,2.96,2777864
QUS,20150303,27.53,27.53,27.25,27.25,2517
QVE,20150303,1.11,1.11,1.09,1.105,143558
RBR,20150303,0.02,0.02,0.02,0.02,285000
RCB,20150303,20.66,20.66,20.6,20.65,4389
RCG,20150303,0.735,0.75,0.735,0.74,565866
RCM,20150303,0.026,0.026,0.026,0.026,684718
RCP,20150303,0.001,0.001,0.001,0.001,22807841
RCR,20150303,2.56,2.58,2.41,2.41,89083
RCT,20150303,2.96,3.01,2.96,3.01,10275
RCU,20150303,0.115,0.115,0.115,0.115,3020
RDF,20150303,0.63,0.63,0.63,0.63,25985
RDG,20150303,0.046,0.046,0.046,0.046,62000
RDH,20150303,1.38,1.39,1.35,1.39,16118
RDM,20150303,0.05,0.05,0.048,0.048,229692
RDV,20150303,33.17,33.18,32.7,32.85,19416
REA,20150303,49,50,48.31,49,282578
REC,20150303,7.8,7.81,7.65,7.8,1408410
RED,20150303,0.125,0.125,0.12,0.12,2410172
REF,20150303,0.135,0.135,0.13,0.13,190765
REG,20150303,5.46,5.47,5.26,5.3,350359
REH,20150303,33.65,33.65,33.5,33.5,5318
RER,20150303,0.047,0.047,0.047,0.047,15500
RES,20150303,0.085,0.085,0.083,0.083,35909
REX,20150303,0.995,1.04,0.975,1.015,56936
REY,20150303,0.105,0.105,0.105,0.105,3000
RFF,20150303,1.09,1.09,1.055,1.065,45343
RFG,20150303,7.7,7.78,7.4,7.56,395873
RFL,20150303,0.155,0.16,0.15,0.15,2138477
RFT,20150303,0.005,0.005,0.005,0.005,1570802
RFX,20150303,0.275,0.29,0.265,0.29,223168
RGP,20150303,0.065,0.067,0.065,0.067,24000
RGS,20150303,0.16,0.165,0.16,0.16,60000
RHC,20150303,68.8,69,67.33,67.98,786450
RHL,20150303,3.8,3.83,3.78,3.82,19236
RHP,20150303,1.305,1.33,1.3,1.32,82999
RHT,20150303,0.035,0.035,0.032,0.034,485000
RIC,20150303,1.03,1.04,1.02,1.03,198829
RIM,20150303,0.015,0.015,0.015,0.015,80357
RIO,20150303,64.4,64.93,64.35,64.8,1946208
RKN,20150303,1.87,1.905,1.87,1.905,20792
RLE,20150303,0.18,0.18,0.17,0.17,111106
RMD,20150303,8.34,8.34,8.24,8.27,3641590
RMG,20150303,0.045,0.045,0.045,0.045,2106
RMP,20150303,0.052,0.055,0.052,0.052,330000
RMR,20150303,0.008,0.008,0.008,0.008,2047498
RMS,20150303,0.125,0.125,0.115,0.12,1061112
RMX,20150303,0.004,0.005,0.004,0.005,13619192
RND,20150303,1.36,1.365,1.3,1.365,35196
RNI,20150303,0.055,0.055,0.054,0.054,85723
RNO,20150303,0.019,0.019,0.019,0.019,300000
RNS,20150303,0.051,0.052,0.05,0.051,624706
RNU,20150303,0.025,0.025,0.025,0.025,12000
RNY,20150303,0.345,0.36,0.345,0.36,632624
RRL,20150303,1.99,1.99,1.915,1.92,2220907
RSG,20150303,0.365,0.365,0.34,0.36,3372455
RSL,20150303,0.007,0.007,0.007,0.007,1250000
RSM,20150303,21.01,21.02,20.97,20.97,5250
RTA,20150303,0.24,0.24,0.24,0.24,111462
RTD,20150303,0.004,0.005,0.004,0.004,5800000
RTG,20150303,0.665,0.67,0.66,0.67,110078
RTR,20150303,0.029,0.029,0.027,0.027,711133
RUB,20150303,0.05,0.05,0.05,0.05,15000
RUM,20150303,0.052,0.052,0.052,0.052,112969
RVA,20150303,0.53,0.53,0.53,0.53,19174
RVR,20150303,0.14,0.16,0.14,0.16,836333
RVY,20150303,0.035,0.035,0.03,0.03,125000
RWD,20150303,0.42,0.42,0.42,0.42,8000
RWH,20150303,2.36,2.37,2.36,2.37,1351
RXH,20150303,0.3,0.32,0.3,0.3,160733
RXL,20150303,0.027,0.027,0.027,0.027,800000
RXM,20150303,0.097,0.097,0.097,0.097,39600
RXP,20150303,0.34,0.34,0.34,0.34,102565
RYG,20150303,0.006,0.006,0.006,0.006,200000
SAI,20150303,4.35,4.38,4.29,4.37,1331157
SAR,20150303,0.44,0.45,0.425,0.45,2870945
SBB,20150303,0.054,0.056,0.054,0.056,452524
SBM,20150303,0.22,0.22,0.215,0.215,3800764
SBR,20150303,0.018,0.018,0.018,0.018,47510
SCG,20150303,3.98,4,3.885,3.93,13938651
SCP,20150303,2.08,2.08,2.005,2.03,1439597
SDA,20150303,2.14,2.19,2.13,2.13,36747
SDF,20150303,1.495,1.5,1.47,1.485,2429746
SDG,20150303,1.945,1.945,1.9,1.94,580401
SDI,20150303,0.6,0.61,0.6,0.61,9746
SDL,20150303,0.026,0.026,0.025,0.026,944704
SDM,20150303,0.74,0.74,0.72,0.735,305441
SEA,20150303,0.56,0.562,0.53,0.535,1383626
SEG,20150303,0.007,0.007,0.006,0.006,2842857
SEH,20150303,0.21,0.21,0.195,0.2,6001186
SEK,20150303,17.4,17.49,17.26,17.33,1291714
SEN,20150303,0.084,0.085,0.08,0.082,2676993
SER,20150303,0.049,0.05,0.049,0.05,1171038
SFH,20150303,0.675,0.675,0.65,0.67,134367
SFI,20150303,0.055,0.06,0.055,0.06,3961084
SFR,20150303,4.53,4.57,4.37,4.49,615199
SFX,20150303,0.76,0.795,0.76,0.79,77810
SFY,20150303,58.45,58.65,57.93,58.18,9528
SGF,20150303,2.27,2.28,2.21,2.24,206746
SGH,20150303,7.61,7.65,7.38,7.47,584627
SGM,20150303,12.46,12.6,12.3,12.36,363659
SGN,20150303,0.725,0.73,0.715,0.715,1124877
SGO,20150303,0.1,0.12,0.09,0.09,366169
SGP,20150303,4.78,4.81,4.72,4.78,11859148
SGT,20150303,3.99,4.01,3.95,3.96,862430
SHE,20150303,0.005,0.005,0.005,0.005,11463610
SHJ,20150303,3.16,3.17,3.14,3.16,88370
SHK,20150303,0.004,0.004,0.004,0.004,400000
SHL,20150303,19.42,19.7,19.42,19.65,1131148
SHP,20150303,0.018,0.018,0.016,0.016,5120280
SHV,20150303,7.39,7.5,7.26,7.29,277646
SIO,20150303,1.64,1.64,1.59,1.59,16237
SIP,20150303,0.925,0.945,0.922,0.94,1740165
SIQ,20150303,1.625,1.64,1.62,1.625,349249
SIR,20150303,3,3,2.77,2.86,2525921
SIV,20150303,7.78,8,7.71,7.99,33334
SKC,20150303,3.88,3.9,3.85,3.88,183062
SKE,20150303,1.465,1.49,1.45,1.47,1078333
SKF,20150303,0.18,0.19,0.17,0.17,75686
SKI,20150303,2.09,2.09,2,2.02,10057130
SKT,20150303,5.46,5.5,5.4,5.42,2674457
SLF,20150303,12.48,12.49,12.25,12.33,86207
SLK,20150303,2.55,2.59,2.55,2.55,27539
SLM,20150303,1.185,1.24,1.185,1.23,10265
SLR,20150303,0.2,0.205,0.192,0.195,4278752
SLX,20150303,0.61,0.63,0.58,0.58,151656
SMA,20150303,0.01,0.01,0.01,0.01,119804
SMD,20150303,0.026,0.026,0.025,0.025,407000
SMN,20150303,0.385,0.39,0.38,0.38,158557
SMP,20150303,0.19,0.19,0.19,0.19,3000
SMX,20150303,3.71,3.77,3.7,3.74,108608
SNC,20150303,0.965,0.97,0.96,0.96,47221
SND,20150303,0.73,0.73,0.72,0.72,26803
SNL,20150303,1.92,1.94,1.92,1.94,4054
SNV,20150303,0.001,0.001,0.001,0.001,399112
SNY,20150303,0.115,0.115,0.1,0.1,220000
SOI,20150303,0.001,0.001,0.001,0.001,4383598
SOL,20150303,13.84,13.84,13.53,13.58,39569
SOM,20150303,3.07,3.07,3,3,279611
SPK,20150303,3.19,3.2,3.16,3.18,1301614
SPL,20150303,0.52,0.53,0.515,0.515,202927
SPO,20150303,2.09,2.12,2.05,2.08,2374787
SPY,20150303,273.53,273.58,271.65,271.65,298
SPZ,20150303,0.115,0.115,0.115,0.115,1100
SRF,20150303,1.36,1.415,1.36,1.4,1097811
SRI,20150303,0.058,0.059,0.053,0.053,1376836
SRK,20150303,0.04,0.04,0.04,0.04,20000
SRQ,20150303,0.004,0.004,0.004,0.004,576250
SRR,20150303,0.023,0.023,0.022,0.022,385765
SRV,20150303,6.04,6.1,5.75,5.87,29729
SRX,20150303,35,35.26,33.25,33.77,571360
SSM,20150303,0.205,0.21,0.2,0.2,494113
SSN,20150303,0.015,0.015,0.013,0.013,271047
SST,20150303,29.5,29.5,29.5,29.5,14
STA,20150303,0.012,0.015,0.011,0.012,4180000
STO,20150303,8.05,8.05,7.94,7.94,6182954
STS,20150303,0.6,0.6,0.6,0.6,6250
STW,20150303,55.85,56.09,55.22,55.45,106674
STX,20150303,0.11,0.11,0.11,0.11,670000
SUD,20150303,0.039,0.042,0.039,0.042,1395454
SUH,20150303,0.02,0.024,0.02,0.024,656846
SUL,20150303,9.6,9.62,9.295,9.44,1863571
SUM,20150303,0.047,0.047,0.047,0.047,170800
SUN,20150303,13.8,13.88,13.55,13.75,6860975
SUR,20150303,0.003,0.003,0.003,0.003,945459
SVA,20150303,0.47,0.47,0.47,0.47,4560
SVL,20150303,0.003,0.003,0.003,0.003,600000
SVM,20150303,0.09,0.09,0.08,0.08,143000
SVW,20150303,7.48,7.57,7.32,7.4,771469
SVY,20150303,0.175,0.175,0.175,0.175,9000
SWE,20150303,0.091,0.091,0.09,0.09,135000
SWJ,20150303,0.03,0.031,0.03,0.031,32000
SWL,20150303,1.29,1.29,1.25,1.25,41787
SWM,20150303,1.6,1.6,1.54,1.565,4788399
SXA,20150303,0.125,0.13,0.125,0.13,78667
SXE,20150303,0.37,0.37,0.365,0.365,558801
SXL,20150303,1.115,1.115,1.085,1.105,1878079
SXT,20150303,0.008,0.008,0.008,0.008,850000
SXY,20150303,0.35,0.35,0.34,0.34,2348387
SYD,20150303,5.2,5.24,5.15,5.2,7042709
SYI,20150303,32.62,32.62,32.36,32.36,3851
SYR,20150303,4.46,4.53,4.34,4.5,340345
TAH,20150303,5.25,5.25,5.06,5.12,4649853
TAM,20150303,0.024,0.026,0.024,0.026,724664
TAN,20150303,0.56,0.565,0.545,0.565,1737152
TAP,20150303,0.32,0.32,0.26,0.28,1540076
TAR,20150303,0.005,0.006,0.005,0.006,1220000
TAW,20150303,0.007,0.007,0.007,0.007,350000
TBR,20150303,3.2,3.2,3.2,3.2,1000
TCL,20150303,9.24,9.3,9.13,9.25,6217532
TCN,20150303,0.077,0.078,0.077,0.078,325000
TDO,20150303,0.05,0.052,0.05,0.052,95000
TEG,20150303,0.002,0.002,0.002,0.002,6133695
TEN,20150303,0.235,0.24,0.227,0.24,3434575
TEX,20150303,0.017,0.02,0.017,0.02,100000
TFC,20150303,1.82,1.825,1.76,1.81,885859
TGA,20150303,2.76,2.81,2.76,2.81,142131
TGG,20150303,1.42,1.43,1.41,1.43,84618
TGP,20150303,1.125,1.135,1.125,1.125,84959
TGR,20150303,3.7,3.73,3.68,3.68,335039
TGS,20150303,0.077,0.08,0.074,0.076,4886915
TGZ,20150303,0.655,0.655,0.645,0.645,8000
THR,20150303,0.002,0.002,0.002,0.002,100000
THX,20150303,0.074,0.075,0.074,0.074,155236
TIG,20150303,0.125,0.125,0.125,0.125,1321
TIS,20150303,0.245,0.245,0.24,0.245,232072
TIX,20150303,2.64,2.655,2.57,2.58,1391776
TLG,20150303,0.39,0.415,0.385,0.41,125624
TLM,20150303,0.165,0.165,0.165,0.165,34033
TLS,20150303,6.43,6.47,6.33,6.38,27147070
TME,20150303,3.75,3.775,3.7,3.71,345858
TMM,20150303,1.51,1.51,1.48,1.48,4780
TMX,20150303,0.004,0.004,0.004,0.004,1342671
TNE,20150303,3.78,3.91,3.72,3.79,372927
TNG,20150303,0.16,0.165,0.15,0.165,1168455
TNK,20150303,1.17,1.18,1.17,1.18,70000
TOE,20150303,0.081,0.084,0.081,0.084,695178
TOF,20150303,2.13,2.18,2.13,2.14,65939
TOL,20150303,8.82,8.83,8.81,8.81,9075941
TON,20150303,0.155,0.16,0.15,0.15,840414
TOP,20150303,0.47,0.47,0.47,0.47,17735
TOX,20150303,3.1,3.1,2.97,3.08,268097
TPC,20150303,0.75,0.75,0.75,0.75,17500
TPI,20150303,0.75,0.76,0.745,0.745,12822171
TPM,20150303,7.81,7.87,7.72,7.81,1672785
TPO,20150303,0.205,0.21,0.205,0.21,110000
TPP,20150303,0.048,0.048,0.048,0.048,80000
TPT,20150303,0.01,0.01,0.009,0.009,12588769
TRF,20150303,0.023,0.023,0.023,0.023,18142
TRG,20150303,13.2,13.34,12.89,13.09,172332
TRS,20150303,7,7.15,6.97,7.06,88853
TRY,20150303,0.56,0.575,0.55,0.565,1090147
TSE,20150303,1.475,1.48,1.432,1.455,3720855
TSM,20150303,0.35,0.35,0.35,0.35,3324916
TSN,20150303,0.005,0.005,0.005,0.005,207154
TTA,20150303,0.033,0.033,0.027,0.027,20008
TTI,20150303,0.04,0.041,0.04,0.041,123728
TTN,20150303,0.14,0.145,0.14,0.145,25839
TTS,20150303,3.99,4.03,3.91,3.99,3148222
TUP,20150303,0.34,0.35,0.34,0.35,9238
TWD,20150303,3.59,3.59,3.59,3.59,500
TWE,20150303,5.39,5.41,5.23,5.25,3899355
TWR,20150303,2.28,2.29,2.28,2.29,4552
TYK,20150303,0.002,0.002,0.002,0.002,2600000
TZL,20150303,0.13,0.13,0.125,0.125,73000
TZN,20150303,0.14,0.14,0.135,0.135,184859
UBE,20150303,20.43,20.43,20.43,20.43,500
UBI,20150303,0.32,0.32,0.305,0.32,59000
UBN,20150303,0.72,0.75,0.72,0.75,47271
UBU,20150303,20.3,20.3,20.3,20.3,50
UCM,20150303,0.2,0.2,0.2,0.2,30200
UGL,20150303,1.68,1.7,1.655,1.68,973680
UIL,20150303,0.065,0.07,0.063,0.07,295200
UML,20150303,0.008,0.008,0.008,0.008,10562147
UNS,20150303,0.83,0.83,0.82,0.825,68716
UNV,20150303,0.13,0.13,0.125,0.125,731500
URF,20150303,2.16,2.17,2.16,2.16,26560
USA,20150303,0.02,0.02,0.02,0.02,51000
USD,20150303,12.66,12.67,12.54,12.56,210638
USR,20150303,0.9,0.9,0.9,0.9,1000
UXC,20150303,0.81,0.83,0.81,0.82,463967
VAF,20150303,50.83,50.86,50.63,50.63,27620
VAH,20150303,0.495,0.495,0.48,0.48,1042370
VAN,20150303,0.018,0.018,0.018,0.018,65225
VAP,20150303,78.67,78.67,77.14,77.78,19213
VAS,20150303,76.2,76.32,75.15,75.63,36434
VED,20150303,2.37,2.41,2.355,2.4,2394322
VEI,20150303,0.635,0.66,0.635,0.645,347523
VET,20150303,0.085,0.097,0.084,0.084,1997482
VEU,20150303,64.5,64.5,63.38,63.5,25382
VGB,20150303,49.8,49.8,49.64,49.64,5789
VGE,20150303,60.4,60.4,59.6,59.6,2356
VGS,20150303,58.22,58.26,57.86,57.86,31013
VHY,20150303,70.54,70.71,69.83,70.38,15239
VIC,20150303,0.003,0.003,0.003,0.003,4807962
VIE,20150303,0.06,0.06,0.06,0.06,66666
VII,20150303,0.08,0.08,0.08,0.08,38000
VLA,20150303,0.48,0.505,0.46,0.48,1989685
VLC,20150303,67.61,67.61,67,67,24480
VLW,20150303,2.2,2.2,2.16,2.16,303707
VML,20150303,0.037,0.039,0.037,0.039,436694
VMS,20150303,0.032,0.033,0.032,0.033,54545
VMT,20150303,0.033,0.033,0.032,0.032,1175040
VMY,20150303,0.345,0.35,0.345,0.345,16085
VOC,20150303,5.97,5.99,5.85,5.9,541413
VRL,20150303,5.48,5.52,5.25,5.39,329128
VRT,20150303,7.94,7.94,7.7,7.79,378055
VRX,20150303,0.024,0.024,0.024,0.024,10000
VSC,20150303,1.52,1.52,1.48,1.52,7534
VSO,20150303,46.69,46.69,46.08,46.2,2310
VTG,20150303,1.68,1.735,1.675,1.68,220664
VTS,20150303,140.7,141.85,139.95,140.39,19394
VTX,20150303,0.01,0.01,0.01,0.01,838000
VXL,20150303,0.27,0.32,0.265,0.32,1649686
VXR,20150303,0.005,0.005,0.005,0.005,45000
WAA,20150303,1.11,1.15,1.11,1.15,23385
WAM,20150303,2.07,2.08,2.06,2.07,782675
WAT,20150303,1.08,1.08,1.08,1.08,36874
WAX,20150303,1.225,1.225,1.21,1.21,90459
WBA,20150303,1.34,1.34,1.3,1.315,368520
WBB,20150303,5.7,5.8,5.69,5.7,21983
WBC,20150303,38.52,38.97,38.12,38.26,4958299
WDS,20150303,0.17,0.17,0.165,0.17,1046807
WEB,20150303,3.8,3.8,3.67,3.71,185612
WEC,20150303,0.21,0.21,0.2,0.205,64973
WEL,20150303,0.09,0.09,0.09,0.09,100000
WES,20150303,43.5,43.94,43.44,43.66,2805346
WFD,20150303,10.1,10.115,9.88,9.93,7375880
WFE,20150303,0.003,0.003,0.003,0.003,33300
WHC,20150303,1.66,1.675,1.615,1.66,3382843
WHE,20150303,0.052,0.052,0.052,0.052,3999
WHF,20150303,4.7,4.7,4.62,4.7,36742
WHN,20150303,0.025,0.025,0.025,0.025,82436
WIC,20150303,1,1.01,1,1,24006
WIG,20150303,1.11,1.13,1.07,1.1,29229
WIN,20150303,0.2,0.21,0.19,0.19,539825
WLF,20150303,0.365,0.38,0.365,0.38,178589
WLL,20150303,3.78,3.78,3.65,3.75,21957
WMK,20150303,0.85,0.85,0.845,0.85,113221
WMN,20150303,0.425,0.44,0.425,0.44,674294
WOF,20150303,0.028,0.028,0.028,0.028,37090
WOR,20150303,9.9,10.1,9.82,10.05,2212621
WOW,20150303,29.3,30.05,29.27,29.82,9757782
WPG,20150303,0.041,0.041,0.041,0.041,5000
WPI,20150303,0.011,0.011,0.011,0.011,40000
WPL,20150303,35,35.2,34.78,35.1,2029313
WRM,20150303,0.035,0.035,0.035,0.035,118000
WRR,20150303,0.18,0.19,0.17,0.18,803826
WSA,20150303,4.23,4.23,4,4.05,1848401
WTP,20150303,0.74,0.74,0.72,0.72,158594
WVL,20150303,0.014,0.014,0.014,0.014,36075
WWI,20150303,0.011,0.011,0.01,0.01,55000
XAM,20150303,0.09,0.09,0.09,0.09,7700
XRO,20150303,23.55,23.81,23.35,23.75,30544
XST,20150303,0.017,0.017,0.016,0.016,1072336
XTD,20150303,0.165,0.165,0.16,0.16,30126
XTV,20150303,0.021,0.021,0.021,0.021,30000
YAL,20150303,0.07,0.071,0.07,0.07,31138
YBR,20150303,0.6,0.605,0.595,0.6,136166
YNB,20150303,0.195,0.195,0.195,0.195,8060
YOW,20150303,0.6,0.625,0.59,0.61,383632
YPB,20150303,0.325,0.33,0.325,0.33,22000
YRR,20150303,0.01,0.01,0.009,0.009,1913428
ZER,20150303,0.355,0.355,0.35,0.35,30000
ZGL,20150303,0.23,0.23,0.23,0.23,33120
ZIM,20150303,8.75,8.75,8.75,8.75,100
ZIP,20150303,0.445,0.45,0.415,0.45,466126
XAF,20150303,6059.1,6097.2,6001.6,6031.7,0
XAO,20150303,5926.3,5962,5872.8,5902.8,0
XAT,20150303,5905.4,5942.5,5849.5,5880,0
XDJ,20150303,1997.2,2023.8,1976,2000.8,0
XEC,20150303,1015.2,1018.7,1003.4,1003.8,0
XEJ,20150303,11641.3,11677.9,11546.5,11583.3,0
XFJ,20150303,7006.8,7071.6,6933.5,6976.6,0
XFL,20150303,6133.3,6172.1,6075.5,6105.8,0
XGD,20150303,2727.5,2727.5,2620.6,2621.4,0
XHJ,20150303,19118.3,19324.2,19041.2,19130,0
XIJ,20150303,807.9,820.6,807.9,815.5,0
XJO,20150303,5958.9,5996.9,5903.2,5933.9,0
XJR,20150303,3741.5,3741.5,3675.9,3689.7,0
XKO,20150303,5889.7,5926.1,5835.1,5865.2,0
XMD,20150303,5207.1,5254.2,5164.4,5201.2,0
XMJ,20150303,9946.3,9946.3,9755.3,9797.5,0
XMM,20150303,3045,3045,2977.2,2992.1,0
XNJ,20150303,4595.9,4643.6,4592.5,4617.6,0
XPJ,20150303,1334.8,1355,1325.4,1336.3,0
XSJ,20150303,9262.6,9404.8,9262.6,9343.7,0
XSO,20150303,2233.1,2244,2211.3,2222.8,0
XTJ,20150303,2243.4,2261.3,2213.3,2230.8,0
XTL,20150303,3731.9,3754.7,3696.6,3714.1,0
XTO,20150303,4972.5,5004.6,4926.5,4952,0
XUJ,20150303,6844.8,6848.7,6658.2,6717.7,0
XXJ,20150303,8150.4,8219.5,8058.8,8107.6,0
