1AL,20151230,0.98,0.98,0.98,0.98,700
1PG,20151230,3.42,3.45,3.22,3.4,1495960
1ST,20151230,0.089,0.089,0.089,0.089,50000
3DM,20151230,0.074,0.078,0.074,0.077,2906754
3PL,20151230,2.02,2.05,2,2,65055
4DS,20151230,0.042,0.043,0.042,0.042,170000
88E,20151230,0.009,0.01,0.009,0.009,10795366
8EC,20151230,0.965,0.965,0.965,0.965,134
8IH,20151230,1.35,1.38,1.35,1.38,158400
A2M,20151230,2.22,2.36,1.84,1.875,54351944
AAA,20151230,50.18,50.21,50.16,50.21,38538
AAC,20151230,1.335,1.365,1.33,1.34,3390623
AAD,20151230,2.31,2.31,2.25,2.28,490862
AAI,20151230,12.1,12.1,12.1,12.1,200
AAP,20151230,0.025,0.028,0.025,0.028,295000
AAU,20151230,0.028,0.028,0.027,0.027,130660
AB1,20151230,0.15,0.155,0.15,0.155,49282
ABA,20151230,6,6,5.85,6,2235
ABC,20151230,4.82,4.82,4.74,4.8,978731
ABP,20151230,3.3,3.3,3.235,3.25,373619
ABU,20151230,0.038,0.039,0.037,0.037,189000
ABX,20151230,0.185,0.205,0.185,0.205,86414
ABY,20151230,0.18,0.19,0.18,0.19,47148
ACB,20151230,0.016,0.016,0.016,0.016,1877985
ACG,20151230,0.22,0.22,0.22,0.22,5200
ACL,20151230,0.098,0.099,0.098,0.098,4057064
ACQ,20151230,0.86,0.86,0.86,0.86,13500
ACR,20151230,0.72,0.735,0.72,0.735,115065
ACS,20151230,0.1,0.1,0.1,0.1,20000
ACU,20151230,0.095,0.1,0.095,0.1,273701
ACW,20151230,0.063,0.064,0.062,0.062,282859
ACX,20151230,5.38,5.4,5.3,5.33,43674
ADA,20151230,2.2,2.27,2.2,2.26,127064
ADH,20151230,2.54,2.59,2.52,2.55,33941
ADJ,20151230,0.09,0.09,0.087,0.089,560700
ADN,20151230,0.01,0.01,0.01,0.01,110000
ADO,20151230,0.076,0.083,0.075,0.077,3278067
ADR,20151230,0.63,0.65,0.63,0.635,35000
ADV,20151230,0.013,0.013,0.012,0.013,608750
ADY,20151230,0.009,0.01,0.009,0.01,112000
AEE,20151230,0.017,0.017,0.015,0.015,150660
AEF,20151230,63.55,63.55,63.5,63.5,65
AEG,20151230,1.23,1.23,1.215,1.22,104072
AEV,20151230,0.115,0.115,0.11,0.115,351520
AFG,20151230,1.077,1.08,1.075,1.075,12002
AFI,20151230,5.95,5.97,5.93,5.93,104271
AFR,20151230,0.052,0.052,0.052,0.052,900000
AGE,20151230,0.018,0.018,0.018,0.018,53000
AGF,20151230,1.18,1.18,1.11,1.13,1010815
AGG,20151230,1.865,1.865,1.865,1.865,74
AGI,20151230,2.27,2.29,2.24,2.27,565278
AGL,20151230,18.02,18.12,17.93,17.95,922896
AGO,20151230,0.018,0.019,0.017,0.019,2482941
AGS,20151230,0.028,0.028,0.028,0.028,63250
AGY,20151230,0.002,0.002,0.002,0.002,333350
AHA,20151230,0.004,0.004,0.004,0.004,153250
AHF,20151230,0.405,0.59,0.4,0.45,95455666
AHG,20151230,4.64,4.64,4.57,4.6,347148
AHL,20151230,0.59,0.62,0.59,0.6,201580
AHX,20151230,1.365,1.37,1.36,1.37,300258
AHY,20151230,1.61,1.62,1.58,1.59,1481796
AHZ,20151230,0.7,0.705,0.675,0.68,369169
AIA,20151230,5.27,5.5,5.24,5.43,42601
AIK,20151230,0.11,0.11,0.11,0.11,445000
AIO,20151230,8.76,8.8,8.74,8.8,1118689
AIZ,20151230,2.76,2.8,2.75,2.8,5777
AJA,20151230,5.06,5.1,5.05,5.06,24988
AJD,20151230,1.31,1.31,1.3,1.3,2529
AJL,20151230,0.34,0.35,0.34,0.35,1757
AJM,20151230,0.049,0.052,0.049,0.052,2165126
AJQ,20151230,0.155,0.17,0.15,0.17,225809
AJR,20151230,0.001,0.001,0.001,0.001,7475000
AJX,20151230,0.83,0.845,0.82,0.84,460055
AKG,20151230,0.32,0.32,0.32,0.32,1537
AKP,20151230,9.15,9.15,8.6,8.6,10608
ALA,20151230,0.17,0.17,0.17,0.17,55500
ALF,20151230,1.42,1.43,1.4,1.41,26645
ALI,20151230,1.77,1.77,1.73,1.77,71141
ALK,20151230,0.235,0.235,0.23,0.235,119694
ALL,20151230,10.35,10.47,10.25,10.27,974003
ALQ,20151230,3.94,3.94,3.82,3.86,1460150
ALR,20151230,1.045,1.05,1.045,1.05,8000
ALU,20151230,4.7,4.78,4.69,4.72,301009
AMA,20151230,0.92,0.92,0.9,0.92,262048
AMC,20151230,13.5,13.6,13.44,13.54,1613550
AMH,20151230,0.89,0.89,0.885,0.885,5000
AMI,20151230,0.047,0.047,0.047,0.047,45000
AMP,20151230,5.85,5.89,5.83,5.86,2814886
ANB,20151230,0.04,0.04,0.04,0.04,12000
ANN,20151230,21.51,21.68,21.4,21.64,489594
ANP,20151230,0.071,0.074,0.071,0.074,89426
ANQ,20151230,0.002,0.002,0.002,0.002,500000
ANR,20151230,1.01,1.04,1.01,1.04,42414
ANZ,20151230,27.87,28.03,27.74,27.96,5357335
AOG,20151230,3.19,3.19,3.1,3.13,488528
AOH,20151230,0.105,0.105,0.105,0.105,96785
AOK,20151230,0.04,0.04,0.04,0.04,200000
AOW,20151230,0.155,0.16,0.155,0.16,20141
APA,20151230,8.72,8.72,8.6,8.68,1520995
APD,20151230,0.415,0.42,0.415,0.42,4599
APE,20151230,11.8,12.47,11.8,12.33,50665
APG,20151230,0.005,0.005,0.005,0.005,139176
API,20151230,2,2,1.925,1.96,403489
APN,20151230,0.53,0.54,0.515,0.54,971463
APO,20151230,6.34,6.35,6.08,6.13,353071
APX,20151230,1.6,1.65,1.57,1.62,105371
APY,20151230,0.01,0.01,0.01,0.01,5958453
APZ,20151230,1.21,1.21,1.21,1.21,1070
AQC,20151230,0.021,0.023,0.018,0.022,8196728
AQF,20151230,1.79,1.79,1.79,1.79,3500
AQG,20151230,2.58,2.58,2.51,2.52,42626
AQP,20151230,0.23,0.23,0.225,0.225,72076
AQQ,20151230,0.014,0.014,0.014,0.014,540000
AQR,20151230,0.031,0.031,0.03,0.03,100000
AQX,20151230,0.054,0.055,0.054,0.055,73908
AQZ,20151230,0.505,0.505,0.505,0.505,10000
AR1,20151230,0.022,0.03,0.022,0.03,671750
ARA,20151230,0.37,0.37,0.37,0.37,30000
ARB,20151230,16.25,16.32,16.03,16.18,158609
ARD,20151230,0.022,0.022,0.02,0.02,88112
ARE,20151230,0.003,0.004,0.003,0.004,1803407
ARF,20151230,1.75,1.795,1.75,1.79,351540
ARG,20151230,7.92,7.99,7.92,7.98,68544
ARI,20151230,0.058,0.06,0.056,0.057,4636070
ARU,20151230,0.06,0.061,0.06,0.061,102800
ARW,20151230,0.15,0.15,0.15,0.15,6667
ASB,20151230,1.51,1.51,1.48,1.5,1181636
ASH,20151230,0.18,0.18,0.165,0.18,529730
ASL,20151230,0.255,0.27,0.25,0.25,264725
AST,20151230,1.47,1.485,1.465,1.48,2546025
ASX,20151230,42.4,42.615,42.18,42.33,256468
ASZ,20151230,1.175,1.175,1.12,1.157,87332
ATC,20151230,0.11,0.11,0.11,0.11,125180
ATU,20151230,0.46,0.46,0.46,0.46,20993
AUB,20151230,9.01,9.05,8.71,8.96,6181
AUF,20151230,1.31,1.31,1.31,1.31,750
AUI,20151230,7.34,7.35,7.34,7.35,3980
AUQ,20151230,0.014,0.014,0.014,0.014,1587629
AUZ,20151230,0.004,0.004,0.004,0.004,462997
AVB,20151230,0.054,0.054,0.053,0.053,325390
AVG,20151230,0.395,0.395,0.39,0.39,257875
AVH,20151230,0.095,0.096,0.093,0.093,105000
AVI,20151230,0.021,0.021,0.02,0.02,49000
AVJ,20151230,0.54,0.575,0.54,0.575,31512
AVN,20151230,2.03,2.03,1.98,2.01,12400
AVQ,20151230,0.24,0.29,0.24,0.265,266893
AWC,20151230,1.195,1.195,1.155,1.16,8864388
AWE,20151230,0.53,0.545,0.51,0.52,1221951
AWI,20151230,0.275,0.275,0.275,0.275,50000
AWN,20151230,0.56,0.56,0.55,0.55,100000
AWO,20151230,0.02,0.021,0.02,0.021,250000
AWY,20151230,0.001,0.001,0.001,0.001,2000000
AXE,20151230,0.085,0.085,0.081,0.081,77650
AXI,20151230,0.056,0.056,0.05,0.05,62000
AXP,20151230,1.07,1.07,1.045,1.045,1570
AXT,20151230,0.095,0.11,0.095,0.11,644952
AYB,20151230,0.024,0.2,0.024,0.09,28378112
AYC,20151230,0.028,0.029,0.028,0.029,540000
AYD,20151230,56.33,56.33,56.33,56.33,300
AYJ,20151230,71.9,71.9,71.9,71.9,550
AYK,20151230,62.66,62.66,62.66,62.66,167
AYS,20151230,2.3,2.31,2.25,2.3,30266
AZJ,20151230,4.3,4.39,4.285,4.39,8252623
AZM,20151230,0.027,0.029,0.027,0.029,86736
AZS,20151230,0.027,0.028,0.026,0.027,1351840
AZV,20151230,0.079,0.079,0.078,0.079,125090
AZY,20151230,0.013,0.013,0.012,0.012,4507991
BAF,20151230,1.01,1.01,1,1,73300
BAL,20151230,15.92,16.5,13.6,14.02,1870726
BAP,20151230,4.27,4.34,4.255,4.29,972758
BAU,20151230,0.09,0.09,0.082,0.084,1179160
BBG,20151230,2.4,2.5,2.4,2.46,215321
BBL,20151230,0.345,0.345,0.345,0.345,246
BBN,20151230,2.49,2.5,2.4,2.4,79223
BBR,20151230,0.065,0.065,0.065,0.065,16000
BBX,20151230,0.018,0.019,0.017,0.019,3594687
BCI,20151230,0.1,0.105,0.098,0.099,559626
BCN,20151230,0.003,0.003,0.003,0.003,63333
BCT,20151230,0.041,0.041,0.038,0.039,290352
BDR,20151230,0.135,0.14,0.135,0.135,1452668
BEAR,20151230,17.29,17.35,17.24,17.28,130201
BEN,20151230,11.9,11.97,11.89,11.91,803457
BFC,20151230,0.56,0.595,0.46,0.5,17156418
BFG,20151230,0.595,0.6,0.595,0.6,18015
BGA,20151230,7.52,8.13,6.9,7.17,1440490
BGL,20151230,0.73,0.79,0.73,0.785,274955
BGS,20151230,0.072,0.072,0.072,0.072,15000
BHP,20151230,18.21,18.24,17.905,18.09,7319710
BIG,20151230,0.21,0.21,0.21,0.21,33333
BIQ,20151230,1,1.05,1,1.05,66095
BIT,20151230,0.049,0.05,0.049,0.05,33190
BKI,20151230,1.69,1.695,1.685,1.69,43364
BKL,20151230,215.9,218.32,210.38,214.82,88685
BKN,20151230,0.49,0.5,0.48,0.49,577199
BKT,20151230,0.055,0.056,0.05,0.05,171400
BKW,20151230,15.75,15.95,15.66,15.83,55725
BLA,20151230,6.89,6.9,6.73,6.8,41341
BLD,20151230,5.9,5.96,5.9,5.92,1226724
BLG,20151230,0.068,0.068,0.061,0.061,113000
BLK,20151230,0.225,0.23,0.225,0.23,84125
BLT,20151230,0.29,0.305,0.285,0.29,304148
BLX,20151230,2.1,2.2,2.1,2.14,31734
BLY,20151230,0.062,0.065,0.062,0.063,573651
BLZ,20151230,0.044,0.046,0.044,0.046,224000
BML,20151230,0.004,0.004,0.004,0.004,763524
BMN,20151230,0.03,0.03,0.028,0.028,1001435
BNE,20151230,0.006,0.006,0.006,0.006,123000
BNO,20151230,0.37,0.37,0.355,0.365,102174
BOC,20151230,0.245,0.245,0.24,0.24,65000
BOE,20151230,0.043,0.045,0.042,0.044,1579524
BOQ,20151230,13.92,14.09,13.91,13.97,797265
BPF,20151230,0.455,0.47,0.455,0.47,799315
BPS,20151230,1.15,1.15,1.13,1.14,14801
BPT,20151230,0.5,0.51,0.485,0.505,2845872
BRB,20151230,0.105,0.12,0.105,0.12,79100
BRG,20151230,7.2,7.42,7.19,7.4,114622
BRK,20151230,0.008,0.008,0.007,0.008,1923323
BRL,20151230,0.015,0.016,0.015,0.016,187000
BRN,20151230,0.255,0.275,0.255,0.26,978107
BRS,20151230,1.43,1.43,1.39,1.395,1246208
BRU,20151230,0.22,0.23,0.217,0.23,146811
BSA,20151230,0.185,0.185,0.185,0.185,116216
BSE,20151230,0.047,0.047,0.046,0.046,24000
BSL,20151230,4.58,4.58,4.22,4.29,2455124
BSM,20151230,0.013,0.013,0.013,0.013,200000
BSR,20151230,0.01,0.01,0.009,0.01,409056
BST,20151230,0.995,0.995,0.995,0.995,5678
BTC,20151230,0.11,0.11,0.11,0.11,4600
BTI,20151230,0.97,0.97,0.97,0.97,5000
BTT,20151230,12.95,12.98,12.77,12.8,238352
BUD,20151230,0.15,0.21,0.14,0.155,28253373
BUG,20151230,0.64,0.64,0.6,0.6,5250
BUL,20151230,0.029,0.029,0.029,0.029,364159
BUR,20151230,0.006,0.006,0.006,0.006,6092810
BUX,20151230,0.06,0.06,0.06,0.06,93660
BUY,20151230,0.011,0.011,0.011,0.011,50000
BWP,20151230,3.24,3.24,3.19,3.22,861300
BWR,20151230,1.32,1.32,1.32,1.32,637
BWX,20151230,3.56,3.6,3.54,3.55,354360
BXB,20151230,11.47,11.54,11.41,11.45,1840990
BXN,20151230,0.023,0.023,0.021,0.021,934135
BYE,20151230,0.19,0.19,0.17,0.17,49962
BYI,20151230,1.035,1.04,1.02,1.02,17001
BYL,20151230,0.2,0.2,0.2,0.2,1431
BZL,20151230,0.006,0.006,0.006,0.006,86420
CAA,20151230,0.098,0.1,0.098,0.1,473845
CAB,20151230,3.05,3.05,2.9,2.95,305222
CAE,20151230,0.013,0.013,0.01,0.01,108640
CAJ,20151230,0.27,0.27,0.257,0.26,1060920
CAM,20151230,0.87,0.87,0.865,0.865,34428
CAQ,20151230,0.16,0.18,0.16,0.18,1260654
CAR,20151230,11.65,11.76,11.64,11.75,396399
CAT,20151230,1.92,1.93,1.9,1.93,45907
CAV,20151230,0.006,0.006,0.006,0.006,2100000
CAY,20151230,0.049,0.049,0.049,0.049,1062
CAZ,20151230,0.025,0.025,0.025,0.025,20000
CBA,20151230,85,85.785,84.9,85.57,2623161
CBL,20151230,2,2,2,2,23600
CCF,20151230,0.1,0.13,0.095,0.11,20668416
CCL,20151230,9.36,9.36,9.28,9.3,1268780
CCP,20151230,9.99,10.31,9.99,10.3,88992
CCV,20151230,0.55,0.55,0.535,0.535,215989
CCZ,20151230,0.004,0.004,0.004,0.004,1500000
CDA,20151230,0.69,0.69,0.68,0.68,64505
CDD,20151230,1.22,1.26,1.21,1.22,645823
CDM,20151230,1.53,1.53,1.52,1.53,79858
CDP,20151230,6.87,7,6.77,6.77,315
CDV,20151230,0.135,0.14,0.135,0.14,30000
CDY,20151230,0.024,0.024,0.024,0.024,225152
CEL,20151230,0.022,0.022,0.022,0.022,125000
CEN,20151230,4.5,4.5,4.5,4.5,97354
CGC,20151230,2.75,2.79,2.69,2.73,425558
CGF,20151230,8.6,8.69,8.54,8.62,2232792
CGH,20151230,0.115,0.12,0.115,0.115,175065
CGL,20151230,4.93,4.94,4.93,4.93,11611
CGN,20151230,0.067,0.067,0.067,0.067,24395
CGR,20151230,0.19,0.2,0.19,0.2,87793
CGS,20151230,0.6,0.6,0.575,0.575,61000
CGW,20151230,0.515,0.515,0.475,0.475,62175
CHC,20151230,4.68,4.68,4.62,4.68,217199
CHK,20151230,0.014,0.014,0.014,0.014,100000
CHP,20151230,0.005,0.005,0.005,0.005,1250001
CIA,20151230,0.165,0.17,0.165,0.17,80000
CIE,20151230,1,1,0.985,0.985,39000
CII,20151230,1.45,1.45,1.43,1.45,5170
CIM,20151230,24.18,24.36,23.91,24.08,457858
CIW,20151230,0.685,0.695,0.68,0.695,42500
CJC,20151230,0.008,0.008,0.008,0.008,30000
CKF,20151230,4.47,4.5,4.46,4.46,475556
CKL,20151230,0.545,0.545,0.545,0.545,4500
CL1,20151230,1.85,1.85,1.76,1.79,95272
CL8,20151230,0.024,0.025,0.024,0.025,636820
CLH,20151230,1.71,1.74,1.7,1.72,122583
CLQ,20151230,0.175,0.18,0.165,0.165,575011
CLV,20151230,0.41,0.41,0.39,0.39,76778
CLX,20151230,1.14,1.14,1.04,1.04,8798
CM8,20151230,0.265,0.275,0.265,0.27,386431
CMA,20151230,1.955,1.955,1.955,1.955,30657
CMI,20151230,1.2,1.2,1.2,1.2,21310
CMP,20151230,0.415,0.415,0.395,0.395,212687
CMW,20151230,1.06,1.075,1.05,1.065,2209842
CNI,20151230,0.96,0.98,0.96,0.98,10317
CNU,20151230,3.68,3.7,3.64,3.7,97627
CNW,20151230,0.035,0.037,0.034,0.036,4141678
COE,20151230,0.162,0.165,0.162,0.165,24918
COF,20151230,0.415,0.425,0.415,0.42,1325297
COH,20151230,94.41,96.22,94.36,96.21,115628
COO,20151230,0.14,0.14,0.135,0.14,122315
CPU,20151230,11.65,11.76,11.58,11.72,1025007
CQR,20151230,4.3,4.32,4.22,4.24,440475
CRB,20151230,0.058,0.058,0.058,0.058,120000
CSE,20151230,0.27,0.27,0.265,0.265,103300
CSL,20151230,105.55,106.39,105.15,106.28,568391
CSR,20151230,2.85,2.885,2.815,2.86,1492702
CSS,20151230,0.047,0.05,0.047,0.048,1061893
CSV,20151230,1.77,1.8,1.76,1.8,84683
CTD,20151230,13.4,13.65,13.32,13.47,150446
CTM,20151230,0.005,0.005,0.005,0.005,50000
CTN,20151230,0.95,0.955,0.945,0.945,134359
CTO,20151230,0.016,0.016,0.016,0.016,71959
CTP,20151230,0.15,0.15,0.145,0.145,583341
CTR,20151230,0.076,0.076,0.07,0.075,300800
CTX,20151230,38.39,38.5,38.09,38.15,1019862
CUE,20151230,0.056,0.058,0.056,0.058,51940
CUP,20151230,0.865,0.88,0.865,0.88,69128
CUV,20151230,2.69,2.7,2.66,2.69,31165
CV1,20151230,0.37,0.385,0.37,0.37,56750
CVC,20151230,1.5,1.5,1.5,1.5,654
CVE,20151230,0.006,0.006,0.006,0.006,100003
CVN,20151230,0.105,0.105,0.1,0.105,305944
CVO,20151230,2.2,2.21,2.16,2.2,700145
CVS,20151230,0.005,0.005,0.005,0.005,40000
CVT,20151230,0.38,0.385,0.365,0.375,1129903
CVW,20151230,0.95,0.95,0.94,0.94,14911
CWC,20151230,0.695,0.695,0.69,0.695,38100
CWE,20151230,0.045,0.047,0.045,0.047,166626
CWN,20151230,12.49,12.515,12.39,12.5,977777
CWP,20151230,4.1,4.16,4.05,4.15,16294
CXX,20151230,0.21,0.21,0.2,0.2,4500
CXZ,20151230,0.205,0.205,0.205,0.205,56478
CYA,20151230,0.82,0.82,0.82,0.82,17495
CYC,20151230,0.525,0.525,0.52,0.52,4500
CYG,20151230,1.15,1.2,1.15,1.15,10220
CYP,20151230,0.37,0.37,0.35,0.35,14000
CYY,20151230,0.031,0.031,0.029,0.03,188346
CZL,20151230,0.053,0.053,0.051,0.052,360286
CZZ,20151230,21.68,22.27,21.39,21.4,21351
DAF,20151230,0.006,0.006,0.006,0.006,130000
DCC,20151230,0.14,0.14,0.12,0.125,1013956
DCG,20151230,0.965,0.97,0.95,0.95,113091
DCN,20151230,0.76,0.76,0.76,0.76,14250
DDR,20151230,1.62,1.62,1.605,1.605,11787
DDT,20151230,0.022,0.023,0.022,0.023,1116883
DEG,20151230,0.001,0.001,0.001,0.001,2359848
DFM,20151230,1.3,1.3,1.25,1.26,104450
DGH,20151230,0.685,0.685,0.685,0.685,24000
DGR,20151230,0.031,0.031,0.031,0.031,20000
DIV,20151230,19.45,19.45,19.45,19.45,539
DJW,20151230,4.26,4.28,4.26,4.28,42999
DKM,20151230,0.091,0.091,0.09,0.09,6666
DKO,20151230,0.05,0.05,0.05,0.05,250000
DLS,20151230,0.61,0.625,0.6,0.625,497011
DLX,20151230,6.76,6.76,6.59,6.69,882860
DMA,20151230,0.04,0.04,0.04,0.04,2000
DMC,20151230,0.38,0.4,0.375,0.4,593983
DMP,20151230,60.56,60.56,55.61,57.48,299611
DNA,20151230,0.76,0.765,0.752,0.76,107740
DNK,20151230,0.32,0.32,0.32,0.32,9244
DOW,20151230,3.64,3.64,3.52,3.58,915455
DRA,20151230,0.155,0.155,0.15,0.15,100780
DRG,20151230,0.03,0.03,0.03,0.03,17000
DRM,20151230,0.585,0.59,0.56,0.58,491334
DSH,20151230,0.36,0.37,0.355,0.365,1026380
DSX,20151230,0.08,0.08,0.08,0.08,195142
DTI,20151230,0.26,0.28,0.26,0.28,4790
DTL,20151230,1.06,1.095,1.06,1.07,78417
DTM,20151230,0.01,0.01,0.01,0.01,147370
DUB,20151230,0.695,0.71,0.665,0.71,251822
DUE,20151230,2.29,2.3,2.28,2.3,6775027
DUI,20151230,3.41,3.43,3.41,3.43,35000
DVA,20151230,0.48,0.48,0.48,0.48,36678
DVI,20151230,0.026,0.026,0.025,0.026,2058648
DVL,20151230,0.38,0.38,0.38,0.38,13400
DVN,20151230,0.695,0.695,0.69,0.695,3530
DWS,20151230,1.16,1.17,1.145,1.145,67265
DXS,20151230,7.59,7.62,7.49,7.6,1907516
DYE,20151230,0.285,0.285,0.285,0.285,24800
DYL,20151230,0.01,0.01,0.009,0.009,115000
EAS,20151230,1.2,1.25,1.2,1.25,28000
EBG,20151230,0.066,0.066,0.066,0.066,19000
ECG,20151230,0.36,0.36,0.3,0.31,1849056
ECX,20151230,3.28,3.37,3.28,3.35,182499
EDE,20151230,0.05,0.052,0.048,0.052,605888
EEG,20151230,0.023,0.023,0.022,0.022,1169833
EEU,20151230,14.69,14.69,14.69,14.69,200
EGG,20151230,0.82,0.85,0.815,0.82,13006
EGH,20151230,0.59,0.6,0.55,0.6,235555
EGI,20151230,1.06,1.06,1.06,1.06,40000
EGO,20151230,0.525,0.54,0.5,0.52,90118
EGY,20151230,0.015,0.02,0.015,0.02,1405000
EHE,20151230,7.29,7.34,7.21,7.32,591305
EHL,20151230,0.04,0.04,0.039,0.039,213515
ELD,20151230,4.56,4.7,4.54,4.65,737253
ELK,20151230,0.084,0.084,0.084,0.084,52000
ELM,20151230,0.2,0.2,0.19,0.19,6732
ELX,20151230,0.78,0.78,0.715,0.715,196066
EMC,20151230,0.25,0.285,0.25,0.25,1826943
EMG,20151230,0.014,0.017,0.014,0.016,3697078
EMH,20151230,0.17,0.175,0.17,0.17,78500
EML,20151230,1,1.04,0.985,1.025,476155
EMR,20151230,0.022,0.022,0.022,0.022,276000
EMU,20151230,0.085,0.085,0.085,0.085,200000
EMX,20151230,0.033,0.033,0.033,0.033,300000
ENN,20151230,1.75,1.75,1.75,1.75,22446
ENT,20151230,0.025,0.025,0.023,0.023,338309
ENZ,20151230,0.3,0.3,0.3,0.3,6582
EOS,20151230,1.255,1.34,1.25,1.32,51476
EPD,20151230,0.85,0.85,0.815,0.815,121314
EPM,20151230,0.005,0.005,0.005,0.005,500000
EPW,20151230,1.58,1.63,1.57,1.63,340263
EPX,20151230,1.565,1.565,1.52,1.525,96350
EQE,20151230,0.008,0.008,0.008,0.008,5850
ERA,20151230,0.36,0.36,0.345,0.36,69030
ERJ,20151230,0.04,0.04,0.037,0.037,58543
ERL,20151230,0.009,0.009,0.009,0.009,16842
ERM,20151230,0.037,0.037,0.036,0.037,384511
ERR,20151230,0.59,0.6,0.59,0.6,40000
ESI,20151230,0.022,0.022,0.022,0.022,600214
ESV,20151230,0.08,0.08,0.077,0.077,80762
ETE,20151230,0.009,0.009,0.009,0.009,7000
EVM,20151230,0.1,0.105,0.1,0.105,91998
EVN,20151230,1.48,1.48,1.43,1.455,2909202
EVR,20151230,7.56,7.56,7.39,7.45,7047
EVT,20151230,16.45,16.7,16.06,16.5,53026
EWC,20151230,0.22,0.235,0.22,0.23,229399
EXG,20151230,0.07,0.079,0.07,0.072,265000
EXM,20151230,0.007,0.008,0.007,0.008,398000
EXU,20151230,0.024,0.025,0.022,0.022,1490372
EZL,20151230,0.8,0.8,0.8,0.8,28900
FAN,20151230,2.2,2.2,2.2,2.2,8
FAR,20151230,0.083,0.084,0.082,0.084,3522935
FBR,20151230,0.028,0.029,0.027,0.027,1509853
FBU,20151230,6.88,6.89,6.83,6.87,526469
FCN,20151230,0.018,0.019,0.018,0.019,1174847
FEL,20151230,0.035,0.035,0.035,0.035,130000
FET,20151230,2.25,2.275,2.245,2.27,289094
FFT,20151230,1.1,1.15,1.1,1.15,56167
FGG,20151230,1.18,1.185,1.17,1.17,47538
FGR,20151230,0.057,0.059,0.057,0.059,1028369
FGX,20151230,1.16,1.16,1.16,1.16,213498
FLK,20151230,0.935,0.94,0.935,0.94,48500
FLN,20151230,1.76,1.8,1.72,1.78,78437
FLT,20151230,39.85,40.34,39.54,40,256868
FMG,20151230,1.89,1.897,1.835,1.87,7331493
FML,20151230,0.315,0.315,0.31,0.315,8759
FMS,20151230,0.01,0.01,0.01,0.01,587000
FND,20151230,0.13,0.135,0.13,0.135,105000
FNP,20151230,4.7,5,4,4.13,499494
FPH,20151230,8.5,8.5,8.16,8.33,224475
FRE,20151230,0.002,0.002,0.002,0.002,340000
FRI,20151230,1.02,1.02,1.01,1.01,154549
FRM,20151230,1.21,1.21,1.15,1.155,95989
FRX,20151230,0.185,0.185,0.18,0.185,60000
FSA,20151230,1.1,1.1,1.1,1.1,15484
FSF,20151230,5.78,5.79,5.64,5.68,82859
FUN,20151230,0.035,0.035,0.03,0.034,151338
FWD,20151230,1.2,1.25,1.18,1.25,30573
FXJ,20151230,0.92,0.935,0.915,0.93,2527771
FXL,20151230,3,3.03,2.99,3.02,432871
GAP,20151230,0.31,0.31,0.3,0.3,538270
GBA,20151230,0.023,0.023,0.023,0.023,10000
GBG,20151230,0.02,0.021,0.02,0.02,212574
GBI,20151230,0.25,0.25,0.25,0.25,20000
GBP,20151230,0.032,0.032,0.032,0.032,6000
GBT,20151230,4.17,4.23,4.11,4.21,96339
GC1,20151230,0.99,1.01,0.985,1.01,78782
GCS,20151230,0.54,0.54,0.54,0.54,33
GCY,20151230,0.11,0.115,0.11,0.11,225000
GDF,20151230,0.94,0.94,0.935,0.94,185503
GDI,20151230,0.865,0.872,0.855,0.855,204677
GDX,20151230,19.18,19.18,19.18,19.18,500
GDY,20151230,0.031,0.031,0.031,0.031,35000
GEG,20151230,1.22,1.225,1.215,1.225,43574
GEM,20151230,3.57,3.63,3.56,3.59,1137026
GER,20151230,0.065,0.065,0.065,0.065,24000
GFL,20151230,1.39,1.39,1.39,1.39,9734
GFY,20151230,1.7,1.7,1.7,1.7,18500
GGG,20151230,0.028,0.028,0.026,0.027,420711
GHC,20151230,1.96,2.05,1.955,1.98,115616
GID,20151230,0.031,0.031,0.029,0.029,1319709
GJT,20151230,1.85,1.85,1.795,1.84,24304
GLF,20151230,0.008,0.008,0.008,0.008,250000
GLH,20151230,0.23,0.23,0.225,0.225,42610
GLN,20151230,0.004,0.004,0.004,0.004,759091
GMA,20151230,2.79,2.8,2.74,2.76,1126375
GMC,20151230,0.02,0.02,0.02,0.02,26000
GMF,20151230,2.06,2.07,2.06,2.07,95891
GMG,20151230,6.54,6.54,6.39,6.45,1551165
GMM,20151230,0.255,0.26,0.235,0.26,1305533
GMN,20151230,0.042,0.042,0.04,0.04,330000
GNC,20151230,8.58,8.67,8.55,8.65,339719
GNE,20151230,1.765,1.8,1.76,1.76,15085
GNG,20151230,0.77,0.77,0.77,0.77,28325
GNX,20151230,0.16,0.16,0.16,0.16,47140
GOLD,20151230,140.15,140.59,139.64,140.01,1871
GOR,20151230,0.375,0.395,0.36,0.395,576334
GOZ,20151230,3.08,3.13,3.08,3.12,319479
GPH,20151230,0.056,0.056,0.056,0.056,50000
GPT,20151230,4.93,4.96,4.83,4.86,2440004
GRA,20151230,0.33,0.33,0.31,0.31,19253
GRB,20151230,0.076,0.076,0.075,0.076,82029
GRF,20151230,1.33,1.33,1.33,1.33,4400
GRR,20151230,0.09,0.09,0.088,0.089,199246
GRY,20151230,0.047,0.047,0.047,0.047,1637229
GSE,20151230,0.072,0.072,0.072,0.072,1000
GSS,20151230,0.9,0.9,0.84,0.85,60476
GTE,20151230,0.021,0.021,0.02,0.02,250000
GTG,20151230,0.024,0.025,0.024,0.025,145750
GTK,20151230,2.39,2.39,2.28,2.28,7042
GTY,20151230,3.08,3.09,2.97,3.07,238402
GUD,20151230,8.46,8.61,8.46,8.57,187477
GWA,20151230,2,2.02,1.96,2.01,291887
GXL,20151230,6.65,6.67,6.55,6.6,83164
GXY,20151230,0.125,0.127,0.11,0.12,12726122
GZL,20151230,2.65,2.75,2.65,2.75,1526
HAV,20151230,0.235,0.235,0.235,0.235,1300
HAZ,20151230,0.001,0.001,0.001,0.001,9874050
HCH,20151230,0.09,0.09,0.09,0.09,16357
HCT,20151230,0.047,0.08,0.047,0.08,14207
HEG,20151230,0.002,0.002,0.002,0.002,20000
HFA,20151230,2.8,2.83,2.79,2.83,365928
HFR,20151230,1.58,1.685,1.55,1.64,567312
HGG,20151230,6.4,6.45,6.33,6.4,1497382
HGO,20151230,0.145,0.16,0.145,0.16,95754
HHV,20151230,1.18,1.19,1.18,1.18,104288
HIL,20151230,0.345,0.352,0.325,0.34,94947
HIT,20151230,0.325,0.325,0.325,0.325,18913
HLX,20151230,0.032,0.032,0.032,0.032,20000
HNG,20151230,0.43,0.43,0.43,0.43,814
HNR,20151230,0.002,0.002,0.002,0.002,100000
HOM,20151230,0.5,0.5,0.5,0.5,20000
HPI,20151230,2.57,2.69,2.56,2.63,155527
HRL,20151230,0.072,0.072,0.072,0.072,601
HRR,20151230,0.091,0.091,0.091,0.091,65040
HSN,20151230,3.42,3.43,3.34,3.4,156754
HSO,20151230,2.64,2.655,2.62,2.65,2951046
HTA,20151230,0.079,0.08,0.079,0.08,265510
HUB,20151230,4.55,4.635,4.44,4.5,89880
HUO,20151230,4.06,4.06,3.96,4,21832
HVN,20151230,4.29,4.33,4.24,4.28,2554663
HXG,20151230,0.06,0.06,0.06,0.06,300000
HZN,20151230,0.079,0.08,0.079,0.08,1287062
HZR,20151230,0.275,0.275,0.275,0.275,54250
IAA,20151230,58.81,59.04,58.19,58.5,3033
IAF,20151230,105.67,105.74,105.2,105.72,7285
IAG,20151230,5.6,5.6,5.52,5.53,3379499
IAU,20151230,0.115,0.115,0.11,0.11,51076
IB8,20151230,0.21,0.21,0.21,0.21,2000
IBC,20151230,0.485,0.485,0.485,0.485,49691
IBG,20151230,0.045,0.05,0.045,0.047,915005
IBK,20151230,40.93,40.93,40.4,40.4,667
ICG,20151230,0.007,0.007,0.007,0.007,1360142
ICN,20151230,0.033,0.034,0.033,0.034,9255
ICQ,20151230,1,1.005,0.96,0.96,112664
ICS,20151230,1.845,1.845,1.845,1.845,500
ICT,20151230,0.09,0.09,0.09,0.09,17000
ICU,20151230,0.175,0.185,0.175,0.185,55000
IDO,20151230,0.011,0.011,0.009,0.009,334500
IDR,20151230,2.07,2.09,2.065,2.08,176539
IDT,20151230,0.365,0.365,0.36,0.36,129517
IDX,20151230,1.66,1.68,1.63,1.66,19914
IEL,20151230,3.36,3.37,3.35,3.35,150309
IEM,20151230,45,45,44.5,44.6,3858
IEU,20151230,56.27,56.52,56.17,56.52,20033
IFL,20151230,9.46,9.64,9.46,9.6,976233
IFM,20151230,0.78,0.78,0.725,0.73,555608
IFN,20151230,0.42,0.447,0.4,0.44,1797290
IGB,20151230,102.98,102.98,102.64,102.67,3190
IGL,20151230,2.01,2.02,2.01,2.02,37500
IGO,20151230,2.65,2.65,2.59,2.62,1946493
IGS,20151230,0.002,0.002,0.002,0.002,190000
IHD,20151230,13.47,13.56,13.47,13.53,11166
IHK,20151230,27.41,27.41,27.41,27.41,182
IJH,20151230,195.2,195.8,195.2,195.64,454
IJP,20151230,16.92,16.94,16.86,16.88,25770
IJR,20151230,154.59,154.95,154.51,154.9,198
IKO,20151230,69.76,69.76,69.45,69.45,49
ILB,20151230,114.88,114.88,114.5,114.8,242
ILC,20151230,22.88,22.96,22.88,22.96,17761
ILU,20151230,6.22,6.24,6.08,6.19,2045951
IMA,20151230,0.07,0.07,0.07,0.07,10000
IMD,20151230,0.21,0.21,0.2,0.2,517668
IMF,20151230,1.315,1.33,1.31,1.31,192790
IMU,20151230,0.012,0.012,0.012,0.012,346000
INA,20151230,2.9,3,2.85,2.98,66743
IOF,20151230,4.02,4.04,3.995,4.03,1549836
IOO,20151230,101.65,102,101.63,101.95,7091
IOZ,20151230,22.23,22.25,22.14,22.2,49460
IPD,20151230,1.245,1.25,1.2,1.235,227689
IPE,20151230,0.26,0.265,0.26,0.265,90400
IPH,20151230,8.9,8.9,8.73,8.82,336014
IPL,20151230,3.99,3.99,3.94,3.97,4790691
IPP,20151230,3.95,3.95,3.94,3.95,208582
IPT,20151230,0.026,0.029,0.026,0.029,374000
IQ3,20151230,0.285,0.285,0.285,0.285,50000
IQE,20151230,0.7,0.7,0.65,0.65,41600
IRE,20151230,10.05,10.13,10.01,10.04,137578
IRI,20151230,2.09,2.15,2.09,2.09,102517
IRM,20151230,0.008,0.008,0.008,0.008,916574
IRU,20151230,158.12,159.03,158.12,158.33,95
ISD,20151230,4.81,4.85,4.78,4.84,350716
ISO,20151230,3.93,3.93,3.91,3.91,13237
ISU,20151230,1.11,1.2,1.11,1.14,219984
ISX,20151230,0.365,0.38,0.335,0.35,1830687
ITD,20151230,0.21,0.21,0.205,0.205,10265
ITQ,20151230,3.65,3.75,3.65,3.65,6304
ITW,20151230,17.8,17.8,17.59,17.62,2589
IVC,20151230,12.1,12.2,12.065,12.15,165680
IVE,20151230,82.02,82.27,82.02,82.26,1598
IVO,20151230,0.049,0.049,0.049,0.049,525610
IVR,20151230,0.011,0.011,0.01,0.01,216429
IVV,20151230,286.04,286.74,286,286.46,3826
IVX,20151230,0.007,0.007,0.006,0.006,106800
IWG,20151230,0.14,0.14,0.13,0.135,27000
IXI,20151230,129.75,129.75,129.62,129.75,944
IXJ,20151230,143.01,143.69,142.88,143.3,2510
IXP,20151230,80.39,81.25,80.39,80.49,983
IZZ,20151230,49.47,49.47,48.7,48.87,1766
JAL,20151230,0.025,0.025,0.025,0.025,191222
JBH,20151230,19,19.3,19,19.28,328402
JHC,20151230,3.19,3.19,3.15,3.15,416147
JHL,20151230,0.315,0.315,0.305,0.305,20000
JHX,20151230,17.5,17.6,17.38,17.43,731708
JKA,20151230,0.006,0.006,0.006,0.006,1000937
JKL,20151230,0.16,0.18,0.16,0.16,414500
JRV,20151230,0.043,0.043,0.042,0.042,38400
KAM,20151230,0.7,0.7,0.68,0.685,152430
KAR,20151230,1.72,1.81,1.705,1.805,807197
KAS,20151230,0.024,0.025,0.024,0.025,30938
KAT,20151230,0.8,0.8,0.8,0.8,100000
KBC,20151230,0.17,0.17,0.17,0.17,18500
KBL,20151230,0.025,0.025,0.025,0.025,5452
KCN,20151230,0.36,0.375,0.35,0.36,236178
KDL,20151230,0.11,0.11,0.105,0.11,96000
KDR,20151230,0.095,0.095,0.09,0.095,207500
KEY,20151230,0.003,0.003,0.003,0.003,279185
KGD,20151230,0.009,0.009,0.009,0.009,148800
KGL,20151230,0.1,0.1,0.098,0.099,55500
KII,20151230,2.48,2.48,2.47,2.47,95385
KIS,20151230,0.095,0.095,0.095,0.095,56973
KKL,20151230,0.006,0.006,0.006,0.006,50000
KKO,20151230,0.044,0.044,0.041,0.041,100000
KKT,20151230,0.32,0.32,0.32,0.32,25000
KLO,20151230,0.24,0.24,0.24,0.24,10000
KMD,20151230,1.485,1.497,1.46,1.465,81351
KNL,20151230,0.16,0.16,0.16,0.16,40564
KNM,20151230,0.015,0.017,0.014,0.014,3211105
KNO,20151230,0.345,0.375,0.345,0.375,43530
KOV,20151230,2.83,2.84,2.75,2.75,4300
KPC,20151230,0.125,0.17,0.125,0.15,111400
KPO,20151230,0.05,0.05,0.05,0.05,150000
KRM,20151230,0.22,0.225,0.215,0.215,417589
KSC,20151230,1.42,1.42,1.39,1.42,9147
KSL,20151230,1.155,1.155,1.15,1.15,3381
KSM,20151230,2.55,2.55,2.55,2.55,155353
LAA,20151230,0.285,0.29,0.275,0.28,124740
LAU,20151230,0.49,0.495,0.48,0.495,243516
LBL,20151230,0.1,0.1,0.1,0.1,27836
LCK,20151230,0.245,0.25,0.245,0.245,44326
LCM,20151230,0.635,0.635,0.635,0.635,52748
LCR,20151230,0.003,0.003,0.003,0.003,150000
LCT,20151230,0.045,0.05,0.045,0.05,132500
LEG,20151230,0.008,0.008,0.008,0.008,222200
LEP,20151230,3.74,3.775,3.74,3.775,2030
LER,20151230,0.135,0.155,0.135,0.155,71593
LGD,20151230,0.24,0.245,0.23,0.245,330000
LGO,20151230,0.009,0.009,0.008,0.009,338360
LGR,20151230,0.09,0.09,0.09,0.09,85000
LHB,20151230,0.14,0.14,0.14,0.14,30000
LHC,20151230,3.13,3.29,3.13,3.25,84175
LIC,20151230,2.5,2.5,2.47,2.5,121532
LIN,20151230,0.001,0.001,0.001,0.001,6500
LIT,20151230,0.18,0.18,0.16,0.165,1628072
LKO,20151230,0.002,0.002,0.002,0.002,750000
LLC,20151230,14.49,14.54,14.23,14.28,1248133
LML,20151230,0.041,0.041,0.041,0.041,31302
LMW,20151230,0.5,0.5,0.5,0.5,1400
LNG,20151230,0.81,0.82,0.77,0.815,4102426
LNK,20151230,7.45,7.47,7.4,7.44,121460
LNR,20151230,5.25,5.9,5.25,5.9,2298
LNY,20151230,0.003,0.003,0.002,0.002,4446663
LOM,20151230,0.245,0.26,0.24,0.25,500642
LOV,20151230,3.69,3.79,3.6,3.78,53503
LRS,20151230,0.004,0.005,0.004,0.004,3061289
LSR,20151230,0.032,0.034,0.032,0.034,21008
LSX,20151230,0.18,0.18,0.18,0.18,980
LTR,20151230,0.019,0.019,0.019,0.019,1098158
LVT,20151230,0.25,0.25,0.235,0.24,124978
LWP,20151230,0.007,0.007,0.007,0.007,3300000
LYC,20151230,0.095,0.102,0.094,0.1,35627321
MAD,20151230,0.07,0.07,0.066,0.067,251048
MAH,20151230,0.088,0.088,0.087,0.088,554507
MAI,20151230,0.585,0.59,0.585,0.59,39959
MAQ,20151230,8.53,8.53,8.53,8.53,296
MAT,20151230,0.175,0.18,0.165,0.18,21000
MAX,20151230,5.5,5.5,5.5,5.5,1500
MBE,20151230,0.405,0.405,0.38,0.38,1235431
MCE,20151230,0.45,0.455,0.44,0.44,24435
MCP,20151230,0.745,0.745,0.74,0.74,54142
MCR,20151230,0.215,0.22,0.215,0.22,134996
MCS,20151230,0.05,0.05,0.05,0.05,200000
MCT,20151230,0.023,0.027,0.021,0.021,7063865
MDC,20151230,0.19,0.19,0.19,0.19,3000
MDL,20151230,0.22,0.22,0.215,0.22,245516
MDR,20151230,0.039,0.04,0.039,0.04,123000
MEA,20151230,1.81,1.81,1.75,1.78,99043
MEB,20151230,0.32,0.32,0.305,0.31,225588
MEL,20151230,0.055,0.055,0.053,0.053,225231
MEO,20151230,0.014,0.014,0.014,0.014,2155655
MEP,20151230,0.064,0.064,0.062,0.062,38471
MEU,20151230,0.024,0.024,0.024,0.024,7717
MEZ,20151230,2.25,2.26,2.25,2.26,2000
MFF,20151230,2.15,2.17,2.12,2.14,166192
MFG,20151230,27.4,27.93,27.15,27.44,239181
MGC,20151230,2.7,2.7,2.46,2.49,1682328
MGE,20151230,2.67,2.67,2.65,2.67,485298
MGL,20151230,0.022,0.022,0.022,0.022,285
MGP,20151230,0.36,0.36,0.36,0.36,28000
MGR,20151230,1.995,2.01,1.982,1.995,6854788
MGT,20151230,0.013,0.015,0.013,0.015,950000
MGV,20151230,0.019,0.019,0.019,0.019,50000
MGX,20151230,0.18,0.185,0.175,0.175,551046
MGY,20151230,0.055,0.056,0.055,0.056,240000
MGZ,20151230,0.012,0.012,0.012,0.012,20500
MHC,20151230,0.03,0.03,0.03,0.03,16000
MHG,20151230,2.48,2.48,2.46,2.46,126396
MHI,20151230,0.2,0.2,0.2,0.2,100000
MHM,20151230,0.023,0.023,0.023,0.023,79500
MIG,20151230,0.9,0.9,0.895,0.9,11003
MIL,20151230,2.24,2.24,2.19,2.24,3390
MIN,20151230,4.17,4.19,4.05,4.13,727383
MIR,20151230,2.59,2.59,2.56,2.58,32898
MJP,20151230,0.7,0.755,0.685,0.75,73267
MKB,20151230,0.026,0.026,0.026,0.026,230000
MLB,20151230,2.18,2.19,2.14,2.16,40351
MLD,20151230,0.73,0.755,0.725,0.73,256412
MLM,20151230,0.068,0.07,0.061,0.061,456238
MLT,20151230,4.5,4.55,4.5,4.55,52040
MLX,20151230,1.03,1.04,1.02,1.02,738145
MMI,20151230,0.06,0.06,0.055,0.06,300955
MMJ,20151230,0.235,0.235,0.23,0.23,82020
MML,20151230,0.365,0.365,0.355,0.36,241801
MMS,20151230,13.55,13.67,13.41,13.5,110734
MNC,20151230,0.003,0.003,0.003,0.003,1806076
MND,20151230,6.9,6.91,6.56,6.6,405233
MNE,20151230,0.001,0.001,0.001,0.001,500000
MNF,20151230,3.65,3.72,3.65,3.72,38669
MNM,20151230,0.012,0.012,0.012,0.012,1644000
MNQ,20151230,0.011,0.015,0.011,0.015,924555
MNS,20151230,0.39,0.395,0.38,0.385,437458
MNW,20151230,0.09,0.1,0.09,0.098,1471333
MNY,20151230,0.87,0.875,0.855,0.865,124356
MOC,20151230,1.87,1.89,1.827,1.88,43000
MOD,20151230,0.006,0.006,0.006,0.006,100000
MOT,20151230,0.001,0.001,0.001,0.001,500000
MOX,20151230,0.01,0.01,0.01,0.01,176681
MOY,20151230,0.037,0.039,0.037,0.038,409821
MOZ,20151230,0.04,0.041,0.04,0.04,488640
MP1,20151230,2.7,2.7,2.62,2.7,78128
MPJ,20151230,0.003,0.004,0.003,0.004,1403000
MPL,20151230,2.19,2.19,2.15,2.15,5337059
MPO,20151230,0.14,0.14,0.14,0.14,419000
MPP,20151230,1.55,1.55,1.55,1.55,334
MQA,20151230,4.1,4.13,4.055,4.09,1318362
MQG,20151230,82.95,83.24,82.55,82.97,798931
MRD,20151230,0.01,0.012,0.01,0.011,1913813
MRM,20151230,0.25,0.26,0.24,0.24,960298
MRP,20151230,0.085,0.085,0.08,0.08,83000
MRQ,20151230,0.075,0.075,0.07,0.075,55000
MSB,20151230,1.75,1.825,1.705,1.825,612180
MSG,20151230,0.057,0.059,0.056,0.059,626407
MTA,20151230,0.059,0.059,0.058,0.058,111500
MTL,20151230,0.08,0.08,0.08,0.08,100000
MTR,20151230,5.1,5.12,5.03,5.06,293271
MTS,20151230,1.645,1.645,1.615,1.64,2802624
MTU,20151230,11.2,11.56,11.2,11.49,283852
MUA,20151230,0.99,0.99,0.99,0.99,7354
MUS,20151230,0.16,0.16,0.155,0.155,167159
MVA,20151230,19.56,19.56,19.56,19.56,132
MVB,20151230,26.98,27.07,26.96,27.05,137001
MVF,20151230,1.53,1.595,1.53,1.595,361127
MVP,20151230,3.85,3.9,3.46,3.54,51644
MVS,20151230,16.51,16.51,16.48,16.48,1132
MVT,20151230,0.14,0.14,0.135,0.14,1122053
MVW,20151230,22,22,21.89,21.95,8660
MX1,20151230,0.59,0.59,0.58,0.58,35601
MXI,20151230,0.49,0.5,0.475,0.5,365490
MYO,20151230,3.37,3.37,3.3,3.33,215750
MYQ,20151230,0.075,0.075,0.075,0.075,84250
MYR,20151230,1.21,1.22,1.2,1.215,2291786
MYS,20151230,4.65,4.78,4.6,4.78,60640
MYX,20151230,1.44,1.445,1.43,1.44,383940
MZI,20151230,0.36,0.37,0.36,0.365,50422
NAB,20151230,30.12,30.43,30.08,30.33,4031588
NAC,20151230,1.005,1.005,1.005,1.005,2000
NAE,20151230,0.004,0.004,0.004,0.004,104000
NAG,20151230,0.145,0.15,0.13,0.145,1452739
NAN,20151230,1.74,1.745,1.71,1.73,60969
NCC,20151230,0.975,0.975,0.975,0.975,1014
NCK,20151230,4.3,4.3,4.23,4.27,26324
NCM,20151230,13.25,13.25,12.93,13.02,1495003
NCO,20151230,0.002,0.003,0.002,0.003,4243213
NDO,20151230,0.25,0.25,0.25,0.25,7700
NDQ,20151230,11.2,11.23,11.2,11.2,3680
NEA,20151230,0.39,0.39,0.38,0.385,320513
NEC,20151230,1.885,1.9,1.877,1.895,1716486
NEN,20151230,0.023,0.023,0.023,0.023,25662
NEU,20151230,0.115,0.115,0.11,0.115,1433810
NHC,20151230,1.78,1.86,1.78,1.82,18137
NHF,20151230,3.45,3.45,3.42,3.42,71761
NKP,20151230,0.075,0.075,0.075,0.075,4878
NME,20151230,0.006,0.006,0.006,0.006,28000
NML,20151230,0.021,0.021,0.021,0.021,50000
NMT,20151230,0.17,0.18,0.17,0.175,1827332
NNW,20151230,0.125,0.125,0.125,0.125,41000
NOR,20151230,0.086,0.087,0.082,0.084,9959241
NPX,20151230,4.56,4.56,4.45,4.45,850
NRT,20151230,0.12,0.12,0.115,0.12,663668
NSE,20151230,0.008,0.008,0.008,0.008,30000
NSL,20151230,0.006,0.006,0.006,0.006,1599768
NSR,20151230,1.55,1.56,1.54,1.55,905340
NST,20151230,2.88,2.88,2.76,2.77,1125356
NTC,20151230,2.94,2.94,2.82,2.84,147031
NTU,20151230,0.083,0.085,0.081,0.085,155442
NUF,20151230,8.36,8.39,8.13,8.3,1597700
NVL,20151230,1.48,1.48,1.41,1.465,9172
NVT,20151230,4.8,4.8,4.69,4.7,415157
NWE,20151230,0.003,0.003,0.003,0.003,1187642
NWH,20151230,0.084,0.085,0.083,0.083,256515
NWS,20151230,19.67,19.87,19.56,19.87,203521
NWZ,20151230,0.04,0.04,0.039,0.039,988143
NXM,20151230,0.068,0.068,0.068,0.068,42615
NXT,20151230,2.43,2.44,2.4,2.43,210300
OBJ,20151230,0.054,0.055,0.053,0.053,495381
OBL,20151230,0.003,0.003,0.003,0.003,600000
OCC,20151230,0.38,0.385,0.365,0.375,93809
OCL,20151230,1.9,1.935,1.9,1.9,15746
ODN,20151230,0.021,0.021,0.018,0.019,6750257
OEC,20151230,0.595,0.6,0.585,0.6,60000
OEL,20151230,0.023,0.023,0.021,0.021,4897143
OFX,20151230,3.34,3.35,3.23,3.34,325432
OGC,20151230,2.68,2.69,2.62,2.66,344974
OGX,20151230,0.19,0.19,0.175,0.175,143851
OGY,20151230,0.013,0.013,0.013,0.013,78930
OIL,20151230,0.03,0.03,0.027,0.027,460000
OLH,20151230,0.04,0.04,0.04,0.04,220400
OML,20151230,4.8,4.8,4.74,4.75,120217
OMT,20151230,0.044,0.047,0.044,0.047,53448
ONT,20151230,7.21,7.21,7.21,7.21,922
OOO,20151230,15.41,15.44,15.37,15.37,8173
OPT,20151230,0.36,0.37,0.36,0.37,12694
ORA,20151230,2.29,2.29,2.25,2.26,1530371
ORE,20151230,2.29,2.37,2.28,2.34,603222
ORG,20151230,4.78,4.78,4.7,4.74,3996492
ORI,20151230,15.91,15.91,15.59,15.6,862238
ORL,20151230,2.75,2.79,2.75,2.75,26535
ORN,20151230,0.011,0.012,0.011,0.011,467589
ORS,20151230,0.012,0.013,0.012,0.013,240000
ORX,20151230,0.12,0.12,0.11,0.11,135975
OSH,20151230,6.74,6.75,6.64,6.7,3213740
OSL,20151230,0.265,0.265,0.25,0.255,1349907
OSP,20151230,0.29,0.29,0.29,0.29,100000
OTC,20151230,0.175,0.175,0.175,0.175,55000
OTH,20151230,0.72,0.72,0.72,0.72,23017
OTR,20151230,0.065,0.068,0.065,0.067,150500
OVH,20151230,0.84,0.85,0.805,0.805,214280
OVL,20151230,0.006,0.006,0.006,0.006,500000
OZB,20151230,0.003,0.003,0.003,0.003,865000
OZF,20151230,20.57,20.62,20.54,20.61,49471
OZG,20151230,0.125,0.125,0.115,0.115,330000
OZL,20151230,4,4.04,3.95,4.02,817751
OZR,20151230,5.95,5.95,5.95,5.95,997
PAA,20151230,0.085,0.085,0.085,0.085,33334
PAB,20151230,0.008,0.008,0.008,0.008,163143
PAC,20151230,7.86,8,7.86,7.98,45982
PAF,20151230,0.945,0.96,0.945,0.95,106621
PAI,20151230,1.04,1.05,1.03,1.03,81785
PAN,20151230,0.2,0.2,0.19,0.19,206444
PAR,20151230,0.3,0.3,0.3,0.3,2000
PBD,20151230,0.015,0.016,0.015,0.016,27148120
PBG,20151230,0.785,0.79,0.78,0.79,1026245
PBP,20151230,0.405,0.415,0.405,0.415,51691
PBT,20151230,0.105,0.105,0.105,0.105,70224
PCL,20151230,0.003,0.003,0.003,0.003,200000
PDM,20151230,0.002,0.002,0.002,0.002,3000000
PDN,20151230,0.24,0.245,0.235,0.235,1759896
PEA,20151230,0.395,0.4,0.395,0.395,36478
PEG,20151230,0.06,0.06,0.06,0.06,25000
PEH,20151230,0.18,0.18,0.175,0.18,260806
PEN,20151230,1.1,1.1,1.095,1.1,46137
PEP,20151230,3.5,3.5,3.5,3.5,9841
PEX,20151230,0.165,0.165,0.155,0.155,33000
PEZ,20151230,0.049,0.05,0.049,0.05,220000
PFL,20151230,1.15,1.15,1.14,1.15,149447
PGC,20151230,0.685,0.685,0.665,0.665,59710
PGF,20151230,1.015,1.015,1.015,1.015,66500
PGH,20151230,5,5,4.93,4.99,313029
PGR,20151230,0.69,0.705,0.69,0.705,61694
PGY,20151230,0.001,0.001,0.001,0.001,1156676
PHG,20151230,0.52,0.52,0.51,0.51,87500
PIC,20151230,0.975,0.98,0.965,0.965,40100
PIL,20151230,0.027,0.027,0.026,0.027,1300000
PIO,20151230,0.015,0.016,0.015,0.016,279900
PIQ,20151230,0.31,0.31,0.285,0.285,71000
PLP,20151230,0.004,0.005,0.004,0.005,356667
PLS,20151230,0.285,0.31,0.285,0.31,4051432
PMC,20151230,1.89,1.91,1.89,1.905,128098
PME,20151230,3.44,3.44,3.36,3.41,34993
PML,20151230,0.05,0.05,0.047,0.049,287415
PMP,20151230,0.49,0.495,0.485,0.49,15969
PMV,20151230,14.1,14.27,14,14.2,164209
PNC,20151230,1.8,1.82,1.8,1.82,18900
PNL,20151230,0.26,0.26,0.26,0.26,50000
PNR,20151230,0.06,0.06,0.059,0.059,325000
PNV,20151230,0.265,0.3,0.25,0.3,6525053
POH,20151230,0.011,0.011,0.011,0.011,684945
POP,20151230,0.036,0.036,0.036,0.036,450000
POS,20151230,0.046,0.047,0.046,0.046,344684
POU,20151230,20.18,20.21,20.18,20.21,920
PPC,20151230,1.045,1.05,1.03,1.045,405008
PPL,20151230,0.4,0.4,0.4,0.4,260000
PPS,20151230,0.285,0.285,0.275,0.275,309276
PPT,20151230,46.94,47.24,46.76,46.96,79766
PRG,20151230,2.45,2.45,2.41,2.41,1298919
PRO,20151230,1.93,2.05,1.92,2.01,80177
PRR,20151230,0.051,0.051,0.05,0.05,1432620
PRT,20151230,0.495,0.505,0.49,0.49,43741
PRU,20151230,0.325,0.335,0.32,0.325,1202524
PRY,20151230,2.42,2.42,2.36,2.37,3564931
PSA,20151230,0.078,0.078,0.078,0.078,10000
PSF,20151230,0.009,0.009,0.009,0.009,650000
PSI,20151230,1.53,1.53,1.52,1.53,14500
PSQ,20151230,2.15,2.15,2.11,2.15,15765
PSY,20151230,0.15,0.15,0.135,0.135,1278710
PSZ,20151230,0.94,0.99,0.94,0.98,96207
PTB,20151230,0.38,0.38,0.365,0.37,304006
PTL,20151230,0.62,0.62,0.61,0.62,56698
PTM,20151230,8,8.07,7.96,8.05,403497
PVA,20151230,6.3,6.35,6.3,6.35,5000
PVD,20151230,0.033,0.033,0.03,0.03,369375
PWH,20151230,3.1,3.1,3.03,3.05,57163
PWN,20151230,0.031,0.034,0.03,0.034,570000
PXG,20151230,0.15,0.15,0.15,0.15,100000
PXS,20151230,0.335,0.38,0.335,0.365,1771827
PYC,20151230,0.014,0.014,0.013,0.013,3511299
PZC,20151230,0.004,0.004,0.004,0.004,131000
QAN,20151230,4.1,4.14,4.07,4.14,6422946
QBE,20151230,12.61,12.71,12.53,12.59,2042906
QFN,20151230,11.71,11.78,11.71,11.78,243007
QHL,20151230,0.15,0.155,0.145,0.145,695842
QMS,20151230,1.23,1.35,1.225,1.34,400289
QOZ,20151230,11.73,11.73,11.63,11.67,205889
QUB,20151230,2.35,2.4,2.35,2.4,1750174
QUR,20151230,0.057,0.059,0.057,0.059,752352
QUS,20151230,28.05,28.65,28.05,28.65,1891
QVE,20151230,1.04,1.04,1.035,1.035,40000
RAD,20151230,0.042,0.05,0.04,0.049,1970026
RAP,20151230,0.11,0.12,0.1,0.105,2302418
RBR,20151230,0.013,0.013,0.013,0.013,40000
RCB,20151230,20.35,20.35,20.28,20.35,315
RCG,20151230,1.75,1.75,1.725,1.73,182759
RCR,20151230,2.16,2.24,2.15,2.17,66427
RCT,20151230,3.6,3.6,3.55,3.57,10517
RDS,20151230,0.01,0.01,0.01,0.01,160001
RDV,20151230,28.87,29.09,28.87,29.09,5710
REA,20151230,55.2,55.81,54.78,55.09,138861
REC,20151230,7.08,7.09,6.98,7.02,262885
RED,20151230,0.051,0.051,0.048,0.049,2059504
REF,20151230,0.125,0.13,0.125,0.125,344000
REG,20151230,5.84,5.88,5.78,5.87,230114
REH,20151230,32.51,33.49,32.51,33.07,10743
RER,20151230,0.017,0.017,0.015,0.015,246500
RES,20151230,0.046,0.046,0.046,0.046,100000
REV,20151230,0.175,0.175,0.16,0.165,167441
RFF,20151230,1.39,1.425,1.37,1.425,167153
RFG,20151230,4.67,4.7,4.64,4.65,524800
RFN,20151230,0.615,0.62,0.56,0.62,551095
RFX,20151230,0.225,0.235,0.225,0.23,277998
RGB,20151230,21.21,21.31,21.21,21.31,368
RGP,20151230,0.081,0.081,0.081,0.081,54238
RGS,20151230,0.095,0.095,0.095,0.095,159899
RHC,20151230,66.58,67.48,66.58,67.43,276153
RHL,20151230,3.31,3.49,3.31,3.4,51303
RHP,20151230,1.47,1.55,1.47,1.5,130420
RHT,20151230,0.025,0.025,0.025,0.025,14250
RIC,20151230,1.57,1.61,1.55,1.565,343967
RIO,20151230,44.96,44.98,44.34,44.78,1353522
RKN,20151230,2.42,2.43,2.36,2.36,28820
RLE,20151230,0.093,0.093,0.093,0.093,8400
RMD,20151230,7.54,7.56,7.48,7.55,1811055
RMP,20151230,0.023,0.023,0.023,0.023,400000
RMR,20151230,0.002,0.002,0.002,0.002,653542
RMS,20151230,0.205,0.205,0.195,0.195,886311
RMX,20151230,0.001,0.002,0.001,0.002,711740
RND,20151230,1.3,1.3,1.3,1.3,2500
RNI,20151230,0.016,0.017,0.016,0.017,1940218
RNO,20151230,0.027,0.028,0.026,0.028,1152413
RNS,20151230,0.029,0.03,0.028,0.03,564062
RNT,20151230,0.355,0.355,0.335,0.34,693713
RNY,20151230,0.28,0.28,0.28,0.28,8000
RRL,20151230,2.4,2.42,2.21,2.32,3238233
RSG,20151230,0.27,0.27,0.25,0.26,756169
RSH,20151230,0.041,0.041,0.041,0.041,10000
RSM,20151230,20.7,20.74,20.7,20.74,161
RTG,20151230,0.345,0.345,0.345,0.345,52000
RUB,20151230,0.041,0.042,0.04,0.04,1275000
RUL,20151230,0.46,0.47,0.46,0.47,97972
RUM,20151230,0.047,0.049,0.047,0.049,57447
RVA,20151230,0.815,0.86,0.815,0.86,41219
RVR,20151230,0.089,0.09,0.087,0.087,192181
RVY,20151230,0.023,0.023,0.023,0.023,195569
RWD,20151230,0.59,0.59,0.59,0.59,1000
RWH,20151230,1.175,1.25,1.175,1.25,50827
RXH,20151230,0.18,0.18,0.175,0.175,147056
RXL,20151230,0.013,0.013,0.013,0.013,1071040
RXM,20151230,0.06,0.06,0.059,0.06,37395
RXP,20151230,0.57,0.61,0.57,0.605,574386
RYG,20151230,0.032,0.033,0.027,0.028,20615500
S2R,20151230,0.15,0.15,0.145,0.15,429170
S32,20151230,1.09,1.09,1.057,1.085,12413046
SAI,20151230,4.29,4.29,4.18,4.19,487197
SAR,20151230,0.66,0.66,0.605,0.61,1934157
SAU,20151230,0.205,0.205,0.2,0.2,12100
SBB,20151230,0.035,0.035,0.034,0.035,180057
SBM,20151230,1.46,1.535,1.4,1.4,3838195
SCG,20151230,4.32,4.32,4.23,4.25,6874569
SCP,20151230,2.2,2.21,2.165,2.19,941647
SDA,20151230,4.07,4.19,4.04,4.18,308429
SDF,20151230,1.545,1.57,1.54,1.57,916145
SDG,20151230,1.63,1.65,1.63,1.65,14361
SDI,20151230,0.555,0.56,0.55,0.56,787905
SDM,20151230,0.85,0.86,0.85,0.86,7775
SEA,20151230,0.17,0.175,0.165,0.165,683646
SEG,20151230,0.002,0.002,0.002,0.002,237500
SEH,20151230,0.079,0.08,0.079,0.08,84500
SEK,20151230,15.22,15.35,15.14,15.27,653642
SEN,20151230,0.185,0.19,0.18,0.185,4057596
SER,20151230,0.018,0.019,0.018,0.019,316045
SFC,20151230,4.92,4.92,4.92,4.92,2820
SFG,20151230,0.066,0.069,0.065,0.069,780552
SFH,20151230,0.52,0.56,0.52,0.55,78849
SFI,20151230,0.051,0.052,0.051,0.051,125812
SFL,20151230,0.3,0.32,0.29,0.29,73000
SFR,20151230,5.59,5.88,5.53,5.88,962096
SFX,20151230,0.405,0.405,0.405,0.405,15000
SFY,20151230,50.22,51,50.22,50.97,78577
SGF,20151230,3.82,3.88,3.77,3.8,39519
SGH,20151230,0.885,0.89,0.845,0.86,2460545
SGM,20151230,7.46,7.46,7.37,7.39,332701
SGN,20151230,0.8,0.8,0.79,0.8,285047
SGP,20151230,4.22,4.22,4.16,4.21,3440188
SGQ,20151230,0.065,0.065,0.065,0.065,9150
SGR,20151230,5,5.07,4.995,5.03,1448650
SGU,20151230,0.093,0.093,0.093,0.093,20000
SHJ,20151230,1.91,2.03,1.91,2.03,42328
SHL,20151230,17.85,18.14,17.71,18.09,898215
SHM,20151230,0.925,0.925,0.92,0.925,25395
SHP,20151230,0.01,0.01,0.01,0.01,161904
SHV,20151230,8.25,8.49,8.19,8.45,216177
SIO,20151230,0.9,0.94,0.9,0.93,62084
SIP,20151230,0.85,0.865,0.845,0.865,828182
SIQ,20151230,4.95,5.21,4.95,5.17,169803
SIT,20151230,0.3,0.3,0.3,0.3,50616
SIV,20151230,9.11,9.11,9.01,9.05,8750
SKB,20151230,0.36,0.36,0.36,0.36,31434
SKC,20151230,4.1,4.17,4.07,4.17,239662
SKF,20151230,0.145,0.145,0.14,0.14,30000
SKI,20151230,1.9,1.925,1.895,1.91,3550639
SKT,20151230,4.46,4.46,4.305,4.42,326392
SLC,20151230,2.17,2.17,2.06,2.1,57930
SLF,20151230,12.15,12.2,11.94,12.11,54608
SLK,20151230,3.58,3.61,3.5,3.58,105899
SLM,20151230,0.77,0.77,0.77,0.77,10000
SLR,20151230,0.185,0.19,0.175,0.175,1576101
SLX,20151230,0.36,0.38,0.355,0.365,12072
SMA,20151230,0.06,0.062,0.06,0.06,2567871
SMI,20151230,0.009,0.009,0.009,0.009,4300
SMN,20151230,1.86,1.9,1.705,1.76,838891
SMX,20151230,3.01,3.01,2.96,2.99,172567
SNC,20151230,0.86,0.86,0.86,0.86,5000
SNL,20151230,2.02,2.02,2.02,2.02,250
SO4,20151230,0.21,0.21,0.21,0.21,1666
SOC,20151230,0.003,0.003,0.003,0.003,2683843
SOL,20151230,17.69,18,17.69,17.85,29967
SOM,20151230,2.61,2.68,2.61,2.66,25937
SOR,20151230,0.175,0.18,0.175,0.175,163542
SPI,20151230,0.007,0.007,0.007,0.007,200000
SPK,20151230,3.14,3.15,3.1,3.13,610321
SPL,20151230,0.77,0.775,0.76,0.765,233224
SPO,20151230,1.1,1.1,1.07,1.075,4404955
SPX,20151230,0.005,0.005,0.005,0.005,450665
SPY,20151230,286,286,284.99,285.04,33
SPZ,20151230,0.24,0.24,0.235,0.235,92367
SRF,20151230,1.89,1.94,1.875,1.925,112224
SRI,20151230,0.033,0.033,0.031,0.031,224965
SRS,20151230,0.031,0.031,0.031,0.031,171953
SRT,20151230,0.024,0.024,0.019,0.019,34903558
SRV,20151230,6.95,7.02,6.95,7.02,3939
SRX,20151230,40.15,40.46,39.57,40.02,112304
SRY,20151230,0.06,0.06,0.06,0.06,19000
SRZ,20151230,0.017,0.017,0.017,0.017,45000
SSM,20151230,0.48,0.48,0.47,0.47,113360
SSO,20151230,11.6,11.6,11.54,11.54,1935
STA,20151230,0.007,0.007,0.007,0.007,50000
STL,20151230,0.029,0.029,0.029,0.029,1233794
STO,20151230,3.87,3.87,3.77,3.78,5003475
STS,20151230,0.75,0.755,0.75,0.755,24500
STW,20151230,49.64,49.72,49.47,49.66,107188
STX,20151230,0.13,0.13,0.125,0.125,35000
SUD,20151230,0.029,0.03,0.029,0.03,613816
SUH,20151230,0.056,0.056,0.056,0.056,66667
SUL,20151230,11.2,11.47,11.18,11.47,404549
SUM,20151230,0.039,0.039,0.039,0.039,35000
SUN,20151230,12.12,12.2,12.08,12.19,3762539
SVA,20151230,0.18,0.18,0.16,0.165,736729
SVL,20151230,0.001,0.001,0.001,0.001,2600000
SVW,20151230,5.49,5.58,5.46,5.58,195023
SWJ,20151230,0.01,0.01,0.01,0.01,350000
SWL,20151230,1.03,1.03,1.03,1.03,25000
SWM,20151230,0.82,0.82,0.795,0.8,1499930
SWR,20151230,0.038,0.04,0.038,0.04,188500
SXE,20151230,0.33,0.36,0.33,0.36,18000
SXL,20151230,1.215,1.215,1.152,1.17,561318
SXY,20151230,0.14,0.145,0.13,0.135,2453959
SYA,20151230,0.018,0.018,0.017,0.017,118200
SYD,20151230,6.39,6.39,6.32,6.35,2746766
SYI,20151230,27.05,27.05,27.05,27.05,1700
SYR,20151230,3.72,3.73,3.56,3.72,1155343
TAH,20151230,4.71,4.74,4.66,4.68,1325616
TAM,20151230,0.04,0.04,0.04,0.04,7702
TAU,20151230,0.18,0.19,0.18,0.185,56378
TBH,20151230,0.16,0.165,0.16,0.165,55500
TCH,20151230,2.55,2.58,2.55,2.57,7412
TCL,20151230,10.53,10.54,10.43,10.49,4714268
TDO,20151230,0.034,0.035,0.034,0.035,232000
TEG,20151230,0.001,0.001,0.001,0.001,482500
TEN,20151230,0.17,0.17,0.165,0.17,1117875
TER,20151230,0.007,0.007,0.007,0.007,2000
TFC,20151230,1.62,1.645,1.6,1.6,678412
TFL,20151230,0.285,0.45,0.285,0.34,1028834
TGA,20151230,2.08,2.16,2.075,2.15,557679
TGG,20151230,1.24,1.24,1.23,1.23,35377
TGP,20151230,0.965,0.98,0.95,0.955,383211
TGR,20151230,4.75,4.77,4.73,4.75,397052
TGS,20151230,0.052,0.055,0.05,0.052,1935342
THR,20151230,0.001,0.001,0.001,0.001,21544
THX,20151230,0.064,0.064,0.064,0.064,21200
TIX,20151230,2.5,2.5,2.49,2.49,21880
TKL,20151230,0.015,0.015,0.015,0.015,50000
TLG,20151230,0.3,0.3,0.29,0.29,121638
TLM,20151230,0.445,0.5,0.44,0.49,155182
TLS,20151230,5.56,5.61,5.55,5.61,18237518
TME,20151230,3.9,3.94,3.89,3.9,611299
TMP,20151230,0.61,0.64,0.61,0.64,66170
TMX,20151230,0.005,0.005,0.005,0.005,477770
TMZ,20151230,0.042,0.042,0.042,0.042,52000
TND,20151230,0.025,0.025,0.024,0.024,200708
TNE,20151230,4.94,4.99,4.91,4.99,230016
TNG,20151230,0.135,0.135,0.13,0.135,1067374
TNR,20151230,0.21,0.22,0.21,0.22,1151
TOE,20151230,0.064,0.064,0.064,0.064,133482
TOF,20151230,2.05,2.05,2.05,2.05,14
TON,20151230,0.087,0.088,0.085,0.088,430731
TOP,20151230,0.56,0.57,0.56,0.57,144286
TOT,20151230,1.14,1.2,1.14,1.2,16223
TOX,20151230,2.71,2.78,2.71,2.75,41786
TPE,20151230,3.81,3.82,3.8,3.8,35000
TPI,20151230,0.74,0.74,0.73,0.74,2242941
TPM,20151230,10.03,10.07,9.83,9.94,645448
TPP,20151230,0.105,0.115,0.105,0.115,250500
TPR,20151230,0.034,0.035,0.034,0.035,393086
TPS,20151230,0.038,0.038,0.038,0.038,120759
TPW,20151230,0.84,0.845,0.8,0.845,122591
TRS,20151230,10.89,11.07,10.65,10.7,48452
TRY,20151230,0.205,0.205,0.2,0.2,628114
TSM,20151230,0.39,0.395,0.39,0.395,2481
TSN,20151230,0.015,0.015,0.014,0.015,5630782
TSV,20151230,0.04,0.042,0.04,0.042,300000
TTC,20151230,0.7,0.7,0.65,0.685,83002
TTE,20151230,0.023,0.023,0.023,0.023,346951
TTI,20151230,0.035,0.035,0.035,0.035,290709
TTS,20151230,4.37,4.395,4.34,4.36,3265526
TTW,20151230,0.023,0.023,0.023,0.023,36366
TWD,20151230,3.21,3.24,3.21,3.24,8860
TWE,20151230,8.28,8.3,8.08,8.17,1827776
TYK,20151230,0.006,0.006,0.006,0.006,100000
TYX,20151230,0.02,0.02,0.02,0.02,7450
TZL,20151230,0.066,0.066,0.065,0.065,58788
TZN,20151230,0.16,0.16,0.16,0.16,127546
UBI,20151230,0.455,0.465,0.45,0.46,57931
UBJ,20151230,20.59,20.59,20.59,20.59,41
UBN,20151230,0.64,0.65,0.605,0.65,150978
UBW,20151230,20.87,20.87,20.87,20.87,485
UEQ,20151230,0.005,0.005,0.005,0.005,100000
UGL,20151230,2.31,2.48,2.31,2.48,219610
UML,20151230,0.025,0.025,0.025,0.025,2303058
UNS,20151230,0.12,0.17,0.115,0.15,5199363
UNV,20151230,0.205,0.21,0.205,0.21,136285
UOS,20151230,0.5,0.5,0.5,0.5,11935
UPD,20151230,0.265,0.265,0.26,0.26,178000
URF,20151230,2.04,2.04,2.04,2.04,30
USA,20151230,0.018,0.02,0.018,0.02,57400
USD,20151230,13.42,13.44,13.41,13.42,136168
UXC,20151230,1.22,1.22,1.215,1.215,139552
VAF,20151230,49.87,49.89,49.75,49.75,18436
VAH,20151230,0.445,0.46,0.445,0.46,239504
VAP,20151230,78.66,78.66,76.77,77.26,7035
VAR,20151230,0.021,0.021,0.021,0.021,17367
VAS,20151230,68.14,68.44,67.98,68.23,25856
VCX,20151230,2.89,2.89,2.82,2.83,5562275
VED,20151230,2.79,2.8,2.78,2.79,2971231
VEU,20151230,60.78,60.94,60.56,60.72,5830
VGB,20151230,49.32,49.32,49.32,49.32,10494
VGE,20151230,51.7,51.7,51,51,945
VGS,20151230,58.66,58.66,58.5,58.5,6138
VHY,20151230,58.52,58.52,58.22,58.41,9908
VIA,20151230,2.3,2.4,2.3,2.4,37942
VIC,20151230,0.011,0.013,0.011,0.013,10417923
VIT,20151230,2.66,2.69,2.56,2.66,499557
VLA,20151230,0.655,0.655,0.645,0.65,32282
VLC,20151230,58.08,58.09,57.98,57.98,2426
VLW,20151230,2.16,2.17,2.12,2.13,95751
VMC,20151230,0.155,0.155,0.15,0.15,10000
VMG,20151230,0.004,0.004,0.004,0.004,300000
VML,20151230,0.013,0.013,0.013,0.013,76923
VMS,20151230,0.023,0.023,0.021,0.021,76740
VMT,20151230,0.34,0.345,0.335,0.335,415523
VMY,20151230,0.34,0.34,0.34,0.34,1314
VOC,20151230,7.6,7.6,7.5,7.52,508188
VPC,20151230,0.053,0.053,0.049,0.051,1444428
VRL,20151230,7.48,7.5,7.37,7.5,254865
VRT,20151230,6.32,6.39,6.3,6.35,233283
VRX,20151230,0.016,0.016,0.015,0.015,75000
VSC,20151230,1.36,1.4,1.36,1.395,23217
VSO,20151230,45,45,44.59,44.59,435
VTG,20151230,2.68,2.68,2.55,2.59,261962
VTS,20151230,145.59,145.93,145.5,145.6,5578
VXR,20151230,0.005,0.005,0.004,0.004,1651319
WAA,20151230,1.08,1.08,1.07,1.07,50000
WAM,20151230,2.11,2.13,2.1,2.1,308057
WAX,20151230,1.29,1.295,1.285,1.29,106516
WBA,20151230,1.26,1.33,1.26,1.32,96129
WBC,20151230,33.3,33.74,33.24,33.66,5125768
WCB,20151230,9.5,9.5,9.5,9.5,57
WCN,20151230,0.006,0.006,0.006,0.006,3787184
WDE,20151230,0.82,0.82,0.81,0.82,134595
WEB,20151230,5.54,5.6,5.4,5.46,83807
WES,20151230,42.13,42.38,41.94,41.97,1899923
WFD,20151230,9.75,9.75,9.67,9.7,1922241
WFE,20151230,0.003,0.003,0.003,0.003,145016
WGO,20151230,0.004,0.004,0.004,0.004,100000
WHC,20151230,0.71,0.72,0.69,0.7,3903733
WHF,20151230,4.3,4.3,4.28,4.3,39285
WHN,20151230,0.001,0.001,0.001,0.001,10556350
WIC,20151230,0.835,0.835,0.835,0.835,40000
WIG,20151230,1.09,1.09,1.09,1.09,5000
WKT,20151230,0.006,0.006,0.005,0.005,14154042
WLD,20151230,1.37,1.39,1.355,1.38,163012
WLF,20151230,0.185,0.185,0.185,0.185,10000
WLL,20151230,5.35,5.35,5.32,5.32,8364
WMC,20151230,0.425,0.45,0.4,0.425,208600
WMK,20151230,0.99,0.99,0.975,0.975,11237
WOR,20151230,4.8,4.86,4.74,4.76,831011
WOW,20151230,25.06,25.19,24.93,25.02,2139747
WPG,20151230,0.031,0.031,0.03,0.03,462363
WPI,20151230,0.025,0.025,0.025,0.025,3467851
WPL,20151230,28.97,29,28.71,28.82,1194757
WSA,20151230,2.25,2.32,2.23,2.32,1338082
WTP,20151230,1.035,1.05,1.015,1.045,234957
XIP,20151230,3.2,3.24,3.18,3.18,8832
XPD,20151230,0.18,0.24,0.175,0.235,2140865
XRO,20151230,18.8,18.88,17.97,18.6,32983
XST,20151230,0.004,0.004,0.004,0.004,21667
XTD,20151230,0.195,0.195,0.195,0.195,42000
XTE,20151230,0.38,0.38,0.38,0.38,10056
XTV,20151230,0.009,0.009,0.008,0.009,1629270
YAL,20151230,0.1,0.1,0.1,0.1,14792
YBR,20151230,0.29,0.3,0.28,0.29,141241
YOW,20151230,1.09,1.09,1.035,1.08,100982
YPB,20151230,0.29,0.29,0.265,0.29,316446
ZER,20151230,0.2,0.2,0.2,0.2,5000
ZEU,20151230,0.015,0.015,0.015,0.015,750000
ZGL,20151230,0.17,0.17,0.155,0.155,40002
ZIP,20151230,0.465,0.47,0.44,0.47,22542
ZML,20151230,0.425,0.425,0.425,0.425,1416
ZNZ,20151230,6.5,6.5,6.4,6.41,8031
XAF,20151230,5260,5322.1,5260,5315.4,0
XAO,20151230,5315.6,5370.2,5315.6,5366.4,0
XAT,20151230,5213.3,5269.8,5213.3,5265.4,0
XDJ,20151230,1985.4,2015.9,1985.4,2002.5,0
XEC,20151230,1065.9,1070.8,1063.4,1067.5,0
XEJ,20151230,7969.4,8125.4,7969.4,8080,0
XFJ,20151230,6249.3,6336.2,6249.3,6322.7,0
XFL,20151230,5317.6,5380.2,5317.6,5373.5,0
XGD,20151230,2716.1,2718.4,2644.3,2663.4,0
XHJ,20151230,19675.9,19961,19675.9,19953.7,0
XIJ,20151230,808.5,816.3,806.7,815.8,0
XJO,20151230,5267.3,5324.3,5267.3,5319.9,0
XJR,20151230,2429.6,2447.5,2418.1,2435.7,0
XKO,20151230,5221.4,5276.6,5221.4,5272.3,0
XMD,20151230,5080.2,5136.1,5080.2,5118.5,0
XMJ,20151230,7064.2,7104.7,7028.2,7075.1,0
XMM,20151230,1946.4,1951.9,1923.9,1940,0
XNJ,20151230,4805.3,4860.7,4805.3,4859,0
XPJ,20151230,1309.2,1323,1306.6,1313.9,0
XSJ,20151230,8829,8944.9,8829,8870.6,0
XSO,20151230,2170.6,2190.6,2170.6,2182.7,0
XTJ,20151230,2000.2,2026.8,1999.2,2026.8,0
XTL,20151230,3160.2,3199.8,3160.2,3195.6,0
XTO,20151230,4370.8,4419.5,4370.8,4415.1,0
XUJ,20151230,6886.4,6947.1,6886.4,6927,0
XXJ,20151230,7145.3,7254.8,7145.3,7240,0
