1PG,20151104,4.63,4.63,4.37,4.49,617883
1ST,20151104,0.091,0.091,0.091,0.091,55715
3DM,20151104,0.083,0.084,0.077,0.077,219810
3PL,20151104,2.3,2.35,2.29,2.3,50295
88E,20151104,0.013,0.013,0.012,0.012,2535218
8CO,20151104,0.2,0.2,0.19,0.19,3685
8IH,20151104,0.895,0.9,0.895,0.9,17000
A2M,20151104,0.71,0.71,0.7,0.71,2417763
AAA,20151104,50.11,50.11,50.09,50.1,32185
AAC,20151104,1.48,1.5,1.45,1.46,1325468
AAD,20151104,2.82,2.885,2.8,2.87,1530208
AAI,20151104,12.88,12.88,12.88,12.88,600
AAJ,20151104,0.01,0.011,0.009,0.009,475854
AB1,20151104,0.155,0.175,0.155,0.175,6000
ABA,20151104,5.38,5.38,5.35,5.35,3882
ABC,20151104,4.23,4.31,4.21,4.24,1757358
ABL,20151104,0.02,0.02,0.02,0.02,6963
ABP,20151104,3.28,3.29,3.19,3.19,849325
ABU,20151104,0.18,0.185,0.18,0.185,377261
ABW,20151104,0.975,0.975,0.965,0.965,18831
ABX,20151104,0.275,0.275,0.27,0.27,162939
ABY,20151104,0.235,0.235,0.22,0.225,279525
ACG,20151104,0.215,0.22,0.205,0.215,564837
ACK,20151104,0.42,0.42,0.42,0.42,51500
ACL,20151104,0.087,0.087,0.087,0.087,197264
ACQ,20151104,0.765,0.765,0.765,0.765,50000
ACR,20151104,0.74,0.75,0.72,0.73,168108
ACU,20151104,0.11,0.12,0.11,0.12,295904
ACW,20151104,0.057,0.057,0.056,0.057,181259
ACX,20151104,4.7,4.72,4.61,4.7,116173
ADA,20151104,1.48,1.5,1.48,1.5,560383
ADH,20151104,2.63,2.63,2.54,2.58,2615678
ADJ,20151104,0.088,0.088,0.083,0.087,501735
ADN,20151104,0.017,0.017,0.017,0.017,830000
ADO,20151104,0.088,0.091,0.088,0.091,558941
ADR,20151104,0.67,0.68,0.67,0.68,45000
ADV,20151104,0.012,0.012,0.012,0.012,1326352
ADY,20151104,0.018,0.018,0.018,0.018,108000
AEI,20151104,0.44,0.44,0.43,0.43,1086000
AFA,20151104,0.285,0.34,0.285,0.34,100000
AFG,20151104,1,1,0.98,0.99,102258
AFI,20151104,5.91,5.95,5.9,5.9,221585
AFJ,20151104,0.91,0.91,0.905,0.91,101434
AGD,20151104,0.15,0.15,0.15,0.15,2000
AGF,20151104,1.355,1.37,1.345,1.35,2593973
AGI,20151104,3.19,3.24,3.15,3.2,340072
AGL,20151104,16.7,16.9,16.64,16.75,1688625
AGO,20151104,0.029,0.029,0.028,0.028,2061835
AGR,20151104,0.16,0.17,0.155,0.17,320000
AGS,20151104,0.031,0.033,0.031,0.032,1836611
AGX,20151104,0.011,0.011,0.011,0.011,690628
AGY,20151104,0.003,0.003,0.003,0.003,12998515
AHA,20151104,0.005,0.005,0.005,0.005,800000
AHD,20151104,13.95,14.17,13.75,13.97,10970
AHF,20151104,0.18,0.18,0.18,0.18,27530
AHG,20151104,4.25,4.29,4.22,4.23,905551
AHK,20151104,0.075,0.075,0.075,0.075,20000
AHL,20151104,0.56,0.58,0.525,0.54,835550
AHY,20151104,1.775,1.78,1.76,1.77,2151195
AHZ,20151104,0.065,0.065,0.062,0.064,1692212
AIA,20151104,5.17,5.17,5.03,5.11,45375
AIO,20151104,8.2,8.25,8.17,8.24,5255641
AIZ,20151104,2.64,2.64,2.54,2.62,8643
AJA,20151104,5.18,5.25,5.16,5.18,49215
AJD,20151104,1.25,1.26,1.25,1.26,51000
AJL,20151104,0.3,0.3,0.3,0.3,60917
AJM,20151104,0.051,0.053,0.05,0.053,1942516
AJQ,20151104,0.15,0.15,0.14,0.145,587979
AJX,20151104,0.965,0.97,0.945,0.95,469135
AKG,20151104,0.385,0.395,0.385,0.39,105000
AKK,20151104,0.014,0.014,0.014,0.014,297835
AKM,20151104,0.017,0.017,0.017,0.017,7926
AKP,20151104,8,8,7.8,8,10000
ALF,20151104,1.355,1.355,1.345,1.35,315050
ALI,20151104,1.97,1.97,1.94,1.94,9018
ALK,20151104,0.242,0.25,0.24,0.245,44526
ALL,20151104,9.5,9.565,9.44,9.5,2824507
ALQ,20151104,5.45,5.55,5.39,5.5,2956020
ALR,20151104,1.045,1.045,1.045,1.045,7000
ALU,20151104,4.8,4.85,4.73,4.74,603613
ALY,20151104,0.02,0.02,0.02,0.02,55000
AMA,20151104,1.04,1.05,1.035,1.035,360260
AMC,20151104,13.78,13.8,13.4,13.41,2975872
AMH,20151104,0.86,0.865,0.86,0.86,59069
AMI,20151104,0.033,0.035,0.032,0.032,549090
AMP,20151104,5.84,5.93,5.795,5.8,6318675
ANG,20151104,0.33,0.33,0.33,0.33,48500
ANN,20151104,19.85,19.98,19.64,19.77,600388
ANO,20151104,0.032,0.034,0.032,0.034,948971
ANP,20151104,0.084,0.084,0.078,0.078,154852
ANQ,20151104,0.002,0.002,0.002,0.002,600000
ANR,20151104,0.97,0.97,0.94,0.95,56480
ANW,20151104,0.006,0.006,0.006,0.006,250000
ANZ,20151104,27.25,27.38,26.8,26.87,9489078
AOG,20151104,3.1,3.105,3.09,3.1,635553
AOH,20151104,0.105,0.11,0.105,0.11,306709
AOK,20151104,0.067,0.067,0.066,0.066,115408
AON,20151104,0.039,0.04,0.039,0.04,37252
AOW,20151104,0.135,0.14,0.13,0.14,65000
APA,20151104,9.29,9.33,9.12,9.14,1860794
APD,20151104,0.385,0.39,0.385,0.385,39500
APE,20151104,10.45,10.8,10.34,10.67,118781
API,20151104,1.975,1.975,1.865,1.89,798663
APN,20151104,0.53,0.545,0.52,0.52,1131898
APO,20151104,5.1,5.12,4.98,4.99,436905
APW,20151104,0.12,0.13,0.12,0.13,12856
APX,20151104,1.5,1.52,1.485,1.5,154707
APY,20151104,0.007,0.007,0.007,0.007,177000
APZ,20151104,1.45,1.45,1.42,1.42,39611
AQC,20151104,0.02,0.023,0.018,0.019,20832157
AQD,20151104,0.02,0.02,0.02,0.02,343773
AQG,20151104,2.83,2.93,2.82,2.89,217026
AQP,20151104,0.245,0.245,0.245,0.245,394
AQQ,20151104,0.011,0.011,0.011,0.011,309914
AQS,20151104,0.088,0.088,0.088,0.088,11700
ARA,20151104,0.37,0.37,0.37,0.37,200000
ARB,20151104,14.94,15.35,14.91,15,473224
ARD,20151104,0.026,0.026,0.023,0.026,1657272
ARF,20151104,1.745,1.765,1.73,1.765,115211
ARG,20151104,7.75,7.77,7.71,7.71,102770
ARI,20151104,0.094,0.096,0.092,0.092,7247168
ARM,20151104,0.031,0.031,0.031,0.031,316259
ARU,20151104,0.053,0.054,0.053,0.054,51705
ARV,20151104,0.001,0.001,0.001,0.001,600000
ARW,20151104,0.185,0.2,0.185,0.2,73521
ASB,20151104,2.35,2.37,2.27,2.28,329408
ASH,20151104,0.255,0.255,0.25,0.25,604554
ASL,20151104,0.325,0.345,0.32,0.33,167800
AST,20151104,1.495,1.495,1.46,1.475,4605840
ASX,20151104,41.6,42.13,41.225,41.45,447811
ASZ,20151104,1.13,1.14,1.09,1.1,431524
ATC,20151104,0.105,0.105,0.105,0.105,18857
ATE,20151104,0.2,0.2,0.2,0.2,187000
ATP,20151104,0.031,0.031,0.03,0.03,120774
ATR,20151104,0.19,0.19,0.19,0.19,30000
ATU,20151104,0.495,0.5,0.495,0.495,12000
AUB,20151104,9.3,9.4,9.25,9.25,8429
AUC,20151104,0.032,0.032,0.032,0.032,51875
AUI,20151104,7.42,7.48,7.42,7.48,26987
AUK,20151104,0.012,0.012,0.012,0.012,21400
AUP,20151104,5.47,5.47,5.47,5.47,10000
AUQ,20151104,0.009,0.009,0.009,0.009,403
AUZ,20151104,0.012,0.013,0.012,0.012,4941934
AVB,20151104,0.06,0.06,0.06,0.06,410000
AVG,20151104,0.365,0.37,0.365,0.365,23338
AVH,20151104,0.11,0.11,0.105,0.11,175102
AVJ,20151104,0.54,0.54,0.535,0.535,159254
AVN,20151104,2.02,2.03,2,2.02,180448
AVQ,20151104,0.345,0.35,0.33,0.335,827062
AVX,20151104,0.008,0.008,0.007,0.008,405874
AVZ,20151104,0.009,0.009,0.009,0.009,1934000
AWC,20151104,1.16,1.205,1.15,1.195,19610149
AWD,20151104,0.027,0.027,0.025,0.025,5964809
AWE,20151104,0.675,0.705,0.665,0.675,3318612
AWN,20151104,0.52,0.52,0.52,0.52,73945
AWO,20151104,0.02,0.02,0.018,0.019,3903603
AWV,20151104,0.052,0.053,0.052,0.053,451519
AXE,20151104,0.085,0.085,0.084,0.084,83579
AXP,20151104,0.9,0.9,0.87,0.87,24646
AXT,20151104,0.064,0.065,0.062,0.065,220000
AXZ,20151104,0.495,0.495,0.495,0.495,4010
AYS,20151104,2.57,2.57,2.48,2.48,141785
AYZ,20151104,84.4,84.4,84.4,84.4,70
AZJ,20151104,5.17,5.18,5.09,5.1,3649578
AZM,20151104,0.03,0.03,0.028,0.028,755568
AZQ,20151104,0.01,0.012,0.01,0.01,362500
AZS,20151104,0.04,0.041,0.04,0.04,1427173
AZV,20151104,0.115,0.115,0.115,0.115,143504
AZY,20151104,0.018,0.018,0.017,0.017,1427500
BAF,20151104,1.045,1.05,1.045,1.05,58643
BAL,20151104,8.28,8.34,8.15,8.29,326320
BAP,20151104,3.71,3.74,3.65,3.68,1214654
BAS,20151104,0.004,0.005,0.004,0.005,941670
BAU,20151104,0.072,0.072,0.072,0.072,8873
BBG,20151104,0.745,0.765,0.73,0.74,550913
BBN,20151104,2.08,2.11,2.02,2.04,249263
BBR,20151104,0.086,0.086,0.086,0.086,10000
BBX,20151104,0.13,0.135,0.12,0.125,478970
BCI,20151104,0.265,0.27,0.26,0.27,443779
BCT,20151104,0.041,0.045,0.041,0.041,636695
BDR,20151104,0.145,0.155,0.142,0.15,3212905
BEAR,20151104,17.6,17.77,17.5,17.77,88814
BEN,20151104,10.69,10.72,10.51,10.54,1368094
BFC,20151104,0.315,0.32,0.31,0.32,321840
BGA,20151104,5.81,5.88,5.72,5.85,562188
BGC,20151104,0.095,0.097,0.095,0.097,59500
BGD,20151104,0.015,0.015,0.015,0.015,33782
BGG,20151104,0.063,0.065,0.063,0.065,42250
BGL,20151104,0.945,0.945,0.93,0.935,176025
BGR,20151104,0.005,0.005,0.005,0.005,200000
BHP,20151104,23.55,23.815,23.39,23.47,9388367
BIG,20151104,0.2,0.22,0.2,0.215,181590
BIS,20151104,0.69,0.69,0.595,0.6,11057
BIT,20151104,0.053,0.055,0.051,0.051,131430
BKI,20151104,1.675,1.69,1.665,1.69,105704
BKL,20151104,173.5,176,171.3,173,96434
BKM,20151104,0.001,0.001,0.001,0.001,2000
BKN,20151104,0.95,0.972,0.91,0.92,512204
BKP,20151104,0.001,0.001,0.001,0.001,282463
BKT,20151104,0.07,0.07,0.066,0.067,113597
BKW,20151104,14.43,14.73,14.43,14.65,123864
BKY,20151104,0.49,0.53,0.47,0.51,759764
BLA,20151104,6.3,6.53,6.26,6.3,50118
BLD,20151104,5.54,5.63,5.49,5.51,3739331
BLG,20151104,0.057,0.06,0.057,0.06,100000
BLK,20151104,0.23,0.23,0.225,0.225,392259
BLT,20151104,0.42,0.435,0.42,0.43,183084
BLX,20151104,1.79,1.84,1.79,1.82,32943
BLY,20151104,0.105,0.105,0.1,0.1,219760
BLZ,20151104,0.051,0.051,0.05,0.05,31549
BMG,20151104,0.014,0.014,0.013,0.013,400000
BML,20151104,0.005,0.005,0.005,0.005,61250
BMN,20151104,0.037,0.039,0.037,0.037,51656
BNO,20151104,0.525,0.525,0.515,0.515,127165
BOA,20151104,0.2,0.21,0.15,0.185,1293864
BOC,20151104,0.28,0.28,0.28,0.28,7856
BOE,20151104,0.021,0.021,0.02,0.02,594286
BOL,20151104,0.11,0.11,0.1,0.1,444808
BOQ,20151104,13.09,13.12,12.8,12.82,1320544
BPF,20151104,0.33,0.33,0.305,0.31,471901
BPH,20151104,0.007,0.007,0.007,0.007,100000
BPS,20151104,1.105,1.12,1.1,1.1,23142
BPT,20151104,0.645,0.665,0.64,0.64,8116571
BRG,20151104,6.85,6.97,6.76,6.81,286747
BRK,20151104,0.014,0.014,0.014,0.014,2614285
BRL,20151104,0.02,0.02,0.019,0.02,330000
BRN,20151104,0.285,0.3,0.255,0.285,16637324
BRS,20151104,1.06,1.06,1.03,1.03,381782
BRU,20151104,0.295,0.3,0.29,0.29,88479
BSA,20151104,0.175,0.175,0.16,0.16,771566
BSL,20151104,4.63,4.64,4.56,4.58,5043979
BSR,20151104,0.01,0.01,0.009,0.009,1573514
BTC,20151104,0.12,0.12,0.115,0.115,269892
BTT,20151104,12.13,12.37,12,12.26,937396
BUG,20151104,0.68,0.68,0.68,0.68,6099
BUL,20151104,0.033,0.033,0.032,0.033,125885
BUX,20151104,0.086,0.086,0.082,0.085,892677
BUY,20151104,0.009,0.01,0.009,0.01,3573686
BWP,20151104,3.24,3.32,3.22,3.3,2350720
BWR,20151104,1.3,1.3,1.3,1.3,2000
BXB,20151104,10.56,10.62,10.43,10.46,3126940
BXN,20151104,0.022,0.026,0.018,0.023,3868671
BYE,20151104,0.2,0.235,0.2,0.23,207324
BYI,20151104,1.17,1.17,1.16,1.16,49000
BYL,20151104,0.23,0.235,0.23,0.23,134546
BYR,20151104,0.018,0.02,0.018,0.02,898319
CAA,20151104,0.11,0.11,0.105,0.105,163000
CAB,20151104,2.8,2.81,2.7,2.72,285469
CAF,20151104,0.37,0.37,0.36,0.36,46262
CAJ,20151104,0.42,0.425,0.4,0.4,5441623
CAM,20151104,0.865,0.865,0.86,0.86,106545
CAR,20151104,10.05,10.17,9.99,10.02,529956
CAS,20151104,0.16,0.17,0.16,0.165,108897
CAT,20151104,1.6,1.65,1.6,1.65,38694
CAV,20151104,0.01,0.01,0.009,0.009,327402
CAZ,20151104,0.028,0.028,0.028,0.028,15200
CBA,20151104,77.08,77.9,76.35,76.58,2574174
CBL,20151104,1.625,1.625,1.62,1.625,57383
CCF,20151104,0.04,0.046,0.04,0.046,10073610
CCL,20151104,9.12,9.29,9.08,9.18,1997936
CCP,20151104,8.75,8.89,8.63,8.65,178787
CCV,20151104,0.505,0.515,0.505,0.515,632591
CDA,20151104,0.875,0.875,0.86,0.87,11948
CDB,20151104,0.015,0.015,0.015,0.015,473000
CDD,20151104,3.27,3.44,3.21,3.29,457246
CDM,20151104,1.48,1.49,1.475,1.485,249042
CDP,20151104,6.81,6.99,6.81,6.87,3267
CDV,20151104,0.135,0.135,0.135,0.135,148198
CDY,20151104,0.029,0.03,0.029,0.03,1209193
CEL,20151104,0.028,0.028,0.026,0.026,730000
CEN,20151104,4.93,4.93,4.93,4.93,1135371
CFE,20151104,0.019,0.019,0.018,0.018,241148
CGC,20151104,2.38,2.39,2.35,2.38,563405
CGF,20151104,8.45,8.54,8.24,8.26,2391277
CGL,20151104,4.65,4.65,4.65,4.65,3500
CGN,20151104,0.078,0.08,0.078,0.08,118541
CGS,20151104,0.37,0.37,0.37,0.37,37635
CGW,20151104,0.615,0.615,0.615,0.615,501480
CHC,20151104,4.54,4.56,4.48,4.5,709148
CHN,20151104,0.105,0.105,0.105,0.105,6550
CHP,20151104,0.009,0.01,0.008,0.008,18516967
CIA,20151104,0.2,0.2,0.2,0.2,100000
CIE,20151104,0.99,0.99,0.99,0.99,10000
CII,20151104,1.21,1.22,1.21,1.22,3592
CIM,20151104,27.91,28.3,27.65,27.75,445684
CIN,20151104,31.98,32.2,31.98,32.2,1500
CKF,20151104,3.73,3.73,3.64,3.64,76044
CKL,20151104,0.53,0.53,0.53,0.53,41502
CL8,20151104,0.018,0.018,0.017,0.017,1764804
CLH,20151104,1.865,1.87,1.835,1.835,469695
CLQ,20151104,0.22,0.22,0.22,0.22,119168
CLV,20151104,0.315,0.345,0.305,0.34,70700
CLX,20151104,1.25,1.25,1.25,1.25,1000
CLY,20151104,0.012,0.012,0.012,0.012,60004
CM8,20151104,0.255,0.27,0.24,0.265,6515154
CMA,20151104,2,2.03,2,2,238331
CMP,20151104,0.355,0.355,0.325,0.325,167448
CMW,20151104,1.01,1.03,1.01,1.02,2897273
CMY,20151104,0.016,0.016,0.014,0.014,5014368
CND,20151104,0.21,0.21,0.21,0.21,170000
CNI,20151104,0.88,0.88,0.88,0.88,26600
CNJ,20151104,0.011,0.011,0.011,0.011,10000
CNQ,20151104,0.04,0.04,0.035,0.038,606460
CNU,20151104,2.68,2.75,2.65,2.72,406131
CNW,20151104,0.023,0.024,0.023,0.024,2707017
COE,20151104,0.21,0.215,0.21,0.215,24112
COF,20151104,0.41,0.41,0.41,0.41,166065
COH,20151104,89,90.08,87.89,88.18,219123
COI,20151104,0.08,0.08,0.08,0.08,35012
COK,20151104,0.001,0.001,0.001,0.001,491000
COO,20151104,0.11,0.11,0.11,0.11,71000
CPU,20151104,10.98,11.05,10.91,10.95,1643068
CQR,20151104,4.2,4.22,4.08,4.1,2454461
CRB,20151104,0.07,0.07,0.07,0.07,8000
CSD,20151104,0.05,0.052,0.05,0.052,38146
CSE,20151104,0.23,0.23,0.23,0.23,10000
CSL,20151104,94.8,95.29,93.54,93.82,907076
CSR,20151104,3.25,3.33,2.97,3.03,12223074
CSS,20151104,0.055,0.056,0.054,0.055,364727
CSV,20151104,1.61,1.625,1.585,1.62,101726
CTD,20151104,11.59,11.98,11.58,11.82,368933
CTM,20151104,0.007,0.008,0.007,0.008,1221065
CTN,20151104,0.94,0.945,0.94,0.945,154064
CTO,20151104,0.019,0.022,0.019,0.022,932211
CTP,20151104,0.23,0.24,0.23,0.24,284235
CTX,20151104,32.65,33.06,32.19,32.32,1128869
CUL,20151104,0.003,0.003,0.003,0.003,5472472
CUP,20151104,0.97,0.97,0.955,0.96,7222
CUV,20151104,3,3,3,3,26530
CV1,20151104,0.5,0.5,0.48,0.49,32000
CVE,20151104,0.01,0.01,0.009,0.009,4750001
CVN,20151104,0.12,0.125,0.12,0.125,3609730
CVO,20151104,2.29,2.3,2.26,2.27,3618934
CVT,20151104,0.235,0.255,0.235,0.25,646632
CVV,20151104,0.005,0.005,0.005,0.005,214000
CWC,20151104,0.565,0.6,0.565,0.6,1835
CWE,20151104,0.044,0.044,0.043,0.044,150700
CWN,20151104,11.87,11.97,11.74,11.9,1978650
CWP,20151104,4.26,4.28,4.05,4.08,77271
CXM,20151104,0.073,0.073,0.073,0.073,7500
CXO,20151104,0.024,0.024,0.024,0.024,94000
CXU,20151104,0.145,0.145,0.145,0.145,5580
CXX,20151104,0.23,0.23,0.23,0.23,2500
CXZ,20151104,0.185,0.185,0.185,0.185,80000
CYA,20151104,0.82,0.82,0.815,0.815,9307
CYC,20151104,0.55,0.55,0.55,0.55,850
CYG,20151104,1.23,1.23,1.23,1.23,950
CYP,20151104,0.44,0.445,0.435,0.44,53945
CYU,20151104,0.03,0.03,0.03,0.03,100000
CZA,20151104,0.054,0.06,0.054,0.06,18000
CZI,20151104,0.042,0.042,0.031,0.033,2400096
CZL,20151104,0.038,0.039,0.037,0.037,548090
CZZ,20151104,18.75,18.79,17.52,18.01,60361
DCC,20151104,0.13,0.13,0.125,0.125,344150
DCG,20151104,0.96,0.97,0.94,0.945,133777
DCN,20151104,0.72,0.74,0.72,0.74,56989
DDR,20151104,1.8,1.92,1.8,1.9,134588
DDT,20151104,0.02,0.021,0.02,0.02,439500
DEG,20151104,0.001,0.001,0.001,0.001,46500
DFM,20151104,1.4,1.42,1.39,1.4,94000
DGR,20151104,0.038,0.039,0.038,0.038,28758483
DIV,20151104,19.15,19.15,19.15,19.15,160
DJW,20151104,4.24,4.32,4.22,4.32,79124
DKM,20151104,0.11,0.11,0.11,0.11,200888
DLS,20151104,0.8,0.81,0.785,0.785,1202954
DLX,20151104,6,6.09,5.99,5.99,1601391
DM1,20151104,0.095,0.12,0.09,0.12,364400
DMI,20151104,0.07,0.07,0.07,0.07,12854
DMP,20151104,48,48.38,47.27,47.65,256166
DNA,20151104,0.815,0.825,0.805,0.815,393267
DNK,20151104,0.29,0.29,0.28,0.28,182000
DOW,20151104,3.64,3.74,3.62,3.65,2296874
DRA,20151104,0.17,0.17,0.17,0.17,3235
DRM,20151104,0.54,0.56,0.535,0.56,750307
DSH,20151104,0.765,0.83,0.765,0.82,13744239
DSX,20151104,0.065,0.065,0.065,0.065,55268
DTI,20151104,0.275,0.275,0.275,0.275,10000
DTL,20151104,1.17,1.18,1.17,1.18,104667
DTM,20151104,0.01,0.01,0.01,0.01,201396
DTR,20151104,0.011,0.011,0.011,0.011,39819
DUB,20151104,0.37,0.42,0.355,0.395,3096883
DUE,20151104,2.39,2.4,2.37,2.39,6916548
DUI,20151104,3.46,3.46,3.46,3.46,25530
DUO,20151104,0.007,0.008,0.007,0.008,10852618
DVI,20151104,0.033,0.035,0.033,0.033,1285902
DVL,20151104,0.38,0.38,0.38,0.38,5000
DVN,20151104,0.61,0.615,0.605,0.605,10270
DWS,20151104,1.23,1.23,1.195,1.22,301302
DXS,20151104,7.75,7.86,7.68,7.7,2292810
DYE,20151104,0.34,0.345,0.33,0.345,163502
DYL,20151104,0.011,0.011,0.011,0.011,100000
E88,20151104,0.105,0.11,0.1,0.1,317872
EAI,20151104,1,1,1,1,50000
EAL,20151104,0.18,0.18,0.18,0.18,1800
EAR,20151104,0.082,0.082,0.082,0.082,134375
EAS,20151104,0.8,0.83,0.8,0.83,30000
EBG,20151104,0.063,0.063,0.063,0.063,60000
EBO,20151104,12.65,12.65,12.65,12.65,200
EBT,20151104,3.87,3.87,3.87,3.87,700
ECO,20151104,0.015,0.016,0.015,0.016,1458760
ECX,20151104,3.51,3.55,3.31,3.39,274095
EDE,20151104,0.06,0.063,0.06,0.061,1168989
EEG,20151104,0.035,0.035,0.035,0.035,100000
EER,20151104,0.005,0.005,0.005,0.005,1650
EEU,20151104,14.9,14.9,14.9,14.9,335
EFE,20151104,0.014,0.014,0.012,0.012,330000
EGG,20151104,0.86,0.86,0.86,0.86,10000
EGH,20151104,0.63,0.655,0.63,0.655,380366
EGI,20151104,1.06,1.075,1.06,1.075,90000
EGO,20151104,0.004,0.005,0.004,0.005,38267608
EGP,20151104,5.15,5.18,4.79,4.8,5815912
EHE,20151104,7.6,7.74,7.56,7.64,745862
EHL,20151104,0.056,0.056,0.052,0.052,738840
ELD,20151104,4.35,4.39,4.27,4.29,180061
ELT,20151104,0.01,0.01,0.01,0.01,500000
ELX,20151104,0.52,0.55,0.52,0.55,128900
EMG,20151104,0.02,0.021,0.02,0.021,2229952
EMH,20151104,0.215,0.215,0.195,0.195,597625
EML,20151104,0.82,0.825,0.81,0.825,946866
EMR,20151104,0.021,0.021,0.021,0.021,403241
EMU,20151104,0.08,0.08,0.075,0.075,463589
EMX,20151104,0.04,0.04,0.04,0.04,220000
ENC,20151104,0.35,0.35,0.35,0.35,64999
ENT,20151104,0.033,0.033,0.03,0.03,178578
ENZ,20151104,0.39,0.39,0.39,0.39,27512
EOR,20151104,0.005,0.007,0.005,0.007,806015
EOS,20151104,1.32,1.32,1.3,1.3,16225
EPD,20151104,0.91,0.92,0.89,0.89,308695
EPM,20151104,0.003,0.004,0.003,0.004,800000
EPW,20151104,1.48,1.545,1.465,1.52,1130312
EPX,20151104,1.61,1.63,1.61,1.62,17561
EQT,20151104,23.47,23.6,22.51,23.43,7333
EQX,20151104,0.295,0.31,0.295,0.31,140013
ERA,20151104,0.337,0.35,0.325,0.35,141940
ERJ,20151104,0.04,0.041,0.04,0.04,293944
ERM,20151104,0.053,0.053,0.05,0.051,924901
ESI,20151104,0.022,0.023,0.022,0.023,4242160
ESM,20151104,0.039,0.039,0.039,0.039,50000
ESR,20151104,0.03,0.03,0.03,0.03,100000
ESV,20151104,0.12,0.13,0.11,0.12,148663
ETE,20151104,0.013,0.013,0.013,0.013,200000
ETF,20151104,20.52,20.52,20.52,20.52,400
EVE,20151104,0.007,0.007,0.007,0.007,90000
EVM,20151104,0.14,0.14,0.125,0.13,601913
EVN,20151104,1.36,1.415,1.325,1.405,7267569
EVR,20151104,0.68,0.685,0.66,0.68,369239
EWC,20151104,0.29,0.295,0.285,0.285,729612
EXC,20151104,0.024,0.025,0.024,0.025,317031
EXG,20151104,0.067,0.07,0.067,0.069,534549
EXU,20151104,0.022,0.023,0.021,0.022,730888
EZL,20151104,0.89,0.9,0.88,0.885,46196
FAN,20151104,2.32,2.34,2.31,2.34,131168
FAR,20151104,0.084,0.084,0.082,0.083,5143732
FBU,20151104,7,7.05,6.96,6.96,938669
FCG,20151104,0.285,0.285,0.285,0.285,210000
FCN,20151104,0.015,0.015,0.015,0.015,257000
FET,20151104,2.21,2.21,2.15,2.17,653580
FFC,20151104,0.3,0.31,0.3,0.3,37669
FFG,20151104,0.045,0.052,0.045,0.051,1201414
FFT,20151104,0.985,0.99,0.95,0.975,54187
FGF,20151104,0.016,0.016,0.016,0.016,300000
FGG,20151104,1.1,1.1,1.09,1.1,65481
FGX,20151104,1.075,1.075,1.07,1.07,183490
FID,20151104,2.14,2.14,2.14,2.14,559
FIE,20151104,0.042,0.046,0.042,0.044,616185
FLN,20151104,1.82,1.86,1.815,1.85,211789
FLT,20151104,37.96,38.06,37.43,37.69,550805
FMG,20151104,2.14,2.2,2.12,2.13,23542605
FML,20151104,0.35,0.36,0.34,0.36,47318
FMS,20151104,0.012,0.015,0.012,0.014,3313714
FND,20151104,0.13,0.13,0.13,0.13,7500
FNP,20151104,3.02,3.05,2.98,3,983776
FNT,20151104,0.001,0.001,0.001,0.001,850000
FPH,20151104,7.47,7.5,7.41,7.44,395374
FRI,20151104,1.15,1.15,1.125,1.13,188866
FRM,20151104,0.59,0.61,0.59,0.61,77000
FRX,20151104,0.13,0.13,0.13,0.13,30000
FSA,20151104,1.4,1.4,1.4,1.4,95
FSF,20151104,5.24,5.24,5.23,5.23,274
FTZ,20151104,0.13,0.13,0.13,0.13,8500
FUN,20151104,0.033,0.033,0.031,0.031,295996
FWD,20151104,1.52,1.53,1.515,1.53,33795
FXJ,20151104,0.95,0.955,0.915,0.92,12138985
FXL,20151104,2.95,3.05,2.93,3.04,1910891
GAL,20151104,0.009,0.011,0.009,0.011,26493456
GAP,20151104,0.285,0.285,0.275,0.275,260829
GBE,20151104,0.023,0.023,0.023,0.023,44481
GBG,20151104,0.038,0.038,0.037,0.038,315824
GBI,20151104,0.28,0.28,0.28,0.28,15000
GBM,20151104,0.009,0.009,0.009,0.009,175729
GBT,20151104,3.98,3.98,3.86,3.86,126002
GBZ,20151104,0.02,0.02,0.02,0.02,100200
GC1,20151104,1,1,1,1,15000
GCR,20151104,0.071,0.071,0.071,0.071,127000
GCS,20151104,0.49,0.49,0.47,0.47,75231
GCY,20151104,0.1,0.105,0.098,0.105,599190
GDF,20151104,0.975,1,0.975,0.99,1724665
GDI,20151104,0.895,0.905,0.89,0.89,835801
GDX,20151104,20.82,21.04,20.82,20.97,24836
GDY,20151104,0.031,0.032,0.03,0.03,991142
GEM,20151104,3.2,3.3,3.2,3.29,2311081
GFY,20151104,2.23,2.25,2.2,2.2,214276
GGG,20151104,0.028,0.028,0.026,0.027,1431696
GHC,20151104,1.78,1.8,1.75,1.79,94036
GID,20151104,0.032,0.032,0.031,0.032,413000
GJT,20151104,1.77,1.795,1.765,1.795,28871
GLB,20151104,1.6,1.6,1.6,1.6,4968
GLF,20151104,0.01,0.01,0.01,0.01,937680
GLH,20151104,0.245,0.25,0.23,0.24,57535
GLL,20151104,0.13,0.13,0.13,0.13,19000
GLN,20151104,0.005,0.005,0.005,0.005,1200000
GMA,20151104,2.86,2.89,2.82,2.82,1715648
GMD,20151104,0.015,0.015,0.014,0.015,2236564
GMF,20151104,2.05,2.06,2.04,2.05,69697
GMG,20151104,6.09,6.16,6.01,6.01,3413992
GML,20151104,0.015,0.015,0.015,0.015,72500
GMM,20151104,0.155,0.165,0.15,0.165,769136
GMN,20151104,0.056,0.056,0.056,0.056,260000
GMY,20151104,0.85,0.85,0.85,0.85,4500
GNC,20151104,8.53,8.535,8.33,8.4,2487021
GNE,20151104,1.755,1.76,1.745,1.76,56270
GNG,20151104,0.89,0.89,0.88,0.88,43462
GNX,20151104,0.165,0.165,0.165,0.165,73024
GOLD,20151104,150,150,147.55,148.67,5866
GOR,20151104,0.435,0.435,0.415,0.415,376657
GOW,20151104,3.24,3.25,3.24,3.25,8000
GOZ,20151104,3.06,3.09,3.05,3.08,247150
GPH,20151104,0.057,0.057,0.057,0.057,200000
GPP,20151104,0.007,0.007,0.007,0.007,600
GPR,20151104,0.052,0.052,0.05,0.05,189910
GPT,20151104,4.84,4.86,4.77,4.78,3624571
GRB,20151104,0.069,0.07,0.069,0.07,463000
GRR,20151104,0.12,0.12,0.115,0.12,1015412
GRY,20151104,0.052,0.052,0.051,0.052,445357
GSS,20151104,0.525,0.525,0.525,0.525,13725
GTG,20151104,0.02,0.02,0.019,0.019,441382
GTK,20151104,1.87,1.88,1.85,1.85,44750
GTY,20151104,2.85,2.93,2.83,2.88,703614
GUD,20151104,7.67,7.7,7.34,7.38,510859
GVF,20151104,1.035,1.04,1.035,1.04,33983
GWA,20151104,1.95,1.992,1.915,1.92,2015448
GXL,20151104,6.53,6.54,6.4,6.46,248626
GXY,20151104,0.074,0.079,0.074,0.079,4688550
HAR,20151104,0.005,0.005,0.005,0.005,60000
HAV,20151104,0.24,0.25,0.24,0.24,66250
HCH,20151104,0.13,0.135,0.125,0.13,207553
HEG,20151104,0.003,0.003,0.002,0.002,8400000
HFA,20151104,2.95,2.97,2.93,2.93,382491
HFR,20151104,1.58,1.58,1.545,1.56,38673
HGG,20151104,6.19,6.24,6.1,6.12,2280950
HGO,20151104,0.195,0.195,0.195,0.195,80750
HHM,20151104,0.025,0.025,0.023,0.023,66610
HHV,20151104,1.2,1.205,1.195,1.195,290497
HHY,20151104,0.095,0.095,0.095,0.095,1071
HIG,20151104,0.081,0.082,0.08,0.08,485746
HIL,20151104,0.435,0.45,0.43,0.435,311635
HIT,20151104,0.3,0.3,0.295,0.295,34720
HMX,20151104,0.055,0.055,0.055,0.055,63735
HOG,20151104,0.003,0.003,0.003,0.003,279683
HOM,20151104,0.47,0.475,0.47,0.475,7233
HPI,20151104,2.6,2.6,2.55,2.6,198998
HRR,20151104,0.09,0.093,0.09,0.091,66866
HSK,20151104,0.071,0.075,0.071,0.075,320000
HSN,20151104,3.06,3.06,3.04,3.06,184396
HSO,20151104,2.71,2.74,2.7,2.7,2019718
HTA,20151104,0.094,0.094,0.091,0.091,47296
HUB,20151104,3.01,3.08,3,3.04,273914
HUO,20151104,4.01,4.08,4,4.08,1723
HVN,20151104,3.99,4.07,3.93,3.98,4666531
HZN,20151104,0.125,0.125,0.117,0.12,1477229
IAA,20151104,64.22,65.56,64.22,65.48,9989
IAB,20151104,1.21,1.21,1.21,1.21,2084
IAF,20151104,105.94,105.94,105.6,105.75,6324
IAG,20151104,5.58,5.645,5.56,5.59,6709366
IAU,20151104,0.14,0.145,0.14,0.14,262323
IBC,20151104,0.5,0.5,0.5,0.5,6682
IBG,20151104,0.058,0.058,0.058,0.058,10000
IBK,20151104,44.98,45.45,44.98,45.45,384
ICG,20151104,0.006,0.006,0.006,0.006,2427610
ICN,20151104,0.034,0.034,0.034,0.034,127273
ICQ,20151104,0.855,0.88,0.83,0.83,618799
ICU,20151104,0.15,0.15,0.15,0.15,71661
IDR,20151104,2.05,2.07,2.04,2.05,1928139
IDT,20151104,0.4,0.4,0.38,0.38,134066
IDX,20151104,1.815,1.815,1.75,1.8,1159912
IDZ,20151104,0.36,0.39,0.355,0.385,212963
IEC,20151104,0.016,0.016,0.016,0.016,32211
IEM,20151104,50,50.49,49.9,50.29,12018
IEU,20151104,59.7,59.7,59.12,59.24,35694
IFL,20151104,9.46,9.52,9.41,9.46,1583749
IFM,20151104,0.73,0.745,0.725,0.74,4570636
IFN,20151104,0.4,0.43,0.4,0.415,2697643
IGB,20151104,103.26,103.26,102.95,102.95,241
IGO,20151104,2.81,2.87,2.77,2.77,1977595
IGS,20151104,0.002,0.002,0.002,0.002,500000
IHD,20151104,13.75,13.93,13.75,13.75,18898
IHK,20151104,29,29.1,29,29.1,7150
IIL,20151104,0.185,0.185,0.185,0.185,36630
IJH,20151104,203.49,203.49,203.49,203.49,1
IJP,20151104,17.31,17.4,17.15,17.18,80615
IJR,20151104,161,161.33,161,161.33,153
IKO,20151104,77.62,77.62,77.39,77.4,238
ILB,20151104,113.56,113.56,113.34,113.34,464
ILC,20151104,22.7,22.76,22.58,22.59,19873
ILU,20151104,6.6,6.68,6.55,6.59,2676365
IMA,20151104,0.074,0.078,0.074,0.074,64666
IMC,20151104,0.45,0.45,0.45,0.45,7300
IMD,20151104,0.232,0.255,0.23,0.245,729413
IMF,20151104,1.485,1.5,1.46,1.47,522115
IMU,20151104,0.008,0.008,0.008,0.008,82085
INA,20151104,0.45,0.465,0.45,0.46,296376
IOF,20151104,4.04,4.07,3.97,3.98,1492269
IOG,20151104,0.041,0.041,0.041,0.041,16000
IOO,20151104,106.5,107.08,106.21,106.34,12051
IOZ,20151104,22.07,22.24,21.9,21.94,23890
IPD,20151104,1.02,1.06,1.01,1.05,196543
IPE,20151104,0.32,0.32,0.315,0.315,139000
IPH,20151104,7.46,7.6,7.38,7.53,237549
IPL,20151104,3.97,3.99,3.89,3.95,6521150
IPP,20151104,3.84,3.86,3.84,3.85,1801709
IPT,20151104,0.046,0.046,0.045,0.045,456000
IQ3,20151104,0.29,0.29,0.29,0.29,50000
IRD,20151104,0.15,0.15,0.15,0.15,8651
IRE,20151104,9.49,9.54,9.44,9.45,498477
IRI,20151104,2.42,2.42,2.35,2.39,80241
IRU,20151104,164.82,164.82,164.82,164.82,82
ISD,20151104,4.2,4.29,4.18,4.26,975405
ISG,20151104,15.68,15.68,15.68,15.68,28
ISN,20151104,0.054,0.055,0.054,0.055,21170
ISO,20151104,3.86,3.89,3.86,3.89,16665
ISU,20151104,1.47,1.505,1.455,1.455,4074921
ISX,20151104,0.47,0.475,0.43,0.43,3178067
ITD,20151104,0.225,0.225,0.225,0.225,6000
ITW,20151104,20.18,20.29,20.18,20.29,332
IVC,20151104,11.5,11.65,11.24,11.24,356950
IVE,20151104,85.7,85.84,85.6,85.68,2932
IVO,20151104,0.09,0.091,0.089,0.091,193605
IVV,20151104,295.07,295.26,294.56,294.65,6976
IVX,20151104,0.011,0.011,0.011,0.011,442444
IWG,20151104,0.155,0.16,0.155,0.16,625881
IXI,20151104,131.25,131.48,131.15,131.15,671
IXJ,20151104,147.47,147.47,146.6,146.68,4691
IXP,20151104,85.21,86,84.73,84.73,1591
IZZ,20151104,53.59,55.2,53.59,54.91,33913
JBH,20151104,17.93,18.03,17.68,17.71,949821
JHC,20151104,3.15,3.22,3.14,3.18,931314
JHX,20151104,19.19,19.29,17.77,17.84,2332265
JIN,20151104,1.06,1.08,1.06,1.08,25876
JKA,20151104,0.008,0.008,0.008,0.008,6250
JRL,20151104,0.185,0.185,0.185,0.185,13589
KAM,20151104,0.77,0.78,0.77,0.78,3332
KAR,20151104,1.92,1.975,1.92,1.94,808038
KAS,20151104,0.026,0.026,0.026,0.026,75487
KBL,20151104,0.022,0.022,0.021,0.022,1359090
KCN,20151104,0.635,0.73,0.63,0.725,1481813
KDL,20151104,0.067,0.067,0.067,0.067,12800
KDR,20151104,0.13,0.13,0.125,0.13,222347
KEY,20151104,0.005,0.005,0.005,0.005,1587298
KFE,20151104,0.011,0.012,0.011,0.012,353755
KGD,20151104,0.022,0.022,0.022,0.022,50000
KGL,20151104,0.145,0.145,0.14,0.14,305728
KII,20151104,2.53,2.54,2.53,2.54,94990
KIN,20151104,0.14,0.14,0.13,0.135,92037
KIS,20151104,0.09,0.09,0.09,0.09,19257
KKL,20151104,0.009,0.009,0.009,0.009,1890924
KKT,20151104,0.28,0.285,0.28,0.285,6039
KMD,20151104,1.455,1.475,1.4,1.415,145570
KNL,20151104,0.2,0.2,0.195,0.195,90000
KNO,20151104,0.33,0.36,0.305,0.33,318189
KOR,20151104,0.055,0.055,0.043,0.043,3221339
KRA,20151104,0.014,0.015,0.014,0.015,744292
KRM,20151104,0.225,0.225,0.21,0.21,263493
KRS,20151104,0.15,0.15,0.15,0.15,333
KSL,20151104,1.22,1.25,1.22,1.25,55000
KSN,20151104,0.01,0.01,0.009,0.009,240719
KSO,20151104,0.008,0.008,0.008,0.008,1730000
KTE,20151104,0.03,0.032,0.03,0.032,390000
LAA,20151104,0.335,0.35,0.325,0.35,811332
LAU,20151104,0.465,0.465,0.43,0.43,217594
LBL,20151104,0.115,0.115,0.115,0.115,40175
LBT,20151104,0.16,0.16,0.16,0.16,2865
LCD,20151104,0.045,0.045,0.045,0.045,100000
LCK,20151104,0.185,0.24,0.185,0.24,299437
LCM,20151104,0.715,0.715,0.71,0.71,49509
LCR,20151104,0.003,0.003,0.003,0.003,100000
LCT,20151104,0.05,0.05,0.05,0.05,100000
LCY,20151104,0.005,0.005,0.005,0.005,550000
LEG,20151104,0.01,0.011,0.01,0.011,942669
LEP,20151104,3.92,3.93,3.88,3.9,224807
LER,20151104,0.145,0.15,0.145,0.15,443330
LGD,20151104,0.25,0.25,0.25,0.25,10000
LGR,20151104,0.085,0.085,0.085,0.085,100000
LHB,20151104,0.16,0.165,0.16,0.165,88000
LHC,20151104,3.12,3.13,3.04,3.07,139541
LIC,20151104,2.65,2.65,2.48,2.55,166025
LIT,20151104,0.11,0.11,0.097,0.097,745537
LLC,20151104,13.35,13.35,12.81,12.89,2359064
LMB,20151104,0.054,0.054,0.054,0.054,25742
LMG,20151104,0.009,0.009,0.008,0.008,500200
LNG,20151104,1.555,1.575,1.475,1.54,3793174
LNK,20151104,7.09,7.11,7.04,7.07,1574054
LNY,20151104,0.003,0.004,0.003,0.004,2782386
LOM,20151104,0.35,0.36,0.34,0.34,553526
LOV,20151104,3.13,3.285,3.13,3.21,52879
LRS,20151104,0.008,0.008,0.007,0.007,1497600
LSR,20151104,0.037,0.037,0.037,0.037,47239
LTN,20151104,0.075,0.075,0.075,0.075,100000
LTR,20151104,0.006,0.006,0.006,0.006,500000
LTX,20151104,0.019,0.019,0.019,0.019,485186
LVT,20151104,0.175,0.18,0.175,0.175,234073
LWP,20151104,0.008,0.008,0.007,0.008,8620381
LYC,20151104,0.059,0.066,0.059,0.066,58354443
LYL,20151104,1.255,1.255,1.25,1.25,2100
MAD,20151104,0.085,0.085,0.085,0.085,566228
MAH,20151104,0.095,0.098,0.095,0.095,2488344
MAI,20151104,0.585,0.59,0.585,0.59,7500
MAK,20151104,0.12,0.125,0.12,0.12,958637
MAQ,20151104,8.3,8.3,8.25,8.25,5230
MBE,20151104,0.265,0.265,0.255,0.255,1128137
MBT,20151104,0.052,0.052,0.052,0.052,2200
MCE,20151104,0.72,0.74,0.7,0.7,47777
MCP,20151104,0.67,0.675,0.67,0.67,195032
MCR,20151104,0.27,0.275,0.27,0.275,24452
MCS,20151104,0.086,0.086,0.085,0.085,67500
MCT,20151104,0.023,0.023,0.022,0.023,2011363
MDC,20151104,0.2,0.2,0.19,0.19,225838
MEB,20151104,0.4,0.4,0.4,0.4,15000
MEI,20151104,0.011,0.012,0.011,0.012,350000
MEL,20151104,0.051,0.051,0.05,0.05,1488519
MEO,20151104,0.016,0.016,0.016,0.016,20000
MEP,20151104,0.07,0.07,0.066,0.066,90476
MEU,20151104,0.024,0.025,0.023,0.023,4225690
MEY,20151104,0.12,0.12,0.12,0.12,4500
MEZ,20151104,2.07,2.1,2.06,2.1,27438
MFF,20151104,1.92,1.935,1.895,1.935,566911
MFG,20151104,23.29,23.44,22.57,22.63,451392
MGC,20151104,2.33,2.33,2.26,2.28,615297
MGE,20151104,2.75,2.75,2.73,2.74,525530
MGP,20151104,0.23,0.23,0.23,0.23,118467
MGR,20151104,1.83,1.845,1.8,1.805,11879669
MGV,20151104,0.024,0.024,0.024,0.024,8000
MGX,20151104,0.215,0.235,0.215,0.23,3708094
MGY,20151104,0.03,0.03,0.029,0.03,282268
MIG,20151104,1.09,1.09,1.02,1.02,65008
MIN,20151104,4.35,4.405,4.29,4.35,586633
MIR,20151104,2.44,2.49,2.43,2.43,23743
MJP,20151104,0.55,0.555,0.535,0.535,112834
MKB,20151104,0.063,0.063,0.059,0.063,2469064
MLA,20151104,0.055,0.055,0.053,0.053,27567
MLB,20151104,1.93,1.93,1.855,1.9,8813
MLD,20151104,0.852,0.865,0.852,0.86,223560
MLM,20151104,0.052,0.052,0.052,0.052,175000
MLS,20151104,0.002,0.002,0.002,0.002,50000
MLT,20151104,4.3,4.31,4.28,4.3,199213
MLX,20151104,1.34,1.34,1.275,1.295,593812
MMJ,20151104,0.29,0.315,0.285,0.295,2058317
MML,20151104,0.51,0.517,0.49,0.51,923645
MMR,20151104,0.02,0.02,0.02,0.02,25557
MMS,20151104,12.95,12.99,12.58,12.58,533450
MNB,20151104,0.003,0.003,0.003,0.003,168000
MNC,20151104,0.005,0.005,0.005,0.005,354888
MND,20151104,7.4,7.53,7.355,7.37,466092
MNF,20151104,3.26,3.27,3.17,3.2,119070
MNQ,20151104,0.029,0.033,0.027,0.028,2917551
MNS,20151104,0.375,0.38,0.365,0.37,480407
MNW,20151104,0.064,0.064,0.064,0.064,43044
MNY,20151104,1.035,1.055,1.03,1.045,34363
MOC,20151104,1.86,1.89,1.86,1.87,25942
MOO,20151104,0.002,0.002,0.002,0.002,300000
MOX,20151104,0.012,0.012,0.012,0.012,300000
MOY,20151104,0.05,0.05,0.048,0.049,610618
MOZ,20151104,0.04,0.042,0.039,0.042,3181859
MPJ,20151104,0.006,0.006,0.006,0.006,730000
MPL,20151104,2.37,2.4,2.35,2.36,9578341
MPO,20151104,0.155,0.155,0.155,0.155,365000
MQA,20151104,4.15,4.17,4.07,4.12,1275159
MQG,20151104,83.51,83.88,82.83,82.91,950622
MRD,20151104,0.013,0.013,0.012,0.012,1508930
MRF,20151104,0.067,0.069,0.065,0.067,474267
MRM,20151104,0.425,0.43,0.407,0.42,1510337
MRP,20151104,0.105,0.11,0.105,0.11,300000
MRV,20151104,0.003,0.003,0.003,0.003,100000
MSP,20151104,0.028,0.028,0.028,0.028,2858
MSR,20151104,0.006,0.006,0.005,0.005,13927314
MSV,20151104,0.019,0.019,0.019,0.019,44477
MTA,20151104,0.057,0.057,0.057,0.057,78243
MTH,20151104,0.005,0.005,0.005,0.005,544707
MTL,20151104,0.076,0.081,0.076,0.081,170247
MTR,20151104,4.37,4.38,4.28,4.31,954594
MTS,20151104,1.21,1.27,1.21,1.265,5170913
MTU,20151104,10.35,10.49,10.28,10.29,846650
MUS,20151104,0.19,0.19,0.185,0.185,43267
MVA,20151104,19.02,19.02,18.9,18.9,1958
MVB,20151104,25.91,25.91,25.91,25.91,20
MVF,20151104,1.397,1.44,1.385,1.42,2005877
MVP,20151104,3.39,3.46,3.39,3.45,20302
MVS,20151104,16.28,16.28,16.22,16.22,1551
MVT,20151104,0.14,0.14,0.135,0.14,235722
MVW,20151104,22.1,22.1,21.89,21.89,11002
MWR,20151104,1.49,1.49,1.48,1.49,26024
MWS,20151104,0.002,0.003,0.002,0.002,6468926
MXI,20151104,0.57,0.575,0.57,0.575,24384
MXR,20151104,0.002,0.002,0.002,0.002,250000
MYE,20151104,0.24,0.24,0.24,0.24,12619
MYO,20151104,3.36,3.36,3.29,3.31,211663
MYR,20151104,0.96,0.96,0.945,0.95,9507407
MYS,20151104,4.39,4.4,4.315,4.37,7830
MYT,20151104,2.57,2.57,2.53,2.53,40904
MYX,20151104,1.12,1.165,1.11,1.13,1310190
MZI,20151104,0.405,0.425,0.405,0.42,57490
MZM,20151104,0.285,0.285,0.285,0.285,30000
MZN,20151104,0.01,0.021,0.01,0.012,57207001
NAB,20151104,30.55,30.63,29.91,29.91,6706408
NAC,20151104,1,1,1,1,20212
NAG,20151104,0.07,0.074,0.062,0.068,1744933
NAN,20151104,1.6,1.64,1.565,1.59,178562
NBL,20151104,1,1,1,1,120000
NCC,20151104,1,1,1,1,2531
NCK,20151104,4.295,4.33,4.27,4.27,8274
NCL,20151104,0.15,0.15,0.14,0.14,25000
NCM,20151104,11.97,12.34,11.9,12.3,3666754
NCR,20151104,0.003,0.003,0.003,0.003,13888
NDQ,20151104,11.42,11.42,11.37,11.4,15174
NEA,20151104,0.37,0.375,0.345,0.355,2346503
NEC,20151104,1.57,1.64,1.56,1.6,3320059
NEN,20151104,0.024,0.024,0.024,0.024,90000
NEU,20151104,0.091,0.091,0.089,0.09,890526
NFE,20151104,0.011,0.011,0.01,0.01,400000
NGE,20151104,0.022,0.022,0.022,0.022,212000
NHC,20151104,1.9,1.99,1.9,1.94,101448
NHF,20151104,3.77,3.82,3.65,3.68,310527
NIO,20151104,0.007,0.008,0.007,0.008,1359394
NIU,20151104,0.001,0.001,0.001,0.001,2448980
NKP,20151104,0.091,0.091,0.091,0.091,14912
NMI,20151104,0.018,0.018,0.018,0.018,261451
NMT,20151104,0.18,0.185,0.175,0.175,1288425
NNW,20151104,0.145,0.15,0.135,0.135,427913
NOR,20151104,0.042,0.048,0.042,0.044,13613095
NPX,20151104,3.97,4,3.95,3.96,2316
NRR,20151104,0.056,0.062,0.056,0.062,1157046
NRT,20151104,0.145,0.15,0.145,0.15,724199
NSE,20151104,0.009,0.01,0.009,0.01,464188
NSL,20151104,0.011,0.011,0.011,0.011,1225000
NSR,20151104,1.61,1.62,1.6,1.605,378391
NST,20151104,2.41,2.615,2.4,2.6,8657640
NTC,20151104,1.41,1.58,1.265,1.55,895302
NTL,20151104,0.008,0.008,0.008,0.008,25000
NTU,20151104,0.175,0.175,0.175,0.175,17000
NUF,20151104,8.4,8.6,8.35,8.36,982232
NVL,20151104,1.32,1.32,1.32,1.32,22287
NVT,20151104,4.33,4.37,4.28,4.3,848729
NWH,20151104,0.13,0.13,0.122,0.125,289072
NWS,20151104,21.98,21.98,21.64,21.75,156030
NWZ,20151104,0.044,0.053,0.037,0.052,4592727
NXR,20151104,0.061,0.061,0.055,0.055,818201
NXT,20151104,2.57,2.6,2.555,2.58,228113
OBJ,20151104,0.054,0.056,0.053,0.053,2006343
OCC,20151104,0.585,0.585,0.575,0.575,34798
OCL,20151104,1.685,1.775,1.685,1.75,8110
ODY,20151104,0.053,0.054,0.053,0.054,25900
OEC,20151104,0.6,0.6,0.59,0.6,130179
OEL,20151104,0.03,0.03,0.028,0.028,1615689
OEX,20151104,0.032,0.032,0.032,0.032,97062
OFX,20151104,2.9,2.91,2.83,2.87,1595790
OGC,20151104,2.66,2.72,2.65,2.7,706909
OGX,20151104,0.21,0.21,0.195,0.195,442118
OGY,20151104,0.013,0.013,0.012,0.012,559150
OHE,20151104,3.4,3.4,3.4,3.4,6800
OIL,20151104,0.039,0.039,0.039,0.039,100000
OKU,20151104,0.079,0.09,0.079,0.09,100000
OMH,20151104,0.14,0.15,0.14,0.14,38175
OML,20151104,3.55,3.55,3.5,3.51,254559
OMT,20151104,0.052,0.053,0.05,0.05,674104
ONT,20151104,7.3,7.36,7.25,7.25,2786
OOO,20151104,21.22,21.33,21.19,21.26,27866
OPG,20151104,0.43,0.43,0.43,0.43,202
ORA,20151104,2.35,2.355,2.28,2.3,3372633
ORE,20151104,1.8,1.82,1.76,1.81,182132
ORG,20151104,5.67,5.67,5.52,5.52,9956742
ORI,20151104,16.89,16.98,16.72,16.77,1187070
ORL,20151104,2.56,2.58,2.5,2.55,38577
ORN,20151104,0.018,0.018,0.018,0.018,40000
ORR,20151104,0.14,0.14,0.14,0.14,50000
ORX,20151104,0.037,0.037,0.037,0.037,25000
OSH,20151104,7.98,8.06,7.91,7.98,4000021
OSL,20151104,0.175,0.18,0.175,0.175,900713
OSP,20151104,0.28,0.29,0.28,0.28,185905
OTC,20151104,0.19,0.19,0.18,0.185,3455000
OTH,20151104,0.515,0.535,0.515,0.535,332
OVH,20151104,0.475,0.48,0.475,0.48,183870
OZF,20151104,20,20,20,20,1000
OZG,20151104,0.135,0.135,0.135,0.135,8000
OZL,20151104,4.65,4.73,4.62,4.67,1865880
OZR,20151104,7.19,7.2,7.17,7.17,5000
PAB,20151104,0.01,0.01,0.01,0.01,375354
PAC,20151104,7.69,7.84,7.63,7.82,34765
PAF,20151104,0.95,0.95,0.94,0.95,157249
PAI,20151104,1.025,1.03,1.02,1.03,161558
PAN,20151104,0.315,0.332,0.305,0.33,148818
PAR,20151104,0.3,0.3,0.28,0.28,15000
PBG,20151104,0.77,0.78,0.755,0.77,3963840
PBP,20151104,0.28,0.28,0.28,0.28,4400
PBT,20151104,0.12,0.12,0.115,0.115,39655
PCL,20151104,0.004,0.005,0.004,0.005,549161
PDN,20151104,0.25,0.265,0.25,0.26,13168234
PDZ,20151104,0.24,0.24,0.24,0.24,136071
PEA,20151104,0.41,0.41,0.39,0.39,34934
PEH,20151104,0.185,0.185,0.18,0.18,308866
PEK,20151104,0.064,0.064,0.061,0.061,144281
PEN,20151104,1.14,1.15,1.09,1.12,136866
PEP,20151104,3.62,3.63,3.6,3.63,28448
PEX,20151104,0.215,0.22,0.215,0.22,30509
PEZ,20151104,0.051,0.052,0.051,0.052,50000
PFG,20151104,0.105,0.105,0.105,0.105,100000
PFL,20151104,1.17,1.17,1.165,1.165,4071
PGC,20151104,0.61,0.64,0.605,0.625,246056
PGF,20151104,1.035,1.04,1.03,1.04,633015
PGH,20151104,5.24,5.25,5.15,5.23,801467
PGI,20151104,0.074,0.074,0.07,0.07,90884
PGL,20151104,0.2,0.22,0.2,0.22,12912
PGM,20151104,0.059,0.06,0.059,0.059,143500
PGR,20151104,0.635,0.635,0.635,0.635,941514
PGY,20151104,0.002,0.002,0.002,0.002,5250001
PHG,20151104,0.54,0.54,0.51,0.54,155128
PHK,20151104,0.03,0.033,0.03,0.033,1587480
PIC,20151104,0.99,0.99,0.985,0.99,127187
PIO,20151104,0.017,0.017,0.016,0.016,1465070
PIQ,20151104,0.44,0.445,0.43,0.44,51326
PLH,20151104,0.09,0.09,0.09,0.09,40000
PLP,20151104,0.004,0.004,0.004,0.004,12500
PLS,20151104,0.325,0.325,0.312,0.315,1216649
PMC,20151104,1.925,1.93,1.87,1.93,309315
PME,20151104,3.25,3.25,3.15,3.23,12024
PML,20151104,0.024,0.024,0.023,0.023,55000
PMP,20151104,0.525,0.525,0.5,0.515,272740
PMV,20151104,13.78,14.02,13.65,13.65,133510
PMY,20151104,0.011,0.011,0.011,0.011,498685
PNC,20151104,1.75,1.765,1.75,1.765,12119
PNN,20151104,0.014,0.014,0.014,0.014,40000
PNR,20151104,0.07,0.071,0.07,0.07,516975
PNV,20151104,0.135,0.135,0.135,0.135,10000
POH,20151104,0.015,0.016,0.015,0.016,3627122
POK,20151104,0.185,0.19,0.165,0.18,3845556
POP,20151104,0.025,0.025,0.025,0.025,60000
POS,20151104,0.053,0.053,0.052,0.052,1524945
POU,20151104,21.29,21.29,21.29,21.29,375
PPC,20151104,1,1.025,0.995,1,85521
PPL,20151104,0.5,0.5,0.5,0.5,135000
PPP,20151104,0.037,0.037,0.037,0.037,43300
PPS,20151104,0.33,0.335,0.325,0.33,425239
PPT,20151104,46,46,44.88,44.97,248732
PPX,20151104,0.033,0.038,0.033,0.038,864925
PPY,20151104,0.01,0.01,0.01,0.01,31364
PRG,20151104,2.92,2.96,2.9,2.93,543793
PRL,20151104,0.029,0.039,0.029,0.039,437163
PRO,20151104,2.46,2.46,2.33,2.41,153453
PRR,20151104,0.053,0.053,0.052,0.052,1668204
PRT,20151104,0.565,0.565,0.545,0.55,51880
PRU,20151104,0.35,0.375,0.345,0.37,1989091
PRY,20151104,3.74,3.79,3.73,3.76,2345610
PSA,20151104,0.094,0.096,0.094,0.094,149000
PSC,20151104,0.006,0.006,0.005,0.005,498424
PSF,20151104,0.014,0.014,0.014,0.014,2677223
PSY,20151104,0.175,0.18,0.175,0.18,596181
PSZ,20151104,0.985,0.99,0.975,0.99,176602
PTB,20151104,0.4,0.49,0.4,0.42,172855
PTL,20151104,0.48,0.48,0.48,0.48,44774
PTM,20151104,7.6,7.62,7.45,7.48,588916
PTX,20151104,0.05,0.06,0.05,0.06,229829
PVD,20151104,0.053,0.053,0.053,0.053,40904
PWN,20151104,0.026,0.027,0.026,0.027,213500
PXG,20151104,0.14,0.14,0.14,0.14,144958
PXS,20151104,0.23,0.23,0.225,0.225,63018
PYC,20151104,0.013,0.013,0.012,0.012,524000
PZC,20151104,0.008,0.008,0.008,0.008,128000
QAU,20151104,12,12,11.79,11.79,6788
QBE,20151104,13.4,13.52,13.35,13.39,2966175
QBL,20151104,0.013,0.013,0.012,0.012,2263790
QCB,20151104,10.1,10.11,10.1,10.11,641
QFN,20151104,11.09,11.09,11.07,11.07,1488
QHL,20151104,0.17,0.18,0.17,0.17,625247
QMN,20151104,0.007,0.007,0.007,0.007,16928
QMS,20151104,0.99,1,0.98,0.98,187797
QOZ,20151104,11.69,11.69,11.56,11.57,3600
QTG,20151104,0.005,0.005,0.005,0.005,1250000
QUB,20151104,2.38,2.38,2.335,2.35,3020090
QUR,20151104,0.028,0.028,0.028,0.028,307692
QVE,20151104,1.04,1.04,1.015,1.015,143795
RAP,20151104,0.079,0.084,0.074,0.078,11481405
RAW,20151104,0.035,0.035,0.035,0.035,1014000
RBR,20151104,0.01,0.01,0.01,0.01,550000
RBX,20151104,0.003,0.003,0.003,0.003,1000000
RCB,20151104,20.36,20.36,20.28,20.28,5007
RCF,20151104,0.006,0.006,0.006,0.006,379000
RCG,20151104,1.44,1.44,1.407,1.435,82620
RCR,20151104,2.35,2.36,2.31,2.31,45706
RCT,20151104,3.78,3.8,3.78,3.8,4738
RDF,20151104,0.28,0.28,0.28,0.28,5902
RDG,20151104,0.01,0.01,0.009,0.009,254686
RDM,20151104,0.039,0.04,0.039,0.04,80000
RDS,20151104,0.012,0.012,0.012,0.012,50000
RDV,20151104,28.5,28.65,28.19,28.19,10221
REA,20151104,50.05,50.39,49.58,50,597331
REC,20151104,7.7,7.77,7.57,7.58,662844
RED,20151104,0.065,0.068,0.064,0.067,732100
REF,20151104,0.125,0.125,0.125,0.125,228412
REG,20151104,5.95,5.99,5.85,5.87,394275
REH,20151104,34.07,34.07,33.91,33.91,7001
RES,20151104,0.06,0.06,0.06,0.06,100000
REX,20151104,0.88,0.905,0.88,0.905,36692
REY,20151104,0.06,0.06,0.06,0.06,39596
REZ,20151104,0.11,0.11,0.11,0.11,4925
RFF,20151104,1.305,1.31,1.27,1.285,341187
RFG,20151104,4.73,4.73,4.65,4.65,413425
RFL,20151104,0.155,0.16,0.155,0.155,34648
RFN,20151104,1.37,1.39,1.13,1.2,2809747
RFT,20151104,0.006,0.006,0.006,0.006,737600
RFX,20151104,0.24,0.24,0.24,0.24,10000
RGB,20151104,21.28,21.28,21.16,21.16,643
RGS,20151104,0.12,0.13,0.12,0.12,188740
RHC,20151104,62.5,62.82,61.65,61.8,494334
RHI,20151104,0.53,0.53,0.53,0.53,50000
RHL,20151104,3.58,3.58,3.55,3.55,12550
RHP,20151104,1.54,1.545,1.525,1.535,46087
RHT,20151104,0.032,0.032,0.032,0.032,17000
RIC,20151104,1.305,1.325,1.28,1.29,189438
RIE,20151104,0.01,0.01,0.01,0.01,858865
RIM,20151104,0.019,0.019,0.019,0.019,385700
RIO,20151104,51.18,51.39,50.74,50.85,1762326
RKN,20151104,2.4,2.42,2.38,2.42,144755
RLE,20151104,0.14,0.14,0.135,0.14,400000
RMD,20151104,8.19,8.2,8.11,8.13,2795225
RMI,20151104,0.001,0.001,0.001,0.001,800000
RMP,20151104,0.022,0.023,0.022,0.023,501232
RMR,20151104,0.002,0.002,0.002,0.002,201666
RMS,20151104,0.185,0.2,0.18,0.19,5287625
RMX,20151104,0.003,0.003,0.003,0.003,200000
RND,20151104,1.52,1.55,1.5,1.55,5564
RNI,20151104,0.019,0.019,0.019,0.019,1789951
RNO,20151104,0.029,0.03,0.027,0.028,2857805
RNT,20151104,0.195,0.215,0.195,0.21,1545064
RNU,20151104,0.016,0.016,0.016,0.016,29890
RNY,20151104,0.27,0.27,0.27,0.27,25000
RRL,20151104,2,2.13,1.94,2.09,2570398
RRS,20151104,0.01,0.01,0.009,0.009,1188007
RSG,20151104,0.35,0.36,0.342,0.355,1773075
RSM,20151104,20.73,20.73,20.62,20.62,1970
RTG,20151104,0.46,0.475,0.45,0.475,23500
RTR,20151104,0.016,0.016,0.016,0.016,481412
RUL,20151104,0.54,0.54,0.54,0.54,9000
RUM,20151104,0.055,0.057,0.055,0.057,200000
RVR,20151104,0.11,0.11,0.105,0.105,218281
RWD,20151104,0.7,0.7,0.7,0.7,352
RXH,20151104,0.21,0.21,0.2,0.2,139961
RXL,20151104,0.019,0.02,0.019,0.019,613983
RXM,20151104,0.086,0.086,0.085,0.085,202000
RXP,20151104,0.55,0.55,0.5,0.515,540787
RYG,20151104,0.027,0.028,0.023,0.023,63076455
S2R,20151104,0.17,0.18,0.17,0.175,2180192
S32,20151104,1.475,1.487,1.46,1.48,18517034
SAI,20151104,4.45,4.48,4.4,4.4,420224
SAR,20151104,0.55,0.59,0.55,0.57,2264940
SBB,20151104,0.041,0.041,0.038,0.038,238171
SBM,20151104,1.21,1.345,1.2,1.335,3252116
SBN,20151104,0.007,0.007,0.007,0.007,913486
SCG,20151104,4.18,4.205,4.15,4.16,14414889
SCI,20151104,0.03,0.03,0.03,0.03,70000
SCP,20151104,2.06,2.08,2.04,2.06,1464745
SDA,20151104,4.8,4.89,4.76,4.84,516580
SDF,20151104,1.545,1.555,1.525,1.53,704641
SDG,20151104,1.63,1.68,1.63,1.68,84658
SDI,20151104,0.6,0.61,0.6,0.61,69064
SDL,20151104,0.018,0.018,0.016,0.018,352036
SDM,20151104,0.8,0.8,0.76,0.8,235371
SEA,20151104,0.32,0.332,0.315,0.325,1192815
SEG,20151104,0.002,0.002,0.002,0.002,1800000
SEH,20151104,0.086,0.088,0.083,0.084,1640213
SEK,20151104,13.5,13.57,13.4,13.53,1653571
SEN,20151104,0.165,0.167,0.16,0.16,1631519
SER,20151104,0.024,0.024,0.024,0.024,23992
SES,20151104,0.175,0.175,0.17,0.17,50000
SFC,20151104,4.67,4.68,4.67,4.68,311
SFG,20151104,0.06,0.06,0.06,0.06,206073
SFH,20151104,0.53,0.53,0.53,0.53,55005
SFI,20151104,0.054,0.054,0.054,0.054,351092
SFL,20151104,0.335,0.34,0.335,0.34,25000
SFN,20151104,0.2,0.2,0.2,0.2,10000
SFR,20151104,6.48,6.5,6.38,6.44,772746
SFX,20151104,0.54,0.54,0.5,0.5,122804
SFY,20151104,51.5,51.84,51.07,51.07,11884
SGF,20151104,2.85,2.87,2.79,2.86,73001
SGH,20151104,2.74,2.75,2.7,2.71,2190801
SGM,20151104,10.12,10.25,9.96,10.01,822776
SGN,20151104,0.745,0.755,0.715,0.715,444384
SGP,20151104,4.09,4.12,4,4.01,8622965
SGQ,20151104,0.097,0.097,0.096,0.096,395450
SHE,20151104,0.022,0.025,0.022,0.025,282662
SHJ,20151104,2.2,2.21,2.15,2.18,162239
SHL,20151104,19.49,19.63,19.22,19.27,1291493
SHM,20151104,0.855,0.855,0.855,0.855,1120333
SHP,20151104,0.013,0.013,0.013,0.013,120000
SHV,20151104,10.4,10.59,10.4,10.48,260675
SIH,20151104,0.009,0.011,0.009,0.011,580988
SIO,20151104,1.17,1.17,1.14,1.14,530405
SIP,20151104,0.83,0.84,0.82,0.82,1089606
SIQ,20151104,3.6,3.63,3.5,3.56,70765
SIV,20151104,9.78,9.79,9.6,9.7,19106
SKB,20151104,0.355,0.355,0.355,0.355,13000
SKC,20151104,3.77,3.78,3.72,3.74,514993
SKF,20151104,0.17,0.17,0.17,0.17,28933
SKI,20151104,2.09,2.11,2.06,2.08,6011364
SKT,20151104,4.27,4.29,4.21,4.26,1298922
SLC,20151104,2.2,2.2,2.2,2.2,20933
SLF,20151104,12.05,12.05,11.93,11.94,33857
SLK,20151104,3.75,3.75,3.62,3.62,124593
SLM,20151104,0.79,0.79,0.785,0.785,19000
SLR,20151104,0.215,0.225,0.21,0.225,3818728
SLX,20151104,0.445,0.455,0.44,0.445,154115
SMA,20151104,0.045,0.045,0.043,0.043,5380059
SMD,20151104,0.008,0.008,0.006,0.007,1026355
SMN,20151104,0.6,0.655,0.6,0.63,880649
SMR,20151104,0.17,0.19,0.17,0.19,116067
SMX,20151104,4.81,4.88,4.81,4.83,268928
SND,20151104,0.605,0.605,0.6,0.605,988657
SNL,20151104,1.9,2.15,1.9,2.14,21474
SNZ,20151104,3.7,3.7,3.7,3.7,300
SOC,20151104,0.003,0.003,0.003,0.003,1299000
SOL,20151104,16.19,16.38,15.95,16.02,54071
SOM,20151104,2.83,2.83,2.76,2.76,18000
SOR,20151104,0.175,0.19,0.175,0.18,1380758
SPB,20151104,0.05,0.05,0.05,0.05,26530
SPK,20151104,3.18,3.185,3.13,3.17,1064217
SPL,20151104,0.7,0.7,0.685,0.69,100787
SPO,20151104,2.18,2.2,2.14,2.16,3352670
SPX,20151104,0.004,0.004,0.004,0.004,112523
SPZ,20151104,0.145,0.145,0.145,0.145,30586
SRF,20151104,1.76,1.77,1.75,1.75,194776
SRI,20151104,0.033,0.033,0.032,0.032,177904
SRQ,20151104,0.005,0.005,0.005,0.005,178800
SRT,20151104,0.016,0.017,0.016,0.017,4578144
SRV,20151104,6.85,6.88,6.745,6.83,23457
SRX,20151104,38.3,38.95,38.16,38.5,259167
SRY,20151104,0.057,0.057,0.057,0.057,540547
SSM,20151104,0.375,0.38,0.37,0.375,475654
SSN,20151104,0.007,0.007,0.007,0.007,7056039
SSO,20151104,11.4,11.43,11.4,11.43,15485
STA,20151104,0.006,0.007,0.006,0.006,6257040
STO,20151104,6.34,6.34,5.96,5.99,6971785
STW,20151104,50.12,50.4,49.63,49.66,85414
STX,20151104,0.13,0.13,0.122,0.125,686226
SUD,20151104,0.029,0.03,0.028,0.03,1673461
SUH,20151104,0.005,0.005,0.005,0.005,69966
SUL,20151104,9.72,9.79,9.63,9.71,804907
SUN,20151104,13.2,13.28,13.07,13.12,3687057
SUR,20151104,0.002,0.002,0.001,0.001,1750000
SVA,20151104,0.44,0.44,0.44,0.44,2500
SVL,20151104,0.001,0.001,0.001,0.001,250000
SVM,20151104,0.09,0.09,0.09,0.09,100000
SVW,20151104,5.09,5.17,5.03,5.09,403867
SWE,20151104,0.054,0.054,0.054,0.054,60000
SWK,20151104,0.115,0.115,0.115,0.115,40000
SWL,20151104,1.18,1.19,1.15,1.19,119500
SWM,20151104,0.695,0.72,0.692,0.705,3013499
SXA,20151104,0.065,0.065,0.065,0.065,46135
SXE,20151104,0.355,0.355,0.35,0.35,100000
SXL,20151104,1.02,1.09,1.017,1.075,7685201
SXY,20151104,0.2,0.21,0.2,0.205,5904097
SYA,20151104,0.023,0.023,0.022,0.022,1837462
SYD,20151104,6.53,6.53,6.39,6.41,4511513
SYI,20151104,27.27,27.36,27.03,27.03,11556
SYP,20151104,0.006,0.006,0.006,0.006,4316
SYR,20151104,3.12,3.16,3.04,3.08,804596
TAH,20151104,4.64,4.66,4.58,4.58,5515972
TAM,20151104,0.064,0.064,0.064,0.064,37324
TAP,20151104,0.23,0.235,0.23,0.235,25000
TAS,20151104,0.059,0.059,0.059,0.059,19125
TAW,20151104,0.005,0.005,0.005,0.005,100000
TBR,20151104,3.82,3.82,3.82,3.82,1000
TCH,20151104,1.85,1.85,1.825,1.825,29858
TCL,20151104,10.55,10.605,10.42,10.5,3388570
TCN,20151104,0.089,0.089,0.089,0.089,10000
TDO,20151104,0.085,0.085,0.079,0.08,342500
TEN,20151104,0.17,0.17,0.165,0.17,1954400
TFC,20151104,1.71,1.72,1.695,1.7,854679
TGA,20151104,2.15,2.15,2.11,2.12,572963
TGG,20151104,1.3,1.31,1.295,1.31,170906
TGP,20151104,1.015,1.02,1.01,1.01,361687
TGR,20151104,4.26,4.28,4.17,4.17,614968
TGS,20151104,0.071,0.072,0.068,0.068,3542487
THO,20151104,0.004,0.006,0.004,0.006,531396
THR,20151104,0.001,0.002,0.001,0.001,3983644
THX,20151104,0.07,0.07,0.069,0.07,247882
TIG,20151104,0.05,0.05,0.05,0.05,64147
TIX,20151104,2.4,2.43,2.4,2.41,826333
TKL,20151104,0.018,0.02,0.018,0.02,266666
TLG,20151104,0.37,0.38,0.36,0.365,139995
TLM,20151104,0.6,0.6,0.57,0.57,275455
TLS,20151104,5.44,5.45,5.32,5.33,26942825
TME,20151104,3.45,3.59,3.45,3.55,1202289
TMP,20151104,0.63,0.64,0.62,0.62,186904
TNE,20151104,3.85,3.89,3.84,3.89,242305
TNG,20151104,0.16,0.17,0.16,0.165,1532276
TNP,20151104,0.007,0.007,0.007,0.007,28000
TNR,20151104,0.29,0.325,0.29,0.3,58043
TOE,20151104,0.071,0.073,0.071,0.073,1141458
TOF,20151104,2.01,2.03,2.01,2.02,181877
TOM,20151104,0.13,0.135,0.125,0.135,124536
TOP,20151104,0.525,0.525,0.51,0.51,183033
TOT,20151104,1.03,1.03,1.02,1.02,35629
TOX,20151104,2.96,2.97,2.9,2.9,48192
TPE,20151104,3.3,3.4,3.2,3.4,12513
TPI,20151104,0.69,0.7,0.66,0.68,2668091
TPM,20151104,11.21,11.25,10.9,11.01,1631683
TPP,20151104,0.1,0.1,0.099,0.1,204827
TPR,20151104,0.018,0.018,0.018,0.018,1803667
TPS,20151104,0.023,0.023,0.023,0.023,121752
TRS,20151104,12.1,12.1,11.52,11.64,133003
TRY,20151104,0.29,0.3,0.287,0.3,261393
TSN,20151104,0.009,0.009,0.009,0.009,1055000
TSV,20151104,0.057,0.058,0.056,0.056,2523655
TTC,20151104,0.51,0.51,0.51,0.51,25000
TTE,20151104,0.03,0.03,0.03,0.03,765615
TTI,20151104,0.041,0.041,0.041,0.041,12500
TTN,20151104,0.049,0.058,0.049,0.058,14200
TTS,20151104,3.91,3.97,3.87,3.89,2812931
TWD,20151104,3.5,3.53,3.48,3.53,34392
TWE,20151104,7.22,7.3,7.12,7.28,4169442
TYX,20151104,0.03,0.03,0.03,0.03,4000
TZL,20151104,0.07,0.07,0.07,0.07,307960
TZN,20151104,0.185,0.185,0.185,0.185,14226
UBI,20151104,0.4,0.4,0.4,0.4,150000
UBJ,20151104,20.8,20.8,20.77,20.77,481
UBN,20151104,0.52,0.52,0.47,0.5,829336
UBW,20151104,21.57,21.57,21.57,21.57,773
UCM,20151104,0.185,0.19,0.185,0.19,67382
UGL,20151104,2.61,2.68,2.46,2.54,917558
UML,20151104,0.02,0.02,0.019,0.019,1247760
UNS,20151104,0.2,0.22,0.19,0.22,1353447
UNV,20151104,0.2,0.205,0.195,0.2,602786
URF,20151104,2.2,2.2,2.2,2.2,18301
USD,20151104,13.63,13.63,13.55,13.59,172964
USG,20151104,2.49,2.49,2.47,2.47,12146
USR,20151104,0.68,0.68,0.68,0.68,23775
UXC,20151104,1.215,1.22,1.18,1.18,437567
VAF,20151104,49.72,49.72,49.58,49.58,17878
VAH,20151104,0.48,0.48,0.475,0.48,151114
VAP,20151104,74.62,76.11,74.62,75.12,10669
VAR,20151104,0.03,0.033,0.03,0.033,26473
VAS,20151104,66.88,67.62,66.69,66.7,29922
VCX,20151104,2.93,2.96,2.91,2.92,7075200
VED,20151104,2.66,2.67,2.65,2.67,1642224
VET,20151104,0.125,0.13,0.12,0.125,72151
VEU,20151104,63.98,64.35,63.9,63.99,16959
VGB,20151104,49.13,49.13,49.05,49.13,13089
VGE,20151104,56.2,56.79,56.16,56.79,1097
VGL,20151104,4.95,4.95,4.95,4.95,2747
VGS,20151104,60.24,60.66,60.24,60.38,6279
VHY,20151104,58.1,58.91,58.06,58.25,33009
VIC,20151104,0.014,0.015,0.013,0.015,4486643
VIT,20151104,3.15,3.19,3.13,3.16,1091020
VKA,20151104,0.011,0.013,0.011,0.011,896000
VLA,20151104,0.59,0.59,0.58,0.585,100700
VLC,20151104,57.36,57.44,57.32,57.44,2009
VLW,20151104,1.99,2,1.97,2,199391
VMS,20151104,0.021,0.022,0.021,0.022,59054
VMT,20151104,0.26,0.265,0.26,0.265,101697
VMX,20151104,0.15,0.16,0.15,0.16,36000
VMY,20151104,0.34,0.35,0.34,0.35,2000
VOC,20151104,6.85,6.88,6.76,6.8,677153
VRL,20151104,7.64,7.67,7.56,7.65,415508
VRT,20151104,6.28,6.44,6.26,6.41,232495
VRX,20151104,0.031,0.031,0.031,0.031,100000
VSC,20151104,1.06,1.06,1.06,1.06,650
VSO,20151104,44.5,44.82,44.2,44.2,2623
VTG,20151104,1.73,1.73,1.67,1.67,154039
VTM,20151104,0.011,0.011,0.011,0.011,596514
VTS,20151104,150.96,150.96,150.29,150.35,5648
VTX,20151104,0.046,0.046,0.045,0.045,1703356
VXL,20151104,0.16,0.16,0.15,0.16,212394
VXR,20151104,0.007,0.008,0.007,0.008,3687542
WAA,20151104,0.98,0.98,0.97,0.97,76130
WAM,20151104,1.95,1.965,1.945,1.955,787033
WAT,20151104,1.085,1.085,1.085,1.085,5231
WAX,20151104,1.24,1.25,1.215,1.245,239215
WBA,20151104,1.35,1.35,1.325,1.325,137496
WBC,20151104,31.8,31.94,31.25,31.27,7331722
WCB,20151104,9.6,9.6,9.6,9.6,1000
WCN,20151104,0.008,0.008,0.007,0.007,8757759
WDE,20151104,0.84,0.865,0.825,0.86,140407
WEB,20151104,5,5.055,4.95,5.05,131315
WEL,20151104,0.14,0.14,0.14,0.14,51500
WES,20151104,39.67,39.84,39.18,39.3,2007941
WFD,20151104,10.39,10.49,10.32,10.36,6054845
WGO,20151104,0.005,0.005,0.005,0.005,800000
WHC,20151104,1.085,1.14,1.085,1.11,2288905
WHE,20151104,0.17,0.18,0.165,0.18,327307
WHF,20151104,4.24,4.26,4.23,4.26,64719
WHN,20151104,0.001,0.001,0.001,0.001,21100000
WIC,20151104,0.845,0.85,0.84,0.84,125977
WIG,20151104,0.98,0.98,0.98,0.98,890
WIN,20151104,0.079,0.08,0.076,0.076,26907
WKT,20151104,0.01,0.01,0.009,0.009,6791816
WLC,20151104,0.007,0.007,0.007,0.007,87000
WLF,20151104,0.3,0.3,0.3,0.3,25000
WLL,20151104,4.62,4.63,4.55,4.55,7660
WMK,20151104,0.935,0.94,0.935,0.935,242216
WMN,20151104,0.155,0.155,0.15,0.15,195000
WNH,20151104,0.16,0.16,0.15,0.15,120000
WOR,20151104,6.95,6.99,6.7,6.75,1316206
WOW,20151104,24.01,24.1,23.82,24,13752229
WPG,20151104,0.032,0.035,0.032,0.035,1507011
WPI,20151104,0.025,0.025,0.024,0.024,305124
WPL,20151104,30.81,30.92,30.24,30.34,2472609
WRR,20151104,0.395,0.415,0.395,0.4,96500
WSA,20151104,2.5,2.53,2.445,2.45,1641644
WTP,20151104,0.96,0.97,0.96,0.965,191271
WTR,20151104,0.025,0.025,0.024,0.024,120607
XAM,20151104,0.135,0.135,0.135,0.135,1009
XPD,20151104,0.15,0.16,0.15,0.16,279300
XRF,20151104,0.205,0.205,0.205,0.205,68000
XRO,20151104,16.3,16.65,16.12,16.57,165588
XTD,20151104,0.145,0.145,0.145,0.145,80774
XTE,20151104,0.43,0.43,0.42,0.42,13500
XTV,20151104,0.014,0.014,0.014,0.014,1567339
YAL,20151104,0.11,0.11,0.11,0.11,4468
YBR,20151104,0.375,0.375,0.345,0.35,324349
YOW,20151104,1.185,1.21,1.15,1.175,1097485
YPB,20151104,0.33,0.36,0.33,0.335,165085
YRR,20151104,0.011,0.011,0.011,0.011,80000
ZGL,20151104,0.18,0.18,0.17,0.18,13084
ZIM,20151104,4.25,4.25,4.25,4.25,455000
ZIP,20151104,0.89,0.91,0.88,0.9,194246
ZML,20151104,0.38,0.39,0.38,0.39,52800
ZNC,20151104,0.039,0.039,0.039,0.039,119736
ZNZ,20151104,6.24,6.24,6.15,6.19,1791
ZRL,20151104,0.021,0.021,0.021,0.021,677347
XAF,20151104,5239.9,5318.5,5235.4,5241.8,0
XAO,20151104,5291.1,5361.4,5288.2,5294.8,0
XAT,20151104,5186.3,5260.1,5182.9,5189.5,0
XDJ,20151104,1877.3,1896,1870.5,1874.2,0
XEC,20151104,1085.4,1093.1,1084.7,1092.9,0
XEJ,20151104,8941.2,9103.1,8935.7,8945.6,0
XFJ,20151104,6049.9,6149.3,6044.4,6048.6,0
XFL,20151104,5295.8,5375.5,5291.9,5298.4,0
XGD,20151104,2541.6,2591,2493.3,2591,0
XHJ,20151104,18805.7,19007.4,18724.2,18761.8,0
XIJ,20151104,742.5,748.8,740.5,742.5,0
XJO,20151104,5239.2,5313.7,5235.6,5242.3,0
XJR,20151104,2816.6,2881.3,2816.6,2849.6,0
XKO,20151104,5192.6,5264.8,5189.4,5196,0
XMD,20151104,5076.5,5137.3,5056.1,5069.7,0
XMJ,20151104,7957.8,8120.3,7957.8,8032.5,0
XMM,20151104,2280.7,2342.7,2280.7,2319.2,0
XNJ,20151104,4884.2,4926.3,4866,4882.2,0
XPJ,20151104,1292.2,1317.6,1292.2,1300.5,0
XSJ,20151104,8289.4,8399,8289.4,8336.5,0
XSO,20151104,2118,2139.2,2118,2127.9,0
XTJ,20151104,1958.6,1976.9,1930.7,1934.8,0
XTL,20151104,3128.5,3179,3128.5,3132.2,0
XTO,20151104,4354.7,4418.5,4350.1,4355.8,0
XUJ,20151104,6978.9,7020.4,6924,6948.3,0
XXJ,20151104,6892.1,7002.5,6877.1,6881.8,0
