1PG,20150813,2.68,2.96,2.68,2.95,1347025
1ST,20150813,0.135,0.135,0.13,0.13,210725
3DM,20150813,0.089,0.089,0.087,0.087,131070
3PL,20150813,2.05,2.14,2.02,2.04,131393
88E,20150813,0.011,0.011,0.011,0.011,5143242
A2M,20150813,0.72,0.73,0.72,0.72,187046
AAA,20150813,50.13,50.13,50.11,50.11,48490
AAC,20150813,1.36,1.37,1.307,1.33,1860656
AAD,20150813,2.25,2.29,2.25,2.29,1829647
AAJ,20150813,0.01,0.01,0.008,0.008,150000
AAK,20150813,0.001,0.001,0.001,0.001,69000
AAP,20150813,0.011,0.011,0.011,0.011,100000
AAX,20150813,0.385,0.385,0.38,0.38,33739
ABA,20150813,5.31,5.42,5.31,5.38,6300
ABC,20150813,4.57,4.63,4.54,4.58,1609374
ABP,20150813,3.02,3.07,3,3.07,803035
ABU,20150813,0.225,0.225,0.22,0.22,251997
ABV,20150813,0.006,0.006,0.006,0.006,311786
ABW,20150813,0.97,0.99,0.97,0.99,56673
ABX,20150813,0.205,0.22,0.2,0.205,467874
ABY,20150813,0.165,0.17,0.165,0.17,25472
ACG,20150813,0.22,0.22,0.215,0.215,266320
ACL,20150813,0.036,0.036,0.036,0.036,38000
ACO,20150813,2.46,2.46,2.46,2.46,24462
ACQ,20150813,0.74,0.74,0.74,0.74,70000
ACR,20150813,0.705,0.755,0.7,0.73,2696234
ACU,20150813,0.081,0.081,0.079,0.081,351546
ACW,20150813,0.064,0.064,0.064,0.064,226750
ACX,20150813,4.19,4.21,4.13,4.15,208359
ADA,20150813,0.93,0.93,0.87,0.9,42143
ADH,20150813,2.86,2.89,2.84,2.88,51468
ADJ,20150813,0.087,0.088,0.086,0.088,490950
ADO,20150813,0.099,0.105,0.098,0.1,1041059
ADV,20150813,0.006,0.006,0.006,0.006,197857
ADX,20150813,0.003,0.003,0.003,0.003,14333
ADY,20150813,0.018,0.018,0.018,0.018,42800
AEB,20150813,0.048,0.05,0.048,0.05,61000
AEE,20150813,0.019,0.019,0.019,0.019,40102
AEF,20150813,59.2,59.2,59.2,59.2,67
AER,20150813,0.125,0.13,0.125,0.13,94500
AFG,20150813,1.15,1.15,1.135,1.14,9812
AFI,20150813,6.16,6.2,6.11,6.11,379117
AFJ,20150813,0.82,0.825,0.82,0.82,243837
AFR,20150813,0.053,0.053,0.045,0.048,392837
AGE,20150813,0.039,0.039,0.039,0.039,69450
AGF,20150813,1.35,1.36,1.33,1.355,557666
AGG,20150813,1.835,1.92,1.835,1.915,7908
AGI,20150813,2.87,2.87,2.76,2.81,832396
AGJ,20150813,0.085,0.085,0.085,0.085,10000
AGL,20150813,16.3,16.85,16.3,16.7,2912581
AGO,20150813,0.029,0.03,0.029,0.03,6837274
AGS,20150813,0.13,0.135,0.13,0.135,1682328
AGX,20150813,0.013,0.013,0.013,0.013,894203
AGY,20150813,0.003,0.003,0.003,0.003,8100
AHA,20150813,0.007,0.007,0.007,0.007,364748
AHD,20150813,12.58,12.59,12.32,12.47,31422
AHF,20150813,0.15,0.155,0.15,0.15,283139
AHG,20150813,4.14,4.24,4.14,4.14,842786
AHK,20150813,0.05,0.05,0.05,0.05,36460
AHL,20150813,0.425,0.425,0.41,0.41,38235
AHY,20150813,1.635,1.67,1.63,1.64,2491183
AHZ,20150813,0.076,0.078,0.073,0.077,2421141
AIA,20150813,4.71,4.71,4.6,4.66,129485
AIO,20150813,8.11,8.18,8.1,8.1,2684018
AIQ,20150813,0.115,0.115,0.115,0.115,16422
AIZ,20150813,2.35,2.35,2.35,2.35,15000
AJA,20150813,5.1,5.2,5.07,5.2,17519
AJC,20150813,0.002,0.002,0.002,0.002,55000
AJD,20150813,1.255,1.275,1.255,1.275,23797
AJL,20150813,0.35,0.36,0.33,0.33,77719
AJM,20150813,0.015,0.02,0.015,0.019,1729180
AJQ,20150813,0.045,0.046,0.045,0.046,285000
AJX,20150813,0.85,0.86,0.83,0.85,1390052
AKF,20150813,0.08,0.08,0.08,0.08,293873
AKK,20150813,0.023,0.023,0.023,0.023,66806
AKM,20150813,0.019,0.019,0.016,0.016,295650
AKP,20150813,8.38,8.38,8.2,8.2,780
ALA,20150813,0.095,0.105,0.095,0.105,62948
ALF,20150813,1.35,1.35,1.32,1.325,120339
ALI,20150813,2,2,1.98,1.98,76606
ALK,20150813,0.235,0.235,0.235,0.235,10206
ALL,20150813,8.52,8.57,8.42,8.44,2134290
ALQ,20150813,4.96,5.03,4.94,4.99,2806433
ALR,20150813,1.125,1.125,1.12,1.12,50130
ALT,20150813,0.007,0.007,0.007,0.007,1188748
ALU,20150813,4.07,4.21,4.05,4.1,241290
AMA,20150813,0.69,0.715,0.68,0.715,314952
AMC,20150813,13.55,13.59,13.37,13.39,3884196
AMH,20150813,0.875,0.875,0.87,0.87,18740
AMN,20150813,0.205,0.205,0.2,0.2,75000
AMP,20150813,6.25,6.35,6.24,6.26,4244830
ANG,20150813,0.47,0.47,0.47,0.47,27650
ANI,20150813,2.32,2.34,2.32,2.33,4750
ANN,20150813,20.7,20.86,20.12,20.2,1490388
ANP,20150813,0.09,0.09,0.09,0.09,90571
ANQ,20150813,0.002,0.002,0.002,0.002,454000
ANW,20150813,0.005,0.005,0.005,0.005,149500
ANZ,20150813,29.73,30.11,29.61,29.76,6324456
AOD,20150813,0.83,0.83,0.83,0.83,45944
AOG,20150813,2.8,2.84,2.78,2.84,1886704
AOH,20150813,0.1,0.105,0.1,0.1,381327
AOK,20150813,0.073,0.075,0.073,0.075,147766
AON,20150813,0.046,0.047,0.046,0.047,28891
AOW,20150813,0.165,0.165,0.165,0.165,21000
APA,20150813,8.65,8.75,8.63,8.63,2761552
APE,20150813,10.56,10.59,10.37,10.37,24258
API,20150813,1.5,1.57,1.5,1.55,262756
APN,20150813,0.66,0.685,0.66,0.675,901857
APO,20150813,3.04,3.08,3.01,3.05,76658
APW,20150813,0.13,0.13,0.13,0.13,284640
APX,20150813,0.78,0.79,0.775,0.78,128199
APY,20150813,0.003,0.004,0.003,0.004,1370000
APZ,20150813,1.32,1.32,1.31,1.31,11928
AQC,20150813,0.004,0.004,0.004,0.004,731364
AQG,20150813,2.99,3.01,2.97,2.98,240164
AQJ,20150813,0.004,0.004,0.004,0.004,5000000
AQP,20150813,0.15,0.15,0.135,0.135,1670074
AQR,20150813,0.056,0.056,0.056,0.056,45000
AQZ,20150813,0.52,0.53,0.515,0.515,64990
ARB,20150813,13.63,14.44,13.5,13.95,237417
ARC,20150813,0.5,0.5,0.5,0.5,870
ARF,20150813,1.58,1.585,1.56,1.57,142458
ARG,20150813,8.24,8.28,8.15,8.27,112663
ARI,20150813,0.125,0.125,0.12,0.125,5718791
ARM,20150813,0.027,0.027,0.027,0.027,6000
ARO,20150813,0.025,0.025,0.025,0.025,3876
ARU,20150813,0.047,0.047,0.047,0.047,106000
ARW,20150813,0.23,0.24,0.22,0.24,47850
ASB,20150813,2.03,2.05,1.925,1.925,309470
ASH,20150813,0.56,0.56,0.55,0.55,12400
ASL,20150813,0.27,0.275,0.26,0.265,458795
AST,20150813,1.355,1.37,1.355,1.365,4936710
ASX,20150813,42,42.45,42,42.1,713849
ASZ,20150813,0.99,1.01,0.98,1.01,243724
ATC,20150813,0.095,0.11,0.095,0.1,460507
ATE,20150813,0.19,0.205,0.19,0.19,472721
ATP,20150813,0.039,0.039,0.038,0.038,27400
ATU,20150813,0.53,0.535,0.525,0.525,38000
AUB,20150813,8.7,8.7,8.55,8.66,8718
AUC,20150813,0.042,0.042,0.042,0.042,50000
AUF,20150813,1.37,1.43,1.37,1.43,97738
AUI,20150813,8.35,8.35,8.35,8.35,3879
AUP,20150813,5.41,5.41,5.41,5.41,5000
AUQ,20150813,0.021,0.024,0.021,0.023,935000
AUZ,20150813,0.006,0.006,0.006,0.006,12174420
AVB,20150813,0.06,0.062,0.059,0.06,779260
AVD,20150813,0.04,0.04,0.04,0.04,115
AVG,20150813,0.39,0.4,0.385,0.4,64010
AVH,20150813,0.08,0.08,0.075,0.075,22093
AVJ,20150813,0.64,0.65,0.64,0.64,28897
AVQ,20150813,0.375,0.385,0.36,0.37,787863
AVX,20150813,0.007,0.008,0.007,0.008,332949
AVZ,20150813,0.008,0.008,0.008,0.008,850000
AWC,20150813,1.36,1.38,1.345,1.355,11893058
AWD,20150813,0.03,0.031,0.025,0.028,37367953
AWE,20150813,1.135,1.14,1.105,1.11,3375230
AXE,20150813,0.105,0.11,0.1,0.11,151682
AXP,20150813,0.77,0.8,0.77,0.8,183087
AYB,20150813,0.025,0.025,0.025,0.025,39200
AYC,20150813,0.05,0.053,0.05,0.053,647557
AYF,20150813,6.24,6.24,6.24,6.24,625
AYK,20150813,64.82,64.82,64.82,64.82,80
AYR,20150813,0.005,0.005,0.005,0.005,100000
AYS,20150813,2.08,2.08,2.05,2.06,51137
AYZ,20150813,84.81,84.81,84.81,84.81,85
AZJ,20150813,4.98,5.12,4.98,5.04,5064761
AZM,20150813,0.025,0.025,0.025,0.025,337000
AZS,20150813,0.011,0.011,0.011,0.011,400000
AZV,20150813,0.155,0.155,0.155,0.155,111253
AZY,20150813,0.007,0.007,0.007,0.007,600000
AZZ,20150813,0.105,0.105,0.105,0.105,37534
BAF,20150813,1.02,1.02,1.02,1.02,80827
BAL,20150813,5,5,4.84,4.9,257073
BAP,20150813,3.53,3.535,3.43,3.47,893984
BAR,20150813,0.008,0.008,0.008,0.008,293505
BAS,20150813,0.003,0.003,0.003,0.003,29999
BAU,20150813,0.059,0.059,0.057,0.057,68685
BBG,20150813,0.545,0.55,0.54,0.54,557409
BBL,20150813,0.33,0.33,0.33,0.33,5000
BBX,20150813,0.012,0.012,0.01,0.01,699157
BCI,20150813,0.265,0.275,0.262,0.265,436062
BCT,20150813,0.036,0.036,0.036,0.036,28000
BDR,20150813,0.15,0.16,0.15,0.155,9548887
BEAR,20150813,17.68,17.7,17.51,17.6,57900
BEN,20150813,12.02,12.16,12.02,12.1,2500152
BFG,20150813,0.47,0.48,0.47,0.48,32500
BGA,20150813,4.53,4.6,4.52,4.56,77487
BGC,20150813,0.165,0.18,0.165,0.18,10001
BGD,20150813,0.013,0.013,0.013,0.013,601435
BGH,20150813,0.022,0.022,0.022,0.022,41000
BGL,20150813,0.675,0.68,0.66,0.66,220347
BGS,20150813,0.007,0.007,0.007,0.007,4169175
BHP,20150813,25.68,25.97,25.51,25.51,7764910
BIG,20150813,0.2,0.2,0.2,0.2,24900
BIT,20150813,0.099,0.105,0.097,0.1,221857
BKI,20150813,1.69,1.71,1.685,1.71,175862
BKL,20150813,89.59,91.79,89.49,89.73,19944
BKN,20150813,1.05,1.095,1.04,1.085,803253
BKP,20150813,0.001,0.001,0.001,0.001,171010
BKT,20150813,0.045,0.046,0.043,0.046,346000
BKW,20150813,14.99,15,14.82,14.9,27813
BKY,20150813,0.36,0.365,0.36,0.36,292077
BLA,20150813,4.8,4.8,4.7,4.7,23262
BLD,20150813,6.6,6.6,6.53,6.55,2825651
BLG,20150813,0.105,0.11,0.093,0.094,7754241
BLK,20150813,0.16,0.165,0.16,0.16,300549
BLR,20150813,0.002,0.003,0.002,0.003,88401947
BLT,20150813,0.79,0.8,0.77,0.78,55972
BLX,20150813,2.07,2.15,2.05,2.07,33072
BLY,20150813,0.1,0.1,0.097,0.099,564268
BMH,20150813,0.21,0.21,0.21,0.21,25000
BML,20150813,0.007,0.007,0.007,0.007,1963624
BMN,20150813,0.04,0.04,0.04,0.04,172980
BMZ,20150813,0.02,0.02,0.019,0.019,95000
BNE,20150813,0.011,0.011,0.01,0.01,460944
BNO,20150813,0.46,0.46,0.45,0.45,115143
BNR,20150813,0.025,0.025,0.025,0.025,49999
BOA,20150813,0.2,0.2,0.2,0.2,20000
BOC,20150813,0.32,0.32,0.3,0.3,21864
BOE,20150813,0.015,0.015,0.015,0.015,498016
BOK,20150813,0.23,0.23,0.225,0.225,99676
BOL,20150813,0.115,0.115,0.115,0.115,374816
BOQ,20150813,13.19,13.23,13.01,13.03,1647207
BPF,20150813,0.26,0.26,0.25,0.25,77972
BPH,20150813,0.005,0.007,0.005,0.007,57850
BPS,20150813,0.7,0.7,0.7,0.7,32593
BPT,20150813,0.875,0.89,0.825,0.83,14235366
BRC,20150813,0.2,0.2,0.2,0.2,50000
BRD,20150813,0.001,0.001,0.001,0.001,300000
BRG,20150813,6.57,6.68,6.44,6.54,363638
BRK,20150813,0.002,0.002,0.001,0.001,689892
BRL,20150813,0.017,0.017,0.017,0.017,536905
BRU,20150813,0.345,0.355,0.34,0.35,417339
BSL,20150813,3.52,3.6,3.5,3.52,2688335
BSM,20150813,0.007,0.008,0.007,0.008,600000
BSR,20150813,0.011,0.011,0.011,0.011,391618
BST,20150813,0.85,0.85,0.85,0.85,5882
BTI,20150813,0.8,0.8,0.8,0.8,3000
BTT,20150813,9.52,9.56,9.17,9.38,1158951
BUG,20150813,0.58,0.58,0.555,0.555,5872
BUL,20150813,0.018,0.018,0.017,0.018,319204
BUX,20150813,0.255,0.265,0.235,0.235,4473356
BUY,20150813,0.01,0.01,0.01,0.01,450000
BWP,20150813,3.23,3.26,3.2,3.24,2707215
BWR,20150813,1.2,1.23,1.2,1.23,1999
BXB,20150813,10.14,10.27,10.11,10.15,2633581
BYE,20150813,0.205,0.205,0.205,0.205,27200
BYI,20150813,1.2,1.2,1.18,1.18,11309
BYL,20150813,0.36,0.36,0.345,0.345,46500
BYR,20150813,0.023,0.023,0.023,0.023,700000
CAA,20150813,0.14,0.14,0.14,0.14,100000
CAB,20150813,3.25,3.35,3.24,3.3,923097
CAD,20150813,0.01,0.01,0.01,0.01,1282418
CAJ,20150813,0.795,0.82,0.792,0.795,803071
CAM,20150813,0.91,0.91,0.9,0.9,15200
CAR,20150813,10.07,10.07,9.75,9.9,1960835
CAS,20150813,0.14,0.14,0.13,0.13,80670
CAT,20150813,1.44,1.5,1.44,1.49,102965
CAV,20150813,0.023,0.023,0.022,0.022,1010000
CAZ,20150813,0.023,0.023,0.023,0.023,17391
CCF,20150813,0.035,0.035,0.035,0.035,108000
CCL,20150813,8.99,9.09,8.9,8.91,2780494
CCP,20150813,12.12,12.44,12.12,12.26,214239
CCV,20150813,0.505,0.515,0.495,0.505,715400
CDA,20150813,1.175,1.195,1.07,1.1,196949
CDB,20150813,0.021,0.021,0.021,0.021,187901
CDD,20150813,2.8,2.85,2.77,2.77,459252
CDG,20150813,0.04,0.04,0.04,0.04,100000
CDM,20150813,1.435,1.445,1.435,1.44,767242
CDP,20150813,6.45,6.47,6.45,6.47,918
CDV,20150813,0.08,0.087,0.08,0.087,278227
CDY,20150813,0.035,0.036,0.034,0.035,4795124
CEL,20150813,0.039,0.039,0.039,0.039,75000
CFE,20150813,0.015,0.015,0.015,0.015,180644
CGC,20150813,2.07,2.07,2.02,2.05,447511
CGF,20150813,7.01,7.1,7,7.01,2179807
CGH,20150813,0.155,0.155,0.15,0.15,22800
CGL,20150813,3.88,3.88,3.88,3.88,2319
CGN,20150813,0.12,0.12,0.12,0.12,30000
CGO,20150813,0.41,0.42,0.41,0.42,16000
CGR,20150813,0.15,0.15,0.14,0.14,113824
CGS,20150813,0.215,0.215,0.215,0.215,40000
CGW,20150813,0.59,0.59,0.58,0.58,5273568
CHC,20150813,4.61,4.69,4.61,4.67,899273
CHN,20150813,0.11,0.11,0.11,0.11,307227
CHP,20150813,0.003,0.003,0.003,0.003,7618734
CHZ,20150813,0.034,0.034,0.034,0.034,383270
CII,20150813,1.15,1.15,1.15,1.15,10000
CIM,20150813,23.1,23.48,22.96,23.07,468030
CIN,20150813,31.32,31.32,30.64,30.64,8869
CIW,20150813,0.73,0.73,0.73,0.73,36850
CJC,20150813,0.004,0.004,0.004,0.004,107500
CKA,20150813,0.1,0.1,0.094,0.095,1406000
CKF,20150813,3.22,3.25,3.21,3.24,149078
CKL,20150813,0.51,0.52,0.51,0.52,193414
CL8,20150813,0.022,0.022,0.022,0.022,691524
CLH,20150813,2.22,2.24,2.21,2.22,135966
CLQ,20150813,0.2,0.2,0.19,0.195,646624
CLV,20150813,0.18,0.18,0.18,0.18,638
CLX,20150813,1.15,1.15,1.15,1.15,8294
CLY,20150813,0.009,0.009,0.008,0.009,314028
CLZ,20150813,0.005,0.005,0.005,0.005,206300
CM8,20150813,0.29,0.3,0.275,0.28,142640
CMA,20150813,2.06,2.06,2.03,2.03,102005
CMI,20150813,1.54,1.54,1.54,1.54,872
CMP,20150813,0.305,0.305,0.3,0.3,244062
CMW,20150813,1.075,1.085,1.07,1.08,4144256
CMY,20150813,0.001,0.001,0.001,0.001,7100000
CNI,20150813,0.93,0.93,0.93,0.93,15480
CNQ,20150813,0.088,0.1,0.088,0.095,291000
CNU,20150813,2.47,2.47,2.42,2.42,41842
CNW,20150813,0.025,0.026,0.024,0.025,1329403
CNX,20150813,0.013,0.015,0.013,0.015,945385
COE,20150813,0.215,0.225,0.205,0.21,243083
COF,20150813,0.145,0.155,0.135,0.14,102043
COH,20150813,85.56,86.67,85,85,399894
COI,20150813,0.044,0.044,0.04,0.04,1110023
COK,20150813,0.001,0.002,0.001,0.002,2672500
COO,20150813,0.15,0.15,0.15,0.15,48000
CPU,20150813,10.27,10.4,9.93,10,7634399
CQR,20150813,4.19,4.2,4.11,4.15,1659836
CRB,20150813,0.064,0.068,0.064,0.068,272500
CRQ,20150813,0.03,0.03,0.025,0.025,535000
CSD,20150813,0.061,0.061,0.061,0.061,3750
CSE,20150813,0.215,0.22,0.215,0.22,65000
CSL,20150813,92.92,93.9,92.08,92.92,1301608
CSR,20150813,3.57,3.61,3.51,3.53,1756463
CSS,20150813,0.059,0.059,0.058,0.058,82500
CSV,20150813,1.575,1.585,1.565,1.57,487622
CTD,20150813,10.41,10.57,10.31,10.4,183484
CTM,20150813,0.005,0.005,0.005,0.005,759280
CTN,20150813,1.045,1.05,1.03,1.05,151328
CTO,20150813,0.03,0.034,0.03,0.034,211249
CTP,20150813,0.12,0.12,0.115,0.115,305109
CTR,20150813,0.092,0.099,0.092,0.096,120500
CTX,20150813,32.56,33.09,32.47,32.49,837368
CUP,20150813,1.06,1.06,1.02,1.02,112733
CUV,20150813,2.65,2.75,2.64,2.64,5347
CUX,20150813,0.008,0.008,0.008,0.008,222989
CVC,20150813,1.53,1.53,1.53,1.53,5000
CVG,20150813,0.009,0.009,0.009,0.009,139000
CVN,20150813,0.11,0.11,0.105,0.105,198446
CVO,20150813,2.25,2.25,2.185,2.21,863526
CVT,20150813,0.235,0.275,0.235,0.27,2583833
CVW,20150813,0.94,0.94,0.94,0.94,3000
CWC,20150813,0.67,0.67,0.65,0.655,143500
CWE,20150813,0.05,0.05,0.048,0.048,928537
CWN,20150813,13.1,13.47,12.66,13.09,4962125
CWP,20150813,5.48,5.48,5.31,5.42,27672
CXM,20150813,0.067,0.069,0.067,0.069,149663
CXX,20150813,0.25,0.255,0.25,0.255,7081
CXZ,20150813,0.19,0.195,0.185,0.185,101842
CYA,20150813,0.855,0.855,0.855,0.855,19200
CYC,20150813,0.67,0.67,0.595,0.595,10000
CYG,20150813,1.41,1.41,1.41,1.41,738
CYL,20150813,0.33,0.33,0.33,0.33,5000
CYP,20150813,0.65,0.65,0.645,0.645,31705
CYS,20150813,0.025,0.025,0.025,0.025,534546
CYY,20150813,0.071,0.071,0.065,0.066,2001097
CZI,20150813,0.064,0.064,0.061,0.061,508634
CZL,20150813,0.038,0.039,0.037,0.037,722404
CZN,20150813,0.006,0.006,0.006,0.006,250000
CZR,20150813,0.017,0.017,0.017,0.017,174666
CZZ,20150813,18.37,18.99,18.2,18.55,65757
DCC,20150813,0.14,0.145,0.135,0.145,142973
DCG,20150813,1.045,1.065,1.02,1.02,73700
DCN,20150813,0.53,0.53,0.525,0.525,24800
DDR,20150813,1.95,1.98,1.93,1.98,68022
DDT,20150813,0.022,0.022,0.022,0.022,291038
DIG,20150813,0.325,0.325,0.325,0.325,3714
DJW,20150813,4.5,4.52,4.41,4.45,121354
DLS,20150813,0.79,0.815,0.79,0.805,1583697
DLX,20150813,5.79,5.82,5.715,5.8,2915508
DM1,20150813,0.14,0.14,0.14,0.14,5000
DMP,20150813,42.26,42.66,41.06,41.13,471923
DMY,20150813,0.025,0.026,0.025,0.026,72406
DNA,20150813,0.74,0.74,0.697,0.71,1108548
DNK,20150813,0.31,0.34,0.31,0.34,47184
DOW,20150813,3.77,3.85,3.74,3.75,3949552
DRA,20150813,0.18,0.185,0.18,0.185,19486
DRK,20150813,0.004,0.004,0.003,0.003,1008250
DRM,20150813,0.43,0.44,0.42,0.435,351026
DRX,20150813,0.01,0.01,0.01,0.01,30000
DSH,20150813,2,2.06,2,2.02,813587
DTI,20150813,0.3,0.3,0.295,0.3,15000
DTL,20150813,0.92,0.945,0.92,0.945,42022
DUB,20150813,0.355,0.37,0.355,0.37,329564
DUE,20150813,2.19,2.2,2.17,2.18,14671173
DUI,20150813,3.58,3.6,3.57,3.6,35812
DUO,20150813,0.01,0.01,0.01,0.01,5555977
DVI,20150813,0.019,0.019,0.019,0.019,3487688
DVL,20150813,0.26,0.26,0.26,0.26,43499
DVN,20150813,0.655,0.655,0.65,0.65,95000
DWS,20150813,1.035,1.085,1.03,1.075,371134
DXS,20150813,7.55,7.75,7.55,7.61,3394959
DYE,20150813,0.225,0.225,0.225,0.225,65253
E88,20150813,0.13,0.13,0.12,0.125,257097
EBT,20150813,3.41,3.41,3.3,3.3,7741
ECV,20150813,0.23,0.235,0.23,0.235,41568
ECX,20150813,3.14,3.14,3.05,3.14,48044
EDE,20150813,0.083,0.087,0.083,0.083,4919485
EEG,20150813,0.021,0.021,0.021,0.021,125000
EEU,20150813,14.87,14.87,14.82,14.84,4206
EGG,20150813,0.69,0.69,0.69,0.69,239
EGH,20150813,0.47,0.47,0.45,0.45,289419
EGL,20150813,0.016,0.016,0.016,0.016,133000
EGN,20150813,0.09,0.09,0.08,0.08,300000
EGO,20150813,0.004,0.004,0.004,0.004,3800000
EGP,20150813,5.13,5.2,5.08,5.15,8330108
EHE,20150813,6.56,6.72,6.54,6.72,1254931
EHL,20150813,0.08,0.081,0.077,0.08,1113863
ELD,20150813,3.83,3.85,3.61,3.77,205433
ELM,20150813,0.16,0.16,0.155,0.155,160000
ELT,20150813,0.009,0.009,0.009,0.009,35406
ELX,20150813,0.35,0.35,0.35,0.35,52500
EMG,20150813,0.021,0.021,0.02,0.021,550000
EMH,20150813,0.1,0.1,0.095,0.1,675200
EML,20150813,0.675,0.675,0.655,0.655,99726
EMR,20150813,0.02,0.02,0.019,0.02,256800
EMU,20150813,0.02,0.02,0.02,0.02,22982
EMX,20150813,0.051,0.051,0.051,0.051,106249
ENE,20150813,7.91,7.91,7.88,7.88,31640
ENR,20150813,0.12,0.13,0.12,0.13,28925
ENT,20150813,0.04,0.04,0.039,0.039,602194
ENZ,20150813,0.32,0.32,0.32,0.32,6500
EOS,20150813,1.45,1.48,1.43,1.43,112748
EPD,20150813,0.78,0.78,0.78,0.78,11200
EPW,20150813,2.24,2.25,2.18,2.18,167526
EPX,20150813,1.68,1.68,1.66,1.66,43580
EQE,20150813,0.015,0.015,0.015,0.015,156231
EQT,20150813,24.5,24.5,23.55,24.06,3711
EQX,20150813,0.24,0.24,0.235,0.24,306000
ERA,20150813,0.375,0.375,0.355,0.365,297364
ERI,20150813,0.021,0.021,0.02,0.02,242603
ERJ,20150813,0.027,0.027,0.027,0.027,73022
ERM,20150813,0.03,0.033,0.03,0.033,1190511
ESI,20150813,0.016,0.016,0.015,0.016,3653390
ESM,20150813,0.037,0.045,0.037,0.044,439717
ETE,20150813,0.026,0.026,0.025,0.025,175000
ETF,20150813,20.33,20.36,20.33,20.36,1077
EVM,20150813,0.076,0.076,0.076,0.076,50000
EVN,20150813,1.08,1.115,1.065,1.07,8886885
EVR,20150813,0.62,0.63,0.62,0.625,64355
EWC,20150813,0.29,0.31,0.29,0.31,160363
EXC,20150813,0.009,0.009,0.009,0.009,200000
EXR,20150813,0.002,0.002,0.002,0.002,2041933
EXU,20150813,0.028,0.033,0.028,0.033,400000
EZL,20150813,0.92,0.92,0.9,0.91,57816
FAR,20150813,0.07,0.07,0.068,0.068,2872075
FBU,20150813,6.85,6.91,6.76,6.83,475670
FDC,20150813,2.8,2.83,2.79,2.8,21699699
FET,20150813,2.13,2.19,2.12,2.16,69649
FFG,20150813,0.185,0.185,0.185,0.185,21500
FFT,20150813,1.06,1.065,0.97,1.05,65073
FGF,20150813,0.006,0.006,0.005,0.005,1808142
FGX,20150813,1.11,1.12,1.105,1.105,82500
FID,20150813,1.795,1.88,1.79,1.88,26945
FLK,20150813,0.21,0.21,0.21,0.21,38095
FLN,20150813,1.45,1.45,1.4,1.45,138509
FLT,20150813,33,35.03,32.9,34.9,913451
FMG,20150813,1.84,1.86,1.815,1.82,27897876
FML,20150813,0.315,0.315,0.31,0.31,24932
FMS,20150813,0.014,0.014,0.014,0.014,34000
FND,20150813,0.155,0.155,0.155,0.155,757112
FNP,20150813,3.28,3.3,3.28,3.3,7257
FNT,20150813,0.002,0.002,0.002,0.002,2646962
FPH,20150813,6.69,6.83,6.67,6.79,298177
FRI,20150813,1.18,1.18,1.14,1.18,236597
FRM,20150813,0.38,0.39,0.38,0.39,70000
FRX,20150813,0.15,0.17,0.15,0.17,60000
FRY,20150813,0.069,0.077,0.049,0.049,15139607
FSA,20150813,1.42,1.435,1.42,1.42,8424
FSF,20150813,4.34,4.35,4.25,4.25,29091
FSI,20150813,1.51,1.51,1.51,1.51,21750
FUN,20150813,0.033,0.033,0.032,0.032,14878
FWD,20150813,2.14,2.14,2.06,2.13,142121
FXJ,20150813,0.855,0.88,0.845,0.855,16472790
FXL,20150813,2.45,2.47,2.36,2.39,3933961
FZR,20150813,0.22,0.22,0.21,0.21,20000
GAL,20150813,0.018,0.019,0.016,0.016,87499957
GAP,20150813,0.18,0.18,0.18,0.18,5000
GBE,20150813,0.022,0.022,0.022,0.022,433943
GBG,20150813,0.023,0.023,0.023,0.023,101749
GBT,20150813,5.25,5.25,4.88,4.9,2111174
GBX,20150813,0.004,0.004,0.004,0.004,200000
GCN,20150813,0.007,0.008,0.007,0.008,625000
GCS,20150813,0.5,0.505,0.5,0.5,64694
GDF,20150813,1,1.01,0.99,1.01,170842
GDI,20150813,0.895,0.895,0.89,0.89,425989
GDX,20150813,21.01,21.04,21.01,21.04,2193
GDY,20150813,0.03,0.031,0.028,0.03,775430
GED,20150813,0.011,0.011,0.01,0.01,50304
GEG,20150813,0.87,0.87,0.87,0.87,37230
GEM,20150813,3.14,3.19,3.11,3.14,2512157
GER,20150813,0.074,0.078,0.074,0.075,374364
GFL,20150813,1.72,1.72,1.72,1.72,300
GFY,20150813,3.03,3.03,3.03,3.03,2000
GGG,20150813,0.057,0.06,0.055,0.055,647001
GGX,20150813,0.005,0.005,0.005,0.005,1000000
GHC,20150813,1.68,1.7,1.67,1.7,32572
GID,20150813,0.04,0.04,0.04,0.04,1000
GJT,20150813,1.74,1.74,1.73,1.73,46068
GLE,20150813,0.25,0.25,0.25,0.25,1000
GLF,20150813,0.015,0.015,0.015,0.015,200000
GLH,20150813,0.4,0.4,0.4,0.4,1450
GLN,20150813,0.002,0.003,0.002,0.003,204301
GMA,20150813,3.25,3.29,3.22,3.27,1726767
GMF,20150813,2.1,2.1,2.06,2.09,68766
GMG,20150813,6.28,6.35,6.24,6.34,3558728
GMN,20150813,0.068,0.068,0.068,0.068,160000
GMR,20150813,0.005,0.005,0.004,0.004,829536
GNC,20150813,8.41,8.47,8.34,8.35,735881
GNE,20150813,1.515,1.515,1.515,1.515,18539
GNG,20150813,1.02,1.02,0.97,0.97,10326
GOLD,20150813,145.36,145.64,144.72,145.04,5560
GOR,20150813,0.36,0.39,0.36,0.385,2099199
GOW,20150813,3.09,3.09,3.09,3.09,1906
GOZ,20150813,3.3,3.31,3.25,3.3,416876
GPR,20150813,0.053,0.054,0.051,0.054,113457
GPT,20150813,4.6,4.71,4.6,4.66,7650789
GRB,20150813,0.065,0.065,0.064,0.064,359310
GRF,20150813,1.45,1.45,1.45,1.45,14358
GRY,20150813,0.055,0.055,0.054,0.054,1732430
GSS,20150813,0.48,0.485,0.48,0.485,228154
GTG,20150813,0.027,0.027,0.026,0.026,1051170
GTK,20150813,1.84,1.84,1.79,1.81,87994
GTY,20150813,2.3,2.3,2.27,2.29,249426
GUD,20150813,9.61,9.835,9.61,9.74,199644
GUF,20150813,0.034,0.034,0.034,0.034,97000
GVF,20150813,1.05,1.05,1.05,1.05,874
GWA,20150813,2.3,2.33,2.23,2.26,618103
GXL,20150813,6.99,7.24,6.9,7.24,2014493
GXY,20150813,0.031,0.031,0.029,0.03,327732
HAR,20150813,0.013,0.013,0.012,0.012,1057608
HAZ,20150813,0.006,0.006,0.006,0.006,180000
HCH,20150813,0.11,0.125,0.11,0.12,633700
HFA,20150813,2.28,2.3,2.2,2.25,155032
HFR,20150813,1.18,1.195,1.12,1.16,396977
HGG,20150813,5.83,5.9,5.77,5.87,2104204
HGO,20150813,0.17,0.17,0.17,0.17,2050
HHL,20150813,2.25,2.25,2.21,2.21,5228
HHV,20150813,1.175,1.195,1.175,1.19,409727
HHY,20150813,0.1,0.1,0.1,0.1,2000
HIG,20150813,0.09,0.09,0.085,0.085,68000
HIL,20150813,0.465,0.475,0.465,0.465,157341
HJB,20150813,0.015,0.015,0.015,0.015,120000
HLO,20150813,0.33,0.33,0.31,0.31,110222
HMI,20150813,0.019,0.019,0.018,0.018,425000
HMX,20150813,0.061,0.061,0.061,0.061,35745
HNR,20150813,0.004,0.004,0.004,0.004,172750
HOG,20150813,0.004,0.004,0.003,0.003,228600
HOM,20150813,0.6,0.6,0.595,0.595,50910
HOR,20150813,0.038,0.041,0.033,0.035,2984178
HPI,20150813,2.6,2.62,2.6,2.62,157586
HPR,20150813,0.074,0.074,0.074,0.074,12253
HRL,20150813,0.068,0.068,0.068,0.068,338459
HRR,20150813,0.1,0.105,0.09,0.1,797159
HSK,20150813,0.1,0.1,0.1,0.1,19550
HSN,20150813,2.88,2.92,2.85,2.87,316397
HSO,20150813,2.61,2.64,2.58,2.61,3286492
HTA,20150813,0.076,0.076,0.075,0.075,75000
HUB,20150813,1.74,1.85,1.74,1.75,296859
HUO,20150813,3.38,3.535,3.35,3.52,39479
HVN,20150813,4.67,4.78,4.61,4.69,4768372
HZN,20150813,0.084,0.09,0.084,0.085,4088864
IAA,20150813,62,62,60.96,61.29,17670
IAB,20150813,1.05,1.05,1.05,1.05,1900
IAF,20150813,106.14,106.14,105.57,105.76,88747
IAG,20150813,5.81,5.89,5.8,5.83,4912336
IAU,20150813,0.12,0.12,0.12,0.12,8916
IBC,20150813,0.52,0.52,0.52,0.52,20000
IBG,20150813,0.07,0.07,0.068,0.07,332083
IBK,20150813,45.06,45.55,45.06,45.55,722
ICG,20150813,0.011,0.011,0.011,0.011,6321049
ICN,20150813,0.044,0.044,0.039,0.039,186847
ICQ,20150813,0.71,0.715,0.7,0.705,164209
ICU,20150813,0.12,0.12,0.12,0.12,7500
ICX,20150813,0.038,0.038,0.038,0.038,34000
IDR,20150813,1.855,1.865,1.85,1.86,76024
IDT,20150813,0.305,0.31,0.3,0.3,385000
IDZ,20150813,0.4,0.4,0.4,0.4,9000
IEM,20150813,48.5,48.59,48.01,48.45,10256
IEU,20150813,60.56,60.57,60.03,60.32,42302
IFL,20150813,9.15,9.25,9.13,9.2,664032
IFM,20150813,1.08,1.09,1.075,1.08,249840
IFN,20150813,0.255,0.26,0.255,0.26,76098
IGB,20150813,103.44,103.44,103.31,103.31,485
IGO,20150813,3.35,3.4,3.33,3.38,1461102
IGS,20150813,0.003,0.004,0.003,0.003,29762080
IHD,20150813,14.35,14.54,14.35,14.43,39633
IHK,20150813,29.15,29.15,28.94,29.12,5675
IIL,20150813,0.18,0.18,0.18,0.18,189111
IIN,20150813,9.43,9.44,9.36,9.44,383238
IJH,20150813,202.68,203.52,202.38,203.5,522
IJP,20150813,17.56,17.56,17.35,17.45,38080
IJR,20150813,156.5,157.37,156.5,157.37,405
IKO,20150813,65.5,66.94,65.5,66.64,1646
IKW,20150813,0.003,0.003,0.003,0.003,100000
ILB,20150813,114.21,114.32,113.85,114.05,3111
ILC,20150813,24.31,24.31,23.95,24.15,20602
ILU,20150813,7.45,7.52,7.36,7.42,1386178
IMC,20150813,0.3,0.3,0.3,0.3,81815
IMD,20150813,0.225,0.23,0.225,0.23,59027
IMF,20150813,1.75,1.755,1.705,1.705,211008
IMI,20150813,0.001,0.001,0.001,0.001,200000
IMU,20150813,0.01,0.01,0.009,0.009,376694
INA,20150813,0.465,0.47,0.455,0.455,406805
IND,20150813,0.009,0.009,0.009,0.009,465
INL,20150813,0.007,0.007,0.006,0.006,285082
IOF,20150813,3.73,3.77,3.695,3.72,2353052
IOO,20150813,103.65,103.65,102.26,102.95,17217
IOZ,20150813,22.91,22.91,22.66,22.73,87098
IPB,20150813,0.012,0.012,0.012,0.012,85000
IPD,20150813,1.185,1.19,1.165,1.185,314426
IPE,20150813,0.295,0.295,0.295,0.295,10000
IPH,20150813,4.68,4.72,4.65,4.66,58886
IPL,20150813,3.38,3.43,3.345,3.35,4297039
IPP,20150813,2.92,2.97,2.9,2.94,188649
IPT,20150813,0.029,0.029,0.029,0.029,365010
IRD,20150813,0.065,0.065,0.065,0.065,20000
IRE,20150813,9.95,10.05,9.85,9.95,626712
IRI,20150813,2.06,2.12,2.02,2.04,104824
IRM,20150813,0.011,0.011,0.011,0.011,64926
IRU,20150813,163.21,163.35,162.75,163.35,1898
ISD,20150813,3.55,3.58,3.47,3.49,342303
ISG,20150813,15.35,15.75,15.34,15.34,2015
ISU,20150813,1.78,1.8,1.78,1.8,60711
ISX,20150813,0.135,0.155,0.135,0.145,2717734
ITD,20150813,0.245,0.245,0.24,0.24,6650
ITW,20150813,18.83,18.83,18.83,18.83,13
IVC,20150813,12.85,12.95,12.75,12.75,383765
IVE,20150813,86.71,87,86.4,87,14149
IVO,20150813,0.09,0.09,0.085,0.087,150708
IVR,20150813,0.013,0.013,0.013,0.013,190000
IVV,20150813,284.91,287,283.9,285.75,12945
IVX,20150813,0.019,0.019,0.018,0.019,500025
IWG,20150813,0.265,0.265,0.255,0.26,109405
IXI,20150813,127.96,128.17,127.3,127.98,1732
IXJ,20150813,152.5,152.5,150.26,151.32,15660
IXP,20150813,85.99,86.49,85.55,86.01,1787
IXR,20150813,0.011,0.012,0.011,0.012,83000
IZZ,20150813,54.43,55.04,54.19,54.62,17086
JAL,20150813,0.04,0.04,0.04,0.04,500000
JBH,20150813,20.41,21.06,20.41,20.87,1536128
JHC,20150813,2.63,2.7,2.63,2.66,535866
JHX,20150813,18.1,18.39,17.92,17.95,994678
JIN,20150813,0.9,0.9,0.9,0.9,1000
JKA,20150813,0.005,0.005,0.005,0.005,4536890
JKL,20150813,0.18,0.19,0.18,0.19,20000
JRV,20150813,0.054,0.054,0.054,0.054,32500
JYC,20150813,1.145,1.145,1.145,1.145,950
KAM,20150813,0.86,0.86,0.84,0.86,402364
KAR,20150813,2.08,2.15,2.06,2.12,1057977
KAS,20150813,0.021,0.021,0.021,0.021,38389
KAT,20150813,0.835,0.835,0.835,0.835,10601
KBC,20150813,0.165,0.165,0.165,0.165,25000
KBL,20150813,0.03,0.03,0.03,0.03,200000
KCN,20150813,0.66,0.685,0.65,0.68,438418
KFE,20150813,0.015,0.015,0.015,0.015,100000
KGL,20150813,0.15,0.15,0.15,0.15,1687
KII,20150813,2.52,2.52,2.51,2.52,94413
KIK,20150813,0.005,0.005,0.005,0.005,215000
KIS,20150813,0.089,0.093,0.089,0.089,196541
KKL,20150813,0.009,0.009,0.008,0.008,2796875
KKT,20150813,0.2,0.2,0.2,0.2,100000
KMD,20150813,1.515,1.54,1.51,1.515,196855
KNL,20150813,0.17,0.17,0.16,0.17,894590
KOR,20150813,0.03,0.03,0.03,0.03,50000
KOV,20150813,3.68,3.68,3.68,3.68,3978
KPL,20150813,0.2,0.2,0.2,0.2,1919
KPT,20150813,6.95,6.95,6.95,6.95,1650
KRB,20150813,0.074,0.074,0.072,0.072,30000
KRM,20150813,0.2,0.22,0.2,0.215,435613
KSC,20150813,1.34,1.34,1.34,1.34,900
KSL,20150813,1.255,1.29,1.25,1.27,133177
KSO,20150813,0.004,0.004,0.004,0.004,31456722
KTA,20150813,0.17,0.175,0.17,0.175,19868
KTE,20150813,0.025,0.025,0.025,0.025,7167
LAA,20150813,0.285,0.285,0.285,0.285,79000
LAU,20150813,0.425,0.425,0.42,0.42,388070
LCM,20150813,0.745,0.75,0.745,0.75,17000
LCT,20150813,0.044,0.044,0.04,0.044,124400
LEP,20150813,3.69,3.69,3.63,3.69,27318
LER,20150813,0.16,0.18,0.16,0.18,6000
LGD,20150813,0.275,0.28,0.275,0.28,106636
LGO,20150813,0.005,0.005,0.005,0.005,3212735
LGR,20150813,0.1,0.12,0.1,0.12,445500
LHB,20150813,0.145,0.15,0.145,0.15,8133
LHC,20150813,3.4,3.4,3.36,3.4,170755
LIC,20150813,2.55,2.55,2.5,2.5,2828
LIO,20150813,0.14,0.14,0.14,0.14,5000
LIT,20150813,0.063,0.063,0.057,0.06,612645
LKO,20150813,0.003,0.003,0.002,0.002,2162313
LLC,20150813,14.95,15.06,14.65,14.72,2326210
LLO,20150813,0.35,0.35,0.35,0.35,325
LMB,20150813,0.06,0.063,0.06,0.06,105125
LMG,20150813,0.007,0.007,0.007,0.007,1340000
LML,20150813,0.039,0.045,0.039,0.044,311410
LNG,20150813,2.9,3.03,2.83,2.95,3035655
LNY,20150813,0.003,0.003,0.003,0.003,6666
LOM,20150813,0.165,0.165,0.155,0.16,469852
LOV,20150813,3.27,3.42,3.27,3.32,33565
LRS,20150813,0.007,0.008,0.007,0.008,1899740
LSR,20150813,0.013,0.015,0.013,0.015,626600
LSX,20150813,0.195,0.215,0.195,0.215,144502
LTR,20150813,0.005,0.005,0.005,0.005,244334
LTX,20150813,0.021,0.021,0.021,0.021,50000
LWP,20150813,0.009,0.009,0.009,0.009,7900000
LYC,20150813,0.036,0.037,0.036,0.036,1448486
LYL,20150813,1.25,1.25,1.25,1.25,5000
MAD,20150813,0.09,0.091,0.09,0.091,96300
MAH,20150813,0.074,0.075,0.071,0.072,671424
MAK,20150813,0.105,0.11,0.105,0.11,105500
MAT,20150813,0.155,0.155,0.145,0.145,65292
MBE,20150813,0.255,0.255,0.24,0.25,2220690
MBN,20150813,0.1,0.11,0.1,0.105,646706
MBT,20150813,0.042,0.042,0.04,0.041,5847
MCE,20150813,0.43,0.43,0.43,0.43,10250
MCP,20150813,0.535,0.535,0.51,0.52,204203
MCR,20150813,0.4,0.4,0.32,0.33,1269556
MCS,20150813,0.082,0.082,0.08,0.08,25000
MDC,20150813,0.185,0.19,0.175,0.175,60000
MDL,20150813,0.68,0.7,0.68,0.685,61141
MEB,20150813,0.43,0.435,0.42,0.43,140673
MED,20150813,0.06,0.06,0.06,0.06,1250
MEL,20150813,0.062,0.062,0.06,0.06,125000
MEO,20150813,0.015,0.018,0.015,0.018,1200481
MEP,20150813,0.07,0.07,0.07,0.07,22000
MEU,20150813,0.009,0.01,0.009,0.01,501000
MEZ,20150813,1.995,1.995,1.99,1.99,15540
MFF,20150813,1.93,1.945,1.93,1.94,229011
MFG,20150813,19.6,19.95,19.54,19.8,946309
MGC,20150813,1.85,1.945,1.82,1.93,894768
MGE,20150813,2.65,2.66,2.64,2.64,812876
MGR,20150813,1.83,1.84,1.82,1.83,12215612
MGV,20150813,0.028,0.028,0.028,0.028,300000
MGX,20150813,0.185,0.19,0.185,0.19,920701
MGZ,20150813,0.06,0.06,0.06,0.06,100455
MHG,20150813,2.47,2.47,2.47,2.47,5350
MIG,20150813,1.265,1.28,1.265,1.28,49032
MIN,20150813,4.97,5.1,4.91,4.92,1392914
MIR,20150813,2.6,2.64,2.56,2.57,71164
MJP,20150813,0.665,0.675,0.665,0.675,15000
MKB,20150813,0.115,0.115,0.115,0.115,777122
MLB,20150813,1.83,1.88,1.82,1.875,22884
MLD,20150813,0.77,0.82,0.77,0.81,279860
MLM,20150813,0.048,0.048,0.048,0.048,20000
MLT,20150813,4.54,4.54,4.48,4.5,210382
MLX,20150813,1.1,1.1,1.06,1.07,392328
MMI,20150813,0.07,0.07,0.07,0.07,229500
MMJ,20150813,0.35,0.36,0.335,0.345,854525
MML,20150813,0.53,0.545,0.525,0.545,1851823
MMR,20150813,0.02,0.02,0.02,0.02,65000
MMS,20150813,14.24,14.35,13.95,13.95,375444
MNB,20150813,0.005,0.005,0.005,0.005,198000
MNC,20150813,0.004,0.004,0.004,0.004,345660
MND,20150813,7.38,7.6,7.33,7.36,485611
MNE,20150813,0.006,0.006,0.006,0.006,270000
MNF,20150813,3.46,3.48,3.28,3.34,69298
MNQ,20150813,0.033,0.035,0.03,0.03,1576052
MNS,20150813,0.425,0.45,0.425,0.45,2154163
MNW,20150813,0.059,0.06,0.059,0.06,217541
MNY,20150813,1.045,1.05,1,1.01,221066
MOC,20150813,2,2.03,1.96,2.01,62258
MOD,20150813,0.005,0.005,0.005,0.005,1884055
MOO,20150813,0.005,0.005,0.004,0.004,36684123
MOQ,20150813,0.033,0.033,0.032,0.032,30000
MOT,20150813,0.001,0.001,0.001,0.001,2575161
MOX,20150813,0.008,0.008,0.008,0.008,33000
MOY,20150813,0.039,0.039,0.037,0.038,553502
MOZ,20150813,0.016,0.017,0.015,0.015,17855102
MPL,20150813,2.05,2.09,2.04,2.06,5706178
MPO,20150813,0.15,0.15,0.15,0.15,5123
MQA,20150813,3.32,3.4,3.32,3.34,793483
MQG,20150813,78.58,79.25,78.1,78.73,1468118
MRD,20150813,0.029,0.029,0.027,0.027,387304
MRF,20150813,0.062,0.07,0.062,0.066,1999898
MRM,20150813,0.585,0.59,0.565,0.59,370804
MRP,20150813,0.075,0.075,0.075,0.075,12500
MRV,20150813,0.004,0.004,0.004,0.004,607050
MSB,20150813,3.68,3.78,3.57,3.58,753217
MSC,20150813,0.068,0.068,0.068,0.068,67145
MSR,20150813,0.007,0.007,0.006,0.006,7833707
MSV,20150813,0.02,0.02,0.02,0.02,182418
MTA,20150813,0.049,0.049,0.043,0.044,416026
MTH,20150813,0.005,0.005,0.005,0.005,2160000
MTI,20150813,0.001,0.001,0.001,0.001,759843
MTR,20150813,3.4,3.58,3.38,3.54,173623
MTS,20150813,1.16,1.19,1.1,1.11,21720409
MTU,20150813,10.21,10.36,10.03,10.2,1020711
MUA,20150813,0.97,0.99,0.97,0.99,64675
MUS,20150813,0.185,0.19,0.175,0.18,29350
MVA,20150813,18.55,18.55,18.52,18.52,11627
MVB,20150813,26.71,26.85,26.71,26.74,14901
MVF,20150813,1.355,1.355,1.35,1.35,279301
MVP,20150813,2.51,2.51,2.51,2.51,500
MVR,20150813,16.63,16.63,16.63,16.63,6500
MVS,20150813,15.41,15.49,15.41,15.49,113
MVW,20150813,21.63,21.66,21.53,21.53,13339
MWR,20150813,1.76,1.76,1.76,1.76,853
MWS,20150813,0.002,0.002,0.002,0.002,13156025
MXI,20150813,0.465,0.47,0.46,0.46,39553
MYE,20150813,0.18,0.2,0.18,0.2,36700
MYO,20150813,3.43,3.43,3.34,3.37,1501650
MYR,20150813,1.35,1.39,1.345,1.36,2759928
MYS,20150813,4.43,4.55,4.41,4.48,62137
MYT,20150813,2.38,2.38,2.33,2.33,6621
MYX,20150813,1.145,1.17,1.135,1.14,1561022
MZI,20150813,0.395,0.395,0.395,0.395,8750
MZN,20150813,0.011,0.011,0.011,0.011,800000
NAB,20150813,32,32.39,31.94,31.98,3650077
NAC,20150813,0.88,0.89,0.88,0.88,126031
NAE,20150813,0.004,0.004,0.004,0.004,155000
NAG,20150813,0.035,0.035,0.035,0.035,20000
NAN,20150813,1.67,1.715,1.67,1.7,150681
NCC,20150813,0.98,1,0.98,1,43316
NCK,20150813,3.58,3.6,3.58,3.6,42452
NCL,20150813,0.21,0.21,0.2,0.2,103001
NCM,20150813,11.49,11.75,11.4,11.42,5328220
NCO,20150813,0.004,0.004,0.004,0.004,616107
NDO,20150813,0.5,0.5,0.5,0.5,10000
NDQ,20150813,10.66,10.7,10.65,10.66,67934
NEA,20150813,0.5,0.53,0.485,0.53,1645067
NEC,20150813,1.38,1.387,1.36,1.365,2726747
NEN,20150813,0.025,0.025,0.025,0.025,577220
NEU,20150813,0.1,0.105,0.096,0.096,3232624
NFE,20150813,0.005,0.005,0.005,0.005,10053172
NGE,20150813,0.019,0.019,0.018,0.018,85000
NHC,20150813,1.81,1.865,1.76,1.79,165936
NHF,20150813,3.44,3.45,3.38,3.4,302788
NIU,20150813,0.001,0.001,0.001,0.001,2448
NKP,20150813,0.078,0.078,0.077,0.077,423292
NMI,20150813,0.019,0.02,0.019,0.02,665000
NMT,20150813,0.16,0.16,0.135,0.145,3709249
NNW,20150813,0.19,0.19,0.185,0.185,32412
NOD,20150813,0.076,0.076,0.075,0.075,160000
NOR,20150813,0.026,0.026,0.026,0.026,1781000
NPX,20150813,3.65,3.67,3.52,3.53,16554
NRR,20150813,0.058,0.058,0.057,0.057,241000
NRT,20150813,0.17,0.17,0.165,0.165,211321
NSE,20150813,0.012,0.012,0.011,0.011,443379
NSL,20150813,0.012,0.013,0.012,0.012,6480005
NSR,20150813,1.665,1.69,1.66,1.67,614785
NST,20150813,2.12,2.13,2.07,2.07,6040419
NSX,20150813,0.08,0.08,0.08,0.08,10000
NTC,20150813,0.85,0.865,0.835,0.865,114318
NTL,20150813,0.009,0.009,0.009,0.009,60000
NTU,20150813,0.19,0.19,0.18,0.18,104472
NUF,20150813,7.02,7.06,6.93,6.98,1000418
NVT,20150813,4.05,4.12,4.04,4.07,1545131
NWE,20150813,0.005,0.005,0.005,0.005,801750
NWF,20150813,0.845,0.845,0.845,0.845,25
NWH,20150813,0.17,0.175,0.165,0.175,289836
NWS,20150813,19.12,19.67,19.12,19.59,53756
NWZ,20150813,0.071,0.075,0.069,0.075,910925
NXR,20150813,0.105,0.105,0.1,0.1,80442
NXT,20150813,2.56,2.63,2.55,2.61,903792
NZO,20150813,0.44,0.44,0.44,0.44,100000
OAR,20150813,0.205,0.205,0.205,0.205,6029
OBJ,20150813,0.072,0.078,0.072,0.078,2781208
OCC,20150813,0.8,0.805,0.76,0.79,290878
OCL,20150813,1.95,1.96,1.92,1.92,8032
OEC,20150813,0.595,0.595,0.58,0.59,467060
OEL,20150813,0.056,0.06,0.056,0.059,665781
OEX,20150813,0.036,0.039,0.035,0.039,990429
OFX,20150813,2.61,2.61,2.545,2.58,1358654
OGC,20150813,2.51,2.6,2.51,2.54,344896
OGX,20150813,0.097,0.1,0.095,0.1,435515
OHE,20150813,3.6,3.6,3.6,3.6,285
OIL,20150813,0.048,0.049,0.048,0.049,60000
OLV,20150813,0.14,0.14,0.14,0.14,25000
OML,20150813,2.55,2.6,2.54,2.6,90819
OMT,20150813,0.059,0.06,0.057,0.06,615129
ONC,20150813,0.22,0.22,0.22,0.22,2500
ONT,20150813,6.68,6.7,6.68,6.68,1821
OOO,20150813,20.13,20.26,20.12,20.26,11790
ORA,20150813,2.18,2.24,2.16,2.18,1905521
ORE,20150813,1.79,1.825,1.69,1.73,456351
ORG,20150813,9.87,10.24,9.87,10.13,6363723
ORI,20150813,15.95,16.29,15.72,16.12,1828111
ORL,20150813,1.98,2.3,1.965,2.14,197926
ORS,20150813,0.011,0.012,0.011,0.012,177349
OSH,20150813,6.89,7.04,6.86,6.92,4030776
OSL,20150813,0.115,0.12,0.115,0.115,155714
OSP,20150813,0.795,0.8,0.77,0.8,166437
OTC,20150813,0.12,0.12,0.12,0.12,62500
OTH,20150813,0.64,0.64,0.64,0.64,62469
OVH,20150813,0.405,0.43,0.4,0.43,88531
OVL,20150813,0.008,0.008,0.007,0.008,1933333
OVR,20150813,0.01,0.01,0.009,0.009,1000000
OZB,20150813,0.008,0.009,0.008,0.009,2810498
OZF,20150813,20.28,20.65,20.28,20.62,6376
OZG,20150813,0.15,0.15,0.15,0.15,50000
OZL,20150813,3.59,3.76,3.58,3.71,2675699
OZR,20150813,7.55,7.58,7.5,7.5,6104
PAA,20150813,0.007,0.007,0.007,0.007,1695750
PAB,20150813,0.007,0.007,0.007,0.007,1871538
PAF,20150813,0.975,0.985,0.97,0.985,97017
PAN,20150813,0.375,0.38,0.355,0.38,310132
PBG,20150813,0.415,0.43,0.41,0.42,1904286
PBT,20150813,0.152,0.16,0.15,0.155,71260
PDN,20150813,0.2,0.2,0.19,0.195,4138320
PDZ,20150813,0.29,0.29,0.29,0.29,100000
PEA,20150813,0.39,0.39,0.39,0.39,12500
PEH,20150813,0.15,0.15,0.14,0.14,247941
PEK,20150813,0.067,0.067,0.062,0.064,500000
PEN,20150813,0.026,0.026,0.025,0.025,5045609
PEP,20150813,3.15,3.16,3.09,3.15,135267
PEX,20150813,0.235,0.235,0.225,0.23,110867
PFG,20150813,0.099,0.099,0.099,0.099,36363
PFL,20150813,1.15,1.15,1.13,1.13,12700
PGC,20150813,0.665,0.69,0.665,0.67,81272
PGF,20150813,1.08,1.085,1.07,1.075,1388170
PGH,20150813,4.49,4.52,4.48,4.48,304425
PGI,20150813,0.11,0.11,0.11,0.11,7703
PGL,20150813,0.195,0.195,0.195,0.195,10000
PGM,20150813,0.064,0.064,0.06,0.06,42375
PHG,20150813,0.525,0.53,0.525,0.53,70942
PIC,20150813,0.985,0.985,0.98,0.985,188338
PIO,20150813,0.016,0.017,0.015,0.017,952465
PIQ,20150813,0.35,0.35,0.33,0.33,23696
PLP,20150813,0.01,0.011,0.01,0.011,516667
PLS,20150813,0.115,0.12,0.115,0.115,1521292
PMC,20150813,1.94,1.95,1.89,1.95,238055
PME,20150813,2.09,2.15,2.09,2.11,48467
PMP,20150813,0.535,0.535,0.53,0.535,136750
PMV,20150813,12.83,13,12.71,12.97,162610
PMY,20150813,0.015,0.015,0.014,0.014,315641
PNC,20150813,1.72,1.75,1.72,1.75,26216
PNL,20150813,0.34,0.34,0.34,0.34,10468
PNR,20150813,0.051,0.052,0.051,0.052,263809
PNV,20150813,0.1,0.1,0.1,0.1,66646
PNX,20150813,0.014,0.014,0.012,0.012,2600000
POH,20150813,0.018,0.018,0.017,0.017,318404
POK,20150813,0.135,0.15,0.12,0.15,6869368
POS,20150813,0.075,0.077,0.072,0.073,660882
POU,20150813,21.1,21.1,21,21.06,63487
POZ,20150813,0.02,0.02,0.02,0.02,21001
PPC,20150813,1.095,1.115,1.085,1.11,694878
PPG,20150813,0.415,0.415,0.415,0.415,8500
PPL,20150813,0.44,0.44,0.42,0.42,42439
PPP,20150813,0.035,0.035,0.031,0.031,47680
PPS,20150813,0.305,0.325,0.305,0.32,86075
PPT,20150813,42.8,43.41,42.67,42.83,288430
PPX,20150813,0.025,0.027,0.025,0.027,122131
PRA,20150813,0.014,0.014,0.011,0.012,16813054
PRG,20150813,2.6,2.6,2.56,2.59,65944
PRO,20150813,1.83,1.97,1.83,1.93,324553
PRR,20150813,0.046,0.047,0.046,0.046,2672286
PRT,20150813,0.62,0.62,0.54,0.58,3719912
PRU,20150813,0.35,0.35,0.33,0.34,5992427
PRY,20150813,4.63,4.64,4.44,4.48,4404241
PSA,20150813,0.11,0.11,0.1,0.1,100000
PSF,20150813,0.008,0.008,0.007,0.007,1500000
PSY,20150813,0.12,0.125,0.12,0.125,86446
PSZ,20150813,0.72,0.73,0.705,0.73,27626
PTL,20150813,0.51,0.51,0.5,0.5,40000
PTM,20150813,7.13,7.15,6.92,6.92,2037156
PTX,20150813,0.065,0.065,0.065,0.065,33750
PVA,20150813,5.47,5.52,5.47,5.52,2749
PVD,20150813,0.058,0.059,0.055,0.058,1817067
PWN,20150813,0.039,0.039,0.039,0.039,134500
PXG,20150813,0.11,0.11,0.105,0.11,254005
PXS,20150813,0.205,0.205,0.195,0.2,339954
PYC,20150813,0.012,0.012,0.011,0.011,5400700
PYM,20150813,0.005,0.005,0.005,0.005,1700000
QAG,20150813,7.66,7.66,7.66,7.66,5060
QAN,20150813,3.73,3.77,3.65,3.66,6020961
QAU,20150813,11.84,11.84,11.79,11.79,21465
QBE,20150813,13.93,14.095,13.92,13.94,2267693
QBL,20150813,0.012,0.013,0.012,0.012,3470538
QCB,20150813,10.35,10.35,10.35,10.35,2500
QFN,20150813,11.4,11.4,11.4,11.4,5000
QFX,20150813,0.001,0.001,0.001,0.001,17673
QHL,20150813,0.195,0.195,0.19,0.19,88566
QMS,20150813,0.84,0.85,0.84,0.85,45028
QOZ,20150813,11.8,11.8,11.8,11.8,6813
QST,20150813,0.06,0.06,0.06,0.06,100000
QTG,20150813,0.004,0.004,0.004,0.004,500000
QTM,20150813,0.013,0.013,0.013,0.013,83333
QUB,20150813,2.32,2.36,2.31,2.31,1943729
QVE,20150813,1.055,1.055,1.05,1.05,77810
RAP,20150813,0.021,0.022,0.021,0.021,2898522
RBR,20150813,0.012,0.012,0.012,0.012,200000
RCB,20150813,20.42,20.46,20.42,20.46,3620
RCG,20150813,1.265,1.28,1.245,1.25,115243
RCO,20150813,0.22,0.23,0.22,0.23,44000
RCR,20150813,1.64,1.675,1.6,1.675,205138
RDF,20150813,0.35,0.35,0.345,0.35,120028
RDH,20150813,1.495,1.495,1.495,1.495,1250000
RDM,20150813,0.035,0.035,0.035,0.035,5150
RDS,20150813,0.024,0.024,0.024,0.024,264500
RDV,20150813,29.55,29.79,29.55,29.73,17642
REA,20150813,42.1,44.62,42.1,43.85,690464
REC,20150813,6.89,7.04,6.89,6.96,314590
RED,20150813,0.047,0.054,0.047,0.05,1411164
REF,20150813,0.135,0.135,0.135,0.135,50000
REG,20150813,5.85,5.92,5.835,5.9,1086720
REH,20150813,33,33.4,33,33.4,504
RER,20150813,0.035,0.035,0.035,0.035,150667
REY,20150813,0.091,0.091,0.091,0.091,19595
RFF,20150813,1.11,1.11,1.105,1.105,162310
RFG,20150813,4.91,4.93,4.8,4.81,633465
RFL,20150813,0.16,0.16,0.16,0.16,38106
RFN,20150813,0.5,0.51,0.46,0.5,1462447
RFX,20150813,0.23,0.23,0.22,0.22,127000
RGB,20150813,21.3,21.3,21.23,21.23,5455
RGS,20150813,0.145,0.145,0.14,0.145,98000
RGX,20150813,0.049,0.05,0.048,0.05,625324
RHC,20150813,62.59,63.13,62.27,62.7,420577
RHL,20150813,3.62,3.62,3.56,3.56,22336
RHP,20150813,1.57,1.65,1.565,1.65,247967
RHS,20150813,0.18,0.21,0.18,0.21,19530
RIC,20150813,1.25,1.275,1.25,1.265,120941
RIO,20150813,52.8,53,51.89,51.96,1724737
RKN,20150813,2.05,2.1,2.03,2.1,106184
RLE,20150813,0.115,0.13,0.115,0.13,63248
RMD,20150813,7.49,7.53,7.45,7.48,2749594
RMP,20150813,0.066,0.066,0.066,0.066,20000
RMR,20150813,0.002,0.002,0.002,0.002,450000
RMS,20150813,0.12,0.125,0.117,0.12,3845111
RMX,20150813,0.003,0.003,0.003,0.003,8849000
RND,20150813,1.85,1.85,1.85,1.85,3000
RNI,20150813,0.018,0.018,0.016,0.017,1724788
RNO,20150813,0.035,0.036,0.033,0.036,1316292
RNT,20150813,0.16,0.16,0.155,0.155,117500
RNU,20150813,0.014,0.014,0.014,0.014,75000
RNY,20150813,0.29,0.295,0.285,0.29,678000
ROG,20150813,0.002,0.002,0.002,0.002,300000
ROY,20150813,0.017,0.017,0.017,0.017,32350
RRL,20150813,1.43,1.47,1.415,1.425,4333327
RRS,20150813,0.012,0.012,0.012,0.012,425000
RSG,20150813,0.26,0.275,0.26,0.27,3123135
RSL,20150813,0.01,0.012,0.01,0.01,34936388
RSM,20150813,20.76,20.76,20.65,20.65,3197
RTD,20150813,0.001,0.001,0.001,0.001,1400000
RTG,20150813,0.56,0.6,0.56,0.6,83188
RTR,20150813,0.023,0.023,0.023,0.023,46877
RUB,20150813,0.041,0.041,0.041,0.041,20000
RUL,20150813,0.545,0.545,0.54,0.54,1239492
RUM,20150813,0.058,0.058,0.056,0.056,129082
RVL,20150813,29.09,29.09,29.09,29.09,175
RVR,20150813,0.145,0.145,0.145,0.145,15000
RVY,20150813,0.02,0.02,0.02,0.02,1615000
RWD,20150813,0.74,0.74,0.74,0.74,689
RXH,20150813,0.27,0.27,0.27,0.27,5496
RXL,20150813,0.019,0.019,0.019,0.019,600000
RXM,20150813,0.09,0.09,0.089,0.089,315735
RXP,20150813,0.55,0.55,0.54,0.55,32528
RYG,20150813,0.004,0.004,0.004,0.004,1437461
S32,20150813,1.68,1.695,1.66,1.675,13432869
SAI,20150813,4.38,4.43,4.38,4.38,1008402
SAR,20150813,0.42,0.425,0.4,0.405,2999952
SAU,20150813,0.018,0.02,0.017,0.017,2751388
SBB,20150813,0.055,0.057,0.055,0.057,33000
SBM,20150813,0.51,0.515,0.5,0.5,810957
SBR,20150813,0.018,0.018,0.018,0.018,1607
SCG,20150813,3.78,3.845,3.78,3.84,13359336
SCI,20150813,0.02,0.02,0.019,0.019,70000
SCP,20150813,2.1,2.11,2.04,2.04,2361457
SDA,20150813,3.67,3.67,3.57,3.6,11159
SDF,20150813,1.55,1.6,1.54,1.555,948769
SDG,20150813,1.65,1.65,1.645,1.65,43022
SDI,20150813,0.55,0.56,0.55,0.55,9581
SDL,20150813,0.018,0.019,0.018,0.019,710931
SDM,20150813,0.74,0.75,0.732,0.75,56153
SEA,20150813,0.46,0.465,0.45,0.455,719575
SEG,20150813,0.004,0.004,0.003,0.003,630000
SEH,20150813,0.09,0.092,0.088,0.089,6722381
SEK,20150813,14.1,14.3,14.09,14.1,1062407
SEN,20150813,0.205,0.215,0.2,0.2,1378409
SES,20150813,0.15,0.15,0.14,0.14,5000
SFG,20150813,0.064,0.07,0.064,0.07,409459
SFI,20150813,0.064,0.065,0.063,0.065,338837
SFL,20150813,0.36,0.36,0.35,0.35,15000
SFN,20150813,0.21,0.21,0.21,0.21,932
SFR,20150813,5.56,5.69,5.52,5.54,2026844
SFX,20150813,0.48,0.49,0.48,0.48,36871
SFY,20150813,52.67,52.94,52.6,52.8,10358
SGF,20150813,2.7,2.81,2.68,2.8,162539
SGH,20150813,3.26,3.29,3.16,3.2,2794840
SGM,20150813,9.16,9.4,9.16,9.3,476981
SGN,20150813,0.615,0.645,0.525,0.59,4188102
SGO,20150813,0.08,0.08,0.08,0.08,35000
SGP,20150813,4.1,4.17,4.1,4.13,10205780
SGQ,20150813,0.08,0.08,0.08,0.08,45821
SGZ,20150813,0.014,0.014,0.014,0.014,200000
SHE,20150813,0.042,0.042,0.04,0.04,1623454
SHJ,20150813,2.5,2.51,2.4,2.4,59935
SHL,20150813,20.54,20.85,20.35,20.48,1504101
SHM,20150813,1.05,1.07,1.05,1.07,75000
SHP,20150813,0.013,0.013,0.013,0.013,200000
SHV,20150813,11.5,11.67,11.29,11.47,625188
SIO,20150813,1.4,1.42,1.4,1.405,52451
SIP,20150813,0.83,0.84,0.82,0.82,2019934
SIQ,20150813,2.5,2.54,2.49,2.5,300073
SIR,20150813,2.74,2.8,2.74,2.78,2101425
SIT,20150813,0.26,0.26,0.25,0.25,405480
SIV,20150813,8.42,8.45,8.35,8.42,103010
SKB,20150813,0.3,0.3,0.3,0.3,37874
SKC,20150813,3.74,3.76,3.7,3.71,431957
SKE,20150813,1.645,1.66,1.625,1.65,1151010
SKI,20150813,1.885,1.92,1.885,1.905,4343206
SKT,20150813,5.15,5.17,5.09,5.11,391215
SLC,20150813,2.39,2.4,2.32,2.33,63698
SLF,20150813,11.48,11.73,11.47,11.7,75692
SLM,20150813,0.77,0.77,0.75,0.75,8896
SLR,20150813,0.14,0.15,0.14,0.15,1994472
SLX,20150813,0.44,0.45,0.44,0.44,39445
SMA,20150813,0.031,0.031,0.03,0.03,1927337
SMD,20150813,0.021,0.021,0.021,0.021,90000
SMN,20150813,0.4,0.405,0.39,0.405,65294
SMP,20150813,0.15,0.17,0.15,0.17,120000
SMX,20150813,3.55,3.6,3.48,3.6,32953
SNC,20150813,0.865,0.865,0.865,0.865,3646
SNY,20150813,0.074,0.075,0.07,0.07,215124
SOL,20150813,13.96,14.01,13.87,14,32774
SOM,20150813,2.71,2.71,2.57,2.57,45021
SOO,20150813,0.035,0.035,0.031,0.031,316511
SOR,20150813,0.2,0.2,0.185,0.185,533775
SPB,20150813,0.049,0.049,0.049,0.049,27264
SPK,20150813,2.46,2.47,2.43,2.46,1464620
SPL,20150813,0.635,0.68,0.63,0.675,37623
SPO,20150813,1.865,1.872,1.832,1.835,1934145
SPY,20150813,283.63,283.91,283.63,283.91,206
SPZ,20150813,0.145,0.145,0.145,0.145,16500
SRF,20150813,1.85,1.87,1.8,1.8,132444
SRI,20150813,0.069,0.069,0.066,0.067,616775
SRK,20150813,0.052,0.052,0.052,0.052,10000
SRQ,20150813,0.006,0.006,0.006,0.006,1047237
SRR,20150813,0.017,0.019,0.017,0.019,650689
SRV,20150813,6.19,6.19,6.09,6.19,26137
SRX,20150813,33.03,34.4,32.51,32.94,1223736
SSM,20150813,0.36,0.375,0.35,0.36,1742003
SSN,20150813,0.005,0.005,0.005,0.005,522828
SST,20150813,19.2,19.2,19.2,19.2,30
STA,20150813,0.009,0.01,0.009,0.01,200000
STO,20150813,6.51,6.7,6.51,6.58,6935465
STS,20150813,0.66,0.66,0.66,0.66,30345
STW,20150813,50.25,50.74,50.16,50.3,155905
STX,20150813,0.125,0.125,0.125,0.125,101255
SUD,20150813,0.04,0.044,0.04,0.042,2702541
SUL,20150813,9.44,9.47,9.305,9.43,877271
SUM,20150813,0.049,0.049,0.049,0.049,200000
SUN,20150813,13.5,13.55,13.4,13.4,3608380
SUR,20150813,0.001,0.001,0.001,0.001,23310110
SVA,20150813,0.55,0.55,0.54,0.54,75000
SVM,20150813,0.078,0.081,0.078,0.081,200000
SVW,20150813,5.09,5.21,5.04,5.04,844569
SVY,20150813,0.2,0.2,0.2,0.2,10000
SWK,20150813,0.145,0.145,0.14,0.14,61000
SWL,20150813,1.12,1.135,1.12,1.135,10597
SWM,20150813,0.85,0.87,0.847,0.855,1667489
SXA,20150813,0.075,0.079,0.075,0.079,120000
SXL,20150813,0.925,0.945,0.91,0.935,798944
SXX,20150813,0.003,0.003,0.003,0.003,269827
SXY,20150813,0.19,0.195,0.18,0.18,8724768
SYA,20150813,0.025,0.03,0.025,0.027,2338501
SYD,20150813,5.65,5.74,5.65,5.65,4755538
SYI,20150813,28.5,28.67,28.47,28.6,20924
SYP,20150813,0.007,0.008,0.007,0.008,451800
SYR,20150813,3.45,3.48,3.32,3.4,3788723
TAH,20150813,4.78,4.8,4.62,4.64,4158898
TAM,20150813,0.035,0.035,0.034,0.034,1494554
TAP,20150813,0.3,0.3,0.3,0.3,27000
TAR,20150813,0.08,0.08,0.08,0.08,6000
TAS,20150813,0.066,0.067,0.066,0.067,233061
TAW,20150813,0.005,0.005,0.005,0.005,1648910
TBR,20150813,3.85,4,3.85,4,8750
TCH,20150813,1.77,1.78,1.75,1.75,128475
TCL,20150813,9.84,9.93,9.82,9.83,3946345
TEN,20150813,0.215,0.22,0.215,0.215,2417523
TFC,20150813,1.61,1.61,1.58,1.61,234273
TGA,20150813,2.57,2.58,2.54,2.54,385992
TGG,20150813,1.4,1.4,1.385,1.39,136093
TGP,20150813,1.025,1.04,1.025,1.04,7723
TGR,20150813,3.6,3.67,3.58,3.64,525369
TGS,20150813,0.071,0.072,0.07,0.07,529371
TGZ,20150813,0.66,0.66,0.655,0.66,421109
THX,20150813,0.093,0.093,0.093,0.093,4000
TIG,20150813,0.073,0.075,0.072,0.072,157000
TIS,20150813,0.065,0.066,0.059,0.059,337778
TIX,20150813,2.53,2.53,2.5,2.5,75853
TLG,20150813,0.35,0.35,0.345,0.345,37965
TLM,20150813,0.57,0.57,0.5,0.535,566727
TLS,20150813,6.2,6.21,6.07,6.1,54869869
TME,20150813,2.86,2.86,2.74,2.78,1189086
TMK,20150813,0.004,0.004,0.004,0.004,5000000
TMP,20150813,0.55,0.585,0.55,0.56,430576
TNE,20150813,3.85,3.89,3.8,3.81,520162
TNG,20150813,0.195,0.195,0.19,0.195,693655
TNR,20150813,0.22,0.235,0.22,0.235,63804
TOE,20150813,0.066,0.07,0.065,0.067,671991
TOF,20150813,2.05,2.07,2.05,2.05,36254
TON,20150813,0.27,0.275,0.27,0.275,366290
TOP,20150813,0.465,0.465,0.465,0.465,65000
TOT,20150813,1.11,1.11,1.11,1.11,17500
TOX,20150813,2.84,2.89,2.81,2.81,103195
TPC,20150813,0.96,0.96,0.96,0.96,850
TPE,20150813,4.74,4.74,3.9,3.9,284762
TPI,20150813,0.665,0.695,0.665,0.67,3783694
TPM,20150813,9.05,9.1,8.98,9.01,1494128
TPP,20150813,0.07,0.074,0.07,0.074,1175000
TRG,20150813,7.67,7.83,7.63,7.69,32415
TRL,20150813,0.021,0.021,0.021,0.021,165954
TRS,20150813,6.07,6.16,6.07,6.09,62247
TRY,20150813,0.32,0.325,0.305,0.315,477771
TSE,20150813,1.185,1.22,1.18,1.19,1352046
TSM,20150813,0.34,0.34,0.34,0.34,71628
TSN,20150813,0.004,0.004,0.003,0.004,5499000
TSV,20150813,0.037,0.039,0.037,0.038,1640289
TTI,20150813,0.044,0.045,0.044,0.045,25495
TTN,20150813,0.064,0.064,0.064,0.064,33108
TTS,20150813,3.89,3.93,3.87,3.9,4335152
TUP,20150813,0.2,0.2,0.2,0.2,123149
TWD,20150813,3.48,3.48,3.48,3.48,3700
TWE,20150813,5.64,5.665,5.56,5.59,2097807
TYK,20150813,0.001,0.001,0.001,0.001,960131
TYX,20150813,0.019,0.019,0.019,0.019,80650
TZN,20150813,0.2,0.205,0.2,0.205,537795
UBE,20150813,21.15,21.15,21.15,21.15,5620
UBI,20150813,0.4,0.4,0.4,0.4,136542
UBN,20150813,1.395,1.42,1.31,1.42,17960
UGL,20150813,1.71,1.73,1.655,1.7,901660
UML,20150813,0.024,0.025,0.023,0.024,2344416
UNS,20150813,0.335,0.335,0.32,0.33,1049275
UNV,20150813,0.12,0.12,0.12,0.12,18000
UPG,20150813,0.78,0.78,0.78,0.78,4239
URF,20150813,2.04,2.04,2.03,2.03,7500
USD,20150813,13.44,13.44,13.23,13.27,473095
USF,20150813,2.24,2.24,2.24,2.24,9375
UUL,20150813,0.05,0.05,0.05,0.05,100000
UXC,20150813,1.02,1.025,1,1.025,659555
VAF,20150813,50.09,50.09,49.85,49.87,46861
VAH,20150813,0.44,0.445,0.435,0.435,357435
VAP,20150813,72.88,73.84,72.88,73.6,14953
VAS,20150813,69.35,69.35,68.55,68.55,48572
VEC,20150813,0.017,0.018,0.017,0.018,400000
VED,20150813,2.3,2.35,2.29,2.3,2142480
VET,20150813,0.096,0.097,0.095,0.097,135137
VEU,20150813,65.25,65.25,64.37,64.85,22912
VGB,20150813,49.19,49.2,48.95,49.03,8236
VGE,20150813,58,58,56.13,56.42,2921
VGS,20150813,59.74,59.97,59.67,59.94,9181
VHY,20150813,61.85,61.85,61.1,61.1,33158
VIC,20150813,0.001,0.001,0.001,0.001,7194887
VKA,20150813,0.012,0.012,0.012,0.012,205
VLA,20150813,0.675,0.69,0.67,0.67,56373
VLC,20150813,60.21,60.33,60.05,60.05,6797
VLW,20150813,2.24,2.28,2.21,2.21,110136
VMC,20150813,0.21,0.23,0.21,0.23,34430
VMG,20150813,0.004,0.005,0.004,0.005,906676
VML,20150813,0.034,0.034,0.034,0.034,150000
VMT,20150813,0.41,0.42,0.405,0.405,197028
VOC,20150813,5.91,6,5.86,5.98,1252134
VRL,20150813,6.17,6.28,6.08,6.08,225309
VRT,20150813,5.09,5.24,5.09,5.18,181319
VRX,20150813,0.042,0.044,0.04,0.043,919727
VSC,20150813,0.82,0.82,0.8,0.81,700260
VSO,20150813,42.1,42.18,42.06,42.15,3999
VTG,20150813,1.975,2.02,1.95,1.97,179693
VTS,20150813,146.65,146.9,145.9,146.75,19893
VTX,20150813,0.046,0.048,0.045,0.046,1382417
VXL,20150813,0.245,0.245,0.24,0.24,77167
WAA,20150813,0.96,0.96,0.955,0.96,72792
WAM,20150813,1.995,2.01,1.99,2,447708
WAX,20150813,1.21,1.22,1.205,1.21,86823
WBA,20150813,1.485,1.51,1.485,1.51,106811
WBC,20150813,31.87,32.18,31.7,31.8,4501682
WCN,20150813,0.007,0.007,0.007,0.007,1855000
WDE,20150813,0.965,0.995,0.965,0.995,121133
WDS,20150813,0.115,0.12,0.11,0.12,347956
WEB,20150813,4.12,4.16,4.095,4.14,37865
WEC,20150813,0.25,0.25,0.25,0.25,120000
WEL,20150813,0.05,0.05,0.05,0.05,100000
WES,20150813,41,41.29,40.8,40.85,1480322
WFD,20150813,9.55,9.78,9.53,9.76,6347162
WGO,20150813,0.006,0.006,0.006,0.006,1677082
WHC,20150813,1.045,1.115,0.977,1,9454346
WHE,20150813,0.15,0.15,0.15,0.15,150000
WHF,20150813,4.41,4.41,4.4,4.4,25525
WHN,20150813,0.001,0.001,0.001,0.001,4215000
WIC,20150813,0.88,0.88,0.87,0.88,45500
WIG,20150813,1.1,1.1,1.06,1.06,11890
WIN,20150813,0.08,0.081,0.076,0.076,313054
WKT,20150813,0.004,0.004,0.003,0.004,31992421
WLF,20150813,0.33,0.33,0.32,0.32,209115
WLL,20150813,4.01,4.02,4,4,7904
WMK,20150813,0.91,0.915,0.91,0.91,27850
WMN,20150813,0.36,0.365,0.325,0.325,279363
WOF,20150813,0.01,0.01,0.01,0.01,47000
WOR,20150813,8.36,8.45,8.25,8.26,1569196
WOW,20150813,27.05,27.25,26.94,27,2392501
WPI,20150813,0.024,0.024,0.023,0.023,1743424
WPL,20150813,33.61,34.385,33.61,34.05,1984771
WSA,20150813,2.84,2.86,2.77,2.83,1427574
WTP,20150813,0.89,0.905,0.89,0.89,119464
WWI,20150813,0.012,0.013,0.012,0.013,410857
XRF,20150813,0.215,0.22,0.21,0.21,52586
XRO,20150813,14.7,15,14.6,14.6,35573
XST,20150813,0.004,0.004,0.004,0.004,1267962
XTD,20150813,0.155,0.155,0.15,0.15,100000
XTE,20150813,0.435,0.435,0.435,0.435,3700
XTV,20150813,0.02,0.02,0.019,0.019,1446751
YAL,20150813,0.12,0.12,0.12,0.12,100000
YBR,20150813,0.455,0.465,0.45,0.465,48239
YOW,20150813,1.15,1.16,1.13,1.16,518933
YPB,20150813,0.24,0.24,0.225,0.225,38016
YRR,20150813,0.01,0.01,0.01,0.01,900000
ZGL,20150813,0.185,0.185,0.185,0.185,65507
ZIM,20150813,6.5,6.5,6.5,6.5,267
ZIP,20150813,1.19,1.23,1.14,1.16,847146
ZNZ,20150813,5.28,5.28,5.28,5.28,155000
XAF,20150813,5450.1,5497.9,5450.1,5457.8,0
XAO,20150813,5383.5,5425,5383.5,5389,0
XAT,20150813,5331.9,5376.1,5331.9,5337.7,0
XDJ,20150813,1857.9,1881.3,1857.7,1864.4,0
XEC,20150813,997.1,999.6,994.7,999.5,0
XEJ,20150813,9994.5,10259.3,9994.2,10146.7,0
XFJ,20150813,6232.2,6289.8,6232.2,6249.5,0
XFL,20150813,5510.9,5559.3,5510.9,5518.6,0
XGD,20150813,2171.5,2286.3,2171.5,2241.3,0
XHJ,20150813,18643.8,18758.9,18520.3,18601.2,0
XIJ,20150813,733.2,733.2,704,706.1,0
XJO,20150813,5382.1,5426.2,5382.1,5387.9,0
XJR,20150813,3012.4,3091.4,3012.4,3050.5,0
XKO,20150813,5323.9,5366.7,5323.9,5329.4,0
XMD,20150813,4925.1,4946.5,4911.5,4912.4,0
XMJ,20150813,8206.7,8360.7,8206.7,8260.9,0
XMM,20150813,2383.8,2446.8,2383.8,2411.7,0
XNJ,20150813,4659.1,4687,4639,4641,0
XPJ,20150813,1265.1,1270,1256.5,1267,0
XSJ,20150813,8640.9,8698.7,8610.7,8617.2,0
XSO,20150813,2021.2,2036.7,2021.2,2026.1,0
XTJ,20150813,2205.9,2205.9,2153.3,2159.9,0
XTL,20150813,3311.3,3341.4,3311.3,3317.8,0
XTO,20150813,4494.1,4531.2,4494.1,4498.3,0
XUJ,20150813,6595.5,6685.6,6584.3,6629.8,0
XXJ,20150813,7167.5,7243.5,7167.5,7189.2,0
