1PG,20150730,2.68,2.73,2.57,2.65,230565
1ST,20150730,0.115,0.125,0.11,0.125,217300
3DM,20150730,0.098,0.098,0.094,0.094,125356
3PL,20150730,2.3,2.31,2.22,2.25,450853
88E,20150730,0.012,0.012,0.011,0.011,15964446
8IH,20150730,0.8,0.83,0.8,0.83,16900
A2M,20150730,0.755,0.755,0.745,0.745,464844
AAA,20150730,50.18,50.2,50.18,50.2,37506
AAC,20150730,1.435,1.44,1.42,1.43,492508
AAD,20150730,2.37,2.42,2.35,2.39,1743149
AAX,20150730,0.325,0.33,0.325,0.33,106069
AB1,20150730,0.19,0.19,0.19,0.19,20357
ABA,20150730,5.2,5.2,5.2,5.2,1600
ABC,20150730,4.79,4.82,4.755,4.76,842255
ABP,20150730,3.05,3.06,3.01,3.04,351605
ABU,20150730,0.205,0.21,0.2,0.21,448140
ABV,20150730,0.006,0.006,0.006,0.006,1717930
ABW,20150730,0.96,0.96,0.96,0.96,20800
ABX,20150730,0.25,0.25,0.25,0.25,3700
ABY,20150730,0.21,0.21,0.21,0.21,8000
ACB,20150730,0.026,0.027,0.025,0.025,750000
ACG,20150730,0.195,0.2,0.195,0.2,451750
ACK,20150730,0.44,0.44,0.44,0.44,87700
ACL,20150730,0.033,0.033,0.032,0.032,323749
ACO,20150730,2.2,2.25,2.18,2.18,126582
ACQ,20150730,0.75,0.75,0.74,0.74,25500
ACR,20150730,0.7,0.705,0.685,0.685,889070
ACU,20150730,0.105,0.105,0.095,0.098,914303
ACW,20150730,0.059,0.062,0.057,0.061,1237394
ACX,20150730,3.48,3.48,3.44,3.45,44045
ADA,20150730,0.965,0.98,0.965,0.975,213913
ADH,20150730,2.81,2.88,2.76,2.77,212910
ADJ,20150730,0.089,0.091,0.086,0.09,3203467
ADN,20150730,0.032,0.032,0.032,0.032,95117
ADO,20150730,0.115,0.12,0.11,0.115,3639876
ADV,20150730,0.007,0.007,0.007,0.007,1577143
ADY,20150730,0.019,0.019,0.019,0.019,5600
AEB,20150730,0.05,0.052,0.05,0.051,125680
AEE,20150730,0.021,0.021,0.021,0.021,223811
AEF,20150730,61.05,61.05,61,61.05,356
AEI,20150730,0.44,0.46,0.44,0.46,62000
AEK,20150730,0.063,0.067,0.063,0.067,43660
AFG,20150730,1.175,1.175,1.16,1.17,107874
AFI,20150730,6.37,6.38,6.32,6.35,254533
AFJ,20150730,0.74,0.765,0.725,0.73,250246
AFR,20150730,0.052,0.052,0.052,0.052,8000
AGF,20150730,1.36,1.375,1.345,1.36,1139430
AGG,20150730,1.79,1.79,1.79,1.79,1176
AGI,20150730,2.73,2.77,2.71,2.77,400956
AGL,20150730,16.16,16.35,16.03,16.3,1957328
AGO,20150730,0.035,0.037,0.034,0.035,42280364
AGR,20150730,0.14,0.155,0.14,0.155,1689000
AGS,20150730,0.125,0.125,0.125,0.125,1207578
AGX,20150730,0.012,0.012,0.012,0.012,57422
AHA,20150730,0.01,0.01,0.01,0.01,20000
AHD,20150730,12.64,12.66,12.6,12.6,9690
AHF,20150730,0.195,0.195,0.19,0.19,359461
AHG,20150730,4.41,4.44,4.38,4.42,416538
AHK,20150730,0.06,0.06,0.06,0.06,100000
AHY,20150730,1.68,1.7,1.66,1.695,2143482
AHZ,20150730,0.089,0.092,0.088,0.089,7259233
AIA,20150730,4.8,4.89,4.79,4.86,65463
AIO,20150730,8.13,8.17,8.1,8.14,2349893
AIQ,20150730,0.115,0.12,0.115,0.12,109621
AIY,20150730,0.03,0.03,0.03,0.03,908878
AIZ,20150730,2.43,2.45,2.4,2.4,15095
AJA,20150730,5.15,5.19,5.07,5.18,137744
AJC,20150730,0.002,0.002,0.002,0.002,28267
AJD,20150730,1.28,1.28,1.26,1.26,96163
AJL,20150730,0.3,0.3,0.3,0.3,37026
AJM,20150730,0.019,0.019,0.019,0.019,92940
AJQ,20150730,0.047,0.047,0.047,0.047,200000
AJX,20150730,0.775,0.775,0.75,0.75,324715
AKF,20150730,0.079,0.079,0.077,0.077,1400000
AKG,20150730,0.55,0.55,0.55,0.55,90000
AKK,20150730,0.024,0.026,0.024,0.025,400405
AKM,20150730,0.017,0.017,0.017,0.017,213618
AKP,20150730,7.9,7.9,7.8,7.9,1025
ALA,20150730,0.094,0.094,0.094,0.094,42728
ALF,20150730,1.36,1.365,1.35,1.36,93507
ALI,20150730,1.99,1.99,1.975,1.99,173579
ALK,20150730,0.24,0.24,0.22,0.22,503807
ALL,20150730,8.62,8.64,8.47,8.5,1538291
ALQ,20150730,5.36,5.48,5.15,5.48,3936025
ALT,20150730,0.008,0.008,0.007,0.008,850267
ALU,20150730,4.15,4.42,4.15,4.4,413008
ALY,20150730,0.031,0.033,0.03,0.03,549000
AMA,20150730,0.655,0.675,0.655,0.67,272046
AMB,20150730,0.15,0.15,0.15,0.15,190000
AMC,20150730,14.46,14.58,14.26,14.28,1772967
AMH,20150730,0.94,0.95,0.94,0.945,58910
AMI,20150730,0.042,0.043,0.041,0.043,696970
AMN,20150730,0.2,0.2,0.2,0.2,101467
AMP,20150730,6.55,6.68,6.52,6.64,8716283
ANG,20150730,0.445,0.45,0.435,0.435,45259
ANI,20150730,2.28,2.31,2.28,2.31,51186
ANN,20150730,24.5,24.67,24.3,24.64,682530
ANO,20150730,0.039,0.042,0.039,0.04,1365993
ANP,20150730,0.1,0.1,0.1,0.1,63242
ANQ,20150730,0.003,0.003,0.003,0.003,7260161
ANR,20150730,0.855,0.91,0.855,0.91,30360
ANZ,20150730,32.4,32.57,32.2,32.47,4445845
AOD,20150730,0.855,0.855,0.85,0.85,218000
AOG,20150730,2.79,2.8,2.76,2.77,798914
AOH,20150730,0.11,0.115,0.11,0.11,102499
AOK,20150730,0.075,0.076,0.075,0.075,1270637
AON,20150730,0.047,0.047,0.046,0.046,96686
AOP,20150730,0.026,0.026,0.026,0.026,10000
AOW,20150730,0.14,0.145,0.14,0.145,45000
APA,20150730,8.86,9.01,8.82,8.97,1934363
APE,20150730,10.59,10.89,10.59,10.65,894704
APG,20150730,0.01,0.013,0.01,0.013,1154187
API,20150730,1.61,1.655,1.605,1.63,233754
APN,20150730,0.705,0.72,0.69,0.72,950730
APO,20150730,3.04,3.07,3.02,3.05,171022
APW,20150730,0.13,0.13,0.13,0.13,15920
APX,20150730,0.69,0.71,0.68,0.69,702428
APY,20150730,0.004,0.004,0.004,0.004,7283970
APZ,20150730,1.35,1.35,1.35,1.35,7500
AQC,20150730,0.007,0.008,0.007,0.007,2240284
AQD,20150730,0.023,0.023,0.022,0.023,331608
AQG,20150730,2.89,2.89,2.81,2.81,106016
AQP,20150730,0.13,0.13,0.125,0.13,2300887
AQR,20150730,0.08,0.08,0.065,0.065,8910
AQU,20150730,0.14,0.14,0.14,0.14,16429
AQZ,20150730,0.495,0.495,0.495,0.495,10200
ARA,20150730,0.38,0.38,0.38,0.38,1700
ARB,20150730,13.48,13.94,13.37,13.88,80701
ARF,20150730,1.61,1.62,1.575,1.62,155810
ARG,20150730,8.22,8.26,8.16,8.22,127158
ARI,20150730,0.13,0.13,0.125,0.125,2611344
ARU,20150730,0.05,0.05,0.048,0.048,152277
ARV,20150730,0.001,0.001,0.001,0.001,499000
ASB,20150730,1.88,1.94,1.88,1.93,189298
ASH,20150730,0.545,0.56,0.54,0.555,86075
ASL,20150730,0.31,0.32,0.305,0.31,133320
AST,20150730,1.345,1.355,1.34,1.355,5568680
ASW,20150730,0.715,0.715,0.715,0.715,4440
ASX,20150730,43.7,43.94,43.38,43.81,290991
ASZ,20150730,1.05,1.05,1.04,1.05,153299
ATC,20150730,0.065,0.065,0.065,0.065,77944
ATP,20150730,0.041,0.041,0.041,0.041,304502
ATU,20150730,0.68,0.685,0.65,0.685,150106
AUB,20150730,9.05,9.18,8.95,9.1,65659
AUF,20150730,1.32,1.36,1.25,1.36,86443
AUI,20150730,8.35,8.44,8.35,8.44,8900
AUQ,20150730,0.017,0.018,0.015,0.015,1896189
AUZ,20150730,0.005,0.005,0.005,0.005,591750
AVB,20150730,0.07,0.07,0.068,0.069,434686
AVG,20150730,0.39,0.39,0.39,0.39,49047
AVH,20150730,0.087,0.087,0.087,0.087,1849
AVJ,20150730,0.65,0.65,0.645,0.645,19709
AVQ,20150730,0.385,0.385,0.375,0.375,470844
AVX,20150730,0.007,0.007,0.006,0.007,5194333
AVZ,20150730,0.01,0.01,0.009,0.009,460000
AWC,20150730,1.49,1.495,1.457,1.485,20311181
AWD,20150730,0.011,0.011,0.01,0.01,4536887
AWE,20150730,1.235,1.26,1.225,1.26,2052158
AWI,20150730,0.29,0.29,0.29,0.29,250000
AWV,20150730,0.036,0.036,0.036,0.036,200000
AXE,20150730,0.087,0.09,0.087,0.09,25000
AXP,20150730,0.775,0.775,0.77,0.77,22689
AXZ,20150730,0.4,0.4,0.4,0.4,7500
AYS,20150730,1.97,2.08,1.96,2.02,1031579
AZJ,20150730,5.34,5.36,5.28,5.29,5102991
AZM,20150730,0.024,0.024,0.024,0.024,100000
AZS,20150730,0.012,0.012,0.012,0.012,713448
AZV,20150730,0.16,0.17,0.16,0.17,874304
AZY,20150730,0.009,0.009,0.009,0.009,345487
AZZ,20150730,0.11,0.11,0.11,0.11,228729
BAF,20150730,1.02,1.03,1.01,1.03,42782
BAL,20150730,4.65,4.89,4.47,4.77,857983
BAP,20150730,3.45,3.54,3.45,3.5,499412
BAU,20150730,0.06,0.06,0.06,0.06,128561
BBG,20150730,0.59,0.59,0.57,0.585,520331
BBR,20150730,0.15,0.15,0.15,0.15,2013
BBX,20150730,0.011,0.011,0.011,0.011,1071868
BCI,20150730,0.275,0.285,0.27,0.275,861317
BCK,20150730,0.031,0.031,0.03,0.03,362150
BCT,20150730,0.038,0.038,0.031,0.035,602896
BDR,20150730,0.125,0.125,0.12,0.125,1649377
BEAR,20150730,16.85,16.86,16.78,16.78,23765
BEL,20150730,0.13,0.13,0.125,0.125,120000
BEN,20150730,13.1,13.15,13.04,13.12,1336142
BFG,20150730,0.475,0.475,0.475,0.475,2217
BGA,20150730,4.64,4.71,4.61,4.7,78869
BGL,20150730,0.695,0.695,0.67,0.67,152167
BGS,20150730,0.008,0.008,0.008,0.008,110000
BHP,20150730,26.22,26.62,26.2,26.5,7534128
BIG,20150730,0.21,0.235,0.21,0.235,65256
BIT,20150730,0.105,0.105,0.105,0.105,183167
BKI,20150730,1.755,1.76,1.745,1.75,144634
BKL,20150730,87.9,87.9,86.51,86.89,20441
BKM,20150730,0.001,0.001,0.001,0.001,30000
BKN,20150730,1.22,1.23,1.19,1.2,828909
BKT,20150730,0.035,0.037,0.035,0.035,174841
BKW,20150730,14.9,14.95,14.84,14.94,80962
BKY,20150730,0.35,0.365,0.35,0.35,113458
BLA,20150730,4.39,4.63,4.39,4.61,69212
BLD,20150730,6.7,6.7,6.62,6.63,2475263
BLK,20150730,0.145,0.145,0.145,0.145,127128
BLR,20150730,0.002,0.002,0.002,0.002,2738282
BLT,20150730,0.9,0.915,0.88,0.89,100657
BLX,20150730,2.02,2.05,1.945,1.945,54090
BLY,20150730,0.115,0.12,0.115,0.115,151916
BMG,20150730,0.009,0.009,0.009,0.009,251250
BML,20150730,0.01,0.01,0.007,0.007,8579160
BMN,20150730,0.041,0.042,0.041,0.042,44765
BMY,20150730,0.013,0.013,0.013,0.013,660000
BMZ,20150730,0.011,0.011,0.01,0.01,3400609
BNE,20150730,0.01,0.01,0.01,0.01,737304
BNO,20150730,0.44,0.45,0.43,0.43,121317
BNR,20150730,0.025,0.025,0.025,0.025,83922
BOA,20150730,0.175,0.175,0.17,0.17,13817
BOK,20150730,0.25,0.25,0.25,0.25,634
BOL,20150730,0.115,0.12,0.115,0.12,145383
BOQ,20150730,13.55,13.74,13.53,13.69,1404691
BPA,20150730,5,5,5,5,133
BPF,20150730,0.285,0.285,0.28,0.285,82500
BPH,20150730,0.007,0.007,0.007,0.007,94050
BPL,20150730,0.035,0.035,0.034,0.034,619638
BPS,20150730,0.77,0.77,0.75,0.765,26160
BPT,20150730,0.935,0.97,0.92,0.965,8480503
BRC,20150730,0.25,0.25,0.25,0.25,15000
BRG,20150730,6.77,7.14,6.7,7.05,345029
BRL,20150730,0.016,0.019,0.015,0.015,12084523
BRO,20150730,0.002,0.002,0.002,0.002,250000
BRU,20150730,0.41,0.415,0.4,0.4,427310
BSA,20150730,0.17,0.17,0.17,0.17,380210
BSL,20150730,3.6,3.69,3.53,3.67,4455882
BSM,20150730,0.006,0.006,0.006,0.006,125000
BSN,20150730,0.004,0.004,0.004,0.004,1000000
BSR,20150730,0.012,0.012,0.011,0.012,577920
BST,20150730,0.835,0.835,0.83,0.83,10000
BTI,20150730,0.855,0.855,0.855,0.855,18431
BTT,20150730,9.65,9.68,9.55,9.61,727693
BUG,20150730,0.6,0.6,0.6,0.6,1752
BUL,20150730,0.019,0.019,0.019,0.019,38900
BUY,20150730,0.01,0.01,0.01,0.01,77568
BWF,20150730,0.33,0.33,0.33,0.33,7238
BWP,20150730,3.35,3.36,3.31,3.32,1239909
BWR,20150730,1.235,1.235,1.2,1.2,13078
BXB,20150730,10.9,10.98,10.81,10.83,4997094
BXN,20150730,0.013,0.013,0.013,0.013,2538489
BYI,20150730,1.4,1.4,1.4,1.4,9603
BYL,20150730,0.37,0.38,0.37,0.37,34414
BZL,20150730,0.01,0.01,0.01,0.01,10000
CAA,20150730,0.155,0.155,0.155,0.155,600000
CAB,20150730,3.35,3.38,3.31,3.34,225472
CAE,20150730,0.01,0.01,0.01,0.01,200000
CAF,20150730,0.49,0.49,0.49,0.49,500
CAJ,20150730,0.725,0.73,0.71,0.71,851119
CAM,20150730,0.9,0.91,0.9,0.91,163842
CAP,20150730,0.029,0.029,0.029,0.029,20000
CAQ,20150730,0.155,0.155,0.155,0.155,1464
CAR,20150730,10.46,10.52,10.35,10.5,622916
CAS,20150730,0.14,0.14,0.14,0.14,34000
CAT,20150730,1.37,1.46,1.37,1.44,86473
CAV,20150730,0.027,0.027,0.026,0.027,1771247
CAY,20150730,0.047,0.047,0.047,0.047,3500
CBA,20150730,86.93,87.43,86.63,87.08,1939579
CCL,20150730,9.22,9.22,9.15,9.18,1912117
CCP,20150730,13.31,13.48,13.25,13.39,58007
CCV,20150730,0.71,0.71,0.7,0.7,38258
CDA,20150730,1.2,1.2,1.18,1.195,28317
CDD,20150730,2.83,2.89,2.8,2.86,681546
CDG,20150730,0.048,0.048,0.048,0.048,4130
CDM,20150730,1.45,1.455,1.44,1.45,466688
CDP,20150730,6.45,6.59,6.45,6.52,11221
CDU,20150730,1.34,1.36,1.25,1.25,436049
CDV,20150730,0.065,0.065,0.065,0.065,49783
CDY,20150730,0.034,0.037,0.034,0.036,7448803
CEL,20150730,0.043,0.043,0.041,0.043,788087
CFE,20150730,0.018,0.018,0.018,0.018,1017555
CGC,20150730,2.12,2.14,2.09,2.11,1938293
CGF,20150730,7.06,7.17,7.03,7.11,1423412
CGH,20150730,0.16,0.175,0.16,0.17,207849
CGL,20150730,3.75,3.84,3.75,3.84,20950
CGN,20150730,0.084,0.093,0.084,0.093,351708
CGS,20150730,0.25,0.25,0.24,0.24,13500
CGW,20150730,0.565,0.58,0.565,0.58,223000
CHC,20150730,4.73,4.73,4.63,4.69,1017105
CHP,20150730,0.002,0.003,0.002,0.003,800000
CHR,20150730,3.2,3.2,3.11,3.11,5338
CHZ,20150730,0.033,0.034,0.033,0.033,1166189
CIA,20150730,0.15,0.15,0.15,0.15,100000
CIM,20150730,23.75,23.765,23.41,23.51,424493
CIR,20150730,0.21,0.21,0.205,0.205,17600
CJC,20150730,0.005,0.005,0.005,0.005,652832
CKA,20150730,0.09,0.092,0.09,0.092,469647
CKF,20150730,3.05,3.12,3.02,3.08,93459
CKL,20150730,0.485,0.485,0.485,0.485,14529
CL8,20150730,0.027,0.027,0.026,0.026,1321086
CLH,20150730,2.22,2.29,2.22,2.29,103623
CLQ,20150730,0.185,0.19,0.17,0.18,2175288
CLV,20150730,0.195,0.205,0.19,0.205,40242
CLX,20150730,1.27,1.27,1.265,1.265,6676
CM8,20150730,0.235,0.275,0.235,0.275,978442
CMA,20150730,2.06,2.06,2.04,2.04,337904
CMI,20150730,1.58,1.58,1.58,1.58,1000
CMP,20150730,0.3,0.305,0.28,0.29,166500
CMW,20150730,1.105,1.105,1.1,1.1,1310827
CND,20150730,0.27,0.27,0.27,0.27,50000
CNI,20150730,0.92,0.92,0.92,0.92,7904
CNQ,20150730,0.099,0.105,0.099,0.105,465880
CNU,20150730,2.58,2.6,2.57,2.6,73831
CNW,20150730,0.031,0.031,0.029,0.029,4706014
CNX,20150730,0.017,0.017,0.017,0.017,363565
COE,20150730,0.245,0.26,0.245,0.255,164109
COF,20150730,0.155,0.16,0.155,0.16,94706
COH,20150730,91,91.86,90.4,90.82,125922
COK,20150730,0.002,0.002,0.002,0.002,4890000
COO,20150730,0.145,0.15,0.145,0.15,1263000
COT,20150730,0.09,0.09,0.09,0.09,5019
CPU,20150730,12.25,12.39,12.15,12.33,2142708
CQC,20150730,0.025,0.025,0.025,0.025,100000
CQR,20150730,4.29,4.305,4.25,4.27,366160
CSD,20150730,0.066,0.069,0.066,0.069,100000
CSL,20150730,98.2,98.64,95.93,96.35,1369541
CSR,20150730,3.7,3.76,3.68,3.71,5878238
CSS,20150730,0.065,0.066,0.065,0.066,705087
CSV,20150730,1.63,1.64,1.62,1.64,61631
CTD,20150730,10.5,10.64,10.41,10.58,304581
CTM,20150730,0.005,0.006,0.005,0.006,318724
CTN,20150730,1.06,1.065,1.055,1.065,113984
CTO,20150730,0.028,0.032,0.028,0.032,628180
CTP,20150730,0.135,0.14,0.135,0.135,408678
CTR,20150730,0.08,0.082,0.08,0.082,104170
CTT,20150730,0.01,0.01,0.01,0.01,182000
CTX,20150730,34.24,34.67,34.04,34.64,545493
CUE,20150730,0.071,0.071,0.071,0.071,3000
CUP,20150730,1.08,1.085,1.08,1.08,90000
CUV,20150730,2.7,2.95,2.7,2.95,9826
CUX,20150730,0.009,0.009,0.009,0.009,70000
CVN,20150730,0.115,0.12,0.115,0.12,6685893
CVO,20150730,2.35,2.37,2.33,2.36,166320
CVT,20150730,0.32,0.35,0.32,0.34,876064
CVW,20150730,0.935,0.935,0.935,0.935,13019
CWC,20150730,0.7,0.75,0.7,0.72,723661
CWE,20150730,0.05,0.05,0.049,0.049,83138
CWN,20150730,13.52,13.635,13.45,13.52,1061276
CWP,20150730,5.11,5.17,5.1,5.11,102347
CXB,20150730,0.073,0.073,0.072,0.072,110000
CXM,20150730,0.067,0.067,0.066,0.066,418714
CXO,20150730,0.024,0.024,0.024,0.024,34001
CXU,20150730,0.195,0.195,0.195,0.195,17000
CXZ,20150730,0.19,0.19,0.185,0.185,8333
CYA,20150730,0.865,0.865,0.865,0.865,27314
CYP,20150730,0.71,0.735,0.68,0.69,330385
CYY,20150730,0.078,0.078,0.07,0.077,2588988
CZI,20150730,0.066,0.066,0.065,0.065,165940
CZL,20150730,0.037,0.038,0.037,0.038,100000
CZZ,20150730,13.78,14.5,13.65,14.5,16286
DCC,20150730,0.145,0.145,0.135,0.135,347511
DCG,20150730,1.085,1.115,1.08,1.09,124345
DCN,20150730,0.425,0.43,0.42,0.43,208857
DDR,20150730,2.15,2.18,2.14,2.14,2876
DDT,20150730,0.023,0.023,0.022,0.022,289895
DGR,20150730,0.032,0.033,0.032,0.033,321624
DIG,20150730,0.4,0.4,0.4,0.4,30000
DJW,20150730,4.87,4.91,4.85,4.89,104595
DLS,20150730,0.88,0.92,0.875,0.9,894997
DLX,20150730,5.92,6.1,5.9,6.04,1737847
DME,20150730,0.43,0.44,0.43,0.44,20000
DMP,20150730,38.6,39.08,38.31,39.01,178108
DMY,20150730,0.03,0.031,0.027,0.031,1629119
DNA,20150730,0.75,0.76,0.715,0.72,553332
DNK,20150730,0.36,0.36,0.33,0.34,169587
DOW,20150730,4.56,4.57,4.5,4.52,2327608
DRA,20150730,0.15,0.15,0.15,0.15,62000
DRM,20150730,0.435,0.435,0.42,0.425,48149
DSB,20150730,0.061,0.061,0.061,0.061,30000
DSH,20150730,2,2,1.985,1.99,1925681
DSX,20150730,0.11,0.11,0.105,0.105,208979
DTI,20150730,0.285,0.3,0.285,0.3,30000
DTL,20150730,0.995,0.995,0.975,0.99,124946
DTR,20150730,0.012,0.012,0.012,0.012,95000
DUB,20150730,0.28,0.28,0.275,0.275,117769
DUE,20150730,2.16,2.19,2.15,2.19,5132908
DUI,20150730,3.62,3.63,3.6,3.6,23945
DUO,20150730,0.008,0.008,0.008,0.008,2155651
DVA,20150730,0.5,0.5,0.5,0.5,145000
DVI,20150730,0.016,0.018,0.016,0.017,5685650
DVL,20150730,0.295,0.295,0.295,0.295,1050
DVN,20150730,0.65,0.65,0.65,0.65,17
DWS,20150730,0.86,0.87,0.86,0.865,183189
DXS,20150730,7.66,7.7,7.585,7.65,2883223
DYE,20150730,0.235,0.24,0.235,0.24,82185
DYL,20150730,0.009,0.009,0.008,0.008,1589301
E88,20150730,0.155,0.155,0.14,0.14,1245015
EAF,20150730,0.006,0.007,0.006,0.006,500000
EAL,20150730,0.155,0.16,0.155,0.16,19500
EAX,20150730,1.09,1.09,1.05,1.05,17055
EBT,20150730,3.43,3.43,3.42,3.42,269918
ECG,20150730,0.26,0.27,0.26,0.27,56001
ECX,20150730,3.15,3.16,3.14,3.15,128389
EDE,20150730,0.065,0.073,0.064,0.07,18350792
EEG,20150730,0.023,0.023,0.023,0.023,155000
EGG,20150730,0.71,0.71,0.71,0.71,3360
EGH,20150730,0.515,0.52,0.51,0.52,35662
EGI,20150730,1.17,1.18,1.14,1.145,95023
EGO,20150730,0.006,0.006,0.004,0.005,67751971
EGP,20150730,4.95,4.97,4.91,4.94,2439608
EHE,20150730,6,6.13,5.99,6.03,818072
EHL,20150730,0.082,0.084,0.08,0.081,699466
ELD,20150730,3.9,3.97,3.88,3.97,187815
ELK,20150730,0.032,0.032,0.032,0.032,20000
ELM,20150730,0.175,0.175,0.15,0.155,580466
ELT,20150730,0.007,0.007,0.007,0.007,1055446
ELX,20150730,0.335,0.335,0.325,0.335,1356934
EME,20150730,0.099,0.099,0.099,0.099,10000
EMG,20150730,0.019,0.02,0.017,0.018,6241093
EMH,20150730,0.125,0.125,0.12,0.12,155000
EML,20150730,0.68,0.69,0.68,0.69,85000
EMX,20150730,0.051,0.051,0.05,0.05,353077
ENB,20150730,0.035,0.038,0.035,0.038,179992
ENE,20150730,7.87,7.9,7.87,7.9,143137
ENN,20150730,1.63,1.64,1.63,1.63,111561
ENR,20150730,0.16,0.16,0.13,0.13,90675
ENU,20150730,0.015,0.015,0.015,0.015,25000
ENX,20150730,0.007,0.007,0.007,0.007,50000
EOR,20150730,0.01,0.01,0.01,0.01,1090000
EOS,20150730,1.39,1.4,1.36,1.39,143962
EPD,20150730,0.795,0.795,0.79,0.79,47500
EPW,20150730,2.11,2.15,2.11,2.13,45033
EPX,20150730,1.71,1.71,1.67,1.7,82640
EQT,20150730,23,23.04,22.66,23.04,25181
EQX,20150730,0.24,0.24,0.24,0.24,68300
ERA,20150730,0.36,0.37,0.355,0.36,261035
ERD,20150730,0.024,0.024,0.024,0.024,20000
ERI,20150730,0.017,0.018,0.017,0.018,3179239
ERJ,20150730,0.034,0.034,0.03,0.033,652080
ERM,20150730,0.031,0.031,0.031,0.031,76452
ESI,20150730,0.02,0.02,0.02,0.02,2557500
ESV,20150730,0.35,0.35,0.34,0.34,79500
ETE,20150730,0.03,0.031,0.03,0.03,1029630
EVE,20150730,0.006,0.006,0.006,0.006,253250
EVN,20150730,1.05,1.09,1.035,1.045,5020116
EVR,20150730,0.52,0.52,0.505,0.505,53860
EWC,20150730,0.33,0.335,0.32,0.32,285600
EXR,20150730,0.002,0.002,0.002,0.002,3208000
EXU,20150730,0.04,0.046,0.04,0.041,555492
EZL,20150730,0.955,0.955,0.95,0.955,28356
FAN,20150730,2.18,2.18,2.18,2.18,1500
FAR,20150730,0.075,0.075,0.073,0.074,1160427
FBU,20150730,7.19,7.19,7.12,7.16,1329923
FDC,20150730,2.96,2.99,2.94,2.95,13022526
FEL,20150730,0.008,0.008,0.008,0.008,100000
FET,20150730,2.21,2.25,2.21,2.25,47515
FFG,20150730,0.18,0.18,0.18,0.18,5000
FFT,20150730,1.05,1.06,1.04,1.06,175739
FGF,20150730,0.006,0.006,0.006,0.006,4961
FGX,20150730,1.11,1.12,1.11,1.12,78457
FID,20150730,1.82,1.82,1.81,1.81,13831
FLK,20150730,0.205,0.21,0.205,0.21,434255
FLN,20150730,1.33,1.49,1.33,1.49,1138845
FLT,20150730,36.25,36.39,35.51,35.51,473174
FMG,20150730,1.925,1.945,1.875,1.895,31510774
FML,20150730,0.31,0.31,0.305,0.305,59085
FMS,20150730,0.016,0.016,0.015,0.015,1038824
FND,20150730,0.16,0.16,0.15,0.155,76334
FNP,20150730,3.4,3.42,3.37,3.42,44971
FNT,20150730,0.002,0.002,0.002,0.002,19301895
FPH,20150730,6.94,6.94,6.62,6.75,226569
FRI,20150730,1.275,1.275,1.265,1.27,75537
FRX,20150730,0.165,0.185,0.165,0.185,109600
FRY,20150730,0.033,0.033,0.033,0.033,359659
FSA,20150730,1.395,1.395,1.34,1.34,865
FSF,20150730,4.22,4.28,4.2,4.25,100129
FTZ,20150730,0.18,0.18,0.18,0.18,110000
FUN,20150730,0.03,0.03,0.029,0.029,2144341
FWD,20150730,1.78,1.785,1.76,1.76,43292
FXJ,20150730,0.835,0.855,0.835,0.85,4343146
FXL,20150730,3.09,3.1,3.045,3.06,425244
GAL,20150730,0.014,0.014,0.012,0.012,15211941
GAP,20150730,0.19,0.19,0.175,0.175,101300
GBG,20150730,0.022,0.022,0.022,0.022,604550
GBI,20150730,0.33,0.33,0.33,0.33,76000
GBP,20150730,0.035,0.035,0.035,0.035,5000
GBT,20150730,5.46,5.66,5.46,5.66,64631
GBZ,20150730,0.023,0.024,0.023,0.024,70000
GCN,20150730,0.006,0.006,0.006,0.006,346340
GCY,20150730,0.085,0.085,0.085,0.085,9181
GDF,20150730,1,1.01,1,1.01,127952
GDI,20150730,0.89,0.895,0.89,0.895,115413
GDX,20150730,19.12,19.12,18.96,18.96,4075
GDY,20150730,0.034,0.035,0.034,0.035,281091
GEG,20150730,0.875,0.88,0.875,0.88,51000
GEM,20150730,3.37,3.39,3.32,3.36,1058718
GER,20150730,0.075,0.081,0.075,0.081,310208
GFY,20150730,3.08,3.13,3.08,3.12,1600
GGG,20150730,0.061,0.061,0.057,0.057,203946
GGX,20150730,0.005,0.005,0.005,0.005,200000
GHC,20150730,1.7,1.72,1.675,1.71,102714
GJT,20150730,1.77,1.775,1.77,1.77,5094
GLF,20150730,0.012,0.012,0.012,0.012,165000
GMA,20150730,3.52,3.64,3.505,3.61,2029990
GMF,20150730,2.03,2.03,2.02,2.03,355448
GMG,20150730,6.52,6.53,6.42,6.47,2629901
GML,20150730,0.03,0.03,0.027,0.027,195185
GNC,20150730,8.71,8.85,8.67,8.78,701377
GNE,20150730,1.555,1.555,1.535,1.555,13905
GNG,20150730,1.07,1.07,1.06,1.06,14702
GNX,20150730,0.185,0.185,0.175,0.175,36897
GOLD,20150730,143.52,143.64,142.45,142.47,4891
GOR,20150730,0.335,0.345,0.33,0.345,317144
GOZ,20150730,3.3,3.3,3.27,3.3,338728
GPH,20150730,0.045,0.045,0.042,0.042,280013
GPR,20150730,0.052,0.053,0.052,0.053,250000
GPT,20150730,4.57,4.57,4.46,4.51,4082311
GRB,20150730,0.044,0.048,0.044,0.045,413418
GRR,20150730,0.105,0.11,0.105,0.105,189082
GRY,20150730,0.056,0.059,0.056,0.056,248531
GSS,20150730,0.5,0.505,0.495,0.5,86063
GTG,20150730,0.028,0.029,0.028,0.029,510881
GTK,20150730,1.97,1.97,1.95,1.95,512000
GTY,20150730,2.27,2.27,2.22,2.22,983055
GUD,20150730,8.93,9.44,8.93,9.38,662652
GUF,20150730,0.04,0.04,0.04,0.04,520656
GWA,20150730,2.34,2.41,2.33,2.36,479828
GWR,20150730,0.04,0.04,0.04,0.04,250
GXL,20150730,5.94,6,5.85,5.94,308640
GXN,20150730,0.001,0.001,0.001,0.001,660000
GXY,20150730,0.035,0.035,0.032,0.033,396546
GZL,20150730,2.68,2.7,2.65,2.65,29271
HAO,20150730,0.086,0.086,0.086,0.086,100000
HAS,20150730,0.078,0.079,0.078,0.079,157816
HAV,20150730,0.25,0.25,0.24,0.25,53900
HAW,20150730,0.035,0.035,0.034,0.034,35509
HAZ,20150730,0.008,0.008,0.008,0.008,620291
HCH,20150730,0.1,0.1,0.097,0.097,95254
HDX,20150730,0.18,0.18,0.18,0.18,29881
HEG,20150730,0.004,0.004,0.004,0.004,600000
HFA,20150730,2.41,2.41,2.38,2.39,146144
HFR,20150730,1.27,1.3,1.26,1.29,214519
HGG,20150730,5.67,5.67,5.6,5.62,2315909
HGO,20150730,0.19,0.195,0.19,0.195,5904
HHL,20150730,2.3,2.37,2.3,2.37,5463
HHM,20150730,0.028,0.028,0.026,0.026,155000
HHV,20150730,1.21,1.21,1.205,1.21,25837
HIG,20150730,0.085,0.085,0.083,0.083,211237
HIL,20150730,0.505,0.515,0.5,0.51,254177
HMI,20150730,0.023,0.024,0.021,0.021,1705000
HNG,20150730,0.34,0.34,0.34,0.34,14316
HNR,20150730,0.004,0.004,0.004,0.004,2004500
HPI,20150730,2.57,2.6,2.57,2.58,22272
HPR,20150730,0.071,0.071,0.071,0.071,542
HRL,20150730,0.071,0.072,0.07,0.072,126923
HRR,20150730,0.115,0.115,0.115,0.115,1000
HSK,20150730,0.091,0.091,0.091,0.091,10000
HSN,20150730,3,3,2.96,2.97,229631
HSO,20150730,2.7,2.72,2.69,2.7,2436327
HTA,20150730,0.076,0.076,0.074,0.074,12000
HUB,20150730,1.515,1.52,1.515,1.52,4000
HUO,20150730,3.6,3.6,3.5,3.5,7700
HVN,20150730,4.51,4.54,4.465,4.5,1872913
HZN,20150730,0.094,0.096,0.092,0.094,1152482
IAA,20150730,65.26,65.64,64.56,65.05,5441
IAB,20150730,1,1,1,1,1480
IAF,20150730,105.54,105.54,105.12,105.37,14039
IAG,20150730,5.91,5.92,5.86,5.92,3075134
IAU,20150730,0.12,0.125,0.12,0.125,78737
IBC,20150730,0.54,0.54,0.53,0.53,6450
IBG,20150730,0.074,0.08,0.074,0.074,514424
IBK,20150730,47.03,47.25,46.77,47.14,6310
ICG,20150730,0.01,0.01,0.01,0.01,1584202
ICN,20150730,0.048,0.048,0.046,0.048,272606
ICP,20150730,0.059,0.059,0.059,0.059,17000
ICQ,20150730,0.71,0.73,0.71,0.715,177570
ICS,20150730,1.2,1.2,1.2,1.2,1000
ICU,20150730,0.1,0.1,0.1,0.1,11318
ICX,20150730,0.057,0.057,0.049,0.049,737943
IDR,20150730,1.86,1.86,1.85,1.85,789386
IDT,20150730,0.27,0.275,0.265,0.265,419679
IEM,20150730,50.7,50.76,50.42,50.46,16744
IEU,20150730,61,61.08,60.65,61.05,46006
IFE,20150730,0.02,0.02,0.019,0.02,381180
IFL,20150730,9.18,9.28,9.16,9.25,906093
IFM,20150730,1.035,1.055,1.03,1.055,1304110
IFN,20150730,0.28,0.282,0.275,0.275,740362
IGB,20150730,103.03,103.03,102.77,102.81,748
IGO,20150730,3.9,3.93,3.815,3.86,1348170
IGS,20150730,0.002,0.002,0.002,0.002,2335000
IHD,20150730,15.15,15.19,15.06,15.19,30497
IHK,20150730,30.6,30.63,30.28,30.28,8010
IIN,20150730,9.43,9.43,9.39,9.4,1557113
IJH,20150730,205.19,205.19,204.03,204.63,1488
IJP,20150730,18,18,17.45,17.54,175105
IJR,20150730,159.06,159.06,158.03,158.08,406
IKO,20150730,70.45,70.53,70.06,70.06,1194
ILB,20150730,113.46,113.46,113.11,113.28,2647
ILC,20150730,25.4,25.47,25.35,25.42,13535
ILU,20150730,7.95,7.99,7.74,7.81,1225432
IMC,20150730,0.25,0.25,0.25,0.25,69900
IMD,20150730,0.245,0.245,0.225,0.24,195621
IMF,20150730,1.75,1.775,1.74,1.755,118594
IMI,20150730,0.001,0.001,0.001,0.001,4
IMU,20150730,0.011,0.011,0.01,0.011,2592818
INA,20150730,0.455,0.465,0.455,0.465,994219
IOF,20150730,4.01,4.02,3.93,3.93,1255497
IOO,20150730,105.49,105.49,104.5,104.89,17674
IOZ,20150730,23.71,23.88,23.71,23.87,35424
IPB,20150730,0.016,0.016,0.016,0.016,27500
IPD,20150730,1.13,1.17,1.115,1.135,727556
IPE,20150730,0.29,0.295,0.29,0.295,35322
IPH,20150730,4.76,4.83,4.76,4.82,23665
IPL,20150730,3.63,3.64,3.57,3.59,4473443
IPP,20150730,2.9,2.97,2.9,2.92,126558
IPT,20150730,0.03,0.03,0.028,0.028,175866
IQE,20150730,1.59,1.59,1.58,1.58,12800
IRC,20150730,0.048,0.05,0.048,0.05,21667
IRD,20150730,0.06,0.065,0.06,0.065,134272
IRE,20150730,10.18,10.37,10.18,10.35,461432
IRI,20150730,2.19,2.22,2.18,2.21,72877
IRL,20150730,0.004,0.004,0.004,0.004,20413
IRM,20150730,0.01,0.01,0.01,0.01,196898
IRU,20150730,167.48,167.55,166.32,166.95,1633
ISD,20150730,3.44,3.47,3.41,3.46,268025
ISG,20150730,16.84,16.84,16.68,16.68,590
ISN,20150730,0.056,0.056,0.056,0.056,112500
ISO,20150730,3.72,3.75,3.72,3.75,1375
ISU,20150730,1.825,1.85,1.785,1.8,492307
ISX,20150730,0.165,0.165,0.155,0.155,1280253
ITD,20150730,0.27,0.27,0.27,0.27,12000
ITW,20150730,20.07,20.08,20.07,20.08,46
IVC,20150730,13.24,13.43,13.2,13.38,208725
IVE,20150730,88.55,88.55,87.9,88.08,2696
IVR,20150730,0.012,0.013,0.012,0.013,200000
IVV,20150730,289.96,290.64,289.15,289.91,24810
IVX,20150730,0.025,0.026,0.025,0.026,205290
IWG,20150730,0.24,0.245,0.23,0.24,490145
IXI,20150730,129.23,130,129.13,129.72,2160
IXJ,20150730,155.37,155.65,154.1,154.33,27145
IXP,20150730,85.79,86.58,85.79,86.28,764
IXR,20150730,0.012,0.013,0.012,0.013,5869922
IZZ,20150730,56.59,57.4,55.35,55.88,92779
JBH,20150730,19.5,19.67,19.3,19.46,1079419
JCS,20150730,0.017,0.017,0.017,0.017,222851
JHC,20150730,2.7,2.8,2.7,2.77,469727
JHX,20150730,18.98,19.005,18.61,18.7,739014
JIN,20150730,0.965,0.97,0.965,0.97,44832
JKL,20150730,0.195,0.195,0.185,0.185,100000
JPR,20150730,0.25,0.25,0.25,0.25,16923
JRL,20150730,0.175,0.175,0.175,0.175,4000
KAM,20150730,0.82,0.84,0.815,0.84,39921
KAR,20150730,2.19,2.36,2.17,2.35,844469
KAS,20150730,0.022,0.022,0.021,0.021,1674173
KAT,20150730,0.82,0.82,0.82,0.82,17750
KBC,20150730,0.17,0.17,0.17,0.17,75714
KBL,20150730,0.033,0.033,0.032,0.032,540167
KCN,20150730,0.65,0.67,0.65,0.665,421774
KDL,20150730,0.08,0.082,0.08,0.082,49485
KDR,20150730,0.08,0.08,0.08,0.08,24741
KEY,20150730,0.006,0.006,0.006,0.006,600000
KFE,20150730,0.017,0.022,0.017,0.022,621843
KGL,20150730,0.13,0.135,0.13,0.13,65157
KII,20150730,2.53,2.54,2.52,2.54,100000
KIK,20150730,0.005,0.005,0.005,0.005,139609
KKL,20150730,0.012,0.012,0.009,0.01,19778595
KKO,20150730,0.032,0.045,0.032,0.045,531260
KKT,20150730,0.2,0.2,0.2,0.2,70000
KMD,20150730,1.56,1.565,1.535,1.555,220441
KME,20150730,0.475,0.48,0.475,0.48,15000
KNL,20150730,0.195,0.195,0.185,0.185,114510
KNM,20150730,0.031,0.033,0.031,0.032,582586
KOV,20150730,3.9,3.98,3.8,3.8,16397
KPC,20150730,0.11,0.11,0.11,0.11,133333
KRB,20150730,0.07,0.07,0.07,0.07,50000
KRM,20150730,0.21,0.215,0.21,0.215,92340
KSL,20150730,1.3,1.365,1.28,1.3,8671216
KTE,20150730,0.026,0.026,0.026,0.026,7151
LAA,20150730,0.29,0.29,0.27,0.29,308961
LAU,20150730,0.445,0.445,0.445,0.445,12820
LBT,20150730,0.074,0.075,0.074,0.075,108980
LCM,20150730,0.775,0.775,0.775,0.775,3000
LEG,20150730,0.011,0.011,0.011,0.011,200000
LEP,20150730,3.66,3.66,3.63,3.65,56033
LER,20150730,0.175,0.19,0.175,0.19,17000
LGD,20150730,0.265,0.27,0.265,0.27,8814
LGO,20150730,0.004,0.004,0.004,0.004,2929376
LHB,20150730,0.125,0.125,0.125,0.125,6000
LHC,20150730,3.46,3.53,3.45,3.52,29153
LIC,20150730,2.41,2.41,2.41,2.41,2800
LKO,20150730,0.003,0.003,0.003,0.003,5000000
LLC,20150730,15.49,15.64,15.44,15.58,1088952
LMB,20150730,0.08,0.08,0.076,0.079,206802
LMG,20150730,0.007,0.007,0.007,0.007,180000
LNG,20150730,3.16,3.21,3.13,3.14,1996192
LNR,20150730,8.19,8.19,8.05,8.1,12060
LNY,20150730,0.004,0.004,0.004,0.004,225000
LOM,20150730,0.175,0.175,0.17,0.17,611396
LOV,20150730,3.3,3.66,3.3,3.66,60913
LRS,20150730,0.007,0.008,0.007,0.008,2142463
LSX,20150730,0.2,0.21,0.2,0.21,67500
LTR,20150730,0.007,0.007,0.007,0.007,55000
LTX,20150730,0.021,0.021,0.02,0.02,600000
LWP,20150730,0.011,0.011,0.01,0.011,10793446
LYC,20150730,0.037,0.037,0.035,0.036,6276679
MAD,20150730,0.099,0.1,0.094,0.094,230550
MAH,20150730,0.084,0.084,0.079,0.081,2140775
MAK,20150730,0.115,0.115,0.1,0.1,273854
MAR,20150730,0.006,0.006,0.006,0.006,125000
MAT,20150730,0.14,0.14,0.14,0.14,11374
MBE,20150730,0.245,0.25,0.245,0.25,747792
MBK,20150730,0.013,0.017,0.013,0.017,376000
MBN,20150730,0.1,0.1,0.095,0.099,3871320
MCP,20150730,0.57,0.57,0.565,0.565,35696
MCR,20150730,0.49,0.495,0.4,0.41,1864354
MCS,20150730,0.09,0.09,0.086,0.086,48000
MCX,20150730,0.06,0.06,0.06,0.06,4943
MDC,20150730,0.195,0.215,0.195,0.2,892217
MDG,20150730,0.084,0.084,0.084,0.084,51
MDI,20150730,0.006,0.006,0.006,0.006,420000
MDL,20150730,0.735,0.735,0.735,0.735,71
MEB,20150730,0.385,0.385,0.38,0.385,52415
MED,20150730,0.066,0.066,0.063,0.063,659
MEL,20150730,0.061,0.063,0.061,0.063,261518
MEO,20150730,0.019,0.019,0.019,0.019,314421
MEP,20150730,0.07,0.072,0.07,0.072,50614
MEU,20150730,0.01,0.01,0.01,0.01,263243
MEZ,20150730,1.99,1.99,1.98,1.98,1001
MFF,20150730,1.925,1.93,1.905,1.93,382198
MFG,20150730,18.3,18.41,18.07,18.25,229153
MGC,20150730,2,2.08,1.99,2.04,1175785
MGE,20150730,2.71,2.72,2.7,2.71,693967
MGL,20150730,0.013,0.013,0.013,0.013,1140
MGP,20150730,0.18,0.18,0.18,0.18,30000
MGR,20150730,1.88,1.895,1.85,1.88,12750468
MGU,20150730,0.027,0.027,0.027,0.027,13500
MGX,20150730,0.19,0.195,0.19,0.195,2631728
MHM,20150730,0.015,0.015,0.015,0.015,54900
MIG,20150730,1.04,1.1,1.04,1.07,102343
MIN,20150730,5.45,5.5,5.34,5.37,2022648
MIR,20150730,2.63,2.63,2.6,2.6,16828
MJP,20150730,0.73,0.735,0.71,0.73,57928
MKB,20150730,0.13,0.135,0.125,0.13,592615
MLA,20150730,0.06,0.06,0.049,0.049,500000
MLB,20150730,1.835,1.86,1.83,1.835,12361
MLD,20150730,0.705,0.715,0.7,0.71,241819
MLM,20150730,0.048,0.048,0.047,0.047,30818
MLS,20150730,0.002,0.002,0.002,0.002,510500
MLT,20150730,4.82,4.85,4.79,4.85,107698
MLX,20150730,1.13,1.14,1.1,1.13,558760
MMI,20150730,0.078,0.09,0.076,0.09,166795
MML,20150730,0.575,0.6,0.565,0.57,661211
MMS,20150730,14.16,14.2,13.9,14.03,214767
MNC,20150730,0.004,0.005,0.004,0.005,397976
MND,20150730,8.83,8.92,8.65,8.7,295217
MNE,20150730,0.004,0.004,0.003,0.004,3825274
MNF,20150730,3.54,3.57,3.48,3.55,43247
MNM,20150730,0.011,0.011,0.011,0.011,235510
MNQ,20150730,0.026,0.027,0.026,0.027,278055
MNS,20150730,0.305,0.325,0.305,0.315,2989219
MNW,20150730,0.062,0.062,0.062,0.062,930538
MNY,20150730,1.26,1.262,1.18,1.19,195610
MOC,20150730,2.28,2.29,2.25,2.29,371021
MOQ,20150730,0.035,0.035,0.035,0.035,500000
MOT,20150730,0.001,0.002,0.001,0.002,1250000
MOY,20150730,0.029,0.029,0.029,0.029,8371
MOZ,20150730,0.012,0.012,0.012,0.012,1588518
MPJ,20150730,0.007,0.007,0.007,0.007,3717549
MPL,20150730,2.09,2.1,2.08,2.1,4744816
MPO,20150730,0.155,0.155,0.15,0.15,74380
MPP,20150730,1.45,1.45,1.45,1.45,1026
MPX,20150730,0.27,0.27,0.265,0.265,5000
MQA,20150730,3.38,3.41,3.37,3.39,843904
MQG,20150730,82,82.49,81.95,82,1029289
MRD,20150730,0.026,0.026,0.025,0.025,606043
MRF,20150730,0.053,0.053,0.052,0.052,820000
MRM,20150730,0.535,0.565,0.53,0.555,1291942
MRN,20150730,1.1,1.1,1.1,1.1,2000
MRP,20150730,0.091,0.091,0.091,0.091,69500
MRQ,20150730,0.1,0.11,0.1,0.11,55000
MSB,20150730,3.99,3.99,3.89,3.9,366095
MSC,20150730,0.062,0.062,0.06,0.06,447424
MSP,20150730,0.03,0.03,0.03,0.03,234755
MSR,20150730,0.007,0.007,0.007,0.007,492231
MTA,20150730,0.064,0.065,0.059,0.059,143940
MTH,20150730,0.005,0.005,0.005,0.005,171226
MTL,20150730,0.15,0.15,0.15,0.15,20000
MTN,20150730,0.22,0.23,0.22,0.23,60000
MTR,20150730,3.58,3.68,3.58,3.6,949622
MTS,20150730,1.115,1.15,1.11,1.14,7997899
MTU,20150730,11.03,11.13,10.89,11,562165
MUA,20150730,0.835,0.88,0.835,0.88,76016
MUS,20150730,0.2,0.2,0.2,0.2,20000
MUX,20150730,0.16,0.16,0.16,0.16,27514
MVA,20150730,18.75,18.82,18.75,18.82,4658
MVF,20150730,1.33,1.39,1.33,1.375,191330
MVP,20150730,2.72,2.74,2.72,2.74,9128
MVS,20150730,15.91,15.91,15.91,15.91,650
MVT,20150730,0.13,0.13,0.13,0.13,3334
MWR,20150730,1.65,1.65,1.6,1.6,7815
MWS,20150730,0.002,0.002,0.002,0.002,500000
MXI,20150730,0.425,0.425,0.425,0.425,32444
MYE,20150730,0.17,0.18,0.17,0.18,76072
MYO,20150730,3.53,3.53,3.48,3.5,255766
MYR,20150730,1.23,1.245,1.222,1.24,3990047
MYS,20150730,4.66,4.7,4.66,4.66,104651
MYT,20150730,2.45,2.45,2.44,2.44,1146
MYX,20150730,1.17,1.185,1.155,1.185,1560065
MZI,20150730,0.41,0.41,0.41,0.41,1300
MZM,20150730,0.2,0.2,0.2,0.2,12128
NAB,20150730,34.5,34.61,34.26,34.56,3176682
NAM,20150730,0.27,0.27,0.27,0.27,36000
NAN,20150730,1.765,1.785,1.75,1.76,38846
NBL,20150730,0.88,0.9,0.88,0.9,33500
NCC,20150730,1,1.01,1,1.01,120000
NCK,20150730,3.26,3.3,3.26,3.3,37545
NCL,20150730,0.205,0.22,0.2,0.2,146418
NCM,20150730,11.37,11.47,11.17,11.26,3632320
NDQ,20150730,10.88,10.91,10.87,10.88,71254
NEA,20150730,0.495,0.51,0.482,0.49,1981165
NEC,20150730,1.495,1.54,1.495,1.53,2352296
NEN,20150730,0.028,0.028,0.028,0.028,300000
NEU,20150730,0.11,0.11,0.098,0.098,4407776
NGE,20150730,0.02,0.02,0.02,0.02,136000
NHC,20150730,1.97,1.975,1.95,1.96,436026
NHF,20150730,3.5,3.58,3.44,3.52,295912
NHO,20150730,0.015,0.015,0.015,0.015,500000
NKP,20150730,0.07,0.07,0.069,0.069,15000
NMI,20150730,0.022,0.022,0.022,0.022,46000
NML,20150730,0.028,0.028,0.026,0.026,150000
NMT,20150730,0.099,0.105,0.099,0.1,507177
NNW,20150730,0.19,0.19,0.19,0.19,160000
NOD,20150730,0.073,0.078,0.073,0.078,199500
NOR,20150730,0.032,0.033,0.032,0.032,10937190
NPX,20150730,4.25,4.25,4.1,4.11,235195
NRR,20150730,0.056,0.056,0.053,0.053,402930
NRT,20150730,0.2,0.21,0.195,0.2,1360742
NSE,20150730,0.008,0.008,0.007,0.008,2163495
NSL,20150730,0.011,0.011,0.01,0.011,1603640
NSR,20150730,1.665,1.67,1.645,1.65,240234
NST,20150730,2.13,2.15,2.07,2.08,2139406
NTC,20150730,0.89,0.93,0.89,0.93,241784
NTU,20150730,0.17,0.17,0.17,0.17,2964
NUF,20150730,7.63,7.75,7.56,7.64,758434
NVT,20150730,4.08,4.13,4.04,4.11,1691721
NWE,20150730,0.005,0.006,0.005,0.006,2083736
NWF,20150730,0.84,0.84,0.84,0.84,17000
NWH,20150730,0.185,0.19,0.18,0.18,3712335
NWS,20150730,19.67,19.7,19.59,19.65,258609
NWZ,20150730,0.067,0.069,0.061,0.069,1774636
NXR,20150730,0.125,0.125,0.125,0.125,367484
NXT,20150730,2.55,2.57,2.53,2.54,2106099
NYO,20150730,0.002,0.002,0.002,0.002,1007000
NZO,20150730,0.46,0.46,0.46,0.46,12052
OAR,20150730,0.21,0.21,0.2,0.2,125000
OBJ,20150730,0.067,0.069,0.064,0.066,673169
OCC,20150730,0.845,0.85,0.75,0.77,1297479
OCL,20150730,1.85,1.92,1.85,1.92,3563
ODY,20150730,0.052,0.052,0.052,0.052,120000
OEC,20150730,0.63,0.63,0.63,0.63,30000
OEL,20150730,0.069,0.069,0.066,0.066,1623389
OEX,20150730,0.038,0.038,0.037,0.037,3174336
OFX,20150730,2.18,2.21,2.16,2.17,560422
OGC,20150730,2.79,2.79,2.79,2.79,90000
OGX,20150730,0.09,0.09,0.089,0.09,143760
OIL,20150730,0.045,0.046,0.045,0.045,162000
OLV,20150730,0.15,0.15,0.15,0.15,155943
OMH,20150730,0.27,0.27,0.27,0.27,9000
OML,20150730,2.58,2.65,2.58,2.6,177968
OMT,20150730,0.09,0.092,0.08,0.083,6935130
ONT,20150730,6.9,7,6.9,6.91,4384
OOO,20150730,22.65,22.74,22.63,22.63,10603
OPG,20150730,0.4,0.4,0.4,0.4,137
ORA,20150730,2.31,2.33,2.29,2.31,2340750
ORE,20150730,1.94,1.94,1.87,1.925,2172043
ORG,20150730,11.25,11.38,11.17,11.35,4834590
ORI,20150730,19.27,19.43,19.13,19.3,1333940
ORL,20150730,1.925,1.925,1.92,1.92,580
ORN,20150730,0.032,0.032,0.032,0.032,54842
ORS,20150730,0.01,0.01,0.009,0.009,66200
OSH,20150730,7.36,7.5,7.36,7.47,3527662
OSL,20150730,0.115,0.13,0.115,0.13,6523040
OSP,20150730,0.75,0.75,0.75,0.75,191101
OTC,20150730,0.105,0.11,0.105,0.11,405175
OTH,20150730,0.685,0.69,0.64,0.665,160826
OVH,20150730,0.43,0.445,0.43,0.44,31282
OVL,20150730,0.006,0.007,0.006,0.007,650000
OZB,20150730,0.008,0.008,0.007,0.007,3225290
OZF,20150730,21.82,21.91,21.82,21.91,13487
OZG,20150730,0.16,0.16,0.16,0.16,58750
OZL,20150730,3.91,3.91,3.75,3.84,3393734
OZR,20150730,7.81,7.84,7.79,7.84,9553
PAA,20150730,0.008,0.008,0.008,0.008,3000000
PAB,20150730,0.008,0.008,0.008,0.008,62800
PAF,20150730,0.975,0.99,0.945,0.97,174944
PAN,20150730,0.4,0.415,0.395,0.395,289331
PBD,20150730,0.015,0.015,0.015,0.015,1987505
PBG,20150730,0.44,0.445,0.43,0.435,528244
PBT,20150730,0.16,0.162,0.16,0.162,22425
PCL,20150730,0.005,0.005,0.005,0.005,321895
PDI,20150730,0.003,0.004,0.003,0.004,1632766
PDN,20150730,0.21,0.23,0.207,0.225,7674665
PDZ,20150730,0.32,0.32,0.31,0.32,12691
PEA,20150730,0.42,0.43,0.41,0.42,61615
PEH,20150730,0.12,0.135,0.12,0.13,1238062
PEK,20150730,0.076,0.076,0.075,0.075,509500
PEN,20150730,0.026,0.026,0.025,0.026,2246304
PEX,20150730,0.25,0.29,0.25,0.28,199075
PFG,20150730,0.094,0.094,0.094,0.094,25000
PFL,20150730,1.15,1.15,1.15,1.15,935
PGC,20150730,0.63,0.645,0.63,0.645,85300
PGF,20150730,1.095,1.1,1.09,1.1,890456
PGH,20150730,4.61,4.64,4.6,4.61,280784
PGI,20150730,0.12,0.12,0.12,0.12,16510
PGL,20150730,0.2,0.2,0.2,0.2,415
PGM,20150730,0.06,0.06,0.06,0.06,3325
PGO,20150730,0.022,0.022,0.022,0.022,212308
PGR,20150730,0.565,0.58,0.565,0.58,14576
PHA,20150730,0.05,0.062,0.05,0.062,194343
PHG,20150730,0.55,0.55,0.545,0.545,67438
PHK,20150730,0.027,0.027,0.027,0.027,100000
PIC,20150730,1,1,0.99,0.99,279736
PIO,20150730,0.018,0.018,0.018,0.018,15491
PIQ,20150730,0.34,0.34,0.34,0.34,10000
PLS,20150730,0.135,0.135,0.12,0.13,5363189
PMC,20150730,1.895,1.9,1.87,1.9,93767
PME,20150730,2.48,2.49,2.45,2.49,14023
PMP,20150730,0.55,0.55,0.54,0.55,129763
PMV,20150730,13.26,13.46,13.17,13.28,246541
PMY,20150730,0.023,0.025,0.023,0.024,507158
PNC,20150730,1.8,1.8,1.775,1.78,52749
PNL,20150730,0.37,0.37,0.365,0.365,12087
PNR,20150730,0.05,0.05,0.05,0.05,36000
PNV,20150730,0.105,0.105,0.099,0.099,530000
POH,20150730,0.02,0.02,0.02,0.02,250000
POK,20150730,0.17,0.215,0.16,0.19,23007289
POS,20150730,0.075,0.075,0.07,0.07,2249813
POU,20150730,21.24,21.24,21.2,21.2,1342
PPC,20150730,1.1,1.11,1.095,1.105,344119
PPG,20150730,0.405,0.405,0.38,0.39,37270
PPL,20150730,0.5,0.5,0.49,0.49,75825
PPP,20150730,0.037,0.037,0.037,0.037,254021
PPS,20150730,0.345,0.345,0.34,0.345,121518
PPT,20150730,43.84,44.9,43.65,44.76,385633
PPX,20150730,0.024,0.024,0.023,0.023,268307
PRA,20150730,0.01,0.013,0.01,0.013,13575400
PRG,20150730,2.42,2.44,2.395,2.4,310714
PRL,20150730,0.048,0.048,0.048,0.048,4001
PRO,20150730,1.68,1.77,1.67,1.77,311449
PRR,20150730,0.053,0.053,0.051,0.053,13203889
PRT,20150730,0.665,0.685,0.665,0.675,254156
PRU,20150730,0.33,0.33,0.32,0.32,1671051
PRY,20150730,4.66,4.67,4.595,4.62,2520828
PSA,20150730,0.13,0.13,0.12,0.12,76788
PSC,20150730,0.003,0.003,0.003,0.003,65000
PSY,20150730,0.13,0.135,0.13,0.13,154000
PSZ,20150730,0.745,0.765,0.745,0.75,269108
PTL,20150730,0.46,0.475,0.46,0.475,23521
PTM,20150730,7.4,7.56,7.34,7.5,1398848
PTR,20150730,0.004,0.004,0.004,0.004,1250
PTX,20150730,0.061,0.061,0.061,0.061,3075
PVA,20150730,5.6,5.6,5.59,5.6,1400
PVD,20150730,0.175,0.175,0.155,0.155,1039058
PVE,20150730,0.068,0.068,0.068,0.068,55000
PXG,20150730,0.105,0.11,0.105,0.11,540768
PXS,20150730,0.23,0.23,0.225,0.225,133499
PYC,20150730,0.013,0.013,0.013,0.013,1316848
PYL,20150730,0.405,0.455,0.405,0.435,1880322
PYM,20150730,0.004,0.004,0.004,0.004,3456500
PZC,20150730,0.007,0.007,0.007,0.007,250000
QAN,20150730,3.8,3.85,3.71,3.74,8752084
QAU,20150730,11.51,11.51,11.47,11.5,9710
QBE,20150730,14.58,14.72,14.5,14.52,3130257
QBL,20150730,0.013,0.013,0.013,0.013,1702573
QFN,20150730,12.1,12.15,12.1,12.15,22070
QHL,20150730,0.205,0.215,0.205,0.21,456648
QMN,20150730,0.006,0.006,0.006,0.006,75000
QMS,20150730,0.84,0.85,0.84,0.85,71271
QOZ,20150730,12.35,12.35,12.34,12.35,19734
QRE,20150730,4.33,4.33,4.33,4.33,1000
QUB,20150730,2.4,2.42,2.38,2.39,4876239
QUR,20150730,0.002,0.002,0.002,0.002,1550000
QUS,20150730,28.31,28.32,28.31,28.32,984
QVE,20150730,1.06,1.06,1.055,1.06,146751
RAP,20150730,0.019,0.02,0.018,0.02,1080554
RAW,20150730,0.011,0.011,0.011,0.011,1155890
RCB,20150730,20.33,20.41,20.33,20.41,10335
RCF,20150730,0.005,0.005,0.005,0.005,3200
RCG,20150730,1.24,1.25,1.2,1.23,170575
RCP,20150730,0.001,0.001,0.001,0.001,246695
RCR,20150730,1.85,1.85,1.8,1.83,171168
RCT,20150730,3.62,3.62,3.62,3.62,139
RDM,20150730,0.042,0.042,0.04,0.04,253392
RDV,20150730,31.09,31.12,30.8,31.12,4296
REA,20150730,43.35,43.46,42.98,43.3,233134
REC,20150730,7.22,7.23,7.17,7.22,235085
RED,20150730,0.047,0.049,0.047,0.047,805655
REF,20150730,0.145,0.145,0.145,0.145,230000
REG,20150730,5.55,5.75,5.53,5.75,728886
REH,20150730,33.32,33.4,32.21,32.32,1372
RES,20150730,0.06,0.06,0.06,0.06,1
REX,20150730,1.02,1.02,1.02,1.02,14996
REY,20150730,0.09,0.09,0.09,0.09,19047
RFF,20150730,1.095,1.095,1.07,1.09,185424
RFG,20150730,5.27,5.29,5.22,5.24,268686
RFL,20150730,0.16,0.16,0.155,0.16,88508
RFN,20150730,0.33,0.345,0.33,0.345,837468
RFT,20150730,0.01,0.013,0.01,0.013,16539993
RFX,20150730,0.255,0.255,0.23,0.24,231018
RGS,20150730,0.155,0.155,0.145,0.145,104133
RHC,20150730,65.6,65.6,65,65.17,187670
RHL,20150730,3.85,3.85,3.84,3.84,9568
RHP,20150730,1.67,1.88,1.62,1.7,218905
RHT,20150730,0.041,0.041,0.041,0.041,100000
RIC,20150730,1.36,1.38,1.35,1.37,301091
RIM,20150730,0.023,0.023,0.021,0.021,72741
RIO,20150730,52.55,53.29,52.54,53,2412285
RIS,20150730,0.085,0.085,0.085,0.085,1860
RKN,20150730,2.05,2.1,2.04,2.1,93645
RLE,20150730,0.13,0.13,0.13,0.13,5000
RMD,20150730,7.65,7.65,7.49,7.52,6404183
RMP,20150730,0.098,0.099,0.097,0.097,1957123
RMR,20150730,0.004,0.004,0.004,0.004,102667
RMS,20150730,0.112,0.115,0.112,0.112,848217
RMX,20150730,0.003,0.003,0.003,0.003,250000
RND,20150730,1.66,1.76,1.66,1.76,13000
RNO,20150730,0.034,0.034,0.034,0.034,77400
RNT,20150730,0.175,0.175,0.165,0.165,56001
RNU,20150730,0.022,0.022,0.022,0.022,75000
RNY,20150730,0.33,0.33,0.33,0.33,50000
ROG,20150730,0.001,0.001,0.001,0.001,1949259
RRL,20150730,1.33,1.34,1.307,1.33,1569368
RRS,20150730,0.014,0.014,0.014,0.014,50000
RSG,20150730,0.245,0.25,0.24,0.245,1073448
RSL,20150730,0.009,0.009,0.009,0.009,4285561
RSM,20150730,20.7,20.7,20.65,20.65,10138
RTG,20150730,0.68,0.68,0.655,0.66,96484
RTR,20150730,0.023,0.023,0.023,0.023,188203
RUL,20150730,0.56,0.56,0.56,0.56,32462
RUM,20150730,0.052,0.052,0.052,0.052,40000
RVL,20150730,30.54,30.54,30.54,30.54,100
RVR,20150730,0.13,0.13,0.12,0.13,299200
RVY,20150730,0.021,0.021,0.018,0.02,538559
RWD,20150730,0.75,0.78,0.7,0.78,32719
RWH,20150730,2.26,2.26,2.26,2.26,261000
RXH,20150730,0.25,0.25,0.25,0.25,40000
RXL,20150730,0.019,0.019,0.019,0.019,500824
RXM,20150730,0.095,0.098,0.095,0.097,185954
RXP,20150730,0.48,0.485,0.47,0.48,83500
S32,20150730,1.79,1.825,1.79,1.8,16638964
SAI,20150730,4.31,4.46,4.3,4.46,385371
SAR,20150730,0.38,0.385,0.37,0.37,1059651
SBB,20150730,0.05,0.05,0.05,0.05,36500
SBM,20150730,0.54,0.55,0.525,0.525,374171
SBN,20150730,0.009,0.009,0.009,0.009,200000
SBR,20150730,0.023,0.023,0.021,0.021,513000
SCG,20150730,3.94,3.98,3.93,3.96,9579754
SCI,20150730,0.022,0.022,0.022,0.022,20000
SCP,20150730,2.14,2.15,2.1,2.11,1483889
SDA,20150730,3.45,3.47,3.42,3.45,52418
SDF,20150730,1.595,1.65,1.595,1.65,1119968
SDG,20150730,1.695,1.7,1.66,1.66,39701
SDI,20150730,0.5,0.5,0.5,0.5,2500
SDL,20150730,0.02,0.02,0.019,0.019,1139471
SDM,20150730,0.79,0.79,0.77,0.79,59096
SEA,20150730,0.48,0.48,0.46,0.47,625309
SEG,20150730,0.004,0.004,0.003,0.003,530000
SEH,20150730,0.095,0.107,0.095,0.1,30844782
SEK,20150730,14.69,14.94,14.64,14.88,1868404
SEN,20150730,0.205,0.22,0.205,0.22,5429657
SER,20150730,0.03,0.03,0.026,0.026,892589
SES,20150730,0.14,0.145,0.14,0.145,40000
SFG,20150730,0.07,0.07,0.067,0.068,579892
SFH,20150730,0.59,0.59,0.57,0.58,14242
SFI,20150730,0.07,0.07,0.068,0.068,1164894
SFN,20150730,0.2,0.2,0.2,0.2,20000
SFR,20150730,6.05,6.11,5.95,6.05,1232185
SFX,20150730,0.5,0.5,0.48,0.48,12270
SFY,20150730,55,55.42,55,55.42,6835
SGF,20150730,2.73,2.78,2.73,2.78,26346
SGH,20150730,3.57,3.59,3.46,3.46,2842337
SGM,20150730,9.4,9.56,9.34,9.55,1718718
SGN,20150730,0.77,0.77,0.755,0.765,536195
SGO,20150730,0.091,0.092,0.09,0.09,175000
SGP,20150730,4.25,4.26,4.2,4.23,6560143
SGQ,20150730,0.095,0.098,0.092,0.098,509257
SGU,20150730,0.14,0.14,0.14,0.14,363465
SHE,20150730,0.039,0.04,0.037,0.037,2005607
SHJ,20150730,2.25,2.35,2.25,2.35,50669
SHL,20150730,20.27,20.78,20.24,20.45,1222717
SHM,20150730,1.02,1.03,1.015,1.015,165729
SHP,20150730,0.015,0.015,0.014,0.014,695000
SHV,20150730,13.05,13.19,12.99,13.06,200068
SIH,20150730,0.01,0.01,0.01,0.01,49500
SIO,20150730,1.36,1.4,1.36,1.375,22476
SIP,20150730,0.84,0.885,0.837,0.885,3210695
SIQ,20150730,2.33,2.38,2.3,2.35,78121
SIR,20150730,3.06,3.13,3.01,3.03,1745087
SIT,20150730,0.285,0.285,0.285,0.285,22500
SIV,20150730,8.47,8.505,8.28,8.4,13298
SIX,20150730,0.002,0.002,0.001,0.001,500000
SKB,20150730,0.3,0.3,0.3,0.3,75000
SKC,20150730,3.95,3.99,3.94,3.95,265878
SKE,20150730,1.52,1.54,1.515,1.52,210685
SKF,20150730,0.18,0.18,0.18,0.18,49
SKI,20150730,1.86,1.905,1.86,1.9,5707091
SKT,20150730,5.54,5.65,5.53,5.65,415836
SLC,20150730,2.32,2.35,2.3,2.35,106521
SLF,20150730,11.89,11.9,11.8,11.85,57138
SLK,20150730,2.16,2.23,2.15,2.23,10813
SLM,20150730,0.88,0.89,0.88,0.885,8703
SLR,20150730,0.14,0.142,0.14,0.14,397732
SLX,20150730,0.44,0.445,0.425,0.44,64790
SMA,20150730,0.033,0.033,0.032,0.032,1369567
SMC,20150730,0.031,0.031,0.031,0.031,100000
SMI,20150730,0.014,0.014,0.014,0.014,2650
SMN,20150730,0.365,0.375,0.365,0.375,232450
SMP,20150730,0.155,0.155,0.15,0.15,219315
SMR,20150730,0.095,0.135,0.095,0.125,1260021
SMX,20150730,3.55,3.65,3.55,3.6,61427
SNC,20150730,0.88,0.9,0.86,0.9,162213
SND,20150730,0.555,0.565,0.55,0.55,32767
SOC,20150730,0.003,0.003,0.003,0.003,6912000
SOI,20150730,0.002,0.002,0.002,0.002,3600000
SOL,20150730,13.85,13.9,13.8,13.85,143836
SOM,20150730,2.95,2.97,2.95,2.97,2229
SOR,20150730,0.13,0.13,0.125,0.125,182259
SPI,20150730,0.009,0.01,0.009,0.01,138109
SPK,20150730,2.67,2.69,2.65,2.69,1195891
SPL,20150730,0.65,0.665,0.65,0.655,70603
SPO,20150730,1.975,1.98,1.957,1.965,3192498
SPY,20150730,288.35,288.35,287.74,288,173
SPZ,20150730,0.13,0.14,0.13,0.14,311680
SRF,20150730,1.85,1.88,1.81,1.84,18556
SRI,20150730,0.068,0.068,0.067,0.067,228798
SRK,20150730,0.052,0.053,0.052,0.053,62302
SRR,20150730,0.011,0.011,0.011,0.011,40000
SRV,20150730,6,6.03,5.96,6,60039
SRX,20150730,30.82,31.23,30.33,30.37,142742
SRZ,20150730,0.035,0.035,0.035,0.035,22326
SSM,20150730,0.325,0.34,0.325,0.34,62217
SSN,20150730,0.006,0.007,0.006,0.007,1010001
STA,20150730,0.011,0.011,0.011,0.011,843681
STO,20150730,7.21,7.45,7.21,7.43,8446296
STS,20150730,0.65,0.665,0.65,0.665,31000
STW,20150730,52.8,52.98,52.72,52.92,74214
STX,20150730,0.132,0.135,0.132,0.135,235590
SUD,20150730,0.031,0.032,0.03,0.03,646265
SUL,20150730,9.09,9.41,9.04,9.39,853760
SUN,20150730,14.2,14.26,13.96,14.12,3701757
SVA,20150730,0.59,0.59,0.59,0.59,161804
SVW,20150730,5.58,5.59,5.5,5.54,287239
SVY,20150730,0.23,0.235,0.23,0.235,60000
SWE,20150730,0.056,0.06,0.056,0.06,437500
SWL,20150730,1.16,1.16,1.16,1.16,12000
SWM,20150730,0.905,0.93,0.9,0.925,4662177
SWR,20150730,0.034,0.034,0.034,0.034,30300
SXE,20150730,0.38,0.38,0.375,0.375,71000
SXL,20150730,0.955,0.975,0.955,0.97,831554
SXT,20150730,0.018,0.027,0.018,0.024,67645816
SXX,20150730,0.003,0.003,0.003,0.003,1200000
SXY,20150730,0.255,0.255,0.24,0.245,5399297
SYA,20150730,0.028,0.031,0.025,0.027,3677934
SYD,20150730,5.58,5.61,5.55,5.59,6130379
SYI,20150730,29.97,30.07,29.95,30.07,4446
SYR,20150730,3.59,3.71,3.56,3.68,773697
TAH,20150730,4.82,4.89,4.82,4.88,3527296
TAM,20150730,0.029,0.03,0.029,0.03,175519
TAP,20150730,0.34,0.34,0.34,0.34,201113
TAS,20150730,0.057,0.06,0.051,0.055,4188730
TAW,20150730,0.005,0.005,0.005,0.005,1180000
TBR,20150730,3.84,3.84,3.84,3.84,5000
TCH,20150730,1.695,1.725,1.695,1.71,246866
TCL,20150730,9.85,9.89,9.78,9.89,2905545
TCN,20150730,0.081,0.081,0.08,0.08,289500
TEN,20150730,0.215,0.22,0.205,0.205,1573403
TFC,20150730,1.475,1.505,1.47,1.495,386343
TGA,20150730,2.52,2.54,2.5,2.51,314282
TGG,20150730,1.42,1.42,1.415,1.42,89550
TGP,20150730,1.025,1.055,1.025,1.04,88369
TGR,20150730,3.73,3.81,3.7,3.81,373373
TGS,20150730,0.074,0.077,0.071,0.071,3558104
TGZ,20150730,0.59,0.59,0.59,0.59,55507
THR,20150730,0.001,0.001,0.001,0.001,900000
THX,20150730,0.09,0.093,0.089,0.092,337194
TIS,20150730,0.064,0.064,0.058,0.06,584602
TIX,20150730,2.45,2.47,2.44,2.45,159124
TLG,20150730,0.38,0.38,0.37,0.37,178705
TLM,20150730,0.7,0.7,0.66,0.66,586544
TLS,20150730,6.43,6.46,6.4,6.45,15329483
TME,20150730,3.08,3.15,3.05,3.15,486162
TMK,20150730,0.005,0.005,0.005,0.005,15000
TMP,20150730,0.55,0.6,0.55,0.6,470213
TMX,20150730,0.005,0.005,0.005,0.005,100000
TNE,20150730,3.92,3.94,3.89,3.94,437998
TNK,20150730,0.83,0.83,0.83,0.83,26955
TNR,20150730,0.2,0.2,0.2,0.2,55000
TOE,20150730,0.062,0.063,0.061,0.063,357383
TOF,20150730,2.1,2.1,2.07,2.08,44202
TON,20150730,0.3,0.315,0.3,0.31,1141017
TOP,20150730,0.485,0.505,0.475,0.475,76984
TOT,20150730,1.16,1.16,1.16,1.16,25600
TOU,20150730,0.16,0.16,0.16,0.16,5000
TOX,20150730,2.91,2.95,2.9,2.95,586888
TPI,20150730,0.715,0.715,0.69,0.7,4830795
TPM,20150730,9.45,9.49,9.32,9.44,1101723
TPP,20150730,0.052,0.056,0.05,0.05,224000
TRG,20150730,8.74,8.74,7.91,7.95,439050
TRL,20150730,0.028,0.028,0.028,0.028,848
TRS,20150730,6.3,6.43,6.29,6.29,34631
TRY,20150730,0.32,0.32,0.305,0.31,295458
TSE,20150730,1.32,1.32,1.295,1.315,858575
TSM,20150730,0.35,0.35,0.35,0.35,50000
TSN,20150730,0.004,0.004,0.004,0.004,550000
TSV,20150730,0.042,0.042,0.04,0.04,779786
TTA,20150730,0.023,0.023,0.023,0.023,32511
TTE,20150730,0.031,0.031,0.03,0.03,1536263
TTN,20150730,0.065,0.066,0.065,0.066,13270
TTS,20150730,3.94,4.01,3.93,3.97,4265590
TUP,20150730,0.2,0.2,0.2,0.2,3352
TWD,20150730,3.43,3.43,3.38,3.38,17000
TWE,20150730,5.74,5.8,5.68,5.78,985798
TWR,20150730,1.95,1.97,1.93,1.97,178696
TYK,20150730,0.002,0.002,0.001,0.001,34638318
TZL,20150730,0.1,0.105,0.1,0.1,441600
TZN,20150730,0.185,0.19,0.185,0.19,636581
UBE,20150730,21.34,21.35,21.34,21.35,2820
UBI,20150730,0.34,0.38,0.34,0.375,529535
UBN,20150730,1.375,1.38,1.33,1.335,137290
UCM,20150730,0.15,0.15,0.15,0.15,66000
UCW,20150730,0.011,0.011,0.011,0.011,900000
UGL,20150730,2.16,2.17,2.05,2.06,665155
UIL,20150730,0.053,0.053,0.051,0.051,280000
UML,20150730,0.023,0.023,0.022,0.022,206569
UNS,20150730,0.6,0.63,0.575,0.59,2481711
UNV,20150730,0.115,0.115,0.115,0.115,247179
UOS,20150730,0.53,0.53,0.53,0.53,488
URF,20150730,2.05,2.06,2.05,2.05,32700
USA,20150730,0.02,0.02,0.02,0.02,56500
USD,20150730,13.42,13.45,13.38,13.39,319298
USF,20150730,2.28,2.28,2.27,2.28,16009
USG,20150730,2.46,2.46,2.46,2.46,8130
USR,20150730,0.74,0.74,0.74,0.74,10000
UXC,20150730,0.905,0.935,0.905,0.925,2860204
VAF,20150730,49.77,49.77,49.65,49.69,5012
VAH,20150730,0.445,0.45,0.435,0.435,686730
VAP,20150730,75.12,75.12,74.38,74.74,14685
VAR,20150730,0.034,0.034,0.032,0.032,37566
VAS,20150730,71.41,71.96,71.41,71.96,39040
VED,20150730,2.38,2.43,2.38,2.42,1514188
VEI,20150730,0.82,0.84,0.805,0.815,597885
VET,20150730,0.092,0.094,0.092,0.092,220062
VEU,20150730,65.72,66.27,65.72,65.96,17232
VGB,20150730,48.91,48.91,48.77,48.84,691
VGE,20150730,58.35,58.8,58.35,58.35,1079
VGS,20150730,60.49,60.79,60.49,60.62,4349
VHY,20150730,63.84,64.14,63.84,64.14,17793
VLA,20150730,0.765,0.765,0.73,0.76,145941
VLC,20150730,62.94,63.15,62.94,63.15,212
VLW,20150730,2.11,2.14,2.09,2.13,68468
VMC,20150730,0.22,0.225,0.22,0.225,55000
VMG,20150730,0.004,0.004,0.003,0.003,1344786
VML,20150730,0.033,0.033,0.032,0.032,128563
VMS,20150730,0.019,0.019,0.019,0.019,19819
VMT,20150730,0.43,0.435,0.425,0.425,122192
VMY,20150730,0.4,0.4,0.39,0.39,4019
VOC,20150730,5.99,6.09,5.96,6.09,1384337
VRL,20150730,6.34,6.36,6.28,6.31,131063
VRT,20150730,5.43,5.5,5.42,5.45,122049
VRX,20150730,0.046,0.046,0.046,0.046,390350
VSC,20150730,1.28,1.28,1.28,1.28,3250
VSO,20150730,43.15,43.34,43.15,43.34,1025
VTG,20150730,2.04,2.08,1.985,2.02,103917
VTS,20150730,149.43,149.5,148.49,148.98,13625
VTX,20150730,0.049,0.052,0.046,0.046,9165341
VXL,20150730,0.275,0.275,0.27,0.27,172243
WAA,20150730,0.98,1,0.98,1,42817
WAC,20150730,0.029,0.029,0.024,0.028,418366
WAF,20150730,0.068,0.068,0.067,0.067,379000
WAM,20150730,1.975,1.975,1.94,1.945,425805
WAX,20150730,1.185,1.185,1.17,1.185,176628
WBA,20150730,1.63,1.65,1.61,1.61,154073
WBC,20150730,34.49,34.8,34.37,34.74,4769970
WCB,20150730,9.54,9.55,9.45,9.45,2200
WCN,20150730,0.008,0.008,0.008,0.008,1154324
WDE,20150730,1,1,0.99,0.99,20000
WDS,20150730,0.16,0.16,0.155,0.155,155896
WEB,20150730,4.05,4.19,4.05,4.16,114125
WEC,20150730,0.26,0.26,0.26,0.26,3
WEL,20150730,0.05,0.05,0.05,0.05,100000
WES,20150730,42.14,42.39,42.01,42.34,1344777
WFD,20150730,10,10.03,9.91,9.99,3818591
WFE,20150730,0.003,0.003,0.003,0.003,41553
WHC,20150730,1.19,1.25,1.19,1.22,4023194
WHE,20150730,0.16,0.16,0.16,0.16,40000
WHF,20150730,4.49,4.55,4.49,4.55,55071
WHN,20150730,0.005,0.005,0.005,0.005,2826
WIC,20150730,0.945,0.945,0.945,0.945,11500
WIG,20150730,1.18,1.19,1.16,1.17,75788
WIN,20150730,0.096,0.096,0.095,0.095,140728
WKT,20150730,0.004,0.005,0.004,0.005,8898768
WLL,20150730,3.98,3.98,3.94,3.94,7693
WMK,20150730,0.87,0.87,0.86,0.87,32000
WMN,20150730,0.425,0.43,0.4,0.43,483849
WOF,20150730,0.015,0.015,0.015,0.015,285000
WOR,20150730,9.24,9.43,9.165,9.42,3608526
WOW,20150730,28.1,28.75,28.05,28.63,3752066
WPI,20150730,0.02,0.02,0.02,0.02,49809
WPL,20150730,35.03,35.81,35.03,35.68,2897925
WRG,20150730,0.002,0.002,0.002,0.002,217000
WRM,20150730,0.016,0.016,0.016,0.016,90000
WSA,20150730,3.11,3.17,3.065,3.09,1391909
WTP,20150730,0.87,0.89,0.86,0.865,47880
WWI,20150730,0.011,0.011,0.011,0.011,250000
XPD,20150730,0.21,0.21,0.21,0.21,132252
XRO,20150730,16.47,16.48,16.18,16.34,25809
XTD,20150730,0.165,0.165,0.15,0.15,360000
XTE,20150730,0.395,0.425,0.385,0.41,398123
XTV,20150730,0.017,0.017,0.016,0.016,889644
YBR,20150730,0.48,0.48,0.47,0.47,20766
YOW,20150730,1.13,1.18,1.125,1.175,284378
YRR,20150730,0.01,0.01,0.01,0.01,94078
ZIP,20150730,1.04,1.09,1.03,1.03,295312
ZTA,20150730,0.13,0.13,0.13,0.13,375
XAF,20150730,5715.4,5770.2,5715.4,5761.9,0
XAO,20150730,5609.6,5659.4,5609.6,5653.1,0
XAT,20150730,5572.9,5625.7,5572.9,5618.8,0
XDJ,20150730,1872.4,1893.6,1872.4,1889.6,0
XEC,20150730,1015.3,1026.8,1015.3,1020.3,0
XEJ,20150730,10754.9,11008.7,10752.3,10996.4,0
XFJ,20150730,6588.8,6645.1,6588.8,6630.8,0
XFL,20150730,5778.1,5834.3,5778.1,5825.8,0
XGD,20150730,2205.7,2229.1,2187.1,2192.7,0
XHJ,20150730,19355.8,19494.9,19180.7,19235.8,0
XIJ,20150730,802.6,814.1,802.6,812.4,0
XJO,20150730,5624.2,5676.5,5624.2,5669.5,0
XJR,20150730,3147.3,3213.2,3147.3,3207.8,0
XKO,20150730,5559.8,5611.1,5559.8,5604.3,0
XMD,20150730,5036.4,5074.6,5036.4,5064,0
XMJ,20150730,8534.8,8683.5,8534.8,8637.7,0
XMM,20150730,2456.4,2510.2,2456.4,2499.1,0
XNJ,20150730,4799.4,4816.2,4788.2,4803,0
XPJ,20150730,1298,1300.6,1288.3,1294.9,0
XSJ,20150730,8836.1,9028.3,8835.9,9013.5,0
XSO,20150730,2081.6,2101.5,2081.6,2099.8,0
XTJ,20150730,2267.3,2284.1,2264,2281.1,0
XTL,20150730,3484.2,3523.9,3484.2,3518,0
XTO,20150730,4698.8,4742.3,4698.8,4736.1,0
XUJ,20150730,6529.1,6655.4,6529.1,6652.3,0
XXJ,20150730,7619,7696.9,7619,7679.5,0
