1PG,20150929,4.55,4.71,4.55,4.65,201823
1ST,20150929,0.12,0.12,0.11,0.11,48000
3DM,20150929,0.079,0.08,0.079,0.08,360381
3PL,20150929,1.87,1.9,1.85,1.865,1554421
88E,20150929,0.014,0.014,0.014,0.014,594357
8IH,20150929,0.8,0.8,0.79,0.79,15500
A2M,20150929,0.645,0.645,0.637,0.64,621472
AAA,20150929,50.17,50.19,50.16,50.19,205757
AAC,20150929,1.295,1.3,1.27,1.27,2270081
AAD,20150929,2.74,2.76,2.68,2.7,2649056
AAI,20150929,13.5,13.5,13.5,13.5,64
AAX,20150929,0.3,0.3,0.29,0.29,9226
AB1,20150929,0.18,0.18,0.17,0.17,50047
ABA,20150929,5.2,5.21,5.15,5.2,87400
ABC,20150929,4.33,4.37,4.29,4.3,2129337
ABP,20150929,3.12,3.125,3.07,3.1,1298703
ABU,20150929,0.21,0.215,0.21,0.215,88596
ABV,20150929,0.007,0.007,0.007,0.007,541378
ABX,20150929,0.24,0.24,0.225,0.225,193899
ACG,20150929,0.24,0.24,0.225,0.225,57751
ACK,20150929,0.4,0.4,0.39,0.39,6500
ACL,20150929,0.076,0.076,0.075,0.076,1915623
ACO,20150929,3.1,3.2,3.09,3.13,44743
ACQ,20150929,0.73,0.73,0.72,0.72,62780
ACR,20150929,0.595,0.6,0.59,0.59,110500
ACS,20150929,0.13,0.13,0.13,0.13,753
ACU,20150929,0.081,0.081,0.08,0.08,59933
ACW,20150929,0.068,0.07,0.058,0.065,23572113
ACX,20150929,4.23,4.24,4.15,4.15,166103
ADA,20150929,0.97,0.97,0.95,0.97,29000
ADH,20150929,2.71,2.71,2.63,2.71,73228
ADJ,20150929,0.08,0.081,0.08,0.081,607818
ADN,20150929,0.023,0.023,0.023,0.023,52625
ADO,20150929,0.096,0.096,0.093,0.094,380139
ADR,20150929,0.6,0.61,0.6,0.61,13619
ADV,20150929,0.006,0.006,0.006,0.006,4100532
AEF,20150929,61.5,62,60.51,60.51,1056
AER,20150929,0.14,0.14,0.14,0.14,60000
AFG,20150929,0.98,0.985,0.97,0.97,12697
AFI,20150929,5.74,5.74,5.7,5.72,336170
AFJ,20150929,0.905,0.905,0.902,0.902,1179400
AFR,20150929,0.052,0.052,0.052,0.052,52980
AGE,20150929,0.038,0.039,0.038,0.038,825000
AGF,20150929,1.21,1.22,1.195,1.205,559268
AGI,20150929,2.67,2.75,2.65,2.72,604536
AGL,20150929,16.46,16.56,16.21,16.23,2566904
AGO,20150929,0.031,0.031,0.029,0.03,12279954
AGR,20150929,0.195,0.195,0.16,0.18,221660
AGS,20150929,0.15,0.15,0.145,0.145,34525
AGX,20150929,0.011,0.011,0.011,0.011,170000
AHD,20150929,13.09,13.09,12.8,12.85,14691
AHF,20150929,0.165,0.165,0.16,0.16,112600
AHG,20150929,3.95,3.98,3.89,3.89,1156785
AHL,20150929,0.42,0.42,0.42,0.42,12000
AHY,20150929,1.735,1.76,1.715,1.72,1442385
AHZ,20150929,0.062,0.065,0.06,0.063,3284491
AIA,20150929,4.55,4.56,4.5,4.52,35025
AIK,20150929,0.105,0.11,0.1,0.11,135000
AIO,20150929,8.32,8.33,8.2,8.25,6657031
AIZ,20150929,2.2,2.22,2.2,2.22,16000
AJA,20150929,5.29,5.3,5.1,5.22,98725
AJD,20150929,1.26,1.26,1.24,1.24,64118
AJL,20150929,0.33,0.33,0.33,0.33,25000
AJM,20150929,0.036,0.038,0.033,0.033,12302795
AJQ,20150929,0.125,0.125,0.125,0.125,180000
AJX,20150929,1.03,1.03,0.99,1.03,2741359
AKG,20150929,0.34,0.34,0.34,0.34,53791
AKK,20150929,0.014,0.014,0.014,0.014,359672
AKP,20150929,8.2,8.2,8.03,8.05,2688
ALA,20150929,0.094,0.094,0.094,0.094,11904
ALF,20150929,1.44,1.44,1.43,1.43,248789
ALI,20150929,1.97,1.97,1.94,1.94,170999
ALK,20150929,0.24,0.24,0.235,0.235,49860
ALL,20150929,8.53,8.56,8.42,8.42,2675515
ALQ,20150929,4.6,4.66,4.5,4.63,3226638
ALR,20150929,1.05,1.05,1.035,1.035,25288
ALU,20150929,4.5,4.63,4.5,4.53,766054
ALY,20150929,0.02,0.02,0.02,0.02,100000
AMA,20150929,0.92,0.925,0.897,0.91,846465
AMC,20150929,12.89,12.96,12.79,12.89,5712800
AMH,20150929,0.81,0.81,0.81,0.81,6176
AMI,20150929,0.013,0.015,0.013,0.015,301114
AMN,20150929,0.22,0.22,0.22,0.22,69962
AMP,20150929,5.57,5.59,5.42,5.42,9230113
ANG,20150929,0.38,0.41,0.38,0.385,68257
ANI,20150929,2.39,2.39,2.35,2.37,85956
ANN,20150929,19.39,19.41,18.6,18.6,1120909
ANP,20150929,0.08,0.08,0.077,0.08,46269
ANQ,20150929,0.002,0.002,0.002,0.002,186442
ANR,20150929,0.76,0.76,0.76,0.76,3520
ANZ,20150929,26.94,26.97,26.38,26.38,11318044
AOD,20150929,0.76,0.76,0.76,0.76,10050
AOG,20150929,2.65,2.68,2.63,2.64,1171450
AOH,20150929,0.086,0.086,0.085,0.085,364200
AOK,20150929,0.074,0.074,0.069,0.069,120584
AON,20150929,0.04,0.04,0.04,0.04,128637
AOU,20150929,0.082,0.082,0.082,0.082,10000
AOW,20150929,0.175,0.18,0.15,0.17,740916
APA,20150929,8.54,8.68,8.49,8.5,2910910
APD,20150929,0.35,0.35,0.335,0.34,96550
APE,20150929,9.98,10.2,9.92,10.2,23899
APG,20150929,0.005,0.005,0.005,0.005,1178202
API,20150929,1.61,1.61,1.56,1.56,267455
APN,20150929,0.485,0.51,0.48,0.49,2398614
APO,20150929,3.85,3.9,3.77,3.79,189191
APX,20150929,1.035,1.045,1.025,1.03,223767
APY,20150929,0.005,0.005,0.005,0.005,12336809
APZ,20150929,1.38,1.38,1.3,1.3,113024
AQC,20150929,0.007,0.007,0.006,0.006,1677616
AQD,20150929,0.02,0.02,0.02,0.02,972000
AQG,20150929,3,3.08,3,3.02,104096
AQI,20150929,0.04,0.04,0.04,0.04,155000
AQP,20150929,0.15,0.15,0.145,0.145,517392
AQZ,20150929,0.5,0.5,0.5,0.5,136
ARB,20150929,13.44,13.44,13.15,13.15,204143
ARD,20150929,0.026,0.026,0.026,0.026,650000
ARE,20150929,0.005,0.005,0.004,0.004,965694
ARF,20150929,1.61,1.63,1.565,1.62,756312
ARG,20150929,7.64,7.75,7.54,7.62,172401
ARI,20150929,0.09,0.09,0.085,0.086,14795552
ARU,20150929,0.053,0.053,0.053,0.053,50000
ARV,20150929,0.001,0.001,0.001,0.001,5594600
ARX,20150929,0.001,0.001,0.001,0.001,31668
ASB,20150929,2.2,2.26,2.18,2.2,1269958
ASH,20150929,0.6,0.6,0.58,0.585,91085
ASL,20150929,0.295,0.3,0.29,0.3,167120
AST,20150929,1.35,1.37,1.34,1.345,5352428
ASW,20150929,0.63,0.63,0.63,0.63,10000
ASX,20150929,37.92,37.995,37.07,37.08,610389
ASZ,20150929,0.96,0.98,0.95,0.975,187584
ATC,20150929,0.105,0.115,0.105,0.11,945972
ATE,20150929,0.2,0.205,0.2,0.2,12637228
ATU,20150929,0.575,0.59,0.565,0.57,102284
AUB,20150929,8.76,8.95,8.74,8.9,54578
AUI,20150929,7.63,7.63,7.49,7.5,10399
AUQ,20150929,0.017,0.018,0.017,0.017,490000
AUZ,20150929,0.008,0.012,0.007,0.012,44577437
AVB,20150929,0.056,0.057,0.056,0.056,282909
AVD,20150929,0.042,0.042,0.04,0.04,443309
AVG,20150929,0.355,0.355,0.335,0.335,68574
AVH,20150929,0.07,0.07,0.07,0.07,272554
AVI,20150929,0.03,0.03,0.03,0.03,46000
AVJ,20150929,0.565,0.565,0.545,0.55,248223
AVQ,20150929,0.36,0.375,0.345,0.345,643222
AVX,20150929,0.008,0.008,0.008,0.008,193269
AWC,20150929,1.16,1.165,1.125,1.145,21115420
AWD,20150929,0.022,0.024,0.022,0.024,3881698
AWE,20150929,0.685,0.69,0.63,0.64,3653136
AWO,20150929,0.017,0.017,0.015,0.016,829867
AWV,20150929,0.048,0.049,0.046,0.048,946000
AXE,20150929,0.09,0.09,0.088,0.088,73000
AXP,20150929,0.75,0.75,0.745,0.75,80640
AXZ,20150929,0.455,0.455,0.455,0.455,15000
AYC,20150929,0.046,0.047,0.046,0.047,134091
AYH,20150929,80.89,80.89,80.89,80.89,50
AYM,20150929,0.001,0.001,0.001,0.001,10000
AYR,20150929,0.006,0.006,0.006,0.006,268350
AYS,20150929,2.29,2.29,2.17,2.17,1006484
AZJ,20150929,5.05,5.07,4.93,4.93,16031621
AZM,20150929,0.026,0.026,0.026,0.026,20894
AZS,20150929,0.033,0.034,0.031,0.034,8591482
AZV,20150929,0.12,0.12,0.12,0.12,30926
AZY,20150929,0.009,0.009,0.009,0.009,159918
BAF,20150929,1.03,1.03,1.025,1.03,74484
BAL,20150929,7.9,8.05,7.67,7.91,550201
BAP,20150929,3.7,3.7,3.64,3.66,1331544
BAR,20150929,0.009,0.009,0.009,0.009,175000
BAS,20150929,0.003,0.003,0.003,0.003,410000
BAU,20150929,0.063,0.063,0.062,0.062,45831
BBG,20150929,0.65,0.655,0.637,0.645,620724
BBR,20150929,0.09,0.09,0.09,0.09,20000
BBX,20150929,0.019,0.02,0.019,0.02,370000
BCI,20150929,0.235,0.235,0.22,0.225,723525
BCT,20150929,0.033,0.033,0.032,0.032,200000
BDR,20150929,0.14,0.14,0.13,0.14,3287185
BEAR,20150929,18.7,18.97,18.7,18.97,258182
BEL,20150929,0.14,0.14,0.14,0.14,100000
BEN,20150929,9.99,10,9.72,9.72,1653288
BFC,20150929,0.33,0.34,0.33,0.34,183933
BFG,20150929,0.44,0.44,0.44,0.44,25000
BGA,20150929,4.6,4.69,4.56,4.62,201787
BGG,20150929,0.03,0.032,0.03,0.032,16000
BGL,20150929,0.86,0.875,0.845,0.86,468043
BGS,20150929,0.006,0.006,0.006,0.006,626643
BHP,20150929,22,22,21.61,21.61,14024837
BIG,20150929,0.2,0.2,0.2,0.2,43500
BIS,20150929,0.59,0.59,0.59,0.59,16915
BKI,20150929,1.63,1.64,1.585,1.595,180915
BKL,20150929,137.06,141.7,136.51,140.82,107764
BKN,20150929,1.025,1.035,1,1,700451
BKT,20150929,0.06,0.064,0.06,0.064,75178
BKW,20150929,15.05,15.38,15.05,15.32,173402
BKY,20150929,0.44,0.44,0.42,0.44,395554
BLA,20150929,5.4,5.75,5.35,5.75,11288
BLD,20150929,5.2,5.2,5.12,5.12,6253886
BLG,20150929,0.06,0.06,0.059,0.06,214010
BLK,20150929,0.185,0.19,0.18,0.19,752259
BLT,20150929,0.495,0.495,0.475,0.475,185820
BLX,20150929,1.925,1.925,1.88,1.88,42243
BLY,20150929,0.065,0.065,0.063,0.063,291088
BMG,20150929,0.005,0.005,0.005,0.005,10300
BMN,20150929,0.034,0.034,0.032,0.032,256600
BNE,20150929,0.008,0.008,0.008,0.008,69223
BNO,20150929,0.472,0.48,0.465,0.475,265317
BOA,20150929,0.23,0.23,0.23,0.23,2304
BOC,20150929,0.3,0.3,0.28,0.28,172692
BOL,20150929,0.105,0.105,0.1,0.105,919884
BOQ,20150929,11.7,11.79,11.39,11.39,1938491
BPA,20150929,5.06,5.06,5.06,5.06,4546
BPF,20150929,0.315,0.315,0.31,0.315,187236
BPL,20150929,0.037,0.037,0.03,0.03,1900000
BPS,20150929,1.06,1.06,1,1.06,140960
BPT,20150929,0.51,0.515,0.47,0.47,11631465
BRC,20150929,0.195,0.195,0.195,0.195,5000
BRD,20150929,0.001,0.001,0.001,0.001,12786719
BRG,20150929,5.69,5.78,5.65,5.74,353986
BRK,20150929,0.001,0.001,0.001,0.001,15000
BRL,20150929,0.015,0.015,0.015,0.015,1000000
BRN,20150929,0.255,0.28,0.25,0.25,5552533
BRO,20150929,0.002,0.002,0.002,0.002,60000
BRU,20150929,0.375,0.38,0.36,0.36,209405
BSA,20150929,0.18,0.18,0.18,0.18,857
BSE,20150929,0.057,0.057,0.056,0.057,185000
BSL,20150929,3.66,3.66,3.43,3.51,6647832
BSM,20150929,0.014,0.015,0.014,0.015,743562
BSR,20150929,0.011,0.011,0.011,0.011,781104
BTT,20150929,9.66,9.77,9.44,9.44,948241
BUG,20150929,0.605,0.605,0.58,0.6,18500
BUL,20150929,0.026,0.026,0.026,0.026,361435
BUR,20150929,0.002,0.002,0.002,0.002,225032
BUX,20150929,0.125,0.125,0.115,0.115,350557
BWF,20150929,0.38,0.39,0.38,0.39,13600
BWP,20150929,3.06,3.08,3.02,3.03,1729375
BWR,20150929,1.215,1.215,1.205,1.205,10000
BXB,20150929,9.83,9.83,9.69,9.7,4692404
BYL,20150929,0.255,0.27,0.255,0.255,20002
BYR,20150929,0.02,0.02,0.02,0.02,30000
CAA,20150929,0.105,0.105,0.105,0.105,10000
CAB,20150929,2.91,2.97,2.87,2.95,648775
CAD,20150929,0.003,0.003,0.003,0.003,3380
CAF,20150929,0.325,0.325,0.325,0.325,3170
CAJ,20150929,0.59,0.595,0.58,0.58,1721942
CAM,20150929,0.875,0.875,0.875,0.875,3002
CAR,20150929,9.65,9.66,9.58,9.59,717037
CAS,20150929,0.14,0.14,0.14,0.14,44921
CAT,20150929,1.5,1.5,1.44,1.44,177572
CAZ,20150929,0.026,0.026,0.025,0.025,32074
CBA,20150929,71.5,71.93,70.15,70.15,4504678
CBQ,20150929,0.002,0.002,0.002,0.002,100000
CCL,20150929,8.89,8.94,8.75,8.89,2412021
CCP,20150929,10.85,10.865,10.58,10.58,399356
CCV,20150929,0.5,0.52,0.5,0.505,724565
CCZ,20150929,0.002,0.002,0.002,0.002,90695
CDA,20150929,0.98,0.98,0.965,0.97,11658
CDB,20150929,0.019,0.019,0.018,0.018,1943041
CDD,20150929,2.9,2.95,2.89,2.91,453007
CDG,20150929,0.048,0.048,0.048,0.048,329697
CDP,20150929,6.9,6.94,6.8,6.83,36120
CDV,20150929,0.12,0.12,0.11,0.11,424477
CDY,20150929,0.032,0.032,0.031,0.031,197750
CEL,20150929,0.028,0.028,0.028,0.028,48000
CFE,20150929,0.016,0.016,0.016,0.016,1116097
CGC,20150929,2.26,2.27,2.18,2.18,263791
CGF,20150929,7.24,7.29,7.02,7.1,3949653
CGH,20150929,0.11,0.11,0.105,0.11,47006
CGN,20150929,0.095,0.095,0.095,0.095,42900
CGR,20150929,0.14,0.145,0.14,0.145,45005
CGS,20150929,0.22,0.22,0.22,0.22,45727
CGW,20150929,0.57,0.57,0.56,0.57,166708
CHC,20150929,4.35,4.39,4.24,4.24,1519959
CHF,20150929,0.025,0.025,0.025,0.025,13700
CHN,20150929,0.105,0.105,0.105,0.105,42398
CHP,20150929,0.005,0.005,0.005,0.005,57193278
CIE,20150929,0.99,0.99,0.98,0.98,35000
CII,20150929,1.2,1.2,1.2,1.2,4500
CIM,20150929,23.94,23.94,23.29,23.45,434275
CIN,20150929,29.31,29.31,28.52,29,1826
CIW,20150929,0.685,0.685,0.65,0.65,110000
CKA,20150929,0.095,0.095,0.09,0.09,236500
CKF,20150929,3.26,3.28,3.16,3.16,90122
CKL,20150929,0.48,0.48,0.48,0.48,3303
CL8,20150929,0.022,0.022,0.021,0.021,1927863
CLH,20150929,2.35,2.35,2.3,2.3,612043
CLQ,20150929,0.25,0.25,0.22,0.22,2142821
CLX,20150929,1.15,1.15,1.15,1.15,15600
CM8,20150929,0.27,0.27,0.26,0.26,125289
CMA,20150929,1.97,1.97,1.96,1.97,54193
CMC,20150929,0.04,0.04,0.04,0.04,25000
CMI,20150929,1.5,1.5,1.5,1.5,15000
CMP,20150929,0.265,0.27,0.265,0.265,28677
CMW,20150929,0.96,0.96,0.94,0.945,4538666
CMY,20150929,0.013,0.013,0.013,0.013,1819571
CND,20150929,0.225,0.23,0.225,0.23,44872
CNI,20150929,0.84,0.84,0.84,0.84,10500
CNQ,20150929,0.07,0.07,0.07,0.07,80000
CNU,20150929,2.44,2.44,2.36,2.36,57713
CNW,20150929,0.027,0.029,0.027,0.027,1769186
CNX,20150929,0.019,0.019,0.017,0.017,5210002
COE,20150929,0.17,0.17,0.165,0.165,152976
COF,20150929,0.165,0.165,0.165,0.165,27142
COH,20150929,84.57,84.73,81.76,81.76,285384
COI,20150929,0.086,0.088,0.086,0.088,829300
COK,20150929,0.001,0.001,0.001,0.001,261077878
COM,20150929,0.025,0.025,0.025,0.025,90934
COO,20150929,0.13,0.13,0.13,0.13,200000
COY,20150929,0.006,0.006,0.005,0.005,1328149
CPU,20150929,10.36,10.56,10.31,10.48,2046703
CQR,20150929,3.97,4,3.92,3.93,1250515
CRB,20150929,0.06,0.06,0.06,0.06,19600
CRL,20150929,0.014,0.014,0.014,0.014,150000
CSE,20150929,0.195,0.195,0.195,0.195,203170
CSL,20150929,89.26,89.39,87.68,87.8,1429499
CSR,20150929,2.96,2.98,2.87,2.88,4353389
CSS,20150929,0.051,0.051,0.05,0.051,804431
CSV,20150929,1.625,1.685,1.605,1.68,473881
CTD,20150929,9.47,9.54,9.38,9.46,584823
CTM,20150929,0.007,0.008,0.007,0.008,175000
CTN,20150929,0.93,0.945,0.92,0.92,162565
CTO,20150929,0.026,0.026,0.026,0.026,403693
CTP,20150929,0.1,0.102,0.099,0.099,221500
CTT,20150929,0.019,0.021,0.019,0.021,325000
CTX,20150929,31.85,31.85,30.21,30.21,1051265
CUE,20150929,0.07,0.07,0.07,0.07,14000
CUP,20150929,0.99,0.99,0.96,0.96,228389
CUV,20150929,2.8,2.9,2.77,2.77,129210
CUX,20150929,0.008,0.008,0.008,0.008,40000
CV1,20150929,0.56,0.6,0.52,0.58,804165
CVE,20150929,0.006,0.006,0.006,0.006,100000
CVN,20150929,0.105,0.105,0.105,0.105,18950
CVO,20150929,2.2,2.23,2.18,2.18,1581291
CVT,20150929,0.3,0.305,0.29,0.3,663110
CWC,20150929,0.56,0.58,0.555,0.58,90500
CWE,20150929,0.045,0.045,0.044,0.045,573480
CWN,20150929,9.99,10.08,9.8,9.8,2358985
CWP,20150929,4.52,4.53,4.405,4.46,77661
CXM,20150929,0.071,0.071,0.067,0.067,96740
CXU,20150929,0.14,0.14,0.14,0.14,50000
CXX,20150929,0.22,0.22,0.21,0.21,60000
CXZ,20150929,0.175,0.18,0.16,0.18,82500
CYA,20150929,0.8,0.8,0.79,0.79,123000
CYC,20150929,0.54,0.54,0.54,0.54,15000
CYG,20150929,1.27,1.285,1.26,1.26,29191
CYP,20150929,0.455,0.455,0.43,0.435,53029
CYS,20150929,0.021,0.021,0.021,0.021,250000
CYU,20150929,0.017,0.018,0.017,0.018,30000
CYY,20150929,0.059,0.06,0.058,0.058,325542
CZA,20150929,0.09,0.09,0.09,0.09,27000
CZI,20150929,0.04,0.042,0.039,0.039,675766
CZL,20150929,0.035,0.037,0.035,0.035,665408
CZZ,20150929,22.38,22.95,22.35,22.9,37264
DCC,20150929,0.17,0.17,0.145,0.15,1078699
DCG,20150929,0.94,0.95,0.91,0.91,419882
DCN,20150929,0.68,0.68,0.64,0.64,178892
DDD,20150929,0.003,0.003,0.003,0.003,700000
DDR,20150929,1.75,1.75,1.75,1.75,2840
DDT,20150929,0.019,0.019,0.019,0.019,669371
DGH,20150929,0.69,0.69,0.68,0.68,25000
DGR,20150929,0.033,0.033,0.032,0.032,172088
DGX,20150929,0.014,0.014,0.014,0.014,873040
DJW,20150929,4.1,4.13,4.05,4.11,71277
DKM,20150929,0.125,0.125,0.125,0.125,28000
DLS,20150929,0.48,0.485,0.462,0.465,1939139
DLX,20150929,5.36,5.36,5.295,5.31,1575860
DM1,20150929,0.115,0.135,0.115,0.13,144075
DMA,20150929,0.011,0.011,0.011,0.011,135000
DMP,20150929,39.85,40.49,39.55,39.77,339013
DMY,20150929,0.022,0.022,0.022,0.022,191307
DNA,20150929,0.7,0.7,0.68,0.7,282921
DNK,20150929,0.32,0.32,0.31,0.32,89195
DOW,20150929,3.32,3.33,3.23,3.27,2375871
DRA,20150929,0.17,0.17,0.16,0.16,95500
DRG,20150929,0.025,0.025,0.025,0.025,200000
DRK,20150929,0.004,0.004,0.004,0.004,500000
DRM,20150929,0.445,0.445,0.43,0.43,698233
DSH,20150929,1.31,1.315,1.28,1.28,1955019
DSX,20150929,0.06,0.06,0.06,0.06,283333
DTL,20150929,1.18,1.18,1.14,1.15,352527
DTM,20150929,0.012,0.012,0.01,0.01,1000000
DUB,20150929,0.33,0.34,0.31,0.32,472386
DUE,20150929,2.16,2.17,2.14,2.14,7105620
DUI,20150929,3.3,3.31,3.25,3.25,78320
DUO,20150929,0.012,0.012,0.011,0.011,3022000
DVI,20150929,0.037,0.04,0.036,0.04,2593065
DWS,20150929,0.95,0.99,0.95,0.975,138210
DXS,20150929,7.17,7.19,7.05,7.06,4612836
DYE,20150929,0.23,0.23,0.23,0.23,2300
DYL,20150929,0.011,0.011,0.011,0.011,625
E88,20150929,0.135,0.135,0.135,0.135,10000
EAI,20150929,1,1,0.995,0.995,10000
EAX,20150929,1.19,1.19,1.19,1.19,11
EBG,20150929,0.067,0.067,0.067,0.067,10000
EBT,20150929,3.5,3.55,3.45,3.55,4044
ECX,20150929,2.97,2.97,2.89,2.94,47742
EDE,20150929,0.069,0.069,0.067,0.067,1170029
EER,20150929,0.007,0.007,0.007,0.007,25000
EEU,20150929,15.81,15.9,15.81,15.9,7829
EGH,20150929,0.54,0.555,0.53,0.545,326836
EGI,20150929,1.06,1.09,1.06,1.09,10000
EGO,20150929,0.005,0.005,0.004,0.004,4027709
EGP,20150929,4.86,4.88,4.82,4.84,2672428
EHE,20150929,6.68,6.81,6.65,6.77,749646
EHL,20150929,0.058,0.058,0.058,0.058,37522
ELD,20150929,3.93,4,3.89,3.92,157282
ELK,20150929,0.075,0.075,0.075,0.075,100000
ELM,20150929,0.2,0.2,0.2,0.2,791945
ELX,20150929,0.395,0.395,0.395,0.395,48725
EMF,20150929,1.9,1.9,1.87,1.87,53429
EMG,20150929,0.018,0.02,0.018,0.02,2259781
EMH,20150929,0.12,0.13,0.12,0.125,113783
EML,20150929,0.6,0.605,0.59,0.59,63035
EMR,20150929,0.02,0.02,0.02,0.02,226039
EMX,20150929,0.04,0.04,0.038,0.038,42500
ENA,20150929,0.19,0.19,0.19,0.19,160000
ENE,20150929,7.955,7.96,7.95,7.95,31351
ENN,20150929,1.67,1.7,1.65,1.67,29411
ENT,20150929,0.03,0.03,0.03,0.03,50000
ENZ,20150929,0.34,0.35,0.33,0.35,80000
EOR,20150929,0.006,0.006,0.006,0.006,150000
EOS,20150929,1.17,1.17,1.09,1.1,93395
EPD,20150929,0.805,0.815,0.805,0.805,64776
EPW,20150929,2.23,2.24,2.18,2.22,334735
EPX,20150929,1.65,1.65,1.65,1.65,9850
EQE,20150929,0.012,0.012,0.012,0.012,45000
EQT,20150929,22.37,22.4,22.02,22.33,6865
EQX,20150929,0.28,0.285,0.275,0.285,435779
ERA,20150929,0.33,0.34,0.32,0.33,156929
ERI,20150929,0.02,0.02,0.019,0.019,480000
ERJ,20150929,0.031,0.031,0.029,0.029,1547945
ERM,20150929,0.036,0.036,0.035,0.035,114000
ERR,20150929,0.32,0.34,0.32,0.34,61765
ESI,20150929,0.02,0.021,0.02,0.021,2168326
ESR,20150929,0.026,0.03,0.025,0.025,2559325
ESV,20150929,0.2,0.2,0.18,0.2,105772
ETE,20150929,0.014,0.014,0.014,0.014,38
ETF,20150929,19,19,19,19,552
EVE,20150929,0.007,0.007,0.007,0.007,500000
EVM,20150929,0.1,0.105,0.099,0.099,463730
EVN,20150929,1.145,1.195,1.13,1.17,17331660
EVR,20150929,0.605,0.605,0.585,0.6,78066
EWC,20150929,0.2,0.205,0.19,0.19,1157439
EXC,20150929,0.012,0.012,0.012,0.012,10000
EXR,20150929,0.002,0.002,0.002,0.002,1000000
EZA,20150929,0.12,0.12,0.12,0.12,37300
EZL,20150929,0.86,0.86,0.84,0.855,76209
FAN,20150929,2.25,2.26,2.25,2.26,1478
FAR,20150929,0.083,0.083,0.08,0.08,8130864
FBU,20150929,6.12,6.14,6.08,6.11,1401993
FCN,20150929,0.014,0.014,0.013,0.013,260000
FDC,20150929,2.7,2.71,2.65,2.65,10278749
FET,20150929,2.02,2.05,1.965,1.965,258448
FFT,20150929,0.99,1.045,0.99,1.045,8028
FGG,20150929,1.1,1.1,1.08,1.08,296498
FGX,20150929,1.08,1.08,1.07,1.08,143167
FID,20150929,2.17,2.17,2.16,2.16,4071
FLK,20150929,0.195,0.195,0.195,0.195,95000
FLN,20150929,1.445,1.45,1.37,1.37,76733
FLR,20150929,0.002,0.002,0.002,0.002,464348
FLT,20150929,35.98,36.98,35.17,35.43,584882
FMG,20150929,1.705,1.725,1.66,1.67,22020183
FML,20150929,0.31,0.31,0.305,0.31,36891
FMS,20150929,0.012,0.013,0.012,0.012,1486518
FND,20150929,0.115,0.115,0.115,0.115,150000
FNP,20150929,2.9,2.9,2.9,2.9,9605
FNT,20150929,0.002,0.002,0.002,0.002,1100000
FPH,20150929,6.64,6.64,6.49,6.53,402517
FRI,20150929,1.14,1.14,1.13,1.14,29890
FRY,20150929,0.055,0.056,0.054,0.054,758794
FSA,20150929,1.23,1.25,1.22,1.24,21691
FSF,20150929,5.09,5.09,5.01,5.06,250305
FUN,20150929,0.033,0.036,0.032,0.033,958343
FWD,20150929,1.5,1.525,1.45,1.45,97843
FXJ,20150929,0.86,0.87,0.855,0.865,15031662
FXL,20150929,2.39,2.39,2.28,2.28,1779008
GAL,20150929,0.018,0.019,0.017,0.017,9847428
GAP,20150929,0.255,0.255,0.255,0.255,12000
GBE,20150929,0.021,0.021,0.021,0.021,40000
GBG,20150929,0.033,0.035,0.033,0.034,824090
GBM,20150929,0.01,0.01,0.01,0.01,110679
GBT,20150929,4.89,5,4.82,4.83,373113
GBZ,20150929,0.026,0.03,0.026,0.03,1109881
GCN,20150929,0.007,0.008,0.007,0.008,3390532
GCR,20150929,0.058,0.058,0.058,0.058,5000
GCS,20150929,0.49,0.49,0.49,0.49,361
GCY,20150929,0.08,0.08,0.08,0.08,200000
GDF,20150929,0.97,0.97,0.96,0.96,141871
GDI,20150929,0.9,0.91,0.892,0.905,628002
GDX,20150929,19.27,19.31,19.27,19.31,675
GDY,20150929,0.027,0.029,0.027,0.027,88200
GEG,20150929,0.81,0.81,0.81,0.81,6000
GEM,20150929,2.95,2.97,2.9,2.9,2694414
GER,20150929,0.08,0.08,0.08,0.08,119706
GFY,20150929,2.7,2.8,2.7,2.8,60
GGG,20150929,0.032,0.032,0.028,0.028,8887361
GHC,20150929,1.84,1.87,1.8,1.81,169125
GID,20150929,0.035,0.035,0.035,0.035,3635000
GJT,20150929,1.8,1.8,1.76,1.78,11228
GLB,20150929,1.54,1.54,1.54,1.54,3400
GLE,20150929,0.24,0.24,0.24,0.24,704
GLF,20150929,0.011,0.011,0.01,0.01,6948453
GLN,20150929,0.003,0.003,0.003,0.003,1275991
GMA,20150929,2.35,2.35,2.21,2.21,1821338
GMF,20150929,2.03,2.05,2.01,2.05,65458
GMG,20150929,5.74,5.82,5.69,5.7,5462619
GMM,20150929,0.091,0.096,0.087,0.096,5065121
GMN,20150929,0.064,0.064,0.064,0.064,10770
GNC,20150929,8.84,8.935,8.84,8.85,645759
GNE,20150929,1.765,1.78,1.76,1.76,107750
GNG,20150929,0.955,0.955,0.855,0.87,161380
GNX,20150929,0.15,0.15,0.15,0.15,141359
GOLD,20150929,155.1,155.64,154.73,154.73,3686
GOR,20150929,0.44,0.45,0.435,0.445,2379637
GOW,20150929,3.13,3.13,3.1,3.1,3062
GOZ,20150929,3.06,3.1,3.04,3.08,680635
GPH,20150929,0.067,0.067,0.063,0.063,148000
GPR,20150929,0.05,0.05,0.05,0.05,20000
GPT,20150929,4.46,4.5,4.41,4.41,4327595
GRB,20150929,0.06,0.068,0.06,0.067,452864
GRF,20150929,1.39,1.39,1.39,1.39,23730
GRR,20150929,0.105,0.107,0.105,0.105,162879
GRY,20150929,0.047,0.048,0.047,0.048,168800
GSE,20150929,0.094,0.094,0.094,0.094,5000
GTG,20150929,0.02,0.02,0.019,0.02,1682540
GTK,20150929,1.73,1.73,1.73,1.73,500000
GTY,20150929,2.53,2.53,2.46,2.5,583728
GUD,20150929,8.55,8.74,8.48,8.55,433261
GUF,20150929,0.028,0.028,0.027,0.027,1987952
GVF,20150929,1.025,1.03,1.025,1.025,72285
GWA,20150929,2.55,2.55,2.48,2.5,577322
GXL,20150929,6.41,6.43,6.28,6.4,453232
GXN,20150929,0.001,0.001,0.001,0.001,259702
GXY,20150929,0.043,0.043,0.04,0.04,3061425
GZL,20150929,2.4,2.4,2.4,2.4,2430
HAV,20150929,0.265,0.265,0.265,0.265,11320
HAW,20150929,0.035,0.035,0.035,0.035,10193
HCT,20150929,0.135,0.135,0.135,0.135,55000
HDX,20150929,0.14,0.14,0.135,0.135,620000
HFA,20150929,2.71,2.73,2.69,2.7,292463
HFR,20150929,1.45,1.45,1.39,1.415,352298
HGG,20150929,5.6,5.615,5.49,5.49,3647795
HGO,20150929,0.17,0.17,0.17,0.17,5625
HHV,20150929,1.08,1.09,1.07,1.075,295245
HIG,20150929,0.085,0.085,0.085,0.085,107059
HIL,20150929,0.39,0.395,0.385,0.395,118528
HIT,20150929,0.26,0.27,0.24,0.27,118604
HLX,20150929,0.039,0.039,0.039,0.039,130000
HMI,20150929,0.017,0.017,0.017,0.017,195000
HNR,20150929,0.004,0.004,0.003,0.003,2150000
HOR,20150929,0.02,0.02,0.02,0.02,250000
HPI,20150929,2.57,2.58,2.53,2.53,129979
HPR,20150929,0.075,0.075,0.075,0.075,180000
HRL,20150929,0.08,0.08,0.075,0.075,150576
HSN,20150929,3.06,3.07,2.96,3.02,757274
HSO,20150929,2.56,2.57,2.5,2.5,5844793
HTA,20150929,0.08,0.08,0.08,0.08,2720
HUB,20150929,2.29,2.37,2.27,2.35,104337
HUO,20150929,3.61,3.64,3.6,3.64,76580
HVN,20150929,3.87,3.915,3.79,3.79,3726878
HZN,20150929,0.088,0.091,0.088,0.091,474308
IAA,20150929,58.5,58.5,57.59,57.84,12535
IAB,20150929,1.2,1.2,1.2,1.2,3125
IAF,20150929,106.59,106.75,106.25,106.72,9169
IAG,20150929,4.82,4.85,4.74,4.74,8204940
IAU,20150929,0.125,0.125,0.12,0.12,1196920
IBC,20150929,0.48,0.48,0.475,0.475,50833
IBG,20150929,0.053,0.053,0.051,0.052,3091685
IBK,20150929,41.7,41.7,41.07,41.55,973
ICQ,20150929,0.72,0.725,0.71,0.715,143080
ICU,20150929,0.077,0.078,0.077,0.078,1744
IDR,20150929,1.985,1.985,1.94,1.96,233975
IDT,20150929,0.375,0.377,0.375,0.375,20944
IDZ,20150929,0.36,0.375,0.355,0.375,3629
IEC,20150929,0.015,0.015,0.015,0.015,500000
IEM,20150929,45.55,45.58,45.22,45.42,15480
IEU,20150929,56.4,56.52,55.87,56.01,33967
IFL,20150929,8.56,8.62,8.4,8.41,1386359
IFM,20150929,0.81,0.82,0.785,0.82,568692
IFN,20150929,0.255,0.265,0.255,0.26,1146218
IGB,20150929,104.34,104.34,104.04,104.04,566
IGO,20150929,2.61,2.61,2.53,2.55,3300142
IHD,20150929,13.5,13.5,13.17,13.17,76091
IHK,20150929,27.24,27.24,27.24,27.24,550
IIL,20150929,0.175,0.175,0.175,0.175,1095
IJH,20150929,193.55,194.29,193.55,193.64,680
IJP,20150929,16.2,16.2,15.88,15.96,83436
IJR,20150929,152.55,152.55,152.16,152.2,352
ILB,20150929,113.74,114.07,113.74,114.07,896
ILC,20150929,22.17,22.27,21.89,21.89,31822
ILU,20150929,6.2,6.2,5.96,6.15,4418742
IMA,20150929,0.07,0.077,0.07,0.077,130000
IMC,20150929,0.45,0.45,0.45,0.45,10000
IMD,20150929,0.185,0.19,0.18,0.19,618612
IMF,20150929,1.35,1.357,1.33,1.33,242185
INA,20150929,0.43,0.43,0.42,0.425,1922228
IOF,20150929,3.94,3.96,3.88,3.89,1620265
IOO,20150929,98.3,98.3,97.5,97.61,14424
IOZ,20150929,21.43,21.43,21.03,21.03,53049
IPB,20150929,0.012,0.012,0.012,0.012,10000
IPD,20150929,0.9,0.905,0.88,0.88,499895
IPE,20150929,0.275,0.275,0.275,0.275,22228
IPH,20150929,6.97,6.97,6.83,6.89,209378
IPL,20150929,3.8,3.845,3.74,3.84,7965538
IPP,20150929,2.89,2.96,2.83,2.88,190736
IPT,20150929,0.025,0.028,0.025,0.026,1369452
IQ3,20150929,0.28,0.31,0.28,0.31,18523
IQE,20150929,1.1,1.1,1.07,1.07,763
IRD,20150929,0.12,0.12,0.12,0.12,38833
IRE,20150929,9.29,9.45,9.21,9.34,615245
IRI,20150929,2.74,2.78,2.62,2.76,195433
IRM,20150929,0.014,0.014,0.014,0.014,50000
IRU,20150929,156.49,156.49,155.5,156.12,694
ISD,20150929,3.89,3.89,3.75,3.75,1004087
ISG,20150929,14.28,14.28,14.28,14.28,37
ISN,20150929,0.063,0.063,0.063,0.063,32918
ISO,20150929,3.54,3.56,3.53,3.53,7856
ISU,20150929,1.565,1.565,1.52,1.535,345427
ISX,20150929,0.305,0.32,0.285,0.32,2412224
ITW,20150929,18.22,18.22,18.22,18.22,400
IVC,20150929,10.9,10.9,10.69,10.69,720177
IVE,20150929,81,81,80.59,80.66,15851
IVR,20150929,0.011,0.012,0.011,0.011,628199
IVV,20150929,272.23,272.23,271.04,271.17,16372
IVX,20150929,0.013,0.014,0.013,0.013,1437853
IXI,20150929,126.25,126.28,125.67,125.8,1061
IXJ,20150929,140,140,138.04,138.04,27172
IXP,20150929,81.1,81.1,81.1,81.1,2
IXR,20150929,0.007,0.007,0.006,0.006,1792286
IZZ,20150929,49.64,49.65,48.91,49.44,3896
JBH,20150929,19,19.1,18.85,18.85,584538
JHC,20150929,2.82,2.82,2.74,2.79,780704
JHX,20150929,17.17,17.29,17,17,1737180
JIN,20150929,0.98,0.995,0.98,0.985,32565
JRV,20150929,0.055,0.055,0.055,0.055,33750
JVG,20150929,0.002,0.002,0.002,0.002,2664649
JYC,20150929,1.1,1.1,1.1,1.1,13360
KAM,20150929,0.65,0.66,0.65,0.65,87500
KAR,20150929,1.79,1.795,1.675,1.675,1487033
KAS,20150929,0.019,0.019,0.019,0.019,13650
KAT,20150929,0.81,0.81,0.81,0.81,4385
KBC,20150929,0.165,0.165,0.165,0.165,5369
KBL,20150929,0.024,0.024,0.024,0.024,698044
KCN,20150929,0.73,0.73,0.7,0.72,255880
KDR,20150929,0.12,0.125,0.12,0.12,1277684
KEY,20150929,0.005,0.005,0.005,0.005,50044
KII,20150929,2.46,2.47,2.46,2.47,21960
KKL,20150929,0.011,0.011,0.01,0.011,2832984
KKT,20150929,0.25,0.25,0.25,0.25,8500
KMD,20150929,1.3,1.335,1.26,1.3,533647
KME,20150929,0.355,0.37,0.355,0.37,19138
KNE,20150929,0.1,0.1,0.099,0.1,405025
KNL,20150929,0.19,0.19,0.185,0.19,125777
KNM,20150929,0.023,0.023,0.023,0.023,108000
KNO,20150929,0.28,0.28,0.255,0.28,194000
KOR,20150929,0.029,0.029,0.029,0.029,108000
KOV,20150929,3.35,3.35,3.35,3.35,1000
KPC,20150929,0.09,0.09,0.09,0.09,20000
KPT,20150929,9.5,9.5,9.5,9.5,2339
KRM,20150929,0.215,0.215,0.21,0.21,69124
KSC,20150929,1.32,1.32,1.32,1.32,2808
KSL,20150929,1.135,1.15,1.115,1.15,38000
KSO,20150929,0.011,0.012,0.01,0.01,23542274
KTE,20150929,0.03,0.03,0.03,0.03,100997
LAA,20150929,0.31,0.31,0.3,0.3,46936
LAU,20150929,0.44,0.44,0.435,0.44,252261
LCD,20150929,0.024,0.026,0.024,0.026,219847
LCK,20150929,0.18,0.18,0.18,0.18,2000
LCM,20150929,0.69,0.69,0.682,0.69,14212
LCT,20150929,0.037,0.037,0.037,0.037,30000
LCY,20150929,0.005,0.005,0.005,0.005,1659195
LEG,20150929,0.01,0.01,0.009,0.009,4528679
LEP,20150929,3.7,3.8,3.68,3.8,248670
LER,20150929,0.14,0.15,0.14,0.15,110000
LGD,20150929,0.25,0.27,0.25,0.27,1135
LGO,20150929,0.009,0.009,0.009,0.009,1282682
LHC,20150929,3,3.02,2.96,3,280011
LIC,20150929,2.73,2.73,2.7,2.7,9736
LIT,20150929,0.065,0.065,0.06,0.06,349712
LKO,20150929,0.002,0.002,0.002,0.002,233334
LLC,20150929,12.7,12.73,12.21,12.21,2620869
LMB,20150929,0.058,0.058,0.058,0.058,65689
LNG,20150929,1.28,1.295,1.23,1.245,5602073
LOM,20150929,0.4,0.42,0.39,0.4,5473218
LOV,20150929,2.73,2.85,2.66,2.79,96549
LRS,20150929,0.008,0.008,0.008,0.008,63118
LSR,20150929,0.024,0.026,0.024,0.024,1897861
LSX,20150929,0.185,0.185,0.185,0.185,85000
LVT,20150929,0.175,0.18,0.175,0.18,280088
LWP,20150929,0.01,0.01,0.008,0.009,42065088
LYC,20150929,0.035,0.035,0.033,0.033,28491203
LYL,20150929,1.27,1.27,1.27,1.27,4000
MAD,20150929,0.087,0.087,0.086,0.086,18293
MAH,20150929,0.065,0.066,0.063,0.064,694580
MAK,20150929,0.115,0.125,0.115,0.12,96612
MAQ,20150929,7.87,7.95,7.87,7.95,3355
MAR,20150929,0.006,0.006,0.006,0.006,886734
MAT,20150929,0.16,0.16,0.16,0.16,15625
MBE,20150929,0.225,0.235,0.22,0.225,2315408
MCE,20150929,0.45,0.45,0.45,0.45,22325
MCP,20150929,0.65,0.65,0.64,0.65,18011
MCR,20150929,0.24,0.24,0.23,0.23,172832
MDI,20150929,0.008,0.008,0.007,0.007,258300
MEB,20150929,0.45,0.45,0.425,0.445,208904
MEI,20150929,0.009,0.009,0.009,0.009,356071
MEL,20150929,0.043,0.043,0.043,0.043,136641
MEO,20150929,0.014,0.014,0.014,0.014,38538
MEP,20150929,0.06,0.06,0.056,0.056,60000
MEZ,20150929,1.91,1.94,1.87,1.94,39072
MFF,20150929,1.87,1.87,1.84,1.87,331052
MFG,20150929,18.55,18.95,18.34,18.34,489154
MGC,20150929,2.2,2.26,2.2,2.24,366199
MGE,20150929,2.58,2.59,2.58,2.58,637097
MGP,20150929,0.19,0.19,0.19,0.19,200000
MGR,20150929,1.735,1.74,1.695,1.695,13922616
MGX,20150929,0.18,0.185,0.175,0.185,2681023
MHG,20150929,2.29,2.29,2.27,2.29,61571
MHI,20150929,0.155,0.155,0.155,0.155,60000
MHM,20150929,0.01,0.01,0.01,0.01,240000
MIG,20150929,1.05,1.05,0.98,0.98,123089
MIN,20150929,4.04,4.08,3.92,4.06,2227651
MIR,20150929,2.44,2.46,2.43,2.46,11051
MJP,20150929,0.43,0.43,0.41,0.41,57479
MKB,20150929,0.105,0.105,0.1,0.105,177173
MLB,20150929,1.8,1.8,1.782,1.79,7956
MLD,20150929,0.9,0.905,0.85,0.85,173854
MLM,20150929,0.041,0.041,0.041,0.041,3452
MLT,20150929,4.28,4.29,4.24,4.24,107410
MLX,20150929,1.21,1.22,1.18,1.18,747914
MMJ,20150929,0.28,0.28,0.275,0.275,33907
MML,20150929,0.39,0.41,0.38,0.385,605398
MMS,20150929,12.47,12.67,12.32,12.35,544193
MNC,20150929,0.004,0.004,0.004,0.004,600000
MND,20150929,6.11,6.15,6,6.09,749633
MNE,20150929,0.001,0.001,0.001,0.001,318471
MNF,20150929,3.54,3.55,3.46,3.51,32410
MNM,20150929,0.015,0.015,0.015,0.015,400000
MNQ,20150929,0.02,0.02,0.015,0.015,197193
MNS,20150929,0.47,0.475,0.445,0.445,868599
MNW,20150929,0.063,0.067,0.063,0.067,95850
MNY,20150929,1.11,1.13,1.07,1.08,77305
MOC,20150929,1.91,1.93,1.862,1.93,44767
MOO,20150929,0.001,0.001,0.001,0.001,500000
MOQ,20150929,0.038,0.038,0.038,0.038,321428
MOX,20150929,0.008,0.008,0.008,0.008,25000
MOY,20150929,0.076,0.076,0.075,0.075,45549
MOZ,20150929,0.039,0.039,0.035,0.037,3218372
MPJ,20150929,0.004,0.005,0.004,0.005,957777
MPL,20150929,2.39,2.42,2.38,2.38,8386918
MPO,20150929,0.15,0.152,0.15,0.15,86871
MQA,20150929,3.7,3.73,3.68,3.69,4867083
MQG,20150929,77.2,77.26,75,75,1728463
MRD,20150929,0.013,0.016,0.013,0.016,1823509
MRF,20150929,0.055,0.059,0.054,0.056,508948
MRM,20150929,0.54,0.545,0.515,0.515,996950
MRP,20150929,0.07,0.07,0.07,0.07,9500
MSB,20150929,3.51,3.64,3.44,3.47,549782
MTA,20150929,0.044,0.044,0.04,0.041,427000
MTH,20150929,0.004,0.004,0.004,0.004,1645603
MTL,20150929,0.076,0.076,0.076,0.076,121879
MTR,20150929,3.88,3.93,3.84,3.85,1640301
MTS,20150929,1.04,1.07,1.025,1.05,4103350
MTU,20150929,9.2,9.3,8.83,8.83,3091665
MUM,20150929,0.004,0.004,0.004,0.004,380000
MUS,20150929,0.2,0.2,0.195,0.195,97205
MVA,20150929,17.81,17.81,17.62,17.62,540
MVB,20150929,24.61,24.61,24.5,24.5,10802
MVE,20150929,5.2,5.2,5.2,5.2,120
MVF,20150929,1.25,1.26,1.235,1.255,232906
MVP,20150929,3.37,3.42,3.29,3.29,69383
MVR,20150929,14.98,14.98,14.98,14.98,150
MVS,20150929,14.96,14.96,14.91,14.91,5593
MVT,20150929,0.13,0.13,0.13,0.13,19600
MVW,20150929,20.45,20.45,20.19,20.19,39917
MWR,20150929,1.25,1.25,1.25,1.25,6200
MXI,20150929,0.42,0.44,0.42,0.435,56241
MXR,20150929,0.002,0.002,0.002,0.002,416298
MYE,20150929,0.245,0.245,0.245,0.245,5000
MYO,20150929,3.41,3.42,3.32,3.35,927619
MYQ,20150929,0.125,0.13,0.12,0.12,145000
MYR,20150929,0.905,0.905,0.88,0.88,3799858
MYS,20150929,4.3,4.38,4.25,4.37,67315
MYT,20150929,2.34,2.34,2.33,2.33,146238
MYX,20150929,1.02,1.025,0.995,1.005,3335211
MZI,20150929,0.395,0.395,0.395,0.395,70763
MZN,20150929,0.01,0.01,0.01,0.01,1500000
NAB,20150929,29.73,29.92,29.2,29.2,8416221
NAC,20150929,0.95,0.95,0.95,0.95,39990
NAN,20150929,1.345,1.345,1.3,1.3,403262
NCC,20150929,0.96,0.96,0.93,0.935,56808
NCK,20150929,3.65,3.65,3.61,3.62,5493
NCM,20150929,12.25,12.75,12.2,12.55,3924454
NCO,20150929,0.003,0.003,0.003,0.003,385000
NCR,20150929,0.004,0.004,0.004,0.004,150000
NDO,20150929,0.4,0.4,0.395,0.4,3332
NDQ,20150929,10.22,10.26,10.21,10.22,73230
NEA,20150929,0.445,0.45,0.44,0.44,172854
NEC,20150929,1.55,1.595,1.54,1.555,2871169
NEN,20150929,0.022,0.023,0.022,0.023,475544
NEU,20150929,0.083,0.083,0.08,0.082,681335
NFE,20150929,0.006,0.006,0.006,0.006,316333
NHC,20150929,1.69,1.69,1.65,1.65,103639
NHF,20150929,3.2,3.3,3.2,3.28,485487
NIU,20150929,0.002,0.002,0.002,0.002,846786
NKP,20150929,0.08,0.083,0.08,0.083,11200
NMI,20150929,0.016,0.016,0.016,0.016,40000
NML,20150929,0.03,0.03,0.03,0.03,20754
NMT,20150929,0.205,0.205,0.19,0.205,677112
NNW,20150929,0.18,0.18,0.18,0.18,2109
NOD,20150929,0.069,0.069,0.069,0.069,364980
NOR,20150929,0.022,0.023,0.022,0.023,349992
NRR,20150929,0.053,0.055,0.053,0.055,78890
NRT,20150929,0.145,0.145,0.145,0.145,968366
NSE,20150929,0.011,0.011,0.011,0.011,389997
NSL,20150929,0.014,0.015,0.013,0.013,5783517
NSP,20150929,0.028,0.028,0.028,0.028,100000
NSR,20150929,1.515,1.545,1.48,1.5,1506214
NST,20150929,2.53,2.7,2.5,2.67,6903003
NTC,20150929,1.36,1.41,1.34,1.4,292020
NTL,20150929,0.007,0.008,0.007,0.008,240000
NTU,20150929,0.2,0.2,0.2,0.2,169964
NUF,20150929,8,8.16,7.89,8,1365532
NVG,20150929,0.002,0.002,0.002,0.002,300000
NVL,20150929,1.47,1.47,1.42,1.42,50994
NVT,20150929,3.95,3.99,3.93,3.95,1307884
NWE,20150929,0.004,0.004,0.004,0.004,300000
NWF,20150929,0.81,0.835,0.81,0.83,7150
NWH,20150929,0.099,0.099,0.092,0.092,815514
NWS,20150929,17.93,17.95,17.74,17.74,77727
NWZ,20150929,0.035,0.037,0.034,0.034,427569
NXM,20150929,0.058,0.058,0.058,0.058,80000
NXR,20150929,0.056,0.056,0.05,0.052,1685444
NXT,20150929,2.34,2.34,2.3,2.3,124318
NYO,20150929,0.001,0.001,0.001,0.001,399987
NZO,20150929,0.375,0.375,0.37,0.37,11800
OBJ,20150929,0.06,0.061,0.059,0.06,234717
OBL,20150929,0.004,0.004,0.004,0.004,500000
OCC,20150929,0.685,0.69,0.63,0.65,332904
OCL,20150929,1.75,1.75,1.75,1.75,6000
OCP,20150929,1.25,1.25,1.25,1.25,850
OEC,20150929,0.56,0.56,0.55,0.55,112596
OEL,20150929,0.029,0.029,0.029,0.029,522668
OEX,20150929,0.03,0.03,0.03,0.03,287552
OFX,20150929,2.6,2.68,2.6,2.66,940010
OGC,20150929,2.19,2.2,2.13,2.15,516182
OGX,20150929,0.185,0.185,0.18,0.185,665052
OGY,20150929,0.012,0.012,0.012,0.012,1122407
OIL,20150929,0.045,0.045,0.044,0.044,153000
OLV,20150929,0.145,0.145,0.145,0.145,165000
OMH,20150929,0.18,0.205,0.18,0.18,18632
OML,20150929,3.11,3.155,3.09,3.11,31063
OMT,20150929,0.05,0.054,0.048,0.054,200656
ONC,20150929,0.39,0.39,0.38,0.38,14484
ONT,20150929,6.98,6.98,6.96,6.96,1200
OOO,20150929,20.04,20.04,19.96,19.96,2280
ORA,20150929,2.26,2.3,2.24,2.25,4621893
ORE,20150929,1.67,1.67,1.622,1.655,122390
ORG,20150929,6.47,6.47,6.085,6.1,12227862
ORI,20150929,15.3,15.3,14.82,14.86,2518437
ORL,20150929,2.48,2.48,2.4,2.4,22345
ORR,20150929,0.09,0.09,0.09,0.09,125468
ORS,20150929,0.013,0.013,0.013,0.013,10664
OSH,20150929,7.3,7.32,7.21,7.25,5451544
OSL,20150929,0.145,0.145,0.135,0.135,5336758
OSP,20150929,0.71,0.71,0.695,0.695,62113
OTH,20150929,0.505,0.52,0.505,0.52,12316
OVH,20150929,0.36,0.36,0.34,0.345,83412
OVL,20150929,0.009,0.009,0.009,0.009,2606111
OVR,20150929,0.008,0.008,0.007,0.007,624335
OZB,20150929,0.006,0.006,0.006,0.006,836325
OZF,20150929,18.84,18.86,18.6,18.6,42499
OZL,20150929,3.26,3.28,3.18,3.26,1965589
OZR,20150929,6.57,6.58,6.56,6.56,4000
PAA,20150929,0.005,0.005,0.005,0.005,5214396
PAB,20150929,0.014,0.014,0.011,0.012,4232245
PAF,20150929,0.875,0.875,0.875,0.875,11400
PAI,20150929,0.99,0.99,0.975,0.985,396845
PAN,20150929,0.3,0.3,0.285,0.285,657199
PBG,20150929,0.685,0.717,0.66,0.69,5387564
PBT,20150929,0.13,0.13,0.13,0.13,83713
PCL,20150929,0.005,0.005,0.004,0.004,965279
PDI,20150929,0.003,0.003,0.003,0.003,400000
PDN,20150929,0.175,0.18,0.165,0.165,12450880
PDZ,20150929,0.27,0.28,0.27,0.27,138250
PEA,20150929,0.38,0.38,0.38,0.38,988
PEH,20150929,0.135,0.135,0.135,0.135,296299
PEK,20150929,0.063,0.063,0.063,0.063,10000
PEP,20150929,3.36,3.36,3.36,3.36,5050
PEX,20150929,0.16,0.16,0.15,0.155,216453
PFG,20150929,0.09,0.09,0.09,0.09,118230
PFL,20150929,1.15,1.15,1.15,1.15,3690
PGC,20150929,0.695,0.695,0.675,0.675,36321
PGF,20150929,1.025,1.025,1,1,618748
PGH,20150929,4.55,4.62,4.51,4.58,1269810
PGI,20150929,0.085,0.085,0.085,0.085,20112
PGM,20150929,0.059,0.059,0.059,0.059,40000
PGO,20150929,0.021,0.021,0.021,0.021,100000
PGR,20150929,0.64,0.645,0.635,0.635,543738
PHG,20150929,0.57,0.58,0.57,0.58,39500
PHI,20150929,9,9,9,9,70
PHK,20150929,0.031,0.031,0.03,0.03,170000
PIC,20150929,0.96,0.96,0.95,0.95,156606
PIO,20150929,0.017,0.018,0.017,0.018,489142
PIQ,20150929,0.225,0.235,0.225,0.235,11792
PLP,20150929,0.01,0.01,0.009,0.01,535000
PLS,20150929,0.25,0.27,0.25,0.25,7785586
PMC,20150929,1.85,1.86,1.84,1.85,424588
PME,20150929,2.36,2.36,2.3,2.36,13372
PMP,20150929,0.545,0.545,0.535,0.535,339608
PMV,20150929,12.86,12.94,12.72,12.72,360265
PMY,20150929,0.011,0.012,0.01,0.012,1920414
PNC,20150929,1.79,1.79,1.79,1.79,500
PNL,20150929,0.3,0.3,0.3,0.3,80000
PNN,20150929,0.013,0.013,0.012,0.012,47271
PNR,20150929,0.06,0.06,0.057,0.057,919728
PNV,20150929,0.125,0.145,0.125,0.145,1804017
POH,20150929,0.014,0.014,0.014,0.014,150000
POK,20150929,0.15,0.15,0.14,0.145,888336
POS,20150929,0.055,0.055,0.051,0.052,1666282
POU,20150929,21.7,21.7,21.65,21.7,2340
POZ,20150929,0.021,0.022,0.021,0.022,70000
PPC,20150929,1.085,1.115,1.06,1.07,124320
PPG,20150929,0.42,0.42,0.42,0.42,29535
PPL,20150929,0.39,0.39,0.38,0.38,35128
PPS,20150929,0.295,0.295,0.285,0.29,400579
PPT,20150929,39.76,39.76,38.59,38.59,234311
PPX,20150929,0.026,0.028,0.023,0.028,1203243
PPY,20150929,0.008,0.008,0.008,0.008,60000
PRA,20150929,0.009,0.009,0.009,0.009,3301411
PRG,20150929,2.69,2.75,2.68,2.7,357409
PRL,20150929,0.039,0.039,0.039,0.039,50000
PRO,20150929,1.71,1.795,1.71,1.785,81106
PRR,20150929,0.059,0.06,0.058,0.058,1689426
PRT,20150929,0.54,0.55,0.53,0.53,271770
PRU,20150929,0.31,0.315,0.305,0.31,5167877
PRY,20150929,3.86,3.86,3.74,3.75,3284342
PSA,20150929,0.095,0.095,0.095,0.095,19744
PSF,20150929,0.01,0.01,0.01,0.01,400000
PSQ,20150929,2.02,2.02,2.01,2.01,394691
PSY,20150929,0.215,0.225,0.195,0.2,1688237
PSZ,20150929,0.81,0.82,0.8,0.82,49000
PTM,20150929,6.67,6.71,6.56,6.56,1202564
PTR,20150929,0.004,0.004,0.004,0.004,14314
PVD,20150929,0.063,0.063,0.061,0.061,486102
PXG,20150929,0.125,0.125,0.125,0.125,335657
PXS,20150929,0.215,0.22,0.212,0.215,81536
PYC,20150929,0.012,0.012,0.012,0.012,2914455
QAN,20150929,3.74,3.75,3.68,3.71,13640608
QAU,20150929,12.05,12.05,11.88,11.88,6160
QBE,20150929,12.85,12.93,12.68,12.7,4780660
QBL,20150929,0.011,0.011,0.011,0.011,1100433
QCB,20150929,10.01,10.01,10.01,10.01,1000
QFN,20150929,10.48,10.48,10.32,10.32,12706
QHL,20150929,0.19,0.19,0.175,0.18,631867
QMS,20150929,0.925,0.925,0.9,0.9,41439
QOZ,20150929,10.95,10.95,10.9,10.9,11479
QRE,20150929,3.66,3.66,3.64,3.64,15526
QSS,20150929,0.027,0.027,0.027,0.027,106041
QUB,20150929,2.02,2.02,1.98,1.98,5765128
QUS,20150929,26.67,26.67,26.67,26.67,550
QVE,20150929,1.02,1.03,1.005,1.01,210217
RCB,20150929,20.36,20.45,20.36,20.4,12895
RCG,20150929,1.26,1.26,1.235,1.26,120635
RCR,20150929,2.09,2.15,2.08,2.15,112850
RCT,20150929,3.58,3.6,3.54,3.54,22004
RCU,20150929,0.08,0.08,0.08,0.08,7571
RDF,20150929,0.24,0.24,0.24,0.24,25500
RDG,20150929,0.013,0.013,0.011,0.011,579091
RDH,20150929,1.25,1.25,1.25,1.25,800
RDV,20150929,27.4,27.47,26.99,26.99,24954
REA,20150929,43.98,44.15,43.42,43.47,280372
REC,20150929,7.18,7.19,7.13,7.15,1470868
RED,20150929,0.071,0.072,0.068,0.072,338497
REF,20150929,0.125,0.125,0.125,0.125,10714
REG,20150929,5.33,5.34,5.2,5.2,761815
REH,20150929,34.51,35.05,34.3,34.5,1033
RES,20150929,0.054,0.06,0.053,0.06,1245541
REX,20150929,0.9,0.92,0.9,0.91,105627
REY,20150929,0.077,0.077,0.076,0.076,142789
RFF,20150929,1.14,1.17,1.14,1.165,356198
RFG,20150929,4.21,4.215,4.12,4.12,880675
RFL,20150929,0.145,0.145,0.145,0.145,103600
RFN,20150929,1.17,1.25,1.15,1.215,944606
RFX,20150929,0.23,0.23,0.22,0.225,156810
RGB,20150929,21.5,21.52,21.43,21.52,28294
RGP,20150929,0.045,0.045,0.045,0.045,20000
RGS,20150929,0.11,0.11,0.11,0.11,12692
RGX,20150929,0.05,0.05,0.05,0.05,423562
RHC,20150929,59.15,59.22,57.5,57.89,855907
RHL,20150929,3.7,3.7,3.62,3.65,17452
RHP,20150929,1.26,1.265,1.25,1.25,128322
RHT,20150929,0.035,0.035,0.033,0.035,469138
RIC,20150929,1.29,1.32,1.275,1.32,216971
RIM,20150929,0.017,0.017,0.015,0.015,155304
RIO,20150929,46.84,47,45.93,46.52,2866404
RKN,20150929,2.02,2.02,1.965,1.98,50663
RLE,20150929,0.11,0.12,0.105,0.105,33441
RMD,20150929,7.08,7.11,7.04,7.05,4790383
RMR,20150929,0.003,0.003,0.003,0.003,200000
RMS,20150929,0.165,0.175,0.165,0.175,4955302
RMX,20150929,0.003,0.003,0.002,0.002,630000
RND,20150929,1.7,1.7,1.7,1.7,301
RNI,20150929,0.014,0.014,0.013,0.013,123722
RNO,20150929,0.034,0.034,0.033,0.034,1217314
RNS,20150929,0.025,0.025,0.025,0.025,20000
RNT,20150929,0.135,0.135,0.135,0.135,37500
RNU,20150929,0.014,0.014,0.014,0.014,25425
RNY,20150929,0.275,0.275,0.27,0.27,226000
ROG,20150929,0.001,0.001,0.001,0.001,600000
ROY,20150929,0.017,0.017,0.017,0.017,27020
RRL,20150929,1.655,1.75,1.65,1.7,2966949
RSG,20150929,0.315,0.315,0.3,0.305,1418074
RSM,20150929,20.88,20.88,20.8,20.8,4915
RTG,20150929,0.465,0.465,0.465,0.465,10000
RTR,20150929,0.021,0.024,0.021,0.021,136386
RUB,20150929,0.049,0.049,0.049,0.049,20958
RUL,20150929,0.55,0.55,0.55,0.55,216
RUM,20150929,0.053,0.053,0.052,0.052,179226
RVA,20150929,0.69,0.75,0.69,0.75,178250
RVL,20150929,26.47,26.47,26.43,26.43,1480
RVY,20150929,0.016,0.018,0.015,0.018,290000
RWD,20150929,0.65,0.65,0.65,0.65,14679
RXH,20150929,0.235,0.235,0.235,0.235,7044
RXL,20150929,0.019,0.02,0.018,0.019,4176205
RXM,20150929,0.087,0.089,0.087,0.089,73029
RXP,20150929,0.505,0.505,0.5,0.5,212320
RYD,20150929,1.01,1.01,1.01,1.01,7500
RYG,20150929,0.006,0.006,0.006,0.006,1646666
S32,20150929,1.39,1.4,1.377,1.385,25022003
SAI,20150929,4.39,4.51,4.38,4.42,1727444
SAR,20150929,0.505,0.505,0.49,0.5,2524688
SBB,20150929,0.038,0.038,0.038,0.038,20000
SBM,20150929,0.91,0.98,0.87,0.97,4476809
SBR,20150929,0.02,0.02,0.02,0.02,3961
SCD,20150929,0.6,0.605,0.6,0.605,17000
SCG,20150929,3.81,3.87,3.78,3.81,11387801
SCI,20150929,0.024,0.025,0.024,0.024,171079
SCP,20150929,1.92,1.935,1.897,1.9,2614537
SDA,20150929,4.48,4.48,4.3,4.38,52025
SDF,20150929,1.42,1.435,1.405,1.41,1852514
SDG,20150929,1.57,1.59,1.547,1.555,387761
SDI,20150929,0.59,0.59,0.58,0.58,9000
SDL,20150929,0.016,0.016,0.016,0.016,2225408
SEA,20150929,0.285,0.285,0.275,0.28,449679
SEG,20150929,0.003,0.003,0.002,0.002,2971000
SEH,20150929,0.083,0.084,0.078,0.078,3467309
SEK,20150929,12.06,12.06,11.84,11.9,1332574
SEN,20150929,0.14,0.14,0.13,0.13,561946
SER,20150929,0.02,0.02,0.02,0.02,250000
SFC,20150929,4.59,4.59,4.59,4.59,915
SFG,20150929,0.062,0.062,0.06,0.061,790000
SFH,20150929,0.535,0.537,0.535,0.535,2362
SFI,20150929,0.064,0.066,0.063,0.065,851180
SFL,20150929,0.35,0.35,0.35,0.35,377736
SFN,20150929,0.22,0.22,0.22,0.22,50000
SFR,20150929,5.28,5.35,5.25,5.28,1267968
SFX,20150929,0.48,0.48,0.48,0.48,10000
SFY,20150929,49.39,49.39,48.38,48.38,31167
SGF,20150929,2.94,3.01,2.91,3.01,98118
SGH,20150929,2.72,2.98,2.7,2.87,3110602
SGM,20150929,9.41,9.52,9.27,9.45,1435584
SGN,20150929,0.68,0.69,0.665,0.68,427536
SGO,20150929,0.065,0.065,0.06,0.065,43100
SGP,20150929,3.85,3.86,3.82,3.84,10507543
SGQ,20150929,0.076,0.078,0.076,0.078,280042
SGU,20150929,0.068,0.07,0.068,0.07,40048
SHE,20150929,0.033,0.034,0.031,0.033,1536629
SHJ,20150929,2.06,2.08,1.99,2.08,168226
SHL,20150929,18.75,18.78,18.2,18.2,1597830
SHM,20150929,0.85,0.85,0.82,0.82,11982
SHP,20150929,0.011,0.011,0.011,0.011,360000
SHV,20150929,11.45,11.665,10.97,11.02,399314
SIO,20150929,1.3,1.35,1.29,1.29,11134
SIP,20150929,0.73,0.735,0.725,0.73,2592435
SIQ,20150929,3.15,3.15,3.1,3.12,70215
SIV,20150929,9.63,9.63,9.38,9.4,115144
SIX,20150929,0.002,0.002,0.002,0.002,3750000
SKC,20150929,3.44,3.46,3.41,3.41,551953
SKE,20150929,1.74,1.745,1.705,1.715,870419
SKI,20150929,1.875,1.9,1.85,1.86,4958068
SKT,20150929,4.35,4.37,4.25,4.27,492020
SLC,20150929,2.23,2.34,2.23,2.3,61345
SLF,20150929,11.23,11.27,11.1,11.1,77182
SLK,20150929,3.1,3.2,3.06,3.2,174003
SLM,20150929,0.6,0.645,0.6,0.645,29839
SLR,20150929,0.16,0.165,0.15,0.165,4048433
SLX,20150929,0.435,0.435,0.42,0.425,147005
SMA,20150929,0.032,0.033,0.031,0.031,1570205
SMI,20150929,0.015,0.015,0.015,0.015,189429
SMN,20150929,0.565,0.565,0.52,0.525,149301
SMP,20150929,0.16,0.16,0.16,0.16,3000
SMR,20150929,0.115,0.115,0.1,0.105,250000
SMX,20150929,5.09,5.26,5.08,5.15,233753
SNC,20150929,0.905,0.905,0.885,0.885,83921
SNZ,20150929,3.35,3.35,3.31,3.31,4003
SOC,20150929,0.002,0.003,0.002,0.003,601220
SOI,20150929,0.002,0.002,0.002,0.002,590025
SOL,20150929,14.95,14.95,14.59,14.8,336831
SOM,20150929,2.34,2.35,2.25,2.28,62241
SOO,20150929,0.035,0.035,0.035,0.035,117500
SOR,20150929,0.145,0.145,0.135,0.135,286822
SPK,20150929,2.79,2.79,2.7,2.71,4682732
SPL,20150929,0.745,0.75,0.73,0.74,187354
SPO,20150929,2.07,2.105,2.06,2.07,11625168
SPX,20150929,0.006,0.006,0.006,0.006,350000
SPY,20150929,269.95,270,269.95,270,72
SPZ,20150929,0.135,0.135,0.135,0.135,1560
SRF,20150929,1.67,1.74,1.64,1.74,99820
SRH,20150929,0.165,0.165,0.165,0.165,21800
SRI,20150929,0.032,0.032,0.031,0.031,889585
SRK,20150929,0.049,0.049,0.049,0.049,20000
SRQ,20150929,0.006,0.006,0.006,0.006,15826
SRR,20150929,0.01,0.011,0.01,0.011,102000
SRT,20150929,0.01,0.01,0.009,0.009,838630
SRV,20150929,7,7.03,6.85,6.95,29642
SRX,20150929,33,33.02,32.21,32.45,274652
SRZ,20150929,0.027,0.027,0.027,0.027,60800
SSM,20150929,0.35,0.35,0.33,0.33,395928
SSN,20150929,0.004,0.004,0.004,0.004,6521047
SSO,20150929,10.48,10.48,10.43,10.44,23585
SST,20150929,18,18,18,18,6
STL,20150929,0.033,0.035,0.033,0.035,192857
STO,20150929,4.51,4.53,4.28,4.28,14223616
STS,20150929,0.6,0.6,0.6,0.6,4000
STW,20150929,47.37,47.37,46.63,46.63,300714
STX,20150929,0.11,0.11,0.105,0.105,229737
SUD,20150929,0.027,0.028,0.027,0.027,642624
SUL,20150929,8.84,8.91,8.76,8.76,759456
SUM,20150929,0.05,0.05,0.048,0.05,194701
SUN,20150929,12.15,12.24,11.99,11.99,4471087
SUR,20150929,0.001,0.001,0.001,0.001,50000
SVL,20150929,0.003,0.003,0.003,0.003,500000
SVM,20150929,0.08,0.08,0.08,0.08,13450
SVW,20150929,4.45,4.48,4.26,4.36,1652589
SVY,20150929,0.21,0.21,0.21,0.21,10626
SWE,20150929,0.05,0.05,0.05,0.05,88462
SWJ,20150929,0.01,0.01,0.01,0.01,50000
SWK,20150929,0.105,0.105,0.1,0.1,500616
SWL,20150929,1.175,1.21,1.175,1.2,33694
SWM,20150929,0.73,0.74,0.72,0.72,3222891
SWR,20150929,0.025,0.025,0.025,0.025,3333
SXE,20150929,0.32,0.32,0.32,0.32,14850
SXL,20150929,0.88,0.9,0.88,0.885,963296
SXT,20150929,0.019,0.019,0.018,0.018,1294301
SXX,20150929,0.003,0.003,0.003,0.003,333333
SXY,20150929,0.145,0.15,0.14,0.15,7343498
SYA,20150929,0.023,0.023,0.02,0.02,2517806
SYD,20150929,6.02,6.04,5.91,5.92,10836889
SYI,20150929,25.9,25.92,25.66,25.67,30092
SYP,20150929,0.007,0.007,0.007,0.007,1000000
SYR,20150929,2.42,2.46,2.4,2.41,938770
SYS,20150929,0.001,0.001,0.001,0.001,209183
TAH,20150929,4.58,4.67,4.57,4.63,3838574
TAM,20150929,0.066,0.066,0.062,0.062,547646
TAP,20150929,0.2,0.205,0.195,0.195,333417
TAR,20150929,0.094,0.094,0.082,0.082,105000
TAS,20150929,0.053,0.053,0.046,0.046,231877
TCH,20150929,1.735,1.75,1.73,1.73,8779
TCL,20150929,10.01,10.08,9.89,9.89,5485829
TCN,20150929,0.078,0.078,0.078,0.078,20000
TDX,20150929,0.001,0.001,0.001,0.001,59000
TEN,20150929,0.19,0.195,0.185,0.185,3087030
TEX,20150929,0.003,0.003,0.003,0.003,150000
TFC,20150929,1.54,1.56,1.51,1.52,391626
TGA,20150929,2.04,2.04,1.985,1.995,505038
TGG,20150929,1.28,1.3,1.28,1.285,195292
TGP,20150929,0.94,0.95,0.912,0.925,269578
TGR,20150929,4.28,4.38,4.24,4.27,741385
TGS,20150929,0.054,0.056,0.054,0.055,427755
TGZ,20150929,0.61,0.61,0.575,0.58,59500
THR,20150929,0.002,0.002,0.002,0.002,50000
THX,20150929,0.086,0.086,0.075,0.078,139037
TIS,20150929,0.045,0.045,0.043,0.043,22640
TIX,20150929,2.4,2.4,2.34,2.34,231192
TLG,20150929,0.295,0.295,0.285,0.295,177639
TLM,20150929,0.43,0.43,0.4,0.4,331186
TLS,20150929,5.65,5.66,5.49,5.49,38939667
TME,20150929,3.31,3.34,3.26,3.26,959576
TMP,20150929,0.465,0.475,0.46,0.46,93837
TNE,20150929,3.77,3.83,3.71,3.8,454619
TNG,20150929,0.175,0.175,0.16,0.165,4308604
TNK,20150929,1.02,1.02,1.02,1.02,17696
TNR,20150929,0.28,0.28,0.28,0.28,3200
TOE,20150929,0.058,0.058,0.057,0.057,214787
TOF,20150929,1.995,1.995,1.97,1.98,23601
TOM,20150929,0.14,0.14,0.13,0.13,100000
TON,20150929,0.245,0.245,0.242,0.245,474361
TOP,20150929,0.46,0.46,0.45,0.45,219653
TOT,20150929,1.08,1.08,1.08,1.08,8000
TOX,20150929,2.58,2.59,2.56,2.56,496208
TPE,20150929,2.8,2.8,2.78,2.78,7029
TPI,20150929,0.71,0.717,0.695,0.695,3376587
TPM,20150929,10.57,10.67,10.12,10.14,4090595
TPP,20150929,0.085,0.085,0.084,0.084,430000
TPS,20150929,0.022,0.022,0.022,0.022,278100
TRG,20150929,7.15,7.2,6.95,7.05,158514
TRL,20150929,0.02,0.02,0.018,0.018,98700
TRS,20150929,8.29,8.29,8.2,8.23,138588
TRY,20150929,0.32,0.34,0.31,0.325,798929
TSE,20150929,1.01,1.03,0.995,1.015,2066128
TSM,20150929,0.39,0.39,0.38,0.38,55868
TSN,20150929,0.006,0.006,0.005,0.005,12022417
TSV,20150929,0.059,0.06,0.053,0.055,3063928
TTE,20150929,0.022,0.022,0.02,0.02,3500000
TTN,20150929,0.04,0.04,0.04,0.04,107951
TTS,20150929,3.66,3.74,3.64,3.71,6279589
TTW,20150929,0.023,0.023,0.022,0.022,55000
TUP,20150929,0.2,0.2,0.2,0.2,8830
TWD,20150929,3.46,3.55,3.42,3.51,20093
TWE,20150929,6.42,6.49,6.37,6.39,2205769
TWR,20150929,1.88,1.88,1.88,1.88,300
TYK,20150929,0.001,0.001,0.001,0.001,1800000
TYX,20150929,0.019,0.019,0.019,0.019,162994
TZL,20150929,0.075,0.08,0.073,0.073,75000
TZN,20150929,0.155,0.165,0.15,0.165,245442
UBA,20150929,16.95,16.95,16.88,16.88,2668
UBE,20150929,19.67,19.67,19.67,19.67,97
UBI,20150929,0.35,0.35,0.335,0.34,115258
UBJ,20150929,19.47,19.47,19.47,19.47,88
UBN,20150929,0.785,0.785,0.785,0.785,17037
UBW,20150929,20.08,20.08,20.08,20.08,1194
UCM,20150929,0.13,0.13,0.13,0.13,15000
UEQ,20150929,0.006,0.006,0.005,0.005,1300000
UGL,20150929,1.84,1.92,1.83,1.9,1142611
UML,20150929,0.017,0.017,0.017,0.017,1948713
UNS,20150929,0.21,0.21,0.2,0.2,672307
UNV,20150929,0.175,0.18,0.175,0.18,881500
UOS,20150929,0.49,0.49,0.49,0.49,16300
UPG,20150929,0.715,0.715,0.715,0.715,3878
URF,20150929,2.24,2.25,2.24,2.24,57889
USA,20150929,0.025,0.025,0.025,0.025,1577
USD,20150929,14.04,14.11,14.04,14.09,124945
USG,20150929,2.55,2.55,2.54,2.54,19607
USR,20150929,0.73,0.73,0.73,0.73,1638
UXC,20150929,1.24,1.275,1.23,1.275,460949
VAF,20150929,50.19,50.32,50.19,50.31,8588
VAH,20150929,0.48,0.48,0.47,0.48,452236
VAP,20150929,71.56,71.72,70.5,70.5,16754
VAS,20150929,64.82,64.82,63.52,63.58,112195
VEC,20150929,0.013,0.015,0.012,0.015,140000
VED,20150929,2.59,2.65,2.58,2.62,7484498
VEI,20150929,1.065,1.065,1.06,1.06,1830889
VET,20150929,0.125,0.16,0.125,0.135,4921564
VEU,20150929,60.36,60.36,59.77,59.77,28444
VGB,20150929,49.3,49.47,49.3,49.35,3266
VGE,20150929,52.42,52.49,52.42,52.43,395
VGS,20150929,56.98,56.98,56.66,56.68,8405
VHY,20150929,56.72,56.72,55.72,55.72,59552
VIC,20150929,0.009,0.009,0.009,0.009,242072
VIT,20150929,2.55,2.64,2.53,2.58,775976
VKA,20150929,0.012,0.012,0.011,0.011,690343
VLA,20150929,0.585,0.585,0.565,0.58,81264
VLC,20150929,55.4,55.4,54.9,54.9,768
VLW,20150929,2.02,2.13,2.02,2.11,268787
VML,20150929,0.018,0.018,0.015,0.015,1659579
VMS,20150929,0.019,0.019,0.019,0.019,105000
VMT,20150929,0.32,0.32,0.3,0.3,720071
VOC,20150929,5.8,5.815,5.62,5.73,5450288
VRL,20150929,6.86,6.95,6.83,6.85,149516
VRT,20150929,5.6,5.62,5.415,5.54,534408
VSC,20150929,0.96,1.02,0.96,1.02,13712
VSO,20150929,40.96,40.96,40.5,40.5,891
VTG,20150929,1.73,1.78,1.725,1.735,242608
VTS,20150929,139.84,139.84,139.1,139.12,13822
VTX,20150929,0.052,0.054,0.05,0.05,2177440
VXL,20150929,0.16,0.16,0.14,0.145,376070
WAA,20150929,0.955,0.955,0.945,0.945,68184
WAM,20150929,2.01,2.01,1.965,1.975,617876
WAX,20150929,1.24,1.25,1.23,1.24,182636
WBA,20150929,1.46,1.49,1.45,1.485,76741
WBC,20150929,29.73,29.81,29.1,29.1,8434748
WCB,20150929,9.35,9.35,9.3,9.3,2350
WCN,20150929,0.007,0.007,0.007,0.007,500000
WDE,20150929,0.89,0.89,0.89,0.89,42200
WEB,20150929,4.2,4.22,4.14,4.2,348107
WEL,20150929,0.077,0.077,0.075,0.076,610520
WES,20150929,38.92,39.31,38.29,38.32,2692778
WFD,20150929,9.77,9.99,9.74,9.75,6128937
WGO,20150929,0.004,0.004,0.004,0.004,250000
WHC,20150929,0.96,0.975,0.91,0.915,5500278
WHE,20150929,0.12,0.12,0.12,0.12,50000
WHF,20150929,4.19,4.19,4.14,4.14,25029
WHN,20150929,0.002,0.002,0.001,0.001,1300000
WIC,20150929,0.825,0.835,0.82,0.82,58000
WIG,20150929,0.91,0.91,0.91,0.91,52500
WIN,20150929,0.09,0.09,0.09,0.09,16030
WKT,20150929,0.006,0.006,0.005,0.006,20034794
WLL,20150929,4.6,4.72,4.6,4.72,8247
WMK,20150929,0.97,0.985,0.97,0.975,45300
WMN,20150929,0.25,0.25,0.235,0.235,11000
WNH,20150929,0.175,0.175,0.165,0.17,346000
WOF,20150929,0.01,0.01,0.01,0.01,92815
WOR,20150929,6.01,6.03,5.81,5.86,1491347
WOW,20150929,24.55,24.73,24.23,24.23,3511714
WPI,20150929,0.024,0.024,0.024,0.024,200000
WPL,20150929,29.25,29.28,28.17,28.17,3455380
WRG,20150929,0.003,0.003,0.003,0.003,250000
WRR,20150929,0.385,0.385,0.385,0.385,3242
WSA,20150929,2.15,2.16,2.07,2.11,3022971
WTP,20150929,0.86,0.905,0.86,0.905,186431
WVL,20150929,0.006,0.006,0.006,0.006,575000
WWI,20150929,0.014,0.014,0.014,0.014,110000
XAM,20150929,0.125,0.125,0.12,0.12,440000
XRF,20150929,0.19,0.19,0.19,0.19,6000
XRO,20150929,13.6,14.06,13.48,13.85,216609
XTD,20150929,0.135,0.135,0.135,0.135,90000
XTE,20150929,0.38,0.38,0.37,0.37,58000
YBR,20150929,0.38,0.38,0.36,0.36,40083
YNB,20150929,0.135,0.135,0.13,0.135,274760
YOW,20150929,1.19,1.19,1.135,1.15,474912
YPB,20150929,0.265,0.265,0.205,0.25,103297
YRR,20150929,0.009,0.009,0.009,0.009,372200
ZGL,20150929,0.18,0.18,0.175,0.175,49000
ZIP,20150929,1.23,1.26,1.18,1.22,569652
ZML,20150929,0.33,0.33,0.31,0.315,125900
ZNZ,20150929,6,6.05,6,6.05,540122
XAF,20150929,5152.8,5134.9,4950,4950,0
XAO,20150929,5145.1,5132,4958.1,4958.1,0
XAT,20150929,5064.5,5049.8,4871.4,4871.4,0
XDJ,20150929,1786.3,1786.3,1741.8,1741.8,0
XEC,20150929,1033.6,1033.8,1016.2,1016.2,0
XEJ,20150929,8617,8617,8041.8,8041.8,0
XFJ,20150929,5853.9,5853.9,5644.5,5644.5,0
XFL,20150929,5207,5188.9,5002.4,5002.4,0
XGD,20150929,2519.1,2519.1,2413.9,2484.4,0
XHJ,20150929,18040,18040,17410.9,17410.9,0
XIJ,20150929,732.3,732.3,713.5,717,0
XJO,20150929,5113.5,5098.8,4918.4,4918.4,0
XJR,20150929,2761.7,2706.1,2598.8,2598.8,0
XKO,20150929,5063.8,5063.8,4873.4,4873.4,0
XMD,20150929,4797.2,4797.2,4637.9,4637.9,0
XMJ,20150929,7828.8,7668.2,7434.7,7435.7,0
XMM,20150929,2248.6,2248.6,2122.7,2124.9,0
XNJ,20150929,4747.1,4747.1,4593.5,4593.5,0
XPJ,20150929,1247.7,1247.7,1210.9,1212.4,0
XSJ,20150929,8372.9,8372.9,8119.2,8119.2,0
XSO,20150929,1991.4,1991.4,1937.4,1937.4,0
XTJ,20150929,2056.8,2056.8,1964.6,1964.6,0
XTL,20150929,3087.4,3073.4,2963.6,2963.6,0
XTO,20150929,4261.3,4261.3,4097,4097,0
XUJ,20150929,6683.8,6683.8,6489.9,6489.9,0
XXJ,20150929,6671.1,6671.1,6423,6423,0
