1PG,20150203,1.04,1.04,1.01,1.03,136509
3PL,20150203,2.18,2.25,2.18,2.25,32166
8IH,20150203,0.41,0.41,0.4,0.4,242000
AAA,20150203,50.1,50.11,50.09,50.11,215212
AAC,20150203,1.57,1.575,1.535,1.565,754781
AAD,20150203,2.76,2.84,2.75,2.82,2169994
AAI,20150203,22.4,22.4,22.4,22.4,768
AAR,20150203,0.011,0.011,0.011,0.011,105000
AAU,20150203,0.051,0.051,0.051,0.051,2500
AAX,20150203,0.41,0.42,0.41,0.415,12451
AB1,20150203,0.2,0.2,0.2,0.2,67354
ABC,20150203,3.67,3.75,3.66,3.74,1637605
ABL,20150203,0.012,0.012,0.012,0.012,5000
ABP,20150203,3.11,3.19,3.09,3.19,1043117
ABU,20150203,0.3,0.315,0.29,0.3,315368
ABV,20150203,0.007,0.007,0.007,0.007,362643
ABX,20150203,0.28,0.29,0.28,0.29,94728
ABY,20150203,0.185,0.185,0.185,0.185,12500
ACB,20150203,0.042,0.044,0.042,0.044,46500
ACG,20150203,0.096,0.098,0.096,0.098,27611
ACK,20150203,0.36,0.36,0.36,0.36,5500
ACL,20150203,0.069,0.071,0.069,0.071,453566
ACO,20150203,1.75,1.75,1.75,1.75,700811
ACQ,20150203,0.715,0.74,0.715,0.74,110000
ACR,20150203,1.485,1.5,1.39,1.445,648982
ACW,20150203,0.056,0.056,0.052,0.052,789530
ACX,20150203,1.95,1.97,1.945,1.97,94494
ADJ,20150203,0.1,0.11,0.1,0.105,259000
ADO,20150203,0.092,0.095,0.092,0.092,783299
ADV,20150203,0.005,0.005,0.005,0.005,730086
ADX,20150203,0.004,0.004,0.004,0.004,24002
ADY,20150203,0.031,0.031,0.031,0.031,303435
AEB,20150203,0.069,0.069,0.069,0.069,13000
AEE,20150203,0.029,0.029,0.029,0.029,250000
AEF,20150203,38,38,38,38,840
AEI,20150203,0.28,0.28,0.275,0.28,210000
AEK,20150203,0.081,0.081,0.08,0.08,129125
AFA,20150203,0.23,0.23,0.23,0.23,9000
AFI,20150203,6.18,6.23,6.16,6.2,364250
AFJ,20150203,1.365,1.45,1.365,1.39,1174793
AFR,20150203,0.09,0.092,0.09,0.09,743389
AFV,20150203,0.54,0.54,0.54,0.54,10232
AGB,20150203,0.24,0.24,0.24,0.24,19282
AGD,20150203,0.13,0.13,0.13,0.13,13441
AGE,20150203,0.022,0.022,0.022,0.022,39100
AGF,20150203,1.13,1.15,1.12,1.15,815989
AGG,20150203,3.2,3.39,3.2,3.39,6071
AGI,20150203,2.89,2.95,2.86,2.91,533436
AGJ,20150203,0.086,0.086,0.086,0.086,34060
AGL,20150203,14.43,14.56,14.27,14.46,1993869
AGO,20150203,0.17,0.17,0.165,0.165,3058200
AGR,20150203,0.031,0.031,0.031,0.031,38085
AGS,20150203,0.071,0.071,0.071,0.071,18000
AHD,20150203,11.65,12.13,11.6,11.99,76138
AHE,20150203,3.78,3.83,3.7,3.75,1359350
AHF,20150203,0.26,0.27,0.26,0.27,9000
AHK,20150203,0.05,0.05,0.05,0.05,90000
AHY,20150203,1.655,1.66,1.63,1.64,1872220
AHZ,20150203,0.115,0.12,0.105,0.105,3929757
AIA,20150203,4.2,4.23,4.15,4.23,32303
AIO,20150203,6,6.02,5.93,6,5774736
AIQ,20150203,0.155,0.155,0.155,0.155,402000
AIZ,20150203,2.5,2.53,2.47,2.53,7463
AJA,20150203,4.98,5,4.95,4.98,53669
AJD,20150203,1.25,1.265,1.245,1.26,90140
AJL,20150203,0.36,0.36,0.36,0.36,10000
AJM,20150203,0.047,0.047,0.047,0.047,137239
AJQ,20150203,0.052,0.055,0.052,0.055,60000
AJX,20150203,0.7,0.71,0.655,0.67,1406405
AKF,20150203,0.096,0.096,0.096,0.096,92000
AKG,20150203,1.2,1.2,1.2,1.2,500
AKK,20150203,0.04,0.04,0.038,0.039,612695
AKM,20150203,0.03,0.03,0.03,0.03,9995
AKP,20150203,9.02,9.02,9,9,4075
ALA,20150203,0.2,0.205,0.2,0.205,194681
ALF,20150203,1.41,1.44,1.4,1.44,249378
ALK,20150203,0.26,0.265,0.26,0.265,293739
ALL,20150203,6.92,7.12,6.85,7.08,2273522
ALQ,20150203,5,5.27,4.99,5.13,2112590
ALR,20150203,1.125,1.15,1.125,1.13,93575
ALT,20150203,0.026,0.027,0.025,0.026,722202
ALU,20150203,2.95,3.09,2.94,3.02,298234
ALY,20150203,0.016,0.016,0.016,0.016,21782
AMA,20150203,0.38,0.387,0.375,0.385,332670
AMC,20150203,13.09,13.11,12.705,12.86,5243493
AMH,20150203,0.88,0.88,0.88,0.88,44122
AMI,20150203,0.25,0.25,0.25,0.25,98223
AMM,20150203,2.83,2.93,2.83,2.91,936153
AMP,20150203,5.85,5.87,5.77,5.85,5752626
ANG,20150203,0.68,0.7,0.68,0.7,28473
ANI,20150203,2.28,2.37,2.28,2.31,440551
ANN,20150203,22.88,22.88,21.9,22.65,700858
ANP,20150203,0.105,0.105,0.105,0.105,299100
ANQ,20150203,0.004,0.004,0.004,0.004,1276900
ANR,20150203,0.3,0.3,0.3,0.3,32000
ANZ,20150203,33.49,34.14,33.46,34.11,8667285
AOC,20150203,0.083,0.083,0.082,0.082,50000
AOD,20150203,0.905,0.905,0.905,0.905,4188
AOG,20150203,2.29,2.3,2.26,2.28,650904
AOH,20150203,0.115,0.12,0.1,0.115,3551685
AOK,20150203,0.12,0.13,0.12,0.13,4436687
AON,20150203,0.008,0.009,0.008,0.008,958534
AOU,20150203,0.05,0.052,0.05,0.052,89252
AOW,20150203,0.12,0.12,0.12,0.12,20000
APA,20150203,8.35,8.4,8.23,8.4,1714746
APD,20150203,0.38,0.38,0.375,0.375,490460
APE,20150203,6.06,6.19,6.06,6.19,5424
APG,20150203,0.013,0.013,0.013,0.013,302048
API,20150203,0.925,0.995,0.925,0.99,1854020
APN,20150203,0.815,0.875,0.815,0.86,2679878
APO,20150203,2.66,2.74,2.65,2.71,231141
APW,20150203,0.125,0.125,0.125,0.125,1300221
APX,20150203,0.565,0.565,0.56,0.56,60000
APY,20150203,0.003,0.003,0.003,0.003,5000
APZ,20150203,1.232,1.27,1.23,1.27,11439
AQC,20150203,0.004,0.004,0.004,0.004,1195000
AQD,20150203,0.014,0.014,0.014,0.014,30000
AQG,20150203,2.97,3.01,2.95,3,915650
AQI,20150203,0.071,0.071,0.071,0.071,9000
AQJ,20150203,0.005,0.005,0.005,0.005,100000
AQP,20150203,0.28,0.285,0.27,0.27,156988
AQQ,20150203,0.011,0.011,0.011,0.011,15384
AQR,20150203,0.09,0.09,0.089,0.089,50465
AQZ,20150203,0.525,0.53,0.52,0.53,70000
ARA,20150203,0.385,0.385,0.385,0.385,27480
ARF,20150203,1.62,1.655,1.6,1.63,451526
ARG,20150203,7.97,8.08,7.97,8.07,103643
ARH,20150203,0.012,0.012,0.012,0.012,18500
ARI,20150203,0.2,0.21,0.195,0.2,14575121
ARO,20150203,0.014,0.014,0.014,0.014,63217
ARP,20150203,11.75,11.82,11.52,11.64,85431
ARU,20150203,0.049,0.049,0.046,0.046,71500
ASB,20150203,1.59,1.59,1.55,1.55,505515
ASH,20150203,1.55,1.55,1.545,1.55,20649
ASL,20150203,0.38,0.385,0.37,0.37,652235
AST,20150203,1.44,1.452,1.42,1.435,4258354
ASW,20150203,0.64,0.65,0.64,0.65,5000
ASX,20150203,38.75,39.05,38.65,38.95,488742
ASZ,20150203,0.66,0.69,0.66,0.69,570584
ATP,20150203,0.064,0.064,0.064,0.064,4962
ATU,20150203,1,1.015,0.97,1,60269
AUB,20150203,8.85,8.86,8.8,8.8,37346
AUC,20150203,0.035,0.035,0.035,0.035,60150
AUI,20150203,8.2,8.32,8.17,8.26,18732
AUP,20150203,5.5,5.55,5.5,5.55,4500
AUQ,20150203,0.013,0.013,0.011,0.013,1723961
AVB,20150203,0.072,0.073,0.072,0.073,182893
AVG,20150203,0.455,0.46,0.455,0.455,45900
AVH,20150203,0.08,0.08,0.08,0.08,10000
AVJ,20150203,0.6,0.615,0.6,0.615,78537
AVQ,20150203,0.013,0.014,0.012,0.013,14901924
AVX,20150203,0.016,0.018,0.016,0.018,573641
AWC,20150203,1.96,2.02,1.93,1.98,12287269
AWD,20150203,0.003,0.003,0.003,0.003,23333
AWE,20150203,1.385,1.43,1.38,1.395,4560177
AWI,20150203,0.2,0.2,0.2,0.2,5000
AWN,20150203,0.91,0.91,0.91,0.91,6700
AWQ,20150203,1,1,1,1,1000
AWV,20150203,0.041,0.041,0.04,0.04,97682
AXE,20150203,0.099,0.1,0.098,0.098,96756
AXI,20150203,0.056,0.056,0.056,0.056,89860
AYF,20150203,6.36,6.36,6.35,6.35,3000
AYM,20150203,0.002,0.006,0.002,0.006,850000
AZJ,20150203,5.05,5.05,4.92,4.98,4056694
AZM,20150203,0.03,0.03,0.029,0.03,265000
AZS,20150203,0.019,0.019,0.019,0.019,116000
AZV,20150203,0.28,0.28,0.27,0.27,174382
AZY,20150203,0.005,0.005,0.005,0.005,2400000
AZZ,20150203,0.19,0.205,0.19,0.2,403775
BAF,20150203,0.93,0.99,0.93,0.99,41763
BAL,20150203,1.8,1.815,1.78,1.8,72285
BAP,20150203,2.45,2.455,2.42,2.45,956602
BAR,20150203,0.006,0.006,0.006,0.006,52000
BAS,20150203,0.004,0.005,0.004,0.005,349999
BAU,20150203,0.105,0.105,0.105,0.105,101747
BBG,20150203,0.625,0.63,0.605,0.605,818493
BBR,20150203,0.25,0.26,0.25,0.25,209507
BCI,20150203,0.475,0.48,0.46,0.475,890252
BCK,20150203,0.049,0.049,0.049,0.049,300000
BDR,20150203,0.305,0.31,0.295,0.3,7115608
BEAR,20150203,17.14,17.18,16.91,16.95,188041
BEL,20150203,0.14,0.14,0.14,0.14,5994
BEN,20150203,13.59,13.63,13.44,13.57,1729791
BFG,20150203,0.44,0.455,0.44,0.455,325000
BGA,20150203,5.11,5.11,5.02,5.09,169031
BGL,20150203,0.855,0.87,0.845,0.845,382977
BGS,20150203,0.015,0.015,0.015,0.015,318000
BHP,20150203,30.3,30.74,30.22,30.65,10710407
BIG,20150203,0.155,0.155,0.15,0.15,57255
BIT,20150203,0.115,0.115,0.115,0.115,163652
BKI,20150203,1.685,1.695,1.68,1.695,216953
BKL,20150203,40,40.89,39.85,40.42,3382
BKN,20150203,2.76,2.78,2.7,2.73,1211008
BKW,20150203,12.24,12.41,12.21,12.41,38645
BKY,20150203,0.235,0.235,0.235,0.235,2000
BLA,20150203,2.95,3,2.95,3,27065
BLD,20150203,5.63,5.65,5.57,5.64,5743058
BLG,20150203,0.087,0.087,0.085,0.085,168725
BLK,20150203,0.098,0.098,0.09,0.09,234464
BLR,20150203,0.003,0.003,0.003,0.003,12614732
BLT,20150203,0.8,0.83,0.765,0.77,206536
BLX,20150203,1.6,1.6,1.565,1.58,44766
BLY,20150203,0.165,0.17,0.165,0.165,91957
BMB,20150203,0.024,0.024,0.019,0.019,1951500
BML,20150203,0.011,0.011,0.011,0.011,1600000
BMN,20150203,0.055,0.055,0.055,0.055,2000
BMY,20150203,0.009,0.009,0.009,0.009,95083
BMZ,20150203,0.03,0.034,0.03,0.034,32000
BNE,20150203,0.007,0.007,0.007,0.007,100000
BNO,20150203,0.43,0.43,0.415,0.415,278772
BOA,20150203,0.17,0.17,0.13,0.13,564154
BOC,20150203,0.23,0.23,0.19,0.23,305548
BOK,20150203,0.36,0.36,0.36,0.36,25000
BOL,20150203,0.13,0.135,0.13,0.135,89833
BOQ,20150203,12.7,12.99,12.66,12.96,2398074
BPA,20150203,5.06,5.06,5.06,5.06,17900
BPF,20150203,0.26,0.26,0.26,0.26,10575
BPG,20150203,0.002,0.002,0.002,0.002,3500000
BPT,20150203,1.06,1.19,1.05,1.167,26652817
BRC,20150203,0.25,0.25,0.25,0.25,33283
BRG,20150203,7.3,7.3,7.02,7.1,399330
BRL,20150203,0.028,0.032,0.028,0.032,1884852
BRU,20150203,0.405,0.41,0.385,0.39,770155
BSA,20150203,0.145,0.145,0.145,0.145,29353
BSE,20150203,0.14,0.14,0.12,0.14,167542
BSL,20150203,5.11,5.15,4.99,5.14,4137529
BSR,20150203,0.012,0.013,0.012,0.012,1524027
BST,20150203,0.92,0.92,0.86,0.86,30000
BTC,20150203,0.1,0.1,0.099,0.099,100000
BTI,20150203,0.915,0.915,0.915,0.915,554
BTT,20150203,7.12,7.39,7.12,7.39,178866
BUL,20150203,0.04,0.04,0.039,0.039,156246
BUX,20150203,0.087,0.087,0.087,0.087,10000
BUY,20150203,0.012,0.012,0.01,0.011,2112607
BWF,20150203,0.32,0.32,0.32,0.32,6200
BWP,20150203,2.89,3,2.89,2.98,1932908
BWR,20150203,0.105,0.105,0.105,0.105,53999
BXB,20150203,10.59,10.59,10.41,10.5,3316823
BXN,20150203,0.011,0.011,0.01,0.01,447555
BYI,20150203,1.24,1.24,1.24,1.24,7000
BYL,20150203,0.42,0.425,0.41,0.425,108928
BYR,20150203,0.035,0.035,0.03,0.035,354092
CAA,20150203,0.12,0.125,0.12,0.125,1044542
CAB,20150203,4.36,4.54,4.33,4.4,468726
CAD,20150203,0.01,0.01,0.01,0.01,1883740
CAE,20150203,0.023,0.023,0.023,0.023,100000
CAF,20150203,0.455,0.455,0.455,0.455,7460
CAJ,20150203,0.875,0.88,0.835,0.85,1615432
CAM,20150203,0.93,0.95,0.93,0.94,141000
CAS,20150203,0.24,0.24,0.24,0.24,50000
CAT,20150203,0.54,0.54,0.54,0.54,38950
CAV,20150203,0.015,0.015,0.013,0.013,621512
CAY,20150203,0.05,0.05,0.05,0.05,25000
CAZ,20150203,0.035,0.035,0.035,0.035,20000
CBA,20150203,89.95,90.67,88.87,90.4,3411875
CBQ,20150203,0.006,0.006,0.006,0.006,200000
CCF,20150203,0.02,0.02,0.02,0.02,100000
CCJ,20150203,0.03,0.03,0.029,0.03,386052
CCL,20150203,9.76,9.8,9.6,9.71,2028500
CCP,20150203,11.88,11.9,11.22,11.48,157060
CCV,20150203,1.085,1.15,1.085,1.14,860962
CCZ,20150203,0.001,0.001,0.001,0.001,10000
CDA,20150203,0.82,0.84,0.81,0.84,127656
CDD,20150203,2.86,3.04,2.86,2.91,1142398
CDG,20150203,0.065,0.065,0.055,0.064,606364
CDM,20150203,1.42,1.43,1.4,1.43,702357
CDP,20150203,6.7,6.74,6.68,6.72,35006
CDV,20150203,0.087,0.088,0.082,0.082,70500
CDY,20150203,0.025,0.025,0.025,0.025,81048
CEL,20150203,0.051,0.055,0.051,0.051,720288
CFE,20150203,0.077,0.079,0.075,0.076,510800
CFU,20150203,0.005,0.005,0.004,0.005,17280198
CGF,20150203,6.4,6.46,6.32,6.41,3406055
CGH,20150203,0.31,0.31,0.3,0.3,14450
CGN,20150203,0.115,0.115,0.115,0.115,3920
CGR,20150203,0.215,0.225,0.215,0.22,383369
CHC,20150203,4.86,4.99,4.83,4.94,1189095
CHF,20150203,0.021,0.021,0.019,0.019,200000
CHN,20150203,0.125,0.125,0.125,0.125,43591
CHP,20150203,0.009,0.009,0.008,0.008,400000
CHR,20150203,2.98,3,2.98,3,29000
CHZ,20150203,0.032,0.032,0.032,0.032,81500
CIA,20150203,0.135,0.135,0.1,0.135,301006
CIN,20150203,29.4,29.67,29.4,29.67,1100
CIR,20150203,0.155,0.165,0.155,0.165,89800
CIW,20150203,0.72,0.72,0.715,0.715,31787
CJC,20150203,0.002,0.002,0.001,0.002,2500270
CKA,20150203,0.057,0.057,0.045,0.049,1349093
CKF,20150203,2.53,2.54,2.51,2.52,318705
CKK,20150203,0.004,0.004,0.004,0.004,700000
CKL,20150203,0.53,0.535,0.53,0.53,426524
CL8,20150203,0.019,0.019,0.019,0.019,465007
CLH,20150203,2.09,2.1,2.06,2.08,208743
CLQ,20150203,0.15,0.155,0.125,0.135,3546941
CLV,20150203,0.3,0.3,0.3,0.3,35000
CLY,20150203,0.012,0.012,0.012,0.012,50000
CM8,20150203,0.22,0.24,0.22,0.23,2181140
CMA,20150203,2.23,2.23,2.21,2.21,15262
CMG,20150203,0.535,0.54,0.535,0.535,3637891
CMI,20150203,1.26,1.26,1.25,1.25,8628
CMP,20150203,0.11,0.115,0.105,0.115,23000
CMW,20150203,1.1,1.125,1.085,1.125,5480110
CND,20150203,0.28,0.28,0.28,0.28,50040
CNI,20150203,0.865,0.88,0.86,0.865,47264
CNQ,20150203,0.105,0.11,0.105,0.105,85000
CNU,20150203,2.51,2.55,2.5,2.52,532898
CNX,20150203,0.027,0.031,0.026,0.031,3655989
COE,20150203,0.25,0.265,0.245,0.26,1061029
COF,20150203,0.245,0.285,0.245,0.285,170356
COH,20150203,84,84,82.14,83.36,153090
COI,20150203,0.115,0.115,0.115,0.115,2500
COO,20150203,0.14,0.15,0.135,0.135,240000
COT,20150203,0.057,0.057,0.057,0.057,2112
COZ,20150203,0.067,0.07,0.067,0.07,256042
CPD,20150203,0.012,0.012,0.012,0.012,133332
CPL,20150203,0.017,0.017,0.017,0.017,8188
CPU,20150203,11.59,11.61,11.43,11.48,2034763
CQR,20150203,4.41,4.45,4.34,4.43,2794037
CRB,20150203,0.032,0.032,0.032,0.032,50000
CRZ,20150203,10.4,10.53,10.36,10.48,596388
CSD,20150203,0.05,0.05,0.046,0.046,79817
CSE,20150203,0.225,0.225,0.225,0.225,11000
CSL,20150203,88.79,88.79,86.52,87.6,1475957
CSR,20150203,4.03,4.1,3.98,4.08,1970896
CSS,20150203,0.077,0.078,0.077,0.077,1245168
CSV,20150203,1.18,1.2,1.145,1.145,239757
CTD,20150203,10.28,10.39,10.05,10.17,144311
CTM,20150203,0.049,0.049,0.048,0.048,102707
CTN,20150203,1.06,1.075,1.06,1.07,306431
CTO,20150203,0.02,0.02,0.02,0.02,865643
CTP,20150203,0.089,0.1,0.089,0.1,413651
CTR,20150203,0.001,0.001,0.001,0.001,89894566
CTX,20150203,33.71,34.47,33.7,34.41,565115
CUE,20150203,0.09,0.09,0.086,0.086,295555
CUP,20150203,1.13,1.13,1.12,1.13,44500
CUV,20150203,3.63,3.63,3.5,3.6,27186
CVN,20150203,0.135,0.15,0.135,0.135,4747353
CVO,20150203,1.89,1.897,1.875,1.885,1082081
CVR,20150203,0.001,0.001,0.001,0.001,900000
CVT,20150203,0.22,0.225,0.215,0.225,496349
CVW,20150203,0.9,0.91,0.9,0.91,283185
CWE,20150203,0.063,0.063,0.061,0.062,496472
CWN,20150203,13.77,14.11,13.6,13.86,2349413
CWP,20150203,5.62,5.82,5.59,5.8,56396
CXB,20150203,0.041,0.043,0.04,0.04,536720
CXM,20150203,0.1,0.1,0.1,0.1,20000
CXO,20150203,0.028,0.028,0.027,0.027,400000
CXU,20150203,0.13,0.13,0.125,0.125,25000
CXX,20150203,0.15,0.15,0.15,0.15,25000
CXZ,20150203,0.3,0.3,0.25,0.26,1147943
CYA,20150203,0.905,0.915,0.9,0.915,70447
CYC,20150203,0.295,0.295,0.295,0.295,3573
CYG,20150203,2.41,2.42,2.4,2.4,36114
CYU,20150203,0.025,0.025,0.023,0.023,29105
CZA,20150203,0.035,0.035,0.035,0.035,1500
CZI,20150203,0.09,0.092,0.09,0.09,359800
CZN,20150203,0.004,0.004,0.004,0.004,295104
CZR,20150203,0.022,0.022,0.018,0.018,450000
CZZ,20150203,8.02,8.03,7.9,7.9,4027
DAU,20150203,0.018,0.018,0.018,0.018,100000
DCC,20150203,0.088,0.09,0.088,0.09,89692
DCG,20150203,1.32,1.395,1.32,1.35,214512
DDT,20150203,0.03,0.032,0.03,0.032,4870188
DGA,20150203,1.24,1.24,1.24,1.24,2970
DGH,20150203,0.87,0.87,0.87,0.87,33735
DGR,20150203,0.032,0.032,0.031,0.031,208526
DGX,20150203,0.033,0.033,0.033,0.033,25000
DIV,20150203,20.8,20.8,20.8,20.8,10000
DJW,20150203,4.58,4.62,4.55,4.58,122836
DKM,20150203,0.185,0.185,0.185,0.185,10000
DLS,20150203,0.86,0.92,0.86,0.9,6136215
DLX,20150203,6.08,6.12,6,6.09,773498
DML,20150203,0.013,0.02,0.013,0.013,2292821
DMP,20150203,26.34,27.16,26.33,26.76,267904
DNA,20150203,0.65,0.7,0.64,0.695,10102084
DOW,20150203,4.15,4.315,4.15,4.27,2855868
DRG,20150203,0.016,0.016,0.016,0.016,50000
DRM,20150203,0.485,0.485,0.455,0.475,693707
DRX,20150203,0.008,0.008,0.008,0.008,5000
DSH,20150203,2.05,2.1,2.05,2.07,642707
DSX,20150203,0.1,0.1,0.1,0.1,772
DTI,20150203,0.35,0.36,0.34,0.34,165609
DTL,20150203,0.66,0.665,0.65,0.665,170978
DTM,20150203,0.027,0.027,0.027,0.027,88392
DUE,20150203,2.53,2.54,2.5,2.54,5712872
DUI,20150203,3.47,3.49,3.47,3.49,15947
DUO,20150203,0.004,0.004,0.004,0.004,3197234
DVI,20150203,0.013,0.013,0.013,0.013,424850
DVL,20150203,0.4,0.4,0.4,0.4,141338
DVN,20150203,0.9,0.91,0.9,0.91,110000
DWS,20150203,1.075,1.075,1.07,1.07,86711
DXS,20150203,7.87,8.03,7.74,7.98,3873403
DYE,20150203,0.21,0.22,0.21,0.21,154396
DYL,20150203,0.013,0.013,0.012,0.013,1421286
E88,20150203,0.105,0.115,0.105,0.11,757953
EAL,20150203,0.37,0.37,0.37,0.37,26275
EAR,20150203,0.11,0.11,0.11,0.11,15855
EBT,20150203,3.95,4.04,3.95,4.04,7000
EDE,20150203,0.009,0.01,0.009,0.009,300000
EEG,20150203,0.028,0.028,0.028,0.028,300000
EEU,20150203,14.32,14.58,14.32,14.58,1696
EFE,20150203,0.012,0.012,0.012,0.012,200000
EGG,20150203,0.89,0.9,0.89,0.9,28985
EGH,20150203,0.29,0.295,0.29,0.295,23550
EGI,20150203,1.16,1.16,1.15,1.16,98000
EGO,20150203,0.006,0.007,0.006,0.006,1067492
EGP,20150203,4.02,4.35,4.02,4.23,5748963
EHE,20150203,4.99,5.05,4.9,4.96,387018
EHL,20150203,0.115,0.115,0.11,0.11,1305078
ELD,20150203,3.13,3.24,3.12,3.21,545835
ELK,20150203,0.026,0.026,0.026,0.026,37000
ELM,20150203,0.245,0.245,0.235,0.24,412500
ELX,20150203,0.31,0.31,0.31,0.31,5000
EME,20150203,0.115,0.115,0.115,0.115,7600
EMG,20150203,0.007,0.007,0.007,0.007,6250
EML,20150203,0.61,0.61,0.58,0.585,278215
EMR,20150203,0.025,0.025,0.025,0.025,35600
ENB,20150203,0.033,0.034,0.031,0.031,1056000
ENE,20150203,5.8,5.83,5.75,5.81,67224
ENN,20150203,1.595,1.595,1.59,1.59,40373
ENR,20150203,0.1,0.1,0.09,0.09,159000
ENT,20150203,0.022,0.023,0.021,0.023,376000
ENX,20150203,0.012,0.012,0.012,0.012,3771
EOL,20150203,0.44,0.44,0.44,0.44,13000
EOS,20150203,0.725,0.725,0.7,0.7,8500
EPA,20150203,0.002,0.002,0.002,0.002,250000
EPD,20150203,0.64,0.65,0.64,0.65,261718
EPM,20150203,0.004,0.004,0.004,0.004,50000
EPW,20150203,2.11,2.17,2.11,2.12,259214
EPX,20150203,1.745,1.76,1.745,1.76,53390
EQE,20150203,0.009,0.009,0.009,0.009,170000
EQT,20150203,19.85,19.87,19.45,19.6,11341
EQX,20150203,0.235,0.235,0.235,0.235,304635
ERA,20150203,1.3,1.315,1.28,1.285,286487
ERJ,20150203,0.01,0.011,0.009,0.011,2322253
ERM,20150203,0.03,0.032,0.03,0.032,141991
ERR,20150203,0.9,0.9,0.9,0.9,11000
ESI,20150203,0.007,0.007,0.007,0.007,400000
ESV,20150203,0.495,0.505,0.495,0.5,50341
ETF,20150203,21.3,21.45,21.3,21.45,10292
EVN,20150203,1,1.025,0.99,1.005,4406399
EVO,20150203,1,1,0.98,0.99,15500
EVR,20150203,0.625,0.63,0.62,0.63,231348
EWC,20150203,0.29,0.31,0.29,0.29,3286991
EXE,20150203,0.023,0.023,0.022,0.022,577190
EXG,20150203,0.079,0.079,0.079,0.079,511956
EXM,20150203,0.008,0.008,0.008,0.008,372506
EXR,20150203,0.002,0.002,0.002,0.002,240025
EZL,20150203,1.07,1.07,1.055,1.055,23353
FAN,20150203,1.84,1.85,1.84,1.85,8070
FAR,20150203,0.09,0.093,0.089,0.09,8049293
FBU,20150203,7.95,8,7.87,7.97,679898
FCR,20150203,0.006,0.006,0.006,0.006,190000
FDC,20150203,3.07,3.16,3.05,3.13,9117711
FEO,20150203,0.058,0.059,0.058,0.059,20000
FET,20150203,2.04,2.05,2,2.01,420599
FFG,20150203,0.23,0.235,0.23,0.235,105200
FGX,20150203,1.12,1.12,1.105,1.105,160849
FLK,20150203,0.215,0.215,0.21,0.215,474500
FLN,20150203,0.7,0.7,0.685,0.685,21311
FLT,20150203,37.88,38.36,37.65,37.72,988441
FMG,20150203,2.35,2.39,2.3,2.37,24608241
FML,20150203,0.01,0.01,0.009,0.009,4350646
FMS,20150203,0.016,0.017,0.014,0.014,3029575
FND,20150203,0.14,0.145,0.135,0.145,238190
FNP,20150203,3.22,3.38,3.2,3.31,24881
FNT,20150203,0.006,0.006,0.006,0.006,1085084
FOT,20150203,0.21,0.22,0.21,0.22,29500
FOY,20150203,0.002,0.002,0.002,0.002,997786
FPH,20150203,5.76,5.88,5.72,5.88,90410
FPS,20150203,1.78,1.78,1.78,1.78,11000
FRI,20150203,1.27,1.29,1.255,1.265,104371
FSA,20150203,1.19,1.2,1.165,1.18,34345
FSF,20150203,5.44,5.55,5.44,5.47,55451
FSI,20150203,1.5,1.52,1.5,1.52,12650
FTE,20150203,0.004,0.004,0.003,0.003,664500
FUN,20150203,0.028,0.031,0.027,0.027,3736539
FWD,20150203,1.34,1.385,1.33,1.35,82350
FXJ,20150203,0.895,0.93,0.89,0.92,8254627
FXL,20150203,2.97,3.15,2.95,2.96,2017178
FYI,20150203,0.04,0.04,0.04,0.04,334
FZR,20150203,0.195,0.195,0.195,0.195,2500
GAL,20150203,0.004,0.004,0.004,0.004,920221
GAP,20150203,0.185,0.185,0.165,0.165,477822
GBG,20150203,0.022,0.022,0.02,0.02,2663376
GBT,20150203,3.82,3.82,3.73,3.8,118396
GBZ,20150203,0.02,0.02,0.02,0.02,30000
GCN,20150203,0.005,0.006,0.005,0.006,3681400
GDI,20150203,0.85,0.86,0.845,0.86,899513
GDY,20150203,0.036,0.037,0.036,0.037,45862
GEG,20150203,1.25,1.25,1.24,1.25,54514
GEM,20150203,4.37,4.51,4.35,4.44,5647572
GER,20150203,0.063,0.063,0.063,0.063,80000
GES,20150203,0.06,0.06,0.06,0.06,37214
GFF,20150203,0.64,0.645,0.64,0.645,2106230
GFL,20150203,1.6,1.6,1.6,1.6,5954
GFY,20150203,3.06,3.07,3.04,3.07,249015
GGE,20150203,0.007,0.008,0.007,0.007,784977
GGG,20150203,0.069,0.072,0.066,0.067,484230
GGX,20150203,0.008,0.008,0.008,0.008,334000
GHC,20150203,1.54,1.56,1.54,1.56,65238
GID,20150203,0.26,0.26,0.255,0.255,2862
GJT,20150203,1.77,1.795,1.77,1.79,24801
GLF,20150203,0.001,0.001,0.001,0.001,500000
GLH,20150203,0.25,0.26,0.25,0.26,20050
GLL,20150203,0.115,0.115,0.115,0.115,30000
GMA,20150203,3.52,3.6,3.52,3.56,2486355
GMD,20150203,0.01,0.01,0.01,0.01,384619
GMF,20150203,2,2.03,2,2.03,200709
GMG,20150203,6.17,6.48,6.17,6.41,6366947
GMN,20150203,0.031,0.031,0.031,0.031,20000
GMR,20150203,0.009,0.009,0.008,0.008,450415
GMX,20150203,0.023,0.023,0.023,0.023,26000
GNC,20150203,9.19,9.28,9.04,9.2,615652
GNE,20150203,2.11,2.11,2.11,2.11,14578
GNG,20150203,0.83,0.83,0.795,0.795,60000
GOLD,20150203,156.3,159.42,155.78,159.19,40892
GOR,20150203,0.39,0.39,0.37,0.37,1877177
GOZ,20150203,2.86,2.9,2.86,2.87,109091
GPG,20150203,0.42,0.42,0.42,0.42,86569
GPR,20150203,0.049,0.049,0.049,0.049,400000
GPT,20150203,4.64,4.72,4.5,4.69,10744089
GRB,20150203,0.1,0.1,0.09,0.091,3568584
GRF,20150203,1.55,1.55,1.55,1.55,15500
GRR,20150203,0.1,0.1,0.097,0.1,2203599
GRY,20150203,0.08,0.08,0.076,0.079,1073147
GTG,20150203,0.02,0.022,0.02,0.022,23515489
GTK,20150203,2,2,2,2,250000
GUD,20150203,7.75,7.895,7.66,7.77,332791
GUF,20150203,0.035,0.036,0.035,0.035,276764
GVF,20150203,1.06,1.075,1.06,1.075,97759
GWA,20150203,2.68,2.765,2.68,2.73,696117
GWR,20150203,0.059,0.059,0.059,0.059,41250
GXL,20150203,8.86,8.97,8.77,8.82,286140
GZL,20150203,2.75,2.75,2.75,2.75,8261
HAO,20150203,0.19,0.19,0.19,0.19,10000
HAS,20150203,0.071,0.071,0.071,0.071,14000
HAV,20150203,0.135,0.135,0.135,0.135,258000
HAW,20150203,0.02,0.021,0.018,0.018,331125
HCH,20150203,0.14,0.14,0.14,0.14,399000
HDX,20150203,0.105,0.105,0.105,0.105,20000
HEG,20150203,0.004,0.004,0.004,0.004,150000
HFA,20150203,1.575,1.63,1.57,1.615,85844
HFR,20150203,0.79,0.83,0.78,0.82,268190
HGG,20150203,4.65,4.685,4.56,4.66,4859209
HGO,20150203,0.36,0.36,0.345,0.345,3925999
HHL,20150203,1.93,1.93,1.92,1.92,14000
HHV,20150203,1.29,1.3,1.29,1.3,49909
HHY,20150203,0.175,0.18,0.175,0.18,731163
HIG,20150203,0.057,0.057,0.057,0.057,9088
HIL,20150203,1.1,1.145,1.08,1.12,266183
HLO,20150203,0.25,0.25,0.25,0.25,3000
HLS,20150203,0.006,0.006,0.006,0.006,231334
HLX,20150203,0.026,0.026,0.023,0.023,45607
HMX,20150203,0.079,0.08,0.079,0.08,250000
HNR,20150203,0.004,0.004,0.004,0.004,725000
HOG,20150203,0.004,0.005,0.004,0.005,539740
HOM,20150203,0.64,0.64,0.64,0.64,20000
HOR,20150203,0.012,0.012,0.012,0.012,200000
HPI,20150203,2.65,2.66,2.58,2.65,303405
HPR,20150203,0.12,0.12,0.12,0.12,20000
HRR,20150203,0.12,0.12,0.12,0.12,239836
HSK,20150203,0.082,0.085,0.082,0.085,375000
HSN,20150203,1.715,1.725,1.705,1.72,149268
HSO,20150203,2.68,2.7,2.66,2.69,2120112
HTA,20150203,0.061,0.061,0.061,0.061,4900
HUB,20150203,0.88,0.91,0.88,0.9,359945
HUO,20150203,4.52,4.58,4.47,4.55,32984
HVN,20150203,3.98,4,3.92,3.97,2356536
HZN,20150203,0.14,0.14,0.13,0.13,7209642
IAA,20150203,62.9,63.47,61.85,62.75,8824
IAB,20150203,0.98,0.985,0.98,0.985,8010
IAF,20150203,108.35,108.98,108.05,108.84,8741
IAG,20150203,6.48,6.5,6.42,6.44,8300277
IAU,20150203,0.13,0.13,0.12,0.12,338965
IBC,20150203,0.55,0.55,0.545,0.545,93610
IBG,20150203,0.105,0.105,0.097,0.1,1142943
IBK,20150203,45.76,46.71,45.73,46.71,302
ICG,20150203,0.021,0.021,0.021,0.021,243788
ICN,20150203,0.099,0.1,0.097,0.098,416172
ICQ,20150203,1.1,1.105,1.09,1.105,279974
ICS,20150203,0.96,0.96,0.96,0.96,7732
ICU,20150203,0.155,0.175,0.155,0.17,459666
IDC,20150203,0.011,0.011,0.011,0.011,2274090
IDR,20150203,2.02,2.05,2.01,2.04,917514
IDT,20150203,0.15,0.15,0.14,0.14,207860
IEM,20150203,51.33,51.82,50.85,51.78,20836
IEU,20150203,55.9,56.53,55.3,56.35,35389
IFE,20150203,0.021,0.021,0.021,0.021,18268
IFL,20150203,9.51,9.7,9.48,9.63,1561506
IFM,20150203,0.95,0.97,0.945,0.96,967550
IFN,20150203,0.25,0.25,0.245,0.245,1161147
IGB,20150203,108.56,108.56,108.56,108.56,1
IGO,20150203,5,5.16,4.99,5.15,1976860
IGS,20150203,0.001,0.001,0.001,0.001,4000000
IHD,20150203,15.06,15.29,15.06,15.29,107461
IHK,20150203,28.15,28.34,28.15,28.34,2567
IIL,20150203,0.2,0.2,0.18,0.19,340000
IIN,20150203,7.3,7.58,7.3,7.55,1087073
IJH,20150203,185.85,188.71,184.73,187.8,540
IJP,20150203,14.94,15.02,14.8,15.02,21233
IJR,20150203,143.3,143.3,142.4,142.4,151
IKO,20150203,72.86,72.86,72,72,101
ILB,20150203,116.34,117.29,116,117.29,6700
ILC,20150203,25.6,25.84,25.45,25.84,46655
ILU,20150203,7.05,7.1,6.98,7.02,2379834
IMA,20150203,0.105,0.105,0.105,0.105,32000
IMC,20150203,0.19,0.2,0.19,0.2,163285
IMD,20150203,0.3,0.31,0.295,0.3,1660170
IMF,20150203,2.14,2.14,2.105,2.12,415720
IMI,20150203,0.001,0.001,0.001,0.001,7000
IMU,20150203,0.009,0.009,0.009,0.009,2353771
INA,20150203,0.415,0.415,0.405,0.41,1738889
IND,20150203,0.022,0.023,0.021,0.021,172956
INL,20150203,0.009,0.009,0.009,0.009,950000
IOF,20150203,3.87,4.02,3.87,4.02,1910535
IOO,20150203,97,98.45,96.2,98.33,15668
IOZ,20150203,24.4,24.63,24.24,24.57,24932
IPB,20150203,0.017,0.017,0.017,0.017,33765
IPD,20150203,0.93,0.957,0.93,0.935,340027
IPE,20150203,0.315,0.32,0.315,0.315,11366
IPH,20150203,3.78,3.88,3.78,3.88,437105
IPL,20150203,3.61,3.715,3.59,3.68,6906801
IPP,20150203,2.93,2.95,2.9,2.92,390458
IQE,20150203,2.76,2.8,2.66,2.78,14720
IRE,20150203,10.26,10.48,10.23,10.41,386227
IRI,20150203,1.32,1.335,1.31,1.33,118922
IRL,20150203,0.006,0.006,0.006,0.006,300000
IRM,20150203,0.013,0.013,0.013,0.013,146231
IRU,20150203,149.9,152.54,149.2,152.54,1654
ISD,20150203,2.77,2.82,2.71,2.71,285189
ISG,20150203,16.64,16.64,16.52,16.58,1323
ISN,20150203,0.083,0.084,0.08,0.08,161065
ISO,20150203,3.72,3.76,3.72,3.73,12979
ISU,20150203,1.22,1.235,1.17,1.2,391781
ITD,20150203,0.24,0.24,0.24,0.24,6400
ITW,20150203,19.97,19.97,19.97,19.97,8
IVC,20150203,13.1,13.25,12.98,13.07,203047
IVE,20150203,79.98,80.55,79.29,80.55,16178
IVO,20150203,0.087,0.087,0.085,0.085,40800
IVR,20150203,0.017,0.017,0.017,0.017,190000
IVV,20150203,261,265.58,259.87,264.98,18461
IVX,20150203,0.051,0.052,0.051,0.052,1669071
IWG,20150203,0.22,0.22,0.205,0.205,532150
IXI,20150203,117.9,120.22,117.47,119.78,2975
IXJ,20150203,133,133.99,131,133.79,9195
IXP,20150203,80.22,81,79.4,81,1384
IXR,20150203,0.011,0.011,0.01,0.011,1275000
IZZ,20150203,53.69,54.52,53.49,54.36,9209
JBH,20150203,17,17.16,16.68,16.82,1594754
JHC,20150203,1.955,1.97,1.94,1.955,1350581
JHX,20150203,13.1,13.75,13.1,13.57,1947178
JIN,20150203,0.945,0.945,0.92,0.945,18774
JPR,20150203,0.35,0.36,0.35,0.36,32667
JRV,20150203,0.066,0.066,0.066,0.066,7434
KAM,20150203,0.55,0.55,0.54,0.54,44000
KAR,20150203,2.26,2.43,2.24,2.39,2088828
KAS,20150203,0.048,0.048,0.048,0.048,37272
KAT,20150203,0.93,0.93,0.925,0.925,35000
KBC,20150203,0.185,0.19,0.185,0.19,383730
KBL,20150203,0.022,0.022,0.02,0.021,4450061
KDL,20150203,0.093,0.094,0.092,0.092,41650
KDR,20150203,0.062,0.062,0.062,0.062,40000
KFE,20150203,0.028,0.028,0.028,0.028,15000
KGL,20150203,0.165,0.17,0.16,0.17,36293
KKL,20150203,0.008,0.008,0.008,0.008,2750000
KKO,20150203,0.03,0.03,0.03,0.03,226000
KKT,20150203,0.125,0.125,0.125,0.125,205056
KMD,20150203,1.375,1.4,1.36,1.375,5204930
KNL,20150203,0.15,0.15,0.14,0.14,152408
KOR,20150203,0.025,0.025,0.025,0.025,5000
KOV,20150203,4.73,4.8,4.73,4.8,7625
KPL,20150203,0.255,0.255,0.255,0.255,10000
KRC,20150203,0.02,0.024,0.02,0.024,183054
KRM,20150203,0.235,0.245,0.235,0.245,20343
KSC,20150203,1.28,1.28,1.28,1.28,10535
KTE,20150203,0.016,0.017,0.016,0.017,364557
LAA,20150203,0.235,0.25,0.235,0.25,1361448
LAU,20150203,0.45,0.46,0.445,0.455,303946
LBY,20150203,0.015,0.015,0.015,0.015,230000
LCM,20150203,0.68,0.69,0.68,0.69,25876
LCT,20150203,0.06,0.06,0.057,0.06,177468
LEI,20150203,20.65,21.26,20.65,21.21,354257
LEP,20150203,3.44,3.44,3.35,3.42,57083
LER,20150203,0.15,0.15,0.15,0.15,2500
LGD,20150203,0.23,0.235,0.23,0.23,40300
LGO,20150203,0.003,0.003,0.003,0.003,1000000
LHB,20150203,0.16,0.17,0.16,0.17,18000
LHC,20150203,2.59,2.66,2.59,2.62,53639
LIC,20150203,1.98,1.98,1.975,1.975,45523
LIO,20150203,0.15,0.15,0.15,0.15,188
LKO,20150203,0.003,0.003,0.003,0.003,700000
LLC,20150203,16.7,16.82,16.46,16.75,1698930
LLO,20150203,0.185,0.2,0.185,0.2,1220
LMB,20150203,0.145,0.145,0.135,0.14,273319
LML,20150203,0.047,0.047,0.047,0.047,17744
LMW,20150203,0.5,0.5,0.5,0.5,40000
LNG,20150203,3.02,3.05,2.96,2.99,3091365
LNR,20150203,0.22,0.235,0.21,0.215,692884
LOM,20150203,0.24,0.26,0.24,0.255,328252
LOV,20150203,2.45,2.45,2.4,2.42,88753
LRS,20150203,0.019,0.022,0.018,0.021,690740
LSR,20150203,0.009,0.009,0.009,0.009,749861
LSX,20150203,0.295,0.3,0.295,0.3,18196
LTN,20150203,0.08,0.08,0.08,0.08,22000
LYC,20150203,0.044,0.046,0.042,0.043,11026638
LYL,20150203,1.3,1.5,1.3,1.45,44559
MAD,20150203,0.15,0.155,0.145,0.15,571400
MAH,20150203,0.058,0.058,0.056,0.057,2030524
MAK,20150203,0.071,0.071,0.071,0.071,170980
MAQ,20150203,5.05,5.18,5.05,5.18,1936
MAS,20150203,0.01,0.01,0.01,0.01,250000
MAT,20150203,0.16,0.165,0.16,0.165,121656
MBC,20150203,0.08,0.08,0.08,0.08,6660
MBE,20150203,0.185,0.19,0.185,0.185,114163
MBO,20150203,0.05,0.05,0.05,0.05,25000
MCE,20150203,0.61,0.64,0.53,0.53,2598255
MCP,20150203,1.19,1.21,1.19,1.21,45664
MCR,20150203,0.71,0.725,0.705,0.715,280306
MCS,20150203,0.29,0.29,0.265,0.265,332111
MCX,20150203,0.14,0.14,0.13,0.14,20732
MDL,20150203,0.85,0.87,0.837,0.845,15117
MEB,20150203,0.003,0.003,0.003,0.003,5426779
MEL,20150203,0.035,0.035,0.032,0.032,420875
MEO,20150203,0.013,0.014,0.013,0.013,811408
MEP,20150203,0.105,0.105,0.1,0.1,17500
MFF,20150203,1.89,1.9,1.865,1.875,377642
MFG,20150203,19.59,20,19.53,19.91,427503
MGL,20150203,0.021,0.023,0.02,0.02,105752
MGR,20150203,1.955,2.05,1.93,2.04,22152411
MGV,20150203,0.037,0.04,0.037,0.037,997525
MGX,20150203,0.215,0.225,0.21,0.215,8080301
MGZ,20150203,0.05,0.05,0.047,0.047,115000
MHC,20150203,0.041,0.041,0.041,0.041,100000
MHM,20150203,0.014,0.014,0.014,0.014,2500
MIG,20150203,0.68,0.68,0.605,0.66,442367
MIN,20150203,6.57,6.88,6.57,6.81,1113010
MIR,20150203,2.45,2.48,2.43,2.48,123355
MIZ,20150203,0.003,0.003,0.002,0.003,4507944
MKB,20150203,0.14,0.15,0.14,0.15,414150
MLB,20150203,1.315,1.32,1.315,1.315,92227
MLD,20150203,0.82,0.86,0.81,0.85,1921828
MLI,20150203,0.03,0.03,0.03,0.03,137500
MLM,20150203,0.055,0.055,0.055,0.055,2500
MLS,20150203,0.004,0.004,0.003,0.003,389600
MLT,20150203,4.73,4.78,4.72,4.77,196694
MLX,20150203,1.17,1.185,1.15,1.15,671027
MMI,20150203,0.035,0.035,0.035,0.035,3020
MML,20150203,0.86,0.88,0.85,0.87,1189641
MMS,20150203,11.25,11.5,11.18,11.19,406537
MNB,20150203,0.004,0.004,0.004,0.004,1500000
MNC,20150203,0.007,0.008,0.007,0.008,4798334
MND,20150203,8.09,8.47,8.08,8.42,687341
MNF,20150203,2.88,2.97,2.84,2.9,120308
MNM,20150203,0.015,0.015,0.015,0.015,25000
MNS,20150203,0.205,0.215,0.2,0.215,684661
MNW,20150203,0.065,0.065,0.064,0.065,85077
MNY,20150203,1.67,1.7,1.67,1.69,412686
MOC,20150203,2.44,2.57,2.425,2.52,73737
MOU,20150203,0.004,0.004,0.004,0.004,5156839
MOY,20150203,0.035,0.038,0.035,0.035,444936
MPJ,20150203,0.007,0.007,0.006,0.006,5511614
MPL,20150203,2.4,2.42,2.39,2.42,13967805
MPO,20150203,0.13,0.13,0.13,0.13,95000
MPX,20150203,0.23,0.23,0.23,0.23,60000
MQA,20150203,2.96,2.97,2.92,2.95,3959880
MQG,20150203,62.95,64.04,62.62,63.87,1653887
MRF,20150203,0.06,0.06,0.056,0.056,78704
MRM,20150203,0.85,0.88,0.84,0.84,5779635
MRQ,20150203,0.094,0.095,0.094,0.095,10000
MRV,20150203,0.003,0.004,0.003,0.004,1001782
MSB,20150203,4.11,4.205,4.05,4.16,807494
MSC,20150203,0.042,0.042,0.042,0.042,67555
MSR,20150203,0.015,0.015,0.011,0.015,2196429
MSV,20150203,0.024,0.024,0.021,0.022,587598
MTN,20150203,0.031,0.032,0.03,0.03,689030
MTR,20150203,2.78,2.83,2.77,2.79,165738
MTS,20150203,1.43,1.47,1.425,1.455,11036465
MTU,20150203,9.06,9.13,8.97,9.03,1147765
MUE,20150203,0.04,0.04,0.04,0.04,100000
MUM,20150203,0.003,0.003,0.003,0.003,776001
MVB,20150203,27.96,28.16,27.91,28.16,7100
MVF,20150203,1.33,1.335,1.305,1.305,565495
MVP,20150203,1.84,1.9,1.82,1.88,58855
MVT,20150203,0.12,0.12,0.12,0.12,3656
MWS,20150203,0.003,0.003,0.003,0.003,7238333
MXI,20150203,0.525,0.525,0.5,0.525,167371
MYE,20150203,0.23,0.23,0.23,0.23,64236
MYG,20150203,0.049,0.049,0.049,0.049,268500
MYR,20150203,1.57,1.645,1.555,1.63,5634516
MYS,20150203,4.82,4.84,4.77,4.84,50854
MYT,20150203,3.2,3.29,3.2,3.21,5571
MYX,20150203,0.63,0.682,0.63,0.68,1368073
NAB,20150203,35.74,36.29,35.72,36.23,7104157
NAN,20150203,1.43,1.51,1.405,1.47,1508523
NBL,20150203,0.57,0.57,0.57,0.57,2000
NCC,20150203,1.02,1.02,1.015,1.02,57216
NCK,20150203,2.8,2.8,2.74,2.75,41800
NCM,20150203,13.98,14,13.69,14,3157685
NCR,20150203,0.014,0.015,0.014,0.014,164333
NDO,20150203,0.027,0.027,0.026,0.026,143433
NEA,20150203,0.56,0.575,0.555,0.56,1316110
NEC,20150203,1.73,1.765,1.72,1.745,1467209
NEN,20150203,0.034,0.034,0.034,0.034,1817205
NEU,20150203,0.17,0.17,0.165,0.165,1980055
NFE,20150203,0.025,0.025,0.025,0.025,50000
NGE,20150203,0.008,0.008,0.008,0.008,100000
NGF,20150203,0.185,0.185,0.185,0.185,14190
NGY,20150203,0.035,0.04,0.035,0.04,892500
NHC,20150203,2.33,2.38,2.31,2.35,206842
NHF,20150203,3.33,3.4,3.28,3.4,173949
NIU,20150203,0.002,0.002,0.002,0.002,87824
NKP,20150203,0.088,0.088,0.085,0.085,279080
NMI,20150203,0.025,0.03,0.025,0.03,977000
NMS,20150203,1.16,1.16,1.15,1.15,2537
NMT,20150203,0.038,0.038,0.037,0.037,543463
NNW,20150203,0.36,0.385,0.355,0.385,273144
NOD,20150203,0.041,0.041,0.041,0.041,837554
NRT,20150203,0.135,0.15,0.135,0.15,3552132
NRU,20150203,0.002,0.002,0.002,0.002,12102999
NSE,20150203,0.035,0.037,0.035,0.036,158224
NSL,20150203,0.006,0.006,0.006,0.006,1788972
NSR,20150203,1.47,1.48,1.445,1.45,340701
NST,20150203,1.855,1.92,1.82,1.895,5440750
NTC,20150203,0.52,0.52,0.495,0.51,73390
NTU,20150203,0.2,0.2,0.2,0.2,24207
NUF,20150203,5.8,6.06,5.79,6.01,1265945
NVG,20150203,0.002,0.002,0.002,0.002,1694161
NVN,20150203,2.53,2.59,2.46,2.54,22569398
NVT,20150203,5.29,5.33,4.65,4.75,2274512
NWE,20150203,0.008,0.009,0.008,0.008,383133
NWF,20150203,0.64,0.66,0.58,0.66,33890
NWH,20150203,0.27,0.285,0.26,0.285,2081315
NWS,20150203,18.54,18.82,18.4,18.77,74210
NWT,20150203,0.11,0.13,0.11,0.13,1892958
NXR,20150203,0.068,0.07,0.067,0.067,402000
NXT,20150203,1.99,2.01,1.925,1.95,547075
NZO,20150203,0.595,0.62,0.595,0.62,40917
OBJ,20150203,0.079,0.088,0.078,0.085,10854158
OBS,20150203,0.6,0.6,0.59,0.59,842123
OCC,20150203,0.4,0.405,0.4,0.405,72978
OCL,20150203,1.52,1.52,1.52,1.52,131
ODY,20150203,0.042,0.042,0.042,0.042,18500
OEC,20150203,0.33,0.35,0.33,0.35,47903
OEL,20150203,0.098,0.099,0.097,0.098,1183598
OEX,20150203,0.042,0.042,0.04,0.04,511069
OFX,20150203,2.49,2.5,2.45,2.49,985421
OGC,20150203,2.8,2.82,2.78,2.8,451481
OGX,20150203,0.076,0.076,0.072,0.076,502500
OGY,20150203,0.006,0.006,0.006,0.006,100000
OIL,20150203,0.062,0.07,0.062,0.068,7580274
OKU,20150203,0.07,0.07,0.07,0.07,31667
OMH,20150203,0.31,0.31,0.31,0.31,193010
OML,20150203,2.2,2.2,2.18,2.19,88264
ONC,20150203,0.285,0.29,0.285,0.29,3534835
ONT,20150203,5.96,6,5.96,6,8890
OOO,20150203,26.52,26.71,26.31,26.45,58721
ORA,20150203,2.13,2.16,2.095,2.12,2176481
ORG,20150203,11.4,11.79,11.34,11.7,6761808
ORI,20150203,18.75,18.92,18.59,18.85,1240368
ORL,20150203,2.7,2.71,2.63,2.64,12998
ORS,20150203,0.013,0.013,0.013,0.013,115000
OSH,20150203,8.17,8.44,8.16,8.33,8191770
OSL,20150203,0.067,0.07,0.067,0.069,520768
OSP,20150203,0.5,0.5,0.495,0.495,46800
OTC,20150203,0.135,0.135,0.135,0.135,100000
OTH,20150203,0.6,0.6,0.58,0.58,56335
OVL,20150203,0.007,0.01,0.007,0.009,5396450
OVR,20150203,0.006,0.006,0.006,0.006,93500
OZF,20150203,22.3,22.3,22.3,22.3,2350
OZG,20150203,0.175,0.18,0.175,0.18,165250
OZL,20150203,3.83,3.93,3.79,3.89,1852033
OZR,20150203,8.33,8.48,8.33,8.48,13655
PAA,20150203,0.006,0.007,0.006,0.007,1315000
PAB,20150203,0.016,0.017,0.016,0.017,354677
PAF,20150203,0.995,1.005,0.995,1,321094
PAN,20150203,0.46,0.475,0.46,0.47,1018848
PBG,20150203,0.475,0.485,0.475,0.48,1587068
PBP,20150203,0.235,0.235,0.235,0.235,13000
PCL,20150203,0.019,0.02,0.018,0.018,515638
PDI,20150203,0.006,0.006,0.006,0.006,160000
PDN,20150203,0.375,0.375,0.365,0.37,3598539
PDZ,20150203,0.355,0.355,0.355,0.355,600
PEH,20150203,0.092,0.092,0.092,0.092,50000
PEK,20150203,0.075,0.077,0.073,0.076,670332
PEN,20150203,0.022,0.022,0.021,0.021,5465446
PEX,20150203,0.065,0.065,0.065,0.065,47223
PFG,20150203,0.099,0.1,0.099,0.1,134375
PFL,20150203,1.375,1.375,1.36,1.36,28193
PGC,20150203,0.455,0.455,0.42,0.43,261117
PGF,20150203,1.07,1.075,1.06,1.075,564687
PGH,20150203,4.8,4.86,4.72,4.82,693930
PGL,20150203,0.19,0.19,0.19,0.19,40740
PGM,20150203,0.077,0.077,0.077,0.077,10000
PGR,20150203,0.65,0.65,0.65,0.65,88019
PGS,20150203,0.008,0.008,0.008,0.008,40835
PHG,20150203,0.415,0.43,0.41,0.415,224018
PHK,20150203,0.051,0.057,0.046,0.047,2982364
PHW,20150203,0.004,0.004,0.003,0.003,6594529
PIC,20150203,0.97,0.975,0.965,0.975,283257
PIO,20150203,0.019,0.019,0.019,0.019,260000
PKO,20150203,0.001,0.001,0.001,0.001,270000
PLD,20150203,0.007,0.008,0.006,0.006,16397228
PLP,20150203,0.02,0.021,0.02,0.021,204167
PLS,20150203,0.04,0.04,0.039,0.039,530921
PMC,20150203,1.845,1.845,1.82,1.82,437273
PME,20150203,1.48,1.53,1.44,1.495,171562
PMP,20150203,0.43,0.43,0.42,0.42,96802
PMV,20150203,10.68,10.73,10.46,10.62,254707
PMY,20150203,0.018,0.018,0.018,0.018,30000
PNA,20150203,1.185,1.255,1.185,1.245,5460848
PNC,20150203,1.9,1.91,1.9,1.91,97800
PNL,20150203,0.19,0.19,0.18,0.18,1477906
PNN,20150203,0.014,0.014,0.014,0.014,2000
PNR,20150203,0.056,0.057,0.051,0.057,982845
PNX,20150203,0.021,0.021,0.021,0.021,671300
POH,20150203,0.074,0.074,0.074,0.074,23125
POP,20150203,0.05,0.05,0.045,0.045,233180
POS,20150203,0.12,0.125,0.12,0.12,2947907
POU,20150203,19.52,19.52,19.52,19.52,1010
PPC,20150203,1.035,1.095,1.025,1.095,1804673
PPG,20150203,0.48,0.48,0.48,0.48,162266
PPP,20150203,0.04,0.04,0.04,0.04,280000
PPS,20150203,0.27,0.28,0.26,0.26,1001533
PPT,20150203,48.06,49.18,48.035,49.02,224343
PPX,20150203,0.04,0.041,0.039,0.041,1112895
PRG,20150203,2.17,2.18,2.13,2.16,130774
PRR,20150203,0.037,0.037,0.035,0.035,1289209
PRT,20150203,0.812,0.865,0.805,0.84,227581
PRU,20150203,0.36,0.36,0.345,0.35,2283697
PRY,20150203,4.65,4.68,4.58,4.66,1460973
PSA,20150203,0.096,0.1,0.096,0.1,36000
PSF,20150203,0.01,0.01,0.01,0.01,285000
PSQ,20150203,1.89,1.89,1.8,1.8,155646
PSY,20150203,0.29,0.305,0.29,0.3,688363
PSZ,20150203,0.77,0.77,0.77,0.77,16579
PTL,20150203,0.44,0.45,0.44,0.45,596439
PTM,20150203,8.8,9.02,8.76,8.96,1750392
PTR,20150203,0.003,0.004,0.003,0.004,181025
PVD,20150203,0.44,0.44,0.42,0.42,565918
PWN,20150203,0.05,0.05,0.05,0.05,40000
PXG,20150203,0.115,0.115,0.115,0.115,215000
PXS,20150203,0.1,0.1,0.099,0.1,731143
PYC,20150203,0.023,0.023,0.022,0.023,300000
PYL,20150203,0.44,0.445,0.33,0.355,6460327
PZC,20150203,0.003,0.004,0.002,0.002,7416800
QAN,20150203,2.44,2.445,2.34,2.41,16651729
QAU,20150203,13.41,13.46,13.41,13.44,11060
QBE,20150203,10.56,10.76,10.52,10.68,5493073
QBL,20150203,0.017,0.017,0.017,0.017,740000
QCB,20150203,11.5,11.63,11.5,11.63,1565
QFN,20150203,11.93,12.02,11.93,12.02,2352
QFX,20150203,0.002,0.002,0.002,0.002,4578269
QHL,20150203,0.225,0.23,0.225,0.23,355382
QOZ,20150203,12.85,12.96,12.81,12.95,50710
QRX,20150203,0.018,0.02,0.018,0.02,114500
QTM,20150203,0.012,0.012,0.012,0.012,50000
QUB,20150203,2.36,2.39,2.35,2.37,1716784
QUS,20150203,26.2,26.73,26.2,26.73,1300
QVE,20150203,1.07,1.07,1.05,1.06,128770
RCB,20150203,20.42,20.58,20.41,20.57,5471
RCG,20150203,0.72,0.745,0.715,0.74,353996
RCM,20150203,0.023,0.023,0.021,0.021,217458
RCO,20150203,0.225,0.225,0.225,0.225,1500000
RCP,20150203,0.001,0.001,0.001,0.001,80000
RCR,20150203,2.04,2.07,1.98,2,267072
RCT,20150203,2.99,3,2.99,3,20772
RDF,20150203,0.765,0.765,0.68,0.7,66247
RDH,20150203,1.36,1.36,1.35,1.35,5000
RDM,20150203,0.071,0.071,0.058,0.058,725398
RDV,20150203,31.26,31.4,31.04,31.31,5099
REA,20150203,50.28,50.71,49.68,49.88,325156
REC,20150203,7.12,7.33,7.1,7.33,978257
RED,20150203,0.11,0.11,0.11,0.11,661855
REF,20150203,0.135,0.135,0.135,0.135,125176
REG,20150203,4.37,4.39,4.3,4.39,294739
REH,20150203,32.2,32.2,32.2,32.2,500
RES,20150203,0.1,0.1,0.1,0.1,333707
REX,20150203,1.045,1.045,1.02,1.02,33200
REY,20150203,0.11,0.11,0.105,0.105,29000
RFF,20150203,1.03,1.04,1.025,1.04,99321
RFG,20150203,6.21,6.29,6.1,6.24,438571
RFL,20150203,0.16,0.17,0.155,0.17,1544264
RFX,20150203,0.295,0.295,0.285,0.29,184525
RGB,20150203,21.89,22,21.88,22,3221
RGS,20150203,0.155,0.155,0.155,0.155,26180
RGU,20150203,0.015,0.015,0.015,0.015,215000
RHC,20150203,60.97,61.07,59.35,60.14,275707
RHL,20150203,3.71,3.75,3.71,3.74,8754
RHP,20150203,1.025,1.065,1.025,1.05,142656
RHT,20150203,0.037,0.037,0.037,0.037,28000
RIC,20150203,0.96,0.965,0.95,0.965,104713
RIM,20150203,0.02,0.02,0.02,0.02,100000
RIO,20150203,57.93,58.75,57.79,58.58,1746801
RIS,20150203,0.15,0.15,0.15,0.15,12000
RKN,20150203,1.92,1.92,1.85,1.85,52522
RLE,20150203,0.195,0.2,0.185,0.185,64527
RMD,20150203,8,8.115,7.94,8.1,4672500
RMG,20150203,0.047,0.047,0.046,0.046,202647
RMR,20150203,0.005,0.005,0.005,0.005,1009206
RMS,20150203,0.135,0.14,0.132,0.135,1366829
RMX,20150203,0.004,0.004,0.004,0.004,573397
RND,20150203,0.975,0.975,0.975,0.975,500
RNI,20150203,0.071,0.071,0.071,0.071,110000
RNO,20150203,0.019,0.019,0.019,0.019,661649
RNS,20150203,0.068,0.068,0.068,0.068,90933
RNU,20150203,0.026,0.026,0.026,0.026,60000
RNY,20150203,0.34,0.35,0.34,0.35,133000
RQL,20150203,0.26,0.26,0.26,0.26,9454484
RRE,20150203,0.011,0.011,0.011,0.011,90000
RRL,20150203,1.925,1.99,1.92,1.975,3002994
RSG,20150203,0.385,0.39,0.375,0.38,1682646
RSL,20150203,0.007,0.007,0.007,0.007,100000
RSM,20150203,20.83,21.02,20.83,21.01,5288
RTA,20150203,0.17,0.17,0.17,0.17,117647
RTD,20150203,0.002,0.002,0.002,0.002,11974
RTG,20150203,0.725,0.74,0.685,0.74,131502
RTR,20150203,0.027,0.029,0.027,0.029,116879
RUB,20150203,0.052,0.052,0.05,0.05,31000
RUL,20150203,0.57,0.585,0.57,0.585,94580
RVA,20150203,0.525,0.525,0.51,0.51,32641
RVL,20150203,33.26,33.36,33.26,33.34,522
RVR,20150203,0.15,0.15,0.145,0.15,57750
RVY,20150203,0.035,0.038,0.035,0.035,161000
RWH,20150203,2.515,2.52,2.51,2.51,51090
RXH,20150203,0.25,0.25,0.24,0.24,97440
RXL,20150203,0.027,0.027,0.026,0.026,275115
RXM,20150203,0.11,0.11,0.11,0.11,27964
RXP,20150203,0.395,0.43,0.395,0.4,4748000
RYG,20150203,0.007,0.007,0.007,0.007,31398
SAI,20150203,3.99,4.04,3.88,4.03,2247086
SAR,20150203,0.375,0.42,0.375,0.4,4089194
SAU,20150203,0.015,0.015,0.015,0.015,649666
SBB,20150203,0.064,0.069,0.064,0.067,786293
SBM,20150203,0.225,0.225,0.215,0.215,895579
SBR,20150203,0.018,0.018,0.018,0.018,67000
SBU,20150203,0.05,0.053,0.05,0.053,15056
SCD,20150203,0.57,0.57,0.57,0.57,3000
SCG,20150203,3.84,3.91,3.78,3.88,19188700
SCI,20150203,0.024,0.024,0.023,0.023,121000
SCP,20150203,1.96,2.01,1.945,1.98,4712215
SDA,20150203,1.855,1.855,1.82,1.845,15261
SDF,20150203,1.465,1.485,1.45,1.47,867275
SDG,20150203,1.625,1.73,1.61,1.73,1602805
SDI,20150203,0.655,0.655,0.655,0.655,3000
SDL,20150203,0.027,0.027,0.025,0.025,4070681
SDM,20150203,0.55,0.595,0.55,0.575,167964
SEA,20150203,0.51,0.535,0.5,0.515,5732378
SEG,20150203,0.006,0.006,0.006,0.006,3299000
SEH,20150203,0.155,0.17,0.155,0.165,5796116
SEK,20150203,17.97,18.19,17.87,18.13,795685
SEN,20150203,0.072,0.081,0.072,0.08,5406849
SER,20150203,0.043,0.044,0.043,0.044,156971
SFC,20150203,5.06,5.06,5.06,5.06,1000
SFH,20150203,0.72,0.725,0.72,0.725,73144
SFR,20150203,4.19,4.36,4.18,4.35,1302272
SFX,20150203,0.75,0.75,0.75,0.75,3000
SFY,20150203,54.84,55.6,54.77,55.6,19528
SGF,20150203,1.86,1.93,1.86,1.88,57474
SGH,20150203,6.65,6.73,6.54,6.63,907889
SGM,20150203,10.98,10.98,10.59,10.71,1365253
SGN,20150203,0.96,1,0.95,0.995,3819277
SGP,20150203,4.45,4.62,4.38,4.57,10865614
SGT,20150203,3.9,3.94,3.87,3.92,1123856
SGZ,20150203,0.011,0.011,0.011,0.011,100000
SHE,20150203,0.004,0.004,0.004,0.004,1000000
SHJ,20150203,2.8,2.84,2.78,2.84,51273
SHK,20150203,0.004,0.004,0.004,0.004,350000
SHL,20150203,19.01,19.01,18.65,18.85,999354
SHP,20150203,0.017,0.02,0.017,0.017,9990475
SHU,20150203,0.5,0.5,0.5,0.5,1000
SHV,20150203,6.7,6.7,6.48,6.54,90321
SIH,20150203,0.011,0.011,0.011,0.011,1000000
SIO,20150203,1.6,1.65,1.6,1.65,1438588
SIP,20150203,0.82,0.82,0.77,0.78,2307658
SIQ,20150203,1.52,1.56,1.51,1.53,592161
SIR,20150203,2.6,2.68,2.59,2.63,1411638
SIT,20150203,0.15,0.15,0.15,0.15,66666
SIV,20150203,6.53,6.55,6.53,6.53,18220
SKC,20150203,3.62,3.71,3.61,3.71,347941
SKE,20150203,1.31,1.38,1.3,1.37,1099017
SKI,20150203,2.18,2.21,2.17,2.2,4862435
SKT,20150203,5.47,5.49,5.37,5.44,358669
SLF,20150203,11.68,12.2,11.68,12.16,114323
SLK,20150203,2.29,2.3,2.27,2.3,48042
SLM,20150203,1.59,1.59,1.3,1.42,62262
SLR,20150203,0.235,0.235,0.225,0.23,2219316
SLT,20150203,0.004,0.005,0.004,0.005,270000
SLX,20150203,0.52,0.52,0.51,0.51,76918
SMA,20150203,0.011,0.011,0.011,0.011,1789808
SMC,20150203,0.03,0.03,0.03,0.03,100000
SMM,20150203,0.22,0.22,0.22,0.22,1832
SMN,20150203,0.38,0.38,0.37,0.37,35483
SMP,20150203,0.18,0.18,0.18,0.18,34358
SMR,20150203,0.085,0.087,0.085,0.085,47633
SMX,20150203,3.54,3.54,3.43,3.5,178700
SNC,20150203,0.94,0.95,0.94,0.95,24959
SND,20150203,0.72,0.75,0.71,0.715,287236
SOC,20150203,0.01,0.01,0.01,0.01,400000
SOL,20150203,12.82,13,12.75,13,374312
SOM,20150203,2.88,2.88,2.8,2.81,15646
SOP,20150203,0.017,0.017,0.013,0.013,149200
SPK,20150203,3.15,3.19,3.1,3.17,848290
SPL,20150203,0.475,0.475,0.445,0.47,195923
SPO,20150203,1.94,1.98,1.935,1.95,4149275
SPY,20150203,258.64,263.49,258,263.49,606
SPZ,20150203,0.09,0.096,0.09,0.095,634325
SRF,20150203,1.08,1.08,1.06,1.07,303152
SRI,20150203,0.04,0.04,0.04,0.04,49838
SRK,20150203,0.041,0.041,0.04,0.04,115600
SRQ,20150203,0.003,0.003,0.003,0.003,37776
SRR,20150203,0.022,0.022,0.021,0.021,79832
SRV,20150203,5.08,5.13,5.05,5.07,24808
SRX,20150203,28,28,27.4,27.7,302069
SSM,20150203,0.19,0.2,0.19,0.19,241121
SSN,20150203,0.011,0.013,0.011,0.013,2810077
SSO,20150203,11.07,11.15,11.07,11.15,7789
STA,20150203,0.009,0.009,0.009,0.009,276500
STB,20150203,0.225,0.225,0.215,0.22,79211
STO,20150203,8.28,8.36,8.19,8.21,9289368
STS,20150203,0.57,0.57,0.57,0.57,53400
STW,20150203,52.39,52.99,52.17,52.82,490148
STX,20150203,0.11,0.115,0.11,0.115,470000
SUD,20150203,0.04,0.041,0.039,0.039,754567
SUL,20150203,8.7,8.72,8.42,8.44,1249220
SUN,20150203,14.8,14.83,14.54,14.68,4397241
SUR,20150203,0.002,0.003,0.002,0.002,1752500
SVA,20150203,0.45,0.45,0.45,0.45,5000
SVL,20150203,0.003,0.003,0.003,0.003,450000
SVM,20150203,0.095,0.095,0.095,0.095,200000
SVW,20150203,5.2,5.43,5.2,5.4,700330
SVY,20150203,0.23,0.23,0.23,0.23,6500
SWE,20150203,0.11,0.12,0.11,0.115,47000
SWJ,20150203,0.035,0.043,0.035,0.043,614406
SWK,20150203,0.19,0.19,0.19,0.19,2700
SWL,20150203,1.37,1.42,1.37,1.41,239952
SWM,20150203,1.29,1.355,1.29,1.335,3065329
SWR,20150203,0.03,0.03,0.03,0.03,300000
SXA,20150203,0.17,0.17,0.17,0.17,50000
SXE,20150203,0.445,0.445,0.445,0.445,76000
SXL,20150203,0.975,1.025,0.965,0.995,2093975
SXT,20150203,0.007,0.007,0.007,0.007,150000
SXX,20150203,0.001,0.001,0.001,0.001,1300000
SXY,20150203,0.3,0.335,0.3,0.325,13610105
SYD,20150203,4.99,5.02,4.95,5,6020533
SYI,20150203,30.8,31,30.59,31,8259
SYR,20150203,3.55,3.68,3.51,3.64,332830
TAH,20150203,4.65,4.76,4.62,4.74,3256275
TAM,20150203,0.02,0.024,0.02,0.021,4936524
TAP,20150203,0.37,0.387,0.365,0.365,635035
TAR,20150203,0.006,0.006,0.006,0.006,92900
TAW,20150203,0.009,0.009,0.009,0.009,186400
TBR,20150203,3.1,3.1,2.99,3,1350
TCL,20150203,9.37,9.39,9.15,9.24,6317299
TCM,20150203,0.006,0.006,0.005,0.005,220000
TCN,20150203,0.089,0.09,0.089,0.09,136050
TDO,20150203,0.048,0.048,0.048,0.048,74050
TEG,20150203,0.001,0.001,0.001,0.001,40000
TEN,20150203,0.2,0.22,0.195,0.21,12027642
TFC,20150203,1.42,1.485,1.42,1.46,1052693
TGA,20150203,2.87,2.89,2.82,2.86,214339
TGG,20150203,1.45,1.47,1.445,1.45,166599
TGP,20150203,1.06,1.09,1.06,1.075,1270580
TGR,20150203,3.86,3.89,3.84,3.87,183210
TGS,20150203,0.055,0.073,0.054,0.066,56532619
TGZ,20150203,0.62,0.62,0.59,0.61,561367
THO,20150203,0.01,0.01,0.01,0.01,90000
THR,20150203,0.002,0.002,0.002,0.002,1002549
THX,20150203,0.096,0.1,0.093,0.096,305500
TIX,20150203,2.78,2.79,2.64,2.67,260180
TLG,20150203,0.3,0.31,0.3,0.3,29000
TLM,20150203,0.145,0.145,0.14,0.14,81338
TLS,20150203,6.52,6.67,6.48,6.67,32036284
TLU,20150203,0.002,0.002,0.002,0.002,130775
TME,20150203,3.4,3.43,3.39,3.4,1424601
TNE,20150203,3.39,3.495,3.37,3.48,1712623
TNG,20150203,0.1,0.1,0.098,0.098,154948
TNK,20150203,1.13,1.165,1.13,1.165,196536
TNP,20150203,0.006,0.006,0.006,0.006,550000
TNR,20150203,0.004,0.004,0.004,0.004,392750
TOE,20150203,0.084,0.084,0.082,0.082,334818
TOF,20150203,2.125,2.15,2.12,2.15,15258
TOL,20150203,6.22,6.25,6.04,6.12,3680112
TON,20150203,0.155,0.155,0.14,0.145,1328918
TOP,20150203,0.44,0.44,0.435,0.44,133652
TOX,20150203,2.85,2.86,2.73,2.76,174947
TPD,20150203,0.011,0.011,0.011,0.011,200000
TPI,20150203,0.82,0.85,0.815,0.845,5563985
TPM,20150203,6.98,7.05,6.8,7,1737346
TPR,20150203,0.051,0.055,0.05,0.055,138946
TPT,20150203,0.013,0.013,0.013,0.013,1569282
TRG,20150203,12.2,12.35,12.19,12.26,36500
TRL,20150203,0.037,0.037,0.037,0.037,68635
TRM,20150203,0.033,0.033,0.033,0.033,50000
TRS,20150203,5.77,5.78,5.61,5.64,206986
TRY,20150203,0.605,0.61,0.58,0.585,1043539
TSE,20150203,1.43,1.505,1.425,1.495,1893482
TSM,20150203,0.35,0.355,0.345,0.35,60315
TSN,20150203,0.004,0.004,0.004,0.004,2773999
TSV,20150203,0.016,0.016,0.016,0.016,3000
TTA,20150203,0.03,0.031,0.03,0.031,39147
TTE,20150203,0.03,0.03,0.028,0.03,3999662
TTN,20150203,0.145,0.15,0.14,0.145,103987
TTS,20150203,3.93,3.98,3.88,3.94,4228502
TUP,20150203,0.435,0.435,0.4,0.415,176000
TWD,20150203,3.52,3.55,3.52,3.54,26795
TWE,20150203,4.97,5.07,4.92,5.03,1701148
TWR,20150203,2.06,2.06,2.06,2.06,3000
TYK,20150203,0.002,0.002,0.002,0.002,5336291
TZL,20150203,0.13,0.135,0.13,0.135,176513
TZN,20150203,0.14,0.14,0.13,0.13,606303
UBI,20150203,0.23,0.24,0.225,0.23,460000
UBN,20150203,0.805,0.825,0.73,0.82,37500
UEQ,20150203,0.007,0.007,0.006,0.006,221333
UGL,20150203,1.735,1.74,1.685,1.715,2625950
UIL,20150203,0.081,0.081,0.078,0.078,76562
UML,20150203,0.011,0.011,0.011,0.011,177624
UNS,20150203,0.85,0.86,0.85,0.86,288648
UNV,20150203,0.115,0.12,0.115,0.115,281111
UPG,20150203,1.01,1.01,1.01,1.01,357
URF,20150203,2.19,2.19,2.19,2.19,2000
USD,20150203,12.6,12.83,12.54,12.8,368497
UXC,20150203,0.735,0.765,0.73,0.74,582536
VAF,20150203,51,51.01,50.7,51,16024
VAH,20150203,0.455,0.46,0.45,0.45,1639278
VAN,20150203,0.017,0.017,0.017,0.017,112529
VAP,20150203,73.66,76.57,73.66,76.33,35264
VAR,20150203,0.03,0.03,0.03,0.03,63366
VAS,20150203,71.46,72.15,71.08,72.07,66229
VED,20150203,2.27,2.32,2.26,2.28,1758102
VEI,20150203,0.725,0.725,0.705,0.705,34236
VEU,20150203,60.83,61.87,60.72,61.8,13876
VGB,20150203,49.63,49.98,49.59,49.98,6862
VGE,20150203,58.45,59.29,58.4,59.29,1208
VGI,20150203,3.65,3.65,3.65,3.65,503
VGS,20150203,55.3,56.04,55,55.98,3925
VHY,20150203,66.48,67,66.12,67,31260
VIE,20150203,0.045,0.063,0.045,0.06,61000
VLA,20150203,0.32,0.32,0.305,0.305,52376
VLC,20150203,63.75,64.1,63.75,64.1,254
VLW,20150203,2.13,2.15,2.125,2.13,904847
VMC,20150203,0.14,0.16,0.14,0.16,111627
VMG,20150203,0.009,0.009,0.008,0.008,287777
VML,20150203,0.026,0.026,0.025,0.025,604671
VMS,20150203,0.036,0.036,0.036,0.036,40000
VMT,20150203,0.037,0.037,0.037,0.037,1615634
VMX,20150203,0.18,0.18,0.18,0.18,13620
VMY,20150203,0.39,0.39,0.39,0.39,860
VOC,20150203,6.15,6.34,6.15,6.3,251272
VRL,20150203,6.09,6.34,6.09,6.22,291139
VRT,20150203,7.9,7.9,7.82,7.82,235772
VSC,20150203,1.49,1.5,1.49,1.5,2336
VSO,20150203,43.53,43.75,43.44,43.75,3886
VTG,20150203,1.425,1.425,1.405,1.405,102291
VTS,20150203,134.37,136.19,133.23,135.94,13903
VTX,20150203,0.013,0.013,0.013,0.013,4061159
VXL,20150203,0.42,0.43,0.415,0.43,101857
WAA,20150203,1.235,1.235,1.185,1.2,128421
WAF,20150203,0.099,0.099,0.09,0.09,190346
WAM,20150203,2.04,2.09,2.04,2.08,597838
WAX,20150203,1.195,1.21,1.195,1.21,65950
WBA,20150203,1.335,1.34,1.32,1.34,91040
WBB,20150203,5.71,5.8,5.7,5.8,5350
WBC,20150203,34.97,35.35,34.71,35.26,6532198
WCB,20150203,7.85,7.85,7.85,7.85,469
WCN,20150203,0.008,0.008,0.007,0.008,2950000
WDS,20150203,0.19,0.19,0.18,0.185,209070
WEB,20150203,2.85,2.94,2.85,2.91,102811
WES,20150203,44.21,44.28,43.75,44.17,1878633
WFD,20150203,9.8,10.27,9.8,10.23,6037596
WFE,20150203,0.004,0.004,0.004,0.004,79998
WGO,20150203,0.002,0.002,0.002,0.002,331084
WHC,20150203,1.285,1.422,1.285,1.355,7296455
WHF,20150203,4.39,4.41,4.36,4.36,47866
WHN,20150203,0.023,0.023,0.023,0.023,55437
WIC,20150203,1.06,1.065,1.055,1.065,13475
WIN,20150203,0.13,0.2,0.13,0.185,810580
WKT,20150203,0.003,0.003,0.002,0.002,293096
WLC,20150203,0.021,0.024,0.021,0.024,70000
WLL,20150203,3.45,3.45,3.39,3.39,5860
WMK,20150203,0.86,0.86,0.86,0.86,50000
WMN,20150203,0.48,0.48,0.445,0.475,536898
WOR,20150203,9.81,10.25,9.8,10.18,1930146
WOW,20150203,32,32.45,31.87,32.29,3056477
WPG,20150203,0.04,0.043,0.04,0.043,44500
WPI,20150203,0.01,0.01,0.01,0.01,30000
WPL,20150203,34.8,35.82,34.8,35.69,3774767
WRM,20150203,0.015,0.015,0.015,0.015,50000
WRR,20150203,0.12,0.13,0.12,0.13,193822
WSA,20150203,4.24,4.37,4.23,4.36,2691401
WTP,20150203,0.785,0.79,0.775,0.78,329651
WTR,20150203,0.045,0.045,0.045,0.045,500
WVL,20150203,0.014,0.014,0.014,0.014,1638708
WWI,20150203,0.008,0.008,0.008,0.008,700000
XRO,20150203,15.1,15.27,15.02,15.21,23326
XTD,20150203,0.14,0.14,0.13,0.13,74328
YAL,20150203,0.12,0.12,0.11,0.11,75141
YBR,20150203,0.61,0.63,0.6,0.6,373105
YOW,20150203,0.575,0.575,0.55,0.565,691845
YPB,20150203,0.3,0.3,0.295,0.295,48800
YRR,20150203,0.009,0.01,0.009,0.01,556040
ZEU,20150203,0.017,0.018,0.017,0.018,450000
ZGL,20150203,0.225,0.225,0.225,0.225,5000
ZIP,20150203,0.455,0.46,0.41,0.425,500500
ZNZ,20150203,4.7,4.8,4.67,4.7,6383
ZRL,20150203,0.07,0.07,0.07,0.07,5218
XAF,20150203,5726.8,5821.7,5726.8,5812.1,0
XAO,20150203,5586.5,5676.1,5586.5,5666.2,0
XAT,20150203,5573.4,5664.8,5573.4,5654.7,0
XDJ,20150203,1861.8,1890.3,1858.5,1877.7,0
XEC,20150203,988.7,997.6,988.7,993.6,0
XEJ,20150203,11044.8,11554.8,11044.8,11497.1,0
XFJ,20150203,6585.1,6693.5,6579.8,6682.7,0
XFL,20150203,5795.5,5891.9,5795.5,5882.2,0
XGD,20150203,2610.4,2635.4,2576.4,2629.9,0
XHJ,20150203,18000.9,18085.8,17749.6,17960.2,0
XIJ,20150203,768.4,776,767.8,772.6,0
XJO,20150203,5625.3,5717.5,5625.3,5707.4,0
XJR,20150203,3381.6,3495.7,3381.6,3490.4,0
XKO,20150203,5557.6,5648,5557.6,5637.7,0
XMD,20150203,4923.6,4989.2,4917.5,4980.1,0
XMJ,20150203,8878.1,9105.6,8878.1,9086.3,0
XMM,20150203,2702.8,2784.5,2702.8,2777.9,0
XNJ,20150203,4367.8,4389.6,4337.5,4379.7,0
XPJ,20150203,1293.1,1331.7,1289.5,1327.8,0
XSJ,20150203,9588.5,9661.9,9528,9628.7,0
XSO,20150203,2069.7,2103.5,2069.7,2095,0
XTJ,20150203,2271,2318.5,2255,2318.2,0
XTL,20150203,3533,3591.6,3533,3586.9,0
XTO,20150203,4698.9,4775.4,4698.9,4767.4,0
XUJ,20150203,6389.5,6438.2,6351.2,6432.1,0
XXJ,20150203,7618.9,7727.5,7611.2,7715.5,0
