1PG,20150316,1.74,1.77,1.7,1.725,190494
3DM,20150316,0.14,0.16,0.14,0.145,4965637
3PL,20150316,2.41,2.41,2.36,2.39,18059
88E,20150316,0.009,0.009,0.009,0.009,2289746
8IH,20150316,0.46,0.46,0.46,0.46,7777
AAA,20150316,50.16,50.16,50.14,50.16,76994
AAC,20150316,1.595,1.61,1.582,1.59,541869
AAD,20150316,2.14,2.18,2.12,2.15,3303371
AAP,20150316,0.01,0.01,0.01,0.01,1000000
AAU,20150316,0.051,0.051,0.051,0.051,18000
AAX,20150316,0.315,0.32,0.305,0.31,61855
AB1,20150316,0.2,0.22,0.19,0.2,122506
ABC,20150316,4.35,4.39,4.29,4.37,2148494
ABU,20150316,0.23,0.23,0.22,0.225,163740
ABX,20150316,0.26,0.265,0.255,0.26,320880
ABY,20150316,0.18,0.185,0.18,0.185,232264
ACB,20150316,0.04,0.04,0.04,0.04,58824
ACG,20150316,0.2,0.21,0.195,0.195,893400
ACL,20150316,0.056,0.057,0.056,0.057,1753316
ACO,20150316,1.9,1.9,1.9,1.9,60998
ACR,20150316,0.805,0.815,0.77,0.79,1096720
ACW,20150316,0.086,0.09,0.082,0.084,760337
ACX,20150316,1.9,1.9,1.9,1.9,2500
ADA,20150316,0.36,0.36,0.355,0.355,9367
ADJ,20150316,0.092,0.092,0.091,0.091,223724
ADN,20150316,0.026,0.026,0.026,0.026,214
ADO,20150316,0.096,0.11,0.094,0.11,1860838
ADV,20150316,0.007,0.007,0.006,0.006,331857
ADX,20150316,0.004,0.004,0.004,0.004,2540000
ADY,20150316,0.029,0.029,0.029,0.029,393020
AEE,20150316,0.03,0.03,0.029,0.029,132000
AEF,20150316,41.95,42,41.95,42,717
AEI,20150316,0.495,0.5,0.485,0.485,42665
AEK,20150316,0.069,0.07,0.069,0.069,824003
AFA,20150316,0.33,0.33,0.33,0.33,22100
AFI,20150316,6.12,6.15,6.09,6.09,310962
AFV,20150316,0.49,0.49,0.465,0.465,26023
AGE,20150316,0.038,0.039,0.038,0.039,665000
AGF,20150316,1.18,1.21,1.175,1.21,1763438
AGI,20150316,2.61,2.63,2.6,2.6,430314
AGL,20150316,14.51,14.59,14.5,14.57,1184993
AGO,20150316,0.15,0.155,0.15,0.15,1197951
AGR,20150316,0.035,0.038,0.035,0.038,100000
AGS,20150316,0.075,0.078,0.075,0.076,582027
AGX,20150316,0.014,0.014,0.014,0.014,250000
AGY,20150316,0.002,0.002,0.002,0.002,80019
AHA,20150316,0.015,0.02,0.015,0.02,256828
AHD,20150316,11.34,11.6,11,11.3,40075
AHE,20150316,4.14,4.19,4.11,4.17,868793
AHF,20150316,0.25,0.26,0.25,0.26,200000
AHK,20150316,0.05,0.05,0.05,0.05,95000
AHY,20150316,1.67,1.775,1.67,1.745,1656880
AIA,20150316,4.37,4.37,4.18,4.32,36710
AIB,20150316,0.87,0.87,0.87,0.87,45000
AIK,20150316,0.105,0.105,0.105,0.105,455272
AIO,20150316,6.4,6.45,6.31,6.37,1973307
AIV,20150316,0.03,0.03,0.03,0.03,20000
AIZ,20150316,2.74,2.8,2.74,2.75,8322
AJA,20150316,4.96,4.99,4.93,4.99,75404
AJD,20150316,1.29,1.3,1.285,1.3,71370
AJL,20150316,0.29,0.29,0.27,0.27,118329
AJQ,20150316,0.053,0.053,0.052,0.053,184333
AJX,20150316,0.66,0.69,0.635,0.675,2143627
AKG,20150316,0.74,0.74,0.73,0.73,81558
AKK,20150316,0.024,0.024,0.024,0.024,290675
AKM,20150316,0.027,0.027,0.026,0.026,254403
AKP,20150316,10.55,10.75,10.4,10.5,17251
AKY,20150316,43,43,43,43,296
ALA,20150316,0.15,0.165,0.15,0.165,56250
ALF,20150316,1.385,1.395,1.38,1.39,111389
ALK,20150316,0.34,0.35,0.33,0.345,129245
ALL,20150316,7.43,7.54,7.34,7.37,1146188
ALQ,20150316,5.2,5.37,5.2,5.34,1477786
ALR,20150316,1.16,1.16,1.16,1.16,17600
ALT,20150316,0.018,0.018,0.018,0.018,173527
ALU,20150316,4.2,4.5,4.19,4.36,548363
AMA,20150316,0.54,0.56,0.525,0.54,906477
AMC,20150316,14.39,14.58,14.26,14.34,2361961
AMI,20150316,0.265,0.265,0.26,0.26,484073
AMM,20150316,2.78,2.79,2.73,2.74,452976
AMP,20150316,6.49,6.54,6.45,6.47,5611798
ANG,20150316,0.76,0.765,0.76,0.76,27552
ANI,20150316,2.29,2.3,2.27,2.28,131868
ANN,20150316,26.23,26.28,26.06,26.13,488074
ANQ,20150316,0.005,0.005,0.004,0.005,2380000
ANZ,20150316,35.5,35.68,35.2,35.55,3055436
AOD,20150316,0.9,0.9,0.9,0.9,2500
AOG,20150316,2.59,2.6,2.515,2.58,408190
AOH,20150316,0.105,0.105,0.099,0.099,498598
AOK,20150316,0.12,0.125,0.11,0.11,1836897
AON,20150316,0.011,0.011,0.011,0.011,400000
AOW,20150316,0.165,0.165,0.155,0.155,157500
APA,20150316,8.76,8.86,8.52,8.7,2050428
APD,20150316,0.425,0.425,0.415,0.415,188288
APE,20150316,7.79,7.79,7.75,7.75,4881
APG,20150316,0.009,0.009,0.009,0.009,1092896
API,20150316,1.515,1.53,1.487,1.53,730383
APN,20150316,0.925,0.94,0.925,0.93,998400
APO,20150316,3.24,3.38,3.24,3.3,172721
APW,20150316,0.14,0.14,0.14,0.14,246072
APX,20150316,0.635,0.635,0.6,0.6,31252
APZ,20150316,1.23,1.265,1.23,1.237,25507
AQD,20150316,0.022,0.022,0.02,0.02,1725000
AQG,20150316,2.57,2.65,2.56,2.62,180750
AQI,20150316,0.06,0.06,0.05,0.05,57000
AQP,20150316,0.195,0.195,0.19,0.19,20239
AQQ,20150316,0.009,0.009,0.009,0.009,65000
ARC,20150316,0.55,0.55,0.55,0.55,6500
ARD,20150316,0.03,0.03,0.03,0.03,2046
ARF,20150316,1.68,1.7,1.665,1.695,345125
ARG,20150316,7.97,7.99,7.9,7.99,150622
ARI,20150316,0.18,0.185,0.175,0.175,18622009
ARM,20150316,0.03,0.03,0.03,0.03,30911
ARP,20150316,12,12.04,11.81,11.92,273701
ARU,20150316,0.057,0.058,0.056,0.058,224463
ARV,20150316,0.002,0.002,0.002,0.002,500000
ARW,20150316,0.12,0.12,0.12,0.12,83000
ASB,20150316,1.64,1.695,1.64,1.685,1183135
ASH,20150316,1.38,1.38,1.37,1.37,52513
ASL,20150316,0.35,0.35,0.335,0.335,1576733
AST,20150316,1.415,1.415,1.38,1.405,5267619
ASX,20150316,42.76,43.06,42.26,42.83,338720
ASZ,20150316,0.77,0.775,0.762,0.765,188861
ATC,20150316,0.07,0.07,0.07,0.07,111009
ATP,20150316,0.053,0.053,0.051,0.051,22500
ATU,20150316,1.45,1.47,1.4,1.45,209547
AUB,20150316,8.6,8.62,8.47,8.62,15915
AUF,20150316,1.33,1.33,1.33,1.33,6015
AUI,20150316,8.61,8.65,8.61,8.65,35920
AUQ,20150316,0.011,0.011,0.011,0.011,266738
AUZ,20150316,0.006,0.006,0.006,0.006,300000
AVB,20150316,0.071,0.071,0.069,0.07,2246363
AVG,20150316,0.41,0.41,0.405,0.405,11700
AVH,20150316,0.069,0.069,0.069,0.069,60000
AVJ,20150316,0.64,0.64,0.64,0.64,4590
AVQ,20150316,0.01,0.011,0.009,0.009,5730024
AVX,20150316,0.014,0.015,0.014,0.015,248166
AWC,20150316,1.705,1.735,1.695,1.7,10333491
AWD,20150316,0.004,0.004,0.004,0.004,10655
AWE,20150316,1.265,1.275,1.225,1.23,2213140
AWI,20150316,0.16,0.16,0.16,0.16,19500
AWQ,20150316,0.97,0.97,0.97,0.97,20000
AWV,20150316,0.045,0.045,0.045,0.045,1500
AXE,20150316,0.1,0.11,0.1,0.11,65568
AYA,20150316,0.25,0.26,0.25,0.26,55000
AYF,20150316,6.36,6.36,6.36,6.36,2358
AYJ,20150316,86.51,86.51,86.51,86.51,290
AZJ,20150316,4.85,4.89,4.83,4.87,7223349
AZK,20150316,0.023,0.028,0.023,0.028,2854576
AZS,20150316,0.014,0.014,0.013,0.013,7171176
AZV,20150316,0.35,0.355,0.35,0.355,345872
AZY,20150316,0.006,0.006,0.006,0.006,500000
AZZ,20150316,0.155,0.16,0.15,0.16,160090
BAF,20150316,1.1,1.1,1.1,1.1,10856
BAL,20150316,2.86,2.87,2.8,2.8,274206
BAP,20150316,3,3.05,2.97,2.97,320328
BAR,20150316,0.008,0.008,0.008,0.008,100000
BAU,20150316,0.079,0.08,0.079,0.079,146142
BBG,20150316,0.575,0.595,0.572,0.59,10653680
BBR,20150316,0.22,0.23,0.21,0.23,23400
BCI,20150316,0.4,0.41,0.38,0.39,1565391
BCN,20150316,0.004,0.004,0.004,0.004,500000
BCT,20150316,0.052,0.052,0.05,0.05,100000
BDR,20150316,0.25,0.255,0.24,0.245,6297560
BEAR,20150316,16.58,16.6,16.5,16.5,29487
BEN,20150316,12.48,12.67,12.45,12.65,1277889
BFG,20150316,0.51,0.51,0.5,0.5,60000
BGA,20150316,4.73,4.79,4.71,4.73,173956
BGD,20150316,0.01,0.01,0.01,0.01,50000
BGL,20150316,0.765,0.77,0.75,0.76,449442
BGS,20150316,0.014,0.015,0.014,0.014,2083484
BHP,20150316,29.38,29.55,29.01,29.4,6334269
BIG,20150316,0.21,0.225,0.2,0.2,203497
BIS,20150316,0.33,0.33,0.33,0.33,19905
BIT,20150316,0.145,0.145,0.145,0.145,210324
BKI,20150316,1.725,1.725,1.71,1.725,135821
BKL,20150316,47.99,48.27,47.74,48.12,16566
BKN,20150316,1.92,1.96,1.85,1.895,2897559
BKW,20150316,13.3,13.34,13.1,13.33,50111
BKY,20150316,0.195,0.195,0.195,0.195,40189
BLA,20150316,4.23,4.24,4.03,4.04,58425
BLD,20150316,6.1,6.1,6,6.02,1193159
BLG,20150316,0.086,0.086,0.086,0.086,10000
BLK,20150316,0.12,0.12,0.12,0.12,217132
BLR,20150316,0.003,0.003,0.003,0.003,150000
BLT,20150316,0.9,0.9,0.87,0.875,104487
BLX,20150316,1.935,1.935,1.87,1.92,102913
BLY,20150316,0.215,0.215,0.21,0.215,666515
BMB,20150316,0.02,0.02,0.019,0.02,185000
BMG,20150316,0.011,0.012,0.011,0.012,5045000
BML,20150316,0.016,0.016,0.016,0.016,17637
BMN,20150316,0.051,0.051,0.051,0.051,253880
BMY,20150316,0.011,0.011,0.01,0.01,450000
BNE,20150316,0.008,0.008,0.008,0.008,22775
BNO,20150316,0.5,0.5,0.485,0.49,73533
BOA,20150316,0.205,0.22,0.2,0.2,67391
BOC,20150316,0.23,0.23,0.23,0.23,306
BOE,20150316,0.018,0.018,0.018,0.018,200000
BOK,20150316,0.395,0.395,0.395,0.395,1700
BOL,20150316,0.13,0.13,0.125,0.13,596325
BOQ,20150316,14.08,14.18,14,14.11,557080
BPF,20150316,0.27,0.27,0.26,0.265,1169000
BPH,20150316,0.005,0.005,0.005,0.005,889380
BPL,20150316,0.055,0.055,0.055,0.055,10909
BPS,20150316,0.94,0.94,0.91,0.91,24000
BPT,20150316,0.98,1,0.965,0.99,9175423
BRG,20150316,7.2,7.39,7.18,7.21,184004
BRL,20150316,0.039,0.039,0.038,0.038,131306
BRU,20150316,0.36,0.36,0.35,0.35,154923
BSA,20150316,0.16,0.165,0.16,0.165,2159400
BSL,20150316,4.37,4.43,4.32,4.35,1641601
BSM,20150316,0.004,0.004,0.004,0.004,132250
BSR,20150316,0.014,0.016,0.014,0.016,2112286
BST,20150316,0.835,0.835,0.83,0.83,10000
BTC,20150316,0.12,0.12,0.12,0.12,31000
BTI,20150316,0.88,0.88,0.88,0.88,19069
BTT,20150316,9.06,9.06,8.87,8.96,64919
BUG,20150316,0.7,0.75,0.7,0.75,47261
BUL,20150316,0.035,0.035,0.035,0.035,23500
BUR,20150316,0.005,0.005,0.005,0.005,135880
BUX,20150316,0.12,0.12,0.12,0.12,31272
BUY,20150316,0.012,0.012,0.012,0.012,119300
BWF,20150316,0.38,0.38,0.38,0.38,4257
BWP,20150316,3.04,3.05,2.97,3.02,959170
BWR,20150316,1.1,1.12,1.1,1.12,50355
BXB,20150316,11.33,11.43,11.24,11.41,6000466
BXN,20150316,0.012,0.012,0.012,0.012,290000
BYI,20150316,1.405,1.405,1.405,1.405,10000
BYL,20150316,0.405,0.415,0.405,0.415,124500
BYR,20150316,0.025,0.025,0.024,0.024,413600
CAA,20150316,0.16,0.16,0.15,0.16,64002
CAB,20150316,5.02,5.11,4.86,5.03,417529
CAD,20150316,0.012,0.012,0.011,0.011,1330000
CAF,20150316,0.52,0.525,0.52,0.525,30050
CAJ,20150316,1.025,1.025,1.01,1.02,368730
CAM,20150316,0.93,0.93,0.925,0.925,43375
CAP,20150316,0.033,0.033,0.032,0.032,41700
CAR,20150316,10.28,10.34,10.1,10.13,731544
CAS,20150316,0.19,0.19,0.19,0.19,18500
CAT,20150316,0.76,0.84,0.76,0.835,208818
CAV,20150316,0.011,0.012,0.011,0.011,580400
CAZ,20150316,0.027,0.028,0.025,0.027,105692
CBA,20150316,91,92.07,90.75,91.79,1805102
CBC,20150316,0.99,1,0.99,1,22500
CBQ,20150316,0.003,0.004,0.003,0.004,720163
CCC,20150316,0.002,0.002,0.002,0.002,674372
CCF,20150316,0.019,0.019,0.019,0.019,31175
CCL,20150316,10.48,10.48,10.35,10.42,1146291
CCP,20150316,11.04,11.04,10.85,10.86,26300
CCV,20150316,0.925,0.925,0.9,0.9,378566
CDA,20150316,1.07,1.1,1.06,1.08,208768
CDB,20150316,0.001,0.001,0.001,0.001,1595773
CDD,20150316,3.1,3.16,3.1,3.13,320318
CDM,20150316,1.455,1.46,1.44,1.455,502292
CDP,20150316,6.75,6.75,6.74,6.74,784
CDY,20150316,0.025,0.025,0.024,0.024,860874
CEL,20150316,0.052,0.052,0.05,0.05,179568
CFE,20150316,0.066,0.066,0.065,0.065,341529
CGF,20150316,7.02,7.025,6.9,6.9,1746502
CGH,20150316,0.23,0.23,0.22,0.225,383914
CGR,20150316,0.195,0.195,0.18,0.195,190059
CGS,20150316,0.175,0.175,0.17,0.17,13715
CHC,20150316,5.13,5.18,5.06,5.15,1044583
CHF,20150316,0.018,0.018,0.018,0.018,330
CHN,20150316,0.11,0.11,0.11,0.11,456065
CHP,20150316,0.004,0.004,0.004,0.004,402900
CHZ,20150316,0.033,0.034,0.033,0.034,557000
CIA,20150316,0.15,0.15,0.15,0.15,10000
CII,20150316,0.9,0.9,0.9,0.9,556
CIN,20150316,30.59,30.59,30.5,30.5,3624
CIR,20150316,0.16,0.175,0.16,0.175,203191
CIW,20150316,0.72,0.73,0.71,0.71,21826
CJC,20150316,0.001,0.001,0.001,0.001,2750000
CKA,20150316,0.115,0.115,0.11,0.11,311451
CKF,20150316,2.48,2.48,2.45,2.45,79347
CKK,20150316,0.003,0.003,0.003,0.003,200000
CKL,20150316,0.56,0.56,0.56,0.56,1658
CLH,20150316,2.2,2.24,2.2,2.23,240525
CLQ,20150316,0.135,0.145,0.125,0.135,4530502
CLT,20150316,0.23,0.24,0.225,0.225,14569
CLV,20150316,0.33,0.33,0.33,0.33,17500
CLX,20150316,1.28,1.28,1.255,1.26,31000
CLZ,20150316,0.011,0.011,0.011,0.011,100000
CM8,20150316,0.195,0.195,0.19,0.19,233288
CMA,20150316,2.28,2.28,2.23,2.23,107425
CMG,20150316,0.54,0.54,0.54,0.54,22233
CMI,20150316,1.4,1.43,1.4,1.43,15000
CMW,20150316,1.135,1.14,1.12,1.125,3411282
CND,20150316,0.25,0.25,0.245,0.245,18750
CNI,20150316,1.03,1.04,1.01,1.04,36037
CNQ,20150316,0.12,0.12,0.12,0.12,100000
CNU,20150316,2.79,2.86,2.79,2.84,86406
CNX,20150316,0.022,0.023,0.022,0.023,592711
COE,20150316,0.215,0.215,0.2,0.205,444023
COF,20150316,0.205,0.215,0.205,0.21,32177
COH,20150316,89.5,89.9,89.01,89.36,148653
COI,20150316,0.085,0.085,0.081,0.081,243000
COK,20150316,0.002,0.002,0.001,0.002,152177279
COO,20150316,0.13,0.13,0.13,0.13,113000
COY,20150316,0.004,0.004,0.003,0.003,300000
COZ,20150316,0.074,0.074,0.073,0.073,350625
CPL,20150316,0.019,0.019,0.019,0.019,230725
CPU,20150316,13.2,13.34,13.2,13.26,1611001
CQR,20150316,4.42,4.465,4.38,4.46,789457
CRB,20150316,0.045,0.045,0.043,0.043,219778
CSD,20150316,0.042,0.042,0.042,0.042,36727
CSL,20150316,91.8,92.46,91.42,91.81,1361034
CSR,20150316,4.01,4.03,3.96,3.98,1919796
CSS,20150316,0.071,0.071,0.069,0.07,477004
CSV,20150316,1.28,1.305,1.28,1.3,452554
CTD,20150316,12.28,12.28,12.06,12.13,194780
CTE,20150316,0.4,0.4,0.4,0.4,8000
CTM,20150316,0.018,0.018,0.015,0.016,2255577
CTN,20150316,1.055,1.055,1.04,1.05,303735
CTO,20150316,0.015,0.015,0.014,0.014,7197485
CTP,20150316,0.12,0.12,0.12,0.12,311653
CTT,20150316,0.004,0.004,0.003,0.003,700000
CTX,20150316,35.97,36.49,35.78,36.42,736282
CUE,20150316,0.1,0.102,0.1,0.1,109448
CUL,20150316,0.006,0.006,0.006,0.006,163103
CUP,20150316,1.11,1.11,1.1,1.1,25463
CUU,20150316,0.011,0.011,0.011,0.011,113333
CUV,20150316,3.39,3.5,3.16,3.5,34327
CVN,20150316,0.14,0.145,0.125,0.135,3838071
CVO,20150316,1.935,1.96,1.935,1.95,561752
CVT,20150316,0.335,0.35,0.325,0.335,2338843
CVV,20150316,0.008,0.008,0.008,0.008,620601
CVW,20150316,1.02,1.04,1.02,1.04,1306
CWE,20150316,0.063,0.065,0.063,0.064,1459947
CWN,20150316,13.7,13.7,13.44,13.47,1440209
CWP,20150316,5.75,5.84,5.68,5.8,326854
CXM,20150316,0.091,0.091,0.091,0.091,75238
CXO,20150316,0.027,0.03,0.026,0.03,177000
CXU,20150316,0.14,0.14,0.14,0.14,4323
CXX,20150316,0.2,0.21,0.2,0.2,375382
CXZ,20150316,0.175,0.18,0.175,0.18,31146
CYA,20150316,0.91,0.91,0.91,0.91,20000
CYC,20150316,0.68,0.68,0.68,0.68,73000
CYG,20150316,1.835,1.85,1.835,1.85,8469
CYL,20150316,0.29,0.3,0.28,0.28,74000
CYP,20150316,0.945,0.98,0.87,0.94,630030
CYY,20150316,0.013,0.013,0.013,0.013,69107
CZI,20150316,0.075,0.075,0.075,0.075,100000
CZN,20150316,0.004,0.004,0.004,0.004,295000
CZZ,20150316,10.65,11.4,10.65,11.01,48856
DCC,20150316,0.135,0.135,0.13,0.13,34477
DCG,20150316,1.26,1.275,1.24,1.25,177250
DCN,20150316,0.45,0.45,0.45,0.45,30000
DDR,20150316,1.65,1.65,1.58,1.58,11395
DDT,20150316,0.033,0.035,0.032,0.032,6455141
DEG,20150316,0.001,0.001,0.001,0.001,1000000
DGR,20150316,0.038,0.04,0.038,0.04,250000
DGX,20150316,0.034,0.034,0.033,0.033,326628
DIG,20150316,0.4,0.4,0.4,0.4,561
DJW,20150316,4.6,4.61,4.55,4.55,87748
DKM,20150316,0.16,0.16,0.16,0.16,50000
DKO,20150316,0.02,0.02,0.02,0.02,10000
DLS,20150316,0.99,1.065,0.975,1.05,1536293
DLX,20150316,6.22,6.23,6.15,6.22,909596
DME,20150316,0.28,0.28,0.28,0.28,20000
DMP,20150316,35.25,36.42,35.12,35.83,80857
DMY,20150316,0.001,0.001,0.001,0.001,3058622
DNA,20150316,0.785,0.792,0.755,0.765,1594440
DOW,20150316,4.44,4.44,4.33,4.38,1192867
DRA,20150316,0.145,0.145,0.14,0.14,22156
DRM,20150316,0.445,0.46,0.44,0.46,179888
DRX,20150316,0.008,0.008,0.008,0.008,445
DSH,20150316,2.06,2.06,2.03,2.05,521231
DSX,20150316,0.14,0.155,0.14,0.155,40121
DTI,20150316,0.41,0.43,0.41,0.42,303323
DTL,20150316,0.74,0.755,0.74,0.745,42497
DTM,20150316,0.021,0.021,0.021,0.021,20000
DUB,20150316,0.335,0.35,0.31,0.315,2045151
DUE,20150316,2.5,2.5,2.47,2.49,4880070
DUI,20150316,3.56,3.6,3.56,3.6,58109
DUO,20150316,0.003,0.003,0.003,0.003,13941708
DVA,20150316,0.41,0.42,0.41,0.42,19500
DVI,20150316,0.01,0.01,0.01,0.01,185000
DVN,20150316,0.91,0.915,0.9,0.9,113284
DWS,20150316,0.975,0.992,0.97,0.97,59627
DXS,20150316,7.63,7.795,7.63,7.74,927496
DYE,20150316,0.21,0.21,0.2,0.2,97142
DYL,20150316,0.013,0.013,0.013,0.013,298380
E88,20150316,0.16,0.17,0.155,0.17,571625
EAL,20150316,0.255,0.26,0.25,0.26,126274
EAX,20150316,1.72,1.72,1.72,1.72,5769
EDE,20150316,0.009,0.009,0.009,0.009,750000
EEG,20150316,0.033,0.033,0.033,0.033,48000
EGG,20150316,0.78,0.78,0.77,0.77,21300
EGH,20150316,0.38,0.38,0.38,0.38,157872
EGI,20150316,1.15,1.15,1.14,1.14,35000
EGN,20150316,0.11,0.11,0.11,0.11,6213
EGO,20150316,0.007,0.007,0.006,0.007,6885785
EGP,20150316,4.48,4.51,4.45,4.5,1130957
EGY,20150316,0.004,0.004,0.004,0.004,976000
EHE,20150316,6.07,6.25,5.95,6.18,753790
EHL,20150316,0.145,0.145,0.13,0.14,1268592
ELD,20150316,2.64,2.71,2.64,2.68,127591
ELM,20150316,0.23,0.24,0.23,0.23,382537
ELX,20150316,0.32,0.32,0.31,0.31,40000
EMF,20150316,1.91,1.91,1.91,1.91,4188
EMG,20150316,0.007,0.007,0.007,0.007,100000
EML,20150316,0.65,0.69,0.65,0.675,390386
EMX,20150316,0.052,0.052,0.048,0.051,399548
ENE,20150316,6.73,6.91,6.73,6.81,71048
ENN,20150316,1.875,1.88,1.8,1.81,80560
ENT,20150316,0.021,0.021,0.021,0.021,450000
ENX,20150316,0.015,0.015,0.015,0.015,8000
EOR,20150316,0.012,0.012,0.011,0.011,770000
EOS,20150316,0.68,0.68,0.68,0.68,600
EPA,20150316,0.002,0.002,0.002,0.002,6091981
EPD,20150316,0.73,0.745,0.725,0.735,169939
EPW,20150316,2.18,2.18,2.15,2.17,363075
EPX,20150316,1.78,1.78,1.75,1.765,123954
EQT,20150316,22.14,22.19,22.05,22.15,11125
EQX,20150316,0.21,0.215,0.21,0.215,105801
ERA,20150316,1.33,1.35,1.33,1.35,91839
ERI,20150316,0.009,0.009,0.008,0.008,930000
ERJ,20150316,0.033,0.04,0.033,0.037,4170522
ERM,20150316,0.024,0.024,0.023,0.023,205000
ERX,20150316,0.2,0.2,0.2,0.2,10000
ESI,20150316,0.008,0.008,0.008,0.008,642360
ESR,20150316,0.014,0.014,0.01,0.01,650000
ESV,20150316,0.44,0.44,0.44,0.44,122483
EVM,20150316,0.057,0.06,0.057,0.058,373486
EVN,20150316,0.785,0.785,0.76,0.765,4415799
EVR,20150316,0.54,0.54,0.53,0.53,43881
EWC,20150316,0.36,0.37,0.36,0.365,1036504
EXE,20150316,0.024,0.026,0.024,0.026,1191408
EXM,20150316,0.005,0.005,0.005,0.005,64
EZL,20150316,1.01,1.02,1.01,1.01,15510
FAR,20150316,0.088,0.094,0.088,0.091,4150002
FBU,20150316,8.55,8.66,8.55,8.59,1277959
FCR,20150316,0.008,0.008,0.008,0.008,500000
FDC,20150316,3.06,3.07,3.01,3.06,3976554
FET,20150316,2.21,2.21,2.15,2.18,531477
FFF,20150316,0.012,0.012,0.012,0.012,1330000
FFG,20150316,0.25,0.26,0.24,0.25,197000
FGF,20150316,0.005,0.005,0.005,0.005,16
FGX,20150316,1.105,1.105,1.1,1.1,429629
FLK,20150316,0.235,0.235,0.235,0.235,41700
FLN,20150316,0.847,0.855,0.847,0.85,40609
FLR,20150316,0.005,0.005,0.005,0.005,100000
FLT,20150316,40.48,40.49,39.65,39.7,363305
FMG,20150316,1.965,2.07,1.965,2.01,15694346
FML,20150316,0.007,0.007,0.006,0.006,40236253
FMS,20150316,0.016,0.016,0.015,0.015,1824590
FND,20150316,0.13,0.13,0.13,0.13,60000
FNP,20150316,3.04,3.07,3.04,3.04,25151
FNT,20150316,0.004,0.004,0.004,0.004,540311
FOT,20150316,0.2,0.2,0.2,0.2,17079
FPH,20150316,6.34,6.43,6.32,6.4,139874
FRI,20150316,1.3,1.3,1.28,1.28,15326
FRY,20150316,0.01,0.01,0.01,0.01,1000000
FSF,20150316,5.65,5.74,5.49,5.59,109125
FSI,20150316,1.53,1.53,1.53,1.53,8837
FTE,20150316,0.002,0.002,0.002,0.002,1150124
FTZ,20150316,0.26,0.28,0.26,0.28,10685
FUN,20150316,0.027,0.027,0.026,0.026,174730
FWD,20150316,1.42,1.42,1.36,1.41,88580
FXJ,20150316,0.895,0.92,0.895,0.915,4627098
FXL,20150316,3.52,3.54,3.45,3.49,838021
GAP,20150316,0.21,0.21,0.2,0.2,103821
GBE,20150316,0.022,0.022,0.022,0.022,47619
GBG,20150316,0.022,0.022,0.021,0.022,467706
GBP,20150316,0.044,0.044,0.044,0.044,33000
GBT,20150316,5.6,5.64,5.48,5.5,406920
GBX,20150316,0.003,0.003,0.003,0.003,250000
GBZ,20150316,0.021,0.021,0.021,0.021,130000
GCR,20150316,0.055,0.055,0.055,0.055,49250
GCS,20150316,0.555,0.57,0.555,0.57,312750
GCY,20150316,0.1,0.1,0.1,0.1,32000
GDI,20150316,0.935,0.94,0.93,0.94,426921
GDY,20150316,0.034,0.036,0.034,0.036,158736
GEG,20150316,0.9,0.91,0.88,0.91,555380
GEM,20150316,3.76,3.79,3.69,3.69,1289838
GER,20150316,0.08,0.09,0.08,0.083,1034479
GFY,20150316,3.5,3.5,3.4,3.49,13165
GGG,20150316,0.058,0.058,0.055,0.057,503194
GHC,20150316,1.56,1.61,1.56,1.57,138896
GID,20150316,0.145,0.145,0.12,0.13,8213139
GJT,20150316,1.835,1.84,1.83,1.84,274431
GLB,20150316,1.055,1.12,1.055,1.12,9613
GLF,20150316,0.003,0.004,0.003,0.004,5075000
GLH,20150316,0.295,0.295,0.29,0.29,12797
GLL,20150316,0.115,0.115,0.115,0.115,3000
GLN,20150316,0.003,0.003,0.003,0.003,5576000
GMA,20150316,3.31,3.33,3.28,3.3,1197616
GMC,20150316,0.048,0.05,0.048,0.05,100000
GMF,20150316,2.12,2.15,2.1,2.14,157802
GMG,20150316,6.12,6.155,6.07,6.14,2014265
GML,20150316,0.05,0.05,0.047,0.047,17852
GMM,20150316,0.052,0.052,0.049,0.05,1198884
GMN,20150316,0.03,0.032,0.03,0.032,224274
GMR,20150316,0.008,0.008,0.007,0.007,120000
GNC,20150316,9.45,9.52,9.42,9.45,240720
GNE,20150316,2.29,2.3,2.27,2.28,76655
GNG,20150316,0.855,0.86,0.85,0.86,104854
GOLD,20150316,144.24,145.88,141.76,144.81,1992
GOR,20150316,0.325,0.33,0.325,0.325,164497
GOZ,20150316,3.09,3.1,3.05,3.1,433207
GPR,20150316,0.038,0.038,0.038,0.038,33000
GPT,20150316,4.66,4.71,4.64,4.69,2801061
GRB,20150316,0.066,0.066,0.061,0.061,695961
GRF,20150316,1.535,1.54,1.535,1.54,10699
GRR,20150316,0.105,0.112,0.105,0.11,2779514
GRV,20150316,0.04,0.04,0.04,0.04,5147
GRY,20150316,0.058,0.058,0.056,0.056,119102
GSC,20150316,0.007,0.007,0.007,0.007,355555
GTE,20150316,0.018,0.018,0.018,0.018,50000
GTG,20150316,0.043,0.046,0.039,0.041,24948386
GUD,20150316,7.76,7.84,7.66,7.69,218540
GUF,20150316,0.031,0.031,0.03,0.03,1207446
GVF,20150316,1.065,1.07,1.065,1.07,44611
GWA,20150316,2.5,2.55,2.47,2.54,1125570
GWR,20150316,0.044,0.044,0.044,0.044,6000
GXL,20150316,8.79,8.79,8.52,8.68,455996
GZL,20150316,2.5,2.5,2.5,2.5,190
HAS,20150316,0.082,0.082,0.078,0.078,270000
HAV,20150316,0.21,0.215,0.21,0.215,84437
HAW,20150316,0.017,0.017,0.017,0.017,52000
HCH,20150316,0.12,0.12,0.115,0.115,130000
HCT,20150316,0.082,0.084,0.082,0.084,15507
HFA,20150316,1.735,1.75,1.725,1.75,182594
HFR,20150316,1.05,1.055,1.04,1.05,557405
HGG,20150316,5.26,5.28,5.21,5.25,3539089
HGO,20150316,0.355,0.355,0.35,0.35,45000
HHL,20150316,2.43,2.45,2.38,2.38,20006
HHV,20150316,1.295,1.295,1.27,1.27,939842
HHY,20150316,0.18,0.18,0.175,0.175,333250
HIL,20150316,0.96,0.96,0.9,0.91,298633
HJB,20150316,0.021,0.021,0.02,0.02,925000
HNG,20150316,0.39,0.39,0.39,0.39,8772
HNR,20150316,0.004,0.004,0.004,0.004,2167666
HOG,20150316,0.007,0.007,0.006,0.006,229973
HOM,20150316,0.66,0.66,0.66,0.66,800
HPI,20150316,2.84,2.84,2.75,2.75,85618
HPR,20150316,0.115,0.12,0.115,0.12,400000
HRR,20150316,0.125,0.125,0.125,0.125,7905
HSK,20150316,0.1,0.1,0.1,0.1,15197
HSN,20150316,2.2,2.31,2.19,2.3,991785
HSO,20150316,2.9,2.95,2.87,2.92,2170304
HTA,20150316,0.062,0.065,0.062,0.064,94162
HUO,20150316,4.8,4.8,4.73,4.73,2486
HVN,20150316,4.54,4.56,4.47,4.49,1356253
HZN,20150316,0.135,0.135,0.13,0.13,2187224
IAA,20150316,63.85,65.45,63.05,63.6,29865
IAB,20150316,0.76,0.76,0.75,0.75,40000
IAF,20150316,108.49,108.49,107.93,108.28,4220
IAG,20150316,5.93,5.99,5.92,5.94,4069511
IAU,20150316,0.12,0.125,0.115,0.115,721137
IBC,20150316,0.555,0.555,0.55,0.55,177429
IBG,20150316,0.092,0.093,0.086,0.088,432950
IBK,20150316,45.61,45.61,45.03,45.38,1115
ICG,20150316,0.02,0.021,0.02,0.02,628396
ICN,20150316,0.08,0.08,0.08,0.08,191198
ICQ,20150316,1.09,1.105,1.09,1.105,84093
ICS,20150316,0.95,0.95,0.93,0.93,1250
IDC,20150316,0.007,0.007,0.005,0.006,12280981
IDO,20150316,0.015,0.015,0.015,0.015,35714
IDR,20150316,1.995,1.995,1.985,1.995,188475
IDT,20150316,0.17,0.195,0.17,0.195,1225439
IEM,20150316,50.53,50.65,50.09,50.4,12827
IEU,20150316,57.01,57.31,56.61,56.8,60056
IFE,20150316,0.021,0.021,0.019,0.019,752318
IFL,20150316,10.2,10.26,10.1,10.22,791923
IFM,20150316,1.17,1.18,1.15,1.15,703094
IFN,20150316,0.28,0.28,0.27,0.28,681712
IGB,20150316,108.2,108.4,108.2,108.4,516
IGO,20150316,5.35,5.39,5.3,5.33,460756
IGS,20150316,0.001,0.001,0.001,0.001,11560000
IHD,20150316,15.92,15.92,15.73,15.8,32396
IHK,20150316,27.46,27.46,27.46,27.46,223
IIL,20150316,0.175,0.175,0.175,0.175,36022
IIN,20150316,8.53,8.9,8.52,8.84,7917901
IJH,20150316,195.53,195.53,194.62,195.28,795
IJP,20150316,16.2,16.48,16.2,16.25,47920
IJR,20150316,151.91,152,151.78,152,775
IKO,20150316,71.96,71.96,71.96,71.96,28
IKW,20150316,0.004,0.004,0.004,0.004,100000
ILB,20150316,116.86,116.86,116.7,116.7,544
ILC,20150316,26.4,26.52,26.3,26.51,21135
ILU,20150316,7.55,7.56,7.33,7.37,4263969
IMA,20150316,0.09,0.09,0.09,0.09,7500
IMC,20150316,0.19,0.19,0.19,0.19,3311
IMD,20150316,0.3,0.3,0.29,0.295,200774
IMF,20150316,2.28,2.28,2.19,2.2,473790
INA,20150316,0.395,0.4,0.395,0.4,293127
IND,20150316,0.015,0.02,0.015,0.02,101489
INL,20150316,0.011,0.012,0.011,0.012,700000
IOF,20150316,4.03,4.05,4.01,4.04,725936
IOO,20150316,99.96,99.97,99.14,99.2,29340
IOZ,20150316,25.32,25.32,25.07,25.29,38606
IPB,20150316,0.015,0.015,0.015,0.015,162036
IPD,20150316,0.825,0.827,0.795,0.82,377633
IPE,20150316,0.315,0.315,0.315,0.315,28345
IPH,20150316,4.7,4.82,4.7,4.74,91461
IPL,20150316,3.94,4,3.885,3.99,3889686
IPP,20150316,2.75,2.78,2.69,2.73,332592
IQE,20150316,2.16,2.16,2.16,2.16,2000
IRC,20150316,0.053,0.053,0.05,0.05,101666
IRE,20150316,10.16,10.23,10.04,10.1,267730
IRI,20150316,1.73,1.75,1.722,1.75,131285
IRL,20150316,0.007,0.007,0.007,0.007,268000
IRM,20150316,0.01,0.01,0.01,0.01,12100
IRU,20150316,160.8,160.8,160,160.71,1277
ISD,20150316,3.55,3.58,3.51,3.55,298410
ISG,20150316,16.16,16.16,16.04,16.04,2884
ISN,20150316,0.082,0.082,0.078,0.078,183569
ISO,20150316,3.96,3.96,3.92,3.92,14245
ISU,20150316,1.58,1.6,1.575,1.585,167524
ISX,20150316,0.047,0.091,0.047,0.086,55712519
ITW,20150316,20.57,20.57,20.42,20.42,102
IVC,20150316,12.77,13.07,12.75,13,294034
IVE,20150316,83.02,83.02,82.51,82.64,9415
IVR,20150316,0.014,0.015,0.014,0.015,226265
IVV,20150316,271.68,271.68,270.19,271.1,21134
IWG,20150316,0.38,0.4,0.38,0.4,1608061
IXI,20150316,119.6,119.66,118.6,118.98,3404
IXJ,20150316,139,139.7,138.2,138.2,5727
IXP,20150316,80,80,79.32,79.32,884
IXR,20150316,0.011,0.011,0.011,0.011,186088
IZZ,20150316,54.55,55.26,54,55,43298
JAL,20150316,0.065,0.065,0.065,0.065,150000
JBH,20150316,17.96,17.96,17.55,17.74,310018
JCS,20150316,0.013,0.013,0.011,0.011,2429654
JHC,20150316,2.55,2.59,2.52,2.57,269262
JHX,20150316,14.76,15.05,14.72,15,921116
JIN,20150316,1.015,1.015,0.985,0.985,33457
JYC,20150316,1,1.04,1,1.04,210843
KAM,20150316,0.63,0.63,0.625,0.625,65963
KAR,20150316,2.3,2.34,2.26,2.28,668400
KAT,20150316,0.93,0.935,0.93,0.935,29216
KBL,20150316,0.022,0.022,0.02,0.02,2111834
KCN,20150316,0.65,0.66,0.645,0.66,614093
KDL,20150316,0.082,0.082,0.078,0.078,86000
KDR,20150316,0.046,0.046,0.042,0.042,40000
KEY,20150316,0.014,0.014,0.013,0.013,1425000
KFE,20150316,0.023,0.023,0.023,0.023,103000
KGL,20150316,0.155,0.16,0.14,0.15,77844
KIN,20150316,0.12,0.12,0.12,0.12,12500
KKL,20150316,0.007,0.008,0.007,0.008,875000
KKO,20150316,0.03,0.03,0.025,0.025,376750
KKT,20150316,0.155,0.155,0.155,0.155,35000
KMD,20150316,1.58,1.625,1.58,1.625,394584
KME,20150316,0.355,0.355,0.355,0.355,11000
KNL,20150316,0.145,0.15,0.14,0.145,298985
KOR,20150316,0.039,0.04,0.039,0.04,77210
KOV,20150316,4.1,4.1,3.92,3.93,19909
KPC,20150316,0.085,0.1,0.085,0.1,116310
KRA,20150316,0.01,0.01,0.01,0.01,17500
KRC,20150316,0.027,0.028,0.025,0.025,747000
KRM,20150316,0.25,0.25,0.24,0.24,11725
KRS,20150316,0.26,0.26,0.26,0.26,12947
KSC,20150316,1.52,1.52,1.5,1.5,345862
KSN,20150316,0.02,0.02,0.02,0.02,35000
KTA,20150316,0.09,0.09,0.09,0.09,81700
LAA,20150316,0.32,0.35,0.32,0.33,324666
LAU,20150316,0.49,0.49,0.49,0.49,9000
LBL,20150316,0.094,0.095,0.094,0.095,96155
LBY,20150316,0.014,0.014,0.014,0.014,114775
LCD,20150316,0.009,0.009,0.009,0.009,8300
LCM,20150316,0.685,0.7,0.685,0.7,32696
LCR,20150316,0.001,0.001,0.001,0.001,8708227
LCT,20150316,0.057,0.057,0.057,0.057,21800
LCY,20150316,0.005,0.006,0.005,0.006,234670
LEG,20150316,0.007,0.007,0.007,0.007,466666
LEI,20150316,21.15,21.24,20.91,21.13,482333
LEP,20150316,3.66,3.73,3.58,3.69,202725
LER,20150316,0.185,0.19,0.18,0.18,159236
LGD,20150316,0.23,0.23,0.23,0.23,5000
LHB,20150316,0.14,0.14,0.14,0.14,108000
LHC,20150316,3.21,3.21,3.16,3.18,363147
LIC,20150316,2.34,2.39,2.34,2.37,433037
LKO,20150316,0.003,0.003,0.003,0.003,32867784
LLC,20150316,16.35,16.41,16.08,16.1,1303284
LLO,20150316,0.185,0.185,0.18,0.18,11625
LMB,20150316,0.115,0.115,0.115,0.115,81065
LML,20150316,0.053,0.053,0.053,0.053,232731
LMR,20150316,0.04,0.04,0.04,0.04,33333
LMW,20150316,0.5,0.5,0.5,0.5,58800
LNG,20150316,3.35,3.37,3.23,3.27,1993239
LNR,20150316,0.195,0.2,0.18,0.18,349220
LNY,20150316,0.006,0.006,0.006,0.006,6147775
LOM,20150316,0.19,0.19,0.175,0.175,790939
LOV,20150316,2.37,2.4,2.35,2.36,59100
LRR,20150316,0.001,0.001,0.001,0.001,800000
LRS,20150316,0.011,0.015,0.011,0.012,1959442
LSR,20150316,0.008,0.008,0.008,0.008,100000
LSX,20150316,0.205,0.205,0.205,0.205,41993
LYC,20150316,0.049,0.049,0.046,0.047,10890468
LYL,20150316,1.465,1.47,1.465,1.47,44785
MAD,20150316,0.13,0.135,0.125,0.125,385662
MAH,20150316,0.049,0.051,0.049,0.049,1383000
MAK,20150316,0.058,0.058,0.058,0.058,101163
MAQ,20150316,4.8,4.83,4.8,4.8,9404
MAT,20150316,0.18,0.19,0.18,0.185,260750
MAU,20150316,0.08,0.08,0.08,0.08,4334
MBC,20150316,0.12,0.12,0.12,0.12,10000
MBE,20150316,0.16,0.16,0.155,0.155,93075
MBN,20150316,0.145,0.15,0.13,0.13,10727295
MBO,20150316,0.046,0.046,0.046,0.046,68000
MBT,20150316,0.125,0.125,0.125,0.125,40000
MCE,20150316,0.745,0.75,0.74,0.74,23287
MCP,20150316,1.24,1.26,1.235,1.235,181350
MCR,20150316,0.68,0.7,0.68,0.7,108248
MCS,20150316,0.225,0.235,0.21,0.235,162676
MCX,20150316,0.2,0.21,0.2,0.2,20563
MDL,20150316,0.7,0.74,0.695,0.705,226629
MED,20150316,0.067,0.067,0.067,0.067,14492
MEI,20150316,0.015,0.015,0.015,0.015,200000
MEL,20150316,0.025,0.025,0.022,0.022,125235
MEO,20150316,0.013,0.013,0.013,0.013,1273031
MEP,20150316,0.1,0.105,0.1,0.1,217006
MEU,20150316,0.01,0.01,0.01,0.01,1130000
MFF,20150316,1.85,1.85,1.745,1.81,999462
MFG,20150316,19.87,19.98,19.58,19.66,406612
MGE,20150316,2.49,2.49,2.48,2.48,1056162
MGP,20150316,0.185,0.185,0.185,0.185,285
MGR,20150316,2,2.01,1.985,1.995,6696253
MGV,20150316,0.037,0.037,0.037,0.037,15000
MGX,20150316,0.215,0.225,0.215,0.215,4061263
MGY,20150316,0.016,0.016,0.016,0.016,30000
MHM,20150316,0.018,0.018,0.018,0.018,10000
MIG,20150316,0.7,0.72,0.7,0.7,75118
MIN,20150316,6.89,7.07,6.77,6.97,1946668
MIR,20150316,2.5,2.5,2.47,2.47,26700
MIZ,20150316,0.001,0.001,0.001,0.001,253400
MJP,20150316,0.68,0.85,0.65,0.76,2036371
MKB,20150316,0.145,0.145,0.14,0.14,701296
MKO,20150316,0.029,0.029,0.029,0.029,40589
MLA,20150316,0.105,0.105,0.105,0.105,15000
MLB,20150316,1.34,1.365,1.34,1.365,53383
MLD,20150316,0.98,1,0.98,0.995,181823
MLI,20150316,0.02,0.02,0.02,0.02,3125
MLT,20150316,4.58,4.58,4.51,4.53,73328
MLX,20150316,1.17,1.18,1.15,1.16,174320
MMC,20150316,0.006,0.006,0.006,0.006,1208300
MMI,20150316,0.039,0.043,0.039,0.043,1487272
MML,20150316,0.8,0.835,0.8,0.815,1023803
MMS,20150316,11.91,11.98,11.75,11.87,425606
MNB,20150316,0.004,0.004,0.004,0.004,200000
MNC,20150316,0.005,0.005,0.005,0.005,3686843
MND,20150316,9.19,9.73,9.19,9.56,1881787
MNE,20150316,0.011,0.011,0.011,0.011,4579027
MNF,20150316,3.05,3.1,2.94,2.98,111173
MNQ,20150316,0.015,0.015,0.015,0.015,150000
MNS,20150316,0.24,0.24,0.225,0.235,544692
MNW,20150316,0.055,0.057,0.055,0.056,83934
MNY,20150316,1.5,1.5,1.455,1.48,210923
MOC,20150316,2.63,2.69,2.61,2.65,96131
MOD,20150316,0.005,0.005,0.005,0.005,73333
MOQ,20150316,0.037,0.037,0.037,0.037,100000
MOU,20150316,0.005,0.005,0.005,0.005,200000
MOX,20150316,0.012,0.012,0.012,0.012,200000
MOY,20150316,0.039,0.04,0.039,0.039,89350
MOZ,20150316,0.01,0.01,0.01,0.01,335000
MPE,20150316,0.005,0.005,0.005,0.005,80000
MPJ,20150316,0.006,0.006,0.005,0.005,1686437
MPL,20150316,2.41,2.43,2.41,2.42,5398847
MPO,20150316,0.125,0.125,0.125,0.125,2398625
MPX,20150316,0.24,0.24,0.235,0.235,23030
MQA,20150316,3.31,3.32,3.215,3.26,1257133
MQG,20150316,74.5,75.81,74.5,75.45,731460
MRC,20150316,0.135,0.135,0.135,0.135,6388
MRD,20150316,0.028,0.028,0.022,0.025,3321872
MRM,20150316,0.825,0.827,0.76,0.775,3582290
MRN,20150316,1,1.1,1,1.1,17959
MRP,20150316,0.125,0.125,0.12,0.12,50705
MRV,20150316,0.004,0.004,0.004,0.004,300000
MRY,20150316,0.026,0.026,0.026,0.026,18000
MSB,20150316,3.87,3.95,3.86,3.88,502163
MSC,20150316,0.035,0.036,0.035,0.036,75743
MSP,20150316,0.031,0.031,0.031,0.031,10323
MSR,20150316,0.016,0.017,0.016,0.017,183478
MSV,20150316,0.029,0.029,0.029,0.029,17835
MTA,20150316,0.066,0.066,0.066,0.066,3562
MTH,20150316,0.007,0.007,0.006,0.006,1422782
MTN,20150316,0.051,0.055,0.051,0.055,3509837
MTR,20150316,3.45,3.52,3.26,3.38,88427
MTS,20150316,1.43,1.455,1.42,1.43,12638133
MTU,20150316,10.23,10.27,10.02,10.03,887403
MUE,20150316,0.058,0.059,0.057,0.058,3208682
MUX,20150316,0.12,0.12,0.12,0.12,25000
MVA,20150316,19.05,19.05,19.05,19.05,80
MVB,20150316,30.13,30.13,30.13,30.13,330
MVF,20150316,1.545,1.55,1.515,1.52,364578
MVP,20150316,2.17,2.17,2.02,2.17,25759
MVW,20150316,22.74,22.74,22.74,22.74,112
MWR,20150316,1.4,1.445,1.38,1.38,3450
MWS,20150316,0.003,0.004,0.003,0.004,1444322
MXI,20150316,0.565,0.57,0.55,0.555,106016
MYE,20150316,0.245,0.245,0.245,0.245,5108
MYN,20150316,0.006,0.006,0.006,0.006,478000
MYR,20150316,1.56,1.6,1.555,1.59,3192451
MYS,20150316,5.09,5.2,5.02,5.16,43392
MYT,20150316,3.27,3.27,3.11,3.13,6031
MYX,20150316,0.94,0.96,0.94,0.955,1005297
MZI,20150316,0.34,0.34,0.34,0.34,19000
MZM,20150316,0.2,0.2,0.2,0.2,618
NAB,20150316,37.67,38.05,37.63,37.94,3542356
NAE,20150316,0.007,0.007,0.007,0.007,83333
NAG,20150316,0.038,0.038,0.037,0.037,393635
NAN,20150316,1.725,1.725,1.695,1.705,433592
NCK,20150316,3.37,3.4,3.31,3.31,4368
NCM,20150316,12.4,12.68,12.35,12.53,2233316
NCR,20150316,0.012,0.012,0.012,0.012,143333
NEA,20150316,0.52,0.52,0.495,0.5,778072
NEC,20150316,2.03,2.08,2.02,2.06,1081565
NEN,20150316,0.032,0.032,0.03,0.031,1296025
NEU,20150316,0.105,0.105,0.1,0.1,799222
NFE,20150316,0.02,0.02,0.02,0.02,25000
NGE,20150316,0.017,0.017,0.016,0.016,331789
NGF,20150316,0.2,0.2,0.2,0.2,3000
NGY,20150316,0.029,0.029,0.025,0.025,327000
NHC,20150316,2.43,2.45,2.38,2.4,130542
NHF,20150316,3.45,3.51,3.43,3.5,359888
NIU,20150316,0.002,0.002,0.002,0.002,103962
NKP,20150316,0.078,0.079,0.075,0.075,287600
NLS,20150316,0.008,0.009,0.008,0.009,7220664
NMT,20150316,0.033,0.035,0.032,0.034,1018823
NNW,20150316,0.225,0.235,0.22,0.225,140159
NOD,20150316,0.056,0.056,0.055,0.055,51250
NPX,20150316,3.05,3.05,3.05,3.05,5000
NRR,20150316,0.045,0.045,0.041,0.041,416904
NRT,20150316,0.165,0.17,0.165,0.165,759100
NRU,20150316,0.002,0.002,0.002,0.002,470525
NSE,20150316,0.021,0.021,0.021,0.021,20000
NSL,20150316,0.007,0.007,0.007,0.007,1362500
NSP,20150316,0.045,0.045,0.045,0.045,89222
NSR,20150316,1.56,1.56,1.455,1.49,823378
NST,20150316,2.24,2.27,2.19,2.22,4886395
NTC,20150316,0.49,0.555,0.49,0.555,412797
NTM,20150316,0.018,0.018,0.018,0.018,376236
NTU,20150316,0.22,0.23,0.22,0.22,67502
NUF,20150316,7.26,7.33,7.21,7.28,1836523
NVN,20150316,2.62,2.63,2.58,2.62,2748234
NVT,20150316,4.63,4.63,4.51,4.52,860717
NWE,20150316,0.006,0.006,0.006,0.006,100000
NWF,20150316,0.7,0.7,0.7,0.7,17308
NWH,20150316,0.23,0.23,0.215,0.225,1095546
NWS,20150316,21.34,21.52,21.34,21.4,580408
NWT,20150316,0.115,0.115,0.11,0.11,342649
NWZ,20150316,0.093,0.094,0.09,0.094,340500
NXR,20150316,0.088,0.088,0.084,0.084,1057294
NXT,20150316,2.49,2.49,2.4,2.41,375658
NYO,20150316,0.002,0.002,0.002,0.002,2200000
NZO,20150316,0.6,0.6,0.56,0.56,6489
OBJ,20150316,0.082,0.084,0.08,0.081,1223144
OBL,20150316,0.006,0.006,0.004,0.005,7531905
OCC,20150316,0.36,0.36,0.35,0.36,48076
OCL,20150316,1.43,1.475,1.43,1.45,83865
OEC,20150316,0.56,0.56,0.54,0.54,36200
OEG,20150316,0.01,0.01,0.008,0.008,750000
OEL,20150316,0.1,0.105,0.1,0.1,1899469
OEX,20150316,0.043,0.048,0.043,0.048,998718
OFX,20150316,2.35,2.365,2.33,2.35,5319726
OGC,20150316,2.2,2.23,2.16,2.19,889797
OGX,20150316,0.07,0.072,0.07,0.072,68597
OGY,20150316,0.009,0.009,0.008,0.008,5597588
OIL,20150316,0.074,0.074,0.07,0.072,665540
OKU,20150316,0.077,0.077,0.077,0.077,50000
OMH,20150316,0.32,0.32,0.31,0.315,181098
OML,20150316,2.44,2.49,2.4,2.43,107037
ONT,20150316,6.65,6.66,6.6,6.6,10461
OOO,20150316,23.16,23.42,23,23.35,106878
OPG,20150316,0.4,0.41,0.4,0.41,5973
ORA,20150316,2.34,2.345,2.29,2.32,3158377
ORE,20150316,2.48,2.48,2.4,2.42,146463
ORG,20150316,11.25,11.43,11.18,11.4,1781289
ORI,20150316,19.5,19.55,19.18,19.37,2226379
ORL,20150316,2.71,2.76,2.71,2.73,18830
ORN,20150316,0.04,0.04,0.04,0.04,108334
ORR,20150316,0.055,0.055,0.055,0.055,92341
ORS,20150316,0.012,0.012,0.012,0.012,26500
OSH,20150316,7.54,7.64,7.53,7.59,5588097
OSL,20150316,0.105,0.125,0.098,0.12,21328317
OSP,20150316,0.58,0.58,0.58,0.58,7000
OTC,20150316,0.11,0.11,0.098,0.098,699242
OTH,20150316,0.55,0.55,0.525,0.525,212754
OVH,20150316,0.32,0.335,0.32,0.335,8354
OZB,20150316,0.011,0.014,0.011,0.013,47036484
OZF,20150316,23.46,23.47,23.37,23.47,10500
OZG,20150316,0.16,0.16,0.16,0.16,60000
OZL,20150316,3.78,3.8,3.685,3.72,3416834
OZR,20150316,8.37,8.37,8.3,8.34,8019
PAA,20150316,0.009,0.01,0.009,0.009,9612186
PAB,20150316,0.011,0.011,0.01,0.011,482232
PAF,20150316,0.955,0.96,0.945,0.96,68196
PAK,20150316,0.052,0.052,0.05,0.05,90000
PAN,20150316,0.575,0.575,0.56,0.565,1482560
PAY,20150316,7.9,7.9,7.9,7.9,127
PBG,20150316,0.44,0.44,0.43,0.43,375925
PBT,20150316,0.155,0.155,0.15,0.15,291027
PCL,20150316,0.016,0.017,0.016,0.016,1194174
PCP,20150316,0.01,0.01,0.01,0.01,231464
PDI,20150316,0.005,0.005,0.005,0.005,90910
PDN,20150316,0.38,0.385,0.37,0.375,4390503
PDZ,20150316,0.23,0.235,0.23,0.235,100000
PEA,20150316,0.47,0.47,0.46,0.46,57000
PEH,20150316,0.11,0.11,0.11,0.11,10000
PEK,20150316,0.078,0.078,0.077,0.077,160294
PEN,20150316,0.018,0.018,0.018,0.018,830000
PEX,20150316,0.057,0.06,0.057,0.06,228500
PFG,20150316,0.1,0.1,0.1,0.1,569280
PFL,20150316,1.22,1.23,1.22,1.225,29746
PGC,20150316,0.54,0.54,0.52,0.53,110471
PGF,20150316,1.085,1.1,1.085,1.1,211773
PGH,20150316,4.24,4.25,4.14,4.16,394586
PGI,20150316,0.145,0.145,0.14,0.14,81668
PGR,20150316,0.57,0.57,0.57,0.57,25007
PGS,20150316,0.006,0.006,0.006,0.006,50000
PHG,20150316,0.52,0.52,0.5,0.5,59840
PHI,20150316,6.1,6.1,6.1,6.1,5000
PHK,20150316,0.057,0.057,0.049,0.056,777000
PHW,20150316,0.004,0.004,0.004,0.004,55675000
PIC,20150316,0.98,0.985,0.965,0.98,193531
PIO,20150316,0.018,0.018,0.017,0.017,907812
PLD,20150316,0.008,0.008,0.007,0.007,5357580
PLS,20150316,0.041,0.041,0.039,0.039,823055
PMC,20150316,1.685,1.69,1.67,1.69,102972
PME,20150316,1.35,1.35,1.35,1.35,10629
PMP,20150316,0.47,0.47,0.465,0.47,20013
PMV,20150316,11.86,12.2,11.85,12.03,306288
PMY,20150316,0.013,0.013,0.013,0.013,23809
PNA,20150316,1.17,1.18,1.152,1.17,1717537
PNC,20150316,1.95,1.96,1.95,1.96,14411
PNL,20150316,0.21,0.21,0.2,0.21,34000
POH,20150316,0.049,0.049,0.045,0.045,354961
POK,20150316,0.024,0.024,0.023,0.024,315200
POS,20150316,0.13,0.13,0.13,0.13,1928473
PPC,20150316,1.24,1.24,1.215,1.23,188688
PPG,20150316,0.49,0.5,0.48,0.48,51684
PPK,20150316,0.56,0.56,0.55,0.55,19400
PPP,20150316,0.041,0.041,0.041,0.041,5000
PPS,20150316,0.31,0.32,0.31,0.315,131578
PPT,20150316,53.55,54.24,53.065,53.86,145647
PPX,20150316,0.016,0.016,0.016,0.016,1007830
PPY,20150316,0.009,0.009,0.009,0.009,165000
PRA,20150316,0.002,0.002,0.002,0.002,250000
PRG,20150316,2.39,2.4,2.345,2.4,119044
PRR,20150316,0.033,0.033,0.032,0.032,1151303
PRT,20150316,0.87,0.877,0.865,0.87,465333
PRU,20150316,0.26,0.275,0.257,0.275,1632982
PRY,20150316,5.05,5.14,5.03,5.13,1536812
PSA,20150316,0.11,0.11,0.11,0.11,84420
PSQ,20150316,2.4,2.4,2.4,2.4,20000
PSY,20150316,0.25,0.25,0.245,0.245,361580
PSZ,20150316,0.9,0.9,0.9,0.9,37211
PTL,20150316,0.42,0.42,0.405,0.41,31117
PTM,20150316,8.1,8.11,7.94,8.05,508064
PTR,20150316,0.002,0.003,0.002,0.003,223944
PTX,20150316,0.1,0.105,0.1,0.1,126000
PVA,20150316,5.65,5.65,5.65,5.65,7044
PVD,20150316,0.38,0.385,0.375,0.38,162923
PWN,20150316,0.035,0.036,0.033,0.036,707995
PWW,20150316,0.017,0.017,0.017,0.017,725000
PXG,20150316,0.095,0.096,0.094,0.096,356918
PXR,20150316,0.001,0.001,0.001,0.001,500000
PXS,20150316,0.105,0.13,0.105,0.125,4666983
PYC,20150316,0.027,0.027,0.026,0.026,2317457
PYL,20150316,0.34,0.34,0.315,0.33,118694
PZC,20150316,0.006,0.006,0.006,0.006,5000
QAG,20150316,8.38,8.4,8.35,8.39,3218
QAN,20150316,3.04,3.11,3.04,3.07,7358770
QAU,20150316,12.13,12.13,12.13,12.13,486
QBE,20150316,13.25,13.36,13.1,13.22,4777886
QBL,20150316,0.018,0.018,0.015,0.016,4522781
QCB,20150316,11.19,11.19,11.15,11.15,300
QFX,20150316,0.002,0.002,0.001,0.001,4810000
QHL,20150316,0.185,0.19,0.185,0.19,121702
QOZ,20150316,13.3,13.3,13.28,13.28,5964
QRE,20150316,4.6,4.6,4.6,4.6,5000
QRX,20150316,0.015,0.015,0.015,0.015,486869
QTM,20150316,0.018,0.018,0.018,0.018,9921
QUB,20150316,2.87,2.89,2.84,2.86,1219561
QUS,20150316,27.09,27.09,27.09,27.09,40
QVE,20150316,1.09,1.095,1.08,1.085,189459
RBR,20150316,0.017,0.017,0.017,0.017,75958
RCB,20150316,20.57,20.62,20.51,20.62,7738
RCG,20150316,0.74,0.74,0.735,0.74,222232
RCM,20150316,0.019,0.023,0.019,0.023,598800
RCR,20150316,2.25,2.25,2.18,2.2,22923
RCT,20150316,3.05,3.05,3,3.05,15747
RDF,20150316,0.5,0.5,0.5,0.5,4650
RDH,20150316,1.41,1.41,1.41,1.41,2820
RDM,20150316,0.045,0.045,0.045,0.045,24126
RDV,20150316,32.21,32.32,32.1,32.3,10867
REA,20150316,47.65,47.65,45.92,46.15,255315
REC,20150316,7.66,7.82,7.65,7.74,420959
RED,20150316,0.11,0.115,0.11,0.115,1307832
REG,20150316,5.68,5.68,5.56,5.64,308721
RES,20150316,0.085,0.085,0.085,0.085,8100
REX,20150316,1,1.01,1,1.01,6000
REY,20150316,0.11,0.11,0.11,0.11,10000
RFF,20150316,1.05,1.06,1.04,1.04,237700
RFG,20150316,7.43,7.52,7.4,7.5,169931
RFL,20150316,0.142,0.15,0.14,0.15,1162627
RFT,20150316,0.011,0.011,0.009,0.009,21611222
RFX,20150316,0.24,0.27,0.23,0.25,425764
RGS,20150316,0.16,0.16,0.145,0.145,391995
RGU,20150316,0.012,0.012,0.012,0.012,160000
RGX,20150316,0.062,0.075,0.04,0.056,817815
RHC,20150316,64.88,65.43,64.53,64.82,391227
RHL,20150316,3.65,3.65,3.65,3.65,347
RHP,20150316,1.39,1.39,1.35,1.35,145508
RHT,20150316,0.032,0.032,0.032,0.032,17500
RIC,20150316,1.08,1.08,1.032,1.04,507591
RIM,20150316,0.014,0.014,0.014,0.014,70000
RIO,20150316,57,57.8,56.53,57.7,1604157
RIS,20150316,0.1,0.1,0.095,0.095,39263
RKN,20150316,1.84,1.845,1.82,1.82,89708
RLE,20150316,0.155,0.17,0.15,0.15,109183
RMD,20150316,8.88,9.12,8.87,9.04,4525283
RMR,20150316,0.007,0.007,0.007,0.007,2855557
RMS,20150316,0.099,0.105,0.096,0.1,714285
RMX,20150316,0.004,0.004,0.004,0.004,4364687
RNI,20150316,0.064,0.067,0.061,0.062,661404
RNO,20150316,0.018,0.018,0.017,0.017,484689
RNY,20150316,0.355,0.36,0.35,0.355,165194
RQL,20150316,0.255,0.255,0.255,0.255,10893
RRL,20150316,1.29,1.29,1.185,1.195,6094300
RSG,20150316,0.25,0.275,0.25,0.265,2827024
RSL,20150316,0.007,0.007,0.006,0.007,8635000
RSM,20150316,20.99,21,20.99,21,3335
RTA,20150316,0.185,0.185,0.185,0.185,7000
RTG,20150316,0.6,0.6,0.58,0.585,176933
RTR,20150316,0.029,0.029,0.027,0.027,925935
RUL,20150316,0.58,0.58,0.58,0.58,10000
RUM,20150316,0.051,0.051,0.051,0.051,20000
RVA,20150316,0.52,0.53,0.52,0.53,68191
RVL,20150316,34.26,34.26,34.26,34.26,70
RVY,20150316,0.034,0.034,0.034,0.034,200000
RWD,20150316,0.51,0.535,0.51,0.535,9432
RWH,20150316,2.12,2.28,2.12,2.17,668
RXH,20150316,0.345,0.37,0.345,0.37,146050
RXL,20150316,0.024,0.024,0.024,0.024,1419543
RXM,20150316,0.086,0.088,0.085,0.088,219132
RXP,20150316,0.375,0.375,0.37,0.375,30114
SAI,20150316,4.18,4.19,4.08,4.16,426638
SAR,20150316,0.375,0.385,0.37,0.38,903311
SBB,20150316,0.049,0.052,0.049,0.049,726412
SBM,20150316,0.195,0.195,0.19,0.19,305957
SBN,20150316,0.009,0.009,0.009,0.009,250191
SBR,20150316,0.018,0.019,0.018,0.018,33579
SBU,20150316,0.048,0.048,0.048,0.048,10000
SCG,20150316,3.85,3.87,3.82,3.86,10551963
SCP,20150316,1.98,1.995,1.96,1.98,1078188
SDA,20150316,2.23,2.3,2.22,2.3,15245
SDF,20150316,1.51,1.525,1.505,1.52,2418231
SDG,20150316,1.945,1.96,1.942,1.95,75228
SDI,20150316,0.62,0.64,0.6,0.64,73945
SDL,20150316,0.022,0.023,0.021,0.022,5433408
SDM,20150316,0.7,0.7,0.695,0.7,359000
SEA,20150316,0.515,0.53,0.51,0.525,1062688
SEG,20150316,0.005,0.006,0.005,0.005,3925000
SEH,20150316,0.195,0.2,0.195,0.2,2153915
SEK,20150316,17.6,17.75,17.55,17.58,1332549
SEN,20150316,0.11,0.11,0.1,0.1,3780168
SER,20150316,0.055,0.058,0.055,0.055,334100
SFC,20150316,5.45,5.5,5.45,5.5,3326
SFH,20150316,0.655,0.685,0.655,0.665,22400
SFI,20150316,0.06,0.061,0.058,0.059,896304
SFL,20150316,0.45,0.49,0.45,0.485,187935
SFR,20150316,4.1,4.22,4.05,4.2,1716278
SFX,20150316,0.73,0.73,0.725,0.725,4418
SFY,20150316,56.93,56.94,56.63,56.94,12097
SGF,20150316,2.21,2.23,2.2,2.21,20185
SGH,20150316,7.53,7.58,7.38,7.42,680730
SGM,20150316,12.51,12.64,12.44,12.55,461703
SGN,20150316,0.685,0.69,0.675,0.685,1149829
SGO,20150316,0.082,0.082,0.082,0.082,220000
SGP,20150316,4.39,4.46,4.36,4.44,6507670
SGQ,20150316,0.049,0.05,0.049,0.05,116000
SGT,20150316,3.87,3.925,3.85,3.88,930459
SHE,20150316,0.007,0.007,0.007,0.007,1407143
SHJ,20150316,3.14,3.22,3.1,3.18,71891
SHL,20150316,19.5,19.51,19.32,19.38,560427
SHP,20150316,0.016,0.016,0.015,0.015,1141878
SHV,20150316,7.66,7.68,7.59,7.6,116167
SIO,20150316,1.555,1.58,1.545,1.58,62915
SIP,20150316,0.89,0.91,0.867,0.89,3395335
SIQ,20150316,1.555,1.555,1.535,1.55,24297
SIR,20150316,2.73,2.81,2.67,2.8,837341
SIT,20150316,0.2,0.2,0.2,0.2,607500
SIV,20150316,8.15,8.49,8.15,8.49,62157
SKC,20150316,3.96,4,3.94,3.99,127018
SKE,20150316,1.195,1.22,1.16,1.21,1021960
SKF,20150316,0.18,0.19,0.175,0.175,120100
SKI,20150316,2.04,2.045,2,2.01,4800016
SKT,20150316,5.55,5.59,5.5,5.55,253644
SLF,20150316,12.03,12.05,11.94,12.05,80110
SLK,20150316,2.5,2.53,2.47,2.48,36556
SLM,20150316,1.07,1.085,1.05,1.05,31619
SLR,20150316,0.16,0.18,0.16,0.18,2893823
SLX,20150316,0.55,0.55,0.53,0.54,415708
SMA,20150316,0.011,0.011,0.011,0.011,1223109
SMM,20150316,0.225,0.225,0.225,0.225,11424
SMN,20150316,0.37,0.37,0.37,0.37,16780
SMP,20150316,0.18,0.18,0.18,0.18,84143
SMX,20150316,3.63,3.63,3.53,3.53,62983
SNC,20150316,0.96,0.97,0.96,0.97,27000
SND,20150316,0.69,0.69,0.68,0.68,30000
SOC,20150316,0.003,0.003,0.003,0.003,1572000
SOI,20150316,0.001,0.001,0.001,0.001,2397085
SOL,20150316,14.1,14.24,13.99,14.15,60639
SOM,20150316,2.84,2.86,2.84,2.84,3458
SPK,20150316,3.1,3.1,3.02,3.02,1140978
SPL,20150316,0.467,0.467,0.45,0.45,332409
SPO,20150316,2.15,2.21,2.13,2.18,4187147
SPY,20150316,269.96,269.96,268.71,268.71,328
SPZ,20150316,0.115,0.115,0.115,0.115,8000
SRF,20150316,1.4,1.4,1.38,1.4,477206
SRI,20150316,0.091,0.105,0.071,0.071,14418726
SRK,20150316,0.041,0.041,0.041,0.041,38755
SRQ,20150316,0.004,0.004,0.004,0.004,485480
SRR,20150316,0.02,0.02,0.019,0.019,270189
SRV,20150316,6.4,6.4,6.28,6.33,57462
SSM,20150316,0.205,0.205,0.205,0.205,79474
SSN,20150316,0.013,0.013,0.013,0.013,170000
SSO,20150316,11.66,11.66,11.66,11.66,7596
STA,20150316,0.009,0.009,0.009,0.009,20000
STB,20150316,0.245,0.255,0.245,0.255,218928
STO,20150316,7.01,7.03,6.92,6.97,8755657
STS,20150316,0.66,0.66,0.66,0.66,12463
STW,20150316,54.38,54.52,54.05,54.43,38327
STX,20150316,0.105,0.105,0.098,0.098,1204298
SUD,20150316,0.041,0.041,0.04,0.04,355000
SUL,20150316,9.36,9.48,9.29,9.41,473682
SUM,20150316,0.063,0.063,0.063,0.063,149108
SUN,20150316,13.36,13.39,13.25,13.28,2007412
SUR,20150316,0.002,0.002,0.002,0.002,1
SVA,20150316,0.43,0.47,0.43,0.47,20000
SVW,20150316,7.26,7.3,7.15,7.27,438914
SVY,20150316,0.175,0.175,0.175,0.175,12995
SWE,20150316,0.091,0.091,0.088,0.088,189046
SWL,20150316,1.245,1.245,1.2,1.2,28211
SWM,20150316,1.43,1.455,1.405,1.445,2662552
SXA,20150316,0.11,0.11,0.105,0.105,100991
SXE,20150316,0.39,0.39,0.38,0.38,23280
SXL,20150316,1.06,1.065,1.015,1.02,2855071
SXT,20150316,0.009,0.009,0.009,0.009,720000
SXY,20150316,0.325,0.327,0.31,0.31,3451357
SYD,20150316,5.19,5.19,5.14,5.18,2734709
SYI,20150316,31.75,31.94,31.75,31.88,18562
SYR,20150316,4.34,4.53,4.34,4.38,277103
TAH,20150316,4.66,4.71,4.625,4.66,2757514
TAM,20150316,0.023,0.024,0.023,0.023,333817
TAN,20150316,0.635,0.645,0.63,0.63,763080
TAP,20150316,0.295,0.3,0.295,0.295,344783
TAR,20150316,0.007,0.008,0.007,0.007,1070037
TAS,20150316,0.017,0.018,0.017,0.017,1018000
TAW,20150316,0.006,0.006,0.006,0.006,66666
TBR,20150316,3.23,3.23,3.23,3.23,5238
TCL,20150316,9.12,9.16,9.055,9.12,1841846
TEG,20150316,0.001,0.001,0.001,0.001,400000
TEN,20150316,0.23,0.235,0.23,0.235,659276
TFC,20150316,1.77,1.78,1.755,1.765,476290
TGA,20150316,2.7,2.71,2.64,2.7,258488
TGG,20150316,1.43,1.445,1.43,1.445,115840
TGN,20150316,0.075,0.075,0.075,0.075,84000
TGP,20150316,1.21,1.25,1.2,1.25,173856
TGR,20150316,3.54,3.56,3.51,3.52,487993
TGS,20150316,0.061,0.061,0.057,0.058,1803856
THX,20150316,0.071,0.072,0.07,0.07,78178
TIS,20150316,0.225,0.225,0.215,0.215,467045
TIX,20150316,2.59,2.65,2.55,2.59,144496
TLM,20150316,0.165,0.165,0.165,0.165,38700
TLS,20150316,6.15,6.19,6.11,6.14,28043199
TME,20150316,3.53,3.595,3.53,3.59,1848011
TNE,20150316,3.83,3.91,3.83,3.89,502452
TNG,20150316,0.205,0.23,0.2,0.215,6836210
TNK,20150316,1.11,1.11,1.08,1.08,16656
TNP,20150316,0.005,0.006,0.005,0.006,3308333
TNR,20150316,0.13,0.13,0.13,0.13,190
TOE,20150316,0.079,0.079,0.078,0.078,414500
TOF,20150316,2.14,2.14,2.12,2.12,11447
TOL,20150316,8.83,8.84,8.82,8.82,2721846
TON,20150316,0.135,0.14,0.135,0.14,836087
TOP,20150316,0.45,0.46,0.45,0.46,54000
TOX,20150316,2.9,2.9,2.83,2.89,55952
TPC,20150316,0.85,0.85,0.85,0.85,3223
TPI,20150316,0.755,0.79,0.752,0.785,7377550
TPM,20150316,9,9.01,8.61,8.86,3370645
TPP,20150316,0.06,0.064,0.06,0.06,692999
TRF,20150316,0.017,0.017,0.013,0.013,60000
TRG,20150316,12.94,13.05,12.94,13.02,19079
TRS,20150316,7.23,7.33,7.04,7.07,237973
TRY,20150316,0.435,0.46,0.435,0.46,618348
TSE,20150316,1.38,1.387,1.355,1.36,1460058
TSM,20150316,0.37,0.37,0.37,0.37,70000
TSN,20150316,0.004,0.004,0.004,0.004,550681
TSV,20150316,0.016,0.018,0.016,0.018,1253220
TTA,20150316,0.028,0.028,0.028,0.028,100000
TTE,20150316,0.03,0.031,0.03,0.031,938000
TTI,20150316,0.048,0.048,0.048,0.048,100000
TTN,20150316,0.12,0.12,0.115,0.115,286724
TTS,20150316,3.95,3.96,3.865,3.89,4664875
TUP,20150316,0.29,0.31,0.26,0.28,81000
TWD,20150316,3.56,3.56,3.52,3.52,8420
TWE,20150316,5.07,5.12,5.05,5.06,2703943
TWR,20150316,2.22,2.28,2.22,2.25,6683
TZL,20150316,0.125,0.13,0.125,0.13,767208
TZN,20150316,0.12,0.125,0.12,0.125,18714
UBI,20150316,0.29,0.29,0.275,0.28,223568
UBN,20150316,0.895,0.94,0.895,0.94,7956091
UBW,20150316,20.08,20.08,20.08,20.08,2000
UGL,20150316,1.595,1.595,1.515,1.54,770816
UML,20150316,0.008,0.008,0.007,0.007,1605000
UNS,20150316,0.8,0.8,0.79,0.79,417612
UNV,20150316,0.125,0.125,0.12,0.12,350577
UOS,20150316,0.51,0.51,0.51,0.51,95796
UPG,20150316,1.055,1.055,1.055,1.055,2500
URF,20150316,2.23,2.23,2.21,2.21,45484
USD,20150316,12.89,12.91,12.83,12.86,147268
UXC,20150316,0.78,0.795,0.775,0.795,269648
VAF,20150316,50.7,50.77,50.7,50.76,10942
VAH,20150316,0.49,0.5,0.487,0.495,2281123
VAN,20150316,0.016,0.016,0.016,0.016,248707
VAP,20150316,75.92,76.11,75.33,76.11,25281
VAS,20150316,74.22,74.23,73.66,74.16,46958
VEC,20150316,0.006,0.006,0.005,0.005,807956
VED,20150316,2.35,2.35,2.31,2.32,2185946
VEI,20150316,0.615,0.615,0.565,0.605,530651
VET,20150316,0.092,0.093,0.082,0.088,1275611
VEU,20150316,62.8,62.98,62.55,62.55,12965
VGB,20150316,49.74,49.76,49.63,49.73,36411
VGE,20150316,57.57,57.62,57.35,57.62,2389
VGS,20150316,57.2,58,57.1,58,5277
VHY,20150316,69.44,69.44,68.77,69.15,18529
VIC,20150316,0.003,0.003,0.003,0.003,25000
VIE,20150316,0.04,0.04,0.04,0.04,125326
VKA,20150316,0.016,0.018,0.016,0.016,751250
VLA,20150316,0.475,0.5,0.475,0.48,365357
VLC,20150316,65.48,65.48,65.08,65.26,908
VLW,20150316,2.19,2.2,2.15,2.2,525254
VMG,20150316,0.006,0.006,0.006,0.006,1250000
VML,20150316,0.033,0.033,0.031,0.033,786570
VMT,20150316,0.033,0.033,0.032,0.032,427500
VMY,20150316,0.34,0.35,0.34,0.35,18379
VOC,20150316,6.09,6.09,5.96,6,816781
VRL,20150316,5.5,5.54,5.3,5.5,424648
VRT,20150316,7.23,7.25,7.15,7.2,174591
VSC,20150316,1.5,1.52,1.5,1.51,19746
VSO,20150316,45.88,45.88,45.49,45.69,3436
VTG,20150316,1.64,1.705,1.6,1.68,397965
VTS,20150316,140.33,140.33,139.24,139.69,11225
VTX,20150316,0.012,0.012,0.012,0.012,150000
VXL,20150316,0.37,0.395,0.36,0.38,503832
VXR,20150316,0.004,0.004,0.004,0.004,2540000
WAA,20150316,1.1,1.1,1.1,1.1,90072
WAM,20150316,1.93,1.955,1.93,1.95,1655176
WAX,20150316,1.21,1.215,1.2,1.215,129715
WBA,20150316,1.57,1.7,1.545,1.57,174269
WBB,20150316,5.4,5.48,5.4,5.48,5481
WBC,20150316,37.75,38.05,37.51,37.98,3527210
WCB,20150316,8.6,8.6,8.41,8.6,1281
WDS,20150316,0.14,0.14,0.135,0.135,1109642
WEB,20150316,3.8,3.86,3.77,3.86,50212
WEC,20150316,0.21,0.21,0.21,0.21,10000
WES,20150316,43.35,43.72,43.23,43.47,1774703
WFD,20150316,9.73,9.95,9.7,9.9,4511847
WHC,20150316,1.53,1.55,1.48,1.54,2613911
WHE,20150316,0.06,0.06,0.06,0.06,6733
WHF,20150316,4.75,4.75,4.75,4.75,733
WHN,20150316,0.037,0.037,0.036,0.036,33214
WIC,20150316,0.97,0.97,0.965,0.965,41825
WIN,20150316,0.36,0.42,0.36,0.395,5023621
WKT,20150316,0.003,0.003,0.003,0.003,1769745
WLF,20150316,0.38,0.38,0.36,0.36,65632
WLL,20150316,3.59,3.6,3.59,3.6,17000
WMK,20150316,0.85,0.85,0.845,0.85,133200
WMN,20150316,0.385,0.385,0.38,0.385,208157
WOF,20150316,0.022,0.022,0.022,0.022,5000
WOR,20150316,9.95,10.11,9.82,9.91,1586714
WOW,20150316,29.4,29.53,29.34,29.4,2989798
WPG,20150316,0.033,0.036,0.033,0.036,65000
WPL,20150316,34,34.48,33.56,33.99,3124543
WRR,20150316,0.305,0.305,0.3,0.3,9500
WSA,20150316,3.74,3.79,3.68,3.71,580863
WTP,20150316,0.74,0.74,0.73,0.735,81244
WTR,20150316,0.05,0.05,0.05,0.05,5000
XRO,20150316,25.2,25.6,24.31,24.4,49764
XTD,20150316,0.18,0.185,0.18,0.18,305000
XTV,20150316,0.021,0.022,0.021,0.022,6331968
YAL,20150316,0.04,0.04,0.033,0.033,1340878
YBR,20150316,0.59,0.59,0.57,0.57,98997
YOW,20150316,0.56,0.58,0.55,0.55,390786
YPB,20150316,0.305,0.315,0.305,0.315,141351
YRR,20150316,0.011,0.013,0.011,0.011,25693519
ZGL,20150316,0.21,0.21,0.21,0.21,44500
ZIP,20150316,0.41,0.43,0.41,0.43,68215
ZNZ,20150316,4.7,4.7,4.7,4.7,1191
XAF,20150316,5894.2,5894.2,5842.2,5881.9,0
XAO,20150316,5788,5788,5736,5769.7,0
XAT,20150316,5758.4,5758.4,5705.1,5740.9,0
XDJ,20150316,1953.7,1953.7,1927.2,1933.2,0
XEC,20150316,994.1,995.7,989,993.7,0
XEJ,20150316,11156.4,11156.4,10835.5,10939.8,0
XFJ,20150316,6914.7,6938.3,6866.7,6926.1,0
XFL,20150316,5965,5965,5912.1,5952,0
XGD,20150316,2317.2,2348.1,2317.2,2331.6,0
XHJ,20150316,19298.1,19303.4,19130.8,19210.4,0
XIJ,20150316,841,845.4,838.5,839.4,0
XJO,20150316,5814.5,5814.5,5761.6,5797.7,0
XJR,20150316,3366.8,3366.8,3298.2,3327.6,0
XKO,20150316,5747.5,5747.5,5696.1,5731.1,0
XMD,20150316,5203.9,5203.9,5148.6,5168.4,0
XMJ,20150316,9021.1,9021.1,8870.9,8950.1,0
XMM,20150316,2669,2669,2617.9,2648,0
XNJ,20150316,4648.4,4648.4,4600.1,4631,0
XPJ,20150316,1307.8,1307.8,1293.2,1306.1,0
XSJ,20150316,9248.1,9292.5,9239,9258.1,0
XSO,20150316,2188.1,2188.2,2169.4,2177.7,0
XTJ,20150316,2192.7,2192.7,2161.9,2170.5,0
XTL,20150316,3630.7,3634.7,3600.5,3627.2,0
XTO,20150316,4850.8,4850.8,4806.8,4837.7,0
XUJ,20150316,6503.8,6503.8,6413.4,6440.5,0
XXJ,20150316,8053,8087.9,8001.5,8070.3,0
