1PG,20150818,3.74,3.75,3.58,3.61,393942
1ST,20150818,0.13,0.13,0.12,0.12,399493
3DM,20150818,0.083,0.083,0.079,0.079,344079
3PL,20150818,1.94,1.94,1.865,1.93,167902
88E,20150818,0.011,0.011,0.011,0.011,2010500
8IH,20150818,0.83,0.83,0.83,0.83,8000
A2M,20150818,0.705,0.71,0.705,0.71,211016
AAA,20150818,50.14,50.14,50.13,50.14,27684
AAC,20150818,1.375,1.385,1.35,1.355,962114
AAD,20150818,2.24,2.25,2.13,2.18,1704806
AAX,20150818,0.38,0.385,0.38,0.38,40691
ABA,20150818,5.38,5.38,5.33,5.33,31924
ABC,20150818,4.56,4.68,4.56,4.59,1653069
ABP,20150818,3.02,3.04,2.955,2.98,408890
ABU,20150818,0.22,0.22,0.21,0.21,314638
ABW,20150818,0.97,0.97,0.97,0.97,6000
ABX,20150818,0.22,0.22,0.21,0.21,28375
ABY,20150818,0.165,0.165,0.145,0.145,9403
ACB,20150818,0.022,0.022,0.021,0.021,226880
ACG,20150818,0.23,0.235,0.23,0.23,134187
ACL,20150818,0.034,0.034,0.033,0.033,79266
ACO,20150818,2.62,2.65,2.6,2.65,153644
ACQ,20150818,0.735,0.735,0.735,0.735,20000
ACR,20150818,0.65,0.675,0.635,0.66,670610
ACU,20150818,0.092,0.093,0.088,0.092,952659
ACW,20150818,0.069,0.072,0.068,0.07,2009717
ACX,20150818,4.15,4.2,4.12,4.14,67247
ADA,20150818,1.04,1.04,1.01,1.01,11500
ADH,20150818,2.92,2.93,2.87,2.93,469647
ADJ,20150818,0.084,0.085,0.084,0.084,528424
ADN,20150818,0.04,0.04,0.035,0.039,165356
ADO,20150818,0.1,0.105,0.097,0.097,1660185
AEB,20150818,0.05,0.05,0.05,0.05,64000
AEE,20150818,0.018,0.019,0.018,0.019,460150
AEF,20150818,58,58,58,58,50
AEI,20150818,0.46,0.46,0.46,0.46,15000
AEK,20150818,0.065,0.065,0.065,0.065,456800
AER,20150818,0.135,0.135,0.135,0.135,99000
AFA,20150818,0.34,0.34,0.34,0.34,30366
AFG,20150818,1.125,1.125,1.125,1.125,27624
AFI,20150818,6.2,6.21,6.14,6.14,245375
AFJ,20150818,0.83,0.83,0.82,0.82,882068
AFT,20150818,0.001,0.001,0.001,0.001,900000
AGE,20150818,0.041,0.041,0.041,0.041,12196
AGF,20150818,1.375,1.385,1.35,1.36,1005447
AGI,20150818,2.83,2.84,2.73,2.81,370463
AGL,20150818,17.1,17.24,16.85,16.86,1696179
AGO,20150818,0.029,0.03,0.027,0.027,15533298
AGR,20150818,0.15,0.155,0.15,0.15,347105
AGS,20150818,0.135,0.137,0.135,0.135,1232074
AGX,20150818,0.012,0.012,0.012,0.012,250
AGY,20150818,0.003,0.003,0.003,0.003,2130569
AHA,20150818,0.008,0.008,0.007,0.007,1100000
AHD,20150818,12.15,12.45,12.15,12.25,95235
AHF,20150818,0.14,0.15,0.14,0.15,72000
AHG,20150818,4.33,4.33,4.29,4.31,1359345
AHK,20150818,0.05,0.075,0.04,0.075,36520
AHL,20150818,0.395,0.4,0.395,0.4,20000
AHY,20150818,1.61,1.615,1.577,1.585,1261824
AHZ,20150818,0.078,0.078,0.076,0.077,1034200
AIA,20150818,4.63,4.66,4.61,4.65,177724
AIO,20150818,8.74,8.75,8.67,8.69,26083570
AIR,20150818,0.105,0.115,0.105,0.115,81500
AIZ,20150818,2.4,2.45,2.39,2.45,4430
AJA,20150818,5.1,5.19,5.04,5.19,92855
AJD,20150818,1.28,1.28,1.27,1.275,24160
AJM,20150818,0.018,0.018,0.017,0.018,231900
AJQ,20150818,0.045,0.047,0.043,0.047,210000
AJX,20150818,0.995,1.07,0.985,1.03,3447056
AKF,20150818,0.08,0.08,0.079,0.079,1239485
AKG,20150818,0.48,0.48,0.48,0.48,28000
AKK,20150818,0.021,0.021,0.021,0.021,100000
AKM,20150818,0.02,0.02,0.02,0.02,25075
AKP,20150818,8.25,8.25,8,8,5200
ALA,20150818,0.11,0.11,0.105,0.11,235533
ALF,20150818,1.325,1.35,1.32,1.32,204999
ALI,20150818,2,2,1.98,1.995,44916
ALK,20150818,0.235,0.235,0.225,0.225,214589
ALL,20150818,8.54,8.62,8.47,8.51,1897857
ALQ,20150818,4.78,4.82,4.73,4.75,2053013
ALR,20150818,1.115,1.115,1.105,1.105,22500
ALT,20150818,0.006,0.007,0.006,0.007,250000
ALU,20150818,4.31,4.33,4.24,4.31,222977
ALY,20150818,0.03,0.032,0.03,0.032,45598
AMA,20150818,0.72,0.72,0.7,0.715,277321
AMB,20150818,0.165,0.165,0.165,0.165,10000
AMC,20150818,13.54,13.675,13.45,13.47,4987912
AMH,20150818,0.86,0.87,0.855,0.855,58029
AMN,20150818,0.2,0.21,0.2,0.21,21251
AMP,20150818,6.23,6.34,6.18,6.19,6485525
ANG,20150818,0.46,0.46,0.45,0.45,202782
ANI,20150818,2.34,2.38,2.34,2.35,15549
ANN,20150818,21.21,21.25,20.9,21.08,956577
ANO,20150818,0.04,0.04,0.04,0.04,12500
ANP,20150818,0.087,0.09,0.087,0.09,86570
ANQ,20150818,0.002,0.002,0.001,0.002,4640000
ANR,20150818,0.83,0.84,0.825,0.84,80200
ANZ,20150818,29.5,29.66,28.97,28.97,9173342
AOG,20150818,2.82,2.87,2.8,2.85,903041
AOH,20150818,0.105,0.105,0.1,0.1,309590
AON,20150818,0.05,0.05,0.05,0.05,75000
AOW,20150818,0.16,0.16,0.16,0.16,50000
APA,20150818,8.75,8.92,8.7,8.71,2871068
APD,20150818,0.39,0.395,0.375,0.395,54564
APE,20150818,10.34,10.35,10.2,10.25,66282
APG,20150818,0.007,0.007,0.007,0.007,133766
API,20150818,1.55,1.605,1.55,1.58,390715
APN,20150818,0.685,0.685,0.655,0.665,2274064
APO,20150818,3.11,3.12,2.99,2.99,52397
APW,20150818,0.125,0.125,0.125,0.125,375748
APX,20150818,0.81,0.81,0.785,0.8,312203
APY,20150818,0.004,0.004,0.004,0.004,873080
APZ,20150818,1.34,1.355,1.34,1.355,20000
AQD,20150818,0.021,0.021,0.02,0.02,77320
AQF,20150818,1.86,1.86,1.85,1.85,210
AQG,20150818,2.95,2.99,2.94,2.95,72334
AQP,20150818,0.145,0.145,0.14,0.145,3027524
AQR,20150818,0.057,0.057,0.055,0.055,300000
AQZ,20150818,0.53,0.54,0.53,0.54,88280
ARB,20150818,13.7,14.1,13.5,13.69,118985
ARE,20150818,0.007,0.007,0.007,0.007,6408
ARF,20150818,1.575,1.585,1.57,1.58,71036
ARG,20150818,7.96,8.05,7.96,8.04,162798
ARH,20150818,0.006,0.006,0.006,0.006,23205
ARI,20150818,0.13,0.13,0.125,0.125,2869609
ARM,20150818,0.032,0.032,0.032,0.032,17000
ARU,20150818,0.05,0.05,0.049,0.049,40803
ASB,20150818,2.01,2.07,1.98,2.02,546941
ASH,20150818,0.5,0.5,0.46,0.465,944577
ASL,20150818,0.255,0.27,0.25,0.25,389759
AST,20150818,1.365,1.377,1.36,1.36,3767571
ASW,20150818,0.75,0.75,0.63,0.63,16815
ASX,20150818,42.21,42.83,42.06,42.07,522728
ASZ,20150818,0.985,0.985,0.92,0.965,1211592
ATC,20150818,0.105,0.105,0.105,0.105,105476
ATE,20150818,0.185,0.19,0.18,0.19,71562
ATP,20150818,0.037,0.037,0.037,0.037,40000
ATU,20150818,0.56,0.58,0.56,0.58,67216
AUB,20150818,8.5,8.5,8.18,8.25,17615
AUI,20150818,8.31,8.38,8.28,8.38,42900
AUQ,20150818,0.025,0.025,0.023,0.023,260000
AUZ,20150818,0.006,0.006,0.006,0.006,1700877
AVB,20150818,0.061,0.061,0.06,0.061,220110
AVG,20150818,0.385,0.385,0.385,0.385,37100
AVH,20150818,0.077,0.077,0.075,0.075,75000
AVI,20150818,0.03,0.03,0.03,0.03,85382
AVJ,20150818,0.65,0.65,0.65,0.65,22888
AVQ,20150818,0.415,0.425,0.385,0.385,1734881
AWC,20150818,1.295,1.33,1.28,1.295,20765683
AWD,20150818,0.041,0.042,0.037,0.037,17036563
AWE,20150818,1.055,1.06,0.98,0.99,2274333
AWN,20150818,0.63,0.64,0.63,0.64,32000
AWV,20150818,0.035,0.035,0.035,0.035,41468
AXE,20150818,0.11,0.11,0.1,0.1,240559
AXP,20150818,0.83,0.845,0.83,0.83,17761
AYC,20150818,0.05,0.05,0.046,0.046,85429
AYD,20150818,61.71,61.71,61.71,61.71,700
AYF,20150818,6.2,6.2,6.2,6.2,2882
AYJ,20150818,74.63,74.63,74.63,74.63,600
AYS,20150818,2.08,2.095,2.06,2.065,113658
AZJ,20150818,5.25,5.4,5.22,5.22,21168043
AZS,20150818,0.01,0.01,0.01,0.01,60731
AZV,20150818,0.16,0.16,0.16,0.16,21918
AZY,20150818,0.008,0.011,0.008,0.011,12465375
BAF,20150818,1.04,1.04,1.04,1.04,29330
BAL,20150818,4.9,4.92,4.6,4.64,664731
BAP,20150818,3.5,3.57,3.45,3.46,575267
BAR,20150818,0.012,0.013,0.012,0.013,887488
BAU,20150818,0.062,0.062,0.06,0.06,126328
BBG,20150818,0.54,0.56,0.54,0.56,407371
BBX,20150818,0.013,0.017,0.013,0.013,2194582
BCI,20150818,0.27,0.27,0.26,0.26,697279
BCT,20150818,0.039,0.039,0.039,0.039,30084
BDR,20150818,0.14,0.145,0.14,0.145,1156281
BEAR,20150818,17.63,17.88,17.59,17.86,66888
BEN,20150818,11.3,11.4,11.11,11.14,2635970
BFG,20150818,0.48,0.485,0.48,0.48,18900
BGA,20150818,4.57,4.6,4.44,4.44,123236
BGD,20150818,0.014,0.015,0.014,0.014,297914
BGL,20150818,0.735,0.735,0.695,0.7,236316
BGS,20150818,0.007,0.007,0.007,0.007,240194
BHP,20150818,25.12,25.46,24.98,24.98,10466219
BIG,20150818,0.19,0.195,0.185,0.195,107000
BIS,20150818,0.565,0.565,0.565,0.565,3600
BIT,20150818,0.099,0.11,0.099,0.105,284973
BKI,20150818,1.7,1.72,1.695,1.7,254342
BKL,20150818,87.65,89.7,87.6,89.5,34260
BKN,20150818,1.065,1.1,1.065,1.085,4669508
BKT,20150818,0.043,0.043,0.039,0.04,53686
BKW,20150818,15,15.06,14.86,15.05,86401
BKY,20150818,0.38,0.38,0.38,0.38,999058
BLA,20150818,4.55,4.6,4.45,4.45,19657
BLD,20150818,6.58,6.615,6.47,6.5,2656339
BLG,20150818,0.095,0.095,0.081,0.081,2031653
BLK,20150818,0.155,0.155,0.15,0.155,442064
BLR,20150818,0.002,0.002,0.002,0.002,202813
BLX,20150818,2.14,2.18,2.12,2.18,28535
BLY,20150818,0.098,0.099,0.096,0.097,477517
BLZ,20150818,0.055,0.055,0.054,0.054,20000
BMH,20150818,0.21,0.21,0.21,0.21,10000
BMN,20150818,0.038,0.038,0.038,0.038,201766
BMZ,20150818,0.018,0.018,0.018,0.018,110000
BNE,20150818,0.011,0.011,0.011,0.011,211101
BNO,20150818,0.43,0.44,0.425,0.425,224349
BNR,20150818,0.025,0.026,0.025,0.026,200000
BOA,20150818,0.215,0.215,0.215,0.215,7468
BOC,20150818,0.3,0.3,0.3,0.3,15000
BOE,20150818,0.015,0.015,0.015,0.015,845353
BOK,20150818,0.23,0.23,0.215,0.215,17325
BOL,20150818,0.115,0.115,0.115,0.115,110627
BOQ,20150818,12.88,12.95,12.71,12.76,1403279
BPA,20150818,5.05,5.05,5,5,12690
BPF,20150818,0.265,0.27,0.255,0.27,31000
BPL,20150818,0.04,0.04,0.036,0.036,76500
BPS,20150818,0.74,0.75,0.74,0.75,19000
BPT,20150818,0.81,0.815,0.755,0.76,9006937
BRB,20150818,0.054,0.054,0.053,0.053,11777
BRC,20150818,0.205,0.205,0.205,0.205,45000
BRG,20150818,6.75,6.75,6.61,6.67,135879
BRL,20150818,0.02,0.021,0.02,0.021,792143
BRU,20150818,0.35,0.35,0.31,0.315,481723
BSA,20150818,0.17,0.17,0.17,0.17,30000
BSE,20150818,0.095,0.095,0.095,0.095,60000
BSL,20150818,3.61,3.67,3.585,3.62,2915985
BSM,20150818,0.009,0.011,0.009,0.011,3769015
BTC,20150818,0.086,0.086,0.086,0.086,20000
BTI,20150818,0.8,0.8,0.8,0.8,8400
BTT,20150818,9.55,9.57,9.45,9.53,339326
BUG,20150818,0.52,0.52,0.52,0.52,50000
BUL,20150818,0.022,0.022,0.022,0.022,907557
BUR,20150818,0.002,0.002,0.002,0.002,107547
BUY,20150818,0.011,0.011,0.01,0.01,507053
BWP,20150818,3.26,3.295,3.23,3.25,1515438
BWR,20150818,1.25,1.25,1.2,1.2,6250
BXB,20150818,10.1,10.3,10.04,10.18,4282060
BXN,20150818,0.013,0.013,0.013,0.013,760000
BYI,20150818,1.18,1.18,1.18,1.18,72
BYL,20150818,0.3,0.315,0.285,0.285,238267
BYR,20150818,0.025,0.025,0.025,0.025,400000
CAA,20150818,0.145,0.145,0.145,0.145,5000
CAB,20150818,3.29,3.34,3.18,3.21,496002
CAD,20150818,0.009,0.01,0.009,0.01,4610000
CAF,20150818,0.445,0.445,0.435,0.435,2552
CAJ,20150818,0.735,0.735,0.685,0.69,3588707
CAM,20150818,0.9,0.9,0.9,0.9,26836
CAP,20150818,0.03,0.03,0.03,0.03,50000
CAR,20150818,9.81,10.03,9.81,10.03,1892104
CAS,20150818,0.13,0.145,0.13,0.145,20286
CAT,20150818,1.68,1.695,1.61,1.61,133079
CAV,20150818,0.024,0.024,0.022,0.022,111422
CAY,20150818,0.047,0.047,0.047,0.047,50000
CBA,20150818,79.31,79.53,76.91,76.91,7498212
CBQ,20150818,0.003,0.003,0.003,0.003,250000
CCF,20150818,0.034,0.035,0.034,0.035,200000
CCL,20150818,8.73,8.735,8.49,8.54,3480942
CCP,20150818,12.24,12.25,12.02,12.02,172597
CCV,20150818,0.5,0.505,0.48,0.495,266486
CDA,20150818,1.065,1.065,0.925,1.005,214688
CDB,20150818,0.017,0.017,0.017,0.017,1252
CDD,20150818,2.78,2.78,2.59,2.59,737383
CDG,20150818,0.04,0.04,0.04,0.04,200000
CDM,20150818,1.44,1.442,1.435,1.435,842032
CDP,20150818,6.46,6.46,6.46,6.46,773
CDV,20150818,0.105,0.11,0.093,0.1,1054885
CDY,20150818,0.037,0.038,0.037,0.038,2607272
CEL,20150818,0.038,0.04,0.038,0.038,545971
CFE,20150818,0.017,0.023,0.015,0.021,6121546
CGC,20150818,2.05,2.07,2.02,2.06,152054
CGF,20150818,7.22,7.39,7.05,7.08,5384763
CGH,20150818,0.14,0.14,0.14,0.14,71428
CGN,20150818,0.1,0.1,0.1,0.1,43385
CGO,20150818,0.35,0.4,0.35,0.4,23800
CGR,20150818,0.14,0.14,0.14,0.14,16500
CGS,20150818,0.235,0.235,0.23,0.23,16755
CGW,20150818,0.575,0.58,0.575,0.58,481387
CHC,20150818,4.68,4.69,4.52,4.53,1110934
CHN,20150818,0.105,0.11,0.105,0.105,103900
CHP,20150818,0.003,0.003,0.003,0.003,2206161
CHZ,20150818,0.034,0.034,0.034,0.034,85391
CIE,20150818,1,1,1,1,20000
CIM,20150818,23.04,23.6,22.99,23.08,587187
CIN,20150818,30.95,30.95,30.65,30.65,111
CJC,20150818,0.003,0.004,0.003,0.004,150250
CKA,20150818,0.1,0.1,0.095,0.095,853000
CKF,20150818,3.24,3.25,3.22,3.25,137958
CKL,20150818,0.51,0.51,0.45,0.45,121078
CL8,20150818,0.021,0.021,0.021,0.021,132070
CLH,20150818,2.2,2.23,2.2,2.2,204038
CLQ,20150818,0.19,0.195,0.19,0.19,243753
CLV,20150818,0.18,0.18,0.18,0.18,12000
CLZ,20150818,0.005,0.005,0.005,0.005,48269
CM8,20150818,0.285,0.295,0.285,0.29,194889
CMA,20150818,2.03,2.03,2.03,2.03,7000
CMC,20150818,0.048,0.048,0.048,0.048,200000
CMI,20150818,1.55,1.55,1.55,1.55,256
CMP,20150818,0.3,0.3,0.3,0.3,48562
CMW,20150818,1.075,1.08,1.06,1.065,2894607
CMY,20150818,0.002,0.002,0.001,0.001,3000000
CND,20150818,0.255,0.255,0.255,0.255,30677
CNU,20150818,2.45,2.48,2.44,2.45,47190
CNW,20150818,0.028,0.029,0.028,0.028,1782880
CNX,20150818,0.014,0.014,0.014,0.014,307331
COE,20150818,0.21,0.215,0.21,0.21,117370
COF,20150818,0.145,0.145,0.14,0.14,30000
COH,20150818,85.04,87.07,85.04,85.27,226539
COM,20150818,0.017,0.017,0.017,0.017,250000
COO,20150818,0.15,0.15,0.145,0.145,25000
CPU,20150818,9.72,10.06,9.72,9.95,7036722
CQC,20150818,0.025,0.025,0.025,0.025,8000
CQR,20150818,4.2,4.21,4.03,4.07,2495069
CRB,20150818,0.075,0.078,0.075,0.078,107516
CRL,20150818,0.014,0.014,0.014,0.014,75000
CSD,20150818,0.065,0.065,0.062,0.062,60000
CSE,20150818,0.2,0.2,0.2,0.2,1694
CSL,20150818,93.96,94.81,93.35,93.49,961900
CSR,20150818,3.48,3.51,3.36,3.38,6403153
CSS,20150818,0.057,0.057,0.054,0.055,883617
CSV,20150818,1.59,1.69,1.59,1.69,2816599
CTD,20150818,10.57,10.67,10.445,10.5,243167
CTM,20150818,0.005,0.005,0.005,0.005,620698
CTN,20150818,1.04,1.04,1.035,1.035,112839
CTO,20150818,0.037,0.04,0.036,0.039,3477693
CTP,20150818,0.12,0.12,0.12,0.12,69340
CTR,20150818,0.099,0.099,0.089,0.089,110202
CTX,20150818,32.4,32.4,31.64,32.09,1141596
CUE,20150818,0.073,0.073,0.069,0.069,106206
CUP,20150818,1,1.01,0.99,0.99,32435
CUV,20150818,2.64,2.64,2.63,2.63,5000
CUX,20150818,0.008,0.008,0.008,0.008,7778
CVG,20150818,0.01,0.01,0.01,0.01,100000
CVN,20150818,0.105,0.105,0.1,0.1,2370247
CVO,20150818,2.18,2.2,2.145,2.18,669394
CVT,20150818,0.29,0.315,0.285,0.31,1356042
CVV,20150818,0.005,0.005,0.005,0.005,4857000
CWC,20150818,0.65,0.65,0.615,0.64,20000
CWE,20150818,0.05,0.051,0.049,0.05,1087744
CWN,20150818,13.03,13.03,12.29,12.4,4123235
CWP,20150818,5.45,5.45,5.32,5.37,25968
CXM,20150818,0.078,0.078,0.078,0.078,64760
CXO,20150818,0.026,0.026,0.026,0.026,84228
CXU,20150818,0.185,0.185,0.185,0.185,45500
CXX,20150818,0.255,0.255,0.225,0.225,50000
CXZ,20150818,0.19,0.19,0.19,0.19,57379
CYA,20150818,0.86,0.86,0.85,0.85,64347
CYG,20150818,1.35,1.35,1.35,1.35,1897
CYP,20150818,0.66,0.665,0.64,0.64,19745
CZA,20150818,0.09,0.09,0.09,0.09,18774
CZI,20150818,0.064,0.065,0.057,0.057,197914
CZL,20150818,0.036,0.038,0.035,0.035,1307964
CZR,20150818,0.017,0.017,0.017,0.017,614
CZZ,20150818,20.5,22,18.42,19.37,120682
DCC,20150818,0.165,0.17,0.145,0.15,872347
DCG,20150818,1.08,1.08,1.02,1.02,130637
DCN,20150818,0.5,0.5,0.5,0.5,4984
DDD,20150818,0.004,0.004,0.004,0.004,18750
DDR,20150818,1.99,2,1.98,1.987,45311
DDT,20150818,0.022,0.022,0.021,0.021,639968
DGH,20150818,0.72,0.72,0.72,0.72,100000
DGR,20150818,0.029,0.03,0.029,0.03,140161
DIG,20150818,0.34,0.34,0.34,0.34,1853
DJW,20150818,4.25,4.365,4.25,4.35,124418
DKM,20150818,0.12,0.13,0.12,0.13,140000
DLS,20150818,0.79,0.805,0.725,0.74,1845796
DLX,20150818,5.82,5.83,5.68,5.7,2229836
DMP,20150818,42.04,42.85,41.44,42.28,261335
DMY,20150818,0.026,0.026,0.024,0.024,255091
DNA,20150818,0.675,0.68,0.665,0.68,295608
DNK,20150818,0.36,0.4,0.36,0.39,417348
DOW,20150818,3.54,3.57,3.475,3.53,3133830
DRA,20150818,0.165,0.165,0.165,0.165,15000
DRK,20150818,0.004,0.004,0.004,0.004,2000000
DRM,20150818,0.415,0.42,0.415,0.42,55309
DRX,20150818,0.011,0.012,0.011,0.012,259700
DSB,20150818,0.06,0.06,0.06,0.06,20000
DSH,20150818,1.95,1.95,1.65,1.67,7808461
DSX,20150818,0.09,0.09,0.09,0.09,20000
DTI,20150818,0.3,0.3,0.3,0.3,5800
DTL,20150818,0.94,0.95,0.91,0.915,107480
DTM,20150818,0.014,0.014,0.014,0.014,20000
DUB,20150818,0.395,0.4,0.375,0.375,620818
DUE,20150818,2.17,2.2,2.17,2.18,7274612
DUI,20150818,3.62,3.62,3.59,3.59,106299
DUO,20150818,0.011,0.012,0.011,0.012,16388810
DVA,20150818,0.51,0.51,0.51,0.51,76856
DVI,20150818,0.021,0.022,0.021,0.022,6549238
DVL,20150818,0.285,0.3,0.285,0.3,239367
DVN,20150818,0.65,0.65,0.65,0.65,120287
DWS,20150818,1.085,1.09,1.06,1.06,135658
DXS,20150818,7.78,7.79,7.66,7.71,3511984
DYE,20150818,0.22,0.24,0.22,0.225,128995
DYL,20150818,0.01,0.01,0.009,0.009,62492
E88,20150818,0.12,0.12,0.115,0.12,754544
EAL,20150818,0.135,0.135,0.135,0.135,3393
EAR,20150818,0.082,0.082,0.082,0.082,27500
EAS,20150818,0.68,0.68,0.67,0.67,50680
EAX,20150818,1.16,1.16,1.16,1.16,350
EBT,20150818,3.42,3.42,3.38,3.42,12436
ECV,20150818,0.18,0.18,0.18,0.18,9700
ECX,20150818,3.19,3.21,3.14,3.17,250415
EDE,20150818,0.086,0.093,0.085,0.085,16017111
EEG,20150818,0.024,0.027,0.024,0.027,639609
EGH,20150818,0.43,0.44,0.43,0.43,369825
EGI,20150818,1.14,1.14,1.14,1.14,15520
EGO,20150818,0.005,0.005,0.004,0.004,1219984
EGP,20150818,5.2,5.25,5.14,5.2,6342900
EHE,20150818,6.86,6.94,6.83,6.9,1566255
EHL,20150818,0.074,0.075,0.071,0.074,1488906
ELD,20150818,4.2,4.25,4.12,4.2,259852
ELK,20150818,0.07,0.075,0.07,0.075,470500
ELM,20150818,0.14,0.15,0.14,0.145,85275
ELX,20150818,0.37,0.39,0.37,0.39,127125
EMF,20150818,1.98,1.98,1.98,1.98,154
EMG,20150818,0.024,0.025,0.024,0.025,186752
EMH,20150818,0.11,0.115,0.11,0.115,35500
EML,20150818,0.635,0.64,0.61,0.64,224022
EMX,20150818,0.051,0.052,0.05,0.05,488225
ENA,20150818,0.23,0.23,0.23,0.23,6802
ENE,20150818,7.88,7.9,7.87,7.89,167656
ENT,20150818,0.041,0.045,0.039,0.042,965820
ENX,20150818,0.01,0.01,0.01,0.01,13333
ENZ,20150818,0.38,0.38,0.37,0.38,43594
EOR,20150818,0.01,0.01,0.01,0.01,100000
EOS,20150818,1.45,1.45,1.36,1.4,64069
EPA,20150818,0.004,0.004,0.004,0.004,235400
EPD,20150818,0.77,0.77,0.74,0.745,676880
EPW,20150818,2.13,2.14,2.1,2.11,102376
EPX,20150818,1.68,1.69,1.68,1.68,69477
EQE,20150818,0.017,0.017,0.016,0.016,845269
EQT,20150818,23.6,23.95,23.5,23.55,4134
EQX,20150818,0.285,0.285,0.28,0.28,7200
ERA,20150818,0.375,0.38,0.365,0.365,129408
ERD,20150818,0.031,0.031,0.031,0.031,317500
ERI,20150818,0.021,0.022,0.02,0.02,9613663
ERM,20150818,0.038,0.038,0.034,0.034,236487
ESI,20150818,0.016,0.018,0.016,0.018,11086213
ESR,20150818,0.008,0.008,0.008,0.008,1250000
ETE,20150818,0.025,0.025,0.025,0.025,246548
EVE,20150818,0.007,0.007,0.007,0.007,497400
EVM,20150818,0.075,0.075,0.075,0.075,150000
EVN,20150818,1.045,1.057,1.017,1.03,6507869
EWC,20150818,0.295,0.3,0.285,0.285,148886
EXE,20150818,0.037,0.037,0.037,0.037,7409
EXU,20150818,0.032,0.034,0.032,0.034,210000
EZL,20150818,0.9,0.9,0.9,0.9,150922
FAR,20150818,0.067,0.068,0.065,0.066,2749523
FBU,20150818,6.9,6.96,6.75,6.79,1677914
FCN,20150818,0.015,0.018,0.014,0.014,4880947
FDC,20150818,2.79,2.8,2.725,2.74,15484037
FET,20150818,2.11,2.14,2.11,2.14,87757
FFG,20150818,0.185,0.185,0.185,0.185,5000
FFT,20150818,1.05,1.065,0.98,1.04,51383
FGF,20150818,0.006,0.007,0.006,0.007,934800
FGX,20150818,1.095,1.1,1.09,1.095,157471
FID,20150818,1.83,1.83,1.83,1.83,9056
FLK,20150818,0.205,0.205,0.205,0.205,320630
FLN,20150818,1.43,1.455,1.4,1.4,129731
FLT,20150818,34,34.47,33.38,33.51,434508
FMG,20150818,1.9,2.01,1.9,1.985,39264939
FML,20150818,0.315,0.315,0.31,0.31,11665
FMS,20150818,0.014,0.015,0.014,0.015,1230195
FND,20150818,0.145,0.15,0.145,0.15,120000
FNP,20150818,3.22,3.24,3.2,3.2,537830
FNT,20150818,0.002,0.002,0.002,0.002,17500
FPH,20150818,6.73,6.76,6.69,6.73,371687
FRI,20150818,1.14,1.14,1.13,1.13,52900
FRM,20150818,0.39,0.4,0.39,0.4,364725
FRY,20150818,0.055,0.057,0.054,0.055,596000
FSA,20150818,1.44,1.45,1.425,1.425,4102
FSF,20150818,4.35,4.59,4.35,4.39,10377
FSI,20150818,1.43,1.43,1.42,1.42,29500
FUN,20150818,0.033,0.033,0.033,0.033,102284
FWD,20150818,2.12,2.12,2.08,2.11,57132
FXJ,20150818,0.89,0.907,0.875,0.88,16675228
FXL,20150818,2.65,2.715,2.615,2.68,3356339
FZR,20150818,0.225,0.225,0.215,0.215,256750
GAL,20150818,0.02,0.024,0.02,0.02,110084313
GAP,20150818,0.17,0.175,0.17,0.175,287472
GBE,20150818,0.022,0.022,0.022,0.022,300000
GBG,20150818,0.022,0.024,0.022,0.023,2227765
GBM,20150818,0.005,0.005,0.005,0.005,7350245
GBP,20150818,0.038,0.038,0.038,0.038,2700
GBT,20150818,5.05,5.1,5,5,155214
GCN,20150818,0.008,0.008,0.007,0.007,4482563
GCR,20150818,0.06,0.06,0.06,0.06,1100
GDF,20150818,0.99,0.99,0.99,0.99,104253
GDI,20150818,0.895,0.905,0.89,0.9,1125162
GDX,20150818,20.49,20.49,20.49,20.49,965
GDY,20150818,0.031,0.032,0.031,0.032,119626
GED,20150818,0.01,0.01,0.008,0.008,75000
GEG,20150818,0.86,0.89,0.855,0.855,45075
GEM,20150818,3.19,3.23,3.05,3.08,2536247
GER,20150818,0.071,0.071,0.064,0.064,350000
GGG,20150818,0.057,0.057,0.056,0.056,207650
GHC,20150818,1.65,1.67,1.65,1.66,113544
GID,20150818,0.038,0.038,0.038,0.038,292971
GJT,20150818,1.74,1.74,1.73,1.73,13026
GLB,20150818,1.05,1.05,1.05,1.05,5000
GLF,20150818,0.014,0.014,0.012,0.012,1718420
GLH,20150818,0.4,0.42,0.4,0.4,13250
GLL,20150818,0.11,0.11,0.11,0.11,4209
GMA,20150818,3.34,3.34,3.21,3.22,3752192
GMF,20150818,2.1,2.1,2.09,2.1,47963
GMG,20150818,6.41,6.41,6.28,6.3,3231961
GMM,20150818,0.055,0.057,0.055,0.056,375385
GMN,20150818,0.074,0.074,0.074,0.074,300000
GMR,20150818,0.005,0.005,0.004,0.004,370000
GNC,20150818,8.33,8.38,8.24,8.31,461678
GNE,20150818,1.545,1.595,1.545,1.57,20634
GNG,20150818,1.06,1.06,1.03,1.04,8413
GOLD,20150818,144.78,145.04,144.58,145,2581
GOR,20150818,0.365,0.37,0.36,0.36,252263
GOZ,20150818,3.24,3.29,3.21,3.22,356482
GPR,20150818,0.051,0.051,0.051,0.051,9352
GPT,20150818,4.68,4.71,4.59,4.6,7469648
GRB,20150818,0.06,0.06,0.057,0.058,810064
GRR,20150818,0.105,0.105,0.105,0.105,438428
GRY,20150818,0.05,0.05,0.05,0.05,8913
GSC,20150818,0.003,0.003,0.003,0.003,10000
GSS,20150818,0.47,0.47,0.46,0.46,13565
GTG,20150818,0.026,0.026,0.025,0.025,212630
GTK,20150818,1.835,1.835,1.8,1.835,70405
GTY,20150818,2.31,2.32,2.27,2.3,458667
GUD,20150818,9.49,9.55,9.14,9.41,442313
GUF,20150818,0.033,0.033,0.031,0.032,1060039
GVF,20150818,1.05,1.05,1.035,1.035,182971
GWA,20150818,2.23,2.32,2.17,2.23,596629
GXL,20150818,6.96,7.04,6.86,6.87,716491
GXY,20150818,0.03,0.03,0.029,0.029,1144583
GZL,20150818,2.65,2.65,2.65,2.65,5000
HAR,20150818,0.01,0.01,0.009,0.009,551666
HAS,20150818,0.077,0.077,0.077,0.077,1050000
HAV,20150818,0.25,0.25,0.25,0.25,11878
HAZ,20150818,0.01,0.01,0.01,0.01,1500466
HCH,20150818,0.105,0.105,0.105,0.105,1706
HEG,20150818,0.003,0.003,0.003,0.003,20000
HFA,20150818,2.46,2.46,2.355,2.4,103899
HFR,20150818,1.07,1.14,1.07,1.14,1099017
HGG,20150818,5.91,5.975,5.84,5.87,1417751
HGO,20150818,0.165,0.165,0.15,0.15,205053
HHL,20150818,2.39,2.5,2.39,2.45,30475
HHV,20150818,1.21,1.215,1.2,1.21,175590
HHY,20150818,0.1,0.1,0.1,0.1,163212
HIL,20150818,0.47,0.475,0.46,0.46,247684
HIT,20150818,0.087,0.087,0.087,0.087,22816
HMI,20150818,0.019,0.019,0.015,0.015,2165255
HMX,20150818,0.062,0.062,0.062,0.062,108600
HNG,20150818,0.35,0.35,0.35,0.35,10000
HOM,20150818,0.58,0.58,0.58,0.58,1403
HOR,20150818,0.033,0.035,0.032,0.034,215750
HPI,20150818,2.6,2.65,2.58,2.58,50721
HPR,20150818,0.072,0.072,0.07,0.07,300000
HRR,20150818,0.1,0.1,0.1,0.1,154000
HSK,20150818,0.1,0.1,0.09,0.09,720000
HSN,20150818,2.7,2.7,2.65,2.66,182181
HSO,20150818,2.67,2.71,2.66,2.67,3554086
HUB,20150818,1.76,1.76,1.6,1.705,54437
HUO,20150818,3.52,3.52,3.5,3.5,3970
HVN,20150818,4.62,4.69,4.58,4.63,2907848
HZN,20150818,0.082,0.082,0.079,0.08,2759710
IAA,20150818,60.78,61.15,60.5,60.77,5764
IAF,20150818,105.76,105.99,105.69,105.99,5151
IAG,20150818,5.8,5.83,5.75,5.75,9834902
IAU,20150818,0.12,0.12,0.12,0.12,43
IBC,20150818,0.53,0.53,0.53,0.53,1500
IBG,20150818,0.065,0.065,0.065,0.065,60000
IBK,20150818,45.29,45.29,45.01,45.01,1066
ICG,20150818,0.012,0.012,0.011,0.011,7771454
ICN,20150818,0.039,0.04,0.039,0.04,150500
ICQ,20150818,0.675,0.675,0.655,0.655,269091
ICU,20150818,0.11,0.11,0.095,0.095,30380
ICX,20150818,0.033,0.033,0.033,0.033,226891
IDO,20150818,0.016,0.016,0.016,0.016,36100
IDR,20150818,1.855,1.86,1.85,1.86,386800
IDT,20150818,0.35,0.35,0.325,0.325,1246988
IEM,20150818,47.03,47.81,47.03,47.36,21413
IEU,20150818,60.2,60.2,59.76,59.96,36955
IFL,20150818,9.26,9.34,9.26,9.29,1196437
IFM,20150818,1.045,1.05,1.035,1.045,388352
IFN,20150818,0.255,0.255,0.25,0.25,155239
IGB,20150818,103.29,103.37,103.29,103.37,78
IGO,20150818,3.22,3.27,3.07,3.1,2709644
IGS,20150818,0.003,0.003,0.003,0.003,185000
IHD,20150818,14.34,14.36,14.14,14.14,30661
IHK,20150818,28.88,28.88,28.88,28.88,350
IIL,20150818,0.165,0.165,0.155,0.155,67536
IIN,20150818,9.42,9.5,9.35,9.39,653787
IJH,20150818,206.2,206.29,205.48,206.29,875
IJP,20150818,17.4,17.58,17.4,17.49,56974
IJR,20150818,158.64,159.63,158.64,159.43,638
IKO,20150818,65,65.94,65,65.77,323
ILB,20150818,114.06,114.49,114.03,114.49,661
ILC,20150818,24.08,24.1,23.68,23.68,24942
ILU,20150818,7.24,7.54,7.24,7.29,2090225
IMA,20150818,0.082,0.082,0.082,0.082,20000
IMC,20150818,0.29,0.29,0.28,0.28,50000
IMF,20150818,1.665,1.67,1.65,1.66,389020
INA,20150818,0.45,0.46,0.45,0.455,22464
IND,20150818,0.009,0.009,0.009,0.009,17183
IOF,20150818,3.76,3.78,3.7,3.75,1712190
IOO,20150818,103.1,103.26,102.54,102.84,13045
IOZ,20150818,22.75,22.78,22.43,22.47,53371
IPD,20150818,1.19,1.2,1.185,1.185,62818
IPE,20150818,0.295,0.295,0.295,0.295,64897
IPH,20150818,4.71,4.83,4.7,4.78,148160
IPL,20150818,3.37,3.48,3.35,3.46,10648271
IPP,20150818,3.11,3.12,2.9,2.96,446336
IQ3,20150818,0.3,0.3,0.28,0.3,71406
IRE,20150818,9.87,10.02,9.86,9.98,367004
IRI,20150818,2.19,2.25,2.14,2.14,95645
IRL,20150818,0.003,0.003,0.003,0.003,185000
IRU,20150818,165.73,165.75,165.08,165.14,271
ISD,20150818,3.5,3.51,3.42,3.44,180093
ISG,20150818,15.24,15.24,15.22,15.22,158
ISN,20150818,0.055,0.055,0.055,0.055,118000
ISO,20150818,3.6,3.62,3.56,3.59,8807
ISU,20150818,1.8,1.81,1.795,1.8,367535
ISX,20150818,0.155,0.155,0.145,0.15,326869
ITD,20150818,0.25,0.25,0.25,0.25,24000
ITW,20150818,18.39,18.4,18.17,18.17,709
IVC,20150818,12.5,12.5,11.75,12,709569
IVE,20150818,84.26,86.79,84.26,86.35,7755
IVO,20150818,0.087,0.092,0.087,0.092,135943
IVR,20150818,0.014,0.015,0.014,0.015,576218
IVV,20150818,285.8,288.03,285.8,287.78,24159
IVX,20150818,0.02,0.021,0.02,0.021,284355
IXI,20150818,128,128.07,127.3,127.5,2668
IXJ,20150818,152.14,152.9,152.14,152.76,7813
IXP,20150818,85.1,85.53,85.1,85.5,212
IXR,20150818,0.012,0.013,0.012,0.013,5704856
IZZ,20150818,54.41,54.88,53.79,53.9,4945
JBH,20150818,20.37,20.77,20.25,20.31,1551935
JCS,20150818,0.018,0.018,0.018,0.018,85000
JHC,20150818,2.7,2.73,2.69,2.7,855271
JHX,20150818,18.3,18.31,17.86,17.95,1452683
JIN,20150818,0.9,0.9,0.9,0.9,7560
JKA,20150818,0.005,0.005,0.005,0.005,304942
JKL,20150818,0.18,0.18,0.18,0.18,52000
JPR,20150818,0.25,0.25,0.25,0.25,66666
JRV,20150818,0.053,0.053,0.053,0.053,20000
KAM,20150818,0.8,0.8,0.76,0.78,254191
KAR,20150818,2.06,2.07,1.91,1.945,1569841
KAS,20150818,0.02,0.02,0.019,0.02,393310
KAT,20150818,0.835,0.85,0.835,0.85,30000
KBC,20150818,0.165,0.165,0.165,0.165,25143
KBL,20150818,0.03,0.03,0.03,0.03,80898
KCN,20150818,0.65,0.66,0.64,0.66,203539
KDL,20150818,0.09,0.09,0.09,0.09,12368
KDR,20150818,0.076,0.076,0.075,0.075,134426
KEY,20150818,0.005,0.005,0.005,0.005,80000
KGL,20150818,0.155,0.165,0.155,0.165,18260
KII,20150818,2.53,2.53,2.52,2.52,47000
KIK,20150818,0.004,0.004,0.004,0.004,6400
KIN,20150818,0.094,0.097,0.094,0.097,175866
KKT,20150818,0.2,0.2,0.2,0.2,17565
KMD,20150818,1.48,1.5,1.455,1.485,256020
KME,20150818,0.525,0.525,0.525,0.525,16000
KNL,20150818,0.175,0.175,0.165,0.165,116321
KNM,20150818,0.025,0.025,0.025,0.025,336667
KOV,20150818,3.66,3.73,3.65,3.73,6732
KPL,20150818,0.18,0.18,0.17,0.17,4300
KPT,20150818,8,8,8,8,1500
KRB,20150818,0.02,0.025,0.02,0.025,319286
KRL,20150818,0.006,0.009,0.006,0.009,1150639
KRM,20150818,0.215,0.225,0.215,0.215,117968
KSC,20150818,1.3,1.3,1.3,1.3,2000
KSL,20150818,1.24,1.24,1.2,1.22,337730
KSO,20150818,0.007,0.01,0.007,0.01,94845366
KTA,20150818,0.15,0.15,0.15,0.15,30000
LAA,20150818,0.375,0.39,0.37,0.375,493208
LAU,20150818,0.445,0.45,0.445,0.445,95000
LBT,20150818,0.07,0.07,0.07,0.07,1343
LCM,20150818,0.73,0.73,0.73,0.73,1742
LCT,20150818,0.041,0.041,0.04,0.04,951546
LCY,20150818,0.004,0.004,0.004,0.004,850000
LEG,20150818,0.011,0.011,0.011,0.011,71112
LEP,20150818,3.66,3.71,3.65,3.71,59571
LER,20150818,0.17,0.17,0.17,0.17,32500
LGD,20150818,0.275,0.275,0.27,0.27,28603
LGR,20150818,0.12,0.145,0.12,0.145,66711
LHB,20150818,0.15,0.155,0.15,0.155,7000
LHC,20150818,3.4,3.45,3.34,3.36,12855
LIC,20150818,2.55,2.58,2.55,2.58,4023
LIT,20150818,0.07,0.07,0.065,0.065,165158
LKO,20150818,0.002,0.002,0.002,0.002,1940000
LLC,20150818,14.77,14.96,14.67,14.67,1724124
LMB,20150818,0.063,0.063,0.059,0.059,343708
LMG,20150818,0.008,0.008,0.008,0.008,975000
LML,20150818,0.04,0.04,0.04,0.04,30000
LMW,20150818,0.5,0.5,0.5,0.5,1539
LNG,20150818,2.75,2.78,2.56,2.61,3171485
LNR,20150818,6.8,7,6.75,6.75,9227
LOM,20150818,0.185,0.185,0.175,0.18,1508001
LOV,20150818,3.35,3.49,3.33,3.35,237662
LRR,20150818,0.001,0.001,0.001,0.001,9800000
LRS,20150818,0.007,0.008,0.006,0.007,2656234
LSR,20150818,0.014,0.014,0.014,0.014,66132
LSX,20150818,0.215,0.215,0.215,0.215,7827
LTN,20150818,0.08,0.08,0.08,0.08,17000
LTR,20150818,0.004,0.004,0.004,0.004,692114
LTX,20150818,0.021,0.021,0.021,0.021,29700
LWP,20150818,0.009,0.009,0.008,0.008,2017894
LYC,20150818,0.04,0.04,0.039,0.04,10137681
LYL,20150818,1.35,1.35,1.35,1.35,2097
MAD,20150818,0.089,0.095,0.089,0.094,304023
MAH,20150818,0.071,0.071,0.07,0.071,411107
MAK,20150818,0.11,0.115,0.11,0.115,88000
MAQ,20150818,7.1,7.5,7.1,7.5,8851
MAR,20150818,0.005,0.005,0.005,0.005,126582
MAT,20150818,0.14,0.14,0.135,0.14,31502
MBC,20150818,0.1,0.1,0.1,0.1,30000
MBE,20150818,0.24,0.245,0.24,0.24,421002
MBK,20150818,0.02,0.02,0.02,0.02,140000
MBN,20150818,0.1,0.1,0.098,0.1,685399
MBT,20150818,0.041,0.041,0.041,0.041,30000
MCE,20150818,0.43,0.485,0.43,0.43,50114
MCP,20150818,0.56,0.565,0.54,0.565,34694
MCR,20150818,0.3,0.32,0.3,0.32,196633
MCS,20150818,0.079,0.079,0.07,0.07,480000
MDC,20150818,0.19,0.19,0.19,0.19,3160
MDL,20150818,0.665,0.675,0.655,0.655,200042
MEB,20150818,0.49,0.49,0.45,0.47,1038139
MEL,20150818,0.072,0.073,0.07,0.07,213230
MEO,20150818,0.016,0.016,0.016,0.016,109687
MEP,20150818,0.066,0.066,0.066,0.066,70000
MEU,20150818,0.01,0.011,0.01,0.01,2629000
MEZ,20150818,1.995,1.995,1.995,1.995,82
MFF,20150818,1.94,1.945,1.925,1.935,269407
MFG,20150818,19.85,20.365,19.74,19.79,481240
MGC,20150818,1.99,2.03,1.95,1.97,2363538
MGE,20150818,2.68,2.69,2.67,2.68,447439
MGL,20150818,0.014,0.014,0.014,0.014,83360
MGP,20150818,0.185,0.185,0.18,0.18,51728
MGR,20150818,1.85,1.87,1.82,1.82,9560823
MGV,20150818,0.026,0.026,0.026,0.026,520001
MGX,20150818,0.19,0.19,0.185,0.185,2966128
MHM,20150818,0.014,0.014,0.014,0.014,15000
MIG,20150818,1.265,1.275,1.25,1.275,23500
MIN,20150818,4.84,4.93,4.7,4.74,707911
MIR,20150818,2.57,2.62,2.57,2.62,48944
MJP,20150818,0.64,0.64,0.62,0.62,17399
MKB,20150818,0.115,0.115,0.11,0.115,241283
MLB,20150818,1.86,1.875,1.86,1.875,598
MLD,20150818,0.815,0.815,0.78,0.785,125011
MLT,20150818,4.44,4.48,4.4,4.45,238952
MLX,20150818,1.04,1.06,1.005,1.02,123029
MMI,20150818,0.062,0.062,0.06,0.06,730375
MMJ,20150818,0.355,0.355,0.34,0.34,742687
MML,20150818,0.545,0.545,0.53,0.54,219003
MMR,20150818,0.02,0.02,0.02,0.02,127868
MMS,20150818,13.89,14.27,13.89,14.16,350664
MNC,20150818,0.005,0.005,0.004,0.004,200000
MND,20150818,7.34,8.02,7.32,7.32,1454091
MNE,20150818,0.005,0.005,0.005,0.005,150000
MNF,20150818,3.4,3.48,3.35,3.4,23024
MNM,20150818,0.014,0.015,0.014,0.015,1039476
MNS,20150818,0.56,0.57,0.445,0.52,4676952
MNW,20150818,0.062,0.063,0.062,0.062,189021
MNY,20150818,1.02,1.045,1,1,124706
MOC,20150818,2.02,2.03,1.99,2,40220
MOD,20150818,0.004,0.004,0.004,0.004,10000
MOO,20150818,0.005,0.006,0.005,0.006,9073347
MOY,20150818,0.042,0.05,0.042,0.048,1068333
MOZ,20150818,0.017,0.02,0.017,0.017,18410231
MPL,20150818,2.02,2.03,1.99,1.99,13329258
MPO,20150818,0.15,0.15,0.145,0.15,44711
MPP,20150818,1.28,1.3,1.28,1.3,160000
MQA,20150818,3.33,3.42,3.33,3.33,1157309
MQG,20150818,78.94,79.92,78.42,78.85,1051756
MRC,20150818,0.125,0.125,0.125,0.125,100000
MRD,20150818,0.022,0.025,0.022,0.023,1054392
MRF,20150818,0.067,0.067,0.061,0.061,785180
MRM,20150818,0.57,0.575,0.52,0.525,2261827
MRN,20150818,1.08,1.08,1,1,55820
MRP,20150818,0.084,0.084,0.084,0.084,20000
MRQ,20150818,0.093,0.093,0.09,0.093,49500
MRR,20150818,0.13,0.13,0.13,0.13,3000
MRV,20150818,0.004,0.004,0.004,0.004,250000
MSB,20150818,3.55,3.61,3.46,3.59,646655
MSP,20150818,0.025,0.025,0.025,0.025,25000
MSR,20150818,0.008,0.008,0.007,0.007,92687
MTA,20150818,0.042,0.042,0.04,0.042,473282
MTB,20150818,0.003,0.003,0.002,0.002,499754
MTH,20150818,0.005,0.005,0.005,0.005,1487190
MTL,20150818,0.096,0.1,0.096,0.1,359430
MTN,20150818,0.185,0.185,0.18,0.18,99500
MTR,20150818,3.48,3.64,3.48,3.56,298883
MTS,20150818,1.075,1.09,1.032,1.07,8862062
MTU,20150818,10.5,10.7,10.45,10.5,713910
MUA,20150818,1,1,1,1,279087
MUE,20150818,0.053,0.053,0.053,0.053,11000
MUS,20150818,0.21,0.215,0.2,0.2,79809
MVA,20150818,18.59,18.59,18.39,18.39,565
MVB,20150818,26.81,26.81,26.25,26.31,103699
MVF,20150818,1.33,1.332,1.3,1.3,78445
MVP,20150818,2.5,2.5,2.48,2.48,1812
MVR,20150818,16.34,16.34,16.34,16.34,610
MVS,20150818,15.43,15.5,15.41,15.41,1291
MVW,20150818,21.54,21.61,21.4,21.4,4530
MWR,20150818,1.7,1.7,1.6,1.6,54918
MXI,20150818,0.49,0.5,0.49,0.495,59554
MYE,20150818,0.17,0.18,0.17,0.18,11504
MYO,20150818,3.37,3.37,3.27,3.3,643278
MYQ,20150818,0.14,0.145,0.14,0.145,598374
MYR,20150818,1.305,1.335,1.305,1.335,3017816
MYS,20150818,4.55,4.61,4.49,4.49,48582
MYX,20150818,1.16,1.195,1.15,1.16,1053883
MZI,20150818,0.41,0.41,0.39,0.39,17395
MZM,20150818,0.2,0.2,0.2,0.2,2900
MZN,20150818,0.013,0.013,0.011,0.011,1115542
NAB,20150818,32.24,32.51,31.76,31.76,6946261
NAM,20150818,0.255,0.255,0.25,0.25,27023
NAN,20150818,1.7,1.71,1.68,1.7,284705
NCC,20150818,1,1,1,1,20000
NCK,20150818,3.6,3.61,3.58,3.59,457561
NCL,20150818,0.197,0.2,0.197,0.2,105000
NCM,20150818,11.5,11.52,10.86,10.86,4255744
NDO,20150818,0.5,0.5,0.5,0.5,1200
NDQ,20150818,10.75,10.79,10.75,10.78,81693
NEA,20150818,0.495,0.5,0.465,0.475,927113
NEC,20150818,1.37,1.427,1.365,1.41,3557048
NEN,20150818,0.023,0.024,0.023,0.023,574258
NEU,20150818,0.095,0.096,0.092,0.092,955846
NGE,20150818,0.018,0.018,0.018,0.018,30000
NHC,20150818,1.79,1.83,1.79,1.8,580071
NHF,20150818,3.33,3.43,3.32,3.39,445301
NIU,20150818,0.003,0.005,0.003,0.004,10963000
NKP,20150818,0.073,0.073,0.073,0.073,18500
NME,20150818,0.004,0.004,0.004,0.004,113333
NML,20150818,0.027,0.027,0.027,0.027,12267
NMT,20150818,0.15,0.15,0.14,0.14,271858
NNW,20150818,0.21,0.21,0.205,0.205,31200
NOD,20150818,0.074,0.074,0.065,0.065,386771
NOR,20150818,0.027,0.028,0.024,0.025,8543236
NPX,20150818,3.72,3.83,3.72,3.74,1362
NRR,20150818,0.05,0.057,0.046,0.051,11242073
NRT,20150818,0.18,0.18,0.17,0.17,191651
NSE,20150818,0.011,0.011,0.011,0.011,60586
NSL,20150818,0.011,0.011,0.011,0.011,1184309
NSP,20150818,0.028,0.028,0.028,0.028,267603
NSR,20150818,1.66,1.66,1.62,1.625,536279
NST,20150818,2,2.02,1.96,1.965,2741159
NTC,20150818,0.905,0.91,0.88,0.91,231029
NTU,20150818,0.2,0.21,0.2,0.21,300847
NUF,20150818,6.99,7.22,6.99,7.16,795487
NVL,20150818,1.26,1.37,1.255,1.37,808902
NVT,20150818,4.07,4.12,4.06,4.08,1058657
NWF,20150818,0.845,0.845,0.83,0.835,32581
NWH,20150818,0.177,0.177,0.165,0.165,939218
NWS,20150818,20.38,20.56,20.37,20.56,288710
NWZ,20150818,0.06,0.061,0.057,0.059,3705530
NXM,20150818,0.057,0.057,0.056,0.056,42800
NXR,20150818,0.1,0.102,0.1,0.1,254047
NXT,20150818,2.67,2.68,2.58,2.61,444817
NZO,20150818,0.435,0.435,0.435,0.435,1000
OBJ,20150818,0.073,0.075,0.07,0.07,2674096
OBL,20150818,0.003,0.003,0.003,0.003,350000
OCC,20150818,0.81,0.815,0.775,0.795,154467
OCL,20150818,1.9,1.9,1.9,1.9,10039
ODY,20150818,0.05,0.05,0.05,0.05,70406
OEC,20150818,0.61,0.61,0.6,0.6,148549
OEL,20150818,0.037,0.037,0.035,0.035,5019515
OEX,20150818,0.04,0.042,0.039,0.04,1031734
OFX,20150818,2.62,2.64,2.55,2.58,1795419
OGC,20150818,2.52,2.55,2.46,2.47,487559
OGX,20150818,0.115,0.115,0.11,0.11,182787
OGY,20150818,0.011,0.011,0.011,0.011,186182
OKU,20150818,0.096,0.096,0.096,0.096,7500
OMH,20150818,0.25,0.25,0.25,0.25,25000
OML,20150818,2.55,2.6,2.5,2.53,26369
OMT,20150818,0.07,0.077,0.07,0.07,1704562
ONC,20150818,0.18,0.18,0.18,0.18,500000
ONT,20150818,6.86,7.09,6.86,7.09,189717
OOO,20150818,19.34,19.38,19.29,19.31,14579
OPG,20150818,0.42,0.42,0.42,0.42,40000
ORA,20150818,2.18,2.26,2.17,2.24,3820665
ORE,20150818,1.62,1.67,1.61,1.65,159963
ORG,20150818,9.57,9.66,9.39,9.39,3307479
ORI,20150818,15.5,15.82,15.44,15.7,1899829
ORL,20150818,2.48,2.51,2.47,2.5,35872
ORM,20150818,0.009,0.009,0.009,0.009,22000
ORS,20150818,0.012,0.012,0.012,0.012,330248
OSH,20150818,6.51,6.52,6.31,6.4,7569389
OSL,20150818,0.11,0.115,0.105,0.115,1315878
OSP,20150818,0.8,0.8,0.8,0.8,2200
OTC,20150818,0.12,0.12,0.12,0.12,32125
OTH,20150818,0.64,0.64,0.605,0.61,306726
OVH,20150818,0.4,0.4,0.4,0.4,22000
OVL,20150818,0.008,0.008,0.008,0.008,1649984
OVR,20150818,0.01,0.01,0.01,0.01,500000
OZB,20150818,0.008,0.008,0.008,0.008,78756
OZF,20150818,20.59,20.59,20.25,20.25,1919
OZG,20150818,0.15,0.15,0.15,0.15,120000
OZL,20150818,3.66,3.78,3.64,3.67,2401259
OZR,20150818,7.28,7.28,7.23,7.23,12778
PAA,20150818,0.007,0.007,0.007,0.007,846981
PAB,20150818,0.007,0.007,0.007,0.007,383333
PAF,20150818,0.975,0.975,0.97,0.97,5035
PAN,20150818,0.365,0.37,0.35,0.37,171417
PBG,20150818,0.415,0.425,0.415,0.42,1471216
PBT,20150818,0.15,0.15,0.15,0.15,20202
PCL,20150818,0.004,0.004,0.004,0.004,356500
PDM,20150818,0.001,0.001,0.001,0.001,375000
PDN,20150818,0.195,0.2,0.19,0.19,3629560
PEA,20150818,0.39,0.39,0.375,0.375,10000
PEH,20150818,0.135,0.15,0.135,0.145,393597
PEK,20150818,0.067,0.067,0.067,0.067,30000
PEN,20150818,0.026,0.026,0.025,0.026,1478396
PEP,20150818,3.12,3.12,3.1,3.11,42031
PEX,20150818,0.17,0.195,0.17,0.195,109786
PEZ,20150818,0.063,0.063,0.063,0.063,30000
PFG,20150818,0.095,0.095,0.095,0.095,2000
PGC,20150818,0.71,0.78,0.69,0.76,917175
PGF,20150818,1.075,1.08,1.065,1.07,468869
PGH,20150818,4.32,4.38,4.315,4.35,646088
PGI,20150818,0.105,0.105,0.1,0.105,117093
PGM,20150818,0.06,0.06,0.06,0.06,49949
PGO,20150818,0.016,0.016,0.016,0.016,2132
PGR,20150818,0.5,0.5,0.49,0.49,25000
PGS,20150818,0.004,0.004,0.003,0.004,1487500
PHG,20150818,0.51,0.52,0.51,0.52,54538
PHK,20150818,0.027,0.027,0.026,0.027,350000
PIC,20150818,0.97,0.97,0.965,0.965,130000
PIO,20150818,0.015,0.015,0.015,0.015,102567
PIQ,20150818,0.36,0.36,0.36,0.36,68613
PLS,20150818,0.12,0.12,0.115,0.115,360997
PMC,20150818,1.95,1.97,1.88,1.92,367802
PME,20150818,2.12,2.13,2.1,2.13,9350
PML,20150818,0.032,0.032,0.032,0.032,155000
PMP,20150818,0.535,0.535,0.535,0.535,50000
PMV,20150818,12.77,12.93,12.61,12.74,267270
PMY,20150818,0.014,0.015,0.014,0.015,168704
PNC,20150818,1.72,1.72,1.71,1.71,2000
PNL,20150818,0.34,0.34,0.325,0.325,30899
PNR,20150818,0.053,0.055,0.052,0.053,1116832
PNV,20150818,0.1,0.115,0.1,0.11,363917
PNX,20150818,0.015,0.015,0.014,0.014,500000
POH,20150818,0.019,0.021,0.019,0.02,1635897
POK,20150818,0.17,0.175,0.16,0.175,4086918
POS,20150818,0.078,0.078,0.073,0.073,313440
POU,20150818,21,21.04,20.97,21.04,2488
PPC,20150818,1.13,1.135,1.105,1.125,391039
PPG,20150818,0.415,0.415,0.415,0.415,13303
PPK,20150818,0.3,0.3,0.3,0.3,21804
PPL,20150818,0.44,0.44,0.43,0.44,36000
PPP,20150818,0.032,0.032,0.032,0.032,10200
PPS,20150818,0.31,0.315,0.3,0.315,131277
PPT,20150818,42.91,44.02,42.75,42.75,215428
PPX,20150818,0.025,0.025,0.025,0.025,7755
PRA,20150818,0.011,0.011,0.01,0.01,2769181
PRG,20150818,2.59,2.6,2.55,2.55,161550
PRL,20150818,0.045,0.045,0.045,0.045,40000
PRO,20150818,1.95,1.95,1.85,1.92,94249
PRR,20150818,0.056,0.056,0.054,0.055,8051015
PRT,20150818,0.6,0.62,0.6,0.62,21604
PRU,20150818,0.33,0.337,0.325,0.325,3362879
PRY,20150818,4.35,4.37,4.16,4.24,4442262
PSA,20150818,0.11,0.11,0.105,0.105,25550
PSQ,20150818,2.35,2.4,2.35,2.4,61738
PSY,20150818,0.13,0.13,0.12,0.125,360304
PSZ,20150818,0.745,0.75,0.73,0.73,146000
PTB,20150818,0.27,0.27,0.27,0.27,27019
PTL,20150818,0.505,0.505,0.5,0.5,68013
PTM,20150818,6.99,7.13,6.99,7,791611
PTX,20150818,0.072,0.072,0.071,0.072,180725
PVD,20150818,0.055,0.055,0.052,0.052,1828561
PVE,20150818,0.069,0.069,0.069,0.069,30000
PWN,20150818,0.036,0.036,0.031,0.032,426401
PXG,20150818,0.105,0.105,0.105,0.105,454443
PXS,20150818,0.205,0.21,0.19,0.205,483881
PYC,20150818,0.012,0.013,0.012,0.013,3720072
PYM,20150818,0.005,0.005,0.005,0.005,100000
QAN,20150818,3.8,3.865,3.76,3.79,11608494
QAU,20150818,11.73,11.77,11.73,11.77,1964
QBE,20150818,14.27,14.48,14,14.02,7233553
QBL,20150818,0.015,0.015,0.013,0.013,1031250
QCB,20150818,10.29,10.29,10.29,10.29,149
QFN,20150818,11.4,11.4,11.4,11.4,877
QHL,20150818,0.19,0.19,0.185,0.19,123359
QMS,20150818,0.885,0.885,0.84,0.855,201337
QOZ,20150818,11.68,11.77,11.62,11.62,7305
QTG,20150818,0.004,0.004,0.004,0.004,400000
QTM,20150818,0.013,0.013,0.013,0.013,50000
QUB,20150818,2.34,2.345,2.26,2.28,1818315
QUR,20150818,0.002,0.002,0.002,0.002,900000
QVE,20150818,1.05,1.055,1.05,1.055,89952
RAP,20150818,0.02,0.021,0.02,0.021,335000
RAW,20150818,0.02,0.02,0.02,0.02,400000
RCB,20150818,20.35,20.42,20.34,20.42,10766
RCG,20150818,1.24,1.25,1.205,1.25,275483
RCO,20150818,0.22,0.22,0.21,0.21,50000
RCR,20150818,1.7,1.715,1.685,1.7,45870
RCT,20150818,3.53,3.53,3.53,3.53,1500
RCU,20150818,0.125,0.125,0.125,0.125,889
RDF,20150818,0.33,0.335,0.3,0.3,94042
RDH,20150818,1.495,1.495,1.42,1.42,44637
RDM,20150818,0.036,0.036,0.036,0.036,3521
RDS,20150818,0.024,0.024,0.024,0.024,5502
RDV,20150818,29.3,29.62,29.18,29.2,9730
REA,20150818,44.7,44.76,43.71,43.89,388204
REC,20150818,6.96,7.07,6.95,6.95,706883
RED,20150818,0.051,0.052,0.05,0.052,267034
REF,20150818,0.135,0.135,0.135,0.135,11670
REG,20150818,5.82,5.97,5.8,5.89,533001
REH,20150818,33.4,33.4,33,33,6449
RER,20150818,0.034,0.034,0.034,0.034,231000
RES,20150818,0.051,0.051,0.05,0.05,250000
REX,20150818,0.95,0.95,0.95,0.95,52000
RFF,20150818,1.105,1.12,1.105,1.105,150500
RFG,20150818,4.82,4.95,4.805,4.95,816545
RFL,20150818,0.15,0.15,0.145,0.145,220131
RFN,20150818,0.67,0.7,0.625,0.65,3277401
RFX,20150818,0.23,0.23,0.215,0.215,84665
RGB,20150818,21.28,21.28,21.28,21.28,201
RGP,20150818,0.06,0.06,0.06,0.06,34982
RGS,20150818,0.135,0.135,0.135,0.135,162759
RHC,20150818,62.11,63.01,62.11,62.16,313344
RHL,20150818,3.62,3.65,3.53,3.53,34826
RHP,20150818,1.66,1.68,1.65,1.675,120411
RHT,20150818,0.035,0.036,0.034,0.036,128815
RIC,20150818,1.285,1.285,1.245,1.245,111149
RIE,20150818,0.006,0.006,0.006,0.006,10000
RIM,20150818,0.019,0.019,0.019,0.019,442500
RIO,20150818,51.04,51.33,50.53,50.59,1196054
RKN,20150818,2.08,2.08,2.02,2.05,74884
RLE,20150818,0.11,0.11,0.11,0.11,2785
RMD,20150818,7.42,7.5,7.42,7.47,2085798
RMI,20150818,0.001,0.001,0.001,0.001,250000
RMP,20150818,0.025,0.025,0.023,0.023,375000
RMR,20150818,0.003,0.003,0.003,0.003,3405025
RMS,20150818,0.12,0.12,0.117,0.117,225451
RMX,20150818,0.003,0.003,0.002,0.003,3528349
RNI,20150818,0.017,0.017,0.017,0.017,568081
RNO,20150818,0.042,0.045,0.041,0.043,2701110
RNS,20150818,0.035,0.036,0.035,0.036,185870
RNT,20150818,0.15,0.15,0.15,0.15,37923
RNY,20150818,0.29,0.29,0.29,0.29,216300
ROG,20150818,0.001,0.001,0.001,0.001,5485050
RRL,20150818,1.405,1.405,1.335,1.35,1844131
RRP,20150818,0.001,0.001,0.001,0.001,125000
RRS,20150818,0.012,0.013,0.012,0.013,1349387
RSG,20150818,0.26,0.265,0.247,0.25,740155
RSL,20150818,0.009,0.01,0.009,0.01,3410000
RSM,20150818,20.74,20.74,20.74,20.74,205
RTG,20150818,0.55,0.58,0.55,0.58,27169
RTR,20150818,0.023,0.023,0.023,0.023,510317
RUL,20150818,0.55,0.55,0.55,0.55,12000
RUM,20150818,0.049,0.052,0.049,0.052,113918
RVL,20150818,28.98,28.98,28.89,28.94,2464
RVR,20150818,0.15,0.15,0.15,0.15,20000
RWH,20150818,2.42,2.42,2.32,2.32,13862
RXH,20150818,0.28,0.28,0.27,0.27,18000
RXL,20150818,0.02,0.02,0.019,0.019,180392
RXM,20150818,0.09,0.09,0.09,0.09,40000
RXP,20150818,0.59,0.59,0.55,0.555,564595
S32,20150818,1.6,1.6,1.56,1.585,12286351
SAI,20150818,4.48,4.58,4.39,4.41,475299
SAR,20150818,0.415,0.42,0.41,0.415,701982
SAU,20150818,0.014,0.016,0.014,0.015,987578
SBB,20150818,0.055,0.055,0.054,0.054,52840
SBM,20150818,0.505,0.505,0.495,0.505,336857
SBU,20150818,0.054,0.058,0.054,0.057,868390
SCD,20150818,0.505,0.505,0.505,0.505,19691
SCG,20150818,3.87,3.88,3.77,3.8,11446704
SCP,20150818,2.05,2.06,1.972,2,4654028
SDA,20150818,3.44,3.48,3.35,3.39,20988
SDF,20150818,1.515,1.555,1.515,1.54,1906122
SDG,20150818,1.635,1.65,1.635,1.65,137980
SDI,20150818,0.56,0.56,0.545,0.545,35000
SDL,20150818,0.019,0.019,0.018,0.018,1100629
SDM,20150818,0.735,0.74,0.735,0.735,28001
SEA,20150818,0.41,0.415,0.387,0.39,1377926
SEG,20150818,0.004,0.004,0.004,0.004,745000
SEH,20150818,0.08,0.081,0.074,0.074,5138485
SEK,20150818,14.01,14.09,13.72,13.78,1165133
SEN,20150818,0.205,0.205,0.197,0.2,1026780
SES,20150818,0.145,0.145,0.145,0.145,24532
SFC,20150818,4.8,4.8,4.8,4.8,40000
SFG,20150818,0.065,0.065,0.064,0.065,652026
SFI,20150818,0.063,0.065,0.062,0.062,892049
SFN,20150818,0.23,0.23,0.23,0.23,10000
SFR,20150818,5.58,5.59,5.44,5.5,1084404
SFX,20150818,0.48,0.48,0.48,0.48,5500
SFY,20150818,52.3,52.65,51.94,51.98,19228
SGF,20150818,2.64,2.79,2.64,2.72,513229
SGH,20150818,3.15,3.21,3.13,3.16,2189375
SGM,20150818,9.48,9.51,9.22,9.26,1045327
SGN,20150818,0.605,0.635,0.6,0.635,494429
SGP,20150818,4.2,4.2,4.11,4.16,6792978
SGQ,20150818,0.08,0.08,0.075,0.077,74811
SHE,20150818,0.042,0.044,0.041,0.041,764961
SHJ,20150818,2.39,2.49,2.35,2.35,283931
SHL,20150818,20,20.29,19.75,19.79,1762561
SHM,20150818,1.05,1.06,1.05,1.05,112000
SHP,20150818,0.013,0.014,0.013,0.014,310699
SHV,20150818,11.61,11.87,11.47,11.79,256713
SIO,20150818,1.395,1.395,1.395,1.395,545
SIP,20150818,0.82,0.845,0.817,0.84,1289871
SIQ,20150818,2.54,2.57,2.53,2.54,155572
SIR,20150818,2.68,2.71,2.55,2.57,2204771
SIV,20150818,8.4,8.4,8.3,8.4,5314
SKB,20150818,0.31,0.31,0.3,0.3,60000
SKC,20150818,3.66,3.72,3.66,3.67,1081340
SKE,20150818,1.65,1.65,1.635,1.645,1101830
SKF,20150818,0.185,0.19,0.185,0.19,33651
SKI,20150818,1.895,1.93,1.895,1.9,4374547
SKT,20150818,4.96,4.99,4.9,4.91,740512
SLC,20150818,2.4,2.4,2.25,2.3,126929
SLF,20150818,11.85,11.93,11.59,11.65,62605
SLM,20150818,0.75,0.75,0.74,0.74,14000
SLR,20150818,0.145,0.145,0.14,0.14,667180
SLX,20150818,0.435,0.445,0.43,0.435,96884
SMA,20150818,0.03,0.031,0.03,0.03,1302200
SMI,20150818,0.014,0.014,0.014,0.014,19743
SMM,20150818,0.17,0.17,0.17,0.17,2000
SMN,20150818,0.54,0.57,0.54,0.55,253425
SMP,20150818,0.155,0.155,0.155,0.155,50000
SMR,20150818,0.13,0.13,0.115,0.115,38316
SMX,20150818,3.65,3.67,3.53,3.65,88763
SNC,20150818,0.87,0.87,0.865,0.865,41854
SND,20150818,0.57,0.57,0.555,0.555,33000
SOC,20150818,0.002,0.003,0.002,0.003,1362334
SOL,20150818,14.01,14.03,13.95,13.97,73752
SOM,20150818,2.8,2.8,2.75,2.75,2735
SOO,20150818,0.029,0.029,0.027,0.027,480000
SOR,20150818,0.215,0.265,0.21,0.25,5966534
SPB,20150818,0.048,0.048,0.048,0.048,283470
SPI,20150818,0.011,0.011,0.011,0.011,70000
SPK,20150818,2.48,2.49,2.41,2.41,1093482
SPL,20150818,0.71,0.715,0.69,0.7,138109
SPO,20150818,1.8,1.84,1.785,1.8,1822136
SPQ,20150818,0.007,0.007,0.007,0.007,97228
SPZ,20150818,0.12,0.135,0.12,0.135,37750
SRF,20150818,1.85,1.85,1.66,1.755,176556
SRI,20150818,0.061,0.062,0.059,0.059,1599911
SRK,20150818,0.053,0.053,0.052,0.052,106055
SRR,20150818,0.016,0.016,0.016,0.016,216900
SRV,20150818,6.15,6.18,6.14,6.18,25486
SRX,20150818,34.21,36.16,34.21,35.63,774374
SSM,20150818,0.365,0.365,0.36,0.36,168211
SSN,20150818,0.005,0.006,0.004,0.006,2802465
SSO,20150818,10.71,10.71,10.71,10.71,2
SST,20150818,18.9,18.9,18.9,18.9,30
STL,20150818,0.038,0.04,0.035,0.035,1847000
STO,20150818,6,6.01,5.82,5.84,7901305
STW,20150818,50.27,50.53,49.72,49.72,91195
STX,20150818,0.13,0.13,0.125,0.125,161800
SUD,20150818,0.041,0.042,0.04,0.042,1765581
SUH,20150818,0.006,0.006,0.006,0.006,650000
SUL,20150818,9.59,9.65,9.41,9.51,671240
SUM,20150818,0.049,0.049,0.049,0.049,25000
SUN,20150818,13.37,13.5,13.25,13.27,3717169
SUR,20150818,0.001,0.001,0.001,0.001,1989079
SVA,20150818,0.53,0.53,0.53,0.53,872
SVW,20150818,5,5.08,4.94,5,579268
SWJ,20150818,0.008,0.008,0.008,0.008,65000
SWK,20150818,0.135,0.14,0.135,0.14,23000
SWL,20150818,1.105,1.135,1.1,1.1,20807
SWM,20150818,0.82,0.845,0.812,0.815,4493035
SXA,20150818,0.07,0.07,0.07,0.07,81918
SXE,20150818,0.355,0.36,0.355,0.36,7000
SXL,20150818,0.91,0.925,0.875,0.9,602699
SXT,20150818,0.025,0.028,0.024,0.026,14291699
SXX,20150818,0.003,0.003,0.003,0.003,1180173
SXY,20150818,0.19,0.195,0.17,0.17,8487320
SYA,20150818,0.031,0.033,0.027,0.028,6277947
SYD,20150818,5.76,5.78,5.62,5.63,5039445
SYI,20150818,28.44,28.5,28.14,28.14,21440
SYP,20150818,0.007,0.007,0.007,0.007,300000
SYR,20150818,3.15,3.18,3.05,3.16,1918505
TAH,20150818,5.06,5.06,4.9,4.94,5739874
TAM,20150818,0.033,0.034,0.033,0.034,221177
TAP,20150818,0.295,0.3,0.295,0.295,294013
TAR,20150818,0.105,0.105,0.105,0.105,1370
TAS,20150818,0.068,0.069,0.064,0.065,996726
TAU,20150818,0.135,0.135,0.135,0.135,25000
TAW,20150818,0.005,0.005,0.005,0.005,460000
TCH,20150818,1.76,1.8,1.76,1.76,2625
TCL,20150818,9.9,9.9,9.71,9.71,4564411
TCN,20150818,0.085,0.085,0.082,0.082,107500
TDO,20150818,0.059,0.059,0.059,0.059,107650
TEG,20150818,0.001,0.001,0.001,0.001,2477832
TEN,20150818,0.21,0.212,0.205,0.21,2025787
TFC,20150818,1.6,1.615,1.55,1.61,273144
TGA,20150818,2.55,2.57,2.5,2.5,232968
TGG,20150818,1.38,1.39,1.375,1.375,175342
TGP,20150818,1.01,1.015,0.97,1.015,63799
TGR,20150818,3.72,3.74,3.67,3.68,334097
TGS,20150818,0.068,0.068,0.062,0.064,4638527
TGZ,20150818,0.615,0.615,0.605,0.615,179220
THX,20150818,0.09,0.09,0.082,0.083,584111
TIS,20150818,0.06,0.06,0.06,0.06,80000
TIX,20150818,2.51,2.53,2.51,2.52,132733
TLG,20150818,0.31,0.325,0.3,0.3,281545
TLM,20150818,0.52,0.52,0.46,0.5,292379
TLS,20150818,6.13,6.18,6.12,6.12,40041720
TME,20150818,2.69,2.74,2.69,2.73,1291970
TMK,20150818,0.004,0.004,0.004,0.004,1943924
TMP,20150818,0.525,0.53,0.51,0.525,96648
TNE,20150818,3.82,3.895,3.82,3.84,308789
TNG,20150818,0.2,0.205,0.2,0.2,525997
TOE,20150818,0.063,0.064,0.062,0.062,316242
TOF,20150818,2.07,2.08,2.05,2.05,255221
TOM,20150818,0.14,0.14,0.14,0.14,115000
TON,20150818,0.265,0.27,0.255,0.26,2363209
TOP,20150818,0.47,0.47,0.47,0.47,75000
TOT,20150818,1.11,1.11,1.11,1.11,31995
TOU,20150818,0.12,0.12,0.12,0.12,11833
TOX,20150818,2.77,2.82,2.73,2.82,73723
TPE,20150818,3.74,3.82,3.6,3.6,183726
TPI,20150818,0.66,0.665,0.625,0.635,5980060
TPM,20150818,9.2,9.36,9.17,9.17,1174880
TPP,20150818,0.083,0.083,0.08,0.083,589444
TRG,20150818,7.33,7.7,7.31,7.6,98182
TRS,20150818,6.25,6.46,6.22,6.36,65252
TRY,20150818,0.305,0.305,0.295,0.295,244951
TSE,20150818,1.2,1.215,1.14,1.15,2328368
TSM,20150818,0.345,0.345,0.345,0.345,19876
TSN,20150818,0.003,0.003,0.003,0.003,575000
TSV,20150818,0.037,0.038,0.035,0.038,4340349
TTE,20150818,0.03,0.03,0.03,0.03,615530
TTI,20150818,0.045,0.048,0.044,0.048,103700
TTN,20150818,0.063,0.063,0.063,0.063,7850
TTS,20150818,4,4.06,3.97,4.01,5197016
TUP,20150818,0.2,0.2,0.2,0.2,5900
TWD,20150818,3.33,3.4,3.32,3.37,14758
TWE,20150818,5.49,5.595,5.45,5.51,2792234
TWR,20150818,1.865,1.92,1.865,1.865,502977
TYK,20150818,0.001,0.001,0.001,0.001,4069999
TYX,20150818,0.019,0.019,0.019,0.019,121000
TZL,20150818,0.095,0.096,0.095,0.096,350010
TZN,20150818,0.21,0.22,0.21,0.22,315540
UBA,20150818,18.25,18.25,18.25,18.25,270
UBE,20150818,21.08,21.09,21.08,21.09,3149
UBI,20150818,0.39,0.39,0.38,0.38,288729
UBJ,20150818,21.19,21.19,21.19,21.19,1730
UBN,20150818,1.4,1.415,1.35,1.415,64291
UBP,20150818,17.99,17.99,17.99,17.99,70
UBU,20150818,21.29,21.29,21.29,21.29,235
UBW,20150818,21.34,21.34,21.34,21.34,235
UCM,20150818,0.15,0.15,0.15,0.15,20000
UCW,20150818,0.013,0.013,0.013,0.013,400000
UEQ,20150818,0.009,0.009,0.009,0.009,75000
UGL,20150818,1.675,1.71,1.66,1.7,1265592
UML,20150818,0.024,0.024,0.023,0.024,91090
UNS,20150818,0.32,0.335,0.32,0.335,761960
UNV,20150818,0.115,0.12,0.115,0.12,43500
UPG,20150818,0.835,0.84,0.82,0.82,19488
URF,20150818,2.03,2.03,2.03,2.03,500
USD,20150818,13.3,13.32,13.27,13.3,96016
UXC,20150818,1.04,1.045,1.025,1.045,2520633
VAF,20150818,49.79,50.03,49.79,50.03,16046
VAH,20150818,0.445,0.45,0.44,0.45,588885
VAP,20150818,74.6,74.6,73.07,73.13,11151
VAS,20150818,68.79,68.79,67.6,67.7,61596
VEC,20150818,0.016,0.017,0.016,0.017,330000
VED,20150818,2.28,2.32,2.27,2.28,3562384
VEI,20150818,1.08,1.08,1.075,1.075,3929969
VET,20150818,0.093,0.096,0.092,0.093,322292
VEU,20150818,66,66,64.09,64.34,23707
VGB,20150818,49.01,49.04,48.98,49.03,3865
VGE,20150818,55.55,55.71,55,55,4020
VGS,20150818,59.87,60.2,59.73,60.03,4541
VHY,20150818,61.33,61.35,60.4,60.4,33365
VLA,20150818,0.685,0.685,0.66,0.66,75669
VLC,20150818,59.59,59.59,59.3,59.3,833
VLW,20150818,2.19,2.25,2.19,2.23,150063
VMC,20150818,0.21,0.23,0.21,0.23,57070
VMG,20150818,0.006,0.009,0.006,0.008,25160293
VMS,20150818,0.02,0.02,0.019,0.019,84411
VMT,20150818,0.395,0.405,0.385,0.39,609521
VOC,20150818,5.92,5.95,5.825,5.84,996242
VRL,20150818,6.11,6.19,6,6.02,128445
VRT,20150818,5,5.055,4.83,4.85,374353
VRX,20150818,0.043,0.043,0.033,0.033,704572
VSC,20150818,0.81,0.81,0.8,0.81,144596
VSO,20150818,42.13,42.13,42.04,42.04,1737
VTG,20150818,1.945,2,1.92,1.945,229140
VTS,20150818,148,148.2,147.65,147.96,25078
VTX,20150818,0.051,0.054,0.051,0.052,6123791
VXL,20150818,0.25,0.25,0.235,0.235,222516
VXR,20150818,0.003,0.004,0.003,0.003,7306098
WAA,20150818,0.975,0.975,0.97,0.97,20943
WAC,20150818,0.02,0.02,0.02,0.02,1
WAL,20150818,0.007,0.007,0.007,0.007,20000
WAM,20150818,2.01,2.04,2,2.03,647488
WAX,20150818,1.23,1.23,1.23,1.23,15176
WBA,20150818,1.46,1.465,1.36,1.36,287983
WBC,20150818,32.2,32.455,31.65,31.66,9072184
WCN,20150818,0.007,0.007,0.007,0.007,605759
WDE,20150818,0.955,0.955,0.95,0.95,52116
WDS,20150818,0.115,0.115,0.105,0.105,153399
WEB,20150818,4.08,4.1,4.03,4.06,88298
WEC,20150818,0.255,0.26,0.255,0.26,15929
WEL,20150818,0.05,0.05,0.05,0.05,11550
WES,20150818,39.99,40.27,39.51,39.66,2105328
WFD,20150818,9.85,9.85,9.64,9.69,4187776
WHC,20150818,1.06,1.125,1.055,1.105,4075924
WHE,20150818,0.145,0.15,0.145,0.15,23831
WHF,20150818,4.44,4.45,4.4,4.43,57402
WHN,20150818,0.001,0.001,0.001,0.001,10511000
WIC,20150818,0.87,0.87,0.87,0.87,158850
WIG,20150818,1.05,1.09,1.05,1.09,22944
WIN,20150818,0.075,0.075,0.075,0.075,1258
WKT,20150818,0.004,0.004,0.004,0.004,1875000
WLF,20150818,0.315,0.315,0.305,0.305,109300
WLL,20150818,4.1,4.2,4,4,59174
WMK,20150818,0.9,0.915,0.9,0.915,79000
WMN,20150818,0.34,0.34,0.335,0.335,718500
WOF,20150818,0.01,0.01,0.01,0.01,195000
WOR,20150818,7.9,8.07,7.84,7.86,1503004
WOW,20150818,26.98,27.08,26.64,26.76,2773347
WPI,20150818,0.025,0.025,0.024,0.024,920890
WPL,20150818,32.4,32.51,31.91,32.05,2832518
WRR,20150818,0.44,0.44,0.4,0.4,165484
WSA,20150818,2.79,2.81,2.63,2.66,2642055
WTP,20150818,0.905,0.91,0.9,0.91,51208
WWI,20150818,0.013,0.013,0.013,0.013,158091
XAM,20150818,0.084,0.087,0.084,0.087,20152
XPD,20150818,0.165,0.185,0.165,0.185,99500
XRF,20150818,0.22,0.22,0.22,0.22,20273
XRO,20150818,14.25,14.25,14.05,14.18,35972
XTD,20150818,0.14,0.14,0.13,0.13,56000
XTE,20150818,0.46,0.475,0.46,0.46,169587
XTV,20150818,0.019,0.019,0.018,0.019,2125034
YAL,20150818,0.115,0.115,0.115,0.115,100000
YBR,20150818,0.49,0.49,0.465,0.465,182977
YOW,20150818,1.28,1.33,1.27,1.315,953130
YRR,20150818,0.011,0.011,0.011,0.011,729120
ZGL,20150818,0.18,0.18,0.18,0.18,183673
ZIM,20150818,6.4,6.4,6.4,6.4,200
ZIP,20150818,1.09,1.13,1.065,1.08,192010
ZNZ,20150818,5.05,5.17,5.05,5.17,440409
ZRL,20150818,0.026,0.026,0.025,0.025,280000
XAF,20150818,5432,5451.4,5360.4,5360.4,0
XAO,20150818,5368.6,5388.9,5309.4,5309.4,0
XAT,20150818,5317.3,5337.4,5253.3,5253.3,0
XDJ,20150818,1880.2,1882.9,1852.4,1860.7,0
XEC,20150818,1005.2,1009.9,999.1,1000.5,0
XEJ,20150818,9679.6,9693.8,9477.3,9509,0
XFJ,20150818,6245,6251.9,6122.9,6122.9,0
XFL,20150818,5492.4,5511.5,5419.5,5419.5,0
XGD,20150818,2211.4,2232.4,2140.1,2140.1,0
XHJ,20150818,18711.4,18847,18616,18636.4,0
XIJ,20150818,691.1,711.2,691.1,707,0
XJO,20150818,5367.7,5387.8,5303.1,5303.1,0
XJR,20150818,2976.4,2985.7,2940.2,2940.2,0
XKO,20150818,5308.9,5328.9,5246.3,5246.3,0
XMD,20150818,4928.6,4965.8,4904.7,4913.9,0
XMJ,20150818,8173.1,8235.2,8117,8118.8,0
XMM,20150818,2376.6,2393.1,2354,2354,0
XNJ,20150818,4663.5,4728.2,4654.9,4662.7,0
XPJ,20150818,1267.6,1278.6,1253,1257.9,0
XSJ,20150818,8493.1,8537.7,8408.8,8440.1,0
XSO,20150818,2017.8,2022.2,1998.2,2001.4,0
XTJ,20150818,2160,2186.8,2160,2167.8,0
XTL,20150818,3300.9,3310.6,3251.4,3251.4,0
XTO,20150818,4481.1,4498.7,4426.9,4426.9,0
XUJ,20150818,6725,6782,6666.6,6669.7,0
XXJ,20150818,7182.4,7185.6,7026.3,7026.3,0
