1PG,20150611,1.555,1.595,1.52,1.545,554901
1ST,20150611,0.16,0.17,0.16,0.16,1880879
3DM,20150611,0.1,0.1,0.099,0.1,456548
3PL,20150611,2.4,2.4,2.34,2.36,88284
88E,20150611,0.016,0.018,0.016,0.018,23052179
8IH,20150611,0.765,0.82,0.75,0.82,63497
A2M,20150611,0.535,0.535,0.525,0.53,799466
AAA,20150611,50.12,50.14,50.12,50.14,95015
AAC,20150611,1.315,1.345,1.305,1.345,1418958
AAD,20150611,2.13,2.15,2.1,2.14,1191323
AAP,20150611,0.011,0.011,0.011,0.011,1000000
AAR,20150611,0.008,0.008,0.008,0.008,9900
AAX,20150611,0.225,0.24,0.225,0.235,530395
AB1,20150611,0.19,0.2,0.19,0.2,21000
ABA,20150611,5.1,5.1,5.05,5.05,5525
ABC,20150611,4.54,4.59,4.515,4.58,614802
ABP,20150611,2.87,2.88,2.85,2.86,645420
ABU,20150611,0.27,0.27,0.26,0.26,473383
ABX,20150611,0.3,0.3,0.295,0.3,42649
ABY,20150611,0.225,0.225,0.22,0.225,100712
ACB,20150611,0.034,0.034,0.033,0.033,129950
ACG,20150611,0.2,0.21,0.2,0.21,80871
ACK,20150611,0.44,0.44,0.44,0.44,325000
ACL,20150611,0.036,0.037,0.036,0.036,2133237
ACO,20150611,1.81,1.88,1.81,1.82,92129
ACQ,20150611,0.75,0.75,0.75,0.75,24284
ACR,20150611,0.865,0.865,0.845,0.86,118940
ACU,20150611,0.185,0.185,0.17,0.175,1312802
ACW,20150611,0.079,0.085,0.078,0.079,3300165
ACX,20150611,2.75,2.86,2.75,2.86,23770
ADA,20150611,0.575,0.575,0.575,0.575,21554
ADJ,20150611,0.1,0.102,0.095,0.095,3005473
ADN,20150611,0.026,0.026,0.026,0.026,22500
ADO,20150611,0.079,0.08,0.077,0.08,1274934
ADV,20150611,0.006,0.007,0.006,0.007,6697174
ADY,20150611,0.021,0.022,0.021,0.022,57000
AEE,20150611,0.021,0.021,0.021,0.021,713000
AEF,20150611,56,56,56,56,180
AEI,20150611,0.51,0.51,0.5,0.5,53718
AEK,20150611,0.084,0.088,0.083,0.088,904700
AFA,20150611,0.34,0.345,0.34,0.345,167293
AFG,20150611,1.1,1.11,1.06,1.08,322255
AFI,20150611,6.24,6.25,6.2,6.25,429079
AFJ,20150611,0.95,0.97,0.93,0.95,429496
AFR,20150611,0.07,0.07,0.07,0.07,24000
AGF,20150611,1.775,1.775,1.745,1.745,607075
AGG,20150611,2.4,2.4,2.39,2.4,3573
AGI,20150611,2.85,2.88,2.8,2.8,655455
AGL,20150611,15.62,15.8,15.46,15.74,1574931
AGR,20150611,0.072,0.073,0.072,0.072,42000
AGS,20150611,0.081,0.081,0.08,0.08,376345
AHD,20150611,13.04,13.04,12.68,12.78,33125
AHF,20150611,0.21,0.22,0.21,0.21,343192
AHG,20150611,4.33,4.365,4.3,4.32,602520
AHN,20150611,0.012,0.012,0.01,0.01,73000
AHY,20150611,1.87,1.9,1.87,1.895,959487
AHZ,20150611,0.06,0.068,0.06,0.065,10869593
AIA,20150611,4.6,4.63,4.55,4.55,39449
AIK,20150611,0.102,0.102,0.102,0.102,500000
AIO,20150611,6.58,6.655,6.55,6.64,2443930
AIR,20150611,0.105,0.105,0.105,0.105,5000
AIZ,20150611,2.45,2.45,2.33,2.35,129855
AJA,20150611,5.04,5.15,5.04,5.07,40260
AJC,20150611,0.002,0.002,0.002,0.002,393400
AJD,20150611,1.26,1.3,1.26,1.3,131112
AJL,20150611,0.415,0.43,0.415,0.43,19870
AJM,20150611,0.02,0.028,0.018,0.022,39572189
AJX,20150611,0.565,0.58,0.54,0.55,621159
AKF,20150611,0.07,0.07,0.07,0.07,49373
AKG,20150611,0.795,0.8,0.795,0.8,14230
AKK,20150611,0.024,0.024,0.023,0.023,270000
AKM,20150611,0.019,0.019,0.018,0.018,129129
AKP,20150611,8.65,9,8.5,9,15282
ALA,20150611,0.099,0.099,0.095,0.096,185000
ALF,20150611,1.16,1.16,1.075,1.11,1166841
ALK,20150611,0.31,0.31,0.295,0.295,347382
ALL,20150611,7.8,7.91,7.68,7.85,2189547
ALQ,20150611,5.99,6.18,5.95,6.17,1933555
ALR,20150611,1.16,1.16,1.16,1.16,27650
ALT,20150611,0.012,0.012,0.011,0.011,547032
ALU,20150611,4.54,4.54,4.46,4.5,486551
AMA,20150611,0.615,0.615,0.6,0.6,352156
AMC,20150611,14.2,14.345,14.03,14.3,2790665
AMH,20150611,0.915,0.925,0.89,0.925,115668
AMI,20150611,0.235,0.24,0.235,0.24,24400
AMM,20150611,2.31,2.39,2.31,2.35,788734
AMN,20150611,0.165,0.18,0.16,0.16,25000
AMP,20150611,6.22,6.37,6.2,6.36,8077653
ANG,20150611,0.68,0.68,0.66,0.67,81249
ANI,20150611,2.31,2.32,2.27,2.3,91899
ANN,20150611,25.59,25.84,25.42,25.81,385921
ANO,20150611,0.03,0.03,0.03,0.03,47372
ANP,20150611,0.115,0.115,0.11,0.11,646739
ANQ,20150611,0.004,0.004,0.004,0.004,18550000
ANR,20150611,0.73,0.8,0.73,0.8,62842
ANZ,20150611,31.35,31.81,31.31,31.81,6240235
AOC,20150611,0.05,0.05,0.05,0.05,29112
AOD,20150611,0.84,0.85,0.84,0.85,5778
AOG,20150611,2.78,2.79,2.74,2.77,484640
AOK,20150611,0.11,0.11,0.105,0.105,384898
AON,20150611,0.053,0.053,0.044,0.046,1947171
AOP,20150611,0.031,0.031,0.031,0.031,10000
AOU,20150611,0.073,0.08,0.07,0.08,385000
AOW,20150611,0.17,0.175,0.165,0.175,340000
APA,20150611,8.55,8.62,8.49,8.61,2791756
APD,20150611,0.38,0.38,0.38,0.38,100000
APE,20150611,9.35,9.45,9.24,9.45,10527
APG,20150611,0.008,0.008,0.008,0.008,100000
API,20150611,1.705,1.745,1.695,1.74,484094
APN,20150611,0.765,0.79,0.765,0.78,3031749
APO,20150611,3.18,3.22,3.16,3.19,149130
APW,20150611,0.135,0.135,0.135,0.135,54672
APX,20150611,0.665,0.665,0.65,0.65,61287
APY,20150611,0.005,0.005,0.005,0.005,390000
APZ,20150611,1.305,1.305,1.3,1.305,79374
AQC,20150611,0.004,0.004,0.004,0.004,1000000
AQD,20150611,0.022,0.022,0.022,0.022,1104810
AQF,20150611,1.96,1.96,1.96,1.96,5105
AQG,20150611,2.96,2.99,2.94,2.94,66501
AQP,20150611,0.16,0.16,0.155,0.155,2240247
AQQ,20150611,0.011,0.012,0.01,0.012,383636
ARB,20150611,13.8,14,13.6,13.89,137582
ARC,20150611,0.575,0.575,0.575,0.575,20000
ARD,20150611,0.027,0.029,0.027,0.028,1266898
ARE,20150611,0.007,0.007,0.006,0.006,433333
ARF,20150611,1.66,1.66,1.625,1.65,168307
ARG,20150611,7.97,7.98,7.91,7.95,160738
ARH,20150611,0.007,0.008,0.007,0.008,21815
ARI,20150611,0.16,0.165,0.155,0.16,11240648
ARM,20150611,0.041,0.041,0.041,0.041,16216
ARO,20150611,0.015,0.015,0.015,0.015,16000
ARU,20150611,0.05,0.051,0.05,0.051,157541
ASB,20150611,1.67,1.78,1.67,1.75,652121
ASH,20150611,0.595,0.595,0.585,0.59,62523
ASL,20150611,0.415,0.43,0.415,0.425,296082
ASW,20150611,0.68,0.68,0.67,0.67,15000
ASX,20150611,40.48,40.78,40.3,40.63,475266
ASZ,20150611,0.865,0.88,0.845,0.85,201889
ATC,20150611,0.046,0.046,0.046,0.046,25000
ATP,20150611,0.045,0.045,0.045,0.045,2000
AUB,20150611,9.1,9.4,9.1,9.35,20811
AUI,20150611,8.25,8.29,8.2,8.29,5422
AUP,20150611,5.42,5.42,5.38,5.38,23494
AUQ,20150611,0.006,0.01,0.006,0.01,27629507
AUZ,20150611,0.005,0.005,0.005,0.005,2419236
AVB,20150611,0.075,0.075,0.074,0.075,661267
AVD,20150611,0.06,0.06,0.06,0.06,25000
AVG,20150611,0.375,0.38,0.375,0.38,32000
AVH,20150611,0.081,0.081,0.081,0.081,132820
AVI,20150611,0.03,0.03,0.03,0.03,366000
AVJ,20150611,0.65,0.67,0.65,0.665,30583
AVQ,20150611,0.44,0.485,0.425,0.455,2553491
AVZ,20150611,0.011,0.011,0.011,0.011,450000
AWC,20150611,1.62,1.645,1.61,1.645,6577149
AWD,20150611,0.004,0.004,0.004,0.004,1332946
AWE,20150611,1.36,1.4,1.36,1.38,2080069
AWI,20150611,0.3,0.3,0.3,0.3,57727
AWN,20150611,0.73,0.73,0.73,0.73,7000
AWQ,20150611,0.98,0.98,0.98,0.98,9560
AWV,20150611,0.043,0.043,0.043,0.043,32541
AXE,20150611,0.1,0.1,0.1,0.1,5000
AXZ,20150611,0.42,0.42,0.42,0.42,4094
AYB,20150611,0.029,0.029,0.029,0.029,45834
AYF,20150611,6.33,6.33,6.33,6.33,10000
AZJ,20150611,5.33,5.34,5.26,5.31,3845722
AZK,20150611,0.215,0.215,0.21,0.21,1593648
AZM,20150611,0.023,0.023,0.023,0.023,10312
AZQ,20150611,0.051,0.051,0.05,0.05,50000
AZS,20150611,0.013,0.013,0.013,0.013,179044
AZV,20150611,0.27,0.28,0.265,0.265,479385
AZY,20150611,0.004,0.004,0.004,0.004,1080169
AZZ,20150611,0.11,0.115,0.11,0.11,591228
BAF,20150611,0.965,0.98,0.955,0.955,82905
BAL,20150611,4.35,4.55,4.26,4.29,701355
BAP,20150611,3.55,3.6,3.46,3.49,536089
BAR,20150611,0.009,0.009,0.008,0.008,205250
BAU,20150611,0.065,0.066,0.065,0.066,480238
BBG,20150611,0.56,0.58,0.545,0.565,2046202
BBX,20150611,0.009,0.009,0.009,0.009,220000
BCI,20150611,0.375,0.39,0.36,0.385,1598104
BCN,20150611,0.005,0.005,0.005,0.005,78475
BCT,20150611,0.05,0.05,0.041,0.05,2198873
BDR,20150611,0.19,0.195,0.18,0.18,5474255
BEAR,20150611,17.29,17.3,17.15,17.17,631434
BEN,20150611,12.06,12.09,11.92,12.08,1286193
BFG,20150611,0.445,0.45,0.44,0.445,623295
BGA,20150611,4.53,4.54,4.49,4.5,155781
BGD,20150611,0.014,0.014,0.011,0.014,139856
BGG,20150611,0.05,0.062,0.05,0.062,48768
BGL,20150611,0.72,0.73,0.715,0.72,125699
BGR,20150611,0.007,0.007,0.007,0.007,170000
BGS,20150611,0.009,0.009,0.009,0.009,1500000
BHP,20150611,28.06,28.39,28,28.23,5542972
BIG,20150611,0.18,0.18,0.17,0.17,80943
BIS,20150611,0.595,0.595,0.595,0.595,592131
BIT,20150611,0.145,0.145,0.14,0.14,691376
BKI,20150611,1.67,1.72,1.665,1.72,191985
BKL,20150611,77.58,77.58,74.675,75.7,26621
BKN,20150611,2.22,2.26,2.18,2.25,835719
BKP,20150611,0.001,0.001,0.001,0.001,2221716
BKT,20150611,0.031,0.035,0.031,0.031,202758
BKW,20150611,14.5,14.75,14.46,14.56,230301
BKY,20150611,0.235,0.235,0.235,0.235,221041
BLA,20150611,4.35,4.45,4.35,4.4,9737
BLD,20150611,5.93,5.98,5.91,5.97,2204794
BLG,20150611,0.068,0.071,0.065,0.065,529560
BLK,20150611,0.17,0.17,0.165,0.17,123897
BLR,20150611,0.002,0.002,0.002,0.002,100000
BLT,20150611,0.825,0.825,0.8,0.8,83101
BLX,20150611,1.985,1.99,1.91,1.91,19944
BLY,20150611,0.15,0.15,0.14,0.14,409454
BML,20150611,0.007,0.008,0.007,0.008,215000
BMN,20150611,0.055,0.055,0.051,0.051,96440
BMY,20150611,0.017,0.018,0.017,0.018,320000
BNE,20150611,0.013,0.013,0.013,0.013,2433986
BNO,20150611,0.495,0.51,0.47,0.475,388171
BNR,20150611,0.027,0.027,0.027,0.027,50000
BOA,20150611,0.17,0.18,0.16,0.18,131666
BOC,20150611,0.355,0.375,0.335,0.375,22200
BOE,20150611,0.019,0.019,0.019,0.019,558566
BOK,20150611,0.34,0.34,0.32,0.32,119963
BOL,20150611,0.12,0.12,0.117,0.117,450000
BOQ,20150611,12.7,12.83,12.65,12.81,1188044
BPA,20150611,5.05,5.05,5.05,5.05,2900
BPF,20150611,0.225,0.23,0.22,0.23,125000
BPL,20150611,0.042,0.042,0.042,0.042,15000
BPS,20150611,0.84,0.87,0.835,0.87,554
BPT,20150611,1.08,1.09,1.075,1.085,2873385
BRB,20150611,0.048,0.048,0.048,0.048,15000
BRD,20150611,0.002,0.002,0.002,0.002,750000
BRG,20150611,6.87,6.97,6.8,6.83,164465
BRL,20150611,0.017,0.018,0.016,0.016,1305380
BRU,20150611,0.44,0.475,0.44,0.46,451152
BSA,20150611,0.17,0.17,0.17,0.17,133551
BSE,20150611,0.14,0.145,0.14,0.145,102000
BSL,20150611,3.14,3.28,3.14,3.21,3998482
BSM,20150611,0.003,0.003,0.003,0.003,1170350
BSN,20150611,0.008,0.008,0.005,0.005,2458333
BSP,20150611,0.002,0.002,0.002,0.002,540000
BSR,20150611,0.012,0.012,0.012,0.012,242836
BST,20150611,0.9,0.9,0.9,0.9,5464
BTC,20150611,0.105,0.105,0.1,0.1,9615
BTI,20150611,0.905,0.905,0.905,0.905,21000
BTT,20150611,9.05,9.15,8.91,9.04,326803
BUL,20150611,0.024,0.026,0.024,0.026,974682
BUR,20150611,0.003,0.003,0.003,0.003,1261671
BUX,20150611,0.097,0.097,0.09,0.091,438945
BUY,20150611,0.011,0.011,0.011,0.011,2552969
BWF,20150611,0.36,0.36,0.36,0.36,28618
BWP,20150611,3.13,3.18,3.12,3.12,1459961
BWR,20150611,1.2,1.2,1.2,1.2,790
BXB,20150611,10.96,11.03,10.88,10.97,2534270
BYE,20150611,0.25,0.25,0.25,0.25,90000
BYL,20150611,0.34,0.34,0.33,0.33,130169
BYR,20150611,0.028,0.028,0.028,0.028,54700
CAA,20150611,0.152,0.155,0.15,0.152,953944
CAB,20150611,4.46,4.52,4.39,4.47,984814
CAD,20150611,0.014,0.014,0.013,0.013,4179140
CAF,20150611,0.5,0.5,0.5,0.5,189437
CAJ,20150611,0.85,0.865,0.85,0.85,876233
CAM,20150611,0.925,0.93,0.925,0.93,73191
CAQ,20150611,0.17,0.17,0.17,0.17,750
CAR,20150611,10.31,10.51,10.31,10.45,629142
CAT,20150611,1.03,1.055,1,1,37671
CAV,20150611,0.02,0.021,0.019,0.019,2276032
CAZ,20150611,0.027,0.027,0.027,0.027,82320
CBA,20150611,80.3,81.49,80.3,81.41,2573775
CBC,20150611,0.92,0.92,0.92,0.92,20000
CCF,20150611,0.024,0.024,0.023,0.023,234825
CCJ,20150611,0.03,0.04,0.03,0.04,240000
CCL,20150611,9.48,9.54,9.44,9.52,1208547
CCP,20150611,11.7,11.94,11.63,11.82,206883
CCV,20150611,0.715,0.72,0.7,0.72,351419
CDA,20150611,1.15,1.17,1.13,1.165,103974
CDD,20150611,2.96,3.065,2.96,3.05,906633
CDG,20150611,0.042,0.042,0.04,0.04,281500
CDM,20150611,1.39,1.4,1.38,1.395,243705
CDP,20150611,6.77,6.77,6.69,6.75,17207
CDU,20150611,1.245,1.275,1.24,1.26,110043
CDY,20150611,0.023,0.023,0.023,0.023,1000000
CEL,20150611,0.061,0.061,0.061,0.061,35138
CFE,20150611,0.027,0.027,0.025,0.027,1348006
CGF,20150611,6.7,6.81,6.68,6.8,1757669
CGL,20150611,3.9,3.9,3.9,3.9,30252
CGN,20150611,0.097,0.097,0.097,0.097,1000
CGO,20150611,0.52,0.52,0.515,0.515,19300
CGR,20150611,0.18,0.18,0.18,0.18,198673
CGS,20150611,0.255,0.255,0.24,0.24,62668
CGW,20150611,0.515,0.515,0.51,0.51,73958
CHC,20150611,4.61,4.64,4.58,4.62,1248508
CHF,20150611,0.037,0.037,0.035,0.035,250300
CHN,20150611,0.115,0.115,0.115,0.115,8295
CIM,20150611,22.86,23.11,22.86,23,281379
CIN,20150611,31.51,31.98,31.5,31.5,2087
CIR,20150611,0.145,0.145,0.145,0.145,23283
CIW,20150611,0.8,0.8,0.8,0.8,4050
CJC,20150611,0.011,0.011,0.01,0.01,85697
CKA,20150611,0.081,0.082,0.08,0.081,5591482
CKF,20150611,2.42,2.56,2.42,2.52,125027
CL8,20150611,0.024,0.025,0.023,0.025,5826900
CLH,20150611,2.31,2.34,2.28,2.28,159962
CLQ,20150611,0.22,0.235,0.22,0.23,341648
CLV,20150611,0.17,0.175,0.17,0.175,44396
CLX,20150611,1.395,1.4,1.395,1.4,5379
CLY,20150611,0.015,0.015,0.015,0.015,99331
CLZ,20150611,0.008,0.008,0.008,0.008,190000
CM8,20150611,0.24,0.255,0.21,0.21,3135776
CMA,20150611,2.11,2.13,2.07,2.11,175941
CMC,20150611,0.045,0.045,0.045,0.045,769563
CMI,20150611,1.6,1.6,1.6,1.6,39913
CMP,20150611,0.275,0.28,0.27,0.28,136965
CMW,20150611,1.05,1.065,1.05,1.065,3307307
CMY,20150611,0.004,0.004,0.003,0.003,6854000
CND,20150611,0.265,0.265,0.255,0.255,65329
CNI,20150611,0.97,0.97,0.97,0.97,2600
CNJ,20150611,0.007,0.007,0.007,0.007,15000
CNU,20150611,2.79,2.79,2.75,2.76,69366
CNX,20150611,0.018,0.018,0.018,0.018,2017817
COE,20150611,0.27,0.27,0.265,0.265,180022
COF,20150611,0.145,0.145,0.145,0.145,485000
COH,20150611,82.1,82.83,81.5,81.81,205299
COK,20150611,0.001,0.001,0.001,0.001,116731
COM,20150611,0.019,0.019,0.018,0.018,103999
COO,20150611,0.14,0.14,0.14,0.14,160653
COT,20150611,0.078,0.078,0.078,0.078,7815
COY,20150611,0.005,0.005,0.005,0.005,100000
CPD,20150611,0.015,0.015,0.015,0.015,15000
CPL,20150611,0.022,0.022,0.022,0.022,886092
CPU,20150611,12.29,12.375,12.23,12.35,1405261
CQR,20150611,4.31,4.35,4.3,4.34,1662483
CRB,20150611,0.039,0.039,0.039,0.039,22500
CSD,20150611,0.057,0.059,0.056,0.058,173500
CSE,20150611,0.25,0.255,0.23,0.255,50000
CSL,20150611,89.52,90.09,88.75,89.02,1229300
CSR,20150611,3.88,3.92,3.86,3.87,2179738
CSS,20150611,0.058,0.058,0.058,0.058,250421
CSV,20150611,1.55,1.56,1.54,1.56,67395
CTD,20150611,11.22,11.22,10.93,11,342831
CTE,20150611,0.38,0.38,0.38,0.38,16000
CTM,20150611,0.011,0.011,0.011,0.011,25000
CTN,20150611,1.09,1.095,1.08,1.095,129416
CTO,20150611,0.026,0.027,0.02,0.023,8493112
CTP,20150611,0.155,0.16,0.155,0.16,718640
CTX,20150611,32.4,32.4,31.99,32.21,849446
CUE,20150611,0.083,0.084,0.082,0.082,203903
CUL,20150611,0.004,0.004,0.004,0.004,2400000
CUP,20150611,1.11,1.11,1.11,1.11,81240
CUU,20150611,0.006,0.006,0.006,0.006,126000
CUV,20150611,2.91,2.91,2.72,2.83,113437
CUX,20150611,0.007,0.007,0.007,0.007,11000
CVC,20150611,1.45,1.45,1.45,1.45,2000
CVE,20150611,0.005,0.006,0.005,0.006,1752009
CVN,20150611,0.115,0.12,0.115,0.12,3847851
CVO,20150611,2.33,2.42,2.33,2.39,961329
CVT,20150611,0.435,0.475,0.435,0.465,557004
CVW,20150611,1.03,1.03,0.99,1.03,29569
CWE,20150611,0.049,0.049,0.048,0.048,1163193
CWN,20150611,12.86,12.99,12.79,12.95,938259
CWP,20150611,5.16,5.17,5.12,5.15,44253
CXB,20150611,0.073,0.073,0.072,0.073,209097
CXM,20150611,0.077,0.078,0.077,0.078,52413
CXO,20150611,0.028,0.028,0.028,0.028,119423
CXU,20150611,0.13,0.13,0.13,0.13,145000
CXZ,20150611,0.215,0.225,0.215,0.225,21260
CYA,20150611,0.855,0.855,0.84,0.85,207112
CYC,20150611,0.6,0.6,0.6,0.6,835
CYG,20150611,1.55,1.55,1.53,1.53,60220
CYP,20150611,0.875,0.935,0.855,0.92,183225
CYS,20150611,0.033,0.033,0.033,0.033,62074
CZI,20150611,0.067,0.067,0.064,0.065,809106
CZN,20150611,0.007,0.007,0.006,0.006,439904
CZZ,20150611,12,12.23,11.97,12,12712
DCC,20150611,0.2,0.205,0.185,0.2,623126
DCG,20150611,1.23,1.255,1.22,1.255,167421
DCN,20150611,0.42,0.42,0.415,0.415,17000
DDD,20150611,0.007,0.007,0.007,0.007,1072000
DDR,20150611,1.97,1.97,1.97,1.97,11757
DDT,20150611,0.023,0.023,0.022,0.022,1148209
DEG,20150611,0.001,0.001,0.001,0.001,5980000
DIG,20150611,0.37,0.37,0.37,0.37,800
DIS,20150611,0.145,0.145,0.145,0.145,24043
DJW,20150611,4.67,4.7,4.65,4.7,125177
DKM,20150611,0.17,0.17,0.17,0.17,140656
DLS,20150611,1.07,1.095,1.07,1.09,764445
DLX,20150611,5.78,5.85,5.76,5.83,1828634
DMG,20150611,0.015,0.015,0.015,0.015,950000
DMP,20150611,35.64,36.89,35.63,36.49,307257
DMY,20150611,0.017,0.02,0.017,0.02,2048660
DNA,20150611,0.74,0.765,0.725,0.75,422766
DNK,20150611,0.49,0.51,0.45,0.49,183613
DOW,20150611,5.05,5.14,5.03,5.06,2978637
DRA,20150611,0.17,0.17,0.17,0.17,3500
DRK,20150611,0.006,0.006,0.006,0.006,1400000
DRM,20150611,0.425,0.43,0.42,0.425,340025
DRX,20150611,0.011,0.011,0.01,0.01,854334
DSB,20150611,0.073,0.073,0.073,0.073,180000
DSH,20150611,2.17,2.21,2.14,2.2,706438
DSX,20150611,0.11,0.13,0.11,0.115,262272
DTI,20150611,0.345,0.345,0.34,0.345,30000
DTL,20150611,0.83,0.84,0.83,0.84,6000
DTM,20150611,0.018,0.018,0.018,0.018,200000
DUB,20150611,0.34,0.38,0.335,0.335,291591
DUE,20150611,2.48,2.51,2.47,2.5,3894142
DUI,20150611,3.56,3.6,3.56,3.6,47335
DUO,20150611,0.001,0.001,0.001,0.001,15764484
DVA,20150611,0.48,0.48,0.48,0.48,40000
DVI,20150611,0.015,0.015,0.014,0.014,3010043
DVN,20150611,0.69,0.69,0.69,0.69,32754
DWS,20150611,0.65,0.655,0.635,0.635,94283
DXS,20150611,7.52,7.53,7.455,7.48,2119323
DYE,20150611,0.235,0.235,0.22,0.22,50680
DYL,20150611,0.013,0.013,0.013,0.013,640000
E88,20150611,0.15,0.16,0.15,0.16,1262590
EAL,20150611,0.175,0.175,0.175,0.175,2571
EAR,20150611,0.08,0.08,0.08,0.08,8000
EAX,20150611,1.12,1.12,1.12,1.12,2500
EBT,20150611,3.58,3.58,3.58,3.58,302
ECG,20150611,0.2,0.22,0.2,0.22,25000
ECX,20150611,3.11,3.25,3.11,3.16,521199
EDE,20150611,0.018,0.019,0.017,0.019,1820529
EEG,20150611,0.027,0.028,0.027,0.028,100000
EGG,20150611,0.78,0.78,0.72,0.72,142612
EGH,20150611,0.545,0.545,0.52,0.525,40681
EGI,20150611,1.16,1.17,1.16,1.16,48890
EGL,20150611,0.021,0.021,0.021,0.021,141319
EGO,20150611,0.006,0.006,0.005,0.005,45803154
EGP,20150611,4.4,4.47,4.37,4.41,1810432
EHE,20150611,6.08,6.2,6.05,6.14,518678
EHL,20150611,0.1,0.1,0.097,0.099,122045
ELD,20150611,3.92,3.94,3.84,3.84,137680
ELK,20150611,0.025,0.025,0.025,0.025,40400
ELM,20150611,0.19,0.2,0.185,0.19,153438
ELX,20150611,0.33,0.33,0.31,0.31,11540
EMF,20150611,2.09,2.09,2.09,2.09,23967
EMH,20150611,0.115,0.115,0.115,0.115,50000
EML,20150611,0.63,0.63,0.63,0.63,3500
EMU,20150611,0.03,0.03,0.03,0.03,45964
EMX,20150611,0.06,0.06,0.06,0.06,583333
ENA,20150611,0.24,0.24,0.24,0.24,8000
ENE,20150611,7.11,7.28,7.02,7.25,24611
ENN,20150611,1.68,1.68,1.6,1.6,89000
ENT,20150611,0.02,0.02,0.02,0.02,65500
ENU,20150611,0.031,0.031,0.031,0.031,13100
ENZ,20150611,0.24,0.265,0.24,0.25,474420
EOS,20150611,1.03,1.03,0.95,0.95,18725
EPA,20150611,0.006,0.008,0.006,0.008,5975092
EPD,20150611,0.775,0.79,0.775,0.775,1164844
EPW,20150611,2.5,2.5,2.41,2.42,206655
EQE,20150611,0.017,0.017,0.016,0.016,300000
EQT,20150611,21.12,21.67,21.07,21.4,6673
EQX,20150611,0.235,0.235,0.235,0.235,40000
ERA,20150611,1.29,1.295,1.26,1.295,91096
ERD,20150611,0.03,0.03,0.03,0.03,197000
ERI,20150611,0.02,0.021,0.017,0.017,21000431
ERJ,20150611,0.045,0.045,0.044,0.045,289622
ERL,20150611,0.016,0.016,0.016,0.016,661229
ERM,20150611,0.03,0.03,0.029,0.029,100400
ERR,20150611,0.38,0.4,0.38,0.4,45000
ESI,20150611,0.02,0.02,0.018,0.02,6543167
ESR,20150611,0.006,0.006,0.005,0.006,441156
ESV,20150611,0.34,0.34,0.335,0.34,263370
ETE,20150611,0.023,0.024,0.023,0.023,553197
EVM,20150611,0.068,0.068,0.068,0.068,10000
EVN,20150611,1.18,1.235,1.175,1.21,8080528
EVO,20150611,1,1,1,1,3196
EVR,20150611,0.615,0.615,0.615,0.615,1276
EVZ,20150611,0.015,0.015,0.015,0.015,27016
EWC,20150611,0.365,0.375,0.365,0.37,385484
EXE,20150611,0.038,0.038,0.038,0.038,14972
EXG,20150611,0.077,0.077,0.077,0.077,170000
EXM,20150611,0.005,0.005,0.005,0.005,11300
EXU,20150611,0.003,0.004,0.003,0.004,1215626
FAN,20150611,2.3,2.32,2.25,2.31,13138
FAR,20150611,0.09,0.091,0.088,0.088,5716258
FBU,20150611,7.83,7.85,7.76,7.8,727898
FCG,20150611,0.34,0.35,0.34,0.35,206080
FCN,20150611,0.013,0.014,0.013,0.014,61066
FCR,20150611,0.009,0.009,0.009,0.009,100000
FDC,20150611,2.98,2.99,2.945,2.97,9359789
FET,20150611,2.12,2.15,2.115,2.12,643893
FFT,20150611,0.78,0.8,0.77,0.78,228433
FGX,20150611,1.13,1.14,1.125,1.125,110236
FID,20150611,1.8,1.8,1.8,1.8,7000
FLK,20150611,0.22,0.22,0.22,0.22,50000
FLN,20150611,1.245,1.25,1.215,1.245,159245
FLT,20150611,43.5,43.71,42.91,43.15,329246
FMG,20150611,2.4,2.49,2.39,2.48,16651232
FML,20150611,0.32,0.32,0.315,0.315,38889
FMS,20150611,0.018,0.018,0.017,0.018,1513060
FND,20150611,0.155,0.155,0.155,0.155,46910
FNP,20150611,2.86,2.86,2.71,2.86,88353
FNT,20150611,0.005,0.005,0.005,0.005,124000
FPH,20150611,6.36,6.37,6.31,6.34,449061
FRI,20150611,1.23,1.235,1.225,1.23,167800
FSA,20150611,1.235,1.235,1.21,1.23,26406
FSF,20150611,4.35,4.35,4.21,4.24,91995
FSI,20150611,1.37,1.38,1.37,1.38,25018
FUN,20150611,0.026,0.026,0.026,0.026,108070
FWD,20150611,1.54,1.545,1.5,1.525,81874
FXJ,20150611,0.935,0.94,0.895,0.92,24054537
FXL,20150611,3.29,3.35,3.25,3.35,982526
FYI,20150611,0.029,0.03,0.029,0.03,4834
GAL,20150611,0.011,0.011,0.011,0.011,4848649
GAP,20150611,0.195,0.195,0.19,0.19,4000
GBG,20150611,0.023,0.025,0.023,0.023,5936227
GBM,20150611,0.003,0.003,0.003,0.003,25000
GBP,20150611,0.04,0.04,0.04,0.04,40000
GBT,20150611,5.4,5.82,5.36,5.64,261833
GBZ,20150611,0.019,0.019,0.019,0.019,8784
GCN,20150611,0.005,0.005,0.004,0.004,1342720
GCR,20150611,0.065,0.066,0.065,0.066,6250
GCS,20150611,0.51,0.51,0.49,0.51,130965
GCY,20150611,0.066,0.068,0.066,0.068,112500
GDI,20150611,0.89,0.895,0.885,0.89,477923
GDY,20150611,0.036,0.037,0.036,0.036,395000
GEG,20150611,0.85,0.85,0.84,0.84,34371
GEM,20150611,3.74,3.78,3.74,3.76,1236458
GER,20150611,0.083,0.083,0.083,0.083,31271
GES,20150611,0.05,0.05,0.05,0.05,44300
GFY,20150611,3.25,3.3,3.21,3.3,815
GGG,20150611,0.072,0.076,0.071,0.075,440345
GGX,20150611,0.005,0.005,0.004,0.005,4505000
GHC,20150611,1.7,1.715,1.67,1.67,259049
GID,20150611,0.15,0.15,0.14,0.145,152149
GJT,20150611,1.78,1.8,1.75,1.76,481184
GLB,20150611,1.07,1.07,1.07,1.07,4800
GLF,20150611,0.011,0.011,0.011,0.011,1539972
GLH,20150611,0.375,0.375,0.375,0.375,1334
GLL,20150611,0.12,0.12,0.12,0.12,65000
GMA,20150611,3.17,3.265,3.17,3.25,2206381
GMD,20150611,0.008,0.008,0.008,0.008,162500
GMF,20150611,2.12,2.15,2.09,2.11,30234
GMG,20150611,6.28,6.29,6.2,6.22,3756319
GML,20150611,0.033,0.033,0.033,0.033,25875
GMM,20150611,0.043,0.045,0.042,0.043,1362655
GMR,20150611,0.006,0.006,0.006,0.006,3563806
GNC,20150611,8.85,9.17,8.85,9.12,542297
GNE,20150611,1.69,1.7,1.67,1.685,55255
GNG,20150611,0.91,0.91,0.88,0.91,84122
GOLD,20150611,146.68,146.86,145.5,145.5,2415
GOR,20150611,0.41,0.445,0.41,0.435,863726
GOZ,20150611,3.1,3.16,3.08,3.1,434756
GPR,20150611,0.055,0.055,0.055,0.055,200000
GPT,20150611,4.3,4.365,4.3,4.32,10286856
GRB,20150611,0.047,0.047,0.045,0.045,960880
GRR,20150611,0.135,0.137,0.135,0.135,113661
GRY,20150611,0.067,0.068,0.067,0.067,264428
GSS,20150611,0.54,0.55,0.52,0.54,64447
GTG,20150611,0.034,0.035,0.034,0.035,200000
GTK,20150611,2.02,2.02,2.01,2.01,665000
GTY,20150611,2.1,2.14,2.03,2.08,15838063
GUD,20150611,9,9.32,8.95,9.28,705196
GUF,20150611,0.037,0.037,0.037,0.037,884480
GVF,20150611,1.045,1.05,1.04,1.05,127582
GXL,20150611,6.27,6.38,6.25,6.3,554163
GXN,20150611,0.003,0.003,0.002,0.003,1728348
GXY,20150611,0.034,0.037,0.034,0.035,784995
HAO,20150611,0.115,0.125,0.115,0.12,162239
HAS,20150611,0.082,0.09,0.082,0.09,1219000
HAW,20150611,0.042,0.042,0.042,0.042,12500
HDX,20150611,0.175,0.175,0.175,0.175,5337
HFA,20150611,2.1,2.12,2.02,2.06,104588
HFR,20150611,1.54,1.54,1.49,1.52,192326
HGG,20150611,5.63,5.69,5.62,5.68,9687882
HGO,20150611,0.28,0.28,0.265,0.265,68462
HHL,20150611,2.29,2.29,2.27,2.27,40738
HHM,20150611,0.025,0.034,0.025,0.034,496900
HHV,20150611,1.19,1.195,1.18,1.18,203654
HHY,20150611,0.1,0.1,0.099,0.099,193394
HIG,20150611,0.12,0.12,0.115,0.115,48563
HIL,20150611,0.565,0.575,0.555,0.565,234456
HLO,20150611,0.385,0.39,0.385,0.39,28150
HLX,20150611,0.025,0.025,0.025,0.025,89795
HMI,20150611,0.012,0.012,0.012,0.012,450000
HMX,20150611,0.075,0.08,0.075,0.08,87122
HNG,20150611,0.375,0.375,0.375,0.375,3200
HOG,20150611,0.006,0.006,0.006,0.006,500000
HOR,20150611,0.025,0.025,0.025,0.025,38000
HPI,20150611,2.46,2.51,2.45,2.49,212907
HPR,20150611,0.085,0.085,0.085,0.085,361
HRL,20150611,0.07,0.07,0.07,0.07,300000
HRR,20150611,0.112,0.115,0.112,0.115,150000
HSN,20150611,2.44,2.55,2.44,2.53,490206
HSO,20150611,2.72,2.72,2.67,2.7,3333385
HTA,20150611,0.086,0.086,0.085,0.085,407417
HUB,20150611,1.19,1.23,1.18,1.21,19733
HUO,20150611,3.31,3.31,3.3,3.3,27771
HVN,20150611,4.67,4.8,4.66,4.77,3273339
HZN,20150611,0.095,0.095,0.092,0.092,5374821
IAA,20150611,66.55,68.68,65.92,66.08,8632
IAF,20150611,105.9,106.2,105.47,105.47,4124
IAG,20150611,5.39,5.53,5.39,5.52,6957688
IAU,20150611,0.14,0.14,0.135,0.135,197780
IBC,20150611,0.53,0.53,0.53,0.53,25086
IBG,20150611,0.1,0.1,0.097,0.097,360994
IBK,20150611,49.84,49.84,49.2,49.57,3549
ICG,20150611,0.017,0.017,0.017,0.017,142277
ICN,20150611,0.052,0.055,0.051,0.055,832250
ICP,20150611,0.045,0.045,0.045,0.045,94928
ICQ,20150611,0.98,1,0.96,0.98,61922
ICS,20150611,1.17,1.19,1.15,1.19,30533
ICT,20150611,0.155,0.155,0.15,0.15,20000
ICU,20150611,0.135,0.135,0.135,0.135,2733
IDR,20150611,2.09,2.09,2.07,2.08,314782
IDT,20150611,0.23,0.24,0.23,0.24,35029
IEC,20150611,0.016,0.016,0.016,0.016,100000
IEM,20150611,52.02,52.4,51.87,51.9,17846
IEU,20150611,59.77,60,59.36,59.72,31551
IFE,20150611,0.02,0.02,0.02,0.02,788999
IFL,20150611,10.59,10.745,10.59,10.71,602623
IFM,20150611,1.2,1.22,1.19,1.21,543447
IFN,20150611,0.275,0.285,0.265,0.28,118364
IFZ,20150611,2.95,2.95,2.95,2.95,500
IGB,20150611,105.02,105.02,104.42,104.42,696
IGO,20150611,4.71,4.82,4.68,4.82,3568381
IGS,20150611,0.004,0.004,0.004,0.004,4880000
IHD,20150611,15.8,15.87,15.71,15.86,24318
IHK,20150611,30.08,30.08,29.83,29.83,2177
IIN,20150611,9.6,9.68,9.54,9.59,1979103
IJH,20150611,198.78,198.78,197.6,197.6,403
IJP,20150611,17.4,17.4,16.67,16.83,131870
IJR,20150611,155.38,155.38,153.46,154.46,1894
IKO,20150611,72.61,72.61,72.49,72.54,5500
ILB,20150611,113.21,113.3,112.51,112.51,1301
ILC,20150611,24.64,24.73,24.62,24.7,122661
ILU,20150611,8.41,8.55,8.41,8.49,902390
IMC,20150611,0.21,0.26,0.21,0.26,172938
IMD,20150611,0.3,0.3,0.285,0.285,122441
IMF,20150611,1.78,1.8,1.765,1.785,391874
IMU,20150611,0.011,0.011,0.011,0.011,41750
INA,20150611,0.425,0.44,0.42,0.43,1408305
INL,20150611,0.01,0.01,0.01,0.01,548000
INT,20150611,0.03,0.03,0.03,0.03,37214
IOF,20150611,3.89,3.92,3.84,3.86,1772252
IOO,20150611,102.3,102.47,101.55,101.63,27852
IOZ,20150611,24.04,24.11,23.95,24.05,62862
IPD,20150611,0.93,0.94,0.92,0.94,666938
IPE,20150611,0.3,0.305,0.3,0.305,88290
IPH,20150611,4.68,4.88,4.67,4.86,141325
IPL,20150611,3.97,4.1,3.93,4.07,6741449
IPP,20150611,2.35,2.49,2.34,2.45,408987
IPT,20150611,0.028,0.028,0.028,0.028,20000
IQ3,20150611,0.44,0.44,0.44,0.44,11000
IRC,20150611,0.06,0.06,0.06,0.06,25000
IRD,20150611,0.093,0.093,0.09,0.09,75000
IRE,20150611,10.55,10.78,10.525,10.67,415307
IRI,20150611,1.76,1.76,1.74,1.76,20431
IRM,20150611,0.013,0.013,0.013,0.013,133333
IRU,20150611,163.76,163.76,162.79,162.81,34
ISD,20150611,3.73,3.79,3.65,3.76,173749
ISG,20150611,16.65,16.65,16.51,16.54,10760
ISN,20150611,0.071,0.071,0.069,0.07,633914
ISO,20150611,3.91,3.95,3.91,3.93,16062
ISU,20150611,1.47,1.5,1.405,1.5,551738
ISX,20150611,0.165,0.175,0.16,0.17,1245321
ITD,20150611,0.22,0.22,0.22,0.22,19545
ITW,20150611,20.12,20.12,20.01,20.12,12046
IVC,20150611,12.75,12.88,12.74,12.8,275089
IVE,20150611,86.14,86.32,85.5,85.75,15977
IVO,20150611,0.077,0.077,0.077,0.077,1492
IVR,20150611,0.013,0.014,0.013,0.014,1360000
IVV,20150611,275,275.66,272.94,274.16,29697
IVX,20150611,0.022,0.022,0.02,0.021,666369
IXI,20150611,119.45,119.45,118.74,119.37,808
IXJ,20150611,143.65,143.69,142.5,142.78,6680
IXP,20150611,82.14,82.17,81.79,81.79,606
IXR,20150611,0.011,0.011,0.011,0.011,1150985
IZZ,20150611,62.57,62.59,61.93,61.93,14011
JAL,20150611,0.046,0.05,0.046,0.05,390300
JBH,20150611,20.75,20.76,20.11,20.58,928421
JCS,20150611,0.013,0.013,0.013,0.013,109676
JHC,20150611,2.66,2.7,2.63,2.68,388661
JHX,20150611,16.7,16.94,16.51,16.94,1198136
JIN,20150611,0.965,0.985,0.965,0.985,9779
JKA,20150611,0.011,0.011,0.01,0.011,1852028
JKL,20150611,0.195,0.195,0.185,0.185,597345
JPR,20150611,0.25,0.25,0.25,0.25,125000
JRL,20150611,0.17,0.17,0.17,0.17,1800
JRV,20150611,0.051,0.055,0.051,0.055,35000
KAM,20150611,0.73,0.74,0.73,0.73,28918
KAR,20150611,2.58,2.64,2.57,2.64,548249
KBL,20150611,0.039,0.041,0.039,0.041,150589
KCN,20150611,0.775,0.79,0.765,0.775,287708
KDL,20150611,0.077,0.077,0.077,0.077,54350
KDR,20150611,0.087,0.087,0.087,0.087,27993
KEY,20150611,0.006,0.006,0.006,0.006,304648
KFE,20150611,0.07,0.079,0.07,0.079,234784
KGD,20150611,0.038,0.038,0.038,0.038,24930
KGL,20150611,0.15,0.15,0.15,0.15,976
KGM,20150611,0.011,0.011,0.011,0.011,78000
KIK,20150611,0.004,0.004,0.004,0.004,7000
KIN,20150611,0.1,0.1,0.1,0.1,20000
KKO,20150611,0.018,0.018,0.018,0.018,106500
KMD,20150611,1.21,1.21,1.18,1.205,506305
KME,20150611,0.58,0.58,0.56,0.56,47714
KNL,20150611,0.205,0.205,0.2,0.2,868060
KOR,20150611,0.027,0.028,0.027,0.028,115300
KOV,20150611,3.75,3.75,3.75,3.75,140
KPC,20150611,0.15,0.15,0.15,0.15,1492
KPL,20150611,0.21,0.21,0.205,0.205,65000
KRA,20150611,0.004,0.004,0.004,0.004,399929
KRB,20150611,0.072,0.074,0.072,0.074,73449
KRC,20150611,0.03,0.032,0.03,0.03,544034
KRM,20150611,0.35,0.35,0.31,0.315,263266
KSC,20150611,1.41,1.41,1.4,1.4,11500
KTA,20150611,0.185,0.2,0.185,0.2,24220
KTE,20150611,0.027,0.027,0.027,0.027,25000
LAA,20150611,0.34,0.34,0.33,0.34,249582
LAM,20150611,0.25,0.25,0.25,0.25,14568
LAU,20150611,0.45,0.46,0.45,0.455,46474
LBL,20150611,0.125,0.125,0.125,0.125,100000
LCD,20150611,0.016,0.017,0.016,0.017,265696
LCM,20150611,0.745,0.745,0.73,0.73,122833
LCR,20150611,0.002,0.002,0.002,0.002,51429
LCT,20150611,0.062,0.062,0.06,0.061,1323739
LCY,20150611,0.004,0.004,0.004,0.004,530000
LEG,20150611,0.008,0.008,0.008,0.008,371053
LEP,20150611,3.69,3.76,3.66,3.69,180679
LER,20150611,0.125,0.13,0.12,0.13,194000
LGD,20150611,0.265,0.265,0.26,0.26,110000
LGO,20150611,0.002,0.002,0.002,0.002,1342000
LHC,20150611,3.45,3.57,3.45,3.57,82333
LIC,20150611,2.5,2.54,2.5,2.51,33940
LIO,20150611,0.26,0.27,0.26,0.27,181644
LKO,20150611,0.002,0.002,0.002,0.002,3284833
LLC,20150611,15.8,15.83,15.66,15.77,1600936
LMR,20150611,0.058,0.058,0.058,0.058,150000
LNG,20150611,3.89,4.03,3.765,3.98,3599380
LNR,20150611,9.1,9.1,8.9,8.9,4746
LNY,20150611,0.005,0.006,0.005,0.006,22149684
LOM,20150611,0.215,0.225,0.215,0.225,121746
LOV,20150611,3.33,3.39,3.26,3.39,184836
LRS,20150611,0.008,0.008,0.007,0.007,1152764
LSN,20150611,0.032,0.032,0.032,0.032,20000
LSR,20150611,0.01,0.01,0.009,0.01,850000
LSX,20150611,0.17,0.17,0.17,0.17,693
LTN,20150611,0.094,0.096,0.094,0.096,59810
LWP,20150611,0.011,0.011,0.011,0.011,23744197
LYC,20150611,0.041,0.042,0.04,0.041,5440612
LYL,20150611,1.35,1.35,1.335,1.335,42984
MAD,20150611,0.088,0.091,0.088,0.09,259089
MAH,20150611,0.049,0.052,0.049,0.05,3829057
MAK,20150611,0.067,0.071,0.067,0.07,174500
MAQ,20150611,6.25,6.3,6.17,6.19,157919
MAR,20150611,0.004,0.004,0.004,0.004,1300000
MAT,20150611,0.23,0.26,0.225,0.25,293888
MBE,20150611,0.255,0.27,0.25,0.265,2401649
MBN,20150611,0.13,0.13,0.125,0.127,370812
MCE,20150611,0.53,0.53,0.52,0.52,25000
MCH,20150611,0.15,0.15,0.15,0.15,66305
MCP,20150611,0.67,0.68,0.66,0.68,172854
MCR,20150611,0.625,0.63,0.61,0.63,112270
MCS,20150611,0.125,0.125,0.12,0.12,428410
MCX,20150611,0.046,0.046,0.046,0.046,1340
MDI,20150611,0.009,0.009,0.009,0.009,50000
MDL,20150611,0.94,1,0.94,0.99,52109
MEB,20150611,0.33,0.33,0.32,0.32,71375
MED,20150611,0.064,0.064,0.064,0.064,175000
MEL,20150611,0.062,0.063,0.062,0.063,39004
MEO,20150611,0.016,0.016,0.016,0.016,164675
MEP,20150611,0.078,0.08,0.078,0.079,138498
MEU,20150611,0.009,0.009,0.009,0.009,216111
MEY,20150611,0.26,0.26,0.25,0.25,657
MEZ,20150611,2.08,2.08,2.08,2.08,316
MFF,20150611,1.805,1.82,1.8,1.81,382010
MFG,20150611,18.02,18.47,18,18.43,526374
MGB,20150611,0.215,0.22,0.21,0.215,130000
MGE,20150611,2.56,2.56,2.53,2.55,429963
MGL,20150611,0.014,0.014,0.014,0.014,89555
MGR,20150611,1.92,1.925,1.9,1.91,8690735
MGV,20150611,0.048,0.05,0.047,0.047,76000
MGX,20150611,0.21,0.215,0.205,0.21,1731358
MGY,20150611,0.021,0.021,0.021,0.021,40000
MHM,20150611,0.018,0.018,0.018,0.018,18815
MIG,20150611,1.08,1.15,1.08,1.15,242129
MIN,20150611,7.33,7.44,7.28,7.36,755685
MIR,20150611,2.57,2.61,2.56,2.58,41167
MIZ,20150611,0.001,0.001,0.001,0.001,71571
MJP,20150611,0.785,0.785,0.75,0.76,88615
MKB,20150611,0.135,0.135,0.135,0.135,57582
MKO,20150611,0.03,0.03,0.03,0.03,4249681
MLB,20150611,1.65,1.71,1.65,1.69,425432
MLD,20150611,0.815,0.815,0.79,0.815,282523
MLS,20150611,0.003,0.003,0.003,0.003,2240000
MLT,20150611,4.5,4.58,4.5,4.55,134950
MLX,20150611,1.365,1.365,1.345,1.36,407350
MMI,20150611,0.097,0.097,0.097,0.097,31000
MML,20150611,0.9,0.915,0.88,0.88,236305
MMS,20150611,12.68,12.9,12.59,12.86,410209
MNB,20150611,0.006,0.006,0.006,0.006,400000
MNC,20150611,0.006,0.006,0.005,0.005,6957400
MNE,20150611,0.006,0.006,0.006,0.006,5600000
MNF,20150611,3.91,3.95,3.9,3.92,122709
MNQ,20150611,0.026,0.026,0.02,0.023,1800148
MNS,20150611,0.195,0.215,0.195,0.21,611810
MNW,20150611,0.049,0.05,0.048,0.049,681377
MNY,20150611,1.3,1.3,1.28,1.285,91148
MOC,20150611,2.48,2.5,2.43,2.45,148648
MOD,20150611,0.004,0.004,0.004,0.004,250000
MOO,20150611,0.003,0.003,0.003,0.003,250000
MOQ,20150611,0.033,0.033,0.033,0.033,850002
MOU,20150611,0.004,0.004,0.004,0.004,1000000
MOX,20150611,0.009,0.01,0.009,0.01,63000
MOY,20150611,0.025,0.025,0.025,0.025,104500
MOZ,20150611,0.012,0.012,0.012,0.012,3179547
MPJ,20150611,0.009,0.009,0.008,0.008,1333444
MPL,20150611,2.06,2.105,2.06,2.1,11016358
MPO,20150611,0.155,0.16,0.15,0.15,880739
MPP,20150611,1.505,1.505,1.505,1.505,525003
MQA,20150611,3.26,3.325,3.225,3.32,1275165
MQG,20150611,79.06,79.61,78.86,79.49,823607
MRD,20150611,0.015,0.015,0.014,0.015,2200281
MRF,20150611,0.052,0.054,0.048,0.052,2474230
MRM,20150611,0.605,0.62,0.595,0.62,1209013
MRP,20150611,0.092,0.092,0.092,0.092,92807
MRQ,20150611,0.11,0.11,0.11,0.11,60000
MSB,20150611,3.96,3.97,3.87,3.95,381320
MSC,20150611,0.063,0.065,0.063,0.065,121019
MSR,20150611,0.01,0.01,0.01,0.01,131578
MSV,20150611,0.026,0.027,0.026,0.026,1499220
MTA,20150611,0.07,0.07,0.063,0.065,873770
MTB,20150611,0.002,0.002,0.002,0.002,171429
MTI,20150611,0.001,0.001,0.001,0.001,200000
MTL,20150611,0.235,0.235,0.23,0.23,89266
MTR,20150611,3.8,3.9,3.8,3.88,50013
MTS,20150611,1.11,1.12,1.095,1.1,5167439
MTU,20150611,10.75,10.89,10.62,10.83,605707
MUM,20150611,0.005,0.005,0.004,0.004,260000
MUS,20150611,0.21,0.255,0.21,0.25,2515745
MUX,20150611,0.14,0.14,0.14,0.14,50219
MVB,20150611,27.21,27.59,27.21,27.59,4499
MVF,20150611,1.375,1.395,1.35,1.35,605595
MVP,20150611,2.47,2.54,2.46,2.49,38290
MVS,20150611,16.47,16.49,16.47,16.49,3995
MVT,20150611,0.125,0.13,0.12,0.12,105210
MVW,20150611,22.29,22.36,22.29,22.32,3409
MWR,20150611,1.71,1.74,1.65,1.71,33282
MXI,20150611,0.435,0.435,0.425,0.435,35191
MXR,20150611,0.002,0.002,0.002,0.002,40000
MYE,20150611,0.185,0.2,0.185,0.2,19000
MYO,20150611,3.4,3.42,3.32,3.34,497694
MYR,20150611,1.335,1.375,1.335,1.375,1800645
MYS,20150611,5.09,5.09,4.99,5.01,38321
MYT,20150611,2.46,2.5,2.44,2.48,169648
MYX,20150611,1.025,1.05,1.01,1.025,2087191
MZI,20150611,0.45,0.45,0.425,0.43,210047
NAB,20150611,32.15,32.51,32.1,32.51,4834802
NAC,20150611,0.915,0.94,0.915,0.92,161000
NAE,20150611,0.005,0.005,0.004,0.004,600000
NAN,20150611,1.655,1.66,1.635,1.655,240907
NCC,20150611,1.02,1.02,1.02,1.02,50000
NCK,20150611,3.6,3.6,3.55,3.6,22278
NCM,20150611,13.65,13.655,13.49,13.51,2030281
NCR,20150611,0.004,0.004,0.004,0.004,98774
NDO,20150611,0.995,0.995,0.75,0.805,12851
NDQ,20150611,10.07,10.07,9.99,10.02,39498
NEA,20150611,0.56,0.565,0.55,0.555,547323
NEC,20150611,1.715,1.74,1.695,1.705,10116924
NEN,20150611,0.029,0.029,0.029,0.029,196300
NEU,20150611,0.086,0.087,0.085,0.086,563148
NGE,20150611,0.019,0.02,0.019,0.019,1423000
NGF,20150611,0.245,0.245,0.245,0.245,1853999
NHC,20150611,1.91,2.03,1.91,2,178647
NHF,20150611,3.44,3.53,3.44,3.53,588108
NIU,20150611,0.002,0.002,0.002,0.002,2611715
NKP,20150611,0.071,0.071,0.07,0.07,163694
NMI,20150611,0.028,0.028,0.026,0.026,140000
NML,20150611,0.03,0.03,0.03,0.03,50000
NMS,20150611,1.4,1.4,1.4,1.4,1585
NMT,20150611,0.094,0.097,0.093,0.094,738221
NNW,20150611,0.17,0.18,0.17,0.17,192695
NOD,20150611,0.077,0.077,0.077,0.077,136819
NPX,20150611,3.97,3.97,3.77,3.8,4501
NRR,20150611,0.042,0.042,0.04,0.041,1264091
NRT,20150611,0.245,0.252,0.24,0.245,1532529
NSE,20150611,0.005,0.006,0.005,0.006,247000
NSL,20150611,0.006,0.006,0.006,0.006,800000
NSP,20150611,0.04,0.04,0.04,0.04,7686
NSR,20150611,1.6,1.605,1.575,1.6,1217089
NST,20150611,2.26,2.275,2.17,2.19,3412816
NTC,20150611,0.6,0.625,0.6,0.625,45358
NTU,20150611,0.17,0.17,0.17,0.17,139040
NUF,20150611,7.92,8.06,7.91,8.05,872210
NVT,20150611,4.52,4.71,4.52,4.65,601040
NWE,20150611,0.006,0.006,0.005,0.005,6878589
NWF,20150611,0.91,0.91,0.91,0.91,1000
NWH,20150611,0.185,0.195,0.185,0.19,556278
NWS,20150611,18.54,18.56,18.36,18.45,131600
NWZ,20150611,0.079,0.079,0.077,0.077,534233
NXM,20150611,0.05,0.05,0.05,0.05,185726
NXR,20150611,0.145,0.16,0.14,0.15,7009252
NXT,20150611,2.3,2.35,2.29,2.29,146199
NZO,20150611,0.545,0.545,0.54,0.54,71627
OBJ,20150611,0.054,0.054,0.053,0.053,1670434
OCC,20150611,0.34,0.34,0.32,0.34,34678
OCL,20150611,2.1,2.1,2.1,2.1,9500
ODN,20150611,0.003,0.003,0.003,0.003,250000
OEC,20150611,0.52,0.525,0.505,0.525,12105
OEL,20150611,0.125,0.127,0.122,0.125,4192088
OEQ,20150611,0.22,0.22,0.22,0.22,3451
OEX,20150611,0.066,0.066,0.062,0.062,40000
OFX,20150611,2.22,2.28,2.21,2.27,643811
OGC,20150611,3.09,3.1,3.03,3.06,306805
OGX,20150611,0.075,0.078,0.074,0.078,506500
OLH,20150611,0.055,0.055,0.055,0.055,40000
OLV,20150611,0.16,0.16,0.155,0.155,115113
OMH,20150611,0.295,0.295,0.29,0.29,56984
OML,20150611,2.47,2.53,2.45,2.47,216446
ONC,20150611,0.18,0.185,0.18,0.185,14800
ONT,20150611,6.36,6.36,6.36,6.36,500
OOO,20150611,28.91,29,28.91,29,4948
OPG,20150611,0.43,0.43,0.43,0.43,32
ORA,20150611,2.12,2.12,2.06,2.07,2054001
ORE,20150611,2.46,2.6,2.46,2.51,199542
ORG,20150611,12.71,12.87,12.69,12.77,3095789
ORI,20150611,21.89,22.345,21.86,22.32,1728610
ORL,20150611,2.13,2.19,2.13,2.15,47466
ORN,20150611,0.027,0.027,0.027,0.027,250
ORR,20150611,0.053,0.053,0.053,0.053,20000
ORS,20150611,0.009,0.009,0.009,0.009,40600
OSH,20150611,7.57,7.77,7.54,7.76,6071265
OSL,20150611,0.125,0.125,0.125,0.125,526929
OSP,20150611,0.65,0.65,0.635,0.635,9279
OTC,20150611,0.083,0.085,0.083,0.083,304483
OTH,20150611,0.575,0.575,0.575,0.575,11250
OVH,20150611,0.41,0.42,0.41,0.41,231021
OVL,20150611,0.006,0.006,0.006,0.006,693056
OVR,20150611,0.007,0.008,0.007,0.008,1574409
OZF,20150611,21.49,21.49,21.49,21.49,25
OZL,20150611,4.62,4.68,4.59,4.63,1806989
OZR,20150611,8.64,8.64,8.63,8.64,1020
PAF,20150611,0.94,0.94,0.925,0.93,78511
PAN,20150611,0.52,0.525,0.51,0.52,197854
PBG,20150611,0.36,0.37,0.36,0.37,1254139
PBP,20150611,0.19,0.19,0.19,0.19,26000
PBT,20150611,0.185,0.185,0.18,0.18,51958
PDI,20150611,0.006,0.006,0.005,0.005,1745000
PDN,20150611,0.28,0.29,0.277,0.28,4344645
PDZ,20150611,0.28,0.28,0.28,0.28,165000
PEA,20150611,0.445,0.445,0.445,0.445,34326
PEH,20150611,0.09,0.09,0.09,0.09,25000
PEK,20150611,0.09,0.09,0.088,0.088,1213338
PEN,20150611,0.031,0.031,0.028,0.028,18368648
PEX,20150611,0.25,0.31,0.25,0.3,1118233
PFG,20150611,0.097,0.097,0.097,0.097,440000
PFL,20150611,1.155,1.19,1.155,1.19,183850
PGC,20150611,0.55,0.555,0.55,0.555,19646
PGF,20150611,1.035,1.04,1.025,1.03,844849
PGH,20150611,4.36,4.42,4.36,4.42,342697
PGI,20150611,0.16,0.16,0.155,0.155,58496
PGL,20150611,0.215,0.215,0.215,0.215,2987
PGR,20150611,0.535,0.535,0.53,0.53,20000
PHG,20150611,0.515,0.52,0.505,0.51,70450
PHK,20150611,0.035,0.036,0.035,0.036,275700
PIC,20150611,0.96,0.965,0.95,0.955,495000
PIO,20150611,0.017,0.017,0.016,0.016,373699
PIQ,20150611,0.55,0.6,0.5,0.555,1615668
PKO,20150611,0.002,0.002,0.002,0.002,86000
PLD,20150611,0.013,0.013,0.013,0.013,1119269
PLP,20150611,0.014,0.014,0.014,0.014,70000
PLS,20150611,0.082,0.083,0.08,0.083,3803963
PMC,20150611,1.835,1.835,1.805,1.83,330142
PME,20150611,2.16,2.19,2.16,2.19,17580
PML,20150611,0.032,0.032,0.032,0.032,50000
PMP,20150611,0.5,0.55,0.49,0.55,1499546
PMV,20150611,13.54,13.72,13.47,13.67,174224
PNC,20150611,1.58,1.6,1.58,1.6,8922
PNL,20150611,0.38,0.38,0.36,0.36,78409
PNN,20150611,0.015,0.015,0.015,0.015,2008
PNR,20150611,0.072,0.073,0.072,0.073,192352
PNV,20150611,0.073,0.078,0.073,0.075,198473
PNW,20150611,0.285,0.285,0.285,0.285,66
PNX,20150611,0.021,0.021,0.021,0.021,345390
POH,20150611,0.023,0.024,0.022,0.024,544348
POK,20150611,0.022,0.026,0.02,0.023,565539
POP,20150611,0.02,0.02,0.02,0.02,445
POS,20150611,0.17,0.175,0.17,0.17,837350
POU,20150611,19.99,19.99,19.83,19.83,2415
PPC,20150611,1.15,1.155,1.11,1.12,64148
PPK,20150611,0.575,0.575,0.55,0.55,54000
PPP,20150611,0.043,0.043,0.043,0.043,20000
PPS,20150611,0.345,0.345,0.325,0.33,485932
PPT,20150611,53.5,54.22,53.27,53.96,199516
PPX,20150611,0.026,0.026,0.026,0.026,205248
PRA,20150611,0.009,0.009,0.009,0.009,827213
PRG,20150611,3.04,3.08,3.01,3.02,306677
PRL,20150611,0.062,0.063,0.061,0.061,207835
PRO,20150611,1.05,1.095,1.05,1.07,56330
PRR,20150611,0.09,0.09,0.089,0.089,4170922
PRT,20150611,0.755,0.78,0.74,0.76,324942
PRU,20150611,0.44,0.44,0.43,0.43,749826
PRY,20150611,5.19,5.24,5.14,5.24,1615878
PSQ,20150611,2.25,2.28,2.25,2.28,3004
PSY,20150611,0.14,0.16,0.14,0.155,2149945
PSZ,20150611,0.92,0.94,0.92,0.935,66000
PTL,20150611,0.46,0.46,0.45,0.45,45100
PTM,20150611,7.76,7.85,7.67,7.84,1252785
PTR,20150611,0.004,0.005,0.004,0.005,333500
PTX,20150611,0.087,0.087,0.077,0.077,979473
PUN,20150611,0.008,0.008,0.008,0.008,25006
PVD,20150611,0.39,0.39,0.385,0.39,210058
PWN,20150611,0.048,0.048,0.047,0.047,41700
PXG,20150611,0.079,0.08,0.079,0.08,293000
PXS,20150611,0.235,0.235,0.23,0.23,1685434
PYC,20150611,0.025,0.026,0.024,0.024,506495
PYL,20150611,0.3,0.305,0.295,0.3,81813
PZC,20150611,0.012,0.012,0.011,0.011,4565489
QAN,20150611,3.24,3.29,3.19,3.22,11298660
QAU,20150611,12.49,12.49,12.49,12.49,2000
QBE,20150611,13.74,14.02,13.74,14.02,4675419
QBL,20150611,0.014,0.014,0.013,0.013,589717
QCB,20150611,11.99,11.99,11.99,11.99,4190
QFX,20150611,0.002,0.002,0.002,0.002,750000
QHL,20150611,0.165,0.17,0.165,0.165,402660
QMN,20150611,0.006,0.006,0.006,0.006,1105000
QOZ,20150611,12.9,12.98,12.9,12.95,4125
QTG,20150611,0.006,0.006,0.006,0.006,60000
QUB,20150611,2.56,2.62,2.535,2.6,5498013
QUS,20150611,27.52,27.52,27.52,27.52,915
QVE,20150611,1.065,1.07,1.05,1.065,262961
RBX,20150611,0.004,0.004,0.004,0.004,1081750
RCB,20150611,20.34,20.46,20.34,20.34,22104
RCG,20150611,1.145,1.17,1.12,1.15,312854
RCM,20150611,0.015,0.019,0.015,0.019,1981894
RCR,20150611,1.94,2.01,1.925,1.965,188849
RCT,20150611,3.47,3.5,3.46,3.5,12898
RCU,20150611,0.16,0.16,0.16,0.16,720
RDG,20150611,0.014,0.014,0.013,0.013,500000
RDH,20150611,1.36,1.36,1.35,1.35,19140
RDS,20150611,0.006,0.006,0.006,0.006,6500
RDV,20150611,30.46,30.52,30.43,30.48,21399
REA,20150611,38.5,39.99,38.1,38.4,653969
REC,20150611,7.16,7.27,7.06,7.27,1398316
RED,20150611,0.083,0.086,0.083,0.086,331700
REF,20150611,0.13,0.13,0.125,0.125,24325
REG,20150611,5.41,5.5,5.39,5.46,547471
REH,20150611,36,36,36,36,1162
RER,20150611,0.06,0.06,0.055,0.055,1137137
RES,20150611,0.07,0.076,0.07,0.071,115000
REX,20150611,0.99,1,0.985,1,84642
REY,20150611,0.11,0.11,0.11,0.11,79231
RFF,20150611,1.13,1.13,1.11,1.12,150346
RFG,20150611,5.57,5.85,5.56,5.77,723003
RFL,20150611,0.17,0.175,0.17,0.17,199661
RFX,20150611,0.25,0.25,0.24,0.245,38040
RGP,20150611,0.063,0.063,0.063,0.063,20000
RGS,20150611,0.185,0.185,0.18,0.185,57961
RGX,20150611,0.055,0.056,0.05,0.05,258410
RHC,20150611,60.38,61.37,60,61.24,609297
RHL,20150611,3.69,3.69,3.65,3.69,7405
RHP,20150611,1.58,1.66,1.51,1.55,101079
RHS,20150611,0.19,0.22,0.19,0.21,494232
RHT,20150611,0.047,0.047,0.047,0.047,228500
RIC,20150611,1.185,1.24,1.18,1.24,1911301
RIE,20150611,0.01,0.01,0.01,0.01,11524
RIM,20150611,0.019,0.019,0.019,0.019,50000
RIO,20150611,56.99,57.48,56.81,57.48,1301543
RKN,20150611,2.24,2.24,2.18,2.22,55473
RLE,20150611,0.16,0.165,0.155,0.165,144967
RMD,20150611,7.62,7.64,7.54,7.56,3998053
RMP,20150611,0.096,0.096,0.093,0.094,3133001
RMR,20150611,0.006,0.007,0.006,0.006,29169658
RMS,20150611,0.115,0.115,0.115,0.115,497666
RMX,20150611,0.005,0.005,0.004,0.004,8814043
RND,20150611,1.85,1.85,1.8,1.85,5045
RNI,20150611,0.017,0.018,0.017,0.018,528500
RNO,20150611,0.037,0.038,0.036,0.037,1150747
RNS,20150611,0.042,0.042,0.042,0.042,14000
RNY,20150611,0.3,0.3,0.295,0.295,26800
ROG,20150611,0.001,0.001,0.001,0.001,5531434
RRE,20150611,0.024,0.024,0.024,0.024,150000
RRL,20150611,1.13,1.19,1.115,1.125,4323499
RRS,20150611,0.017,0.017,0.015,0.015,8674703
RSG,20150611,0.335,0.345,0.322,0.325,400383
RSL,20150611,0.008,0.008,0.008,0.008,510784
RSM,20150611,20.55,20.61,20.5,20.61,14089
RTD,20150611,0.002,0.002,0.002,0.002,301206
RTG,20150611,0.73,0.73,0.72,0.725,322500
RTR,20150611,0.067,0.069,0.066,0.069,1599311
RUL,20150611,0.58,0.58,0.58,0.58,7500
RUM,20150611,0.06,0.06,0.06,0.06,14000
RVA,20150611,0.48,0.5,0.48,0.5,28950
RVL,20150611,32.33,32.35,32.33,32.35,88
RVR,20150611,0.19,0.19,0.185,0.19,109757
RVY,20150611,0.027,0.031,0.026,0.03,2491891
RWD,20150611,0.815,0.815,0.81,0.81,4009
RWH,20150611,1.95,1.95,1.91,1.94,20207
RXH,20150611,0.29,0.29,0.28,0.28,10452
RXL,20150611,0.021,0.022,0.021,0.022,15494720
RXM,20150611,0.115,0.115,0.115,0.115,351962
RXP,20150611,0.39,0.4,0.385,0.4,179232
S32,20150611,2.12,2.14,2.11,2.13,32285710
SAI,20150611,4.2,4.26,4.18,4.21,807731
SAR,20150611,0.445,0.455,0.44,0.445,781579
SAU,20150611,0.01,0.01,0.009,0.009,283956
SAY,20150611,0.005,0.005,0.005,0.005,566
SBB,20150611,0.053,0.053,0.051,0.053,190000
SBM,20150611,0.43,0.45,0.43,0.45,669510
SCG,20150611,3.88,3.89,3.83,3.84,14715309
SDF,20150611,1.535,1.575,1.535,1.56,3570752
SDG,20150611,1.78,1.795,1.685,1.685,152892
SDI,20150611,0.53,0.53,0.53,0.53,28000
SDL,20150611,0.022,0.023,0.021,0.022,2027625
SDM,20150611,0.74,0.752,0.74,0.75,196666
SEA,20150611,0.53,0.54,0.52,0.535,2220112
SEG,20150611,0.005,0.005,0.004,0.004,2436465
SEH,20150611,0.155,0.16,0.152,0.16,1171706
SEK,20150611,16.37,16.66,16.35,16.61,1226817
SEN,20150611,0.12,0.125,0.12,0.125,430287
SER,20150611,0.037,0.042,0.033,0.033,7858349
SES,20150611,0.18,0.18,0.18,0.18,60000
SFC,20150611,4.81,4.81,4.81,4.81,2064
SFH,20150611,0.62,0.62,0.61,0.61,133648
SFI,20150611,0.08,0.08,0.073,0.074,1211596
SFR,20150611,5.23,5.32,5.23,5.28,692492
SFX,20150611,0.47,0.47,0.43,0.43,61136
SFY,20150611,54.2,54.6,54.06,54.57,11862
SGF,20150611,2.37,2.56,2.37,2.55,357757
SGH,20150611,6.15,6.25,6.11,6.2,1973065
SGM,20150611,10.95,11.06,10.95,11.02,972422
SGN,20150611,0.6,0.655,0.595,0.63,3070218
SGO,20150611,0.094,0.094,0.094,0.094,14667
SGP,20150611,4.2,4.22,4.165,4.2,4505959
SGQ,20150611,0.098,0.1,0.096,0.096,310750
SGU,20150611,0.14,0.14,0.14,0.14,50000
SGZ,20150611,0.014,0.014,0.014,0.014,40000
SHE,20150611,0.047,0.051,0.046,0.046,2141834
SHJ,20150611,2.75,2.79,2.72,2.78,37986
SHK,20150611,0.002,0.002,0.002,0.002,50000
SHL,20150611,19.6,19.65,19.47,19.6,1330738
SHP,20150611,0.014,0.014,0.014,0.014,215000
SHV,20150611,9.8,10.1,9.8,9.98,197697
SIO,20150611,1.4,1.455,1.395,1.45,83400
SIP,20150611,0.805,0.825,0.8,0.815,1175340
SIQ,20150611,1.825,1.85,1.79,1.8,170887
SIR,20150611,3.67,3.77,3.67,3.76,4015111
SIT,20150611,0.35,0.36,0.34,0.35,211691
SIV,20150611,8.29,8.6,8.28,8.6,44947
SKC,20150611,4.05,4.05,3.98,4.03,486744
SKE,20150611,1.535,1.585,1.525,1.585,2284861
SKI,20150611,1.92,1.95,1.91,1.935,3631719
SKT,20150611,5.77,5.77,5.66,5.7,352817
SLC,20150611,1.8,1.82,1.7,1.78,472638
SLF,20150611,11.45,11.53,11.44,11.44,81160
SLK,20150611,2.52,2.52,2.51,2.51,9000
SLM,20150611,0.76,0.785,0.76,0.785,10000
SLR,20150611,0.165,0.17,0.165,0.165,1128123
SLX,20150611,0.49,0.5,0.485,0.49,53957
SMA,20150611,0.033,0.037,0.032,0.032,18451742
SMD,20150611,0.023,0.023,0.023,0.023,20000
SMN,20150611,0.38,0.38,0.36,0.36,45644
SMP,20150611,0.165,0.165,0.165,0.165,101200
SMR,20150611,0.055,0.055,0.055,0.055,10000
SMX,20150611,3.34,3.34,3.27,3.29,93937
SNC,20150611,0.92,0.92,0.92,0.92,13000
SND,20150611,0.64,0.66,0.63,0.66,1335777
SNL,20150611,1.95,1.95,1.95,1.95,5000
SNV,20150611,0.001,0.001,0.001,0.001,600000
SOC,20150611,0.002,0.002,0.002,0.002,420344
SOI,20150611,0.001,0.001,0.001,0.001,4089750
SOL,20150611,13.96,14,13.85,13.89,46869
SOM,20150611,2.43,2.46,2.41,2.44,30160
SOR,20150611,0.17,0.17,0.145,0.15,3484153
SPI,20150611,0.009,0.009,0.009,0.009,260000
SPK,20150611,2.64,2.65,2.55,2.55,2188273
SPL,20150611,0.755,0.765,0.75,0.755,50983
SPO,20150611,2.18,2.21,2.16,2.21,4093868
SPX,20150611,0.01,0.01,0.01,0.01,100000
SPY,20150611,271.75,271.75,271.75,271.75,170
SRF,20150611,1.7,1.75,1.7,1.74,623219
SRH,20150611,0.1,0.105,0.1,0.105,103454
SRI,20150611,0.091,0.092,0.078,0.08,11015512
SRK,20150611,0.039,0.04,0.039,0.04,26291
SRQ,20150611,0.01,0.011,0.01,0.011,217773
SRV,20150611,5.89,6.06,5.82,6,45779
SRX,20150611,29.38,29.435,28.93,29.18,299065
SSM,20150611,0.31,0.31,0.305,0.305,87200
STA,20150611,0.007,0.008,0.007,0.008,2760378
STO,20150611,8.17,8.28,8.16,8.27,4950411
STW,20150611,52.13,52.5,52.03,52.43,116872
STX,20150611,0.13,0.135,0.13,0.135,541000
SUD,20150611,0.03,0.031,0.029,0.029,2750131
SUL,20150611,9.86,10.09,9.86,10.07,661138
SUM,20150611,0.04,0.044,0.04,0.044,925000
SUN,20150611,13.16,13.38,13.12,13.35,3061681
SUR,20150611,0.002,0.002,0.002,0.002,10500000
SVA,20150611,0.59,0.59,0.5,0.5,69638
SVW,20150611,6.6,6.8,6.6,6.69,353176
SVY,20150611,0.365,0.37,0.365,0.37,30000
SWE,20150611,0.08,0.08,0.078,0.08,53317
SWJ,20150611,0.009,0.009,0.009,0.009,300000
SWK,20150611,0.14,0.14,0.14,0.14,423964
SWL,20150611,1.13,1.17,1.13,1.17,69402
SWM,20150611,1.04,1.045,1.02,1.025,4059236
SXL,20150611,0.985,0.995,0.98,0.995,740614
SXT,20150611,0.007,0.007,0.007,0.007,563000
SXY,20150611,0.32,0.325,0.305,0.31,8107497
SYD,20150611,5.28,5.28,5.21,5.24,7566890
SYI,20150611,30.18,30.41,30.18,30.39,15278
SYP,20150611,0.008,0.008,0.008,0.008,1144673
SYR,20150611,3.81,4,3.77,3.92,1933784
TAH,20150611,4.7,4.79,4.7,4.75,3877470
TAM,20150611,0.026,0.026,0.025,0.025,199342
TAN,20150611,0.75,0.755,0.745,0.75,256643
TAP,20150611,0.345,0.36,0.345,0.345,141793
TAR,20150611,0.004,0.004,0.004,0.004,145000
TAS,20150611,0.018,0.018,0.018,0.018,20000
TAW,20150611,0.005,0.005,0.004,0.005,7399573
TBR,20150611,3.98,4,3.95,4,59906
TCH,20150611,1.7,1.7,1.66,1.7,49318
TCL,20150611,9.8,9.83,9.69,9.8,6054323
TDO,20150611,0.06,0.06,0.059,0.059,53724
TEN,20150611,0.245,0.255,0.245,0.25,6752195
TEX,20150611,0.004,0.004,0.004,0.004,75833
TFC,20150611,1.8,1.84,1.785,1.8,561275
TGA,20150611,2.81,2.87,2.81,2.82,222361
TGG,20150611,1.39,1.41,1.38,1.39,233126
TGP,20150611,1.07,1.075,1.027,1.04,44958
TGR,20150611,3.33,3.35,3.29,3.34,322280
TGS,20150611,0.094,0.102,0.091,0.092,41741247
TGZ,20150611,0.77,0.77,0.77,0.77,11092
THO,20150611,0.011,0.011,0.011,0.011,16870
THR,20150611,0.002,0.002,0.002,0.002,2240024
THX,20150611,0.105,0.11,0.1,0.105,226842
TIG,20150611,0.1,0.1,0.1,0.1,32971
TIS,20150611,0.034,0.034,0.032,0.034,631289
TIX,20150611,2.53,2.54,2.48,2.48,153116
TKL,20150611,0.012,0.016,0.012,0.014,811872
TLG,20150611,0.41,0.41,0.395,0.4,297303
TLM,20150611,0.175,0.18,0.175,0.18,121929
TLS,20150611,6,6.04,6,6.04,13698894
TME,20150611,3.33,3.33,3.24,3.26,1522684
TMK,20150611,0.005,0.005,0.005,0.005,310000
TMX,20150611,0.007,0.007,0.007,0.007,23000
TND,20150611,0.03,0.03,0.03,0.03,65000
TNE,20150611,3.69,3.77,3.64,3.73,748751
TNG,20150611,0.19,0.21,0.19,0.2,2703890
TNK,20150611,0.98,0.98,0.98,0.98,22485
TNP,20150611,0.007,0.008,0.007,0.008,450524
TOE,20150611,0.073,0.075,0.071,0.071,1034070
TOF,20150611,2.08,2.09,2.06,2.08,51239
TOM,20150611,0.17,0.175,0.165,0.175,68689
TON,20150611,0.295,0.32,0.295,0.305,2707458
TOP,20150611,0.47,0.47,0.47,0.47,34720
TOT,20150611,1.18,1.18,1.17,1.18,32500
TOX,20150611,3.08,3.16,3.08,3.1,51222
TPC,20150611,0.92,0.93,0.92,0.93,9000
TPD,20150611,0.017,0.017,0.016,0.016,118460
TPI,20150611,0.79,0.82,0.79,0.815,6949579
TPM,20150611,8.62,8.71,8.62,8.68,1409370
TPP,20150611,0.048,0.048,0.048,0.048,80000
TRG,20150611,10.3,11.4,10.3,11.4,65593
TRL,20150611,0.028,0.028,0.028,0.028,39285
TRM,20150611,0.029,0.029,0.028,0.028,127315
TRS,20150611,6.69,6.72,6.5,6.6,59747
TRY,20150611,0.36,0.36,0.335,0.35,1534566
TSE,20150611,1.57,1.572,1.485,1.525,1620312
TSM,20150611,0.34,0.34,0.325,0.325,96070
TSN,20150611,0.003,0.004,0.003,0.003,1679558
TSV,20150611,0.022,0.022,0.021,0.021,997791
TTE,20150611,0.031,0.032,0.031,0.032,354377
TTN,20150611,0.085,0.087,0.085,0.087,45219
TTS,20150611,3.82,3.85,3.78,3.8,3114023
TUP,20150611,0.285,0.285,0.275,0.28,349329
TWD,20150611,3.48,3.48,3.45,3.45,4146
TWE,20150611,5.06,5.22,5.06,5.22,1705881
TWR,20150611,2.03,2.03,2.03,2.03,242788
TYK,20150611,0.001,0.002,0.001,0.002,64396
TZL,20150611,0.11,0.11,0.105,0.11,225571
TZN,20150611,0.125,0.13,0.125,0.13,367789
UBI,20150611,0.32,0.325,0.315,0.32,175326
UBJ,20150611,20.51,20.51,20.51,20.51,89
UEQ,20150611,0.009,0.01,0.009,0.01,99605
UGL,20150611,2.63,2.64,2.51,2.59,1297227
UIL,20150611,0.055,0.055,0.055,0.055,50000
UML,20150611,0.022,0.023,0.021,0.022,3430849
UNS,20150611,0.56,0.57,0.54,0.55,147659
UNV,20150611,0.098,0.1,0.098,0.1,210758
UOS,20150611,0.51,0.51,0.48,0.48,36000
UPG,20150611,1,1,1,1,7648
URF,20150611,2.17,2.17,2.16,2.17,23042
USA,20150611,0.022,0.022,0.022,0.022,20000
USD,20150611,12.68,12.72,12.6,12.65,141934
UXC,20150611,0.785,0.8,0.775,0.8,498366
VAF,20150611,49.6,49.71,49.52,49.52,6790
VAH,20150611,0.46,0.462,0.445,0.45,1177815
VAP,20150611,72.73,73.01,72.47,72.54,16714
VAR,20150611,0.038,0.038,0.037,0.037,114360
VAS,20150611,70.51,70.99,70.51,70.91,18477
VEC,20150611,0.01,0.01,0.01,0.01,1337582
VED,20150611,2.24,2.305,2.225,2.3,2819027
VEI,20150611,0.68,0.68,0.675,0.68,85471
VET,20150611,0.1,0.105,0.099,0.1,422433
VEU,20150611,65.48,65.48,64.6,64.89,35337
VGB,20150611,48.58,48.59,48.22,48.25,3548
VGE,20150611,60.04,60.62,60,60.06,2614
VGS,20150611,58.5,59.08,58.5,58.6,8465
VHY,20150611,65.5,66.06,65.5,66.05,35772
VLA,20150611,0.81,0.85,0.795,0.8,768981
VLC,20150611,61.7,61.99,61.7,61.99,452
VLW,20150611,2.17,2.17,2.09,2.11,219742
VMG,20150611,0.007,0.007,0.006,0.006,207790
VML,20150611,0.033,0.034,0.033,0.034,75000
VMS,20150611,0.027,0.027,0.025,0.025,57526
VOC,20150611,5.72,5.95,5.71,5.95,197511
VRL,20150611,6.01,6.11,6,6.1,96028
VRT,20150611,5.95,5.95,5.77,5.77,1368036
VSC,20150611,1.43,1.43,1.43,1.43,7244
VSO,20150611,45.02,45.53,45.02,45.5,1509
VTG,20150611,1.84,1.85,1.82,1.835,85095
VTM,20150611,0.014,0.014,0.014,0.014,61508
VTS,20150611,141.62,141.95,140.71,141.1,14176
VTX,20150611,0.02,0.023,0.02,0.023,5189207
VXL,20150611,0.245,0.245,0.24,0.24,146942
VXR,20150611,0.005,0.005,0.005,0.005,111136
WAA,20150611,1.015,1.015,0.98,0.98,104604
WAF,20150611,0.063,0.063,0.063,0.063,13665
WAL,20150611,0.007,0.007,0.007,0.007,10000
WAM,20150611,1.95,1.96,1.93,1.96,514717
WAX,20150611,1.16,1.17,1.16,1.16,134652
WBA,20150611,1.85,1.85,1.825,1.84,73727
WBC,20150611,31.75,32.04,31.67,31.97,6152664
WCB,20150611,9.8,9.8,9.8,9.8,243
WCN,20150611,0.007,0.007,0.007,0.007,1520748
WCP,20150611,0.011,0.011,0.011,0.011,300000
WDE,20150611,0.99,0.995,0.98,0.98,175200
WDS,20150611,0.13,0.13,0.12,0.125,278988
WEB,20150611,3.05,3.1,3.05,3.09,83649
WES,20150611,41.7,41.94,41.26,41.42,2335745
WFD,20150611,9.16,9.2,9.03,9.2,4131294
WGO,20150611,0.003,0.003,0.003,0.003,1100000
WHC,20150611,1.38,1.46,1.38,1.45,2053766
WHE,20150611,0.16,0.185,0.16,0.185,1239732
WHF,20150611,4.5,4.5,4.48,4.49,13000
WHN,20150611,0.005,0.005,0.005,0.005,165385
WIG,20150611,1.2,1.2,1.18,1.18,18641
WIN,20150611,0.125,0.125,0.11,0.11,323421
WKT,20150611,0.004,0.004,0.003,0.003,1350000
WLL,20150611,3.75,3.75,3.75,3.75,14075
WMK,20150611,0.825,0.825,0.82,0.825,302272
WMN,20150611,0.54,0.55,0.51,0.55,714735
WOR,20150611,10.41,10.76,10.41,10.7,1166502
WOW,20150611,27.38,27.4,26.97,27.08,3639417
WPI,20150611,0.012,0.014,0.012,0.014,218320
WPL,20150611,36.49,36.88,36.4,36.85,2583846
WRM,20150611,0.022,0.032,0.022,0.032,138915
WRR,20150611,0.335,0.335,0.335,0.335,6666
WSA,20150611,3.76,3.77,3.69,3.73,1693939
WTP,20150611,0.8,0.81,0.8,0.8,34618
WVL,20150611,0.007,0.007,0.007,0.007,860648
XAM,20150611,0.11,0.11,0.1,0.1,9050
XPD,20150611,0.2,0.2,0.2,0.2,30000
XRO,20150611,18.23,18.23,17.73,17.73,70915
XST,20150611,0.01,0.01,0.01,0.01,88000
XTD,20150611,0.23,0.23,0.23,0.23,10181
XTV,20150611,0.019,0.021,0.019,0.021,3905848
YAL,20150611,0.16,0.16,0.16,0.16,6666
YBR,20150611,0.52,0.52,0.52,0.52,5927
YOW,20150611,0.78,0.785,0.77,0.77,283733
YRR,20150611,0.011,0.011,0.011,0.011,378608
ZER,20150611,0.41,0.41,0.41,0.41,15000
ZEU,20150611,0.017,0.017,0.017,0.017,60000
ZGL,20150611,0.205,0.205,0.205,0.205,5300
ZGM,20150611,0.004,0.004,0.004,0.004,50000
ZIP,20150611,1.08,1.14,1.05,1.05,308561
ZNZ,20150611,5.64,5.64,5.45,5.53,13217
ZRL,20150611,0.04,0.04,0.04,0.04,27223
XAF,20150611,5523.4,5602,5523.4,5602,0
XAO,20150611,5486,5562.6,5486,5562.6,0
XAT,20150611,5427.8,5505.7,5427.8,5505.7,0
XDJ,20150611,1886,1913.4,1886,1909.2,0
XEC,20150611,1024.2,1039.5,1024.2,1036.3,0
XEJ,20150611,11417.1,11662.7,11417.1,11652.2,0
XFJ,20150611,6201.2,6311.3,6201.2,6311.3,0
XFL,20150611,5589.2,5669.4,5589.2,5669.4,0
XGD,20150611,2568,2596.4,2564.5,2565.9,0
XHJ,20150611,18211.7,18345.6,18211.7,18263,0
XIJ,20150611,808.3,814.4,803.4,812.3,0
XJO,20150611,5478.6,5556.7,5478.6,5556.7,0
XJR,20150611,3399.7,3475.6,3399.7,3468.8,0
XKO,20150611,5422.5,5499.3,5422.5,5499.3,0
XMD,20150611,5024.8,5089.8,5024.8,5088.7,0
XMJ,20150611,9049.8,9248.8,9049.8,9230.2,0
XMM,20150611,2681.7,2743.7,2681.7,2734.8,0
XNJ,20150611,4735.7,4771.9,4722.8,4765.7,0
XPJ,20150611,1256.3,1260.7,1250.7,1255.1,0
XSJ,20150611,8733.1,8770.3,8675.7,8700.9,0
XSO,20150611,2146.3,2177.6,2146.3,2176.6,0
XTJ,20150611,2112.9,2141,2112.9,2140.7,0
XTL,20150611,3346.6,3399.1,3346.6,3399.1,0
XTO,20150611,4560.9,4625.5,4560.9,4625.5,0
XUJ,20150611,6517.4,6580.4,6501.7,6575.4,0
XXJ,20150611,7134.7,7285.8,7134.7,7285.8,0
