1PG,20151103,4.55,4.62,4.45,4.5,824690
1ST,20151103,0.093,0.093,0.091,0.091,146731
3DM,20151103,0.077,0.084,0.077,0.084,257489
3PL,20151103,2.31,2.36,2.28,2.31,58929
88E,20151103,0.013,0.013,0.012,0.012,10318016
8CO,20151103,0.19,0.19,0.19,0.19,10137
8IH,20151103,0.88,0.895,0.88,0.895,225350
A2M,20151103,0.725,0.73,0.71,0.72,1701871
AAA,20151103,50.1,50.11,50.09,50.11,31622
AAC,20151103,1.48,1.5,1.465,1.48,946518
AAD,20151103,2.8,2.82,2.78,2.82,415474
AAX,20151103,0.385,0.385,0.385,0.385,2350
AB1,20151103,0.175,0.175,0.155,0.155,23105
ABC,20151103,4.22,4.23,4.15,4.19,1610816
ABL,20151103,0.02,0.02,0.02,0.02,18037
ABP,20151103,3.24,3.27,3.215,3.25,682750
ABU,20151103,0.19,0.19,0.175,0.18,438292
ABX,20151103,0.27,0.27,0.26,0.26,305662
ABY,20151103,0.235,0.235,0.23,0.235,153011
ACB,20151103,0.025,0.025,0.025,0.025,80802
ACG,20151103,0.225,0.24,0.21,0.21,790369
ACL,20151103,0.088,0.088,0.087,0.087,397448
ACR,20151103,0.745,0.745,0.72,0.735,351847
ACU,20151103,0.115,0.12,0.115,0.12,52335
ACW,20151103,0.058,0.058,0.058,0.058,52500
ACX,20151103,4.65,4.73,4.61,4.7,96748
ADA,20151103,1.4,1.485,1.4,1.475,84656
ADH,20151103,2.6,2.615,2.57,2.59,248981
ADJ,20151103,0.085,0.085,0.084,0.084,428862
ADO,20151103,0.088,0.089,0.087,0.088,519499
ADR,20151103,0.675,0.68,0.675,0.68,25000
ADV,20151103,0.012,0.013,0.011,0.012,2586701
ADY,20151103,0.018,0.018,0.018,0.018,2381
AEB,20151103,0.045,0.045,0.043,0.043,38500
AEE,20151103,0.018,0.018,0.018,0.018,324000
AEF,20151103,61,61,61,61,343
AEI,20151103,0.44,0.44,0.43,0.43,454969
AFA,20151103,0.21,0.21,0.21,0.21,30000
AFG,20151103,0.99,0.99,0.99,0.99,12500
AFI,20151103,5.86,5.9,5.85,5.89,126459
AFJ,20151103,0.91,0.91,0.905,0.91,70748
AFR,20151103,0.055,0.055,0.055,0.055,62500
AGF,20151103,1.365,1.365,1.35,1.355,1662868
AGI,20151103,3.13,3.19,3.1,3.18,180056
AGL,20151103,16.6,16.71,16.47,16.69,1843113
AGO,20151103,0.028,0.029,0.028,0.029,916548
AGR,20151103,0.175,0.18,0.16,0.16,410000
AGS,20151103,0.03,0.031,0.03,0.031,1133264
AHA,20151103,0.005,0.005,0.005,0.005,800000
AHD,20151103,14.08,14.11,13.83,13.99,16127
AHF,20151103,0.18,0.185,0.175,0.175,49793
AHG,20151103,4.19,4.24,4.18,4.24,375164
AHL,20151103,0.52,0.52,0.52,0.52,76002
AHY,20151103,1.765,1.78,1.755,1.765,870093
AHZ,20151103,0.064,0.064,0.063,0.064,1066671
AIA,20151103,5.13,5.37,5.11,5.22,43799
AIK,20151103,0.115,0.115,0.115,0.115,1215057
AIO,20151103,8.16,8.19,8.08,8.19,3251304
AIZ,20151103,2.69,2.69,2.61,2.64,17483
AJA,20151103,5.27,5.27,5.12,5.18,36230
AJC,20151103,0.003,0.003,0.003,0.003,500000
AJD,20151103,1.24,1.25,1.235,1.24,52074
AJL,20151103,0.3,0.3,0.3,0.3,41545
AJM,20151103,0.054,0.054,0.05,0.05,2814008
AJQ,20151103,0.155,0.155,0.15,0.15,813528
AJR,20151103,0.001,0.001,0.001,0.001,2800000
AJX,20151103,0.925,0.96,0.925,0.96,575444
AKM,20151103,0.017,0.017,0.017,0.017,10000
AKP,20151103,8,8,7.9,8,2230
ALF,20151103,1.35,1.355,1.345,1.35,243238
ALI,20151103,1.97,1.97,1.93,1.965,73296
ALK,20151103,0.245,0.25,0.24,0.24,57457
ALL,20151103,9.34,9.42,9.27,9.42,1429289
ALQ,20151103,5.27,5.44,5.27,5.4,1092747
ALR,20151103,1.03,1.03,1.025,1.025,10647
ALT,20151103,0.005,0.005,0.005,0.005,345277
ALU,20151103,4.78,4.82,4.7,4.77,1006940
AMA,20151103,1.045,1.05,1.035,1.035,3074854
AMC,20151103,13.6,13.73,13.48,13.65,1711216
AMI,20151103,0.033,0.033,0.033,0.033,33818
AMP,20151103,5.76,5.86,5.76,5.81,4926283
ANB,20151103,0.043,0.05,0.043,0.05,62000
ANG,20151103,0.325,0.33,0.325,0.33,2165
ANI,20151103,2.35,2.4,2.34,2.4,162906
ANN,20151103,19.76,19.76,19.52,19.74,581224
ANQ,20151103,0.003,0.003,0.003,0.003,200000
ANR,20151103,0.95,0.96,0.94,0.96,14493
ANZ,20151103,26.96,27.07,26.76,27,7664715
AOC,20151103,0.044,0.044,0.044,0.044,12000
AOG,20151103,3.1,3.11,3.07,3.1,604955
AOH,20151103,0.11,0.11,0.105,0.11,250000
AOK,20151103,0.067,0.067,0.067,0.067,10000
AON,20151103,0.044,0.044,0.04,0.04,492748
AOU,20151103,0.07,0.07,0.07,0.07,898461
APA,20151103,9.26,9.31,9.13,9.25,1438387
APE,20151103,10.7,10.79,10.17,10.31,98313
API,20151103,1.98,1.99,1.96,1.975,783247
APN,20151103,0.525,0.535,0.52,0.53,584181
APO,20151103,4.98,5.05,4.93,5.01,397891
APX,20151103,1.445,1.53,1.445,1.485,175126
APZ,20151103,1.45,1.45,1.44,1.45,22030
AQC,20151103,0.01,0.021,0.01,0.018,27480501
AQD,20151103,0.02,0.02,0.02,0.02,250000
AQG,20151103,2.82,2.9,2.82,2.88,178400
AQP,20151103,0.245,0.245,0.245,0.245,32600
AQQ,20151103,0.011,0.011,0.011,0.011,290086
AQR,20151103,0.046,0.046,0.043,0.044,350000
AQZ,20151103,0.555,0.555,0.555,0.555,10000
AR1,20151103,0.01,0.02,0.01,0.02,300431
ARA,20151103,0.37,0.37,0.37,0.37,400000
ARB,20151103,14.67,14.94,14.67,14.84,74252
ARD,20151103,0.023,0.026,0.023,0.026,564145
ARF,20151103,1.735,1.75,1.72,1.745,94199
ARG,20151103,7.72,7.75,7.7,7.73,108832
ARI,20151103,0.099,0.099,0.095,0.095,6412068
ARM,20151103,0.031,0.031,0.031,0.031,20000
ARU,20151103,0.055,0.055,0.053,0.053,76726
ARV,20151103,0.001,0.001,0.001,0.001,301004
ASB,20151103,2.26,2.38,2.26,2.3,1203285
ASH,20151103,0.26,0.26,0.255,0.255,87806
ASL,20151103,0.34,0.34,0.315,0.325,46406
AST,20151103,1.47,1.485,1.46,1.485,2393805
ASX,20151103,41.16,41.51,41.04,41.51,275558
ASZ,20151103,1.11,1.155,1.11,1.13,442470
ATC,20151103,0.105,0.105,0.105,0.105,62350
ATE,20151103,0.2,0.2,0.2,0.2,6835532
ATP,20151103,0.03,0.03,0.03,0.03,12000
ATU,20151103,0.485,0.485,0.485,0.485,1950
AUB,20151103,9.14,9.4,9.14,9.25,13582
AUF,20151103,1.35,1.35,1.35,1.35,65481
AUI,20151103,7.49,7.49,7.42,7.42,6270
AUQ,20151103,0.009,0.01,0.009,0.01,399460
AUZ,20151103,0.012,0.012,0.012,0.012,2676666
AVB,20151103,0.059,0.06,0.059,0.06,488989
AVG,20151103,0.37,0.37,0.365,0.365,131275
AVH,20151103,0.1,0.115,0.1,0.1,398000
AVI,20151103,0.026,0.026,0.026,0.026,251438
AVJ,20151103,0.55,0.55,0.535,0.54,55555
AVN,20151103,2.02,2.02,2.02,2.02,4000
AVX,20151103,0.007,0.007,0.007,0.007,50000
AVZ,20151103,0.01,0.01,0.01,0.01,725000
AWC,20151103,1.11,1.14,1.11,1.13,8554198
AWD,20151103,0.023,0.029,0.023,0.026,15491623
AWE,20151103,0.63,0.66,0.62,0.65,2195546
AWI,20151103,0.28,0.295,0.28,0.295,12000
AWN,20151103,0.55,0.55,0.55,0.55,1000
AWO,20151103,0.02,0.02,0.018,0.018,977502
AWQ,20151103,1.01,1.01,1.01,1.01,8197
AWV,20151103,0.052,0.052,0.052,0.052,200000
AXE,20151103,0.087,0.087,0.084,0.084,210000
AXP,20151103,0.9,0.9,0.89,0.9,42900
AXT,20151103,0.058,0.062,0.058,0.06,400745
AXZ,20151103,0.5,0.5,0.49,0.49,6078
AYC,20151103,0.029,0.029,0.029,0.029,64101
AYD,20151103,62.36,62.36,62.36,62.36,199
AYR,20151103,0.008,0.008,0.008,0.008,1000000
AYS,20151103,2.58,2.59,2.52,2.57,130353
AZJ,20151103,5.15,5.18,5.08,5.13,3083727
AZM,20151103,0.035,0.035,0.028,0.028,415759
AZS,20151103,0.04,0.04,0.039,0.039,1831195
AZV,20151103,0.115,0.12,0.115,0.115,52863
BAF,20151103,1.04,1.045,1.04,1.045,34111
BAL,20151103,8.3,8.41,8.12,8.21,619125
BAP,20151103,3.58,3.71,3.57,3.7,1309299
BAU,20151103,0.072,0.072,0.072,0.072,74125
BBG,20151103,0.76,0.76,0.745,0.745,938911
BBN,20151103,2.07,2.19,2.05,2.06,3082705
BBX,20151103,0.11,0.13,0.11,0.13,257480
BCI,20151103,0.265,0.27,0.26,0.27,227904
BCN,20151103,0.003,0.004,0.003,0.003,1324466
BDR,20151103,0.145,0.155,0.14,0.155,4955673
BEAR,20151103,17.91,17.92,17.74,17.81,56045
BEL,20151103,0.14,0.14,0.14,0.14,82500
BEN,20151103,10.52,10.66,10.52,10.66,1315264
BFC,20151103,0.315,0.32,0.305,0.305,75060
BFG,20151103,0.485,0.485,0.46,0.46,30000
BGA,20151103,5.85,5.88,5.79,5.83,525270
BGC,20151103,0.095,0.095,0.095,0.095,20000
BGD,20151103,0.015,0.016,0.015,0.016,800000
BGL,20151103,0.945,0.945,0.935,0.945,103801
BGS,20151103,0.009,0.009,0.009,0.009,1167511
BHP,20151103,22.95,23.31,22.91,23.02,8546503
BIS,20151103,0.7,0.7,0.645,0.7,107318
BKI,20151103,1.67,1.68,1.67,1.675,68352
BKL,20151103,174,175,171.16,173.33,63116
BKN,20151103,0.92,0.965,0.92,0.94,449515
BKT,20151103,0.072,0.072,0.06,0.07,429921
BKW,20151103,14.09,14.43,14.09,14.43,59080
BKY,20151103,0.45,0.485,0.45,0.48,250732
BLA,20151103,6.28,6.28,6.05,6.22,25923
BLD,20151103,5.45,5.5,5.41,5.48,1637649
BLG,20151103,0.057,0.057,0.055,0.057,235000
BLK,20151103,0.22,0.235,0.22,0.23,448666
BLT,20151103,0.425,0.43,0.415,0.42,105687
BLY,20151103,0.105,0.105,0.1,0.1,33188
BLZ,20151103,0.051,0.051,0.051,0.051,9000
BMG,20151103,0.017,0.017,0.012,0.014,617000
BML,20151103,0.005,0.005,0.005,0.005,144603
BNE,20151103,0.007,0.007,0.007,0.007,383580
BNO,20151103,0.535,0.54,0.52,0.52,135068
BNR,20151103,0.03,0.03,0.03,0.03,50000
BOA,20151103,0.3,0.3,0.275,0.275,43464
BOE,20151103,0.021,0.021,0.021,0.021,1000000
BOL,20151103,0.11,0.11,0.11,0.11,61026
BOQ,20151103,12.91,13,12.82,12.94,1038484
BPA,20151103,5.4,5.5,5.4,5.5,1095
BPF,20151103,0.33,0.335,0.33,0.335,84413
BPS,20151103,1.12,1.12,1.105,1.105,17137
BPT,20151103,0.635,0.64,0.625,0.63,3500273
BRD,20151103,0.001,0.001,0.001,0.001,13100000
BRG,20151103,6.64,6.82,6.64,6.82,159582
BRK,20151103,0.014,0.015,0.014,0.014,13862262
BRL,20151103,0.018,0.02,0.018,0.02,1498776
BRN,20151103,0.375,0.375,0.307,0.31,8785690
BRU,20151103,0.29,0.295,0.285,0.295,167362
BSE,20151103,0.06,0.06,0.06,0.06,24792
BSL,20151103,4.6,4.69,4.51,4.55,2849374
BSM,20151103,0.012,0.012,0.012,0.012,650000
BSP,20151103,0.001,0.001,0.001,0.001,293333
BST,20151103,0.92,0.92,0.9,0.92,20600
BTC,20151103,0.12,0.12,0.12,0.12,10000
BTI,20151103,1,1,1,1,4343
BTT,20151103,11.84,12.06,11.73,12.05,650186
BUL,20151103,0.033,0.033,0.032,0.033,478075
BUR,20151103,0.005,0.005,0.005,0.005,6640000
BUX,20151103,0.086,0.088,0.086,0.087,159917
BUY,20151103,0.009,0.009,0.009,0.009,150000
BWP,20151103,3.21,3.24,3.19,3.22,1194229
BXB,20151103,10.4,10.53,10.39,10.47,2035292
BXN,20151103,0.017,0.025,0.017,0.021,8604948
BYE,20151103,0.2,0.2,0.2,0.2,34190
BYI,20151103,1.195,1.195,1.17,1.17,4850
BYL,20151103,0.235,0.235,0.23,0.23,158500
BYR,20151103,0.019,0.019,0.018,0.018,96680
BZL,20151103,0.01,0.01,0.01,0.01,19867
CAA,20151103,0.1,0.11,0.1,0.11,92792
CAB,20151103,2.7,2.75,2.66,2.75,155897
CAD,20151103,0.003,0.003,0.003,0.003,1320850
CAJ,20151103,0.41,0.42,0.41,0.415,3291551
CAM,20151103,0.87,0.875,0.86,0.875,80647
CAR,20151103,9.94,10.02,9.86,9.98,354820
CAS,20151103,0.135,0.155,0.135,0.155,9060
CAT,20151103,1.615,1.625,1.6,1.6,17361
CAV,20151103,0.01,0.01,0.01,0.01,51162
CAY,20151103,0.057,0.057,0.057,0.057,50000
CAZ,20151103,0.03,0.031,0.027,0.027,866800
CBA,20151103,75.5,76.5,75.3,76.46,1949984
CBC,20151103,0.905,0.905,0.905,0.905,145310
CBL,20151103,1.65,1.65,1.63,1.63,10463
CBQ,20151103,0.003,0.003,0.003,0.003,1250000
CCL,20151103,9.09,9.09,9.01,9.06,1424507
CCP,20151103,8.8,8.81,8.66,8.69,152066
CCV,20151103,0.51,0.51,0.5,0.505,1321265
CDA,20151103,0.88,0.88,0.875,0.875,4434
CDB,20151103,0.015,0.015,0.015,0.015,337151
CDD,20151103,3.09,3.29,3.05,3.27,258647
CDM,20151103,1.48,1.485,1.475,1.475,198097
CDP,20151103,6.71,6.99,6.71,6.81,1284
CDV,20151103,0.14,0.14,0.135,0.135,66677
CDY,20151103,0.029,0.029,0.029,0.029,260833
CEN,20151103,4.93,4.93,4.93,4.93,220000
CFE,20151103,0.019,0.019,0.018,0.018,1770967
CGC,20151103,2.39,2.4,2.33,2.38,1176737
CGF,20151103,8.21,8.41,8.17,8.41,2201701
CGH,20151103,0.11,0.11,0.11,0.11,29272
CGL,20151103,4.6,4.65,4.56,4.65,1415
CGN,20151103,0.08,0.08,0.079,0.08,183898
CGS,20151103,0.37,0.37,0.37,0.37,29627
CGW,20151103,0.61,0.61,0.61,0.61,372650
CHC,20151103,4.49,4.53,4.44,4.47,769828
CHF,20151103,0.035,0.035,0.035,0.035,30000
CHN,20151103,0.11,0.11,0.11,0.11,18796
CHP,20151103,0.008,0.009,0.008,0.009,15210517
CHZ,20151103,0.033,0.033,0.033,0.033,7000
CIA,20151103,0.21,0.215,0.21,0.215,22100
CII,20151103,1.2,1.21,1.19,1.21,11180
CIM,20151103,27.89,28.17,27.63,27.91,369420
CIN,20151103,31.64,31.98,31.64,31.98,1684
CKF,20151103,3.72,3.74,3.7,3.71,123925
CKL,20151103,0.52,0.53,0.52,0.53,39479
CL8,20151103,0.019,0.019,0.019,0.019,430010
CLH,20151103,1.83,1.87,1.83,1.84,284678
CLQ,20151103,0.225,0.23,0.22,0.22,292910
CLV,20151103,0.31,0.34,0.3,0.3,75805
CLX,20151103,1.22,1.22,1.22,1.22,12775
CM8,20151103,0.255,0.26,0.255,0.255,1217998
CMI,20151103,1.47,1.47,1.47,1.47,277
CMP,20151103,0.34,0.34,0.34,0.34,10000
CMW,20151103,1,1.01,0.997,1.005,3244132
CMY,20151103,0.016,0.016,0.016,0.016,6004975
CND,20151103,0.215,0.215,0.215,0.215,1286
CNI,20151103,0.88,0.88,0.88,0.88,1332128
CNQ,20151103,0.041,0.041,0.04,0.04,123500
CNU,20151103,2.68,2.72,2.68,2.7,30833
CNW,20151103,0.023,0.023,0.022,0.022,4480474
CNX,20151103,0.018,0.018,0.017,0.017,227875
COE,20151103,0.205,0.21,0.2,0.2,5143
COF,20151103,0.41,0.415,0.41,0.41,344632
COH,20151103,88.2,89.23,87.69,88.76,191165
COI,20151103,0.085,0.085,0.08,0.08,268501
COK,20151103,0.002,0.002,0.001,0.001,9925350
COO,20151103,0.115,0.125,0.11,0.11,151756
CPU,20151103,10.81,10.97,10.73,10.97,959310
CQR,20151103,4.21,4.25,4.17,4.18,1435037
CRB,20151103,0.068,0.07,0.068,0.07,9000
CSD,20151103,0.049,0.05,0.049,0.05,130000
CSL,20151103,93.28,94.27,92.92,94.2,758385
CSR,20151103,2.85,2.99,2.845,2.91,3826239
CSS,20151103,0.056,0.057,0.055,0.055,1571833
CSV,20151103,1.65,1.66,1.61,1.645,131740
CTD,20151103,11.6,11.6,11.36,11.54,316300
CTN,20151103,0.935,0.945,0.935,0.945,150167
CTO,20151103,0.02,0.022,0.02,0.02,1062927
CTP,20151103,0.24,0.24,0.22,0.225,735933
CTR,20151103,0.063,0.065,0.062,0.062,192384
CTX,20151103,31.99,32.28,31.71,32.28,705168
CUE,20151103,0.068,0.068,0.068,0.068,844656
CUL,20151103,0.003,0.003,0.003,0.003,1504076
CUP,20151103,0.98,0.98,0.955,0.955,5261
CUV,20151103,3,3,2.9,3,33263
CUX,20151103,0.007,0.007,0.007,0.007,24156
CV1,20151103,0.505,0.505,0.5,0.5,42000
CVE,20151103,0.01,0.01,0.01,0.01,2525000
CVN,20151103,0.125,0.13,0.115,0.12,4974687
CVO,20151103,2.29,2.295,2.27,2.28,2666014
CVT,20151103,0.25,0.255,0.23,0.23,693485
CWC,20151103,0.595,0.6,0.595,0.6,3000
CWE,20151103,0.044,0.045,0.043,0.044,1382863
CWN,20151103,11.88,11.95,11.77,11.93,920751
CWP,20151103,4.19,4.25,4.15,4.18,22802
CXO,20151103,0.025,0.025,0.025,0.025,100000
CXU,20151103,0.14,0.145,0.14,0.145,77200
CXX,20151103,0.23,0.23,0.215,0.215,12500
CXZ,20151103,0.19,0.19,0.19,0.19,50000
CYA,20151103,0.81,0.81,0.81,0.81,25428
CYG,20151103,1.21,1.23,1.21,1.22,15215
CYP,20151103,0.44,0.44,0.43,0.43,70249
CYY,20151103,0.037,0.037,0.035,0.035,361417
CZI,20151103,0.035,0.035,0.035,0.035,67000
CZL,20151103,0.038,0.038,0.034,0.038,1946744
CZR,20151103,0.009,0.009,0.009,0.009,200000
CZZ,20151103,19.35,19.35,18.75,18.75,19108
DCC,20151103,0.13,0.135,0.13,0.135,44890
DCG,20151103,0.96,0.96,0.94,0.94,96815
DCN,20151103,0.75,0.75,0.74,0.74,60000
DDR,20151103,1.75,1.75,1.72,1.72,13110
DDT,20151103,0.02,0.02,0.02,0.02,210000
DFM,20151103,1.35,1.36,1.35,1.36,42450
DGH,20151103,0.7,0.7,0.7,0.7,10000
DJW,20151103,4.2,4.25,4.2,4.24,17698
DLC,20151103,0.002,0.002,0.002,0.002,190570
DLS,20151103,0.765,0.78,0.76,0.78,669073
DLX,20151103,5.9,5.97,5.84,5.97,1097055
DMP,20151103,47,47.95,46.81,47.89,402039
DNA,20151103,0.805,0.835,0.805,0.815,461699
DNK,20151103,0.295,0.295,0.285,0.285,328252
DOW,20151103,3.6,3.62,3.56,3.62,1938826
DRA,20151103,0.17,0.17,0.17,0.17,19750
DRM,20151103,0.535,0.555,0.535,0.54,114111
DSH,20151103,0.725,0.755,0.712,0.755,6144564
DSX,20151103,0.065,0.065,0.065,0.065,19334
DTL,20151103,1.18,1.18,1.17,1.17,9963
DUB,20151103,0.3,0.39,0.295,0.38,7779754
DUE,20151103,2.39,2.39,2.36,2.39,3142524
DUI,20151103,3.49,3.49,3.46,3.46,14514
DVA,20151103,0.51,0.515,0.51,0.515,94162
DVI,20151103,0.033,0.033,0.032,0.033,300000
DVN,20151103,0.615,0.615,0.615,0.615,3243
DWS,20151103,1.22,1.22,1.155,1.16,84841
DXS,20151103,7.57,7.73,7.55,7.63,2676343
DYE,20151103,0.34,0.35,0.335,0.335,214293
DYL,20151103,0.01,0.01,0.01,0.01,60000
E88,20151103,0.11,0.11,0.105,0.105,50000
EAR,20151103,0.08,0.08,0.08,0.08,100000
EBT,20151103,3.86,3.86,3.86,3.86,762
ECG,20151103,0.21,0.21,0.21,0.21,5000
ECX,20151103,3.6,3.6,3.48,3.55,36119
EDE,20151103,0.061,0.063,0.058,0.058,1499032
EEG,20151103,0.033,0.033,0.033,0.033,30000
EEU,20151103,15.05,15.05,15.05,15.05,1650
EGG,20151103,0.86,0.86,0.86,0.86,2400
EGH,20151103,0.64,0.64,0.625,0.63,457859
EGI,20151103,1.06,1.06,1.06,1.06,35000
EGO,20151103,0.004,0.004,0.004,0.004,3187424
EGP,20151103,5.1,5.13,5.065,5.12,1438077
EHE,20151103,7.77,7.77,7.4,7.56,777873
EHL,20151103,0.054,0.054,0.054,0.054,137055
ELD,20151103,4.28,4.35,4.28,4.32,95369
ELM,20151103,0.2,0.2,0.2,0.2,111000
ELT,20151103,0.01,0.01,0.01,0.01,60000
ELX,20151103,0.515,0.525,0.515,0.52,5185
EMF,20151103,1.98,1.98,1.98,1.98,7777
EMG,20151103,0.021,0.022,0.019,0.019,1660002
EMH,20151103,0.22,0.225,0.215,0.215,858721
EML,20151103,0.85,0.87,0.83,0.83,255161
EMU,20151103,0.085,0.09,0.08,0.08,1097231
EMX,20151103,0.043,0.043,0.04,0.04,850000
ENA,20151103,0.22,0.23,0.22,0.23,25000
ENC,20151103,0.36,0.37,0.35,0.35,20446
ENT,20151103,0.032,0.032,0.032,0.032,80000
ENX,20151103,0.009,0.009,0.009,0.009,15000
ENZ,20151103,0.36,0.36,0.36,0.36,66500
EOS,20151103,1.35,1.365,1.345,1.345,21646
EPD,20151103,0.915,0.915,0.865,0.905,213615
EPM,20151103,0.004,0.004,0.003,0.003,2429000
EPW,20151103,1.6,1.605,1.47,1.475,1322425
EPX,20151103,1.61,1.61,1.61,1.61,500
EQE,20151103,0.012,0.012,0.012,0.012,100000
EQT,20151103,23.44,23.5,23.23,23.23,2770
EQX,20151103,0.3,0.3,0.3,0.3,10000
ERA,20151103,0.325,0.34,0.32,0.34,139444
ERJ,20151103,0.036,0.042,0.035,0.038,1620529
ERM,20151103,0.054,0.054,0.053,0.053,112511
ESI,20151103,0.022,0.022,0.022,0.022,3012195
ESM,20151103,0.039,0.039,0.038,0.038,3622428
ESR,20151103,0.03,0.03,0.03,0.03,1187500
ESV,20151103,0.11,0.11,0.11,0.11,50000
ETE,20151103,0.012,0.012,0.012,0.012,420000
EVM,20151103,0.14,0.145,0.14,0.145,46666
EVN,20151103,1.33,1.39,1.312,1.39,6992542
EVR,20151103,0.705,0.705,0.7,0.7,15350
EWC,20151103,0.255,0.29,0.25,0.29,311141
EXC,20151103,0.022,0.022,0.022,0.022,464523
EXG,20151103,0.069,0.069,0.065,0.068,1722545
EXR,20151103,0.001,0.001,0.001,0.001,2250000
EZL,20151103,0.9,0.9,0.885,0.89,91463
FAN,20151103,2.32,2.32,2.32,2.32,4397
FAR,20151103,0.082,0.082,0.081,0.081,1841448
FBU,20151103,6.98,7.04,6.93,7.01,1141307
FCN,20151103,0.015,0.015,0.015,0.015,339690
FET,20151103,2.21,2.22,2.14,2.22,981795
FFT,20151103,0.985,0.99,0.98,0.99,11000
FGF,20151103,0.017,0.017,0.016,0.016,700001
FGG,20151103,1.095,1.1,1.085,1.1,49164
FGX,20151103,1.07,1.085,1.07,1.08,63856
FID,20151103,2.21,2.21,2.11,2.11,7667
FIE,20151103,0.042,0.042,0.042,0.042,738330
FLN,20151103,1.85,1.85,1.8,1.83,585009
FLT,20151103,37.52,38.25,37.03,37.4,374989
FMG,20151103,2.18,2.195,2.09,2.1,10083497
FML,20151103,0.35,0.36,0.35,0.35,23786
FMS,20151103,0.013,0.013,0.012,0.012,3445246
FND,20151103,0.135,0.135,0.13,0.135,207567
FNP,20151103,3,3.05,2.98,2.98,38571
FNT,20151103,0.002,0.002,0.002,0.002,250000
FPH,20151103,7.55,7.56,7.5,7.53,177172
FRI,20151103,1.15,1.15,1.14,1.15,108142
FRM,20151103,0.595,0.595,0.595,0.595,34000
FSA,20151103,1.36,1.43,1.35,1.43,21000
FSF,20151103,5.1,5.1,4.96,5,30180
FSI,20151103,1.43,1.43,1.43,1.43,11280
FTZ,20151103,0.13,0.13,0.13,0.13,3571
FWD,20151103,1.515,1.525,1.515,1.52,23611
FXJ,20151103,0.945,0.955,0.94,0.95,5949737
FXL,20151103,2.88,2.97,2.87,2.95,1774317
GAL,20151103,0.009,0.009,0.009,0.009,4315409
GAP,20151103,0.29,0.29,0.28,0.28,311750
GBG,20151103,0.037,0.039,0.036,0.038,899701
GBI,20151103,0.29,0.29,0.29,0.29,25000
GBM,20151103,0.01,0.01,0.009,0.009,609271
GBT,20151103,4,4,3.9,3.9,525787
GBX,20151103,0.004,0.004,0.004,0.004,250000
GBZ,20151103,0.021,0.021,0.02,0.02,121000
GC1,20151103,1.01,1.01,1.005,1.005,26654
GCR,20151103,0.072,0.072,0.072,0.072,28417
GCS,20151103,0.49,0.49,0.47,0.47,4086
GCY,20151103,0.1,0.1,0.1,0.1,74667
GDF,20151103,0.975,0.98,0.975,0.98,54915
GDI,20151103,0.9,0.905,0.895,0.895,197663
GDX,20151103,21.04,21.12,21.02,21.06,15629
GDY,20151103,0.03,0.03,0.029,0.029,959417
GEG,20151103,1,1.02,1,1.02,65501
GEM,20151103,3.18,3.2,3.08,3.18,2769980
GER,20151103,0.075,0.075,0.075,0.075,55250
GFL,20151103,1.66,1.66,1.66,1.66,2000
GFY,20151103,2.15,2.24,2.15,2.18,28906
GGE,20151103,0.009,0.009,0.008,0.009,2080000
GGG,20151103,0.028,0.028,0.027,0.027,759833
GHC,20151103,1.77,1.81,1.77,1.8,19161
GID,20151103,0.031,0.031,0.031,0.031,200000
GJT,20151103,1.777,1.78,1.775,1.775,12393
GLF,20151103,0.01,0.01,0.01,0.01,7395678
GLH,20151103,0.25,0.25,0.23,0.24,78800
GLL,20151103,0.13,0.13,0.13,0.13,50000
GLN,20151103,0.005,0.005,0.005,0.005,2500000
GMA,20151103,2.77,2.89,2.77,2.85,2081928
GME,20151103,0.032,0.033,0.032,0.033,64651
GMF,20151103,2.05,2.09,2.04,2.09,62030
GMG,20151103,6.07,6.11,6,6.01,2483526
GMM,20151103,0.175,0.175,0.15,0.16,1610377
GNC,20151103,8.47,8.92,8.28,8.48,1686924
GNE,20151103,1.77,1.78,1.76,1.78,25239
GNG,20151103,0.885,0.92,0.885,0.885,36241
GOLD,20151103,151.44,154.5,150.36,154.5,1890
GOR,20151103,0.405,0.425,0.405,0.425,201464
GOZ,20151103,3.07,3.07,3.02,3.05,152584
GPR,20151103,0.05,0.055,0.05,0.054,638452
GPT,20151103,4.8,4.83,4.74,4.78,4560478
GRB,20151103,0.072,0.072,0.068,0.068,227080
GRR,20151103,0.12,0.12,0.12,0.12,1418078
GRY,20151103,0.053,0.053,0.053,0.053,61376
GSC,20151103,0.008,0.008,0.008,0.008,10000
GSS,20151103,0.54,0.54,0.54,0.54,2500
GTG,20151103,0.019,0.022,0.019,0.02,4666023
GTY,20151103,2.8,2.84,2.785,2.83,360823
GUD,20151103,7.68,7.74,7.5,7.59,282596
GUF,20151103,0.013,0.016,0.013,0.016,474222
GUL,20151103,0.01,0.01,0.01,0.01,50000
GVF,20151103,1.03,1.035,1.03,1.035,90422
GWA,20151103,2.06,2.08,1.88,1.935,1764131
GXL,20151103,6.32,6.53,6.27,6.53,752704
GXN,20151103,0.001,0.001,0.001,0.001,2676996
GXY,20151103,0.075,0.075,0.071,0.073,12213235
HAS,20151103,0.08,0.08,0.08,0.08,600000
HAZ,20151103,0.002,0.002,0.002,0.002,210000
HDX,20151103,0.14,0.15,0.14,0.15,98000
HFA,20151103,2.9,2.93,2.86,2.91,156623
HFR,20151103,1.55,1.575,1.54,1.545,78391
HGG,20151103,6.12,6.16,6.08,6.15,1848928
HGO,20151103,0.2,0.2,0.2,0.2,14803
HHL,20151103,2.72,2.72,2.68,2.69,7400
HHV,20151103,1.19,1.2,1.185,1.185,75343
HHY,20151103,0.098,0.098,0.095,0.095,51650
HIG,20151103,0.082,0.082,0.082,0.082,30000
HIL,20151103,0.43,0.445,0.42,0.425,176631
HIT,20151103,0.325,0.325,0.305,0.305,73930
HLX,20151103,0.041,0.041,0.041,0.041,20000
HMI,20151103,0.018,0.018,0.017,0.017,650000
HNG,20151103,0.36,0.36,0.36,0.36,10000
HOR,20151103,0.021,0.021,0.018,0.018,369406
HPI,20151103,2.58,2.6,2.57,2.59,55326
HPR,20151103,0.082,0.082,0.082,0.082,240585
HRL,20151103,0.075,0.075,0.075,0.075,100000
HRR,20151103,0.09,0.093,0.09,0.09,70000
HSN,20151103,3.06,3.07,3.04,3.06,124790
HSO,20151103,2.72,2.72,2.66,2.7,1858384
HTA,20151103,0.095,0.095,0.095,0.095,239424
HUB,20151103,3,3.01,2.99,3.01,55963
HUO,20151103,4.02,4.09,3.95,3.98,1984
HVN,20151103,4.03,4.05,3.89,3.95,4302335
HZN,20151103,0.117,0.125,0.115,0.12,513988
IAA,20151103,64.64,64.89,64.14,64.14,6191
IAF,20151103,106.11,106.24,106,106,5901
IAG,20151103,5.55,5.56,5.46,5.53,7666315
IAU,20151103,0.14,0.142,0.14,0.14,9846
IBC,20151103,0.5,0.5,0.5,0.5,7200
IBG,20151103,0.058,0.058,0.052,0.054,426211
IBK,20151103,44.5,44.52,44.5,44.52,714
ICG,20151103,0.007,0.007,0.006,0.006,7160167
ICN,20151103,0.036,0.036,0.034,0.034,49806
ICQ,20151103,0.82,0.835,0.82,0.835,194293
ICS,20151103,1.31,1.31,1.31,1.31,2300
ICT,20151103,0.089,0.09,0.089,0.089,82300
IDR,20151103,2.05,2.08,2.04,2.05,162399
IDT,20151103,0.395,0.405,0.395,0.405,169790
IDX,20151103,1.88,1.9,1.81,1.815,147055
IDZ,20151103,0.37,0.37,0.37,0.37,3866
IEM,20151103,49.4,50.06,49.26,49.43,8496
IEU,20151103,59.53,59.97,59.15,59.31,13812
IFL,20151103,9.33,9.44,9.29,9.44,831405
IFM,20151103,0.725,0.735,0.722,0.725,335732
IFN,20151103,0.4,0.405,0.395,0.4,2463115
IGB,20151103,103.54,103.54,103.42,103.42,650
IGO,20151103,2.7,2.825,2.7,2.79,2816338
IGS,20151103,0.002,0.002,0.002,0.002,250000
IHD,20151103,13.69,13.8,13.67,13.73,50699
IHK,20151103,28.65,28.74,28.65,28.74,1200
IJH,20151103,204.78,204.78,203.37,203.37,2
IJP,20151103,17.3,17.43,17.21,17.24,25389
IJR,20151103,160.75,161.25,160.75,161,237
IKO,20151103,77.9,77.91,77.34,77.34,4418
ILB,20151103,113.89,113.89,113.49,113.85,1194
ILC,20151103,22.4,22.53,22.33,22.46,20918
ILU,20151103,6.43,6.58,6.4,6.53,1392786
IMA,20151103,0.071,0.071,0.071,0.071,19889
IMC,20151103,0.43,0.43,0.41,0.43,34703
IMD,20151103,0.235,0.235,0.23,0.23,118775
IMF,20151103,1.455,1.485,1.455,1.475,242216
INA,20151103,0.45,0.455,0.445,0.45,773459
IND,20151103,0.011,0.011,0.011,0.011,78000
IOF,20151103,4,4.04,3.97,3.98,1409155
IOO,20151103,106.49,107.06,105.74,105.92,10275
IOZ,20151103,21.78,21.97,21.78,21.91,30227
IPB,20151103,0.015,0.015,0.014,0.015,238000
IPD,20151103,0.99,1.05,0.99,1,118797
IPE,20151103,0.32,0.32,0.32,0.32,2000
IPH,20151103,7.6,7.6,7.46,7.48,80824
IPL,20151103,3.95,3.95,3.875,3.93,3074820
IPP,20151103,3.83,3.86,3.83,3.84,1522123
IPT,20151103,0.046,0.046,0.045,0.045,1089030
IQ3,20151103,0.3,0.3,0.29,0.29,42000
IQE,20151103,1.4,1.4,1.35,1.35,11860
IRD,20151103,0.15,0.15,0.15,0.15,38375
IRE,20151103,9.36,9.46,9.33,9.46,349576
IRI,20151103,2.47,2.5,2.4,2.44,45485
IRU,20151103,164.99,165.07,164.29,164.29,152
ISD,20151103,4.17,4.21,4.15,4.19,371233
ISG,20151103,15.5,15.59,15.5,15.59,554
ISN,20151103,0.059,0.059,0.059,0.059,100000
ISO,20151103,3.83,3.84,3.82,3.82,30006
ISU,20151103,1.48,1.505,1.46,1.48,608794
ISX,20151103,0.45,0.48,0.45,0.475,2554116
ITW,20151103,19.7,19.94,19.7,19.87,1227
IVC,20151103,11.25,11.37,11.16,11.37,268850
IVE,20151103,86.08,86.54,85.76,85.99,18249
IVO,20151103,0.089,0.089,0.089,0.089,120000
IVR,20151103,0.01,0.011,0.01,0.011,2524991
IVV,20151103,295.4,295.65,293.06,293.26,15297
IVX,20151103,0.012,0.012,0.012,0.012,1459392
IWG,20151103,0.15,0.16,0.15,0.16,344331
IXI,20151103,132.7,132.7,131.09,131.09,2621
IXJ,20151103,148.25,148.35,146.58,147.1,2406
IXP,20151103,85.71,85.71,85.43,85.43,418
IXR,20151103,0.008,0.008,0.008,0.008,600000
IZZ,20151103,53.8,53.96,53.35,53.51,7064
JBH,20151103,17.82,17.88,17.64,17.82,480506
JHC,20151103,3.15,3.15,3.1,3.13,550149
JHX,20151103,18.5,18.64,18.25,18.52,1697969
JIN,20151103,1.07,1.07,1.06,1.06,19151
JPR,20151103,0.25,0.25,0.25,0.25,3334
JRL,20151103,0.185,0.185,0.185,0.185,20000
KAM,20151103,0.77,0.775,0.77,0.77,45288
KAR,20151103,1.8,1.89,1.79,1.89,673230
KBC,20151103,0.17,0.17,0.165,0.165,64281
KBL,20151103,0.022,0.022,0.022,0.022,300000
KCN,20151103,0.64,0.645,0.63,0.635,248460
KDL,20151103,0.067,0.067,0.067,0.067,3500
KGD,20151103,0.022,0.022,0.022,0.022,17000
KGL,20151103,0.145,0.145,0.145,0.145,20000
KGM,20151103,0.01,0.01,0.01,0.01,50200
KII,20151103,2.53,2.54,2.53,2.54,32412
KIN,20151103,0.135,0.14,0.135,0.14,55000
KKL,20151103,0.009,0.009,0.009,0.009,6710310
KMD,20151103,1.485,1.485,1.445,1.45,506663
KME,20151103,0.41,0.41,0.41,0.41,6000
KNE,20151103,0.115,0.115,0.11,0.115,342302
KNL,20151103,0.205,0.205,0.19,0.195,651077
KNO,20151103,0.3,0.33,0.3,0.33,340763
KOR,20151103,0.05,0.05,0.037,0.04,2387648
KOV,20151103,3.08,3.1,3.08,3.1,1600
KPO,20151103,0.086,0.086,0.086,0.086,59664
KRC,20151103,0.025,0.026,0.025,0.025,526555
KRM,20151103,0.225,0.225,0.22,0.22,64842
KSC,20151103,1.37,1.37,1.37,1.37,752
KSL,20151103,1.17,1.21,1.17,1.17,188408
KSN,20151103,0.009,0.009,0.009,0.009,300000
KSO,20151103,0.008,0.008,0.008,0.008,17495848
KTE,20151103,0.03,0.033,0.03,0.03,805102
LAA,20151103,0.33,0.335,0.31,0.325,285986
LAU,20151103,0.48,0.48,0.465,0.465,151111
LBT,20151103,0.16,0.17,0.16,0.16,71750
LCD,20151103,0.047,0.047,0.047,0.047,11397
LCK,20151103,0.17,0.17,0.17,0.17,21013
LCM,20151103,0.72,0.72,0.715,0.715,3700
LCT,20151103,0.047,0.049,0.045,0.049,374730
LCY,20151103,0.005,0.005,0.005,0.005,309541
LEG,20151103,0.01,0.01,0.01,0.01,240000
LEP,20151103,3.9,3.92,3.89,3.91,55733
LER,20151103,0.17,0.17,0.17,0.17,10900
LGD,20151103,0.25,0.25,0.25,0.25,29765
LGR,20151103,0.092,0.092,0.092,0.092,4938
LHB,20151103,0.155,0.16,0.155,0.16,125000
LHC,20151103,3.09,3.1,3.03,3.05,34928
LIC,20151103,2.6,2.65,2.6,2.65,3353
LIT,20151103,0.11,0.11,0.1,0.11,636832
LLC,20151103,13.01,13.19,12.93,13.15,1916563
LMG,20151103,0.01,0.01,0.008,0.008,1700000
LML,20151103,0.042,0.042,0.042,0.042,100000
LNG,20151103,1.44,1.515,1.415,1.515,2172601
LNK,20151103,7.11,7.12,7.07,7.1,1614704
LNR,20151103,7.62,7.62,7.62,7.62,1464
LOM,20151103,0.365,0.365,0.345,0.35,783907
LOV,20151103,3.16,3.18,3.11,3.11,39771
LRR,20151103,0.001,0.001,0.001,0.001,3000000
LRS,20151103,0.007,0.008,0.007,0.007,4741072
LSR,20151103,0.038,0.04,0.036,0.04,419920
LTN,20151103,0.075,0.075,0.073,0.073,61495
LTX,20151103,0.018,0.019,0.018,0.019,1577971
LVT,20151103,0.18,0.18,0.18,0.18,45857
LWP,20151103,0.007,0.008,0.007,0.008,3818108
LYC,20151103,0.056,0.06,0.056,0.059,8753014
LYL,20151103,1.3,1.3,1.3,1.3,11525
MAD,20151103,0.082,0.085,0.082,0.085,454933
MAH,20151103,0.096,0.097,0.095,0.095,1950958
MAI,20151103,0.59,0.59,0.59,0.59,12000
MAQ,20151103,8.1,8.35,8.1,8.25,14918
MAT,20151103,0.165,0.165,0.165,0.165,7401
MBE,20151103,0.265,0.27,0.265,0.265,1834206
MCE,20151103,0.77,0.77,0.73,0.75,17293
MCP,20151103,0.68,0.68,0.67,0.67,34666
MCR,20151103,0.255,0.26,0.255,0.26,142047
MCS,20151103,0.086,0.086,0.086,0.086,110650
MCT,20151103,0.023,0.023,0.021,0.023,1836000
MDC,20151103,0.195,0.2,0.19,0.2,45000
MDI,20151103,0.007,0.007,0.006,0.006,2700000
MEB,20151103,0.41,0.41,0.4,0.4,17101
MEL,20151103,0.052,0.052,0.051,0.052,1963386
MEP,20151103,0.071,0.071,0.07,0.07,28050
MEU,20151103,0.025,0.025,0.022,0.022,2887961
MEZ,20151103,2.1,2.1,2.07,2.1,2589
MFF,20151103,1.915,1.945,1.905,1.91,210011
MFG,20151103,22.74,23.14,22.41,23.14,373077
MGC,20151103,2.36,2.36,2.29,2.34,373536
MGE,20151103,2.74,2.74,2.72,2.72,446996
MGR,20151103,1.8,1.83,1.79,1.81,8699215
MGV,20151103,0.024,0.024,0.024,0.024,20000
MGX,20151103,0.21,0.215,0.205,0.215,962604
MHC,20151103,0.029,0.029,0.029,0.029,1358
MHG,20151103,2.48,2.48,2.48,2.48,10080
MHM,20151103,0.025,0.025,0.025,0.025,31500
MIG,20151103,1.05,1.1,1.05,1.09,375867
MIN,20151103,4.26,4.335,4.18,4.28,824504
MIR,20151103,2.41,2.45,2.4,2.41,39100
MJP,20151103,0.56,0.56,0.55,0.555,7700
MKB,20151103,0.062,0.069,0.062,0.064,2616951
MLA,20151103,0.055,0.055,0.054,0.054,60000
MLB,20151103,1.9,1.93,1.88,1.925,16390
MLD,20151103,0.837,0.865,0.825,0.85,435080
MLM,20151103,0.05,0.052,0.05,0.052,215337
MLT,20151103,4.28,4.29,4.26,4.28,101212
MLX,20151103,1.31,1.36,1.31,1.35,550227
MMJ,20151103,0.285,0.295,0.28,0.295,285822
MML,20151103,0.535,0.535,0.495,0.51,790483
MMR,20151103,0.019,0.019,0.018,0.019,110000
MMS,20151103,12.95,12.95,12.73,12.91,332902
MNB,20151103,0.003,0.003,0.003,0.003,1966773
MND,20151103,7.08,7.37,7.08,7.36,491793
MNF,20151103,3.22,3.25,3.22,3.24,59149
MNQ,20151103,0.026,0.034,0.026,0.027,2277428
MNS,20151103,0.375,0.38,0.37,0.37,763823
MNW,20151103,0.068,0.068,0.068,0.068,29411
MNY,20151103,1.01,1.035,1.01,1.035,129896
MOC,20151103,1.9,1.9,1.85,1.86,23120
MOD,20151103,0.004,0.005,0.004,0.005,413908
MOO,20151103,0.003,0.003,0.002,0.002,4596895
MOQ,20151103,0.039,0.039,0.039,0.039,65000
MOT,20151103,0.001,0.001,0.001,0.001,550000
MOX,20151103,0.011,0.012,0.011,0.012,100000
MOY,20151103,0.052,0.052,0.052,0.052,6000
MOZ,20151103,0.038,0.04,0.038,0.04,828028
MPJ,20151103,0.007,0.007,0.006,0.006,3274222
MPL,20151103,2.37,2.37,2.33,2.35,5107485
MQA,20151103,4.14,4.17,4.07,4.11,638807
MQG,20151103,82.83,83.75,82.7,82.95,1082593
MRD,20151103,0.013,0.013,0.013,0.013,727769
MRF,20151103,0.069,0.069,0.069,0.069,10000
MRM,20151103,0.42,0.425,0.405,0.412,1426923
MRN,20151103,0.96,0.96,0.96,0.96,1500
MRP,20151103,0.115,0.115,0.105,0.105,134763
MSV,20151103,0.02,0.02,0.02,0.02,1877315
MTA,20151103,0.058,0.058,0.058,0.058,90000
MTL,20151103,0.095,0.105,0.082,0.082,239879
MTR,20151103,4.31,4.36,4.27,4.3,1698421
MTS,20151103,1.185,1.22,1.155,1.21,4627411
MTU,20151103,10.2,10.31,10.07,10.25,647453
MUA,20151103,1.02,1.02,1.02,1.02,10000
MUS,20151103,0.19,0.19,0.19,0.19,566
MVA,20151103,18.77,18.81,18.72,18.72,10159
MVB,20151103,25.74,25.74,25.61,25.72,1553
MVF,20151103,1.4,1.4,1.375,1.395,206151
MVP,20151103,3.35,3.4,3.32,3.4,19739
MVR,20151103,16.34,16.34,16.34,16.34,486
MVS,20151103,16,16.07,16,16.05,8347
MVT,20151103,0.14,0.14,0.135,0.14,471778
MVW,20151103,21.84,21.87,21.8,21.8,2538
MWR,20151103,1.45,1.485,1.43,1.43,6358
MWS,20151103,0.002,0.002,0.002,0.002,353707475
MXI,20151103,0.58,0.58,0.565,0.565,99471
MXR,20151103,0.002,0.002,0.002,0.002,10000000
MYO,20151103,3.25,3.33,3.24,3.33,267532
MYR,20151103,0.935,0.955,0.935,0.955,1563773
MYS,20151103,4.33,4.4,4.31,4.4,8390
MYT,20151103,2.64,2.65,2.63,2.63,4055
MYX,20151103,1.03,1.122,1.025,1.11,2128727
MZN,20151103,0.01,0.01,0.01,0.01,300000
NAB,20151103,30.01,30.29,29.76,30.1,5899858
NAC,20151103,0.99,0.99,0.99,0.99,21000
NAG,20151103,0.087,0.087,0.075,0.075,2727137
NAM,20151103,0.265,0.265,0.265,0.265,5000
NAN,20151103,1.65,1.665,1.585,1.595,189876
NCC,20151103,0.99,0.995,0.99,0.995,25006
NCK,20151103,4.3,4.32,4.27,4.27,19898
NCM,20151103,12,12.2,11.89,12.06,2188002
NDQ,20151103,11.42,11.43,11.31,11.31,16228
NEA,20151103,0.39,0.395,0.375,0.375,661860
NEC,20151103,1.525,1.557,1.515,1.55,1099795
NEU,20151103,0.091,0.091,0.089,0.09,794640
NHC,20151103,1.91,1.945,1.9,1.92,48279
NHF,20151103,3.5,3.59,3.45,3.56,203523
NIO,20151103,0.008,0.008,0.008,0.008,15000
NKP,20151103,0.09,0.09,0.09,0.09,12000
NMI,20151103,0.02,0.02,0.018,0.018,105063
NMT,20151103,0.175,0.18,0.172,0.175,750577
NNW,20151103,0.14,0.145,0.14,0.145,96504
NOD,20151103,0.075,0.076,0.074,0.074,114907
NOR,20151103,0.045,0.047,0.043,0.043,9057601
NPX,20151103,4.04,4.04,3.95,3.95,11461
NRR,20151103,0.055,0.055,0.055,0.055,460952
NRT,20151103,0.142,0.145,0.14,0.145,378502
NSL,20151103,0.011,0.012,0.011,0.011,1767000
NSR,20151103,1.585,1.605,1.57,1.595,286049
NST,20151103,2.6,2.6,2.39,2.55,9100593
NTC,20151103,1.62,1.62,1.43,1.46,424923
NTL,20151103,0.007,0.007,0.007,0.007,75000
NUF,20151103,8.47,8.51,8.35,8.36,550297
NVL,20151103,1.32,1.32,1.305,1.305,11500
NVT,20151103,4.25,4.29,4.23,4.27,706866
NWH,20151103,0.135,0.137,0.125,0.125,623228
NWS,20151103,21.85,21.96,21.75,21.83,56568
NWZ,20151103,0.05,0.05,0.043,0.043,3157655
NXM,20151103,0.075,0.075,0.075,0.075,32453
NXT,20151103,2.55,2.58,2.54,2.55,134804
OBJ,20151103,0.055,0.056,0.054,0.054,606236
OBL,20151103,0.003,0.003,0.003,0.003,529200
OCC,20151103,0.6,0.6,0.585,0.595,19816
ODN,20151103,0.002,0.002,0.002,0.002,250000
OEC,20151103,0.63,0.63,0.6,0.6,177749
OEL,20151103,0.03,0.03,0.029,0.029,640000
OEX,20151103,0.034,0.034,0.03,0.03,544462
OFX,20151103,2.82,2.895,2.815,2.88,1551243
OGC,20151103,2.68,2.74,2.67,2.71,741908
OGX,20151103,0.205,0.21,0.2,0.21,371743
OGY,20151103,0.012,0.014,0.012,0.014,129000
OIL,20151103,0.038,0.038,0.038,0.038,12000
OKU,20151103,0.08,0.08,0.078,0.078,55400
OLV,20151103,0.14,0.14,0.13,0.13,150000
OMH,20151103,0.15,0.15,0.14,0.14,158965
OML,20151103,3.6,3.6,3.54,3.55,124862
OMT,20151103,0.05,0.05,0.047,0.05,40562
ONT,20151103,7.3,7.3,7.3,7.3,1754
OOO,20151103,20.64,20.64,20.59,20.6,2565
ORA,20151103,2.34,2.36,2.31,2.36,2513774
ORE,20151103,1.8,1.867,1.77,1.77,538670
ORG,20151103,5.38,5.51,5.35,5.51,9260747
ORI,20151103,16.62,16.74,16.33,16.72,859447
ORL,20151103,2.61,2.61,2.52,2.56,41969
ORR,20151103,0.14,0.14,0.14,0.14,145094
ORS,20151103,0.012,0.012,0.012,0.012,500000
OSH,20151103,7.85,7.94,7.77,7.9,5505388
OSL,20151103,0.19,0.19,0.17,0.17,1860536
OSP,20151103,0.31,0.31,0.28,0.29,191532
OTC,20151103,0.19,0.19,0.19,0.19,10500
OTH,20151103,0.54,0.54,0.54,0.54,10000
OVH,20151103,0.475,0.48,0.45,0.475,122065
OVL,20151103,0.01,0.01,0.01,0.01,100000
OZF,20151103,19.76,19.77,19.74,19.77,5896
OZG,20151103,0.14,0.14,0.13,0.13,34940
OZL,20151103,4.55,4.69,4.47,4.65,2548954
OZR,20151103,7.03,7.06,7.03,7.05,4849
PAC,20151103,7.76,7.82,7.65,7.65,22024
PAF,20151103,0.945,0.95,0.935,0.935,47100
PAI,20151103,1.03,1.03,1.015,1.015,235507
PAK,20151103,0.043,0.043,0.042,0.042,400000
PAN,20151103,0.3,0.315,0.3,0.31,227173
PAR,20151103,0.3,0.3,0.3,0.3,20000
PAY,20151103,7.04,7.04,7,7,587
PBD,20151103,0.01,0.01,0.01,0.01,498505
PBG,20151103,0.75,0.765,0.75,0.765,1470176
PBT,20151103,0.112,0.115,0.112,0.115,28637
PCL,20151103,0.004,0.005,0.004,0.005,192000
PDN,20151103,0.245,0.25,0.242,0.25,3568453
PDZ,20151103,0.265,0.28,0.25,0.25,409150
PEH,20151103,0.18,0.195,0.18,0.185,265068
PEK,20151103,0.067,0.067,0.067,0.067,30000
PEN,20151103,1.21,1.21,1.115,1.115,178230
PEP,20151103,3.6,3.6,3.5,3.57,10117
PEX,20151103,0.225,0.225,0.215,0.215,13991
PEZ,20151103,0.052,0.052,0.052,0.052,54088
PFL,20151103,1.18,1.18,1.165,1.165,203492
PGC,20151103,0.605,0.605,0.605,0.605,47000
PGF,20151103,1.035,1.04,1.03,1.035,549042
PGH,20151103,5.18,5.18,5.11,5.15,580252
PGI,20151103,0.075,0.075,0.075,0.075,20000
PGL,20151103,0.19,0.2,0.19,0.2,20661
PGM,20151103,0.058,0.058,0.058,0.058,199946
PGR,20151103,0.635,0.635,0.635,0.635,1450
PGY,20151103,0.002,0.002,0.002,0.002,1012500
PHG,20151103,0.53,0.54,0.53,0.53,52413
PIC,20151103,0.985,0.99,0.985,0.99,117981
PIO,20151103,0.016,0.016,0.016,0.016,833060
PIQ,20151103,0.42,0.45,0.4,0.405,107910
PLH,20151103,0.095,0.095,0.095,0.095,5703
PLP,20151103,0.004,0.004,0.004,0.004,2050000
PLS,20151103,0.33,0.33,0.315,0.32,1812389
PMC,20151103,1.92,1.93,1.905,1.92,102916
PME,20151103,3.16,3.25,3.15,3.18,8912
PML,20151103,0.023,0.023,0.023,0.023,50000
PMP,20151103,0.535,0.535,0.525,0.525,18664
PMV,20151103,13.68,13.78,13.56,13.7,171261
PMY,20151103,0.012,0.012,0.011,0.011,267863
PNC,20151103,1.76,1.76,1.75,1.75,14887
PNL,20151103,0.345,0.345,0.345,0.345,6000
PNV,20151103,0.135,0.14,0.135,0.14,92995
POH,20151103,0.015,0.016,0.015,0.015,2382314
POK,20151103,0.215,0.22,0.195,0.2,1106224
POS,20151103,0.053,0.054,0.053,0.053,83866
PPC,20151103,1.01,1.01,1,1,146176
PPG,20151103,0.44,0.44,0.43,0.43,4434
PPL,20151103,0.475,0.5,0.475,0.5,82875
PPS,20151103,0.34,0.34,0.33,0.33,150051
PPT,20151103,44.9,45.67,44.62,45.67,306114
PPX,20151103,0.032,0.034,0.032,0.034,41115
PPY,20151103,0.01,0.01,0.01,0.01,10000
PRG,20151103,2.85,2.92,2.85,2.92,336913
PRL,20151103,0.035,0.035,0.035,0.035,23073
PRO,20151103,2.43,2.51,2.37,2.4,245546
PRR,20151103,0.052,0.054,0.051,0.054,8053396
PRT,20151103,0.55,0.565,0.55,0.55,85245
PRU,20151103,0.365,0.365,0.35,0.365,2752939
PRY,20151103,3.73,3.73,3.68,3.71,2743543
PSA,20151103,0.091,0.091,0.091,0.091,50000
PSF,20151103,0.015,0.015,0.014,0.014,1405000
PSQ,20151103,2.47,2.48,2.47,2.48,1422
PSY,20151103,0.18,0.18,0.175,0.18,691601
PSZ,20151103,0.99,0.99,0.985,0.985,33700
PTB,20151103,0.35,0.385,0.35,0.385,64000
PTL,20151103,0.465,0.465,0.465,0.465,3000
PTM,20151103,7.35,7.54,7.32,7.53,773916
PTX,20151103,0.05,0.05,0.05,0.05,149909
PUN,20151103,0.015,0.015,0.015,0.015,65000
PWN,20151103,0.028,0.028,0.026,0.026,537800
PXG,20151103,0.145,0.145,0.137,0.14,560515
PXS,20151103,0.23,0.235,0.225,0.225,185167
PYC,20151103,0.013,0.013,0.013,0.013,1300000
QAU,20151103,11.87,11.91,11.87,11.91,1583
QBE,20151103,13.02,13.26,13.02,13.24,2431840
QBL,20151103,0.013,0.013,0.013,0.013,1373495
QCB,20151103,10.1,10.1,10.09,10.09,2969
QHL,20151103,0.175,0.175,0.165,0.165,208053
QMS,20151103,0.99,0.99,0.98,0.99,33166
QOZ,20151103,11.51,11.56,11.51,11.55,2651
QTG,20151103,0.005,0.005,0.005,0.005,200000
QUB,20151103,2.36,2.36,2.32,2.33,2450702
QUR,20151103,0.03,0.03,0.03,0.03,95000
QVE,20151103,1.02,1.035,1.02,1.03,210387
RAD,20151103,0.045,0.045,0.045,0.045,30000
RAP,20151103,0.072,0.083,0.071,0.075,9228573
RAW,20151103,0.034,0.034,0.034,0.034,280000
RCB,20151103,20.32,20.37,20.32,20.37,2880
RCF,20151103,0.007,0.007,0.007,0.007,145000
RCG,20151103,1.42,1.445,1.4,1.445,402459
RCP,20151103,0.001,0.001,0.001,0.001,484937
RCR,20151103,2.29,2.41,2.275,2.36,381855
RDG,20151103,0.011,0.011,0.011,0.011,284486
RDH,20151103,1.1,1.1,1.1,1.1,14000
RDM,20151103,0.042,0.042,0.041,0.041,220904
RDS,20151103,0.011,0.012,0.011,0.012,75000
RDV,20151103,28.15,28.26,27.93,28.1,3760
REA,20151103,50.78,50.78,48.7,49.4,372146
REC,20151103,7.7,7.77,7.63,7.7,469436
RED,20151103,0.065,0.067,0.063,0.067,335230
REG,20151103,5.9,5.95,5.85,5.9,493047
RER,20151103,0.035,0.037,0.035,0.037,13834
RES,20151103,0.064,0.064,0.064,0.064,25000
REZ,20151103,0.13,0.13,0.125,0.125,35075
RFF,20151103,1.32,1.33,1.3,1.305,206323
RFG,20151103,4.64,4.69,4.62,4.68,425978
RFL,20151103,0.155,0.155,0.155,0.155,30000
RFN,20151103,1.25,1.36,1.235,1.33,3496997
RFX,20151103,0.235,0.24,0.235,0.24,56000
RGB,20151103,21.34,21.34,21.34,21.34,1870
RGS,20151103,0.13,0.13,0.13,0.13,100
RHC,20151103,62,62.26,61.59,62.22,206083
RHL,20151103,3.58,3.6,3.57,3.57,2222
RHP,20151103,1.54,1.55,1.54,1.55,35633
RHT,20151103,0.032,0.032,0.032,0.032,70303
RIC,20151103,1.315,1.315,1.295,1.3,141708
RIE,20151103,0.011,0.011,0.011,0.011,50000
RIO,20151103,51.47,51.71,50.61,50.61,1462222
RKN,20151103,2.42,2.42,2.38,2.4,79807
RLE,20151103,0.145,0.145,0.145,0.145,10000
RMD,20151103,8.16,8.17,8.1,8.14,1725549
RMI,20151103,0.001,0.001,0.001,0.001,4611422
RMR,20151103,0.002,0.002,0.002,0.002,2790000
RMS,20151103,0.205,0.205,0.195,0.2,2349013
RMX,20151103,0.003,0.003,0.003,0.003,446000
RNI,20151103,0.02,0.02,0.019,0.019,3157367
RNO,20151103,0.031,0.031,0.028,0.029,1693492
RNT,20151103,0.19,0.195,0.185,0.19,53641
RNU,20151103,0.016,0.016,0.016,0.016,150000
RNY,20151103,0.28,0.28,0.27,0.27,300000
RRL,20151103,2.04,2.06,1.97,2,3713200
RRS,20151103,0.01,0.011,0.01,0.011,502735
RSG,20151103,0.355,0.38,0.352,0.36,599611
RSM,20151103,20.75,20.75,20.75,20.75,49
RTG,20151103,0.475,0.48,0.47,0.47,72000
RTR,20151103,0.017,0.017,0.016,0.016,271681
RUM,20151103,0.058,0.058,0.055,0.055,849628
RVA,20151103,0.81,0.81,0.78,0.81,16483
RVR,20151103,0.1,0.11,0.1,0.11,184450
RVY,20151103,0.023,0.023,0.022,0.022,50000
RWD,20151103,0.65,0.675,0.625,0.675,12134
RXH,20151103,0.22,0.22,0.2,0.2,50300
RXL,20151103,0.019,0.019,0.016,0.018,5124527
RXM,20151103,0.086,0.086,0.086,0.086,1000
RXP,20151103,0.535,0.54,0.535,0.54,13760
RYG,20151103,0.031,0.031,0.027,0.028,62632885
S2R,20151103,0.175,0.175,0.17,0.17,562924
S32,20151103,1.445,1.47,1.435,1.445,12413517
SAI,20151103,4.4,4.42,4.35,4.4,539149
SAR,20151103,0.56,0.57,0.545,0.56,1792333
SBB,20151103,0.044,0.044,0.041,0.041,140076
SBM,20151103,1.265,1.305,1.22,1.255,2193332
SCG,20151103,4.14,4.16,4.09,4.11,12403075
SCI,20151103,0.03,0.03,0.03,0.03,59800
SCP,20151103,2.05,2.065,2.03,2.04,1454256
SDA,20151103,4.85,4.9,4.83,4.84,49046
SDF,20151103,1.48,1.53,1.48,1.53,974397
SDG,20151103,1.6,1.62,1.595,1.62,104622
SDI,20151103,0.6,0.61,0.6,0.6,9829
SDL,20151103,0.017,0.018,0.016,0.017,4309808
SDM,20151103,0.8,0.8,0.787,0.795,75975
SEA,20151103,0.3,0.32,0.29,0.31,465601
SEG,20151103,0.002,0.003,0.002,0.002,1064276
SEH,20151103,0.085,0.087,0.085,0.086,202906
SEK,20151103,13.12,13.5,13.02,13.26,1534094
SEN,20151103,0.17,0.17,0.165,0.165,697854
SES,20151103,0.175,0.175,0.17,0.175,15496
SFG,20151103,0.058,0.058,0.056,0.057,258986
SFH,20151103,0.525,0.525,0.525,0.525,1101
SFI,20151103,0.053,0.054,0.053,0.054,747786
SFL,20151103,0.35,0.35,0.35,0.35,10000
SFN,20151103,0.2,0.2,0.2,0.2,1827
SFR,20151103,6.4,6.4,6.23,6.38,897682
SFX,20151103,0.56,0.56,0.555,0.56,39351
SFY,20151103,50.93,51.12,50.76,50.92,10984
SGF,20151103,2.89,2.9,2.77,2.83,147941
SGH,20151103,2.73,2.76,2.7,2.74,1319339
SGM,20151103,10.05,10.13,9.96,9.98,642689
SGN,20151103,0.735,0.747,0.73,0.735,139057
SGP,20151103,4.01,4.08,4.01,4.03,8621602
SGQ,20151103,0.1,0.1,0.1,0.1,56401
SHE,20151103,0.025,0.025,0.023,0.024,380833
SHJ,20151103,2.2,2.2,2.17,2.2,26327
SHK,20151103,0.002,0.002,0.002,0.002,13000
SHL,20151103,19.12,19.29,19.06,19.29,706579
SHM,20151103,0.855,0.855,0.855,0.855,27777
SHP,20151103,0.013,0.013,0.013,0.013,920700
SHV,20151103,10.43,10.45,10.3,10.38,153738
SIH,20151103,0.01,0.01,0.01,0.01,100000
SIO,20151103,1.18,1.19,1.18,1.19,5814
SIP,20151103,0.81,0.83,0.805,0.83,1300679
SIQ,20151103,3.61,3.65,3.42,3.53,326933
SIT,20151103,0.3,0.3,0.3,0.3,44858
SIV,20151103,9.8,9.8,9.61,9.78,5248
SKB,20151103,0.35,0.35,0.35,0.35,32313124
SKC,20151103,3.78,3.78,3.71,3.75,711864
SKF,20151103,0.17,0.17,0.17,0.17,30370
SKI,20151103,2.1,2.11,2.075,2.11,3069574
SKT,20151103,4.31,4.31,4.23,4.27,1513864
SLC,20151103,2.21,2.24,2.2,2.2,72011
SLF,20151103,11.85,11.96,11.82,11.82,34487
SLK,20151103,3.74,3.78,3.65,3.75,68426
SLM,20151103,0.78,0.78,0.78,0.78,2500
SLR,20151103,0.215,0.22,0.21,0.22,1786789
SLX,20151103,0.445,0.46,0.44,0.44,74345
SMA,20151103,0.045,0.045,0.044,0.045,6832230
SMC,20151103,0.025,0.025,0.025,0.025,301113
SMD,20151103,0.008,0.009,0.008,0.008,1712571
SMN,20151103,0.58,0.59,0.56,0.58,304153
SMX,20151103,4.83,4.9,4.83,4.89,22285
SNC,20151103,0.86,0.86,0.86,0.86,10000
SND,20151103,0.61,0.62,0.61,0.62,40000
SOC,20151103,0.002,0.002,0.002,0.002,2000000
SOL,20151103,15.95,16.19,15.95,16.19,34888
SOM,20151103,2.76,2.84,2.76,2.77,29144
SOO,20151103,0.03,0.03,0.03,0.03,100000
SOR,20151103,0.175,0.18,0.175,0.175,176456
SPK,20151103,3.23,3.25,3.19,3.19,1589377
SPL,20151103,0.7,0.705,0.69,0.7,60236
SPO,20151103,2.14,2.18,2.12,2.17,2062271
SPQ,20151103,0.01,0.01,0.01,0.01,5000
SPX,20151103,0.004,0.004,0.004,0.004,2700000
SPY,20151103,293.61,293.61,293.61,293.61,34
SPZ,20151103,0.135,0.135,0.135,0.135,40000
SRF,20151103,1.75,1.77,1.745,1.755,82211
SRI,20151103,0.034,0.034,0.033,0.033,304191
SRQ,20151103,0.006,0.006,0.005,0.006,201160
SRT,20151103,0.016,0.016,0.016,0.016,3379426
SRV,20151103,6.85,6.85,6.66,6.66,4646
SRX,20151103,38.26,38.4,37.76,38.08,176490
SSM,20151103,0.38,0.38,0.365,0.38,168871
STA,20151103,0.006,0.007,0.006,0.006,5219198
STL,20151103,0.035,0.035,0.032,0.035,484485
STO,20151103,6.03,6.28,5.94,6.21,5649953
STS,20151103,0.6,0.61,0.6,0.61,10000
STW,20151103,49.38,49.75,49.2,49.66,51788
STX,20151103,0.13,0.13,0.125,0.13,412412
SUD,20151103,0.028,0.03,0.028,0.03,711480
SUL,20151103,9.67,9.75,9.63,9.69,269425
SUM,20151103,0.045,0.045,0.045,0.045,10230
SUN,20151103,13.1,13.15,13.06,13.1,3203427
SUR,20151103,0.001,0.001,0.001,0.001,250000
SVA,20151103,0.43,0.44,0.425,0.44,18500
SVW,20151103,5.03,5.09,5.01,5.08,347443
SWL,20151103,1.2,1.2,1.17,1.17,60000
SWM,20151103,0.685,0.69,0.675,0.69,2161158
SXE,20151103,0.37,0.38,0.36,0.38,52000
SXL,20151103,1.02,1.03,1.012,1.02,1499355
SXX,20151103,0.003,0.003,0.003,0.003,1000
SXY,20151103,0.19,0.195,0.19,0.195,1351033
SYA,20151103,0.021,0.023,0.021,0.022,966518
SYD,20151103,6.47,6.48,6.38,6.48,3629285
SYI,20151103,26.8,26.96,26.79,26.96,2658
SYR,20151103,3.06,3.07,3,3.07,561074
TAH,20151103,4.48,4.58,4.48,4.58,2889712
TAM,20151103,0.065,0.065,0.065,0.065,38726
TAP,20151103,0.24,0.24,0.225,0.225,75111
TAS,20151103,0.062,0.062,0.058,0.058,80000
TBR,20151103,3.9,3.9,3.85,3.85,2250
TCH,20151103,1.83,1.9,1.83,1.845,74800
TCL,20151103,10.5,10.53,10.34,10.47,2534701
TCN,20151103,0.087,0.087,0.087,0.087,20000
TDO,20151103,0.086,0.086,0.076,0.076,299254
TEN,20151103,0.17,0.17,0.165,0.165,1724682
TFC,20151103,1.75,1.75,1.715,1.715,210343
TGA,20151103,2.12,2.15,2.11,2.11,263831
TGG,20151103,1.305,1.305,1.295,1.295,40694
TGP,20151103,1.02,1.02,1.01,1.01,8168
TGR,20151103,4.22,4.26,4.19,4.25,618379
TGS,20151103,0.071,0.074,0.071,0.072,805102
TGZ,20151103,0.6,0.61,0.6,0.61,3243
THX,20151103,0.068,0.069,0.068,0.069,103737
TIG,20151103,0.045,0.045,0.045,0.045,11854
TIS,20151103,0.047,0.047,0.044,0.044,452569
TIX,20151103,2.4,2.41,2.38,2.4,1091612
TLG,20151103,0.38,0.38,0.36,0.36,125661
TLM,20151103,0.57,0.62,0.57,0.62,123000
TLS,20151103,5.39,5.45,5.36,5.4,30609737
TME,20151103,3.43,3.47,3.4,3.46,711743
TMM,20151103,1.1,1.1,1.1,1.1,4057
TMP,20151103,0.635,0.64,0.625,0.63,154407
TMX,20151103,0.009,0.009,0.008,0.008,412416
TNE,20151103,3.78,3.83,3.77,3.83,182215
TNG,20151103,0.165,0.165,0.157,0.16,1267315
TNP,20151103,0.007,0.007,0.007,0.007,1650000
TNR,20151103,0.28,0.3,0.27,0.28,286952
TOE,20151103,0.072,0.072,0.069,0.071,1126501
TOF,20151103,2.02,2.02,2.01,2.02,35468
TOM,20151103,0.13,0.13,0.13,0.13,44214
TOP,20151103,0.515,0.525,0.51,0.525,89444
TOX,20151103,2.88,2.94,2.83,2.9,29124
TPD,20151103,0.011,0.011,0.011,0.011,458333
TPE,20151103,3.38,3.38,3.38,3.38,1764
TPI,20151103,0.655,0.69,0.635,0.69,3785152
TPM,20151103,11.1,11.18,11.05,11.13,1267946
TPP,20151103,0.097,0.105,0.097,0.1,1486465
TPS,20151103,0.023,0.023,0.022,0.023,642513
TRS,20151103,11.42,11.99,11.42,11.96,191062
TRY,20151103,0.305,0.305,0.295,0.3,550606
TSE,20151103,1.015,1.06,1.005,1.055,3179764
TSM,20151103,0.385,0.39,0.385,0.39,10218
TSN,20151103,0.009,0.009,0.008,0.009,8099550
TSV,20151103,0.056,0.058,0.056,0.057,2357142
TTE,20151103,0.027,0.03,0.027,0.03,313210
TTI,20151103,0.04,0.041,0.04,0.041,297021
TTN,20151103,0.05,0.05,0.05,0.05,48831
TTS,20151103,3.87,3.915,3.83,3.9,3727807
TUP,20151103,0.17,0.19,0.17,0.19,12650
TWD,20151103,3.5,3.5,3.5,3.5,15570
TWE,20151103,7.09,7.1,7.02,7.1,2579942
TWH,20151103,0.004,0.004,0.004,0.004,100
TWR,20151103,1.935,1.94,1.935,1.935,1223
TYX,20151103,0.03,0.03,0.029,0.029,200000
TZL,20151103,0.07,0.07,0.069,0.07,335000
UBE,20151103,21,21,21,21,7
UBI,20151103,0.4,0.4,0.4,0.4,6001
UBN,20151103,0.605,0.605,0.465,0.495,755948
UEQ,20151103,0.004,0.004,0.004,0.004,535254
UGL,20151103,2.45,2.6,2.41,2.58,812840
UML,20151103,0.02,0.02,0.02,0.02,19484
UNS,20151103,0.195,0.215,0.195,0.205,1744514
UNV,20151103,0.205,0.21,0.205,0.21,676921
UPG,20151103,0.79,0.79,0.79,0.79,9897
URF,20151103,2.24,2.24,2.24,2.24,24554
USA,20151103,0.021,0.021,0.021,0.021,50000
USD,20151103,13.7,13.71,13.59,13.59,217522
USG,20151103,2.48,2.54,2.48,2.54,11609
UXC,20151103,1.2,1.22,1.195,1.215,315193
VAF,20151103,50,50,49.69,49.75,8771
VAH,20151103,0.485,0.485,0.48,0.485,402654
VAP,20151103,75.34,75.4,74.5,74.5,7641
VAS,20151103,65.92,66.81,65.92,66.5,16817
VCX,20151103,2.92,2.95,2.88,2.9,6814181
VEC,20151103,0.009,0.01,0.008,0.01,333841
VED,20151103,2.65,2.66,2.64,2.65,1669184
VET,20151103,0.125,0.125,0.125,0.125,5000
VEU,20151103,64.42,64.42,63.7,63.81,5295
VGB,20151103,49.21,49.32,49.08,49.32,729
VGE,20151103,55.25,55.68,55.2,55.4,631
VGS,20151103,60.3,60.49,60.14,60.14,6820
VHY,20151103,57.94,58.18,57.7,58.02,10700
VIC,20151103,0.015,0.015,0.014,0.014,2770000
VIT,20151103,3.15,3.2,3.1,3.12,869656
VKA,20151103,0.014,0.016,0.012,0.016,972365
VLA,20151103,0.57,0.585,0.565,0.58,92000
VLC,20151103,56.47,56.72,56.47,56.72,175
VLW,20151103,1.99,1.995,1.96,1.99,61884
VMC,20151103,0.19,0.19,0.19,0.19,68600
VMS,20151103,0.02,0.022,0.02,0.021,69750
VMT,20151103,0.26,0.265,0.26,0.26,232492
VOC,20151103,6.7,6.81,6.68,6.81,506422
VRL,20151103,7.48,7.68,7.48,7.6,284520
VRT,20151103,6.09,6.28,6.09,6.26,857419
VRX,20151103,0.029,0.03,0.029,0.03,26504
VSC,20151103,1.06,1.06,1.06,1.06,15997
VSO,20151103,44.22,44.3,44.04,44.3,1123
VTG,20151103,1.745,1.75,1.725,1.73,180366
VTS,20151103,150.67,150.95,149.8,149.8,6766
VTX,20151103,0.047,0.047,0.045,0.046,598555
VXL,20151103,0.15,0.16,0.15,0.16,72147
WAA,20151103,0.98,0.985,0.98,0.985,8277
WAF,20151103,0.074,0.074,0.073,0.073,7000
WAM,20151103,1.95,1.95,1.94,1.95,329028
WAT,20151103,1.1,1.1,1.1,1.1,19000
WAX,20151103,1.23,1.25,1.23,1.24,164025
WBA,20151103,1.35,1.35,1.33,1.335,81938
WBC,20151103,30.8,31.37,30.66,31.3,6133018
WCN,20151103,0.008,0.008,0.008,0.008,14250205
WDE,20151103,0.84,0.86,0.835,0.86,39648
WEB,20151103,5.03,5.05,5,5.02,83216
WEL,20151103,0.14,0.14,0.135,0.14,43500
WES,20151103,39.05,39.28,38.8,39.14,2047656
WFD,20151103,10.3,10.35,10.2,10.21,2607844
WGO,20151103,0.005,0.005,0.005,0.005,470000
WHC,20151103,1.05,1.075,1.04,1.075,1604882
WHE,20151103,0.175,0.18,0.175,0.18,70000
WHF,20151103,4.24,4.25,4.23,4.235,33486
WHN,20151103,0.001,0.001,0.001,0.001,22510000
WIC,20151103,0.83,0.845,0.83,0.845,74500
WIN,20151103,0.08,0.08,0.08,0.08,61446
WKT,20151103,0.009,0.01,0.009,0.009,3308765
WLC,20151103,0.01,0.01,0.01,0.01,500000
WLL,20151103,4.6,4.6,4.52,4.52,5466
WMK,20151103,0.94,0.95,0.94,0.95,78158
WMN,20151103,0.16,0.16,0.15,0.15,9180
WNH,20151103,0.16,0.16,0.16,0.16,10000
WOR,20151103,6.56,6.79,6.47,6.77,1102642
WOW,20151103,23.8,23.98,23.68,23.9,5945821
WPG,20151103,0.03,0.031,0.029,0.031,279650
WPI,20151103,0.025,0.025,0.025,0.025,200000
WPL,20151103,29.95,30.34,29.68,30.27,1626767
WRG,20151103,0.002,0.002,0.002,0.002,150000
WRR,20151103,0.38,0.38,0.38,0.38,1050
WSA,20151103,2.4,2.48,2.37,2.48,1591915
WTP,20151103,0.96,0.96,0.95,0.95,68279
WTR,20151103,0.032,0.032,0.03,0.03,21024
WWI,20151103,0.026,0.026,0.025,0.025,490000
XPD,20151103,0.135,0.145,0.135,0.145,224920
XRF,20151103,0.205,0.205,0.195,0.195,50000
XRO,20151103,15.13,16.21,15.13,15.9,59590
XTD,20151103,0.14,0.14,0.14,0.14,40000
XTE,20151103,0.42,0.42,0.42,0.42,15000
XTV,20151103,0.014,0.014,0.014,0.014,3732599
YAL,20151103,0.11,0.11,0.11,0.11,40000
YBR,20151103,0.365,0.375,0.365,0.375,85403
YOW,20151103,1.16,1.18,1.15,1.18,492245
YPB,20151103,0.33,0.36,0.32,0.33,50252
YRR,20151103,0.011,0.011,0.011,0.011,216667
ZGL,20151103,0.18,0.18,0.18,0.18,18000
ZIM,20151103,4.25,4.25,4.25,4.25,200000
ZIP,20151103,0.89,0.91,0.835,0.885,349512
ZML,20151103,0.37,0.385,0.37,0.37,114265
ZNZ,20151103,6.35,6.35,6.11,6.23,6935
ZRL,20151103,0.018,0.018,0.018,0.018,17300
XAF,20151103,5166.8,5251.4,5166.8,5239.9,0
XAO,20151103,5221.2,5298,5221.3,5291.1,0
XAT,20151103,5113.5,5193.4,5113.5,5186.3,0
XDJ,20151103,1848.4,1877.3,1848.4,1877.3,0
XEC,20151103,1084,1088,1081.4,1085.4,0
XEJ,20151103,8716.4,8941.2,8716.4,8941.2,0
XFJ,20151103,5957.1,6060.3,5957.1,6049.9,0
XFL,20151103,5221.7,5307.3,5221.7,5295.8,0
XGD,20151103,2538.9,2548.6,2494.1,2541.6,0
XHJ,20151103,18509.9,18805.7,18507.9,18805.7,0
XIJ,20151103,726.9,742.5,726.9,742.5,0
XJO,20151103,5165.8,5246.4,5165.8,5239.2,0
XJR,20151103,2780.4,2833.9,2780.4,2816.6,0
XKO,20151103,5120.8,5199.3,5120.8,5192.6,0
XMD,20151103,5013.3,5080.7,5013.3,5076.5,0
XMJ,20151103,7883.1,8017.7,7883.1,7957.8,0
XMM,20151103,2263.8,2304.4,2263.8,2280.7,0
XNJ,20151103,4840.5,4884.2,4840.5,4884.2,0
XPJ,20151103,1285.9,1306,1285.5,1292.2,0
XSJ,20151103,8224.7,8317.1,8224.7,8289.4,0
XSO,20151103,2088.4,2118,2088.4,2118,0
XTJ,20151103,1923.5,1973,1923.5,1958.6,0
XTL,20151103,3082.1,3136.9,3082.1,3128.5,0
XTO,20151103,4294.5,4362.8,4294.5,4354.7,0
XUJ,20151103,6908.8,6978.9,6900.1,6978.9,0
XXJ,20151103,6772.5,6892.1,6772.5,6892.1,0
