1PG,20160215,2.4,2.55,2.4,2.53,378523
1ST,20160215,0.089,0.089,0.089,0.089,25000
3DM,20160215,0.06,0.064,0.058,0.058,1568694
3PL,20160215,1.785,1.815,1.71,1.72,216087
4DS,20160215,0.031,0.031,0.029,0.029,845794
88E,20160215,0.023,0.046,0.022,0.042,162865815
8CO,20160215,0.15,0.15,0.14,0.14,2500
8IH,20160215,1,1,1,1,261797
A2M,20160215,1.725,1.745,1.695,1.71,5111341
AAA,20160215,50.15,50.15,50.13,50.15,100046
AAC,20160215,1.16,1.187,1.145,1.175,1602659
AAD,20160215,1.835,1.84,1.8,1.8,1398215
AAP,20160215,0.025,0.025,0.025,0.025,92946
AAX,20160215,0.22,0.235,0.215,0.23,34101
AB1,20160215,0.21,0.21,0.2,0.2,31480
ABA,20160215,5.1,5.2,5.08,5.2,19325
ABC,20160215,4.57,4.71,4.57,4.68,1475833
ABL,20160215,0.013,0.013,0.013,0.013,40763
ABP,20160215,2.9,2.95,2.87,2.95,790566
ABU,20160215,0.05,0.05,0.045,0.045,671187
ABV,20160215,0.007,0.007,0.007,0.007,4817655
ABW,20160215,0.945,0.945,0.945,0.945,56385
ABX,20160215,0.14,0.15,0.135,0.135,96640
ABY,20160215,0.21,0.21,0.2,0.2,30223
ACG,20160215,0.17,0.17,0.165,0.165,131900
ACL,20160215,0.008,0.008,0.008,0.008,63000
ACR,20160215,0.63,0.63,0.62,0.62,198027
ACU,20160215,0.058,0.058,0.058,0.058,7836
ACW,20160215,0.052,0.057,0.05,0.057,1475142
ACX,20160215,3.92,4.02,3.92,3.98,354160
ADA,20160215,1.965,2.09,1.965,2,308563
ADH,20160215,2.47,2.52,2.47,2.48,34143
ADJ,20160215,0.086,0.09,0.086,0.086,110598
ADN,20160215,0.009,0.009,0.009,0.009,207898
ADO,20160215,0.07,0.072,0.068,0.069,982794
ADV,20160215,0.024,0.026,0.023,0.024,15606940
AEB,20160215,0.059,0.062,0.059,0.062,200000
AEE,20160215,0.022,0.022,0.021,0.021,1566213
AEF,20160215,60.52,60.52,60.47,60.47,812
AEG,20160215,1.275,1.3,1.275,1.29,168931
AEV,20160215,0.13,0.13,0.13,0.13,142444
AFA,20160215,0.18,0.18,0.18,0.18,10000
AFI,20160215,5.44,5.59,5.44,5.51,295522
AFR,20160215,0.051,0.051,0.05,0.05,56500
AGF,20160215,0.745,0.75,0.74,0.745,212662
AGG,20160215,3.18,3.34,3.1,3.34,7951
AGI,20160215,1.92,1.92,1.765,1.85,934723
AGL,20160215,18.35,18.42,18.12,18.38,2269602
AGO,20160215,0.012,0.012,0.011,0.011,16271089
AGR,20160215,0.1,0.1,0.096,0.096,188900
AGS,20160215,0.033,0.033,0.033,0.033,31052
AGX,20160215,0.015,0.015,0.015,0.015,9327
AGY,20160215,0.005,0.006,0.005,0.005,7488569
AHF,20160215,0.275,0.28,0.265,0.265,877113
AHG,20160215,4.22,4.26,4.21,4.24,1008901
AHK,20160215,0.1,0.1,0.1,0.1,10000
AHL,20160215,0.435,0.46,0.4,0.45,145196
AHN,20160215,0.025,0.025,0.025,0.025,1000
AHX,20160215,1.22,1.25,1.22,1.25,9810
AHY,20160215,1.64,1.645,1.61,1.63,2396883
AHZ,20160215,0.6,0.62,0.59,0.59,554267
AIA,20160215,5.33,5.37,5.3,5.36,59073
AIB,20160215,0.84,0.84,0.84,0.84,40000
AIO,20160215,8.9,8.95,8.84,8.9,1049928
AIS,20160215,0.03,0.03,0.03,0.03,13369
AIV,20160215,0.019,0.019,0.019,0.019,25000
AIZ,20160215,2.57,2.58,2.54,2.58,12801
AJA,20160215,5.31,5.43,5.3,5.43,116471
AJD,20160215,1.31,1.33,1.31,1.33,50481
AJM,20160215,0.078,0.099,0.078,0.099,27971739
AJQ,20160215,0.081,0.09,0.081,0.09,62000
AJR,20160215,0.001,0.001,0.001,0.001,847618
AJX,20160215,0.665,0.68,0.655,0.66,441698
AKG,20160215,0.275,0.275,0.275,0.275,4115
AKK,20160215,0.008,0.008,0.007,0.007,588866
AKM,20160215,0.007,0.007,0.007,0.007,50000
ALA,20160215,0.16,0.16,0.12,0.13,541968
ALF,20160215,1.48,1.49,1.455,1.49,180292
ALI,20160215,1.74,1.755,1.71,1.71,117385
ALK,20160215,0.215,0.235,0.215,0.22,624481
ALL,20160215,9.36,9.57,9.3,9.53,1927016
ALQ,20160215,3.25,3.34,3.22,3.32,2604784
ALR,20160215,0.975,0.975,0.96,0.96,20000
ALT,20160215,0.004,0.004,0.003,0.003,1221399
ALU,20160215,5.34,5.62,5.34,5.59,1105312
ALY,20160215,0.023,0.023,0.023,0.023,128968
AMA,20160215,0.79,0.825,0.78,0.79,412824
AMB,20160215,0.18,0.18,0.18,0.18,19500
AMC,20160215,13.05,13.62,12.94,13.4,6225928
AMH,20160215,0.845,0.86,0.845,0.86,55500
AMI,20160215,0.07,0.073,0.066,0.066,277465
AMP,20160215,5.24,5.26,5.13,5.2,7784452
ANB,20160215,0.059,0.059,0.057,0.057,24500
ANN,20160215,17.17,17.52,17.15,17.38,1336243
ANP,20160215,0.045,0.049,0.045,0.049,191000
ANQ,20160215,0.002,0.002,0.002,0.002,99761
ANR,20160215,1.61,1.61,1.57,1.57,71338
ANZ,20160215,22.85,22.98,22.42,22.84,10574605
AOD,20160215,0.69,0.69,0.69,0.69,28100
AOG,20160215,2.82,2.88,2.81,2.83,397924
AOH,20160215,0.091,0.092,0.089,0.089,190865
AOK,20160215,0.052,0.052,0.05,0.05,52220
AOP,20160215,0.066,0.07,0.065,0.069,706334
AOU,20160215,0.11,0.11,0.105,0.105,140000
AOW,20160215,0.14,0.14,0.14,0.14,50000
APA,20160215,8.6,8.7,8.52,8.7,1607728
APD,20160215,0.41,0.41,0.4,0.4,78961
APE,20160215,10.91,11.03,10.91,11.02,30527
API,20160215,1.97,1.97,1.92,1.955,807263
APN,20160215,0.47,0.485,0.46,0.47,899950
APO,20160215,5.15,5.46,5.11,5.34,713807
APW,20160215,0.12,0.12,0.12,0.12,7880
APX,20160215,1.26,1.385,1.26,1.32,143147
APY,20160215,0.009,0.009,0.009,0.009,131132
APZ,20160215,1.12,1.15,1.12,1.15,11499
AQC,20160215,0.018,0.019,0.018,0.018,835301
AQG,20160215,2.8,2.8,2.66,2.67,1382238
AQI,20160215,0.047,0.047,0.047,0.047,50000
AQP,20160215,0.25,0.25,0.25,0.25,67245
AQQ,20160215,0.015,0.015,0.015,0.015,65000
AQX,20160215,0.05,0.05,0.05,0.05,2500
AQZ,20160215,0.5,0.51,0.5,0.5,35760
AR1,20160215,0.017,0.017,0.017,0.017,50000
ARA,20160215,0.34,0.34,0.34,0.34,20000
ARB,20160215,15.09,15.14,14.91,14.94,94492
ARD,20160215,0.025,0.025,0.023,0.025,639900
ARF,20160215,1.695,1.72,1.66,1.685,207480
ARG,20160215,7.34,7.38,7.26,7.26,113473
ARI,20160215,0.055,0.057,0.054,0.056,4477917
ARS,20160215,0.18,0.18,0.18,0.18,1000
ARU,20160215,0.053,0.059,0.053,0.058,188854
ARV,20160215,0.001,0.001,0.001,0.001,1500000
ASB,20160215,1.22,1.22,1.125,1.14,1067774
ASH,20160215,0.16,0.16,0.155,0.155,68643
ASL,20160215,0.215,0.22,0.21,0.21,306875
AST,20160215,1.475,1.48,1.45,1.48,3287602
ASW,20160215,0.605,0.605,0.605,0.605,30000
ASX,20160215,41.72,41.72,39.32,40.14,1255584
ASZ,20160215,0.975,1.01,0.92,0.94,256466
ATC,20160215,0.096,0.096,0.093,0.093,293049
ATP,20160215,0.035,0.035,0.035,0.035,43187
ATU,20160215,0.37,0.37,0.37,0.37,3993
AUB,20160215,8.45,8.45,8.32,8.41,28137
AUF,20160215,1.2,1.2,1.2,1.2,4825
AUI,20160215,7.15,7.15,7,7,13651
AUP,20160215,5.52,5.52,5.46,5.46,4362
AUQ,20160215,0.017,0.017,0.017,0.017,206250
AUZ,20160215,0.007,0.007,0.007,0.007,80000
AVB,20160215,0.062,0.064,0.062,0.064,957146
AVG,20160215,0.385,0.385,0.38,0.38,275740
AVH,20160215,0.1,0.1,0.096,0.096,216217
AVJ,20160215,0.55,0.55,0.54,0.55,109269
AVL,20160215,0.007,0.007,0.007,0.007,300000
AVN,20160215,2.04,2.06,2.01,2.04,41851
AVQ,20160215,0.235,0.275,0.235,0.255,531579
AVX,20160215,0.037,0.04,0.037,0.04,5063
AWC,20160215,1.135,1.16,1.135,1.145,9714629
AWE,20160215,0.42,0.435,0.41,0.43,6290302
AWN,20160215,0.525,0.53,0.525,0.53,127000
AXP,20160215,1.2,1.2,1.175,1.2,72488
AYA,20160215,0.14,0.15,0.13,0.13,935658
AYB,20160215,0.05,0.051,0.049,0.05,1025050
AYC,20160215,0.025,0.026,0.025,0.026,290000
AYG,20160215,0.001,0.001,0.001,0.001,1000000
AYR,20160215,0.008,0.008,0.008,0.008,62500
AYS,20160215,2.5,2.5,2.35,2.39,444633
AZJ,20160215,3.6,3.85,3.35,3.42,17854224
AZM,20160215,0.043,0.045,0.043,0.044,443184
AZS,20160215,0.035,0.035,0.033,0.034,1527743
AZV,20160215,0.071,0.071,0.07,0.071,210516
AZY,20160215,0.017,0.017,0.015,0.015,3824166
BAF,20160215,0.96,0.98,0.96,0.98,70692
BAL,20160215,11.5,11.7,11.01,11.34,730663
BAP,20160215,4.17,4.2,4.1,4.11,534746
BAR,20160215,0.02,0.02,0.017,0.017,598503
BAU,20160215,0.093,0.093,0.093,0.093,75000
BBG,20160215,1.46,1.472,1.42,1.43,161241
BBN,20160215,2.55,2.55,2.4,2.43,2454276
BBR,20160215,0.065,0.065,0.065,0.065,1712
BBX,20160215,0.033,0.033,0.031,0.031,78413
BCI,20160215,0.085,0.085,0.081,0.081,304137
BCT,20160215,0.034,0.037,0.034,0.037,45411
BDI,20160215,0.001,0.001,0.001,0.001,1931
BDR,20160215,0.185,0.19,0.18,0.185,15506206
BEAR,20160215,19.07,19.23,19.04,19.12,31083
BEN,20160215,9.51,9.67,8.71,8.86,4113807
BFC,20160215,0.465,0.48,0.452,0.46,1337646
BFG,20160215,0.49,0.5,0.49,0.49,10000
BGA,20160215,5.77,5.9,5.69,5.76,444208
BGL,20160215,0.75,0.75,0.735,0.735,115317
BGR,20160215,0.003,0.003,0.003,0.003,40000
BGS,20160215,0.064,0.064,0.063,0.064,105000
BHP,20160215,15.97,16.14,15.72,15.98,12598148
BIS,20160215,0.46,0.46,0.46,0.46,9744
BIT,20160215,0.049,0.049,0.049,0.049,20000
BKI,20160215,1.56,1.57,1.55,1.55,199349
BKL,20160215,160,164.45,157.86,161.19,132596
BKN,20160215,0.515,0.57,0.5,0.535,980730
BKW,20160215,14.46,14.8,14.46,14.7,129136
BKY,20160215,0.435,0.435,0.425,0.43,38651
BLA,20160215,5.49,5.53,5.4,5.53,36037
BLD,20160215,5.66,5.855,5.66,5.83,3067926
BLG,20160215,0.058,0.058,0.058,0.058,4412
BLK,20160215,0.5,0.5,0.45,0.465,879531
BLT,20160215,0.25,0.26,0.245,0.245,56000
BLX,20160215,1.84,1.85,1.765,1.85,47410
BLY,20160215,0.056,0.057,0.055,0.056,172425
BLZ,20160215,0.047,0.05,0.047,0.048,73000
BMN,20160215,0.028,0.028,0.028,0.028,100000
BNE,20160215,0.006,0.006,0.006,0.006,34
BNO,20160215,0.31,0.325,0.305,0.315,1236241
BNR,20160215,0.036,0.037,0.036,0.037,287243
BOE,20160215,0.036,0.042,0.036,0.042,1361935
BOL,20160215,0.077,0.077,0.077,0.077,3470
BOQ,20160215,10.7,10.76,10.4,10.54,1451404
BPF,20160215,0.47,0.48,0.45,0.47,381810
BPH,20160215,0.005,0.005,0.005,0.005,479997
BPS,20160215,1,1.03,1,1.03,11038
BPT,20160215,0.465,0.48,0.45,0.48,9134301
BRB,20160215,0.15,0.175,0.15,0.175,229453
BRC,20160215,0.16,0.16,0.16,0.16,5000
BRD,20160215,0.001,0.001,0.001,0.001,10049979
BRG,20160215,5.91,5.91,5.71,5.81,226295
BRK,20160215,0.007,0.009,0.007,0.008,1253006
BRN,20160215,0.175,0.18,0.15,0.16,1922517
BRS,20160215,1.15,1.2,1.12,1.14,2002835
BRU,20160215,0.225,0.24,0.225,0.235,307146
BSE,20160215,0.037,0.065,0.037,0.05,2456085
BSL,20160215,5.08,5.3,5.04,5.12,6857747
BSR,20160215,0.011,0.011,0.01,0.01,2083228
BTC,20160215,0.1,0.1,0.1,0.1,20000
BTI,20160215,1,1,0.99,0.99,81400
BTT,20160215,8.65,8.85,8.5,8.82,1279590
BUD,20160215,0.135,0.135,0.125,0.13,4154462
BUL,20160215,0.023,0.023,0.023,0.023,270633
BUR,20160215,0.004,0.004,0.004,0.004,1025000
BUX,20160215,0.06,0.06,0.06,0.06,57431
BUY,20160215,0.009,0.01,0.009,0.009,590000
BWF,20160215,0.41,0.41,0.41,0.41,117
BWP,20160215,3.07,3.1,3.03,3.1,1254808
BWR,20160215,1.315,1.315,1.315,1.315,105
BWX,20160215,4.5,4.6,4.46,4.54,969282
BXB,20160215,10.38,10.7,10.37,10.68,4139315
BYI,20160215,1.03,1.03,0.985,0.985,17658
BYR,20160215,0.024,0.025,0.022,0.025,693576
CAA,20160215,0.085,0.085,0.085,0.085,177333
CAB,20160215,3,3.12,2.92,3.1,426481
CAD,20160215,0.001,0.001,0.001,0.001,6864066
CAF,20160215,0.35,0.35,0.35,0.35,30000
CAJ,20160215,0.14,0.14,0.135,0.135,2419307
CAM,20160215,0.77,0.77,0.77,0.77,59021
CAR,20160215,10.98,11.15,10.89,11.07,982849
CAS,20160215,0.135,0.135,0.13,0.13,134000
CAT,20160215,2.05,2.25,2.05,2.2,60761
CAV,20160215,0.011,0.013,0.011,0.011,8501600
CAY,20160215,0.045,0.045,0.043,0.043,156516
CAZ,20160215,0.025,0.025,0.025,0.025,210000
CBA,20160215,75.4,75.4,73.11,74.3,5367415
CBC,20160215,0.92,0.92,0.88,0.88,9800
CBL,20160215,2.05,2.05,2.03,2.03,9250
CCF,20160215,0.125,0.125,0.122,0.125,327923
CCL,20160215,8.27,8.35,8.15,8.34,1789816
CCP,20160215,10.14,10.23,9.9,10,251806
CCV,20160215,0.5,0.5,0.48,0.48,429856
CDA,20160215,0.705,0.71,0.705,0.705,1157
CDB,20160215,0.01,0.01,0.009,0.009,65235
CDD,20160215,1,1.05,0.96,1.05,356904
CDG,20160215,0.036,0.036,0.036,0.036,15000
CDM,20160215,1.435,1.455,1.41,1.445,195367
CDP,20160215,7.05,7.14,7.05,7.08,3075
CDT,20160215,0.01,0.01,0.01,0.01,93810
CDV,20160215,0.11,0.11,0.099,0.105,969853
CDY,20160215,0.02,0.02,0.02,0.02,250000
CEL,20160215,0.029,0.03,0.029,0.03,185662
CEN,20160215,4.1,4.1,4.1,4.1,30072
CFE,20160215,0.016,0.016,0.016,0.016,289000
CGC,20160215,2.46,2.5,2.39,2.49,486743
CGF,20160215,6.83,6.89,6.76,6.86,3634421
CGL,20160215,4.6,4.6,4.6,4.6,295
CGM,20160215,0.001,0.001,0.001,0.001,42135
CGN,20160215,0.073,0.081,0.073,0.081,73121
CGR,20160215,0.19,0.19,0.18,0.18,16000
CGS,20160215,0.5,0.51,0.5,0.5,70500
CGW,20160215,0.44,0.44,0.44,0.44,62978
CHC,20160215,4.35,4.39,4.31,4.37,596838
CHK,20160215,0.029,0.032,0.029,0.03,585575
CHN,20160215,0.11,0.115,0.11,0.11,199502
CHP,20160215,0.004,0.004,0.004,0.004,738140
CHZ,20160215,0.035,0.035,0.035,0.035,165330
CIA,20160215,0.14,0.14,0.14,0.14,43515
CIE,20160215,0.96,0.96,0.96,0.96,67300
CII,20160215,1.31,1.35,1.3,1.35,18600
CIM,20160215,26.45,27,26.39,26.92,906102
CIN,20160215,30.01,30.5,30.01,30.5,4020
CKA,20160215,0.039,0.039,0.039,0.039,11565
CKF,20160215,4.56,4.64,4.47,4.5,378308
CKL,20160215,0.7,0.7,0.695,0.695,81113
CL1,20160215,2.01,2.13,2.01,2.06,2133363
CL8,20160215,0.018,0.02,0.018,0.019,1414636
CLH,20160215,1.63,1.63,1.61,1.615,151173
CLQ,20160215,0.175,0.175,0.17,0.17,239735
CLV,20160215,0.295,0.295,0.27,0.28,57947
CM8,20160215,0.255,0.255,0.25,0.25,342977
CMA,20160215,2.03,2.06,2.02,2.04,50500
CMM,20160215,0.095,0.098,0.092,0.098,337526
CMP,20160215,0.325,0.34,0.315,0.325,84666
CMW,20160215,0.98,0.985,0.97,0.985,2627776
CMY,20160215,0.004,0.004,0.004,0.004,1422210
CND,20160215,0.21,0.21,0.21,0.21,26000
CNI,20160215,0.99,1.025,0.99,1.02,42338
CNU,20160215,3.42,3.45,3.37,3.42,68001
CNW,20160215,0.031,0.032,0.03,0.032,1086257
CNX,20160215,0.014,0.015,0.014,0.014,185091
COE,20160215,0.145,0.145,0.145,0.145,197831
COH,20160215,103.2,105.33,102.11,105.22,344224
COI,20160215,0.075,0.075,0.075,0.075,37815
COM,20160215,0.018,0.018,0.018,0.018,1000000
COO,20160215,0.125,0.125,0.125,0.125,131689
COY,20160215,0.005,0.005,0.005,0.005,2115312
CPU,20160215,9.35,9.43,9.02,9.19,3276374
CQR,20160215,4.18,4.2,4.14,4.19,588318
CR8,20160215,0.02,0.02,0.02,0.02,460
CRB,20160215,0.08,0.086,0.08,0.085,608350
CSD,20160215,0.032,0.032,0.03,0.03,226091
CSE,20160215,0.25,0.26,0.25,0.26,80800
CSL,20160215,103.5,104.6,103.11,104.43,1083024
CSR,20160215,2.66,2.75,2.66,2.71,4714401
CSS,20160215,0.044,0.044,0.044,0.044,89196
CSV,20160215,1.5,1.535,1.335,1.42,974969
CTD,20160215,11.22,11.22,11.01,11.2,128139
CTE,20160215,0.23,0.23,0.23,0.23,2303
CTN,20160215,0.925,0.93,0.912,0.92,188468
CTO,20160215,0.019,0.019,0.018,0.018,279610
CTP,20160215,0.105,0.105,0.105,0.105,313775
CTR,20160215,0.06,0.062,0.06,0.062,1040935
CTX,20160215,36.02,36.26,35.26,35.66,954295
CUE,20160215,0.057,0.057,0.057,0.057,50000
CUL,20160215,0.003,0.003,0.003,0.003,400000
CUP,20160215,0.68,0.72,0.635,0.635,318426
CUV,20160215,3.05,3.2,3.05,3.06,15159
CV1,20160215,0.34,0.35,0.305,0.34,62500
CVE,20160215,0.007,0.008,0.007,0.008,1073131
CVN,20160215,0.077,0.078,0.075,0.076,1107682
CVO,20160215,2.01,2.06,2,2.06,832664
CVT,20160215,0.43,0.44,0.415,0.44,635167
CVW,20160215,0.89,0.89,0.89,0.89,50000
CWE,20160215,0.038,0.038,0.037,0.037,172808
CWN,20160215,11.44,11.61,11.22,11.5,1333062
CWP,20160215,3.95,4,3.93,3.97,19153
CWY,20160215,0.695,0.71,0.69,0.7,1304834
CXM,20160215,0.063,0.063,0.063,0.063,5350
CXO,20160215,0.021,0.022,0.02,0.02,1564349
CYA,20160215,0.825,0.825,0.825,0.825,1000
CYB,20160215,3.71,3.81,3.66,3.68,8322510
CYG,20160215,1.16,1.16,1.16,1.16,287
CYL,20160215,0.37,0.37,0.35,0.36,26000
CYP,20160215,0.355,0.38,0.355,0.36,78965
CYY,20160215,0.018,0.018,0.018,0.018,12565
CZI,20160215,0.024,0.024,0.022,0.022,150910
CZL,20160215,0.048,0.048,0.046,0.047,250000
CZN,20160215,0.003,0.003,0.003,0.003,600000
CZR,20160215,0.006,0.006,0.006,0.006,5000
CZZ,20160215,18,18.65,17.7,17.86,43812
D13,20160215,0.075,0.077,0.074,0.074,174792
DCC,20160215,0.175,0.18,0.175,0.18,69982
DCG,20160215,0.955,0.955,0.925,0.925,136144
DCN,20160215,1.27,1.28,1.18,1.18,287947
DDR,20160215,1.55,1.57,1.54,1.56,90157
DDT,20160215,0.022,0.023,0.022,0.023,93000
DEG,20160215,0.001,0.001,0.001,0.001,1000000
DFM,20160215,1.45,1.49,1.45,1.49,20545
DGX,20160215,0.01,0.01,0.01,0.01,1600000
DIV,20160215,17.96,17.96,17.96,17.96,1013
DJW,20160215,3.75,3.94,3.75,3.94,90173
DKM,20160215,0.1,0.11,0.1,0.105,181970
DKO,20160215,0.053,0.056,0.052,0.052,536775
DLC,20160215,0.002,0.002,0.002,0.002,14000
DLS,20160215,0.575,0.595,0.555,0.595,1974474
DLX,20160215,6.36,6.4,6.35,6.4,837625
DM1,20160215,0.09,0.09,0.09,0.09,110888
DMA,20160215,0.049,0.049,0.049,0.049,18000
DMC,20160215,0.23,0.24,0.23,0.24,100000
DMP,20160215,50.82,51.51,50.3,51.32,381110
DNA,20160215,0.69,0.7,0.667,0.69,177431
DNK,20160215,0.275,0.275,0.275,0.275,33619
DOW,20160215,3.19,3.23,3.17,3.17,3320149
DRA,20160215,0.165,0.165,0.16,0.16,86000
DRG,20160215,0.029,0.029,0.028,0.029,212144
DRM,20160215,0.83,0.835,0.777,0.8,1658442
DRX,20160215,0.011,0.011,0.011,0.011,90922
DSX,20160215,0.058,0.058,0.055,0.057,1211800
DTI,20160215,0.24,0.24,0.24,0.24,30000
DTL,20160215,1.1,1.1,1.05,1.05,21219
DTX,20160215,0.5,0.53,0.5,0.5,38000
DUB,20160215,0.6,0.605,0.55,0.55,339916
DUE,20160215,2.31,2.32,2.285,2.32,7462708
DUI,20160215,3.15,3.2,3.15,3.18,54005
DVI,20160215,0.018,0.018,0.018,0.018,80508
DVL,20160215,0.36,0.36,0.36,0.36,200000
DWS,20160215,1.2,1.2,1.16,1.2,25140
DXB,20160215,0.005,0.005,0.005,0.005,1466015
DXS,20160215,7.19,7.36,7.19,7.36,2768358
DYE,20160215,0.25,0.25,0.245,0.25,45194
DYL,20160215,0.01,0.01,0.01,0.01,300000
EAI,20160215,0.82,0.85,0.815,0.85,44000
EAR,20160215,0.087,0.087,0.087,0.087,4
EAX,20160215,0.8,0.8,0.8,0.8,2800
ECG,20160215,0.24,0.24,0.23,0.24,72099
ECX,20160215,2.6,2.62,2.42,2.47,308696
EDE,20160215,0.067,0.069,0.067,0.067,1054679
EEG,20160215,0.02,0.02,0.02,0.02,100000
EEU,20160215,15.45,15.45,15.35,15.35,1160
EGG,20160215,0.97,0.97,0.96,0.96,17739
EGH,20160215,0.495,0.51,0.48,0.51,470625
EGO,20160215,0.34,0.35,0.32,0.35,49197
EHE,20160215,6.24,6.45,6.17,6.42,945223
EHL,20160215,0.033,0.033,0.03,0.03,669040
ELD,20160215,4.05,4.15,3.65,3.85,914855
ELK,20160215,0.08,0.08,0.075,0.075,30000
ELM,20160215,0.19,0.19,0.19,0.19,142542
ELT,20160215,0.007,0.007,0.006,0.007,461067
ELX,20160215,0.66,0.735,0.66,0.735,186203
EMC,20160215,0.195,0.2,0.19,0.2,140355
EMG,20160215,0.014,0.014,0.014,0.014,100000
EMH,20160215,0.105,0.11,0.105,0.11,61817
EML,20160215,1.08,1.08,1.05,1.06,102225
EMR,20160215,0.026,0.026,0.025,0.025,109613
EMU,20160215,0.195,0.25,0.195,0.23,608665
EMX,20160215,0.033,0.033,0.033,0.033,280000
ENC,20160215,0.245,0.245,0.215,0.215,6278
ENN,20160215,1.63,1.63,1.63,1.63,6000
EOL,20160215,0.38,0.38,0.38,0.38,2000
EOR,20160215,0.007,0.007,0.007,0.007,350000
EOS,20160215,1.18,1.215,1.17,1.175,54574
EPD,20160215,0.26,0.265,0.225,0.23,1295130
EPW,20160215,1.5,1.5,1.45,1.46,267687
EPX,20160215,1.38,1.38,1.38,1.38,10000
EQT,20160215,15.06,15.49,15.06,15.2,10047
EQX,20160215,0.27,0.27,0.27,0.27,42819
ERA,20160215,0.345,0.35,0.335,0.34,116115
ERJ,20160215,0.024,0.027,0.024,0.027,150800
ERL,20160215,0.016,0.016,0.016,0.016,528250
ERM,20160215,0.038,0.038,0.037,0.037,535088
ESI,20160215,0.018,0.018,0.016,0.016,30793714
ESV,20160215,0.05,0.055,0.045,0.045,275000
ETF,20160215,18.15,18.15,18.15,18.15,500
EVE,20160215,0.007,0.007,0.006,0.006,837400
EVN,20160215,2.01,2.06,1.93,1.93,10544378
EVT,20160215,14.8,14.87,14.15,14.36,90647
EWC,20160215,0.202,0.205,0.195,0.2,335128
EXC,20160215,0.022,0.022,0.022,0.022,1080000
EXG,20160215,0.14,0.15,0.14,0.14,470496
EXM,20160215,0.013,0.014,0.013,0.014,2945264
EXU,20160215,0.03,0.03,0.029,0.03,1111566
FAN,20160215,1.81,1.85,1.81,1.85,12617
FAR,20160215,0.072,0.073,0.07,0.071,4188935
FBR,20160215,0.021,0.022,0.021,0.022,389498
FBU,20160215,6.3,6.36,6.27,6.31,584031
FCG,20160215,0.27,0.27,0.265,0.265,343613
FCN,20160215,0.02,0.02,0.02,0.02,175000
FEL,20160215,0.037,0.037,0.037,0.037,245000
FET,20160215,2.16,2.16,2.12,2.15,68262
FFC,20160215,0.22,0.22,0.22,0.22,3091
FFG,20160215,0.057,0.078,0.057,0.078,100542
FFI,20160215,3.41,3.41,3.39,3.39,2242
FFT,20160215,1.025,1.07,1.025,1.07,10000
FGF,20160215,0.006,0.009,0.006,0.009,679999
FGG,20160215,1.12,1.135,1.12,1.12,241917
FGR,20160215,0.05,0.051,0.049,0.05,77000
FGX,20160215,1.145,1.145,1.14,1.145,241768
FID,20160215,2.2,2.2,2.2,2.2,18796
FLK,20160215,0.86,0.86,0.86,0.86,3479
FLN,20160215,1.35,1.455,1.35,1.41,143318
FLT,20160215,38,38.74,37.71,38.61,240611
FMG,20160215,1.69,1.72,1.68,1.705,18604466
FML,20160215,0.39,0.39,0.38,0.38,12107
FMS,20160215,0.007,0.007,0.007,0.007,1344842
FNP,20160215,3.29,3.45,3.29,3.39,134981
FPH,20160215,8,8.15,7.97,8.1,259988
FRI,20160215,0.98,0.98,0.93,0.975,127046
FRM,20160215,1.55,1.62,1.55,1.58,111805
FSA,20160215,1,1,1,1,12500
FSF,20160215,5.07,5.3,5.07,5.17,26853
FUN,20160215,0.026,0.026,0.026,0.026,71551
FWD,20160215,1.14,1.14,1.095,1.14,57711
FXJ,20160215,0.82,0.83,0.805,0.82,4636830
FXL,20160215,2.4,2.44,2.37,2.4,1779125
GAP,20160215,0.295,0.295,0.295,0.295,6133
GBE,20160215,0.024,0.024,0.024,0.024,110490
GBG,20160215,0.013,0.015,0.013,0.015,846689
GBT,20160215,4.32,4.36,4.2,4.24,89164
GC1,20160215,0.98,0.99,0.98,0.99,30000
GCY,20160215,0.195,0.2,0.19,0.19,1320964
GDF,20160215,0.935,0.94,0.93,0.935,93393
GDI,20160215,0.845,0.845,0.83,0.84,163969
GDX,20160215,26.47,26.49,25.95,26.1,8302
GDY,20160215,0.027,0.027,0.026,0.026,83167
GED,20160215,0.004,0.005,0.004,0.005,91000
GEG,20160215,1.12,1.13,1.1,1.11,239253
GEM,20160215,3.22,3.32,3.22,3.31,943298
GFI,20160215,0.32,0.34,0.32,0.34,114667
GFY,20160215,1.2,1.24,1.175,1.23,385076
GGG,20160215,0.028,0.028,0.028,0.028,267704
GGX,20160215,0.002,0.002,0.002,0.002,200000
GHC,20160215,1.745,1.775,1.73,1.75,206897
GID,20160215,0.022,0.022,0.022,0.022,81010
GJT,20160215,2.01,2.01,1.96,1.96,11307
GLB,20160215,1.18,1.18,1.18,1.18,50
GLF,20160215,0.011,0.012,0.011,0.011,4649309
GLN,20160215,0.006,0.007,0.006,0.006,2004123
GMA,20160215,2.34,2.44,2.34,2.41,2303426
GMC,20160215,0.011,0.011,0.011,0.011,75000
GMF,20160215,2.1,2.1,2.06,2.08,116295
GMG,20160215,6.49,6.49,6.24,6.31,5073881
GMM,20160215,0.24,0.26,0.24,0.26,517125
GNC,20160215,8.44,8.48,8.23,8.47,336574
GNE,20160215,1.69,1.705,1.68,1.705,103800
GNG,20160215,0.82,0.86,0.82,0.85,47927
GNX,20160215,0.1,0.1,0.1,0.1,44840
GOLD,20160215,164.57,165.44,161.72,162.97,8731
GOR,20160215,0.45,0.46,0.445,0.46,1684022
GOZ,20160215,3.04,3.1,3.02,3.1,387796
GPP,20160215,0.006,0.006,0.006,0.006,100000
GPT,20160215,4.93,4.94,4.85,4.9,5844799
GRB,20160215,0.051,0.051,0.051,0.051,35000
GRR,20160215,0.084,0.088,0.084,0.084,595074
GRY,20160215,0.069,0.069,0.065,0.065,540952
GTE,20160215,0.009,0.01,0.009,0.01,1569000
GTG,20160215,0.02,0.02,0.019,0.019,742800
GTK,20160215,2.15,2.21,2.08,2.21,9179
GTY,20160215,2.74,2.74,2.64,2.67,481560
GUD,20160215,6.48,6.5,6.18,6.33,733287
GUL,20160215,0.02,0.02,0.02,0.02,250000
GVF,20160215,1,1,0.99,1,25040
GWA,20160215,1.825,1.84,1.79,1.805,942033
GWR,20160215,0.03,0.03,0.03,0.03,71000
GXL,20160215,6.61,6.67,6.45,6.54,256937
GXY,20160215,0.16,0.16,0.15,0.155,1820304
GZL,20160215,2.4,2.5,2.4,2.5,5555
HAO,20160215,0.1,0.1,0.1,0.1,10120
HAR,20160215,0.003,0.003,0.003,0.003,500000
HAS,20160215,0.065,0.065,0.065,0.065,50000
HAV,20160215,0.285,0.295,0.275,0.295,139000
HCH,20160215,0.066,0.07,0.066,0.07,36872
HCT,20160215,0.135,0.135,0.125,0.125,139300
HFA,20160215,2.3,2.33,2.29,2.32,156742
HFR,20160215,1.715,1.775,1.69,1.69,408146
HGG,20160215,4.46,4.48,4.34,4.4,10541280
HHL,20160215,2.82,2.84,2.82,2.82,19466
HHV,20160215,1.09,1.12,1.09,1.11,192008
HHY,20160215,0.098,0.1,0.098,0.1,119626
HIG,20160215,0.053,0.053,0.053,0.053,279076
HIL,20160215,0.24,0.245,0.225,0.225,241590
HLS,20160215,0.003,0.003,0.003,0.003,22500000
HNG,20160215,0.455,0.46,0.455,0.46,7610
HNR,20160215,0.002,0.002,0.002,0.002,100000
HPI,20160215,2.54,2.54,2.51,2.52,44985
HPR,20160215,0.065,0.065,0.065,0.065,33847
HRL,20160215,0.11,0.11,0.11,0.11,152172
HRR,20160215,0.09,0.09,0.09,0.09,1950000
HSN,20160215,3.55,3.64,3.28,3.47,607593
HSO,20160215,2.2,2.2,2.15,2.18,3317156
HTA,20160215,0.082,0.082,0.082,0.082,17618
HUB,20160215,3.84,3.99,3.84,3.91,54849
HUO,20160215,3.8,3.8,3.53,3.7,29008
HVN,20160215,4.41,4.42,4.31,4.36,2113903
HXG,20160215,0.07,0.073,0.07,0.072,347772
HZN,20160215,0.069,0.071,0.069,0.07,263815
HZR,20160215,0.25,0.25,0.235,0.245,504961
IAA,20160215,53.3,53.59,52.34,53.36,8605
IAB,20160215,1.14,1.14,1.14,1.14,305
IAF,20160215,107.27,107.27,106.68,106.68,3721
IAG,20160215,5.2,5.23,5.08,5.17,5333113
IAU,20160215,0.12,0.122,0.12,0.122,36904
IBC,20160215,0.47,0.47,0.47,0.47,6571
IBG,20160215,0.037,0.039,0.035,0.039,434830
IBK,20160215,35.2,35.75,35.19,35.46,3161
ICI,20160215,0.185,0.2,0.18,0.18,47700
ICN,20160215,0.028,0.03,0.028,0.028,3360325
ICQ,20160215,0.83,0.88,0.795,0.84,109452
ICS,20160215,1.61,1.62,1.61,1.62,10841
ICT,20160215,0.085,0.086,0.085,0.086,60500
IDR,20160215,2.03,2.06,2.03,2.05,105065
IDT,20160215,0.265,0.275,0.245,0.25,502416
IDX,20160215,1.42,1.42,1.415,1.42,24874
IEL,20160215,4.07,4.15,3.94,3.94,1457192
IEM,20160215,41.5,41.8,41.12,41.34,14287
IEU,20160215,50.65,51.11,50.53,50.6,40386
IFL,20160215,7.53,7.55,7.45,7.48,782910
IFM,20160215,0.595,0.6,0.55,0.56,4456724
IFN,20160215,0.435,0.465,0.435,0.455,281723
IGB,20160215,104.5,104.69,104.5,104.64,605
IGL,20160215,1.98,2.01,1.975,2,130918
IGO,20160215,2.96,3.03,2.91,2.93,4490378
IGS,20160215,0.002,0.002,0.002,0.002,120000
IHD,20160215,12.39,12.39,12.16,12.26,21480
IHK,20160215,24.3,24.3,24.3,24.3,200
IIL,20160215,0.185,0.19,0.185,0.185,70492
IJH,20160215,177.86,177.86,177.75,177.75,57
IJP,20160215,14.73,15.07,14.65,14.98,43038
IJR,20160215,138.43,138.66,138.43,138.66,444
IKO,20160215,64.9,65.2,64.9,65,71
IKW,20160215,0.002,0.002,0.002,0.002,200000
ILB,20160215,114.85,114.85,113.83,114,820
ILC,20160215,20.63,20.63,20.2,20.38,15744
ILU,20160215,6.48,6.72,6.48,6.69,1790777
IMA,20160215,0.055,0.055,0.055,0.055,56500
IMC,20160215,0.41,0.41,0.39,0.4,9214
IMD,20160215,0.185,0.19,0.185,0.185,260125
IMF,20160215,1.045,1.07,1,1,653490
IMU,20160215,0.01,0.01,0.01,0.01,3402300
INA,20160215,2.63,2.69,2.63,2.66,86834
IND,20160215,0.01,0.01,0.01,0.01,16175
IOF,20160215,3.92,3.94,3.895,3.93,812297
IOG,20160215,0.046,0.046,0.045,0.045,100000
IOO,20160215,93.28,93.64,93.17,93.22,25880
IOZ,20160215,20.25,20.28,20,20.25,77285
IPD,20160215,0.91,0.91,0.885,0.89,246854
IPE,20160215,0.265,0.265,0.265,0.265,45500
IPH,20160215,8.5,8.55,8.2,8.31,695672
IPL,20160215,2.78,2.83,2.77,2.81,22742661
IPT,20160215,0.029,0.03,0.028,0.028,562285
IQ3,20160215,0.285,0.29,0.285,0.29,4000
IQE,20160215,0.255,0.255,0.24,0.24,336105
IRC,20160215,0.067,0.067,0.067,0.067,10000
IRD,20160215,0.08,0.08,0.08,0.08,3332
IRE,20160215,8.88,8.95,8.83,8.9,518118
IRI,20160215,1.89,1.9,1.85,1.88,85212
IRL,20160215,0.004,0.004,0.004,0.004,1726720
IRU,20160215,136.33,136.33,136.33,136.33,172
ISD,20160215,4.01,4.17,4.01,4.16,532924
ISO,20160215,3.56,3.56,3.56,3.56,208
ISU,20160215,0.875,0.88,0.86,0.86,227961
ISX,20160215,0.27,0.275,0.24,0.255,3096707
ITQ,20160215,3.2,3.29,3.18,3.2,13971
ITW,20160215,17.07,17.33,17.07,17.2,31484
IVC,20160215,10.87,11.02,10.72,10.89,351630
IVE,20160215,74.04,74.04,73.52,73.83,10544
IVO,20160215,0.052,0.052,0.051,0.051,496033
IVR,20160215,0.014,0.016,0.014,0.014,4270336
IVV,20160215,264.41,265.15,263.88,264.27,18182
IVX,20160215,0.005,0.005,0.005,0.005,97600
IXI,20160215,128.9,129.61,128.6,128.61,1463
IXJ,20160215,129.11,130,129,129.51,4935
IXP,20160215,81.14,81.14,81.14,81.14,2
IXR,20160215,0.004,0.004,0.004,0.004,1500000
IZZ,20160215,40.85,41.38,40.73,41.38,18008
JBH,20160215,22.38,22.59,22.18,22.32,548195
JHC,20160215,2.83,2.92,2.81,2.89,714461
JHL,20160215,0.24,0.24,0.24,0.24,36845
JHX,20160215,15.99,16.33,15.85,16.25,1064219
JIN,20160215,0.97,0.97,0.97,0.97,3281
JKL,20160215,0.275,0.28,0.27,0.275,473200
JPR,20160215,0.25,0.25,0.25,0.25,100101
JRL,20160215,0.18,0.18,0.18,0.18,24439
JRV,20160215,0.05,0.05,0.05,0.05,11290
KAM,20160215,0.48,0.48,0.45,0.45,56000
KAR,20160215,1.52,1.54,1.435,1.505,1541179
KAS,20160215,0.018,0.018,0.018,0.018,59548
KBL,20160215,0.032,0.033,0.031,0.031,1904988
KBU,20160215,0.135,0.15,0.135,0.15,80000
KCN,20160215,0.46,0.46,0.39,0.4,2154116
KDL,20160215,0.1,0.1,0.1,0.1,6000
KDR,20160215,0.12,0.12,0.115,0.115,273000
KEY,20160215,0.005,0.006,0.005,0.006,7079448
KFE,20160215,0.018,0.018,0.016,0.016,1961333
KGD,20160215,0.038,0.038,0.036,0.037,1240900
KGL,20160215,0.099,0.099,0.099,0.099,50000
KGM,20160215,0.02,0.02,0.02,0.02,8750
KIN,20160215,0.086,0.087,0.086,0.086,81515
KIS,20160215,0.085,0.085,0.085,0.085,80000
KKL,20160215,0.005,0.005,0.004,0.005,1468640
KMD,20160215,1.395,1.415,1.375,1.395,118456
KNL,20160215,0.175,0.175,0.17,0.17,145712
KNM,20160215,0.014,0.014,0.014,0.014,87904
KNO,20160215,0.31,0.31,0.31,0.31,5000
KOR,20160215,0.04,0.048,0.04,0.048,137000
KOV,20160215,2.2,2.2,2.2,2.2,7030
KPL,20160215,0.11,0.12,0.11,0.12,11218
KRM,20160215,0.225,0.225,0.21,0.21,389863
KSC,20160215,1.28,1.28,1.245,1.25,14345
KSL,20160215,0.895,0.9,0.88,0.88,108963
KSN,20160215,0.006,0.006,0.006,0.006,592148
KTA,20160215,0.15,0.15,0.15,0.15,1301
KTE,20160215,0.026,0.026,0.026,0.026,200000
LAA,20160215,0.27,0.27,0.255,0.27,89947
LAU,20160215,0.45,0.45,0.44,0.45,42439
LCD,20160215,0.04,0.04,0.04,0.04,22489
LCK,20160215,0.35,0.35,0.345,0.35,4895114
LCM,20160215,0.56,0.56,0.52,0.52,91533
LCR,20160215,0.003,0.003,0.003,0.003,2500000
LCT,20160215,0.057,0.059,0.057,0.058,576918
LEP,20160215,3.8,3.84,3.76,3.82,11298
LER,20160215,0.12,0.12,0.115,0.12,75000
LGD,20160215,0.23,0.235,0.23,0.23,60000
LHB,20160215,0.155,0.155,0.155,0.155,24000
LHC,20160215,2.4,2.4,2.25,2.25,39358
LIC,20160215,2.41,2.42,2.41,2.42,9972
LIT,20160215,0.14,0.145,0.135,0.135,859072
LKO,20160215,0.002,0.002,0.002,0.002,250000
LLC,20160215,11.69,11.97,11.6,11.95,2004894
LMG,20160215,0.009,0.009,0.009,0.009,200000
LML,20160215,0.041,0.041,0.037,0.037,100000
LNG,20160215,0.545,0.545,0.515,0.53,2699335
LNK,20160215,7.38,7.47,7.32,7.44,1061846
LNR,20160215,3,3.01,3,3,10551
LNY,20160215,0.003,0.003,0.003,0.003,4016666
LOM,20160215,0.45,0.5,0.39,0.41,15508198
LOV,20160215,2.08,2.08,2,2.05,32738
LPE,20160215,0.03,0.031,0.029,0.029,6378613
LRS,20160215,0.004,0.004,0.004,0.004,4739936
LSR,20160215,0.025,0.026,0.025,0.025,664712
LSX,20160215,0.27,0.27,0.27,0.27,5741
LTN,20160215,0.09,0.09,0.09,0.09,15988
LTR,20160215,0.015,0.015,0.015,0.015,926792
LTX,20160215,0.042,0.044,0.041,0.043,1260424
LVT,20160215,0.22,0.23,0.19,0.19,68502
LWP,20160215,0.005,0.005,0.005,0.005,1289000
LYC,20160215,0.075,0.075,0.072,0.073,6399730
MAD,20160215,0.053,0.053,0.047,0.048,308566
MAH,20160215,0.089,0.09,0.089,0.09,1544498
MAQ,20160215,8.4,8.5,8.4,8.5,6876
MBE,20160215,0.32,0.32,0.295,0.305,1072586
MBT,20160215,0.036,0.036,0.036,0.036,10000
MCE,20160215,0.44,0.44,0.44,0.44,20343
MCP,20160215,0.675,0.685,0.675,0.675,36325
MCR,20160215,0.135,0.135,0.125,0.125,119438
MCS,20160215,0.058,0.06,0.058,0.06,86683
MCT,20160215,0.056,0.057,0.055,0.055,3511224
MDC,20160215,0.22,0.22,0.22,0.22,34200
MDL,20160215,0.21,0.21,0.19,0.19,61064
MDR,20160215,0.038,0.038,0.036,0.036,420626
MEA,20160215,1.52,1.52,1.52,1.52,17156
MEB,20160215,0.22,0.22,0.21,0.21,116517
MED,20160215,0.032,0.032,0.032,0.032,42113
MEL,20160215,0.06,0.061,0.06,0.061,2325000
MEO,20160215,0.01,0.01,0.01,0.01,233728
MEY,20160215,0.125,0.125,0.125,0.125,15876
MEZ,20160215,2.13,2.13,2.13,2.13,509
MFF,20160215,1.82,1.82,1.775,1.815,204812
MFG,20160215,20.3,20.54,20.06,20.45,585182
MGC,20160215,2.05,2.07,2.01,2.04,621723
MGE,20160215,2.45,2.47,2.43,2.46,844017
MGL,20160215,0.016,0.018,0.016,0.018,1616
MGP,20160215,0.29,0.335,0.29,0.335,55103
MGR,20160215,1.84,1.84,1.81,1.82,15570114
MGS,20160215,0.03,0.03,0.03,0.03,20000
MGT,20160215,0.025,0.025,0.024,0.025,216500
MGV,20160215,0.022,0.022,0.021,0.021,350000
MGX,20160215,0.18,0.18,0.175,0.175,284155
MHG,20160215,2.24,2.24,2.24,2.24,22222
MHM,20160215,0.029,0.029,0.029,0.029,57800
MIG,20160215,0.625,0.625,0.565,0.565,194113
MIL,20160215,2.18,2.18,2.18,2.18,1000
MIN,20160215,3.99,4.115,3.96,4.06,843268
MIR,20160215,2.6,2.6,2.56,2.6,47378
MJP,20160215,0.59,0.61,0.59,0.6,32332
MKB,20160215,0.013,0.013,0.013,0.013,136272
MKO,20160215,0.074,0.078,0.068,0.068,1342245
MLB,20160215,1.86,1.89,1.81,1.88,91286
MLD,20160215,0.84,0.84,0.81,0.835,233451
MLM,20160215,0.054,0.054,0.052,0.052,104475
MLT,20160215,4.16,4.19,4.16,4.17,140154
MLX,20160215,1.05,1.07,1.045,1.05,1497419
MMJ,20160215,0.3,0.305,0.29,0.29,639636
MML,20160215,0.595,0.595,0.555,0.58,1579593
MMS,20160215,10.6,10.62,10.36,10.48,462598
MNC,20160215,0.003,0.003,0.003,0.003,2398000
MND,20160215,5.84,5.85,5.62,5.66,309007
MNF,20160215,3.45,3.45,3.3,3.37,2426
MNM,20160215,0.014,0.014,0.013,0.013,969833
MNQ,20160215,0.009,0.009,0.009,0.009,875325
MNS,20160215,0.335,0.385,0.33,0.385,1434741
MNW,20160215,0.073,0.077,0.073,0.077,125000
MNY,20160215,1,1.005,0.93,0.965,70134
MOC,20160215,1.7,1.745,1.677,1.69,420627
MOD,20160215,0.005,0.005,0.005,0.005,175000
MOY,20160215,0.099,0.11,0.093,0.093,18966997
MP1,20160215,3.13,3.16,3.03,3.04,52977
MPJ,20160215,0.005,0.005,0.004,0.004,4350000
MPL,20160215,2.45,2.45,2.41,2.44,7480258
MPO,20160215,0.13,0.13,0.13,0.13,6000
MQA,20160215,4.21,4.33,4.18,4.31,1388005
MQG,20160215,60.45,60.75,59.49,59.67,1974859
MRD,20160215,0.007,0.007,0.007,0.007,271551
MRM,20160215,0.31,0.315,0.3,0.315,374407
MRN,20160215,0.85,0.85,0.85,0.85,1900
MRP,20160215,0.098,0.098,0.098,0.098,80000
MRV,20160215,0.004,0.004,0.004,0.004,1121000
MSB,20160215,1.23,1.23,1.155,1.165,471269
MSG,20160215,0.057,0.06,0.057,0.06,453068
MSM,20160215,0.085,0.09,0.085,0.09,476117
MSP,20160215,0.032,0.032,0.031,0.032,228574
MTA,20160215,0.044,0.045,0.043,0.043,360000
MTB,20160215,0.008,0.008,0.008,0.008,914
MTH,20160215,0.006,0.006,0.005,0.005,768331
MTL,20160215,0.057,0.06,0.057,0.06,263544
MTM,20160215,0.28,0.28,0.275,0.275,28000
MTR,20160215,4.2,4.34,4.19,4.32,1003428
MTS,20160215,1.68,1.725,1.655,1.71,3380097
MUA,20160215,0.96,0.97,0.94,0.95,94977
MUM,20160215,0.006,0.006,0.005,0.005,8771259
MUS,20160215,0.09,0.09,0.085,0.085,71666
MVA,20160215,18.64,18.8,18.62,18.8,133456
MVB,20160215,22.49,22.49,22.08,22.08,6711
MVF,20160215,1.46,1.48,1.442,1.455,200983
MVP,20160215,4.18,4.18,4,4.09,56058
MVR,20160215,13.98,13.98,13.98,13.98,4977
MVS,20160215,14.87,15.01,14.87,15.01,1156
MVT,20160215,0.14,0.14,0.14,0.14,100000
MVW,20160215,19.91,20.05,19.91,20.05,11050
MX1,20160215,0.41,0.415,0.405,0.405,75973
MXI,20160215,0.465,0.48,0.465,0.47,36084
MYE,20160215,0.185,0.185,0.185,0.185,17900
MYO,20160215,2.7,2.86,2.68,2.79,1029201
MYR,20160215,1.005,1.03,1.002,1.025,2639011
MYS,20160215,4.25,4.3,4.19,4.26,99167
MYT,20160215,2.47,2.49,2.47,2.47,5318
MYX,20160215,1.16,1.195,1.15,1.19,1151683
MZI,20160215,0.34,0.35,0.325,0.335,25986
MZM,20160215,0.215,0.22,0.215,0.22,19920
NAB,20160215,24.8,24.88,24.27,24.75,6964481
NAG,20160215,0.12,0.12,0.115,0.12,156909
NAN,20160215,1.88,1.96,1.87,1.96,803391
NBL,20160215,1.1,1.1,1.1,1.1,3000
NCC,20160215,0.92,0.955,0.92,0.955,43600
NCK,20160215,4.36,4.37,4.33,4.34,55966
NCM,20160215,16.46,16.53,16,16.21,4502197
NCR,20160215,0.003,0.003,0.003,0.003,1000000
NDO,20160215,0.3,0.3,0.3,0.3,5120
NDQ,20160215,9.84,9.89,9.83,9.86,17880
NEA,20160215,0.345,0.35,0.335,0.335,173906
NEC,20160215,1.35,1.365,1.325,1.36,1817895
NEU,20160215,0.1,0.105,0.097,0.1,1323882
NGE,20160215,0.018,0.018,0.018,0.018,110000
NHC,20160215,1.53,1.53,1.405,1.475,41636
NHF,20160215,3.23,3.23,3.18,3.2,195130
NIO,20160215,0.009,0.01,0.009,0.01,40300
NKP,20160215,0.062,0.065,0.062,0.065,50000
NML,20160215,0.023,0.023,0.021,0.021,29000
NMS,20160215,1.05,1.05,1.05,1.05,400
NMT,20160215,0.2,0.2,0.185,0.185,1358426
NNW,20160215,0.074,0.08,0.074,0.08,165149
NOR,20160215,0.059,0.061,0.057,0.057,3514037
NPX,20160215,4.3,4.7,4.3,4.68,31460
NRT,20160215,0.1,0.105,0.1,0.105,463708
NSE,20160215,0.006,0.006,0.006,0.006,80000
NSL,20160215,0.008,0.008,0.007,0.007,1278999
NSP,20160215,0.009,0.009,0.009,0.009,354732
NSR,20160215,1.47,1.485,1.435,1.475,1098758
NST,20160215,3.77,3.79,3.62,3.63,6681473
NTC,20160215,2.18,2.39,2.18,2.39,259886
NTM,20160215,0.008,0.008,0.008,0.008,93750
NTU,20160215,0.063,0.07,0.063,0.07,523000
NUF,20160215,6.53,6.65,6.49,6.65,954264
NVL,20160215,1.2,1.22,1.2,1.22,58469
NVT,20160215,4.61,4.61,4.55,4.56,514211
NWH,20160215,0.049,0.07,0.049,0.064,4145126
NWS,20160215,15.85,15.94,15.81,15.87,276859
NWZ,20160215,0.025,0.026,0.025,0.026,461468
NXM,20160215,0.08,0.08,0.08,0.08,12960
NXT,20160215,2.37,2.41,2.35,2.39,193778
NZO,20160215,0.38,0.38,0.37,0.37,26400
OBJ,20160215,0.061,0.061,0.059,0.06,506448
OCC,20160215,0.415,0.43,0.405,0.405,120645
OCL,20160215,1.66,1.74,1.66,1.72,8451
ODN,20160215,0.016,0.016,0.014,0.014,17039965
ODY,20160215,0.055,0.055,0.055,0.055,195000
OEC,20160215,0.465,0.465,0.45,0.45,38353
OEL,20160215,0.029,0.03,0.027,0.029,5795256
OEX,20160215,0.009,0.009,0.009,0.009,57000
OFX,20160215,1.9,1.915,1.84,1.86,1755633
OGC,20160215,3.82,3.99,3.82,3.97,1638372
OGX,20160215,0.18,0.18,0.175,0.175,104767
OGY,20160215,0.014,0.014,0.014,0.014,40000
OIL,20160215,0.021,0.021,0.021,0.021,100000
OKU,20160215,0.079,0.079,0.079,0.079,6000
OMH,20160215,0.069,0.069,0.06,0.06,159995
OML,20160215,3.8,4.07,3.72,4,570231
ONT,20160215,7.55,7.7,7.55,7.6,4298
OOK,20160215,0.02,0.02,0.019,0.02,2730003
OOO,20160215,11.64,11.74,11.62,11.7,96445
OPG,20160215,0.46,0.46,0.46,0.46,1975
OPT,20160215,0.355,0.38,0.35,0.35,153683
ORA,20160215,2.2,2.27,2.2,2.23,6331732
ORE,20160215,2.55,2.57,2.46,2.5,512251
ORG,20160215,3.76,3.78,3.5,3.7,13418426
ORI,20160215,12.7,13.13,12.67,13.07,975041
ORL,20160215,2.11,2.11,2.11,2.11,10300
ORX,20160215,0.096,0.096,0.096,0.096,10000
OSH,20160215,6.8,7.02,6.68,6.93,8441274
OSL,20160215,0.195,0.195,0.19,0.195,1619948
OSP,20160215,0.265,0.265,0.26,0.26,42000
OTC,20160215,0.165,0.19,0.165,0.18,1903608
OTH,20160215,0.7,0.7,0.69,0.69,86040
OTR,20160215,0.065,0.066,0.065,0.066,200000
OTW,20160215,1.1,1.1,1.1,1.1,11600
OVH,20160215,0.7,0.7,0.63,0.69,1576480
OVL,20160215,0.006,0.006,0.006,0.006,659122
OZF,20160215,17.33,17.34,17.26,17.34,36922
OZG,20160215,0.11,0.11,0.11,0.11,10842
OZL,20160215,4.63,4.71,4.54,4.69,2518052
OZR,20160215,5.66,5.7,5.65,5.65,7250
PAA,20160215,0.1,0.1,0.1,0.1,20000
PAC,20160215,5.72,6.07,5.71,5.9,14334
PAF,20160215,0.845,0.855,0.845,0.855,19017
PAI,20160215,0.95,0.95,0.91,0.95,46900
PAN,20160215,0.081,0.083,0.08,0.08,618832
PAR,20160215,0.26,0.29,0.26,0.29,70215
PBD,20160215,0.009,0.009,0.009,0.009,400000
PBG,20160215,0.78,0.79,0.765,0.78,1412959
PBP,20160215,0.46,0.48,0.46,0.48,59483
PCL,20160215,0.003,0.004,0.003,0.004,384204
PDN,20160215,0.175,0.19,0.175,0.185,4541094
PEH,20160215,0.16,0.16,0.155,0.155,260257
PEN,20160215,0.79,0.81,0.775,0.81,51698
PEP,20160215,2.65,2.65,2.65,2.65,4750
PEZ,20160215,0.05,0.051,0.05,0.051,618696
PFL,20160215,1.095,1.095,1.06,1.085,19202
PGC,20160215,0.625,0.64,0.625,0.63,87443
PGF,20160215,0.86,0.87,0.845,0.855,321788
PGH,20160215,4.72,4.78,4.64,4.66,703072
PGI,20160215,0.079,0.08,0.079,0.08,75236
PGM,20160215,0.033,0.033,0.03,0.03,280099
PGR,20160215,0.615,0.615,0.615,0.615,16275
PGS,20160215,0.002,0.002,0.002,0.002,100000
PGY,20160215,0.001,0.001,0.001,0.001,1048750
PHG,20160215,0.43,0.445,0.43,0.435,16294
PHI,20160215,8.2,8.2,8,8,7266
PIC,20160215,0.94,0.945,0.925,0.935,177476
PIL,20160215,0.017,0.017,0.017,0.017,100000
PIO,20160215,0.014,0.014,0.011,0.011,7619470
PIQ,20160215,0.265,0.265,0.265,0.265,2725
PLH,20160215,0.064,0.064,0.064,0.064,12500
PLP,20160215,0.007,0.008,0.007,0.007,6745233
PLS,20160215,0.35,0.37,0.345,0.37,4497070
PMC,20160215,1.55,1.575,1.505,1.57,302933
PME,20160215,3,3,2.84,2.92,27258
PML,20160215,0.04,0.046,0.04,0.046,878221
PMP,20160215,0.445,0.445,0.425,0.435,62127
PMV,20160215,12.32,12.41,12.23,12.39,140174
PMY,20160215,0.011,0.011,0.01,0.01,101775
PNC,20160215,1.74,1.78,1.74,1.78,35625
PNL,20160215,0.26,0.26,0.23,0.26,90772
PNR,20160215,0.094,0.095,0.088,0.088,2159247
PNV,20160215,0.28,0.295,0.28,0.295,1163009
POP,20160215,0.03,0.03,0.029,0.03,343076
POS,20160215,0.034,0.035,0.033,0.033,548366
POU,20160215,20.26,20.26,20.26,20.26,243
PPC,20160215,1.025,1.025,0.995,1.01,135790
PPG,20160215,0.4,0.4,0.4,0.4,353
PPL,20160215,0.44,0.45,0.44,0.45,53307
PPS,20160215,0.35,0.35,0.33,0.33,705167
PPT,20160215,38.5,38.74,37.78,38.07,236837
PRG,20160215,1.05,1.055,1.02,1.04,2983985
PRO,20160215,1.7,1.84,1.665,1.715,289303
PRR,20160215,0.042,0.042,0.04,0.04,3184655
PRT,20160215,0.42,0.42,0.39,0.395,205982
PRU,20160215,0.355,0.37,0.345,0.35,3996840
PRY,20160215,2.2,2.23,2.17,2.19,3549944
PSA,20160215,0.09,0.09,0.09,0.09,12000
PSC,20160215,0.006,0.006,0.006,0.006,152870
PSF,20160215,0.011,0.011,0.01,0.01,1242867
PSI,20160215,1.65,1.65,1.65,1.65,57105
PSM,20160215,0.02,0.02,0.018,0.018,500000
PSQ,20160215,1.81,1.85,1.78,1.78,11302
PSY,20160215,0.115,0.115,0.11,0.11,51178
PSZ,20160215,0.78,0.83,0.78,0.83,106198
PTB,20160215,0.425,0.425,0.425,0.425,4901
PTL,20160215,0.65,0.65,0.615,0.62,297848
PTM,20160215,5.95,6.115,5.95,6.09,1389525
PTR,20160215,0.005,0.005,0.005,0.005,100000
PTX,20160215,0.092,0.092,0.092,0.092,71269
PWH,20160215,2.26,2.39,2.25,2.35,308272
PWN,20160215,0.04,0.046,0.04,0.041,99228
PXS,20160215,0.255,0.26,0.25,0.255,261188
PYC,20160215,0.013,0.013,0.013,0.013,38462
QAN,20160215,3.85,3.87,3.8,3.86,7163570
QAU,20160215,13.04,13.04,12.84,12.84,28230
QBE,20160215,9.75,9.82,9.58,9.69,5877661
QBL,20160215,0.006,0.007,0.006,0.007,1639999
QFN,20160215,9.65,9.65,9.51,9.54,106395
QHL,20160215,0.125,0.13,0.12,0.12,565032
QMS,20160215,1.165,1.245,1.165,1.21,174160
QOZ,20160215,10.34,10.44,10.34,10.44,10570
QRE,20160215,3.09,3.09,3.09,3.09,6000
QST,20160215,0.078,0.078,0.078,0.078,45000
QUB,20160215,1.995,2.02,1.98,1.985,2058932
QUR,20160215,0.07,0.071,0.065,0.07,2819502
QUS,20160215,25.64,25.64,25.64,25.64,285
QVE,20160215,1.005,1.01,0.995,1.01,112906
RAD,20160215,0.039,0.039,0.035,0.036,395259
RAP,20160215,0.13,0.135,0.13,0.135,1246865
RAW,20160215,0.037,0.037,0.037,0.037,14726
RBX,20160215,0.006,0.006,0.006,0.006,200000
RCB,20160215,20.32,20.32,20.28,20.31,10709
RCE,20160215,0.39,0.39,0.38,0.38,106882
RCG,20160215,1.48,1.51,1.445,1.475,535250
RCR,20160215,1.58,1.585,1.555,1.57,119767
RCT,20160215,3.6,3.63,3.6,3.6,6650
RDM,20160215,0.037,0.037,0.037,0.037,3922
RDV,20160215,25.48,25.73,25.22,25.25,9593
REA,20160215,50.6,50.6,49.52,50.11,434304
REC,20160215,6.52,6.72,6.45,6.7,346335
RED,20160215,0.081,0.083,0.078,0.08,1549710
REG,20160215,5.39,5.54,5.37,5.49,490854
REH,20160215,32,32.79,32,32.55,1354
RES,20160215,0.04,0.04,0.04,0.04,34000
REV,20160215,0.13,0.13,0.11,0.11,12500
REX,20160215,0.83,0.83,0.83,0.83,35000
RFF,20160215,1.27,1.295,1.26,1.295,66904
RFG,20160215,4.26,4.28,4.22,4.26,426645
RFL,20160215,0.13,0.13,0.125,0.13,55458
RFN,20160215,0.515,0.515,0.49,0.49,60726
RFX,20160215,0.3,0.335,0.295,0.335,2902356
RGB,20160215,21.54,21.54,21.5,21.5,3540
RGP,20160215,0.085,0.085,0.085,0.085,54100
RGS,20160215,0.08,0.083,0.08,0.083,95584
RHC,20160215,57.53,57.7,57.01,57.55,571131
RHL,20160215,3.3,3.3,3.26,3.26,10086
RHP,20160215,1.21,1.31,1.19,1.25,108127
RHS,20160215,0.081,0.081,0.08,0.08,23900
RHT,20160215,0.02,0.02,0.02,0.02,400708
RIC,20160215,1.355,1.39,1.35,1.35,210156
RIE,20160215,0.014,0.014,0.014,0.014,485000
RIO,20160215,42.19,42.27,41.43,42.22,2722123
RKN,20160215,1.96,2.04,1.96,2.04,130681
RLE,20160215,0.071,0.075,0.07,0.075,319801
RMD,20160215,8.09,8.195,8.085,8.16,1758851
RMP,20160215,0.02,0.02,0.02,0.02,800000
RMR,20160215,0.002,0.002,0.002,0.002,3135000
RMS,20160215,0.385,0.385,0.355,0.355,3322896
RMX,20160215,0.001,0.001,0.001,0.001,2975333
RNI,20160215,0.016,0.016,0.016,0.016,5075301
RNL,20160215,0.02,0.021,0.02,0.02,1539465
RNO,20160215,0.025,0.025,0.025,0.025,25000
RNS,20160215,0.03,0.03,0.029,0.03,889892
RNT,20160215,0.18,0.185,0.17,0.17,246412
RNU,20160215,0.017,0.017,0.015,0.015,1412116
RNY,20160215,0.23,0.23,0.225,0.225,169361
RRL,20160215,2.72,2.75,2.57,2.58,5857514
RSG,20160215,0.48,0.48,0.432,0.46,2970738
RSH,20160215,0.035,0.035,0.035,0.035,170000
RSM,20160215,20.84,20.84,20.74,20.82,1924
RTR,20160215,0.013,0.013,0.013,0.013,350000
RUB,20160215,0.04,0.04,0.04,0.04,100000
RUM,20160215,0.037,0.037,0.037,0.037,15000
RVL,20160215,24.41,24.41,24.33,24.33,771
RVR,20160215,0.094,0.094,0.092,0.092,28266
RWH,20160215,1.1,1.1,1.05,1.055,40380
RXH,20160215,0.145,0.145,0.145,0.145,100000
RXL,20160215,0.009,0.009,0.009,0.009,129359
RXM,20160215,0.049,0.05,0.049,0.05,3570
RXP,20160215,0.6,0.605,0.585,0.6,502749
RYG,20160215,0.031,0.031,0.028,0.029,17076512
S2R,20160215,0.125,0.13,0.125,0.13,63392
S32,20160215,1.14,1.16,1.12,1.16,15245124
SAI,20160215,3.76,3.81,3.7,3.78,345478
SAR,20160215,0.94,0.945,0.892,0.905,2751192
SAU,20160215,0.305,0.305,0.29,0.29,90250
SBB,20160215,0.03,0.031,0.03,0.031,103000
SBM,20160215,1.785,1.82,1.737,1.74,3361046
SCG,20160215,4.38,4.4,4.32,4.4,8813260
SCI,20160215,0.019,0.019,0.019,0.019,91632
SCP,20160215,2.15,2.18,2.115,2.18,1563756
SDA,20160215,4.28,4.34,4.22,4.26,45017
SDF,20160215,1.45,1.47,1.45,1.465,1207908
SDG,20160215,1.565,1.565,1.52,1.545,206621
SDL,20160215,0.005,0.005,0.004,0.004,5166475
SDM,20160215,1.08,1.08,1.075,1.075,334805
SEA,20160215,0.073,0.075,0.069,0.07,3874708
SEG,20160215,0.002,0.002,0.002,0.002,1200000
SEH,20160215,0.037,0.038,0.036,0.036,4746035
SEK,20160215,12.51,12.6,12.35,12.46,1117698
SEN,20160215,0.105,0.107,0.1,0.1,1609601
SFG,20160215,0.08,0.08,0.079,0.079,275150
SFH,20160215,0.525,0.525,0.52,0.52,16202
SFI,20160215,0.047,0.047,0.045,0.045,1027170
SFR,20160215,5.57,5.75,5.53,5.61,965891
SFX,20160215,0.355,0.355,0.355,0.355,5779
SFY,20160215,46.59,46.59,45.92,46.2,12634
SGF,20160215,3.18,3.49,3.18,3.33,297077
SGH,20160215,0.62,0.63,0.595,0.615,1240809
SGM,20160215,7.25,7.63,7.25,7.63,1444153
SGN,20160215,0.76,0.76,0.73,0.75,391757
SGP,20160215,4,4.015,3.95,4.01,7782899
SGQ,20160215,0.105,0.11,0.097,0.11,1241242
SGR,20160215,5.28,5.37,5.25,5.36,2294065
SGU,20160215,0.15,0.15,0.145,0.145,37839
SHJ,20160215,0.6,0.605,0.57,0.575,713380
SHL,20160215,17.75,17.81,17.54,17.79,1318352
SHM,20160215,0.93,0.935,0.93,0.935,16072
SHP,20160215,0.004,0.004,0.004,0.004,1512829
SHV,20160215,4.76,4.85,4.76,4.84,267216
SIO,20160215,0.35,0.355,0.35,0.35,32052
SIP,20160215,0.745,0.76,0.74,0.745,4507438
SIQ,20160215,3.98,3.99,3.89,3.95,358035
SIT,20160215,0.26,0.26,0.26,0.26,12418
SIV,20160215,8,8.3,7.9,7.92,135846
SKC,20160215,4.12,4.13,4.07,4.08,2395655
SKI,20160215,1.88,1.905,1.877,1.905,4378166
SKT,20160215,3.99,4.18,3.99,4.16,442102
SLC,20160215,1.94,1.98,1.94,1.94,47455
SLF,20160215,12.07,12.17,11.97,12.1,19749
SLK,20160215,3.9,4.06,3.88,4.06,130418
SLM,20160215,0.65,0.65,0.65,0.65,9000
SLR,20160215,0.31,0.315,0.3,0.3,5689416
SLX,20160215,0.345,0.35,0.325,0.325,34792
SMA,20160215,0.043,0.044,0.043,0.044,1956842
SMD,20160215,0.004,0.004,0.004,0.004,100000
SMI,20160215,0.009,0.009,0.009,0.009,129817
SMN,20160215,1.455,1.465,1.425,1.43,181103
SMR,20160215,0.17,0.17,0.17,0.17,15000
SMX,20160215,2.31,2.34,2.22,2.23,67807
SNY,20160215,0.05,0.05,0.05,0.05,100000
SO4,20160215,0.25,0.25,0.25,0.25,12000
SOI,20160215,0.026,0.026,0.026,0.026,81140
SOL,20160215,16,16.11,15.96,16.05,132965
SOR,20160215,0.115,0.12,0.11,0.11,132732
SPK,20160215,3.1,3.1,2.99,3.03,2516724
SPL,20160215,0.56,0.56,0.54,0.545,236153
SPO,20160215,0.95,0.95,0.91,0.92,3996725
SPY,20160215,263.14,264.02,263.14,263.57,126
SPZ,20160215,0.245,0.26,0.235,0.25,813305
SRF,20160215,1.66,1.705,1.64,1.66,112629
SRI,20160215,0.029,0.029,0.029,0.029,78794
SRK,20160215,0.047,0.047,0.047,0.047,94000
SRO,20160215,0.037,0.037,0.035,0.037,212027
SRS,20160215,0.026,0.028,0.026,0.028,45951
SRT,20160215,0.023,0.023,0.021,0.021,7861993
SRV,20160215,6.94,6.94,6.75,6.83,20253
SRX,20160215,33.4,34.21,33.4,34.2,165485
SSM,20160215,0.46,0.49,0.46,0.49,118168
SSN,20160215,0.004,0.004,0.004,0.004,370000
SSO,20160215,10.58,10.58,10.58,10.58,1400
SST,20160215,18.4,18.4,18.4,18.4,40
STA,20160215,0.007,0.007,0.006,0.007,4629083
STO,20160215,3.32,3.33,3.05,3.22,15660581
STS,20160215,0.74,0.74,0.72,0.72,50000
STW,20160215,45.22,45.37,44.73,45.25,112539
STX,20160215,0.11,0.11,0.105,0.105,267717
SUL,20160215,9.65,9.83,9.56,9.78,355311
SUM,20160215,0.061,0.063,0.056,0.06,1440954
SUN,20160215,11,11.19,10.7,10.97,7334005
SVA,20160215,0.11,0.12,0.11,0.115,39000
SVL,20160215,0.002,0.002,0.001,0.001,4479000
SVW,20160215,4.29,4.33,4.19,4.27,273035
SWE,20160215,0.035,0.035,0.035,0.035,72000
SWJ,20160215,0.011,0.012,0.011,0.012,575000
SWL,20160215,0.81,0.81,0.79,0.79,44000
SWM,20160215,0.8,0.815,0.77,0.81,2594760
SWR,20160215,0.033,0.033,0.033,0.033,175000
SXE,20160215,0.36,0.36,0.355,0.355,103559
SXL,20160215,1.055,1.07,1.025,1.06,1165968
SXY,20160215,0.15,0.155,0.145,0.145,4381377
SYD,20160215,6.4,6.45,6.37,6.39,3973681
SYI,20160215,24.36,24.36,24.08,24.08,1800
SYR,20160215,3.75,3.91,3.75,3.9,590575
TAH,20160215,4.15,4.22,4.15,4.22,3063676
TAM,20160215,0.052,0.052,0.045,0.048,326912
TAP,20160215,0.095,0.1,0.095,0.099,512632
TAS,20160215,0.048,0.048,0.046,0.046,315469
TAW,20160215,0.002,0.002,0.002,0.002,2000000
TBH,20160215,0.2,0.22,0.2,0.215,219706
TBR,20160215,4,4,4,4,477
TCH,20160215,2.4,2.4,2.29,2.29,19860
TCL,20160215,10.7,10.81,10.62,10.81,3891895
TDL,20160215,0.25,0.26,0.25,0.26,80000
TEG,20160215,0.001,0.001,0.001,0.001,1844346
TEN,20160215,0.94,0.97,0.93,0.945,403070
TEX,20160215,0.001,0.001,0.001,0.001,57143
TFC,20160215,1.14,1.18,1.12,1.165,666003
TFL,20160215,0.29,0.295,0.29,0.295,24740
TGA,20160215,1.715,1.717,1.645,1.675,308409
TGG,20160215,1.075,1.085,1.075,1.085,71328
TGN,20160215,0.037,0.037,0.037,0.037,232000
TGP,20160215,0.925,0.93,0.925,0.93,12108
TGR,20160215,3.9,4.01,3.9,3.99,863963
TGS,20160215,0.045,0.046,0.042,0.043,1772601
TGZ,20160215,0.53,0.54,0.52,0.52,71921
THR,20160215,0.001,0.001,0.001,0.001,500000
THX,20160215,0.055,0.055,0.055,0.055,54546
TIG,20160215,0.033,0.033,0.032,0.032,100000
TIS,20160215,0.039,0.039,0.038,0.038,158066
TIX,20160215,2.42,2.42,2.395,2.4,421565
TKL,20160215,0.014,0.014,0.014,0.014,100000
TLG,20160215,0.265,0.27,0.25,0.27,205079
TLM,20160215,0.435,0.44,0.43,0.435,124816
TLS,20160215,5.59,5.59,5.37,5.44,35332372
TME,20160215,3.61,3.675,3.54,3.64,806487
TMP,20160215,0.69,0.695,0.68,0.695,293005
TMX,20160215,0.006,0.006,0.006,0.006,236666
TND,20160215,0.07,0.071,0.064,0.066,5689836
TNE,20160215,4.25,4.44,4.245,4.4,601812
TNG,20160215,0.145,0.16,0.145,0.15,1380186
TNR,20160215,0.24,0.245,0.23,0.245,29563
TNT,20160215,0.21,0.23,0.195,0.2,1718509
TOE,20160215,0.06,0.06,0.058,0.059,685828
TOF,20160215,2.02,2.02,2,2,47046
TON,20160215,0.068,0.074,0.066,0.069,1638923
TOP,20160215,0.53,0.545,0.53,0.545,30030
TOT,20160215,1.04,1.04,1.03,1.03,13333
TOX,20160215,2.28,2.33,2.21,2.25,186212
TPC,20160215,0.4,0.4,0.4,0.4,760
TPD,20160215,0.009,0.009,0.009,0.009,2468286
TPE,20160215,3.38,3.38,3.35,3.38,7700
TPM,20160215,9.95,9.96,9.71,9.85,853713
TPP,20160215,0.115,0.115,0.11,0.11,130000
TPR,20160215,0.075,0.087,0.075,0.087,91000
TPS,20160215,0.033,0.035,0.033,0.035,451206
TPW,20160215,0.65,0.65,0.65,0.65,4800
TRL,20160215,0.09,0.105,0.088,0.096,2766971
TRS,20160215,9.67,10.06,9.64,10.02,94064
TRY,20160215,0.325,0.33,0.295,0.305,3959417
TSM,20160215,0.48,0.48,0.48,0.48,14000
TSN,20160215,0.025,0.025,0.023,0.024,1055966
TSV,20160215,0.034,0.037,0.034,0.035,1769760
TTE,20160215,0.017,0.017,0.017,0.017,19117
TTS,20160215,3.88,3.93,3.87,3.92,3771653
TUP,20160215,0.13,0.13,0.13,0.13,13429
TV2,20160215,0.015,0.015,0.015,0.015,2826035
TWE,20160215,8.65,8.69,8.54,8.67,1741898
TWH,20160215,0.006,0.006,0.006,0.006,640000
TYX,20160215,0.025,0.025,0.023,0.023,645870
TZN,20160215,0.11,0.11,0.11,0.11,10000
UBE,20160215,17.8,17.94,17.8,17.94,958
UBI,20160215,0.4,0.4,0.385,0.385,92947
UBJ,20160215,18.07,18.07,18.07,18.07,125
UBN,20160215,0.63,0.635,0.63,0.635,10982
UCM,20160215,0.155,0.155,0.14,0.14,13000
UGL,20160215,2.21,2.23,2.1,2.18,552190
UML,20160215,0.028,0.029,0.028,0.029,1120000
UNS,20160215,0.255,0.26,0.247,0.255,1677642
UNV,20160215,0.19,0.19,0.19,0.19,113189
UOS,20160215,0.47,0.49,0.47,0.49,42001
UPD,20160215,0.25,0.25,0.24,0.24,216545
URF,20160215,2.15,2.17,2.15,2.17,34000
USD,20160215,13.74,13.76,13.65,13.67,434413
USF,20160215,2.55,2.55,2.55,2.55,3193
VAE,20160215,46.02,46.02,46.02,46.02,2500
VAF,20160215,50.12,50.12,49.87,49.92,13140
VAH,20160215,0.475,0.475,0.465,0.47,392026
VAP,20160215,75.4,75.83,74.86,75.65,58165
VAS,20160215,61.56,61.75,60.68,61.15,40372
VCF,20160215,50.97,50.97,50.97,50.97,99
VCX,20160215,2.92,2.99,2.895,2.98,15713938
VEC,20160215,0.005,0.005,0.005,0.005,100000
VEQ,20160215,45.41,45.41,45.39,45.4,2576
VEU,20160215,54.7,54.98,54.61,54.83,9846
VGB,20160215,49.73,49.73,49.55,49.57,4138
VGE,20160215,47.02,47.24,45.86,45.86,955
VGS,20160215,52.78,53.35,52.78,53.1,16171
VHY,20160215,52.01,52.47,51.4,52.25,10031
VIA,20160215,2.35,2.35,2.35,2.35,600
VIC,20160215,0.011,0.011,0.009,0.01,9071102
VIP,20160215,0.057,0.057,0.057,0.057,270000
VIT,20160215,2.11,2.18,2.07,2.15,477065
VKA,20160215,0.015,0.015,0.015,0.015,334000
VLA,20160215,0.715,0.715,0.68,0.685,359587
VLC,20160215,51.51,51.73,51.51,51.73,18543
VLW,20160215,2,2.01,1.98,2.01,65896
VMC,20160215,0.155,0.155,0.13,0.13,60430
VMT,20160215,0.32,0.32,0.3,0.32,261073
VMY,20160215,0.31,0.31,0.31,0.31,4000
VOC,20160215,7.66,7.69,7.35,7.66,2224908
VPC,20160215,0.049,0.052,0.049,0.052,2363792
VRL,20160215,6.43,6.61,6.39,6.6,165557
VRT,20160215,5.85,5.91,5.78,5.82,184220
VSC,20160215,1.44,1.45,1.44,1.45,3000
VSO,20160215,39.99,40.19,39.83,40.19,1429
VTG,20160215,2.5,2.58,2.47,2.55,678878
VTM,20160215,0.029,0.029,0.026,0.029,2498199
VTS,20160215,132.99,133.52,132.81,132.95,13365
WAA,20160215,1.06,1.06,1.035,1.035,8760
WAF,20160215,0.06,0.06,0.06,0.06,47929
WAM,20160215,2.18,2.19,2.14,2.16,338930
WAT,20160215,0.96,0.96,0.96,0.96,2171
WAX,20160215,1.33,1.34,1.315,1.34,112536
WBA,20160215,1.18,1.22,1.18,1.22,260425
WBC,20160215,28.75,28.87,28.11,28.63,7096618
WCB,20160215,8.91,8.91,8.91,8.91,185
WCN,20160215,0.008,0.008,0.008,0.008,2627234
WDE,20160215,0.73,0.74,0.73,0.73,56000
WEB,20160215,4.54,4.82,4.51,4.78,312909
WEC,20160215,0.083,0.083,0.083,0.083,50000
WES,20160215,42.78,42.85,42.26,42.8,3193540
WFD,20160215,9.67,9.74,9.54,9.72,4383547
WFE,20160215,0.002,0.002,0.002,0.002,306
WHC,20160215,0.385,0.395,0.365,0.375,2866826
WHF,20160215,4.05,4.05,3.98,4.01,54922
WHN,20160215,0.001,0.001,0.001,0.001,2100000
WIC,20160215,0.745,0.75,0.745,0.75,79400
WKT,20160215,0.004,0.004,0.004,0.004,2625004
WLD,20160215,1.21,1.215,1.18,1.2,298042
WLL,20160215,5.19,5.19,5.19,5.19,190
WMC,20160215,0.39,0.4,0.39,0.4,35079
WMK,20160215,1.03,1.04,1.03,1.04,127577
WNR,20160215,0.17,0.17,0.17,0.17,18000
WOR,20160215,3.25,3.3,3,3.11,3886908
WOW,20160215,22.56,22.58,22.17,22.5,4207109
WPG,20160215,0.042,0.046,0.042,0.045,1400369
WPI,20160215,0.022,0.024,0.022,0.024,1375660
WPL,20160215,27.75,28.085,27.12,27.95,3126578
WSA,20160215,2.1,2.2,2.06,2.17,1456496
WTP,20160215,0.955,1,0.945,1,172440
XF1,20160215,0.41,0.425,0.4,0.4,708882
XIP,20160215,3.16,3.16,3.1,3.1,14475
XPD,20160215,0.15,0.155,0.15,0.155,17241
XRF,20160215,0.16,0.2,0.16,0.18,440008
XRO,20160215,13.54,13.93,12.53,12.83,111364
XTD,20160215,0.235,0.235,0.235,0.235,54789
XTE,20160215,0.35,0.38,0.35,0.38,20736
XTV,20160215,0.008,0.008,0.008,0.008,3354670
YBR,20160215,0.22,0.22,0.215,0.22,168518
YOW,20160215,0.735,0.75,0.71,0.71,290064
ZER,20160215,0.14,0.14,0.14,0.14,10000
ZGL,20160215,0.15,0.15,0.15,0.15,9000
ZIM,20160215,3.36,3.36,3.36,3.36,1040
ZIP,20160215,0.49,0.49,0.475,0.48,28193
ZRL,20160215,0.012,0.012,0.012,0.012,890
XAF,20160215,4754.9,4848.7,4754.9,4833.1,0
XAO,20160215,4816.6,4901.4,4816.6,4893.4,0
XAT,20160215,4714.8,4803.4,4714.8,4793,0
XDJ,20160215,1804,1840.3,1804,1838.1,0
XEC,20160215,1013.2,1020.6,1012.5,1013.7,0
XEJ,20160215,7202.2,7449.8,7202.2,7424,0
XFJ,20160215,5398.5,5508.5,5398.5,5482.7,0
XFL,20160215,4800.2,4895.4,4800.2,4878.9,0
XGD,20160215,3422.7,3450.7,3365.7,3375.3,0
XHJ,20160215,18853.5,19130.3,18853.5,19130.3,0
XIJ,20160215,691.7,701.6,691.7,701.4,0
XJO,20160215,4765.3,4853.9,4765.3,4843.5,0
XJR,20160215,2237.3,2332.1,2237.3,2323.9,0
XKO,20160215,4725,4811.7,4725,4801.1,0
XMD,20160215,4676.1,4752.9,4676.1,4751.7,0
XMJ,20160215,6463.9,6768.5,6463.9,6750.8,0
XMM,20160215,1825.8,1910.3,1825.8,1899,0
XNJ,20160215,4572.4,4616.4,4566.8,4595.7,0
XPJ,20160215,1293.1,1306.2,1287.5,1306.2,0
XSJ,20160215,8436.9,8541,8436.9,8538.2,0
XSO,20160215,1964.7,1992.3,1964.7,1990.8,0
XTJ,20160215,2018.1,2022.9,1949.6,1976.2,0
XTL,20160215,2798,2861,2798,2847.2,0
XTO,20160215,3955.1,4030.6,3955.1,4019.9,0
XUJ,20160215,6912.6,7002,6907.9,7002,0
XXJ,20160215,6007.5,6149.3,6007.5,6108.3,0
