1AG,20160429,0.095,0.095,0.088,0.088,662091
1AL,20160429,1,1,0.98,0.98,14000
1PG,20160429,0.965,0.98,0.92,0.965,766687
1ST,20160429,0.06,0.08,0.06,0.069,1031542
3PL,20160429,1.13,1.245,1.107,1.24,507005
4DS,20160429,0.026,0.027,0.026,0.026,545019
88E,20160429,0.042,0.043,0.041,0.041,23248181
8EC,20160429,0.93,0.93,0.93,0.93,47771
8IH,20160429,0.9,0.9,0.9,0.9,1000
A2M,20160429,1.62,1.625,1.6,1.605,2984581
AAA,20160429,50.18,50.18,50.17,50.18,26103
AAC,20160429,1.425,1.447,1.415,1.435,1403837
AAD,20160429,2.18,2.2,2.135,2.17,1945096
AAR,20160429,0.011,0.011,0.01,0.01,242857
AB1,20160429,0.225,0.25,0.225,0.25,1022535
ABA,20160429,5.07,5.15,5.07,5.15,13085
ABC,20160429,5.16,5.26,5.14,5.17,1449128
ABP,20160429,3.17,3.2,3.13,3.17,839414
ABT,20160429,0.54,0.6,0.505,0.585,434077
ABU,20160429,0.045,0.045,0.043,0.043,264152
ABX,20160429,0.17,0.17,0.155,0.16,189283
ABY,20160429,0.29,0.295,0.29,0.295,210500
ACB,20160429,0.015,0.017,0.015,0.017,300040
ACG,20160429,0.16,0.165,0.16,0.165,30874
ACL,20160429,0.01,0.01,0.01,0.01,70893
ACQ,20160429,0.88,0.88,0.88,0.88,7611
ACR,20160429,0.63,0.635,0.615,0.615,234288
ACS,20160429,0.08,0.08,0.08,0.08,10000
ACU,20160429,0.034,0.034,0.034,0.034,90275
ACW,20160429,0.09,0.091,0.085,0.085,1944987
ACX,20160429,6.76,6.81,6.62,6.69,428321
ADA,20160429,2.45,2.45,2.35,2.4,145161
ADH,20160429,2.44,2.56,2.43,2.45,133634
ADJ,20160429,0.098,0.098,0.088,0.094,1969340
ADO,20160429,0.061,0.063,0.059,0.059,1070644
ADR,20160429,0.52,0.545,0.52,0.54,72047
ADV,20160429,0.036,0.038,0.034,0.037,16175459
ADY,20160429,0.012,0.012,0.012,0.012,4940
AEB,20160429,0.048,0.048,0.046,0.046,127500
AEE,20160429,0.015,0.015,0.015,0.015,825000
AEF,20160429,63.2,63.2,63,63,235
AEG,20160429,1.16,1.18,1.155,1.17,188771
AEI,20160429,0.445,0.445,0.44,0.44,19000
AER,20160429,0.13,0.13,0.13,0.13,4000
AEV,20160429,0.22,0.225,0.22,0.22,543071
AFA,20160429,0.3,0.3,0.29,0.29,27500
AFG,20160429,1.04,1.05,1.04,1.05,40946
AFI,20160429,5.57,5.59,5.54,5.54,287783
AFP,20160429,2.7,2.7,2.7,2.7,2327
AFR,20160429,0.045,0.045,0.045,0.045,112500
AGD,20160429,0.17,0.17,0.17,0.17,114617
AGF,20160429,0.82,0.82,0.82,0.82,140795
AGG,20160429,3.9,4.15,3.9,4.15,8232
AGI,20160429,2.37,2.37,2.33,2.33,179058
AGL,20160429,18.28,18.4,18.19,18.29,1186915
AGO,20160429,0.023,0.024,0.023,0.023,5877256
AGR,20160429,0.105,0.105,0.1,0.105,270612
AGS,20160429,0.033,0.033,0.033,0.033,1514342
AGX,20160429,0.013,0.016,0.013,0.016,1180019
AGY,20160429,0.02,0.023,0.018,0.018,11379046
AHF,20160429,0.235,0.235,0.22,0.225,2426281
AHG,20160429,3.95,3.97,3.91,3.92,1134973
AHL,20160429,0.28,0.29,0.28,0.29,42865
AHQ,20160429,0.003,0.003,0.003,0.003,10000
AHX,20160429,1.38,1.4,1.38,1.39,215483
AHY,20160429,1.93,1.99,1.925,1.97,1638849
AHZ,20160429,0.405,0.42,0.38,0.39,391343
AIA,20160429,5.63,5.64,5.57,5.6,89247
AIO,20160429,8.83,8.855,8.82,8.83,1401776
AIQ,20160429,0.105,0.105,0.105,0.105,80000
AIS,20160429,0.045,0.045,0.04,0.041,200641
AIZ,20160429,2.35,2.35,2.2,2.26,73790
AJA,20160429,6.37,6.4,6.3,6.3,5367
AJC,20160429,0.003,0.003,0.003,0.003,899583
AJD,20160429,1.4,1.41,1.395,1.405,73477
AJL,20160429,0.2,0.2,0.2,0.2,256
AJM,20160429,0.2,0.21,0.19,0.195,9991995
AJQ,20160429,0.083,0.105,0.082,0.082,387536
AJX,20160429,0.65,0.66,0.635,0.635,622419
AKG,20160429,0.17,0.17,0.165,0.165,100388
AKK,20160429,0.005,0.005,0.005,0.005,8471996
AKM,20160429,0.007,0.007,0.005,0.005,3320000
AKP,20160429,11.2,11.4,11.05,11.1,5288
ALA,20160429,0.12,0.12,0.12,0.12,4866
ALC,20160429,0.049,0.049,0.047,0.047,348000
ALF,20160429,1.42,1.44,1.42,1.42,121220
ALI,20160429,1.835,1.835,1.81,1.81,67400
ALK,20160429,0.205,0.21,0.2,0.21,202746
ALL,20160429,9.96,10,9.87,10,1205602
ALQ,20160429,4.59,4.72,4.57,4.68,1820163
ALR,20160429,1.035,1.05,1.035,1.04,39073
ALT,20160429,0.006,0.007,0.005,0.007,13442012
ALU,20160429,6.2,6.24,6.15,6.15,344809
AMA,20160429,0.95,0.95,0.925,0.94,568103
AMC,20160429,15.35,15.45,15.25,15.4,7314951
AMH,20160429,0.91,0.91,0.91,0.91,44150
AMI,20160429,0.08,0.082,0.079,0.079,464075
AMN,20160429,0.14,0.155,0.14,0.15,130834
AMO,20160429,0.125,0.125,0.125,0.125,25000
AMP,20160429,5.87,5.91,5.82,5.88,8339366
AMT,20160429,0.13,0.13,0.13,0.13,25320
ANG,20160429,0.125,0.13,0.12,0.12,132240
ANN,20160429,19.77,20.03,19.68,19.93,619421
ANO,20160429,0.028,0.03,0.028,0.03,414873
ANP,20160429,0.039,0.04,0.032,0.034,512848
ANR,20160429,1.17,1.2,1.17,1.2,23923
ANW,20160429,0.008,0.008,0.007,0.008,4605800
ANZ,20160429,24.05,24.35,24.05,24.27,8781120
AOG,20160429,3.44,3.45,3.41,3.42,1147097
AOH,20160429,0.095,0.099,0.094,0.099,1379379
AOK,20160429,0.053,0.06,0.053,0.06,1034938
AON,20160429,0.018,0.018,0.018,0.018,33333
AOP,20160429,0.085,0.085,0.085,0.085,53334
AOU,20160429,0.13,0.145,0.13,0.145,464332
AOW,20160429,0.185,0.185,0.18,0.18,962000
APA,20160429,8.64,8.76,8.64,8.75,1191421
APD,20160429,0.405,0.41,0.4,0.405,108402
APE,20160429,10.62,10.97,10.48,10.79,84187
APG,20160429,0.003,0.003,0.003,0.003,206500
API,20160429,1.99,2,1.95,1.96,851257
APN,20160429,0.61,0.62,0.605,0.62,427913
APO,20160429,6.39,6.4,6.22,6.31,909295
APX,20160429,1.88,1.88,1.765,1.83,63037
APY,20160429,0.016,0.016,0.015,0.016,2193993
APZ,20160429,1.15,1.155,1.15,1.15,49600
AQC,20160429,0.016,0.017,0.016,0.017,1135001
AQD,20160429,0.017,0.017,0.015,0.015,639389
AQG,20160429,3.34,3.46,3.33,3.42,1296898
AQI,20160429,0.092,0.095,0.09,0.095,254250
AQQ,20160429,0.025,0.025,0.024,0.025,1465121
AQX,20160429,0.047,0.047,0.047,0.047,100
AQZ,20160429,0.445,0.445,0.425,0.425,23672
ARB,20160429,16,16.17,15,16.12,102152
ARC,20160429,0.72,0.72,0.5,0.5,181945
ARD,20160429,0.035,0.038,0.035,0.036,1760743
ARE,20160429,0.018,0.018,0.017,0.017,2559130
ARF,20160429,1.93,1.937,1.925,1.935,104745
ARG,20160429,7.27,7.31,7.26,7.26,114201
ARM,20160429,0.05,0.05,0.05,0.05,2000
ARU,20160429,0.048,0.049,0.048,0.048,60538
ARV,20160429,0.001,0.001,0.001,0.001,500000
ARX,20160429,0.001,0.001,0.001,0.001,1208000
ASB,20160429,1.57,1.595,1.545,1.56,1200969
ASL,20160429,0.485,0.495,0.47,0.47,517823
AST,20160429,1.525,1.54,1.525,1.535,3470099
ASX,20160429,43.52,43.8,43.34,43.73,541050
ASY,20160429,0.023,0.023,0.023,0.023,2741721
ASZ,20160429,1.095,1.105,1.09,1.1,53366
ATA,20160429,0.031,0.033,0.03,0.033,125265
ATC,20160429,0.11,0.11,0.092,0.097,577997
ATP,20160429,0.038,0.038,0.038,0.038,17241
ATU,20160429,0.49,0.49,0.48,0.48,30000
AUB,20160429,8.7,8.74,8.65,8.7,54623
AUC,20160429,0.039,0.04,0.039,0.04,653559
AUF,20160429,1.22,1.22,1.22,1.22,24589
AUI,20160429,7.1,7.1,7.03,7.05,23472
AUZ,20160429,0.014,0.015,0.012,0.012,25219307
AVB,20160429,0.073,0.073,0.07,0.07,1868458
AVD,20160429,0.026,0.026,0.026,0.026,122038
AVG,20160429,0.53,0.575,0.53,0.57,227058
AVH,20160429,0.14,0.14,0.135,0.135,964592
AVI,20160429,0.016,0.016,0.016,0.016,100000
AVJ,20160429,0.525,0.54,0.525,0.535,266647
AVL,20160429,0.012,0.012,0.011,0.011,9502355
AVN,20160429,2.18,2.18,2.16,2.16,16449
AVQ,20160429,0.165,0.165,0.16,0.165,251712
AVX,20160429,0.024,0.024,0.023,0.023,62819
AVZ,20160429,0.01,0.01,0.009,0.009,993446
AWC,20160429,1.51,1.51,1.462,1.495,15212084
AWE,20160429,0.72,0.73,0.68,0.695,2673021
AWI,20160429,0.28,0.28,0.27,0.27,25000
AWN,20160429,0.46,0.46,0.46,0.46,7428
AWQ,20160429,1.02,1.02,1.02,1.02,34000
AWV,20160429,0.098,0.1,0.098,0.098,1316555
AXE,20160429,0.083,0.1,0.08,0.1,790584
AXP,20160429,0.9,0.9,0.85,0.88,38835
AXT,20160429,0.091,0.092,0.09,0.09,175426
AYA,20160429,0.15,0.16,0.15,0.16,200865
AYB,20160429,0.031,0.031,0.029,0.031,569898
AYC,20160429,0.024,0.028,0.024,0.028,670000
AYR,20160429,0.013,0.013,0.013,0.013,3492000
AYS,20160429,1.55,1.785,1.55,1.67,678775
AYZ,20160429,74.1,74.29,74.1,74.29,1349
AZJ,20160429,4.26,4.28,4.21,4.27,9762135
AZM,20160429,0.056,0.062,0.056,0.059,1838718
AZS,20160429,0.041,0.048,0.041,0.047,9063294
AZV,20160429,0.07,0.07,0.07,0.07,36912
AZY,20160429,0.022,0.023,0.022,0.022,7209287
BAF,20160429,1.04,1.04,1.03,1.04,105607
BAL,20160429,10.25,10.3,10,10.07,812555
BAP,20160429,4.98,5,4.96,4.98,1063659
BAR,20160429,0.049,0.052,0.046,0.049,3355275
BAU,20160429,0.11,0.115,0.105,0.11,2672976
BBG,20160429,1.32,1.372,1.305,1.36,343367
BBN,20160429,2.39,2.41,2.38,2.4,205979
BBR,20160429,0.07,0.07,0.07,0.07,50000
BBX,20160429,0.021,0.024,0.02,0.024,115000
BCI,20160429,0.18,0.185,0.18,0.18,120328
BCN,20160429,0.004,0.004,0.004,0.004,804474
BCT,20160429,0.02,0.022,0.02,0.022,190000
BDR,20160429,0.31,0.32,0.305,0.31,18145696
BEAR,20160429,17.46,17.51,17.35,17.36,86067
BEL,20160429,0.13,0.135,0.13,0.13,27985
BEN,20160429,9.25,9.37,9.2,9.32,1617896
BFC,20160429,0.425,0.43,0.42,0.425,734275
BFG,20160429,0.495,0.5,0.495,0.495,18789
BGA,20160429,6.16,6.21,6.09,6.15,176833
BGD,20160429,0.037,0.037,0.036,0.037,397000
BGL,20160429,0.605,0.605,0.585,0.585,432876
BGS,20160429,0.295,0.335,0.29,0.32,3375458
BHP,20160429,20.3,20.73,20.21,20.68,19944952
BIG,20160429,0.175,0.175,0.165,0.165,55000
BIQ,20160429,0.7,0.7,0.67,0.67,5000
BIT,20160429,0.062,0.063,0.062,0.063,281419
BKI,20160429,1.59,1.6,1.59,1.6,147726
BKL,20160429,154.98,163.12,152.01,161,226050
BKN,20160429,0.87,0.93,0.855,0.91,891552
BKP,20160429,0.001,0.001,0.001,0.001,4656593
BKT,20160429,0.051,0.053,0.048,0.053,1183905
BKW,20160429,15.3,15.355,15.14,15.31,94475
BKY,20160429,0.55,0.585,0.55,0.57,130286
BLA,20160429,6.84,6.99,6.8,6.99,28969
BLD,20160429,6.3,6.49,6.28,6.44,2738291
BLG,20160429,0.16,0.19,0.16,0.18,826352
BLK,20160429,0.43,0.45,0.415,0.435,2345053
BLT,20160429,0.11,0.11,0.11,0.11,67425
BLX,20160429,1.855,1.855,1.81,1.82,93985
BLY,20160429,0.089,0.095,0.089,0.094,136918
BLZ,20160429,0.052,0.054,0.052,0.054,153389
BMG,20160429,0.01,0.01,0.01,0.01,80000
BMN,20160429,0.032,0.032,0.031,0.031,249769
BMP,20160429,0.23,0.245,0.23,0.245,67344
BNE,20160429,0.007,0.007,0.007,0.007,3556320
BNO,20160429,0.31,0.32,0.31,0.315,281988
BNR,20160429,0.064,0.064,0.062,0.064,90000
BOA,20160429,0.115,0.115,0.115,0.115,33916
BOC,20160429,0.225,0.225,0.225,0.225,1500
BOE,20160429,0.057,0.059,0.057,0.059,128938
BOL,20160429,0.067,0.069,0.067,0.067,99116
BOQ,20160429,11.29,11.35,11.15,11.25,1995960
BPA,20160429,6.25,6.25,6.25,6.25,200
BPF,20160429,0.365,0.38,0.36,0.36,385982
BPH,20160429,0.008,0.008,0.007,0.007,680372
BPL,20160429,0.07,0.075,0.07,0.074,178000
BPS,20160429,0.85,0.88,0.81,0.85,383970
BPT,20160429,0.695,0.75,0.69,0.74,15226030
BRB,20160429,0.2,0.2,0.185,0.185,86510
BRG,20160429,8.38,8.38,8.14,8.23,247718
BRL,20160429,0.015,0.015,0.015,0.015,510000
BRN,20160429,0.155,0.16,0.15,0.16,1337785
BRS,20160429,1.49,1.495,1.45,1.48,23733962
BRU,20160429,0.2,0.2,0.195,0.195,402849
BSA,20160429,0.23,0.23,0.23,0.23,63670
BSL,20160429,6.51,6.6,6.26,6.47,4934520
BSM,20160429,0.011,0.012,0.011,0.012,264804
BSN,20160429,0.005,0.005,0.005,0.005,882926
BSR,20160429,0.013,0.014,0.013,0.014,1936702
BST,20160429,0.9,0.935,0.9,0.935,44559
BTI,20160429,1.065,1.07,1.06,1.06,146577
BTT,20160429,10.09,10.17,9.79,9.89,537833
BUD,20160429,0.145,0.15,0.145,0.145,1502849
BUG,20160429,0.59,0.59,0.59,0.59,2000
BUL,20160429,0.022,0.023,0.022,0.023,253213
BUX,20160429,0.06,0.06,0.06,0.06,37000
BWF,20160429,0.49,0.49,0.49,0.49,16
BWP,20160429,3.52,3.54,3.49,3.5,1091617
BWX,20160429,4.75,4.85,4.7,4.77,211992
BXB,20160429,12.56,12.56,12.39,12.48,2531354
BXN,20160429,0.027,0.027,0.027,0.027,180000
BYE,20160429,0.16,0.162,0.16,0.16,439100
BYI,20160429,1.25,1.3,1.25,1.3,13250
BYL,20160429,0.12,0.14,0.12,0.14,430332
BYR,20160429,0.026,0.026,0.025,0.025,350000
BZL,20160429,0.005,0.005,0.005,0.005,250000
CAA,20160429,0.11,0.11,0.11,0.11,110627
CAB,20160429,3.28,3.3,3.2,3.22,151245
CAD,20160429,0.003,0.003,0.002,0.002,15741915
CAE,20160429,0.03,0.03,0.03,0.03,100000
CAF,20160429,0.315,0.315,0.315,0.315,12439
CAJ,20160429,0.165,0.18,0.165,0.17,2573681
CAM,20160429,0.78,0.785,0.775,0.785,26717
CAP,20160429,0.07,0.07,0.066,0.066,18000
CAR,20160429,11.87,11.87,11.65,11.76,631619
CAS,20160429,0.155,0.16,0.15,0.155,351613
CAT,20160429,2.57,2.8,2.57,2.72,167992
CAV,20160429,0.015,0.015,0.014,0.014,2376404
CAY,20160429,0.076,0.076,0.074,0.074,192790
CBA,20160429,73.94,74.4,73.53,73.89,4300511
CBS,20160429,0.024,0.031,0.024,0.031,475000
CCL,20160429,8.5,8.6,8.47,8.6,1469244
CCP,20160429,10.14,10.23,10.1,10.12,161907
CCV,20160429,0.49,0.495,0.485,0.49,892510
CDA,20160429,0.97,1,0.97,1,56029
CDC,20160429,0.235,0.235,0.22,0.235,745379
CDD,20160429,1.1,1.14,1.08,1.11,180997
CDG,20160429,0.066,0.066,0.055,0.057,804367
CDM,20160429,1.3,1.305,1.285,1.3,236054
CDP,20160429,8.05,8.23,8.04,8.2,149769
CDV,20160429,0.185,0.19,0.18,0.19,1912927
CEL,20160429,0.03,0.03,0.03,0.03,45598
CFE,20160429,0.027,0.027,0.025,0.026,3809159
CGC,20160429,2.97,2.97,2.93,2.97,697183
CGF,20160429,9.1,9.1,8.91,8.96,2271647
CGL,20160429,4.09,4.45,4.09,4.45,5003
CGM,20160429,0.001,0.001,0.001,0.001,1000000
CGN,20160429,0.076,0.076,0.076,0.076,33186
CGO,20160429,0.35,0.35,0.35,0.35,68325
CGW,20160429,0.57,0.57,0.565,0.57,253656
CHC,20160429,4.83,4.84,4.79,4.79,879261
CHF,20160429,0.015,0.015,0.014,0.014,3000000
CHK,20160429,0.018,0.018,0.018,0.018,2639904
CHN,20160429,0.155,0.16,0.15,0.16,323847
CHP,20160429,0.003,0.003,0.003,0.003,129812
CHZ,20160429,0.035,0.035,0.035,0.035,551327
CIA,20160429,0.265,0.27,0.26,0.26,154017
CIM,20160429,35.68,35.99,35.535,35.79,539908
CIN,20160429,32.01,32.01,31.8,31.8,2535
CIW,20160429,0.68,0.68,0.675,0.675,9500
CIZ,20160429,0.022,0.022,0.021,0.021,1865942
CKA,20160429,0.025,0.028,0.025,0.028,62700
CKF,20160429,4.01,4.02,3.96,4.02,492492
CL1,20160429,2.48,2.58,2.43,2.5,94173
CL8,20160429,0.018,0.018,0.018,0.018,266995
CLH,20160429,1.2,1.21,1.155,1.16,551092
CLQ,20160429,0.21,0.215,0.205,0.205,462172
CLV,20160429,0.445,0.455,0.445,0.45,92607
CLX,20160429,0.805,0.805,0.705,0.8,104393
CM8,20160429,0.225,0.23,0.215,0.22,306426
CMA,20160429,2.16,2.17,2.13,2.13,92401
CMI,20160429,1.13,1.13,1.13,1.13,26500
CMM,20160429,0.16,0.16,0.145,0.15,1012574
CMP,20160429,0.4,0.41,0.4,0.405,29000
CMW,20160429,1.015,1.02,1.007,1.02,1877937
CND,20160429,0.21,0.21,0.21,0.21,18234
CNI,20160429,1.03,1.03,1.03,1.03,25348
CNJ,20160429,0.03,0.03,0.028,0.028,328787
CNQ,20160429,0.03,0.03,0.028,0.028,40000
CNU,20160429,3.62,3.67,3.61,3.65,55009
CNW,20160429,0.031,0.031,0.03,0.03,435600
CNX,20160429,0.01,0.013,0.01,0.012,5577293
COE,20160429,0.255,0.255,0.245,0.245,88679
COH,20160429,105.81,108.14,105,108.03,291902
COI,20160429,0.061,0.062,0.061,0.062,550000
COO,20160429,0.093,0.095,0.093,0.095,22117
CPD,20160429,0.06,0.06,0.06,0.06,189100
CPU,20160429,9.92,10.18,9.91,10.11,2031242
CQR,20160429,4.71,4.79,4.71,4.76,1826437
CR8,20160429,0.03,0.032,0.03,0.031,1242594
CRB,20160429,0.195,0.205,0.195,0.205,204252
CSD,20160429,0.033,0.033,0.033,0.033,90000
CSE,20160429,0.305,0.305,0.305,0.305,6161
CSL,20160429,104.61,105.19,103.17,105.18,2494118
CSR,20160429,3.37,3.46,3.37,3.42,2292288
CSS,20160429,0.038,0.038,0.037,0.037,1358515
CSV,20160429,1.385,1.4,1.38,1.395,217061
CTD,20160429,14.31,14.33,14.15,14.26,444876
CTE,20160429,0.185,0.185,0.185,0.185,75000
CTM,20160429,0.006,0.006,0.006,0.006,26654
CTN,20160429,0.935,0.94,0.925,0.925,528224
CTO,20160429,0.015,0.016,0.015,0.015,1042554
CTP,20160429,0.087,0.094,0.087,0.088,624346
CTX,20160429,32.58,32.65,32.31,32.5,914775
CUE,20160429,0.064,0.065,0.063,0.064,227546
CUL,20160429,0.005,0.005,0.004,0.004,1845834
CUP,20160429,0.59,0.59,0.545,0.56,198848
CUV,20160429,4.3,4.35,4.3,4.35,9616
CUX,20160429,0.005,0.005,0.004,0.004,228571
CV1,20160429,0.34,0.35,0.34,0.34,110000
CVE,20160429,0.006,0.006,0.006,0.006,5066666
CVN,20160429,0.089,0.092,0.087,0.089,2391869
CVO,20160429,1.42,1.43,1.4,1.4,4625827
CVT,20160429,0.335,0.36,0.295,0.3,4220888
CVV,20160429,0.1,0.1,0.1,0.1,32464
CVW,20160429,0.96,0.96,0.96,0.96,22336
CWC,20160429,0.69,0.69,0.685,0.69,25000
CWE,20160429,0.04,0.04,0.039,0.04,638241
CWN,20160429,11.71,11.85,11.62,11.81,996834
CWP,20160429,4.1,4.29,4.1,4.26,28156
CWY,20160429,0.8,0.805,0.78,0.79,2642296
CXM,20160429,0.067,0.067,0.066,0.066,100000
CXO,20160429,0.043,0.046,0.043,0.044,6731345
CXU,20160429,0.073,0.073,0.072,0.072,55000
CXX,20160429,0.25,0.265,0.25,0.255,33815
CYB,20160429,4.3,4.32,4.24,4.3,3204020
CYG,20160429,1.1,1.1,1.085,1.1,268240
CYL,20160429,0.475,0.56,0.47,0.555,15842
CYP,20160429,0.335,0.34,0.33,0.335,127856
CYY,20160429,0.025,0.025,0.025,0.025,98800
CZA,20160429,0.038,0.038,0.038,0.038,2666
CZI,20160429,0.04,0.04,0.04,0.04,16627
CZL,20160429,0.043,0.046,0.043,0.044,297422
CZN,20160429,0.008,0.008,0.007,0.007,2120000
CZZ,20160429,22.25,22.75,22.1,22.55,23794
D13,20160429,0.12,0.14,0.12,0.13,452667
DCC,20160429,0.155,0.155,0.145,0.145,188934
DCG,20160429,0.785,0.785,0.765,0.765,137572
DCN,20160429,1.97,1.975,1.945,1.95,299522
DDR,20160429,1.67,1.7,1.67,1.7,134119
DDT,20160429,0.022,0.022,0.021,0.021,363505
DEG,20160429,0.002,0.002,0.002,0.002,38800000
DFM,20160429,2.4,2.47,2.4,2.47,12746
DGR,20160429,0.032,0.032,0.03,0.03,100355
DGX,20160429,0.01,0.01,0.01,0.01,100000
DHR,20160429,0.003,0.003,0.003,0.003,200000
DJW,20160429,4.03,4.05,4.01,4.01,84860
DKM,20160429,0.165,0.175,0.16,0.16,110000
DLX,20160429,6.38,6.42,6.33,6.4,722880
DMG,20160429,0.013,0.016,0.013,0.016,534940
DMP,20160429,61,62.32,60.69,62.01,183047
DNA,20160429,0.45,0.475,0.45,0.45,553023
DNK,20160429,0.32,0.33,0.295,0.32,118179
DOW,20160429,3.7,3.75,3.67,3.72,1706793
DRA,20160429,0.32,0.32,0.31,0.31,71982
DRG,20160429,0.022,0.025,0.021,0.021,514750
DRM,20160429,0.965,1,0.965,0.99,1884477
DRX,20160429,0.013,0.015,0.013,0.015,211081
DSX,20160429,0.05,0.05,0.046,0.048,457877
DTI,20160429,0.35,0.35,0.34,0.34,136729
DTL,20160429,1.005,1.04,1.005,1.02,72705
DTR,20160429,0.01,0.01,0.01,0.01,90000
DTX,20160429,0.36,0.36,0.36,0.36,2000
DUB,20160429,0.505,0.52,0.485,0.52,450462
DUE,20160429,2.25,2.25,2.24,2.25,6615321
DUI,20160429,3.3,3.3,3.29,3.29,10354
DVA,20160429,0.6,0.61,0.6,0.6,1071129
DVI,20160429,0.018,0.018,0.018,0.018,350000
DVL,20160429,0.375,0.375,0.375,0.375,5000
DVN,20160429,0.6,0.6,0.6,0.6,3040
DWS,20160429,1.18,1.19,1.16,1.19,176745
DXF,20160429,0.8,0.81,0.775,0.79,15361
DXS,20160429,8.41,8.49,8.37,8.42,2473763
DYE,20160429,0.24,0.245,0.235,0.235,218213
DYL,20160429,0.006,0.006,0.006,0.006,2105400
E88,20160429,1.65,1.65,1.65,1.65,6000
EAI,20160429,0.81,0.82,0.81,0.82,82000
EAL,20160429,0.1,0.1,0.089,0.09,57090
EAR,20160429,0.16,0.165,0.155,0.16,749259
EAS,20160429,1.65,1.68,1.65,1.68,4835
EAX,20160429,1.29,1.3,1.29,1.3,15000
EBO,20160429,15,15,15,15,140
ECG,20160429,0.27,0.27,0.265,0.265,168096
ECX,20160429,2.98,2.99,2.85,2.96,3033734
EDE,20160429,0.22,0.245,0.215,0.235,7932193
EEU,20160429,14.54,14.54,14.54,14.54,390
EGG,20160429,1.15,1.15,1.15,1.15,45000
EGH,20160429,0.65,0.65,0.64,0.64,100079
EGI,20160429,0.96,0.96,0.96,0.96,9250
EGL,20160429,0.023,0.023,0.023,0.023,50000
EGN,20160429,0.1,0.105,0.1,0.1,150000
EGO,20160429,0.325,0.35,0.32,0.35,104337
EGS,20160429,0.24,0.25,0.235,0.25,3813621
EHE,20160429,5.9,5.9,5.62,5.78,1100400
EHL,20160429,0.031,0.031,0.03,0.03,133420
ELD,20160429,3.4,3.43,3.31,3.41,713778
ELK,20160429,0.075,0.075,0.075,0.075,118490
ELM,20160429,0.18,0.18,0.18,0.18,11500
ELX,20160429,0.815,0.82,0.81,0.81,247070
EMC,20160429,0.46,0.465,0.42,0.455,878837
EMF,20160429,1.77,1.77,1.77,1.77,4520
EMG,20160429,0.012,0.012,0.01,0.012,2498995
EMH,20160429,0.24,0.26,0.235,0.26,213123
EMX,20160429,0.047,0.047,0.045,0.046,165689
ENA,20160429,0.155,0.16,0.155,0.16,50000
ENB,20160429,0.015,0.015,0.015,0.015,23334
ENC,20160429,0.33,0.33,0.33,0.33,139876
ENN,20160429,1.875,1.9,1.875,1.9,12950
ENR,20160429,0.12,0.12,0.12,0.12,13900
EOR,20160429,0.012,0.012,0.012,0.012,140000
EOS,20160429,1.28,1.28,1.24,1.24,4769
EPA,20160429,0.003,0.003,0.003,0.003,100000
EPD,20160429,0.37,0.37,0.355,0.37,223748
EPM,20160429,0.008,0.008,0.008,0.008,410000
EPW,20160429,1.45,1.45,1.415,1.43,280466
EPX,20160429,1.89,1.89,1.885,1.89,190142
EQT,20160429,15.85,15.85,15.17,15.2,19106
EQX,20160429,0.31,0.31,0.31,0.31,14745
ERA,20160429,0.35,0.35,0.335,0.345,196399
ERJ,20160429,0.022,0.025,0.021,0.025,262397
ERL,20160429,0.016,0.016,0.016,0.016,15000
ERM,20160429,0.05,0.05,0.046,0.047,2634660
ESI,20160429,0.012,0.013,0.012,0.013,568277
ESR,20160429,0.022,0.022,0.022,0.022,201810
ESV,20160429,0.1,0.1,0.1,0.1,134080
ETE,20160429,0.007,0.007,0.007,0.007,219260
EVE,20160429,0.013,0.014,0.013,0.014,3944746
EVM,20160429,0.095,0.1,0.095,0.1,60000
EVN,20160429,1.935,1.965,1.905,1.96,17194056
EVT,20160429,15.02,15.05,14.96,15.01,28509
EWC,20160429,0.18,0.19,0.175,0.19,554668
EXC,20160429,0.04,0.048,0.04,0.045,10814107
EXG,20160429,0.1,0.105,0.097,0.105,258290
EXU,20160429,0.042,0.044,0.039,0.042,1608176
EZL,20160429,0.76,0.77,0.755,0.77,166000
FAR,20160429,0.084,0.085,0.083,0.083,11272775
FBR,20160429,0.024,0.024,0.022,0.022,845123
FBU,20160429,7.6,7.64,7.54,7.62,825901
FCN,20160429,0.015,0.015,0.015,0.015,69606
FCR,20160429,0.003,0.003,0.003,0.003,333333
FET,20160429,2.44,2.49,2.42,2.48,471542
FFT,20160429,0.675,0.68,0.635,0.635,29818
FGG,20160429,1.1,1.11,1.095,1.11,85668
FGR,20160429,0.096,0.096,0.09,0.095,1149446
FGX,20160429,1.12,1.125,1.12,1.125,223327
FID,20160429,2.44,2.57,2.44,2.57,9196
FLK,20160429,0.86,0.87,0.85,0.855,25336
FLN,20160429,1.565,1.57,1.52,1.55,91980
FLT,20160429,39.89,39.89,39.17,39.31,359907
FMG,20160429,3.28,3.41,3.26,3.41,35167297
FML,20160429,0.38,0.385,0.365,0.365,62795
FMS,20160429,0.015,0.015,0.015,0.015,839896
FND,20160429,0.155,0.16,0.15,0.155,225385
FNP,20160429,3.4,3.46,3.4,3.42,51858
FNT,20160429,0.057,0.057,0.051,0.051,316084
FOD,20160429,0.2,0.205,0.2,0.205,103000
FPH,20160429,8.4,8.43,8.31,8.34,323254
FRI,20160429,0.86,0.86,0.855,0.855,2088
FRM,20160429,1.525,1.665,1.525,1.665,63264
FRN,20160429,0.023,0.023,0.022,0.022,2816181
FSA,20160429,1.02,1.02,1.015,1.015,10000
FSF,20160429,5.13,5.37,5.12,5.26,19968
FSI,20160429,1.42,1.42,1.42,1.42,492
FUN,20160429,0.016,0.017,0.016,0.017,529897
FWD,20160429,1.645,1.69,1.63,1.69,77784
FXJ,20160429,0.78,0.8,0.77,0.795,10068771
FXL,20160429,2.34,2.4,2.32,2.39,931913
FYI,20160429,0.033,0.033,0.033,0.033,180
G8C,20160429,0.037,0.037,0.037,0.037,390513
GAP,20160429,0.3,0.3,0.295,0.3,406789
GBG,20160429,0.021,0.022,0.021,0.022,300975
GBI,20160429,0.19,0.22,0.19,0.22,65385
GBT,20160429,4.77,4.77,4.7,4.75,187270
GBX,20160429,0.004,0.005,0.004,0.005,9569640
GC1,20160429,0.975,0.975,0.975,0.975,7769
GCN,20160429,0.008,0.008,0.007,0.007,1030000
GCS,20160429,0.415,0.43,0.41,0.41,64611
GCY,20160429,0.6,0.63,0.6,0.62,1685858
GDF,20160429,0.965,0.965,0.945,0.945,27692
GDI,20160429,0.86,0.87,0.855,0.865,1214761
GDX,20160429,31.84,32.8,31.67,32.19,8403
GDY,20160429,0.027,0.028,0.027,0.027,133875
GED,20160429,0.007,0.007,0.007,0.007,200000
GEG,20160429,1.1,1.11,1.1,1.1,10700
GEM,20160429,4,4.01,3.92,3.93,1686256
GER,20160429,0.055,0.055,0.052,0.052,111000
GFL,20160429,1.38,1.38,1.38,1.38,355
GFY,20160429,1.02,1.03,1,1.03,189690
GGE,20160429,0.006,0.006,0.006,0.006,202056
GGG,20160429,0.03,0.032,0.03,0.032,875407
GHC,20160429,2.2,2.2,2.1,2.15,73383
GJT,20160429,2.43,2.45,2.42,2.45,198382
GLH,20160429,0.37,0.42,0.37,0.42,18550
GLL,20160429,0.075,0.075,0.075,0.075,5000
GLN,20160429,0.006,0.006,0.006,0.006,500841
GMA,20160429,2.39,2.42,2.37,2.39,2064276
GMD,20160429,0.02,0.023,0.02,0.023,6082500
GMF,20160429,2.23,2.25,2.22,2.23,266335
GMG,20160429,6.8,6.89,6.78,6.89,4149332
GMM,20160429,0.57,0.585,0.55,0.55,942330
GMR,20160429,0.007,0.007,0.006,0.006,1195000
GNC,20160429,8.17,8.24,8.11,8.19,471107
GNE,20160429,1.88,1.9,1.865,1.885,36113
GNG,20160429,0.825,0.825,0.81,0.825,874728
GNX,20160429,0.125,0.125,0.125,0.125,155000
GOLD,20160429,157.88,159.6,155,155,9082
GOR,20160429,0.47,0.495,0.462,0.495,6643492
GOZ,20160429,3.23,3.25,3.2,3.23,239307
GPH,20160429,0.092,0.095,0.09,0.093,798000
GPP,20160429,0.007,0.007,0.006,0.006,1100000
GPR,20160429,0.035,0.035,0.035,0.035,150000
GPT,20160429,4.96,5.03,4.93,5.03,5106017
GRB,20160429,0.06,0.06,0.049,0.05,2316060
GRR,20160429,0.096,0.096,0.095,0.095,217006
GRY,20160429,0.155,0.17,0.155,0.17,4932935
GSC,20160429,0.008,0.008,0.008,0.008,2017906
GSS,20160429,0.48,0.5,0.48,0.5,22598
GTE,20160429,0.016,0.018,0.016,0.018,384333
GTG,20160429,0.02,0.021,0.02,0.02,3644591
GTK,20160429,2.41,2.47,2.41,2.46,291950
GTY,20160429,2.82,2.83,2.79,2.81,1143752
GUD,20160429,8.4,8.57,8.37,8.54,302189
GUL,20160429,0.015,0.015,0.015,0.015,33333
GVF,20160429,1,1,0.995,1,49525
GWA,20160429,2.27,2.32,2.26,2.31,492848
GXL,20160429,7.19,7.2,7.08,7.11,219161
GXY,20160429,0.375,0.395,0.375,0.385,7657741
HAO,20160429,0.18,0.18,0.18,0.18,2000
HAV,20160429,0.49,0.49,0.45,0.45,279855
HAW,20160429,0.041,0.047,0.041,0.047,2448008
HCH,20160429,0.085,0.085,0.085,0.085,71748
HCT,20160429,0.155,0.155,0.155,0.155,38800
HFA,20160429,2.35,2.39,2.29,2.29,424472
HFR,20160429,1.43,1.43,1.39,1.4,144203
HGG,20160429,4.99,5.02,4.96,5.01,3837969
HGO,20160429,0.048,0.05,0.047,0.05,309482
HHL,20160429,3.06,3.07,3,3.05,24443
HHM,20160429,0.018,0.018,0.018,0.018,47000
HHV,20160429,1.185,1.19,1.175,1.185,141284
HHY,20160429,0.1,0.1,0.1,0.1,12723
HIG,20160429,0.077,0.077,0.071,0.073,521571
HIL,20160429,0.205,0.235,0.205,0.22,770893
HLO,20160429,2.04,2.04,2,2,3500
HLX,20160429,0.058,0.062,0.056,0.06,8483315
HMI,20160429,0.115,0.13,0.11,0.13,1129360
HMX,20160429,0.05,0.052,0.05,0.052,400000
HNR,20160429,0.012,0.013,0.012,0.013,4543934
HOR,20160429,0.015,0.016,0.015,0.015,551480
HPI,20160429,2.71,2.75,2.71,2.75,43273
HRL,20160429,0.13,0.13,0.13,0.13,45560
HRR,20160429,0.105,0.105,0.105,0.105,42846
HSK,20160429,0.03,0.03,0.03,0.03,56667
HSN,20160429,3.52,3.52,3.37,3.39,180610
HSO,20160429,2.7,2.74,2.68,2.72,3819696
HTA,20160429,0.08,0.08,0.08,0.08,254142
HUB,20160429,4.14,4.14,3.96,3.99,90148
HUO,20160429,3.38,3.45,3.38,3.45,9410
HVN,20160429,4.48,4.505,4.45,4.48,1769702
HXG,20160429,0.071,0.075,0.071,0.075,200266
HZN,20160429,0.07,0.073,0.069,0.071,1137068
HZR,20160429,0.57,0.63,0.57,0.62,180170
IAA,20160429,57.1,57.1,56.16,56.16,3246
IAB,20160429,0.95,0.98,0.95,0.98,206008
IAF,20160429,106.85,107.21,106.6,106.6,7170
IAG,20160429,5.8,5.81,5.745,5.77,6002621
IAU,20160429,0.13,0.135,0.13,0.13,134304
IBG,20160429,0.039,0.04,0.038,0.038,1593048
IBK,20160429,40.16,40.16,39.8,39.94,419
ICG,20160429,0.003,0.003,0.003,0.003,3803333
ICI,20160429,0.15,0.16,0.14,0.16,60000
ICN,20160429,0.037,0.041,0.037,0.037,1610376
ICQ,20160429,0.9,0.915,0.885,0.89,263596
ICT,20160429,0.085,0.087,0.083,0.083,47070
ICU,20160429,0.11,0.12,0.11,0.11,45577
IDR,20160429,2.08,2.09,2.07,2.09,69273
IDT,20160429,0.35,0.35,0.35,0.35,36500
IDZ,20160429,0.39,0.4,0.39,0.4,4311
IEC,20160429,0.005,0.005,0.005,0.005,5000
IEL,20160429,4.16,4.19,4.13,4.17,210506
IEM,20160429,45.07,45.12,44.46,44.91,10589
IEU,20160429,53.19,53.2,52.89,52.91,16134
IFL,20160429,9.03,9.03,8.9,8.94,1084053
IFM,20160429,0.605,0.605,0.587,0.59,474370
IFN,20160429,0.715,0.73,0.715,0.72,1080978
IGB,20160429,104,104,104,104,153
IGL,20160429,2.09,2.12,2.06,2.06,78051
IGO,20160429,3.02,3.14,3.01,3.06,6568134
IHD,20160429,12.91,13.07,12.91,13.05,50710
IHK,20160429,26.19,26.19,25.99,25.99,469
IIL,20160429,0.29,0.295,0.265,0.265,150786
IJH,20160429,192.02,192.28,191.38,191.38,351
IJP,20160429,15.34,15.34,14.98,15.08,37768
IJR,20160429,151.13,151.13,150.01,150.1,425
IKO,20160429,69.24,69.24,68.87,68.87,197
ILB,20160429,113.87,113.87,113.79,113.79,2793
ILC,20160429,21.95,22,21.87,21.98,38118
ILU,20160429,6.45,6.46,6.34,6.43,2187788
IMC,20160429,0.35,0.36,0.35,0.36,87704
IMD,20160429,0.21,0.21,0.205,0.205,1393684
IMF,20160429,1.37,1.37,1.305,1.34,381783
IMU,20160429,0.011,0.011,0.011,0.011,1071339
INA,20160429,2.79,2.79,2.73,2.75,23838
IND,20160429,0.014,0.014,0.012,0.012,1050000
INM,20160429,49.02,49.02,47.8,48.4,210938
IOF,20160429,4.19,4.22,4.15,4.17,1756898
IOO,20160429,96,96,95.08,95.36,11022
IOT,20160429,0.056,0.064,0.049,0.051,108205391
IOZ,20160429,21.9,22.02,21.84,22.02,59689
IPD,20160429,0.905,0.905,0.877,0.885,414169
IPE,20160429,0.3,0.315,0.3,0.315,393844
IPH,20160429,6.94,6.96,6.85,6.92,631738
IPL,20160429,3.17,3.23,3.16,3.22,4203017
IPT,20160429,0.025,0.026,0.025,0.025,1315484
IQ3,20160429,0.29,0.29,0.29,0.29,10300
IRC,20160429,0.1,0.1,0.1,0.1,69900
IRD,20160429,0.115,0.115,0.11,0.11,84150
IRE,20160429,11.89,11.9,11.56,11.64,461957
IRI,20160429,2.25,2.25,2.19,2.19,62989
IRL,20160429,0.003,0.003,0.003,0.003,549494
IRU,20160429,149.26,149.26,148.59,148.59,265
ISD,20160429,3.68,3.68,3.58,3.63,643529
ISG,20160429,14.26,14.26,14.26,14.26,245
ISO,20160429,4.03,4.06,4.02,4.06,31319
ISU,20160429,1.155,1.17,1.14,1.145,212811
ISX,20160429,0.195,0.2,0.195,0.195,873661
ITQ,20160429,5.69,5.7,5.5,5.69,35575
ITW,20160429,17.26,17.26,17.16,17.23,588
IVC,20160429,12.17,12.28,12.09,12.26,207550
IVE,20160429,77.49,77.49,76.72,76.77,8450
IVO,20160429,0.033,0.035,0.033,0.035,1227427
IVQ,20160429,0.1,0.1,0.1,0.1,20000
IVR,20160429,0.039,0.04,0.039,0.04,1109100
IVV,20160429,273.86,274.18,272.08,272.67,7099
IVX,20160429,0.007,0.007,0.007,0.007,1946427
IWG,20160429,0.085,0.088,0.085,0.088,237626
IXI,20160429,127.36,127.7,126.73,127.39,3411
IXJ,20160429,132.62,132.62,131.06,131.44,4573
IXP,20160429,81.51,82.18,81.09,81.69,1051
IXR,20160429,0.004,0.004,0.004,0.004,250000
IZZ,20160429,44.65,44.65,44.07,44.13,3901
JAL,20160429,0.028,0.028,0.028,0.028,770000
JBH,20160429,21.44,22.1,21.3,21.97,663878
JCI,20160429,1.055,1.055,1.055,1.055,5625
JHC,20160429,2.85,2.86,2.75,2.83,1594276
JHL,20160429,0.195,0.2,0.19,0.19,99426
JHX,20160429,18.7,18.7,18.45,18.53,1441468
JIN,20160429,1.38,1.38,1.35,1.35,38295
JKA,20160429,0.004,0.004,0.004,0.004,804200
JKL,20160429,0.27,0.27,0.245,0.245,2102072
JPR,20160429,0.25,0.25,0.25,0.25,4041
JRL,20160429,0.17,0.17,0.17,0.17,8000
JRV,20160429,0.072,0.073,0.072,0.073,45850
KAI,20160429,0.083,0.084,0.082,0.084,562129
KAM,20160429,0.42,0.44,0.415,0.44,19345
KAR,20160429,1.44,1.475,1.435,1.46,515591
KAS,20160429,0.027,0.027,0.027,0.027,37037
KBC,20160429,0.145,0.145,0.145,0.145,180054
KBL,20160429,0.012,0.013,0.011,0.011,4946067
KCN,20160429,0.445,0.46,0.43,0.455,1312430
KDL,20160429,0.1,0.1,0.1,0.1,12650
KDR,20160429,0.096,0.1,0.096,0.097,1178614
KFE,20160429,0.033,0.034,0.033,0.033,680617
KGD,20160429,0.029,0.029,0.028,0.028,208607
KGL,20160429,0.16,0.165,0.15,0.165,347332
KGM,20160429,0.025,0.025,0.025,0.025,40000
KII,20160429,2.29,2.29,2.29,2.29,9820
KIK,20160429,0.006,0.006,0.006,0.006,2728536
KIN,20160429,0.095,0.1,0.095,0.1,214000
KIS,20160429,0.075,0.075,0.075,0.075,16947
KKL,20160429,0.006,0.006,0.006,0.006,156578
KMD,20160429,1.495,1.51,1.42,1.45,876283
KNL,20160429,0.19,0.19,0.177,0.19,655904
KNM,20160429,0.016,0.018,0.016,0.018,1101083
KNO,20160429,0.235,0.235,0.22,0.22,21000
KOR,20160429,0.045,0.045,0.045,0.045,15000
KPL,20160429,0.066,0.066,0.066,0.066,200000
KPO,20160429,0.1,0.1,0.1,0.1,6000
KPT,20160429,15,15,15,15,1000
KRC,20160429,0.008,0.008,0.008,0.008,1000000
KRM,20160429,0.21,0.21,0.195,0.205,1244748
KRS,20160429,0.16,0.16,0.16,0.16,20000
KSL,20160429,0.95,0.95,0.95,0.95,20691
KSM,20160429,2.5,2.5,2.5,2.5,1982
KSN,20160429,0.02,0.02,0.02,0.02,250000
KTA,20160429,0.21,0.21,0.21,0.21,10000
LAA,20160429,0.29,0.295,0.28,0.29,484179
LAU,20160429,0.46,0.46,0.45,0.46,607843
LCK,20160429,0.35,0.35,0.32,0.34,118164
LCM,20160429,0.45,0.45,0.44,0.44,54900
LCT,20160429,0.054,0.055,0.052,0.052,201214
LCY,20160429,0.012,0.014,0.011,0.014,7487001
LEG,20160429,0.009,0.009,0.009,0.009,625338
LEP,20160429,4.22,4.25,4.22,4.25,2688
LGD,20160429,0.215,0.215,0.195,0.2,1029632
LGR,20160429,0.115,0.115,0.11,0.11,138000
LHB,20160429,0.145,0.15,0.145,0.15,49000
LHC,20160429,1.32,1.37,1.32,1.36,52507
LIC,20160429,2.68,2.8,2.65,2.8,20792
LIT,20160429,0.24,0.245,0.225,0.225,2879632
LKO,20160429,0.001,0.001,0.001,0.001,316000
LLC,20160429,12.59,12.76,12.45,12.7,2106661
LLO,20160429,0.48,0.6,0.48,0.55,102818
LMG,20160429,0.021,0.021,0.02,0.02,454350
LNG,20160429,0.59,0.615,0.585,0.61,4181594
LNK,20160429,8.01,8.05,7.95,8,402722
LNR,20160429,6,6.55,5.99,6.55,15128
LNY,20160429,0.003,0.003,0.003,0.003,12130251
LOM,20160429,0.39,0.4,0.385,0.385,3267166
LOV,20160429,2.06,2.1,2.05,2.06,400522
LPE,20160429,0.033,0.035,0.033,0.034,11282606
LRS,20160429,0.007,0.008,0.007,0.008,7014231
LSR,20160429,0.012,0.012,0.011,0.011,131056
LSX,20160429,0.25,0.26,0.25,0.26,360300
LTN,20160429,0.1,0.1,0.1,0.1,150000
LTR,20160429,0.023,0.026,0.022,0.024,4588852
LTX,20160429,0.051,0.06,0.051,0.06,1000065
LVT,20160429,0.25,0.25,0.25,0.25,26000
LWP,20160429,0.004,0.004,0.003,0.003,33628097
LYC,20160429,0.078,0.078,0.073,0.075,28571414
LYL,20160429,1.52,1.52,1.52,1.52,190
MA1,20160429,0.955,0.97,0.955,0.97,16592
MAD,20160429,0.062,0.063,0.059,0.061,303262
MAH,20160429,0.1,0.105,0.1,0.105,562699
MAI,20160429,0.62,0.62,0.62,0.62,50000
MAQ,20160429,9.98,9.98,9.36,9.8,1072
MAR,20160429,0.005,0.005,0.005,0.005,321100
MBE,20160429,0.365,0.365,0.345,0.35,1601305
MBK,20160429,0.005,0.005,0.005,0.005,200000
MCE,20160429,0.36,0.36,0.36,0.36,76500
MCP,20160429,0.88,0.9,0.88,0.88,126359
MCR,20160429,0.215,0.22,0.205,0.21,323258
MCT,20160429,0.055,0.055,0.052,0.053,2134729
MDC,20160429,0.24,0.25,0.235,0.25,336796
MDR,20160429,0.03,0.03,0.028,0.03,1401902
MEA,20160429,1.1,1.14,1.085,1.1,189286
MEB,20160429,0.23,0.255,0.23,0.245,209012
MED,20160429,0.026,0.026,0.026,0.026,12222
MEI,20160429,0.011,0.011,0.011,0.011,100000
MEO,20160429,0.016,0.02,0.016,0.02,3642468
MEP,20160429,0.065,0.067,0.065,0.065,1130976
MEU,20160429,0.017,0.019,0.017,0.019,587420
MEY,20160429,0.16,0.16,0.15,0.15,70695
MEZ,20160429,2.4,2.4,2.39,2.39,10495
MFF,20160429,1.885,1.89,1.85,1.89,323295
MFG,20160429,21.99,21.99,21.37,21.5,454824
MGC,20160429,1.3,1.35,1.245,1.25,5305035
MGE,20160429,2.51,2.51,2.49,2.5,419050
MGL,20160429,0.024,0.024,0.024,0.024,65976
MGP,20160429,0.3,0.3,0.3,0.3,183750
MGR,20160429,1.865,1.87,1.85,1.87,13869159
MGT,20160429,0.025,0.025,0.025,0.025,60000
MGU,20160429,0.025,0.025,0.025,0.025,2000
MGV,20160429,0.024,0.024,0.024,0.024,40000
MGX,20160429,0.215,0.23,0.215,0.215,940482
MHC,20160429,0.031,0.031,0.031,0.031,17857
MHG,20160429,2.42,2.42,2.42,2.42,7172
MHM,20160429,0.037,0.037,0.036,0.036,75000
MIG,20160429,0.68,0.68,0.66,0.66,37063
MIL,20160429,1.4,1.5,1.4,1.45,37850
MIN,20160429,7.39,7.45,7.29,7.41,837262
MIR,20160429,2.73,2.73,2.66,2.66,56189
MJP,20160429,0.43,0.44,0.43,0.435,40279
MKB,20160429,0.015,0.015,0.014,0.014,601909
MLB,20160429,1.965,1.965,1.92,1.95,225554
MLD,20160429,1.12,1.125,1.085,1.105,1332517
MLM,20160429,0.031,0.031,0.029,0.029,691145
MLT,20160429,4.25,4.27,4.22,4.25,160919
MLX,20160429,1.04,1.055,1.022,1.03,1324903
MMI,20160429,0.076,0.078,0.07,0.075,284884
MMJ,20160429,0.24,0.24,0.23,0.235,719085
MML,20160429,0.81,0.825,0.7,0.745,2881029
MMR,20160429,0.038,0.038,0.037,0.037,78050
MMS,20160429,12.35,12.43,12.26,12.28,181075
MNC,20160429,0.003,0.003,0.003,0.003,170154
MND,20160429,7.65,7.85,7.56,7.62,526898
MNE,20160429,0.021,0.021,0.021,0.021,90
MNF,20160429,3.83,3.91,3.8,3.9,109908
MNM,20160429,0.014,0.015,0.014,0.015,682160
MNQ,20160429,0.018,0.022,0.016,0.018,13305000
MNS,20160429,0.585,0.59,0.565,0.575,522482
MNW,20160429,0.125,0.13,0.125,0.125,385450
MNY,20160429,0.9,0.925,0.9,0.91,165786
MOC,20160429,1.69,1.72,1.69,1.695,26943
MOD,20160429,0.037,0.037,0.034,0.034,6639505
MOX,20160429,0.013,0.014,0.013,0.014,528000
MOY,20160429,0.16,0.167,0.155,0.16,9525479
MP1,20160429,1.705,1.705,1.55,1.605,129720
MPL,20160429,3.13,3.14,3.11,3.14,6664587
MPO,20160429,0.135,0.14,0.13,0.135,462501
MQA,20160429,4.74,4.875,4.7,4.87,6132616
MQG,20160429,64.35,64.4,63.5,63.5,3164573
MRD,20160429,0.015,0.016,0.014,0.015,4656630
MRM,20160429,0.46,0.475,0.455,0.47,990042
MRN,20160429,0.85,0.85,0.85,0.85,700
MRP,20160429,0.09,0.09,0.088,0.088,25000
MRV,20160429,0.004,0.004,0.004,0.004,116380
MSB,20160429,2.3,2.3,2.1,2.19,1566449
MSM,20160429,0.135,0.135,0.125,0.135,547227
MSP,20160429,0.027,0.027,0.027,0.027,111734
MSR,20160429,0.001,0.002,0.001,0.002,2732549
MSV,20160429,0.017,0.018,0.017,0.018,1000000
MTA,20160429,0.066,0.066,0.06,0.06,134973
MTH,20160429,0.011,0.012,0.01,0.011,6004681
MTL,20160429,0.067,0.085,0.067,0.08,1159496
MTM,20160429,0.305,0.305,0.305,0.305,25178
MTO,20160429,2.5,2.71,2.5,2.71,6155605
MTR,20160429,3.75,3.75,3.67,3.7,1457435
MTS,20160429,1.735,1.765,1.725,1.76,3911967
MUM,20160429,0.005,0.005,0.005,0.005,12409948
MVA,20160429,20.28,20.3,20.25,20.25,1073
MVB,20160429,23.73,23.77,23.73,23.77,5246
MVF,20160429,1.805,1.805,1.78,1.795,208279
MVP,20160429,6.13,6.26,6.12,6.25,69103
MVR,20160429,16.83,16.83,16.83,16.83,1525
MVS,20160429,16.85,16.89,16.85,16.88,4962
MVT,20160429,0.125,0.13,0.125,0.13,100746
MVW,20160429,22.98,23.15,22.94,23.15,40865
MWR,20160429,0.85,0.85,0.85,0.85,8435
MX1,20160429,0.42,0.42,0.415,0.415,6000
MXC,20160429,0.054,0.055,0.05,0.054,10234872
MXI,20160429,0.52,0.52,0.52,0.52,8000
MXR,20160429,0.004,0.004,0.003,0.004,18100488
MYE,20160429,0.155,0.155,0.155,0.155,5000
MYO,20160429,3.43,3.47,3.36,3.4,575650
MYR,20160429,1.03,1.045,1.02,1.035,2778739
MYS,20160429,4.03,4.05,4.03,4.03,24081
MYT,20160429,2.74,2.76,2.74,2.76,9353
MYX,20160429,1.395,1.395,1.365,1.395,854974
MZI,20160429,0.25,0.25,0.23,0.24,402850
MZM,20160429,0.22,0.24,0.22,0.225,136177
MZN,20160429,0.012,0.013,0.012,0.013,7522267
N1H,20160429,0.25,0.255,0.25,0.255,84216
NAB,20160429,27,27.33,26.84,27.19,9209835
NAC,20160429,1,1.01,1,1.01,27471
NAE,20160429,0.007,0.007,0.007,0.007,100000
NAG,20160429,0.11,0.115,0.105,0.115,637638
NAN,20160429,2.21,2.25,2.19,2.22,942606
NAV,20160429,0.012,0.012,0.012,0.012,199000
NCC,20160429,1,1,1,1,2517
NCK,20160429,4.08,4.09,4.03,4.08,11535
NCM,20160429,18.6,19.11,18.57,18.97,6396310
NCO,20160429,0.004,0.004,0.003,0.003,3000000
NDQ,20160429,9.92,9.93,9.92,9.92,19245
NEA,20160429,0.425,0.52,0.425,0.515,11868534
NEC,20160429,1.115,1.137,1.105,1.13,11607336
NEN,20160429,0.25,0.25,0.24,0.24,32547
NEU,20160429,0.075,0.08,0.074,0.08,3052229
NGE,20160429,0.022,0.022,0.021,0.021,225500
NHC,20160429,1.445,1.49,1.425,1.44,110498
NHF,20160429,4.58,4.58,4.48,4.56,456825
NKP,20160429,0.05,0.055,0.05,0.055,89978
NMG,20160429,0.009,0.01,0.009,0.01,1930670
NML,20160429,0.034,0.034,0.034,0.034,60000
NMT,20160429,0.36,0.39,0.355,0.38,2706578
NNW,20160429,0.12,0.13,0.11,0.11,390285
NOR,20160429,0.04,0.04,0.039,0.039,923691
NPX,20160429,4.8,4.81,4.78,4.78,1623
NRT,20160429,0.12,0.125,0.12,0.122,292691
NSE,20160429,0.007,0.007,0.006,0.006,355169
NSL,20160429,0.009,0.009,0.008,0.009,727633
NSR,20160429,1.7,1.725,1.67,1.72,798471
NST,20160429,3.76,3.87,3.75,3.87,8203941
NTC,20160429,2.95,2.97,2.9,2.93,334152
NTL,20160429,0.007,0.008,0.006,0.008,2255000
NTM,20160429,0.011,0.013,0.011,0.013,934151
NTU,20160429,0.08,0.08,0.078,0.078,189549
NUF,20160429,7.05,7.09,7,7.02,777902
NUH,20160429,0.062,0.065,0.057,0.058,3051277
NVL,20160429,1.4,1.4,1.375,1.375,25000
NVT,20160429,5.1,5.12,5.05,5.12,816108
NWE,20160429,0.003,0.003,0.002,0.002,4201607
NWH,20160429,0.265,0.27,0.23,0.23,5707275
NWS,20160429,17.16,17.21,17.04,17.2,193288
NWZ,20160429,0.015,0.015,0.012,0.014,15914652
NXM,20160429,0.105,0.105,0.105,0.105,95949
NXT,20160429,2.9,2.91,2.85,2.88,530608
NZO,20160429,0.43,0.435,0.43,0.43,110869
OAR,20160429,0.125,0.15,0.125,0.15,5033
OBJ,20160429,0.077,0.077,0.071,0.073,2533140
OCC,20160429,0.41,0.42,0.39,0.42,169152
OCL,20160429,1.86,1.86,1.86,1.86,5320
ODN,20160429,0.013,0.013,0.012,0.013,3981096
ODY,20160429,0.065,0.065,0.065,0.065,320000
OEC,20160429,0.61,0.61,0.58,0.6,141000
OEL,20160429,0.043,0.044,0.043,0.043,5619714
OEX,20160429,0.012,0.014,0.012,0.014,105667
OFX,20160429,2.12,2.2,2.11,2.16,603972
OGC,20160429,4.21,4.42,4.21,4.36,940218
OGX,20160429,0.165,0.17,0.165,0.17,42355
OKU,20160429,0.155,0.155,0.15,0.15,356973
OMH,20160429,0.14,0.14,0.14,0.14,115929
OML,20160429,4.72,4.72,4.6,4.66,231172
OMT,20160429,0.03,0.03,0.03,0.03,145000
ONE,20160429,3.8,3.85,3.8,3.85,7793
ONT,20160429,6.8,6.8,6.65,6.65,2500
OOK,20160429,0.031,0.032,0.03,0.03,311999
OOO,20160429,15.67,15.74,15.63,15.7,29521
OPG,20160429,0.515,0.52,0.515,0.52,70000
ORA,20160429,2.58,2.65,2.56,2.64,4415637
ORE,20160429,3.35,3.36,3.29,3.32,383833
ORG,20160429,5.44,5.53,5.43,5.49,7336963
ORI,20160429,15.32,15.38,15.19,15.3,1515680
ORL,20160429,2.75,2.75,2.75,2.75,18737
ORN,20160429,0.012,0.012,0.012,0.012,238920
ORR,20160429,0.3,0.31,0.285,0.3,437204
ORX,20160429,0.07,0.07,0.07,0.07,7100
OSH,20160429,7.05,7.09,6.99,7.03,2810966
OSL,20160429,0.15,0.15,0.145,0.15,239193
OSP,20160429,0.265,0.265,0.265,0.265,22095
OTC,20160429,0.205,0.205,0.205,0.205,6587
OTH,20160429,0.765,0.765,0.74,0.74,126000
OVH,20160429,0.7,0.725,0.69,0.725,124944
OVL,20160429,0.008,0.008,0.007,0.007,2270747
OVR,20160429,0.006,0.006,0.006,0.006,151666
OZF,20160429,18.8,18.87,18.8,18.87,7440
OZG,20160429,0.14,0.14,0.135,0.135,293265
OZL,20160429,5.81,5.92,5.79,5.88,2640815
OZR,20160429,6.99,7.06,6.99,7.06,31397
PAA,20160429,0.115,0.115,0.11,0.11,123941
PAB,20160429,0.007,0.007,0.007,0.007,4504242
PAC,20160429,4.49,4.63,4.42,4.46,140194
PAF,20160429,0.94,0.95,0.94,0.95,56000
PAI,20160429,0.96,0.96,0.94,0.94,273238
PAK,20160429,0.095,0.095,0.095,0.095,8001
PAN,20160429,0.13,0.14,0.125,0.13,1022751
PBG,20160429,1.155,1.16,1.145,1.145,30795218
PBP,20160429,0.49,0.49,0.49,0.49,10523
PCL,20160429,0.004,0.005,0.004,0.004,12316713
PDI,20160429,0.006,0.007,0.005,0.006,2246353
PDN,20160429,0.255,0.267,0.255,0.265,4543865
PDZ,20160429,0.125,0.135,0.125,0.135,201376
PEK,20160429,0.054,0.054,0.05,0.054,576923
PEN,20160429,0.72,0.81,0.72,0.765,109230
PEP,20160429,2.32,2.38,2.29,2.29,51769
PEX,20160429,0.155,0.155,0.15,0.15,140000
PEZ,20160429,0.058,0.058,0.058,0.058,60701
PFL,20160429,1.17,1.205,1.17,1.205,185336
PGC,20160429,0.595,0.6,0.595,0.595,100876
PGF,20160429,0.9,0.915,0.9,0.915,495126
PGH,20160429,5.25,5.26,5.14,5.18,607934
PGI,20160429,0.095,0.095,0.095,0.095,4193
PGM,20160429,0.042,0.042,0.042,0.042,5000
PGO,20160429,0.059,0.061,0.058,0.058,281953
PGR,20160429,0.635,0.66,0.635,0.66,34571
PGY,20160429,0.002,0.002,0.002,0.002,625000
PHK,20160429,0.09,0.092,0.088,0.09,575558
PIC,20160429,0.935,0.94,0.93,0.935,64604
PIL,20160429,0.017,0.017,0.017,0.017,50500
PIO,20160429,0.028,0.031,0.026,0.026,50812495
PIQ,20160429,0.2,0.2,0.2,0.2,16960
PKO,20160429,0.002,0.003,0.002,0.003,586274
PLH,20160429,0.095,0.095,0.095,0.095,219500
PLP,20160429,0.025,0.026,0.024,0.024,3090441
PLS,20160429,0.575,0.61,0.575,0.585,4780632
PMC,20160429,1.7,1.75,1.685,1.71,125437
PME,20160429,4.15,4.32,4.11,4.32,104517
PML,20160429,0.083,0.085,0.076,0.085,729318
PMP,20160429,0.555,0.565,0.555,0.555,61631
PMV,20160429,15.87,15.94,15.74,15.9,367004
PNC,20160429,1.68,1.68,1.68,1.68,63545
PNE,20160429,0.1,0.105,0.1,0.105,274281
PNL,20160429,0.18,0.18,0.18,0.18,62181
PNN,20160429,0.007,0.007,0.007,0.007,75000
PNR,20160429,0.086,0.091,0.085,0.09,2092396
PNV,20160429,0.285,0.29,0.28,0.29,449253
PNW,20160429,0.2,0.2,0.2,0.2,28500
POH,20160429,0.012,0.029,0.012,0.027,130098741
POP,20160429,0.041,0.043,0.04,0.04,323226
POS,20160429,0.041,0.041,0.039,0.039,1787885
POU,20160429,19,19,19,19,284
POW,20160429,0.013,0.014,0.012,0.014,925491
PPC,20160429,0.95,0.95,0.925,0.945,590840
PPG,20160429,0.43,0.43,0.425,0.425,57930
PPL,20160429,0.58,0.585,0.56,0.58,279561
PPS,20160429,0.335,0.34,0.33,0.335,500537
PPT,20160429,42.77,42.84,42.43,42.75,86681
PPY,20160429,0.009,0.009,0.009,0.009,105000
PRG,20160429,1.435,1.475,1.425,1.465,671893
PRL,20160429,0.023,0.023,0.023,0.023,95000
PRO,20160429,1.6,1.63,1.57,1.57,49530
PRR,20160429,0.046,0.046,0.044,0.044,1246790
PRT,20160429,0.295,0.3,0.295,0.3,2734230
PRU,20160429,0.525,0.585,0.52,0.57,14988313
PRY,20160429,3.4,3.49,3.4,3.47,1951452
PSA,20160429,0.105,0.115,0.105,0.115,1625211
PSF,20160429,0.031,0.032,0.03,0.03,6145395
PSI,20160429,1.56,1.6,1.56,1.6,20963
PSM,20160429,0.023,0.025,0.022,0.025,741470
PSQ,20160429,2.06,2.15,2.06,2.15,15428
PSY,20160429,0.092,0.093,0.089,0.093,1035205
PSZ,20160429,0.71,0.74,0.71,0.74,74422
PTB,20160429,0.44,0.44,0.44,0.44,30000
PTL,20160429,0.69,0.69,0.65,0.66,39679
PTM,20160429,6.07,6.1,6.03,6.06,899296
PTR,20160429,0.006,0.006,0.006,0.006,47480
PTX,20160429,0.11,0.115,0.11,0.115,34422
PVD,20160429,0.033,0.033,0.03,0.03,1140677
PWH,20160429,2.59,2.65,2.49,2.63,113210
PWN,20160429,0.032,0.032,0.03,0.03,243578
PXS,20160429,0.245,0.26,0.242,0.26,372126
PYC,20160429,0.016,0.016,0.016,0.016,300000
PYM,20160429,0.005,0.005,0.005,0.005,200000
QAN,20160429,3.23,3.27,3.205,3.22,13983791
QAU,20160429,13.32,13.52,13.32,13.46,19236
QBE,20160429,11.16,11.19,11.07,11.15,5243196
QBL,20160429,0.007,0.007,0.007,0.007,1426186
QCB,20160429,9.55,9.57,9.55,9.57,6838
QFN,20160429,10.35,10.39,10.35,10.39,8300
QHL,20160429,0.14,0.14,0.14,0.14,139575
QMS,20160429,1.25,1.267,1.24,1.255,115423
QOZ,20160429,11.51,11.58,11.51,11.58,6380
QRE,20160429,3.82,3.82,3.82,3.82,5100
QTG,20160429,0.004,0.004,0.004,0.004,210714
QUB,20160429,2.5,2.5,2.43,2.49,2525067
QUR,20160429,0.02,0.023,0.02,0.023,438000
QVE,20160429,1.04,1.045,1.03,1.04,195455
RAD,20160429,0.048,0.049,0.048,0.049,162500
RAP,20160429,0.23,0.23,0.195,0.205,18319083
RAW,20160429,0.03,0.03,0.03,0.03,200000
RBR,20160429,0.01,0.01,0.01,0.01,20764
RCB,20160429,20.24,20.31,20.24,20.31,16841
RCE,20160429,0.205,0.215,0.205,0.205,42100
RCG,20160429,1.39,1.39,1.362,1.37,841953
RCR,20160429,1.31,1.345,1.31,1.31,175244
RCT,20160429,3.5,3.5,3.47,3.47,6805
RDG,20160429,0.01,0.01,0.01,0.01,839764
RDM,20160429,0.069,0.077,0.069,0.075,371753
RDS,20160429,0.013,0.013,0.011,0.011,728000
RDV,20160429,27.22,27.38,27.22,27.38,8214
REA,20160429,51.3,51.3,50.36,50.92,252619
RED,20160429,0.09,0.095,0.09,0.094,1653108
REF,20160429,0.11,0.11,0.11,0.11,37193
REG,20160429,5.1,5.13,5.07,5.1,533714
REH,20160429,36.5,36.5,35.88,36.1,15055
RER,20160429,0.014,0.016,0.014,0.014,1075000
RES,20160429,0.039,0.039,0.039,0.039,13508
REV,20160429,0.061,0.061,0.06,0.06,30000
REX,20160429,0.67,0.68,0.66,0.66,141581
REY,20160429,0.03,0.03,0.03,0.03,61355
RFF,20160429,1.5,1.505,1.465,1.505,185365
RFG,20160429,5.5,5.53,5.44,5.5,338183
RFL,20160429,0.097,0.097,0.097,0.097,163986
RFN,20160429,0.24,0.24,0.175,0.18,2578123
RFT,20160429,0.008,0.009,0.008,0.009,561580
RFX,20160429,0.395,0.4,0.38,0.385,499172
RGP,20160429,0.072,0.072,0.072,0.072,20000
RGS,20160429,0.165,0.165,0.16,0.16,259480
RHC,20160429,64.22,64.98,63.96,64.95,362438
RHI,20160429,0.39,0.39,0.39,0.39,20000
RHL,20160429,3.38,3.43,3.36,3.36,18598
RHP,20160429,1.11,1.15,1.11,1.15,35724
RHT,20160429,0.017,0.019,0.016,0.019,1161000
RIC,20160429,1.33,1.34,1.32,1.33,246531
RIE,20160429,0.02,0.02,0.02,0.02,223881
RIM,20160429,0.017,0.019,0.017,0.019,5067894
RIO,20160429,50.23,51.65,49.86,51.55,7897722
RKN,20160429,1.41,1.41,1.39,1.4,282964
RLE,20160429,0.098,0.098,0.098,0.098,3000
RMD,20160429,7.45,7.48,7.36,7.46,5623143
RMP,20160429,0.026,0.026,0.025,0.025,901486
RMR,20160429,0.005,0.005,0.004,0.005,32474918
RMS,20160429,0.415,0.425,0.405,0.415,2631343
RMX,20160429,0.001,0.001,0.001,0.001,14180000
RND,20160429,2.04,2.04,2.04,2.04,6750
RNI,20160429,0.016,0.017,0.016,0.017,5611018
RNO,20160429,0.021,0.022,0.02,0.022,629844
RNS,20160429,0.04,0.04,0.04,0.04,161824
RNT,20160429,0.175,0.177,0.17,0.17,439435
RNU,20160429,0.016,0.016,0.016,0.016,1100000
RNY,20160429,0.14,0.14,0.135,0.135,231815
RRL,20160429,2.81,2.92,2.81,2.9,6419068
RSG,20160429,0.93,0.985,0.93,0.975,3525989
RSH,20160429,0.032,0.034,0.032,0.034,65000
RSM,20160429,20.55,20.55,20.54,20.54,2530
RTG,20160429,0.54,0.54,0.525,0.525,11000
RTR,20160429,0.016,0.018,0.016,0.018,525000
RUB,20160429,0.045,0.045,0.045,0.045,250000
RUL,20160429,0.37,0.37,0.37,0.37,1050
RUM,20160429,0.045,0.047,0.045,0.045,211846
RVA,20160429,1.06,1.09,1.05,1.085,667896
RVR,20160429,0.12,0.145,0.12,0.14,2638983
RVY,20160429,0.027,0.027,0.027,0.027,166000
RWC,20160429,2.87,2.98,2.84,2.95,80980879
RWH,20160429,1.03,1.03,1.025,1.025,34470
RXH,20160429,0.105,0.105,0.105,0.105,15000
RXL,20160429,0.011,0.011,0.011,0.011,730000
RXP,20160429,0.55,0.55,0.55,0.55,53700
S2R,20160429,0.24,0.245,0.235,0.245,163649
S32,20160429,1.635,1.667,1.63,1.66,13869998
SAI,20160429,3.61,3.68,3.6,3.65,363850
SAR,20160429,1.06,1.08,1.025,1.06,5023481
SAU,20160429,0.28,0.28,0.28,0.28,142000
SBB,20160429,0.024,0.025,0.024,0.025,780000
SBM,20160429,2.31,2.37,2.25,2.32,4616053
SBR,20160429,0.009,0.01,0.009,0.009,1876642
SBU,20160429,0.022,0.022,0.018,0.018,900000
SCG,20160429,4.7,4.725,4.67,4.69,8564586
SCI,20160429,0.03,0.03,0.026,0.026,50666
SCP,20160429,2.33,2.36,2.31,2.34,1724916
SDA,20160429,4.55,4.6,4.545,4.59,27830
SDF,20160429,1.86,1.88,1.86,1.88,1879782
SDG,20160429,1.515,1.52,1.5,1.52,25676
SDI,20160429,0.455,0.46,0.45,0.46,167371
SDL,20160429,0.004,0.004,0.003,0.003,2265812
SEA,20160429,0.195,0.195,0.185,0.19,1583430
SEG,20160429,0.003,0.003,0.002,0.002,4538002
SEH,20160429,0.086,0.092,0.085,0.089,10776769
SEK,20160429,16.38,16.39,16.18,16.37,649146
SEN,20160429,0.11,0.112,0.11,0.11,177234
SER,20160429,0.02,0.02,0.02,0.02,478000
SFC,20160429,4.95,5,4.95,5,8117
SFG,20160429,0.078,0.078,0.077,0.077,139476
SFH,20160429,0.635,0.65,0.635,0.645,36501
SFI,20160429,0.059,0.062,0.059,0.06,2388785
SFR,20160429,5.89,5.93,5.78,5.93,598631
SFX,20160429,0.465,0.465,0.465,0.465,21000
SFY,20160429,50.4,50.51,50.07,50.47,7365
SGF,20160429,3.43,3.45,3.41,3.45,135366
SGH,20160429,0.32,0.32,0.29,0.295,3473996
SGM,20160429,9.5,9.51,9.36,9.48,1258335
SGN,20160429,1.045,1.085,1.035,1.07,1070092
SGP,20160429,4.36,4.38,4.305,4.37,6573814
SGQ,20160429,0.185,0.245,0.185,0.22,9503338
SGR,20160429,5.69,5.73,5.65,5.65,2233937
SGU,20160429,0.115,0.12,0.115,0.12,10000
SHJ,20160429,1.175,1.265,1.17,1.25,1471065
SHL,20160429,19.21,19.46,19.16,19.42,870496
SHM,20160429,0.84,0.87,0.835,0.87,82745
SHP,20160429,0.007,0.007,0.007,0.007,654000
SHV,20160429,4.92,5.03,4.86,5.03,717240
SIH,20160429,0.019,0.019,0.019,0.019,25000
SIO,20160429,0.29,0.29,0.26,0.28,86300
SIP,20160429,1.1,1.105,1.092,1.1,953037
SIQ,20160429,4.6,4.61,4.42,4.48,546645
SIT,20160429,0.22,0.22,0.22,0.22,35000
SIV,20160429,9.21,10,9.21,9.86,24570
SKB,20160429,0.41,0.44,0.41,0.44,82000
SKC,20160429,4.45,4.48,4.42,4.43,623515
SKF,20160429,0.125,0.125,0.12,0.125,287253
SKI,20160429,2.05,2.09,2.05,2.07,2760314
SKP,20160429,0.088,0.095,0.085,0.095,2361739
SKT,20160429,4.81,4.86,4.79,4.86,219351
SLC,20160429,1.935,1.935,1.905,1.91,86881
SLF,20160429,12.82,12.94,12.82,12.93,26982
SLK,20160429,4.67,4.69,4.61,4.65,61849
SLM,20160429,0.56,0.56,0.56,0.56,5603
SLR,20160429,0.36,0.37,0.355,0.37,5929079
SLX,20160429,0.365,0.38,0.365,0.37,130225
SMA,20160429,0.042,0.043,0.037,0.038,16964276
SMD,20160429,0.006,0.006,0.005,0.005,53051
SMG,20160429,0.12,0.12,0.12,0.12,12500
SMI,20160429,0.038,0.039,0.038,0.039,43342
SMM,20160429,0.155,0.155,0.155,0.155,3070
SMN,20160429,2.34,2.34,2.2,2.2,378012
SMR,20160429,0.27,0.27,0.26,0.26,179100
SMX,20160429,1.71,1.9,1.71,1.89,349290
SND,20160429,0.54,0.54,0.52,0.52,2247
SNL,20160429,2.3,2.31,2.15,2.15,30217
SNY,20160429,0.05,0.05,0.05,0.05,731092
SO4,20160429,0.35,0.36,0.35,0.36,83000
SOL,20160429,16.2,16.25,16.15,16.25,45997
SOM,20160429,2.86,2.86,2.84,2.84,16382
SOR,20160429,0.14,0.15,0.14,0.15,137258
SPK,20160429,3.33,3.42,3.325,3.38,1624239
SPL,20160429,0.667,0.67,0.65,0.665,140819
SPO,20160429,1.29,1.305,1.285,1.295,5073625
SPZ,20160429,0.28,0.3,0.28,0.295,142310
SRF,20160429,1.07,1.085,1.05,1.05,444765
SRH,20160429,0.145,0.145,0.145,0.145,4781
SRI,20160429,0.019,0.019,0.018,0.018,431463
SRO,20160429,0.022,0.023,0.021,0.023,2176746
SRS,20160429,0.027,0.028,0.027,0.028,269015
SRT,20160429,0.023,0.023,0.022,0.023,6200198
SRV,20160429,7.22,7.27,7,7.15,12371
SRX,20160429,29.63,30.21,29.28,29.74,286361
SSM,20160429,0.795,0.81,0.792,0.8,2252214
SSN,20160429,0.005,0.005,0.005,0.005,93500
SST,20160429,15.53,15.53,15.25,15.25,2511
STA,20160429,0.006,0.007,0.006,0.007,392818
STO,20160429,4.7,4.8,4.68,4.8,10087427
STS,20160429,0.64,0.645,0.64,0.645,60613
STW,20160429,49.38,49.69,49.26,49.66,112226
STX,20160429,0.11,0.11,0.11,0.11,1226824
SUD,20160429,0.022,0.022,0.022,0.022,841548
SUH,20160429,0.03,0.035,0.03,0.03,222218
SUL,20160429,8.4,8.47,8.33,8.46,899939
SUM,20160429,0.054,0.058,0.054,0.057,185986
SUN,20160429,12.5,12.54,12.425,12.5,3130999
SUR,20160429,0.001,0.001,0.001,0.001,14500000
SVA,20160429,0.05,0.05,0.048,0.05,604118
SVW,20160429,5.87,5.92,5.83,5.85,136331
SVY,20160429,0.15,0.15,0.15,0.15,3000
SWK,20160429,0.16,0.16,0.16,0.16,116000
SWL,20160429,0.84,0.85,0.835,0.85,33744
SWM,20160429,1.04,1.06,1.03,1.06,2665257
SXL,20160429,1.07,1.08,1.065,1.08,1829087
SXY,20160429,0.275,0.28,0.27,0.28,1225774
SYA,20160429,0.047,0.047,0.042,0.043,6120663
SYD,20160429,6.8,6.82,6.76,6.81,4306577
SYI,20160429,26.34,26.4,26.3,26.4,10815
SYR,20160429,4.63,4.74,4.61,4.73,1033711
TAH,20160429,4.5,4.5,4.39,4.43,2256382
TAM,20160429,0.04,0.04,0.038,0.039,935930
TAP,20160429,0.084,0.105,0.084,0.1,2459717
TAS,20160429,0.17,0.175,0.165,0.165,2565874
TAW,20160429,0.036,0.039,0.036,0.039,100000
TBH,20160429,0.19,0.2,0.19,0.2,52565
TBR,20160429,5.62,5.7,5.62,5.62,3000
TCH,20160429,2.09,2.11,2.05,2.1,228436
TCL,20160429,11.65,11.65,11.505,11.58,6094645
TCN,20160429,0.07,0.07,0.07,0.07,92500
TDL,20160429,0.185,0.185,0.185,0.185,3358
TDX,20160429,0.001,0.001,0.001,0.001,3200
TEG,20160429,0.001,0.001,0.001,0.001,10183333
TEN,20160429,0.96,0.965,0.94,0.95,238373
TER,20160429,0.005,0.005,0.004,0.005,15723636
TEX,20160429,0.002,0.002,0.002,0.002,400000
TFC,20160429,1.59,1.615,1.56,1.56,467751
TFG,20160429,0.32,0.32,0.32,0.32,15000
TFL,20160429,0.25,0.25,0.245,0.245,58000
TGA,20160429,1.46,1.46,1.367,1.395,2570194
TGG,20160429,1.16,1.17,1.16,1.17,63830
TGP,20160429,0.95,0.975,0.95,0.965,210188
TGR,20160429,3.85,3.94,3.83,3.9,876506
TGS,20160429,0.046,0.048,0.046,0.048,871480
TGZ,20160429,0.955,0.965,0.955,0.96,39407
THX,20160429,0.063,0.063,0.06,0.06,210924
TIA,20160429,0.72,0.78,0.72,0.78,684149
TIG,20160429,0.031,0.031,0.031,0.031,70509
TIS,20160429,0.042,0.042,0.042,0.042,302000
TIX,20160429,2.78,2.78,2.7,2.73,409371
TKF,20160429,0.079,0.079,0.078,0.078,39800
TKL,20160429,0.033,0.038,0.033,0.038,589950
TLG,20160429,0.285,0.285,0.275,0.285,315792
TLM,20160429,0.405,0.42,0.4,0.42,219429
TLS,20160429,5.38,5.42,5.35,5.36,28179511
TME,20160429,4.13,4.18,4.12,4.18,358591
TMK,20160429,0.004,0.004,0.004,0.004,1500
TMP,20160429,0.385,0.4,0.385,0.4,174415
TMX,20160429,0.005,0.005,0.005,0.005,2574200
TND,20160429,0.039,0.039,0.039,0.039,16000
TNE,20160429,4.94,4.96,4.84,4.88,762261
TNG,20160429,0.145,0.15,0.145,0.145,329983
TNK,20160429,1.37,1.37,1.33,1.36,13239
TNP,20160429,0.011,0.011,0.011,0.011,300000
TNR,20160429,0.16,0.16,0.15,0.16,175000
TNT,20160429,0.17,0.175,0.165,0.165,88758
TOE,20160429,0.055,0.055,0.054,0.055,1207682
TOF,20160429,2.06,2.08,2.06,2.06,48127
TOM,20160429,0.082,0.082,0.082,0.082,17500
TOP,20160429,0.54,0.54,0.53,0.54,53600
TOU,20160429,0.057,0.057,0.05,0.05,956750
TOX,20160429,2.92,2.92,2.81,2.89,185230
TPD,20160429,0.009,0.009,0.009,0.009,125705
TPE,20160429,2.66,2.66,2.66,2.66,1000
TPM,20160429,10.82,10.86,10.67,10.71,910723
TPP,20160429,0.285,0.285,0.26,0.26,1145241
TPW,20160429,0.17,0.17,0.165,0.17,309049
TRL,20160429,0.115,0.125,0.115,0.125,958870
TRM,20160429,0.025,0.025,0.025,0.025,12500
TRS,20160429,12.4,12.49,12.28,12.42,46159
TRY,20160429,0.615,0.64,0.605,0.635,3822585
TSM,20160429,0.48,0.485,0.48,0.48,63219
TSN,20160429,0.03,0.03,0.028,0.029,2363457
TTC,20160429,0.6,0.6,0.6,0.6,159161
TTE,20160429,0.008,0.008,0.008,0.008,100000
TTI,20160429,0.019,0.019,0.018,0.018,482491
TTS,20160429,3.8,3.85,3.74,3.77,3588186
TUP,20160429,0.145,0.145,0.145,0.145,4000
TV2,20160429,0.014,0.014,0.014,0.014,4007013
TWD,20160429,3.03,3.03,3,3,15792
TWE,20160429,9.22,9.36,9.19,9.32,1356647
TWH,20160429,0.01,0.01,0.009,0.01,5156460
TWR,20160429,1.6,1.6,1.6,1.6,1055
TYK,20160429,0.008,0.008,0.007,0.007,862350
TYX,20160429,0.041,0.042,0.041,0.042,387220
TZL,20160429,0.1,0.105,0.1,0.105,1417381
TZN,20160429,0.135,0.135,0.135,0.135,14114
UBE,20160429,18.64,18.64,18.64,18.64,114
UBI,20160429,0.29,0.295,0.285,0.295,165000
UBJ,20160429,18.43,18.43,18.43,18.43,245
UBN,20160429,0.365,0.375,0.365,0.37,82600
UBW,20160429,19.8,19.8,19.8,19.8,257
UCW,20160429,0.053,0.055,0.053,0.055,168460
UEQ,20160429,0.005,0.005,0.005,0.005,88892
UGL,20160429,3.1,3.2,3.1,3.16,214254
UML,20160429,0.033,0.033,0.033,0.033,1000
UNS,20160429,0.125,0.135,0.125,0.125,973420
UNV,20160429,0.225,0.225,0.225,0.225,10100
UOS,20160429,0.47,0.47,0.465,0.465,16853
UPD,20160429,0.2,0.205,0.2,0.205,974435
URF,20160429,2.12,2.12,2.11,2.11,18600
USD,20160429,12.82,12.83,12.76,12.78,113326
UUL,20160429,0.05,0.05,0.013,0.013,3150
VAE,20160429,49.18,49.18,49.14,49.14,71
VAF,20160429,49.7,49.84,49.69,49.78,24982
VAH,20160429,0.35,0.355,0.35,0.35,345183
VAN,20160429,0.04,0.04,0.038,0.04,250333
VAP,20160429,80.86,81.09,80.32,80.81,12171
VAR,20160429,0.021,0.021,0.021,0.021,129998
VAS,20160429,66.14,66.53,65.96,66.53,201349
VBS,20160429,1.35,1.35,1.35,1.35,3000
VCF,20160429,52.3,52.3,52.3,52.3,308
VCX,20160429,3.32,3.34,3.305,3.32,7410701
VEC,20160429,0.005,0.005,0.005,0.005,216349
VEQ,20160429,47.17,47.17,47.17,47.17,53
VEU,20160429,58.3,58.36,57.71,57.77,9010
VGB,20160429,49.67,49.7,49.4,49.69,8754
VGE,20160429,51.7,51.7,51,51.36,3308
VGS,20160429,55.4,55.4,55,55.18,4106
VHT,20160429,0.47,0.47,0.41,0.46,228205
VHY,20160429,57.55,57.95,57.46,57.95,16663
VIC,20160429,0.004,0.004,0.004,0.004,2826918
VIF,20160429,52.61,52.61,52.61,52.61,1550
VIP,20160429,0.24,0.24,0.23,0.23,47700
VIT,20160429,1.55,1.735,1.53,1.64,2486027
VKA,20160429,0.019,0.019,0.017,0.018,791000
VLA,20160429,0.74,0.745,0.73,0.745,56906
VLC,20160429,56.17,56.17,56.17,56.17,127
VLW,20160429,2.11,2.13,2.09,2.13,122668
VMC,20160429,0.25,0.265,0.235,0.245,421743
VMG,20160429,0.005,0.005,0.005,0.005,622429
VML,20160429,0.016,0.016,0.014,0.016,600000
VMS,20160429,0.032,0.037,0.032,0.037,511705
VMT,20160429,0.235,0.25,0.23,0.235,106257
VOC,20160429,8.59,8.68,8.53,8.63,2979746
VPC,20160429,0.041,0.042,0.039,0.039,916357
VRC,20160429,0.039,0.042,0.039,0.04,190273
VRL,20160429,5.17,5.26,5.13,5.26,158525
VRT,20160429,6.55,6.79,6.52,6.76,450233
VRX,20160429,0.016,0.016,0.016,0.016,41666
VSC,20160429,1.51,1.55,1.51,1.53,87560
VSO,20160429,45.66,45.82,45.63,45.82,1295
VTG,20160429,3.48,3.58,3.45,3.53,360703
VTS,20160429,139.72,139.72,138.5,138.67,5203
VXR,20160429,0.005,0.007,0.005,0.007,4994112
WAA,20160429,1.04,1.045,1.035,1.035,17040
WAF,20160429,0.165,0.18,0.165,0.175,16649569
WAM,20160429,2.16,2.17,2.13,2.15,777377
WAX,20160429,1.31,1.32,1.31,1.32,47223
WBA,20160429,1.105,1.125,1.05,1.08,223324
WBC,20160429,30.71,31.18,30.66,31.05,6839055
WCB,20160429,8.5,8.5,8.47,8.5,1765
WCN,20160429,0.007,0.007,0.007,0.007,7331343
WDE,20160429,0.81,0.82,0.795,0.82,201500
WEB,20160429,6.03,6.06,5.95,6.04,88865
WEC,20160429,0.14,0.14,0.14,0.14,20078
WES,20160429,42.68,42.77,42.35,42.77,2422441
WFD,20160429,10.1,10.2,10.1,10.1,2921024
WGL,20160429,0.032,0.032,0.031,0.032,2705165
WGO,20160429,0.009,0.01,0.009,0.01,1965705
WHC,20160429,0.785,0.8,0.77,0.77,1986276
WHF,20160429,4.29,4.3,4.29,4.29,23670
WHN,20160429,0.001,0.001,0.001,0.001,400000
WIC,20160429,0.785,0.785,0.785,0.785,105631
WIG,20160429,0.97,0.98,0.97,0.97,42848
WIN,20160429,0.095,0.095,0.09,0.093,197850
WKT,20160429,0.006,0.007,0.006,0.007,343578
WLD,20160429,0.795,0.865,0.79,0.84,2624015
WLF,20160429,0.14,0.145,0.14,0.145,11208
WLL,20160429,4.99,5.06,4.97,5.06,8453
WMC,20160429,0.295,0.295,0.27,0.27,25000
WMK,20160429,1.015,1.02,1.01,1.02,156278
WMN,20160429,0.035,0.04,0.035,0.04,234455
WNR,20160429,0.3,0.3,0.28,0.28,91301
WOR,20160429,6.84,6.99,6.75,6.99,1717415
WOW,20160429,22.05,22.19,21.92,22.11,5558665
WPG,20160429,0.093,0.096,0.091,0.095,1074409
WPL,20160429,27.72,28.4,27.7,28.34,4592611
WRM,20160429,0.018,0.02,0.018,0.02,638947
WRR,20160429,0.26,0.26,0.26,0.26,20000
WSA,20160429,2.53,2.555,2.5,2.5,1742689
WSG,20160429,0.014,0.014,0.014,0.014,25000
WTC,20160429,4.02,4.08,4.01,4.04,147110
WTP,20160429,0.83,0.855,0.815,0.815,100424
WTR,20160429,0.05,0.05,0.05,0.05,20000
WVL,20160429,0.007,0.007,0.007,0.007,5625
XF1,20160429,0.46,0.48,0.46,0.475,292812
XIP,20160429,3.9,3.9,3.77,3.77,3596
XPD,20160429,0.185,0.195,0.185,0.195,851088
XPE,20160429,0.037,0.038,0.035,0.038,13412265
XRF,20160429,0.17,0.17,0.17,0.17,4334
XRO,20160429,14.98,15,14.85,15,20141
XST,20160429,0.01,0.01,0.009,0.009,3239658
XTD,20160429,0.215,0.215,0.205,0.215,523441
XTE,20160429,0.44,0.6,0.44,0.54,155272
YBR,20160429,0.26,0.26,0.255,0.255,129604
YOW,20160429,0.8,0.835,0.79,0.79,705225
ZEL,20160429,7.21,7.26,7.1,7.11,1130347
ZEU,20160429,0.019,0.019,0.019,0.019,231580
ZGL,20160429,0.165,0.175,0.165,0.175,76500
ZIP,20160429,0.22,0.245,0.21,0.24,191026
ZML,20160429,0.565,0.62,0.565,0.62,343616
ZNC,20160429,0.09,0.095,0.09,0.095,344000
ZTA,20160429,0.065,0.065,0.065,0.065,2500
ZYB,20160429,0.022,0.022,0.021,0.021,530132
XAF,20160429,5167.9,5202.1,5151.8,5195.1,0
XAO,20160429,5289.4,5320.1,5276.3,5316,0
XAT,20160429,5171,5202.8,5156.3,5197.7,0
XDJ,20160429,1955.4,1955.9,1943.6,1955.1,0
XEC,20160429,1189.8,1201.9,1189.8,1198.6,0
XEJ,20160429,8284.3,8412.4,8274.6,8406.2,0
XFJ,20160429,5848,5890.3,5831.8,5868.9,0
XFL,20160429,5223.8,5257.6,5207.2,5250.5,0
XGD,20160429,3799.8,3953.5,3799.8,3944.8,0
XHJ,20160429,19779,19992.9,19673.5,19988.9,0
XIJ,20160429,779.2,782.8,775.7,780.3,0
XJO,20160429,5225.4,5257.1,5210.5,5252.2,0
XJR,20160429,2802.5,2844.4,2789.7,2843.9,0
XKO,20160429,5184.1,5215,5169.6,5210.3,0
XMD,20160429,5298.7,5321.4,5285,5318.7,0
XMJ,20160429,8184.3,8283.6,8143.4,8283.6,0
XMM,20160429,2375.4,2410.8,2360.7,2410.7,0
XNJ,20160429,5157.2,5170.1,5150.6,5167.1,0
XPJ,20160429,1396,1405.3,1394,1400.2,0
XSJ,20160429,8535.6,8577.7,8506.2,8577,0
XSO,20160429,2221.2,2235.2,2221.2,2234.9,0
XTJ,20160429,1980,1994.2,1969.5,1973.5,0
XTL,20160429,3032.6,3052.2,3020.7,3046.1,0
XTO,20160429,4326.6,4352.4,4313.2,4348,0
XUJ,20160429,7018.8,7069,7005.9,7045.5,0
XXJ,20160429,6512.3,6562,6488.7,6536.3,0
