1AD,20161216,0.21,0.225,0.21,0.225,55000
1AG,20161216,0.035,0.035,0.035,0.035,43000
1AL,20161216,0.97,0.97,0.97,0.97,2000
1PG,20161216,0.19,0.2,0.185,0.185,1907370
3DP,20161216,0.025,0.025,0.024,0.024,413524
3PL,20161216,1.15,1.15,1.135,1.135,38135
4DS,20161216,0.031,0.031,0.03,0.03,1401394
88E,20161216,0.039,0.039,0.037,0.037,13285315
8CO,20161216,0.105,0.105,0.105,0.105,12000
8IH,20161216,0.73,0.73,0.71,0.71,29415
9SP,20161216,0.155,0.16,0.155,0.16,333344
A2M,20161216,2,2.09,2,2.01,5828126
A3D,20161216,2.96,3.01,2.96,2.96,30203
AAA,20161216,50.11,50.13,50.11,50.13,17910
AAC,20161216,1.605,1.605,1.582,1.585,1474748
AAD,20161216,2.3,2.32,2.28,2.29,2288300
AAJ,20161216,0.012,0.012,0.011,0.011,9604023
AAR,20161216,0.018,0.018,0.015,0.015,1573112
AB1,20161216,0.075,0.075,0.075,0.075,91592
ABA,20161216,5.11,5.18,5.11,5.14,8189
ABC,20161216,5.14,5.16,5.115,5.16,1805012
ABP,20161216,2.9,2.94,2.9,2.92,1493471
ABT,20161216,0.57,0.57,0.57,0.57,8114
ABU,20161216,0.11,0.115,0.11,0.11,112323
ABV,20161216,0.007,0.007,0.007,0.007,8031683
ABX,20161216,0.205,0.205,0.205,0.205,3580
ACB,20161216,0.062,0.063,0.06,0.062,708039
ACG,20161216,0.066,0.067,0.066,0.067,553300
ACK,20161216,0.48,0.48,0.475,0.475,28759
ACL,20161216,0.009,0.009,0.009,0.009,127185
ACQ,20161216,1.055,1.06,1.055,1.06,29000
ACR,20161216,0.32,0.33,0.315,0.33,165756
ACU,20161216,0.032,0.032,0.032,0.032,266995
ACW,20161216,0.062,0.065,0.061,0.065,1274187
ACX,20161216,4.97,4.97,4.73,4.84,1426646
AD1,20161216,0.27,0.3,0.27,0.3,130000
ADA,20161216,2.25,2.28,2.24,2.24,104932
ADH,20161216,1.72,1.72,1.61,1.64,428282
ADJ,20161216,0.1,0.1,0.096,0.099,253016
ADN,20161216,0.014,0.014,0.013,0.013,1018706
ADO,20161216,0.043,0.043,0.043,0.043,866801
ADR,20161216,0.285,0.33,0.285,0.305,34700
ADV,20161216,0.03,0.03,0.029,0.029,2269045
ADY,20161216,0.01,0.01,0.01,0.01,13200
AEB,20161216,0.054,0.054,0.051,0.054,126114
AEE,20161216,0.027,0.029,0.027,0.029,2609497
AEF,20161216,88.6,88.6,88.25,88.25,65
AEG,20161216,1.005,1.025,1,1.01,169853
AEV,20161216,0.12,0.125,0.115,0.115,110909
AFA,20161216,0.2,0.21,0.2,0.21,30000
AFG,20161216,1.2,1.2,1.19,1.19,15777
AFI,20161216,5.72,5.8,5.7,5.7,516686
AFY,20161216,2.77,2.8,2.76,2.76,78515
AGD,20161216,0.165,0.165,0.165,0.165,20000
AGE,20161216,0.013,0.015,0.013,0.014,5751550
AGF,20161216,0.35,0.35,0.345,0.345,12919121
AGG,20161216,2.8,2.8,2.63,2.63,5201
AGI,20161216,2.05,2.05,1.985,1.985,518540
AGL,20161216,21.13,21.2,20.92,20.95,2032627
AGO,20161216,0.025,0.031,0.025,0.029,739611940
AGR,20161216,0.08,0.08,0.079,0.079,246184
AGS,20161216,0.085,0.085,0.085,0.085,8
AGY,20161216,0.029,0.03,0.029,0.03,298028
AHF,20161216,0.175,0.175,0.175,0.175,44815
AHG,20161216,3.84,3.9,3.83,3.87,1847917
AHN,20161216,0.04,0.04,0.04,0.04,182000
AHQ,20161216,0.041,0.041,0.041,0.041,275000
AHY,20161216,1.52,1.53,1.48,1.485,2965306
AHZ,20161216,0.335,0.335,0.335,0.335,252190
AIA,20161216,6.04,6.18,6.04,6.09,406269
AIK,20161216,0.157,0.157,0.157,0.157,417872
AIS,20161216,0.054,0.054,0.054,0.054,154740
AIV,20161216,0.055,0.055,0.055,0.055,2000
AIZ,20161216,2.04,2.07,2,2.05,93104
AJA,20161216,6.56,6.61,6.42,6.56,37496
AJC,20161216,0.004,0.004,0.004,0.004,75000
AJD,20161216,1.485,1.5,1.485,1.5,27046
AJL,20161216,0.37,0.4,0.37,0.4,28013
AJM,20161216,0.135,0.14,0.135,0.135,412487
AJQ,20161216,0.078,0.078,0.078,0.078,55480
AJX,20161216,0.53,0.54,0.522,0.54,295236
AKG,20161216,0.15,0.15,0.15,0.15,18970
AKK,20161216,0.005,0.005,0.005,0.005,2245000
AKM,20161216,0.032,0.032,0.031,0.031,115026
AKP,20161216,19.9,20,19.76,20,9566
ALC,20161216,0.09,0.1,0.09,0.098,5657494
ALF,20161216,1.445,1.45,1.42,1.42,427423
ALI,20161216,1.68,1.68,1.66,1.67,43545
ALK,20161216,0.35,0.35,0.315,0.32,1983631
ALL,20161216,15.15,15.21,14.84,15.08,2105519
ALQ,20161216,5.96,6.12,5.935,6.08,2917228
ALT,20161216,0.006,0.006,0.006,0.006,750000
ALU,20161216,8.12,8.16,8.03,8.07,302582
ALY,20161216,0.017,0.017,0.017,0.017,434059
AMA,20161216,1,1.01,0.96,0.985,456770
AMC,20161216,14.58,14.73,14.55,14.65,3212542
AME,20161216,0.1,0.1,0.1,0.1,264137
AMH,20161216,0.925,0.93,0.925,0.925,14626
AMI,20161216,0.14,0.14,0.135,0.14,104404
AML,20161216,0.19,0.19,0.185,0.185,150000
AMP,20161216,4.91,4.96,4.9,4.95,9532806
ANG,20161216,0.19,0.195,0.19,0.195,538399
ANN,20161216,24.39,24.51,24.25,24.35,642066
ANO,20161216,0.025,0.025,0.025,0.025,50000
ANP,20161216,0.037,0.037,0.037,0.037,128007
ANR,20161216,1.05,1.05,1.05,1.05,1243
ANW,20161216,0.008,0.008,0.008,0.008,3954495
ANZ,20161216,29.75,29.97,29.6,29.81,6426224
AOA,20161216,0.009,0.009,0.009,0.009,335000
AOD,20161216,0.695,0.695,0.695,0.695,27620
AOF,20161216,2.01,2.04,2.01,2.04,44165
AOG,20161216,3.13,3.18,3.09,3.14,1546409
AOH,20161216,0.13,0.135,0.13,0.135,462980
AON,20161216,0.12,0.125,0.12,0.125,109196
AOP,20161216,0.105,0.105,0.105,0.105,55000
AOU,20161216,0.15,0.15,0.15,0.15,136408
AOW,20161216,0.07,0.07,0.07,0.07,14300
APA,20161216,8.34,8.38,8.25,8.25,6635977
APC,20161216,0.079,0.079,0.077,0.077,275000
APD,20161216,0.39,0.395,0.39,0.39,26158
APE,20161216,9.19,9.49,9.18,9.42,130149
APG,20161216,0.007,0.007,0.007,0.007,50000
API,20161216,1.935,2.01,1.905,2,2115675
APL,20161216,1.095,1.095,1.09,1.095,186866
APN,20161216,2.71,2.76,2.67,2.73,1310462
APO,20161216,6,6.04,5.91,6,1452864
APW,20161216,1.54,1.54,1.53,1.53,8534
APX,20161216,2.72,2.8,2.7,2.71,362454
APY,20161216,0.009,0.009,0.009,0.009,657740
APZ,20161216,1.025,1.025,1.01,1.01,113595
AQC,20161216,0.021,0.021,0.02,0.02,674892
AQD,20161216,0.006,0.006,0.005,0.005,199219
AQG,20161216,1.91,1.94,1.9,1.905,331158
AQI,20161216,0.19,0.19,0.19,0.19,66381
AQQ,20161216,0.018,0.018,0.017,0.018,985364
AQX,20161216,0.03,0.03,0.028,0.028,402445
AQZ,20161216,0.79,0.795,0.785,0.785,28341
ARA,20161216,0.55,0.55,0.55,0.55,119043
ARB,20161216,17.3,17.46,17.18,17.38,70630
ARD,20161216,0.027,0.027,0.025,0.027,1905407
ARF,20161216,1.8,1.845,1.8,1.835,746047
ARG,20161216,7.38,7.5,7.36,7.36,288811
ARS,20161216,0.096,0.096,0.096,0.096,44438
ARU,20161216,0.058,0.062,0.058,0.061,425916
ARV,20161216,0.002,0.003,0.002,0.003,3246666
ARX,20161216,0.56,0.56,0.56,0.56,17000
ASB,20161216,1.55,1.7,1.55,1.685,1743756
ASG,20161216,2.39,2.42,2.39,2.4,338452
ASL,20161216,1.34,1.36,1.325,1.34,2157380
ASN,20161216,0.026,0.026,0.026,0.026,85132
AST,20161216,1.515,1.525,1.495,1.505,11914713
ASX,20161216,48.2,48.78,47.84,48.46,450731
ASY,20161216,0.014,0.014,0.014,0.014,814780
ATC,20161216,0.125,0.125,0.115,0.12,566840
ATL,20161216,1.275,1.275,1.26,1.265,128525
ATR,20161216,0.165,0.165,0.165,0.165,640
ATS,20161216,0.24,0.24,0.24,0.24,20000
ATU,20161216,0.55,0.6,0.55,0.565,24120525
AUB,20161216,10.5,10.7,10.5,10.64,2306
AUF,20161216,1.18,1.18,1.17,1.17,26275
AUI,20161216,7.56,7.56,7.54,7.54,28848
AUK,20161216,0.011,0.011,0.011,0.011,100000
AUQ,20161216,0.018,0.018,0.015,0.015,3656901
AUST,20161216,15.35,15.38,15.35,15.38,945
AUZ,20161216,0.008,0.008,0.008,0.008,1200000
AVB,20161216,0.069,0.07,0.068,0.068,1107829
AVG,20161216,0.505,0.51,0.505,0.51,8941
AVH,20161216,0.12,0.12,0.12,0.12,115000
AVI,20161216,0.02,0.02,0.02,0.02,548120
AVJ,20161216,0.605,0.615,0.595,0.595,244061
AVL,20161216,0.017,0.018,0.017,0.017,1289476
AVN,20161216,2.2,2.3,2.2,2.3,514403
AVQ,20161216,0.18,0.18,0.17,0.17,337037
AVZ,20161216,0.014,0.014,0.014,0.014,1473212
AWC,20161216,1.75,1.75,1.725,1.74,9607695
AWE,20161216,0.61,0.63,0.61,0.625,3519073
AWN,20161216,0.61,0.65,0.61,0.65,22000
AWV,20161216,0.1,0.1,0.09,0.095,1330602
AWY,20161216,0.044,0.044,0.044,0.044,42727
AXE,20161216,0.073,0.073,0.073,0.073,6850
AXP,20161216,1.095,1.12,1.095,1.12,3519
AYF,20161216,5.99,6.05,5.99,6.05,3613
AYR,20161216,0.007,0.007,0.007,0.007,871500
AYS,20161216,1.915,1.945,1.9,1.905,1963734
AZJ,20161216,4.83,4.9,4.8,4.9,10842841
AZM,20161216,0.031,0.031,0.029,0.029,796989
AZV,20161216,0.075,0.084,0.075,0.084,1052042
AZY,20161216,0.025,0.025,0.024,0.024,3898994
BAF,20161216,1.145,1.145,1.135,1.135,121128
BAP,20161216,5.43,5.48,5.41,5.47,913207
BAR,20161216,0.049,0.052,0.049,0.05,990411
BAU,20161216,0.064,0.064,0.064,0.064,35000
BBG,20161216,1.255,1.255,1.2,1.25,38321
BBN,20161216,2.25,2.31,2.22,2.31,1437121
BBOZ,20161216,19.91,20.07,19.84,20.01,27791
BBUS,20161216,8.43,8.44,8.43,8.43,8788
BCI,20161216,0.19,0.2,0.19,0.19,1565678
BCN,20161216,0.003,0.003,0.003,0.003,3760000
BD1,20161216,0.035,0.035,0.034,0.034,2305620
BDI,20161216,0.001,0.001,0.001,0.001,1000000
BDR,20161216,0.29,0.295,0.255,0.255,41233822
BEAR,20161216,15.71,15.8,15.7,15.79,19091
BEE,20161216,0.355,0.355,0.315,0.315,115168
BEN,20161216,12.2,12.4,12.2,12.25,2710968
BFC,20161216,0.34,0.342,0.335,0.34,111484
BFG,20161216,0.71,0.73,0.71,0.73,53838
BGA,20161216,4.49,4.51,4.36,4.37,540423
BGH,20161216,0.025,0.025,0.025,0.025,340000
BGS,20161216,0.34,0.34,0.335,0.335,317093
BHL,20161216,0.2,0.2,0.2,0.2,16208
BHP,20161216,25.02,25.38,24.75,25,16222607
BID,20161216,0.065,0.065,0.065,0.065,29800
BIG,20161216,0.19,0.195,0.18,0.195,380140
BIT,20161216,0.038,0.04,0.037,0.04,372678
BKI,20161216,1.615,1.615,1.61,1.615,70065
BKL,20161216,106.2,107.33,104.8,104.8,80645
BKN,20161216,3.19,3.2,3.18,3.19,454038
BKP,20161216,0.001,0.001,0.001,0.001,1153671
BKT,20161216,0.135,0.135,0.13,0.135,147342
BKW,20161216,12.77,12.9,12.66,12.8,289582
BKY,20161216,0.79,0.79,0.78,0.785,134098
BLA,20161216,7.45,7.7,7.4,7.7,211909
BLD,20161216,5.23,5.28,5.22,5.27,11045562
BLG,20161216,0.29,0.3,0.285,0.285,664620
BLK,20161216,0.485,0.485,0.455,0.46,1627571
BLT,20161216,0.095,0.095,0.092,0.092,90925
BLX,20161216,1.55,1.585,1.515,1.56,8459
BLY,20161216,0.14,0.14,0.135,0.135,587202
BLZ,20161216,0.037,0.037,0.036,0.036,247652
BMN,20161216,0.03,0.033,0.03,0.03,2579258
BMP,20161216,0.37,0.37,0.37,0.37,5873
BMT,20161216,0.18,0.18,0.17,0.17,12554
BMZ,20161216,0.07,0.07,0.07,0.07,150000
BNO,20161216,0.34,0.35,0.32,0.325,515771
BOC,20161216,0.15,0.155,0.15,0.15,34230
BOE,20161216,0.053,0.053,0.05,0.05,1787601
BOL,20161216,0.105,0.11,0.105,0.11,230293
BOND,20161216,25.58,25.58,25.58,25.58,545
BOQ,20161216,11.54,11.57,11.47,11.5,2067831
BOT,20161216,0.043,0.044,0.041,0.041,1070655
BPF,20161216,0.25,0.255,0.25,0.25,46817
BPH,20161216,0.005,0.005,0.005,0.005,191054
BPL,20161216,0.036,0.036,0.035,0.035,37110
BPS,20161216,0.95,0.97,0.95,0.97,59322
BPT,20161216,0.845,0.85,0.81,0.815,8008164
BRB,20161216,0.315,0.315,0.3,0.3,817885
BRG,20161216,8.38,8.67,8.36,8.61,331230
BRK,20161216,0.012,0.012,0.011,0.011,413000
BRL,20161216,0.06,0.061,0.053,0.054,3694494
BRN,20161216,0.265,0.27,0.24,0.245,4534320
BRU,20161216,0.195,0.195,0.195,0.195,68550
BSA,20161216,0.35,0.35,0.345,0.345,7380
BSE,20161216,0.205,0.205,0.205,0.205,1195
BSL,20161216,9.23,9.29,9.1,9.15,1857203
BSR,20161216,0.032,0.034,0.032,0.032,1753975
BTC,20161216,0.13,0.14,0.11,0.14,125000
BTI,20161216,1.04,1.06,1.04,1.06,28957
BTT,20161216,11.2,11.31,11.13,11.23,1233764
BUD,20161216,0.079,0.08,0.073,0.076,1637366
BUG,20161216,0.34,0.34,0.33,0.33,74204
BUL,20161216,0.037,0.038,0.037,0.038,70000
BUY,20161216,0.008,0.008,0.008,0.008,1400000
BVS,20161216,1.4,1.42,1.385,1.42,118396
BWF,20161216,0.675,0.675,0.675,0.675,7000
BWP,20161216,2.9,2.92,2.88,2.91,1798347
BWR,20161216,1.28,1.28,1.235,1.235,53938
BWX,20161216,4.02,4.14,3.85,3.88,375837
BXB,20161216,11.99,12.07,11.88,12.02,3513048
BYI,20161216,1.1,1.1,1.1,1.1,100
BYR,20161216,0.042,0.042,0.038,0.038,3712931
CAA,20161216,0.16,0.16,0.16,0.16,70111
CAB,20161216,3.8,3.99,3.74,3.99,342743
CAD,20161216,0.002,0.002,0.002,0.002,4095871
CAE,20161216,0.013,0.013,0.013,0.013,60000
CAF,20161216,0.7,0.7,0.66,0.66,1015574
CAJ,20161216,0.11,0.115,0.11,0.11,945506
CAM,20161216,0.88,0.88,0.86,0.87,86573
CAP,20161216,0.053,0.055,0.053,0.055,64000
CAR,20161216,10.85,10.95,10.71,10.94,1116006
CAS,20161216,0.095,0.096,0.091,0.093,546126
CAT,20161216,2.67,2.73,2.62,2.67,127373
CAV,20161216,0.007,0.007,0.006,0.006,2942434
CAY,20161216,0.1,0.105,0.09,0.1,1268671
CAZ,20161216,0.06,0.06,0.06,0.06,226591
CBA,20161216,80.94,81.23,80.23,81.06,4286670
CBL,20161216,3.49,3.59,3.48,3.48,10292
CCA,20161216,0.52,0.525,0.51,0.525,78370
CCL,20161216,9.75,9.88,9.7,9.79,3007279
CCP,20161216,18,18,17.67,17.69,117572
CCV,20161216,0.335,0.34,0.335,0.335,169833
CDA,20161216,2.06,2.09,2.04,2.07,654012
CDC,20161216,0.14,0.14,0.12,0.135,242000
CDD,20161216,0.905,0.955,0.905,0.945,470326
CDM,20161216,1.21,1.22,1.2,1.21,333810
CDP,20161216,7.5,7.51,7.4,7.5,5770
CDT,20161216,0.015,0.015,0.015,0.015,300000
CDU,20161216,0.475,0.475,0.45,0.45,68909
CDV,20161216,0.21,0.225,0.2,0.225,1033055
CDY,20161216,0.026,0.026,0.026,0.026,240000
CEN,20161216,4.52,4.52,4.52,4.52,210184
CETF,20161216,51.51,51.51,51.51,51.51,0
CFE,20161216,0.013,0.014,0.013,0.014,1010579
CFO,20161216,0.51,0.54,0.51,0.515,148618
CGA,20161216,1.46,1.46,1.46,1.46,15766
CGC,20161216,3.35,3.42,3.31,3.37,521514
CGF,20161216,10.98,11.13,10.97,11.13,3351317
CGL,20161216,4.98,5,4.98,5,5000
CGN,20161216,0.041,0.041,0.041,0.041,200000
CHC,20161216,4.65,4.7,4.57,4.59,3010458
CHK,20161216,0.011,0.011,0.01,0.01,1756219
CHP,20161216,0.003,0.003,0.003,0.003,2166000
CIA,20161216,0.5,0.5,0.475,0.495,191349
CIE,20161216,0.95,0.965,0.95,0.96,107071
CII,20161216,1.94,1.94,1.94,1.94,654
CIM,20161216,32.97,33.8,32.97,33.67,480195
CIN,20161216,31.84,32.03,31.84,32.03,2624
CJC,20161216,0.006,0.006,0.005,0.005,295625
CKA,20161216,0.031,0.032,0.031,0.032,325000
CKF,20161216,6.52,6.59,6.44,6.5,317953
CL1,20161216,2.82,2.9,2.8,2.86,71340
CL8,20161216,0.02,0.02,0.019,0.019,878000
CLH,20161216,1.425,1.445,1.425,1.43,86487
CLQ,20161216,0.55,0.55,0.505,0.515,1063332
CLT,20161216,0.26,0.26,0.25,0.25,16867
CLV,20161216,0.55,0.56,0.55,0.55,66220
CLW,20161216,3.93,4.06,3.89,4.06,1322334
CLX,20161216,0.81,0.81,0.81,0.81,5646
CLY,20161216,0.004,0.004,0.004,0.004,260000
CM8,20161216,0.09,0.09,0.086,0.086,55619
CMA,20161216,2.14,2.14,2.13,2.14,42239
CMC,20161216,0.03,0.034,0.03,0.034,128301
CMM,20161216,0.092,0.094,0.09,0.092,685463
CMP,20161216,0.755,0.77,0.75,0.75,38630
CMW,20161216,0.96,0.965,0.945,0.95,5351901
CMY,20161216,0.001,0.001,0.001,0.001,21161111
CNI,20161216,0.995,1.01,0.99,1.01,582188
CNJ,20161216,0.036,0.036,0.036,0.036,79850
CNU,20161216,3.76,3.76,3.68,3.72,561769
CNW,20161216,0.023,0.023,0.022,0.023,328567
COE,20161216,0.36,0.365,0.355,0.36,153625
COH,20161216,116.99,116.99,115.44,116.03,219100
COI,20161216,0.077,0.077,0.076,0.076,55000
COM,20161216,0.012,0.015,0.012,0.015,629480
CPH,20161216,0.23,0.235,0.225,0.23,168784
CPU,20161216,12.25,12.455,12.25,12.31,2444808
CQR,20161216,4.19,4.23,4.17,4.17,2708410
CR8,20161216,0.082,0.083,0.074,0.076,13946088
CRB,20161216,0.1,0.1,0.095,0.1,268006
CSL,20161216,97.72,97.72,96.09,96.93,1081458
CSR,20161216,4.39,4.41,4.3,4.38,3542336
CSS,20161216,0.032,0.034,0.032,0.034,1703741
CSV,20161216,0.71,0.73,0.7,0.72,929356
CTD,20161216,16.9,17.26,16.9,17.16,569123
CTL,20161216,0.021,0.023,0.021,0.023,578734
CTM,20161216,0.007,0.007,0.006,0.006,7159712
CTN,20161216,1.105,1.11,1.095,1.095,127027
CTO,20161216,0.011,0.011,0.011,0.011,610863
CTP,20161216,0.175,0.18,0.175,0.18,1426698
CTX,20161216,30.8,30.8,29.295,29.55,1879020
CUE,20161216,0.09,0.09,0.09,0.09,130000
CUP,20161216,0.8,0.805,0.765,0.795,436064
CUV,20161216,7.35,7.8,7.35,7.4,19414
CVO,20161216,1.905,1.92,1.9,1.92,5041498
CVT,20161216,0.084,0.084,0.083,0.083,126994
CVW,20161216,1.32,1.335,1.3,1.3,38295
CWN,20161216,11.33,11.83,11.08,11.49,8389152
CWP,20161216,4.96,5.05,4.92,5.05,70060
CWY,20161216,1.165,1.165,1.135,1.14,2040265
CXO,20161216,0.068,0.07,0.066,0.067,3302055
CXX,20161216,0.27,0.27,0.26,0.26,77688
CXZ,20161216,0.085,0.085,0.082,0.082,31400
CYA,20161216,0.91,0.91,0.91,0.91,45000
CYB,20161216,4.67,4.7,4.63,4.64,2240310
CYC,20161216,0.91,0.91,0.91,0.91,2800
CYL,20161216,0.5,0.5,0.5,0.5,100
CYP,20161216,0.7,0.72,0.68,0.71,285594
CYQ,20161216,0.04,0.041,0.039,0.039,1627500
CYU,20161216,0.008,0.008,0.007,0.007,10000
CYY,20161216,0.016,0.017,0.016,0.017,400000
CZI,20161216,0.047,0.047,0.047,0.047,40000
CZL,20161216,0.03,0.03,0.03,0.03,23400
CZN,20161216,0.017,0.017,0.015,0.017,11288778
CZR,20161216,0.01,0.01,0.01,0.01,88666
CZZ,20161216,16.19,16.38,16.05,16.15,8269
D2O,20161216,1.05,1.05,1.02,1.02,30000
DCC,20161216,0.048,0.048,0.048,0.048,154131
DCG,20161216,1.04,1.05,1.025,1.03,459951
DCL,20161216,0.24,0.24,0.24,0.24,4446
DCN,20161216,1.935,1.935,1.825,1.855,313569
DDR,20161216,2.27,2.3,2.23,2.26,50471
DDT,20161216,0.012,0.012,0.011,0.011,318635
DEG,20161216,0.039,0.039,0.036,0.037,1165461
DFM,20161216,0.855,0.87,0.855,0.87,15785
DGH,20161216,0.8,0.8,0.8,0.8,65000
DGR,20161216,0.087,0.087,0.087,0.087,114604
DHR,20161216,0.009,0.009,0.009,0.009,4555859
DIG,20161216,0.41,0.41,0.41,0.41,2000
DJRE,20161216,20.59,20.61,20.45,20.45,7712
DJW,20161216,3.65,3.76,3.65,3.72,149601
DKM,20161216,0.165,0.165,0.165,0.165,20000
DKO,20161216,0.064,0.064,0.06,0.062,1622469
DLC,20161216,0.004,0.004,0.004,0.004,20350
DLX,20161216,6.28,6.28,6.07,6.11,2251687
DMC,20161216,0.085,0.085,0.085,0.085,95000
DMP,20161216,63.52,63.9,61.7,62.71,531160
DN8,20161216,0.2,0.2,0.195,0.2,36000
DNA,20161216,0.385,0.395,0.365,0.365,1976862
DNK,20161216,0.42,0.46,0.42,0.45,115636
DOW,20161216,6.06,6.1,6,6.04,4698398
DRA,20161216,0.24,0.24,0.21,0.22,584819
DRG,20161216,0.026,0.026,0.026,0.026,5026
DRM,20161216,0.475,0.475,0.455,0.455,1383961
DRO,20161216,0.24,0.24,0.24,0.24,19500
DRX,20161216,0.011,0.011,0.011,0.011,122526
DSB,20161216,0.28,0.28,0.24,0.24,34725
DTI,20161216,0.41,0.41,0.4,0.4,190388
DTL,20161216,1.515,1.53,1.495,1.51,129303
DTX,20161216,0.32,0.32,0.29,0.3,61685
DUB,20161216,0.42,0.43,0.4,0.405,416907
DUE,20161216,2.79,2.8,2.78,2.8,11240069
DUI,20161216,3.4,3.45,3.4,3.4,57746
DVL,20161216,0.49,0.49,0.48,0.48,49383
DVN,20161216,0.445,0.445,0.44,0.44,25698
DWS,20161216,1.3,1.3,1.26,1.27,134671
DXB,20161216,0.007,0.007,0.007,0.007,4625911
DXF,20161216,0.46,0.46,0.46,0.46,5237
DXS,20161216,9.2,9.33,9.13,9.16,5832843
DYE,20161216,0.23,0.23,0.23,0.23,118146
DYL,20161216,0.017,0.017,0.017,0.017,9132094
EAI,20161216,0.845,0.845,0.84,0.845,102000
EAL,20161216,0.065,0.065,0.065,0.065,11203
EAR,20161216,0.18,0.18,0.165,0.17,92566
EAS,20161216,1.6,1.6,1.6,1.6,27574
EAX,20161216,1.1,1.1,1.1,1.1,147
EBO,20161216,15.91,15.91,15.91,15.91,38
ECG,20161216,0.22,0.23,0.22,0.23,30000
ECX,20161216,3.78,3.83,3.74,3.74,423828
EDE,20161216,0.22,0.22,0.215,0.215,1621816
EEG,20161216,0.011,0.011,0.01,0.011,2351309
EEU,20161216,13.8,13.8,13.8,13.8,1763
EGA,20161216,0.22,0.25,0.22,0.25,174963
EGG,20161216,0.84,0.84,0.84,0.84,5328
EGH,20161216,0.74,0.74,0.73,0.73,9821
EGI,20161216,0.98,0.99,0.98,0.99,44706
EGL,20161216,0.03,0.03,0.03,0.03,56593
EGO,20161216,0.34,0.34,0.33,0.33,16376
EGS,20161216,0.19,0.19,0.185,0.19,332825
EGY,20161216,0.009,0.009,0.009,0.009,21184
EHE,20161216,2.39,2.55,2.37,2.55,2812386
EHL,20161216,0.055,0.075,0.055,0.07,1702576
ELD,20161216,3.97,4.06,3.94,3.98,429831
ELK,20161216,0.064,0.064,0.064,0.064,4110
ELX,20161216,1.3,1.33,1.24,1.255,295919
EMC,20161216,0.795,0.795,0.76,0.785,523837
EMF,20161216,1.79,1.79,1.79,1.79,5485
EMH,20161216,0.575,0.585,0.57,0.57,55469
EML,20161216,1.77,1.795,1.725,1.795,158419
EMR,20161216,0.04,0.042,0.04,0.042,360638
EMU,20161216,0.08,0.08,0.08,0.08,140000
EMX,20161216,0.04,0.042,0.037,0.037,1050000
ENB,20161216,0.007,0.007,0.007,0.007,80911
ENN,20161216,2.2,2.23,2.17,2.23,50703
ENR,20161216,0.073,0.073,0.072,0.072,161428
EOS,20161216,1.63,1.69,1.6,1.68,54700
EPD,20161216,0.51,0.515,0.51,0.515,86471
EPT,20161216,0.03,0.03,0.026,0.028,5384132
EPW,20161216,1.23,1.25,1.21,1.24,378900
EQT,20161216,17.35,17.36,17.33,17.36,25963
EQU,20161216,0.05,0.05,0.045,0.045,3807824
ERA,20161216,0.4,0.417,0.4,0.4,52707
ERF,20161216,1.3,1.31,1.3,1.3,302944
ERL,20161216,0.027,0.027,0.026,0.027,265661
ERM,20161216,0.12,0.12,0.11,0.115,1825519
ESH,20161216,0.026,0.026,0.025,0.025,2026703
ESI,20161216,0.018,0.018,0.017,0.018,4433149
ESR,20161216,0.059,0.062,0.056,0.062,557894
ETE,20161216,0.007,0.009,0.007,0.009,2501865
ETF,20161216,19.14,19.14,19.14,19.14,1606
ETPMAG,20161216,20.92,20.93,20.84,20.9,5201
ETPMPD,20161216,94.91,94.91,94.91,94.91,0
ETPMPM,20161216,117.35,117.35,117.35,117.35,0
ETPMPT,20161216,118.42,118.42,118.34,118.34,880
EUM,20161216,0.072,0.072,0.067,0.07,650000
EUR,20161216,0.064,0.064,0.058,0.06,442718
EVN,20161216,1.71,1.735,1.61,1.61,16193464
EVO,20161216,0.95,0.95,0.95,0.95,1000
EVS,20161216,0.066,0.066,0.065,0.065,320000
EVT,20161216,13.83,14.24,13.83,13.92,19509
EVZ,20161216,0.013,0.013,0.013,0.013,266720
EWC,20161216,0.255,0.26,0.25,0.25,92823
EXC,20161216,0.046,0.046,0.04,0.04,1375124
EXG,20161216,0.024,0.024,0.024,0.024,188236
EXO,20161216,0.004,0.004,0.004,0.004,125000
EXR,20161216,0.028,0.029,0.028,0.029,430729
EXU,20161216,0.059,0.06,0.053,0.053,267011
EYM,20161216,0.011,0.012,0.011,0.011,3376546
EZL,20161216,1,1.02,1,1,1219181
FAR,20161216,0.07,0.07,0.069,0.07,2705655
FBR,20161216,0.11,0.11,0.105,0.105,4538919
FBU,20161216,9.92,10.07,9.86,9.95,1156157
FCT,20161216,0.45,0.455,0.44,0.44,916374
FDM,20161216,0.083,0.083,0.081,0.082,406500
FDV,20161216,0.46,0.46,0.46,0.46,112440
FEL,20161216,0.034,0.034,0.03,0.033,330000
FET,20161216,2.43,2.51,2.42,2.48,478959
FFI,20161216,3.5,3.6,3.5,3.6,5501
FFT,20161216,0.2,0.21,0.2,0.21,109000
FGG,20161216,1.06,1.06,1.06,1.06,7736
FGR,20161216,0.11,0.11,0.1,0.11,523514
FGX,20161216,1.16,1.165,1.16,1.16,181338
FID,20161216,3.7,3.7,3.65,3.65,7500
FIG,20161216,0.45,0.5,0.45,0.5,4040858
FLK,20161216,0.97,0.97,0.96,0.96,47160
FLN,20161216,1.09,1.09,1.055,1.065,32312
FLT,20161216,30.44,31.18,30.27,30.92,391327
FMG,20161216,6.4,6.48,6.23,6.3,24890498
FMS,20161216,0.024,0.024,0.023,0.023,299621
FND,20161216,0.145,0.145,0.14,0.14,349437
FNP,20161216,4.4,4.46,4.33,4.46,140226
FOD,20161216,0.08,0.09,0.08,0.086,75000
FOR,20161216,1.81,1.83,1.71,1.71,55900
FPH,20161216,8,8.01,7.84,7.87,328293
FRI,20161216,0.905,0.915,0.905,0.915,10507
FRM,20161216,1.5,1.52,1.5,1.5,1077095
FRN,20161216,0.02,0.02,0.019,0.019,1500000
FSA,20161216,1.3,1.3,1.295,1.295,2962
FSF,20161216,5.66,5.75,5.66,5.71,33913
FSI,20161216,1.54,1.6,1.535,1.6,16297
FTT,20161216,0.067,0.067,0.067,0.067,116000
FWD,20161216,1.95,1.97,1.945,1.97,95415
FXJ,20161216,0.86,0.867,0.827,0.84,9431708
FXL,20161216,2.42,2.44,2.33,2.33,1600681
FZO,20161216,0.2,0.2,0.195,0.195,83274
GAP,20161216,0.38,0.39,0.38,0.38,187302
GBE,20161216,0.018,0.018,0.018,0.018,480000
GBG,20161216,0.029,0.03,0.029,0.03,55728
GBP,20161216,0.024,0.024,0.024,0.024,172834
GBR,20161216,0.13,0.13,0.13,0.13,25000
GBT,20161216,3.8,3.88,3.73,3.88,170925
GBX,20161216,0.004,0.004,0.004,0.004,1800000
GC1,20161216,0.94,0.98,0.94,0.98,59719
GCY,20161216,0.38,0.385,0.36,0.36,310154
GDF,20161216,1.06,1.06,1.035,1.035,47136
GDI,20161216,0.985,0.995,0.985,0.985,327774
GDX,20161216,26.53,26.53,25.74,25.74,11949
GEAR,20161216,20.2,20.22,19.97,19.98,17584
GEG,20161216,1.1,1.1,1.09,1.1,241627
GEM,20161216,3.5,3.55,3.44,3.52,2416095
GER,20161216,0.053,0.053,0.053,0.053,43144
GFI,20161216,0.31,0.33,0.31,0.33,80007
GFY,20161216,1.04,1.04,1.02,1.02,33218
GGE,20161216,0.007,0.007,0.006,0.006,939000
GGG,20161216,0.073,0.077,0.073,0.074,1172065
GGUS,20161216,11.23,11.23,11.23,11.23,0
GGX,20161216,0.003,0.003,0.003,0.003,70000
GHC,20161216,1.7,1.75,1.69,1.72,158934
GID,20161216,0.025,0.025,0.025,0.025,122557
GLH,20161216,0.45,0.45,0.45,0.45,30000
GMA,20161216,3.12,3.15,3.09,3.13,1011815
GMD,20161216,0.022,0.022,0.022,0.022,605419
GME,20161216,0.027,0.027,0.027,0.027,64516
GMG,20161216,6.88,6.95,6.84,6.95,9804701
GMN,20161216,0.15,0.15,0.145,0.15,98125
GMR,20161216,0.007,0.008,0.007,0.008,895000
GMY,20161216,0.99,0.99,0.99,0.99,4803
GNC,20161216,9.14,9.35,9.11,9.25,4521666
GNE,20161216,1.94,1.96,1.89,1.905,29231
GNG,20161216,1.445,1.445,1.315,1.37,173655
GNX,20161216,0.225,0.23,0.22,0.23,1117944
GOLD,20161216,145.73,146.2,145.48,145.84,4811
GOO,20161216,0.18,0.2,0.18,0.2,64528
GOR,20161216,0.595,0.595,0.535,0.56,2759449
GOVT,20161216,25.41,25.42,25.41,25.42,8509
GOW,20161216,3.5,3.5,3.5,3.5,5310
GOZ,20161216,3.23,3.23,3.17,3.19,1221827
GPP,20161216,0.025,0.028,0.025,0.026,48043658
GPR,20161216,0.032,0.032,0.032,0.032,1315942
GPT,20161216,4.88,4.89,4.835,4.84,10079798
GPX,20161216,0.32,0.325,0.315,0.32,84541
GRA,20161216,0.52,0.52,0.52,0.52,19400
GRB,20161216,0.043,0.045,0.043,0.044,1836208
GRR,20161216,0.14,0.155,0.14,0.15,1934372
GSC,20161216,0.067,0.067,0.062,0.064,2991379
GSS,20161216,0.45,0.45,0.42,0.45,50436
GSW,20161216,0.32,0.36,0.32,0.34,721085
GTE,20161216,0.013,0.013,0.013,0.013,158500
GTG,20161216,0.01,0.01,0.01,0.01,6376066
GTK,20161216,3.27,3.28,3.25,3.25,17776
GTN,20161216,2.75,2.85,2.68,2.8,86700
GTY,20161216,2.13,2.16,2.115,2.13,1570482
GUD,20161216,10,10.04,9.83,9.93,419030
GVF,20161216,1.13,1.14,1.125,1.14,81497
GWA,20161216,2.9,2.95,2.84,2.84,1835172
GWR,20161216,0.043,0.043,0.043,0.043,11290
GXL,20161216,6.83,6.86,6.8,6.86,541696
GXY,20161216,0.5,0.515,0.495,0.515,15153496
HAR,20161216,0.003,0.003,0.003,0.003,2542
HAS,20161216,0.071,0.071,0.071,0.071,722000
HAV,20161216,0.62,0.62,0.6,0.6,15500
HCH,20161216,0.036,0.036,0.035,0.035,706899
HCT,20161216,0.12,0.12,0.12,0.12,10000
HEG,20161216,0.002,0.002,0.001,0.001,4000500
HFA,20161216,2.31,2.43,2.3,2.43,67360
HFR,20161216,1.25,1.315,1.25,1.26,520625
HGG,20161216,3.89,3.98,3.87,3.87,2760892
HGO,20161216,0.04,0.04,0.037,0.039,188873
HHL,20161216,3.4,3.4,3.36,3.37,6788
HHV,20161216,1.285,1.305,1.28,1.3,207350
HHY,20161216,0.12,0.12,0.12,0.12,83564
HIG,20161216,0.057,0.057,0.056,0.056,11869
HIL,20161216,0.47,0.47,0.46,0.465,30687
HIT,20161216,0.55,0.55,0.55,0.55,10000
HLO,20161216,3.94,3.94,3.85,3.87,4363
HLX,20161216,0.042,0.042,0.042,0.042,245112
HML,20161216,1.425,1.43,1.4,1.4,31704
HMO,20161216,0.2,0.2,0.195,0.195,185970
HMX,20161216,0.04,0.04,0.038,0.038,735290
HNG,20161216,0.54,0.54,0.52,0.52,25772
HNR,20161216,0.017,0.017,0.017,0.017,116588
HOG,20161216,0.005,0.005,0.005,0.005,13739600
HOM,20161216,0.395,0.395,0.38,0.38,68163
HOT,20161216,0.205,0.205,0.205,0.205,50000
HPI,20161216,2.75,2.76,2.71,2.72,451409
HRL,20161216,0.135,0.145,0.135,0.145,55637
HRR,20161216,0.125,0.13,0.12,0.12,582535
HSN,20161216,3.79,3.84,3.73,3.79,498545
HSO,20161216,2.3,2.3,2.26,2.29,13055929
HT8,20161216,0.12,0.12,0.12,0.12,7702
HUB,20161216,5.14,5.15,5.1,5.15,15377
HUO,20161216,3.73,3.73,3.73,3.73,534007
HVN,20161216,4.9,4.99,4.86,4.97,5403251
HVST,20161216,20.31,20.31,20.25,20.26,16355
HXG,20161216,0.26,0.28,0.26,0.28,684467
HZN,20161216,0.043,0.046,0.043,0.046,2353536
HZR,20161216,0.56,0.58,0.555,0.56,92689
IAA,20161216,64.05,64.99,64.05,64.52,3300
IAB,20161216,1.25,1.25,1.25,1.25,90
IAF,20161216,105,105,104.55,104.9,10583
IAG,20161216,5.83,5.875,5.81,5.83,9438468
IAM,20161216,0.083,0.083,0.074,0.078,34967032
IAU,20161216,1.2,1.2,1.2,1.2,1688
IBC,20161216,0.475,0.475,0.475,0.475,6913
IBG,20161216,0.11,0.11,0.11,0.11,950371
IBK,20161216,43.82,43.82,43.82,43.82,74
IBN,20161216,0.012,0.012,0.012,0.012,81000
ICG,20161216,0.015,0.016,0.015,0.015,14004868
ICN,20161216,0.03,0.03,0.03,0.03,250000
ICQ,20161216,0.26,0.265,0.252,0.265,210250
ICS,20161216,1.32,1.32,1.32,1.32,24988
ICT,20161216,0.03,0.03,0.03,0.03,238600
IDA,20161216,0.082,0.082,0.08,0.08,184015
IDO,20161216,0.011,0.011,0.011,0.011,125100
IDR,20161216,2.08,2.1,2.07,2.1,317143
IDT,20161216,0.185,0.185,0.185,0.185,50000
IDX,20161216,1.21,1.35,1.21,1.23,107804
IDZ,20161216,0.42,0.42,0.41,0.415,91345
IEL,20161216,3.98,3.98,3.8,3.86,1210373
IEM,20161216,48,48.93,46.55,48.13,12728
IEU,20161216,51.9,52.55,51.9,52.39,6206
IFL,20161216,8.94,9.02,8.93,8.97,521189
IFM,20161216,0.75,0.76,0.73,0.75,264903
IFN,20161216,0.84,0.86,0.83,0.86,3296505
IFT,20161216,2.7,2.7,2.7,2.7,1800
IGB,20161216,102.23,102.23,102.23,102.23,51
IGL,20161216,2.11,2.12,2.04,2.11,46455
IGO,20161216,4.14,4.175,4.01,4.01,45875771
IHCB,20161216,105.14,105.14,105.14,105.14,34
IHD,20161216,13.61,13.64,13.58,13.58,9882
IHEB,20161216,103.44,103.44,103.44,103.44,0
IHHY,20161216,107.6,107.6,106.5,106.5,511
IHK,20161216,27.41,27.41,27.41,27.41,46
IHL,20161216,0.075,0.079,0.075,0.079,32000
IHOO,20161216,105.1,105.8,105.1,105.8,1685
IHS,20161216,0.035,0.035,0.035,0.035,300714
IHVV,20161216,289,289.31,287.44,287.49,4401
IIL,20161216,0.81,0.84,0.81,0.84,66261
IJH,20161216,228.15,228.15,226.8,227.45,334
IJP,20161216,67.8,68.82,67.8,67.96,3692
IJR,20161216,190,190.33,190,190,3862
IKO,20161216,74.58,74.58,74.02,74.02,186
ILB,20161216,112.45,112.73,112.04,112.1,2812
ILC,20161216,23.1,23.15,22.99,22.99,58021
ILU,20161216,6.77,6.97,6.77,6.86,2445721
IMA,20161216,0.046,0.046,0.046,0.046,8400
IMC,20161216,0.285,0.285,0.285,0.285,36731
IMD,20161216,0.565,0.58,0.562,0.57,88023
IMF,20161216,1.76,1.79,1.76,1.77,251836
IMU,20161216,0.015,0.016,0.015,0.015,8366064
INA,20161216,2.7,2.72,2.7,2.7,356543
ING,20161216,3.09,3.1,3.05,3.08,571629
INK,20161216,0.074,0.074,0.073,0.073,170200
INL,20161216,0.014,0.015,0.014,0.015,1193458
INM,20161216,43.06,43.35,42.62,43,2122177
IOD,20161216,0.018,0.018,0.018,0.018,700000
IOF,20161216,4.62,4.7,4.54,4.56,2924095
IOO,20161216,104.7,105.95,104.68,105.87,12470
IOT,20161216,0.037,0.038,0.035,0.035,8896476
IOZ,20161216,22.83,22.9,22.75,22.81,19495
IPD,20161216,0.975,0.995,0.96,0.98,911721
IPH,20161216,4.9,4.99,4.87,4.99,1137634
IPL,20161216,3.45,3.58,3.4,3.58,12312918
IPT,20161216,0.025,0.025,0.025,0.025,206209
IQE,20161216,0.029,0.033,0.029,0.033,226750
IRC,20161216,0.1,0.1,0.096,0.096,253800
IRD,20161216,0.155,0.16,0.155,0.16,37699
IRE,20161216,11.32,11.54,11.23,11.51,933636
IRI,20161216,2.65,2.72,2.65,2.69,54673
IRU,20161216,190,199.5,185.6,185.64,547
ISD,20161216,2.75,2.75,2.69,2.75,910819
ISG,20161216,28.86,28.86,28.86,28.86,82
ISO,20161216,4.15,4.19,4.15,4.19,13097
ISU,20161216,1.96,1.96,1.88,1.915,121480
ISX,20161216,0.165,0.175,0.165,0.175,1060000
ITD,20161216,0.25,0.26,0.24,0.26,66617
ITW,20161216,42.3,42.3,42.125,42.28,370
IVC,20161216,13.05,13.2,12.96,13.15,189514
IVE,20161216,77.61,79.67,77.61,78.8,11540
IVO,20161216,0.015,0.015,0.015,0.015,96097
IVR,20161216,0.025,0.026,0.024,0.026,1274800
IVV,20161216,309.68,310.47,309.68,310.2,10180
IVX,20161216,0.002,0.002,0.002,0.002,25000
IXI,20161216,126,126.5,126,126.22,223
IXJ,20161216,129.5,130.4,129.01,129.01,3319
IXP,20161216,80.07,80.07,80.06,80.06,308
IZZ,20161216,48.9,49.19,48.66,48.66,971
JAL,20161216,0.09,0.09,0.089,0.089,96600
JBH,20161216,26.67,27.45,26.67,27.45,608624
JCS,20161216,0.014,0.014,0.013,0.014,644144
JHC,20161216,2.32,2.35,2.3,2.31,1149881
JHL,20161216,0.045,0.045,0.045,0.045,67788
JHX,20161216,21.05,21.18,20.78,21.17,1615593
JIN,20161216,1.7,1.7,1.63,1.7,14625
JKA,20161216,0.004,0.004,0.004,0.004,100000
JKL,20161216,0.22,0.22,0.22,0.22,25000
JRL,20161216,0.25,0.25,0.25,0.25,2500
K2P,20161216,0.145,0.145,0.14,0.14,103979
KAI,20161216,0.036,0.036,0.032,0.032,4229675
KAM,20161216,0.39,0.39,0.39,0.39,84000
KAR,20161216,1.78,1.95,1.78,1.815,1519701
KCN,20161216,0.245,0.245,0.225,0.225,879294
KDL,20161216,0.01,0.01,0.004,0.006,2222754
KDR,20161216,0.615,0.63,0.585,0.585,3788743
KEY,20161216,0.006,0.006,0.005,0.005,1023939
KGD,20161216,0.02,0.02,0.02,0.02,85733
KGL,20161216,0.27,0.27,0.26,0.26,167501
KGN,20161216,1.36,1.387,1.35,1.35,17603
KII,20161216,2.3,2.3,2.3,2.3,1200
KIN,20161216,0.2,0.2,0.19,0.19,63223
KIS,20161216,0.047,0.047,0.047,0.047,29458
KKT,20161216,0.665,0.675,0.665,0.665,27748
KMD,20161216,1.84,1.91,1.84,1.91,175391
KNL,20161216,0.18,0.18,0.18,0.18,221927
KNO,20161216,0.15,0.15,0.145,0.15,137719
KOR,20161216,0.019,0.019,0.019,0.019,264339
KOV,20161216,2.15,2.15,2.15,2.15,3500
KPL,20161216,0.085,0.09,0.085,0.09,21451
KPO,20161216,0.095,0.096,0.093,0.093,465558
KPT,20161216,24.5,24.5,24,24,121
KRC,20161216,0.009,0.009,0.009,0.009,100000
KSC,20161216,1.55,1.55,1.5,1.525,17833
KSL,20161216,1.07,1.09,1.06,1.09,66255
KSN,20161216,0.02,0.02,0.02,0.02,1
KTE,20161216,0.02,0.02,0.02,0.02,75000
LAA,20161216,0.21,0.215,0.21,0.215,171784
LAU,20161216,0.385,0.39,0.38,0.38,248330
LBT,20161216,0.325,0.33,0.32,0.32,468255
LCA,20161216,0.66,0.68,0.66,0.68,9301
LCE,20161216,0.31,0.31,0.31,0.31,40000
LCK,20161216,0.14,0.14,0.14,0.14,33520
LCM,20161216,0.375,0.375,0.37,0.37,61664
LCT,20161216,0.09,0.091,0.09,0.09,124999
LCY,20161216,0.006,0.006,0.006,0.006,200000
LEG,20161216,0.011,0.011,0.011,0.011,1650504
LEP,20161216,4.31,4.34,4.25,4.27,213539
LER,20161216,0.145,0.145,0.145,0.145,10000
LEX,20161216,0.17,0.175,0.17,0.175,26000
LGD,20161216,0.22,0.22,0.22,0.22,5440
LHB,20161216,0.12,0.13,0.12,0.13,10000
LHC,20161216,2.35,2.4,2.35,2.38,25798
LHM,20161216,0.04,0.04,0.04,0.04,90000
LIC,20161216,3.52,3.67,3.51,3.51,12174
LIN,20161216,0.015,0.015,0.015,0.015,5705
LIO,20161216,0.08,0.08,0.075,0.075,735000
LIT,20161216,0.14,0.14,0.135,0.135,654349
LKO,20161216,0.002,0.002,0.002,0.002,7485999
LLC,20161216,14,14.12,13.93,14.07,1328773
LLO,20161216,0.83,0.83,0.83,0.83,1911
LMG,20161216,0.025,0.025,0.025,0.025,392308
LML,20161216,0.035,0.035,0.035,0.035,7000
LNG,20161216,0.665,0.68,0.63,0.63,1895996
LNK,20161216,7.19,7.37,7.14,7.36,9181790
LNU,20161216,0.042,0.042,0.042,0.042,26284
LOM,20161216,0.41,0.415,0.405,0.405,616884
LOV,20161216,3.85,3.86,3.66,3.81,627780
LPD,20161216,0.011,0.011,0.01,0.01,2866669
LPE,20161216,0.022,0.022,0.022,0.022,923862
LPI,20161216,0.245,0.275,0.245,0.275,776072
LRS,20161216,0.011,0.012,0.011,0.011,4834289
LSN,20161216,0.055,0.055,0.055,0.055,65000
LSR,20161216,0.008,0.008,0.008,0.008,595000
LSX,20161216,0.39,0.39,0.385,0.385,80000
LTN,20161216,0.115,0.115,0.115,0.115,6400
LTR,20161216,0.017,0.017,0.015,0.015,634234
LVH,20161216,0.32,0.325,0.32,0.325,128503
LVT,20161216,0.115,0.135,0.105,0.115,373128
LYC,20161216,0.068,0.069,0.067,0.069,3824862
LYL,20161216,2.7,2.7,2.7,2.7,15503
M7T,20161216,0.039,0.039,0.037,0.038,601650
MA1,20161216,0.91,0.91,0.9,0.9,71110
MAH,20161216,0.1,0.1,0.098,0.1,251660
MAQ,20161216,11.3,11.59,11.3,11.59,209
MAT,20161216,0.185,0.185,0.185,0.185,30000
MAY,20161216,0.019,0.019,0.019,0.019,825970
MBC,20161216,0.24,0.24,0.23,0.23,16550
MBE,20161216,0.12,0.125,0.12,0.12,937823
MBK,20161216,0.026,0.026,0.025,0.026,1113077
MCE,20161216,0.38,0.395,0.375,0.375,61175
MCP,20161216,1.045,1.045,1.045,1.045,17048
MCR,20161216,0.225,0.24,0.225,0.225,315762
MCY,20161216,2.9,2.9,2.85,2.9,5850
MDC,20161216,0.865,0.875,0.84,0.87,263592
MDI,20161216,0.034,0.034,0.03,0.03,170000
MDL,20161216,0.42,0.42,0.42,0.42,82981
MDR,20161216,0.035,0.036,0.034,0.034,1548817
MEA,20161216,0.89,0.92,0.87,0.87,275159
MEB,20161216,0.42,0.43,0.42,0.43,276276
MED,20161216,0.017,0.018,0.016,0.017,6265136
MEM,20161216,0.003,0.004,0.003,0.004,250000
MEP,20161216,0.072,0.072,0.07,0.07,1179745
MEZ,20161216,2.45,2.45,2.43,2.45,767038
MFD,20161216,1.07,1.07,1.07,1.07,72702
MFF,20161216,1.87,1.875,1.855,1.855,266764
MFG,20161216,23.4,23.94,23.4,23.8,886940
MGC,20161216,0.885,0.9,0.855,0.855,1082332
MGE,20161216,2.64,2.67,2.64,2.66,506131
MGL,20161216,0.046,0.046,0.044,0.044,46748
MGR,20161216,2.09,2.09,2.065,2.09,19348609
MGT,20161216,0.039,0.039,0.039,0.039,116000
MGV,20161216,0.07,0.07,0.066,0.067,736352
MGX,20161216,0.38,0.38,0.37,0.37,779719
MHG,20161216,2.53,2.55,2.53,2.55,15080
MHJ,20161216,1.315,1.315,1.24,1.29,40849
MIG,20161216,0.115,0.115,0.105,0.11,209600
MIN,20161216,12.03,12.4,11.96,12.32,1460221
MIR,20161216,2.86,2.89,2.86,2.88,33392
MJP,20161216,0.29,0.3,0.29,0.29,48440
MKB,20161216,0.004,0.004,0.004,0.004,30000
MLB,20161216,1.94,1.94,1.93,1.935,23031
MLD,20161216,1.53,1.625,1.5,1.625,777027
MLM,20161216,0.044,0.044,0.043,0.043,37236
MLS,20161216,0.004,0.004,0.004,0.004,13331880
MLT,20161216,4.37,4.41,4.37,4.38,60539
MLX,20161216,0.59,0.595,0.55,0.555,3811653
MMI,20161216,0.15,0.155,0.15,0.155,463027
MMJ,20161216,0.2,0.2,0.195,0.195,253556
MML,20161216,0.445,0.445,0.405,0.425,598730
MMS,20161216,10.37,10.49,10.32,10.41,587580
MNB,20161216,0.009,0.009,0.009,0.009,1768615
MNC,20161216,0.002,0.002,0.002,0.002,140000
MND,20161216,10.69,11.07,10.63,11.07,933574
MNE,20161216,0.02,0.02,0.02,0.02,405191
MNF,20161216,4.67,4.73,4.66,4.66,146016
MNS,20161216,0.85,0.87,0.805,0.81,2512596
MNW,20161216,0.062,0.062,0.058,0.058,442531
MNY,20161216,1.5,1.535,1.5,1.53,170208
MOAT,20161216,48.38,48.41,48.38,48.41,495
MOC,20161216,2.3,2.3,2.28,2.3,367850
MOX,20161216,0.013,0.013,0.013,0.013,116856
MOY,20161216,0.195,0.195,0.18,0.185,3734545
MP1,20161216,2.2,2.35,2.2,2.3,17869
MPL,20161216,2.75,2.76,2.7,2.76,5512180
MPP,20161216,1.98,1.98,1.98,1.98,650
MQA,20161216,4.8,4.87,4.73,4.82,3347492
MQG,20161216,87.76,88.22,87.39,87.54,1093147
MRD,20161216,0.012,0.013,0.01,0.012,72276286
MRG,20161216,1.32,1.32,1.14,1.2,7358746
MRM,20161216,0.285,0.29,0.277,0.29,1237338
MRN,20161216,0.87,0.87,0.87,0.87,2000
MRQ,20161216,0.018,0.018,0.016,0.017,9043395
MRV,20161216,0.004,0.004,0.004,0.004,330030
MSB,20161216,1.41,1.445,1.33,1.35,706473
MSG,20161216,0.026,0.026,0.026,0.026,34091
MSM,20161216,0.205,0.21,0.205,0.21,53400
MSP,20161216,0.024,0.025,0.023,0.025,680918
MSV,20161216,0.037,0.037,0.037,0.037,409477
MTA,20161216,0.11,0.11,0.11,0.11,319722
MTB,20161216,0.016,0.016,0.015,0.015,643333
MTH,20161216,0.005,0.005,0.005,0.005,1241205
MTO,20161216,3.82,3.85,3.76,3.8,4839
MTR,20161216,3.1,3.12,3.075,3.09,729987
MTS,20161216,2.23,2.25,2.21,2.21,6113212
MUA,20161216,0.835,0.85,0.82,0.845,37968
MUS,20161216,0.023,0.024,0.023,0.023,774594
MVA,20161216,19.67,19.67,19.66,19.67,1085
MVB,20161216,27.38,27.38,27.19,27.19,10660
MVE,20161216,23.02,23.06,23.02,23.06,406
MVF,20161216,1.95,1.987,1.95,1.985,441436
MVP,20161216,4.5,4.56,4.4,4.4,46748
MVR,20161216,19.18,19.18,19.12,19.14,3248
MVS,20161216,17.48,17.49,17.44,17.48,10293
MVW,20161216,24.52,24.55,24.44,24.44,13629
MWY,20161216,2.38,2.38,2.36,2.36,75585
MX1,20161216,0.485,0.5,0.485,0.5,135851
MXC,20161216,0.043,0.044,0.042,0.042,1873190
MXI,20161216,0.53,0.545,0.51,0.51,108687
MYE,20161216,0.425,0.425,0.425,0.425,25000
MYO,20161216,3.53,3.55,3.46,3.53,1251290
MYR,20161216,1.32,1.34,1.31,1.325,6701041
MYS,20161216,4.37,4.37,4.32,4.32,44444
MYX,20161216,1.415,1.415,1.08,1.3,72564948
MZI,20161216,0.28,0.28,0.28,0.28,902
MZM,20161216,0.12,0.12,0.12,0.12,40000
MZN,20161216,0.018,0.019,0.017,0.017,1275000
NAB,20161216,29.88,30.03,29.84,29.97,6420156
NAC,20161216,1.17,1.17,1.17,1.17,16925
NAE,20161216,0.037,0.04,0.037,0.04,33585133
NAG,20161216,0.077,0.08,0.075,0.08,565573
NAN,20161216,3.13,3.2,3.08,3.13,8313680
NAV,20161216,0.009,0.009,0.009,0.009,90
NCC,20161216,1.34,1.35,1.34,1.35,27881
NCK,20161216,6.15,6.15,6.11,6.15,19097
NCL,20161216,0.042,0.042,0.042,0.042,2500
NCM,20161216,16.91,16.95,16.35,16.75,10715529
NDQ,20161216,11.55,11.71,11.55,11.64,7906
NEA,20161216,0.68,0.705,0.677,0.695,1430055
NEC,20161216,1.015,1.035,1.01,1.035,1556962
NEN,20161216,0.215,0.22,0.215,0.22,35146
NEU,20161216,0.062,0.062,0.06,0.06,1428249
NGE,20161216,0.39,0.39,0.385,0.385,24155
NGY,20161216,0.055,0.055,0.055,0.055,80000
NHC,20161216,1.72,1.72,1.64,1.65,39121
NHF,20161216,4.62,4.66,4.6,4.64,705998
NHL,20161216,0.025,0.025,0.025,0.025,428785
NME,20161216,0.008,0.008,0.008,0.008,20875
NMG,20161216,0.008,0.008,0.008,0.008,2600
NML,20161216,0.053,0.054,0.05,0.05,1763790
NMM,20161216,0.095,0.095,0.095,0.095,90000
NMS,20161216,0.95,0.95,0.9,0.95,3134
NMT,20161216,0.355,0.36,0.35,0.355,146507
NNW,20161216,0.093,0.093,0.089,0.09,325000
NOR,20161216,0.038,0.039,0.036,0.037,5115877
NOV,20161216,0.155,0.155,0.15,0.15,46118
NOX,20161216,0.53,0.53,0.47,0.485,231972
NRT,20161216,0.087,0.087,0.086,0.086,43352
NSE,20161216,0.005,0.005,0.004,0.004,26000
NSL,20161216,0.036,0.036,0.032,0.034,15742144
NSR,20161216,1.53,1.535,1.51,1.52,1746794
NST,20161216,3.08,3.12,2.98,2.98,6545222
NSX,20161216,0.23,0.23,0.23,0.23,16484
NTC,20161216,2.23,2.29,2.105,2.14,287023
NTI,20161216,0.4,0.4,0.4,0.4,66500
NTM,20161216,0.054,0.057,0.05,0.057,600018
NTU,20161216,0.115,0.115,0.11,0.11,334600
NUF,20161216,8.92,9.09,8.89,9.05,1315115
NUH,20161216,0.077,0.081,0.077,0.077,5169744
NVL,20161216,2.1,2.13,2.05,2.05,453642
NVO,20161216,0.073,0.073,0.073,0.073,167353
NVT,20161216,4.85,4.85,4.79,4.83,648689
NWE,20161216,0.003,0.003,0.003,0.003,2500000
NWH,20161216,0.64,0.67,0.64,0.67,839182
NWS,20161216,16.46,16.46,16.23,16.43,158305
NWZ,20161216,0.003,0.003,0.003,0.003,4482763
NXM,20161216,0.12,0.12,0.115,0.12,234289
NXT,20161216,3.39,3.39,3.32,3.37,2512877
NZK,20161216,1.18,1.18,1.18,1.18,5000
NZM,20161216,0.54,0.55,0.525,0.55,368339
OBJ,20161216,0.067,0.068,0.065,0.066,287308
OCC,20161216,0.43,0.43,0.405,0.405,25017
OCL,20161216,1.92,1.94,1.85,1.85,9525
OEL,20161216,0.035,0.036,0.035,0.035,1089902
OFX,20161216,1.775,1.79,1.74,1.75,7443321
OGC,20161216,3.58,3.59,3.51,3.56,3408529
OHE,20161216,2,2,2,2,600000
OIL,20161216,0.051,0.051,0.051,0.051,187892
OKU,20161216,0.115,0.115,0.11,0.11,413732
OMH,20161216,0.15,0.15,0.145,0.15,91630
OML,20161216,4.78,4.8,4.69,4.77,1290754
ONE,20161216,6.49,6.49,6.45,6.45,10701
ONT,20161216,7.88,7.88,7.87,7.88,510
OOK,20161216,0.028,0.03,0.028,0.029,1667716
OOO,20161216,15.75,15.83,15.75,15.83,11927
OPG,20161216,0.49,0.49,0.49,0.49,20000
OPN,20161216,0.135,0.145,0.135,0.145,54850
OPT,20161216,0.72,0.73,0.72,0.73,34200
ORA,20161216,2.88,2.99,2.88,2.95,10271250
ORE,20161216,4.09,4.36,4.03,4.3,2221811
ORG,20161216,6.57,6.63,6.4,6.47,12448273
ORI,20161216,16.96,16.96,16.79,16.87,1414947
ORL,20161216,2.2,2.3,2.2,2.3,49262
ORN,20161216,0.023,0.023,0.021,0.021,527370
ORR,20161216,0.39,0.39,0.335,0.38,307296
OSH,20161216,6.78,6.915,6.78,6.88,3214227
OSL,20161216,0.09,0.09,0.085,0.09,1688209
OSP,20161216,0.445,0.45,0.445,0.45,19498
OTR,20161216,0.4,0.41,0.4,0.41,50399
OTW,20161216,2.5,2.5,2.5,2.5,18928
OVH,20161216,0.59,0.6,0.585,0.59,39300
OVL,20161216,0.017,0.017,0.015,0.015,2124429
OVN,20161216,0.63,0.63,0.62,0.62,41916
OZF,20161216,21.13,21.14,21.03,21.03,2028
OZL,20161216,7.92,7.99,7.78,7.84,3424756
OZR,20161216,8.14,8.14,8.1,8.1,14803
PAA,20161216,0.051,0.051,0.05,0.05,541000
PAB,20161216,0.006,0.006,0.006,0.006,175000
PAC,20161216,4,4.1,4,4.1,4273
PAF,20161216,0.95,0.95,0.95,0.95,8197
PAI,20161216,0.945,0.955,0.935,0.935,288934
PAK,20161216,0.115,0.115,0.11,0.11,733867
PAN,20161216,0.33,0.33,0.315,0.315,8483499
PAR,20161216,0.4,0.4,0.4,0.4,50000
PBT,20161216,0.05,0.05,0.048,0.05,557243
PBX,20161216,0.03,0.03,0.03,0.03,19500
PCL,20161216,0.005,0.005,0.005,0.005,201017
PDI,20161216,0.011,0.012,0.011,0.012,1215485
PDN,20161216,0.086,0.09,0.084,0.086,12886982
PDZ,20161216,0.34,0.34,0.34,0.34,5000
PEA,20161216,0.56,0.58,0.55,0.56,112668
PEN,20161216,0.575,0.575,0.55,0.565,52574
PEP,20161216,2.45,2.45,2.4,2.4,6870
PFG,20161216,0.115,0.115,0.115,0.115,40000
PGC,20161216,0.84,0.85,0.825,0.84,189398
PGF,20161216,0.985,0.995,0.985,0.985,388628
PGH,20161216,6.4,6.495,6.39,6.47,1202341
PGI,20161216,0.078,0.078,0.074,0.074,61900
PGM,20161216,0.068,0.068,0.068,0.068,123379
PGO,20161216,0.066,0.069,0.064,0.069,160315
PGR,20161216,0.69,0.69,0.685,0.69,13698
PHG,20161216,0.44,0.445,0.435,0.44,596679
PHI,20161216,8.45,8.45,8.45,8.45,104
PHK,20161216,0.09,0.09,0.09,0.09,415155
PIC,20161216,0.98,0.985,0.98,0.98,40200
PIO,20161216,0.02,0.02,0.019,0.019,498808
PIQ,20161216,0.23,0.25,0.23,0.25,9900
PLG,20161216,0.735,0.745,0.73,0.745,2689454
PLH,20161216,0.17,0.185,0.17,0.18,350603
PLS,20161216,0.525,0.53,0.512,0.525,4402878
PMC,20161216,1.58,1.59,1.565,1.565,59495
PME,20161216,4.56,4.7,4.53,4.55,59038
PMP,20161216,0.77,0.775,0.76,0.775,223701
PMV,20161216,14.14,14.4,13.85,14.4,472772
PMY,20161216,0.006,0.006,0.006,0.006,1874151
PNC,20161216,1.89,1.93,1.89,1.925,216096
PNI,20161216,2.4,2.49,2.4,2.46,31117
PNL,20161216,0.47,0.475,0.44,0.46,305535
PNR,20161216,0.175,0.175,0.155,0.155,2508368
PNV,20161216,0.285,0.29,0.28,0.28,798428
PNX,20161216,0.026,0.026,0.026,0.026,2229039
POH,20161216,0.03,0.03,0.028,0.028,1174882
POP,20161216,0.023,0.023,0.023,0.023,211806
POS,20161216,0.046,0.047,0.046,0.046,757769
POU,20161216,16.7,16.7,16.68,16.68,4054
PPC,20161216,0.96,0.96,0.96,0.96,3210
PPH,20161216,1.28,1.28,1.26,1.265,442853
PPL,20161216,0.38,0.395,0.38,0.395,8064
PPP,20161216,0.028,0.028,0.028,0.028,215000
PPS,20161216,0.42,0.42,0.405,0.41,1022881
PPT,20161216,46.82,48.26,46.8,47.84,195891
PPY,20161216,0.006,0.006,0.006,0.006,5500
PRG,20161216,1.895,1.965,1.865,1.89,2089641
PRL,20161216,0.011,0.012,0.011,0.012,2313676
PRO,20161216,0.715,0.72,0.69,0.72,142333
PRR,20161216,0.035,0.035,0.034,0.034,325600
PRT,20161216,0.295,0.3,0.29,0.29,456370
PRU,20161216,0.475,0.482,0.335,0.345,141310366
PRY,20161216,3.89,3.915,3.87,3.88,1985018
PSA,20161216,0.14,0.15,0.13,0.15,275355
PSC,20161216,0.028,0.029,0.028,0.028,1961571
PSI,20161216,1.9,1.905,1.895,1.9,890268
PSM,20161216,0.02,0.02,0.02,0.02,1325000
PSQ,20161216,2.02,2.02,2,2,11328
PSY,20161216,0.063,0.065,0.063,0.063,211556
PSZ,20161216,0.3,0.315,0.29,0.29,123350
PTL,20161216,0.59,0.6,0.59,0.6,423907
PTM,20161216,5.39,5.44,5.32,5.42,1864471
PTX,20161216,0.085,0.087,0.085,0.087,150195
PVA,20161216,2.14,2.14,2.14,2.14,750
PVD,20161216,0.044,0.044,0.041,0.042,479896
PVL,20161216,0.79,0.79,0.79,0.79,924412
PWH,20161216,2.5,2.53,2.5,2.51,17896
PXS,20161216,0.257,0.26,0.257,0.26,118769
PYC,20161216,0.016,0.017,0.016,0.016,2572483
PZC,20161216,0.006,0.006,0.006,0.006,69850
QAG,20161216,7.29,7.37,7.29,7.35,4492
QAN,20161216,3.37,3.37,3.26,3.32,17345439
QAU,20161216,11.8,11.84,11.79,11.84,281309
QBE,20161216,12.5,12.5,12.32,12.42,7349933
QBL,20161216,0.007,0.007,0.007,0.007,176427
QCB,20161216,9.35,9.35,9.35,9.35,725
QFN,20161216,11.8,11.8,11.79,11.79,2164
QHL,20161216,0.105,0.105,0.102,0.102,61200
QIP,20161216,2.22,2.22,2.21,2.21,31356
QMIX,20161216,16.73,16.73,16.7,16.7,3139
QMN,20161216,0.007,0.007,0.007,0.007,500000
QMS,20161216,1.145,1.145,1.12,1.12,91763
QOZ,20161216,12.66,12.66,12.58,12.58,44126
QRE,20161216,4.48,4.48,4.41,4.41,45089
QUAL,20161216,19.48,19.49,19.4,19.48,13584
QUB,20161216,2.39,2.4,2.36,2.38,2562681
QUS,20161216,31.17,31.2,31.17,31.2,5913
QVE,20161216,1.24,1.285,1.235,1.245,143860
RAC,20161216,0.2,0.2,0.2,0.2,2830
RAN,20161216,1.13,1.13,1.11,1.11,109751
RAP,20161216,0.315,0.33,0.305,0.305,5150210
RARI,20161216,24.24,24.24,24.24,24.24,0
RBL,20161216,0.845,0.89,0.84,0.85,28612
RBX,20161216,0.006,0.006,0.006,0.006,43718
RCB,20161216,20.33,20.35,20.27,20.27,5811
RCE,20161216,0.17,0.18,0.17,0.18,37004
RCG,20161216,1.43,1.47,1.41,1.47,3797139
RCO,20161216,0.2,0.2,0.2,0.2,50000
RCR,20161216,2.87,2.87,2.74,2.76,139157
RCT,20161216,3.75,3.88,3.75,3.88,2691
RDF,20161216,0.36,0.36,0.36,0.36,700
RDM,20161216,0.1,0.1,0.1,0.1,104418
RDS,20161216,0.009,0.009,0.009,0.009,420000
RDV,20161216,29.56,29.59,29.42,29.42,4396
REA,20161216,53,53.42,52.46,53.35,306910
RED,20161216,0.088,0.088,0.082,0.085,618444
REF,20161216,0.099,0.099,0.099,0.099,20000
REG,20161216,4.38,4.48,4.3,4.46,329037
REH,20161216,44,45,44,44.16,879
RER,20161216,0.013,0.013,0.012,0.012,2116924
RES,20161216,0.082,0.082,0.082,0.082,25000
REV,20161216,0.049,0.049,0.049,0.049,2000
REX,20161216,0.8,0.815,0.8,0.815,6801
REY,20161216,0.065,0.068,0.065,0.068,354155
REZ,20161216,0.11,0.11,0.11,0.11,50713
RFF,20161216,1.615,1.65,1.605,1.625,517935
RFG,20161216,6.7,6.785,6.62,6.76,1884923
RFN,20161216,0.042,0.044,0.042,0.042,212500
RFT,20161216,0.023,0.024,0.022,0.023,1070228
RFX,20161216,0.29,0.305,0.29,0.295,129547
RGS,20161216,0.16,0.17,0.16,0.17,183538
RHC,20161216,68.24,68.24,66.25,66.95,568607
RHI,20161216,0.42,0.47,0.42,0.45,463945
RHL,20161216,3,3.08,3,3.08,9038
RHP,20161216,0.55,0.55,0.535,0.545,17538
RHS,20161216,0.07,0.071,0.07,0.071,185513
RHT,20161216,0.026,0.026,0.026,0.026,296196
RIC,20161216,1.275,1.275,1.24,1.26,226623
RIM,20161216,0.021,0.022,0.021,0.022,777677
RIO,20161216,59.5,60.65,58.88,59.29,2411994
RKN,20161216,1.5,1.54,1.5,1.54,36709
RLC,20161216,0.019,0.019,0.018,0.018,1152685
RMD,20161216,8.43,8.45,8.36,8.4,1817437
RMR,20161216,0.03,0.03,0.03,0.03,225000
RMS,20161216,0.47,0.47,0.442,0.465,79561279
RMT,20161216,0.003,0.003,0.003,0.003,96102
RMX,20161216,0.036,0.036,0.034,0.035,7827516
RND,20161216,1.71,1.71,1.65,1.65,116752
RNE,20161216,0.013,0.014,0.013,0.014,1081224
RNI,20161216,0.011,0.011,0.01,0.01,4735000
RNL,20161216,0.009,0.009,0.009,0.009,58239
RNO,20161216,0.019,0.019,0.019,0.019,80000
RNT,20161216,0.088,0.092,0.088,0.092,143814
RNU,20161216,0.029,0.029,0.028,0.028,629589
RNY,20161216,0.039,0.039,0.039,0.039,300000
RRL,20161216,2.45,2.48,2.375,2.39,8961490
RSG,20161216,1.01,1.045,0.965,0.965,27409131
RSH,20161216,0.053,0.053,0.048,0.048,686685
RSM,20161216,20.47,20.47,20.47,20.47,950
RTG,20161216,0.195,0.2,0.19,0.19,76260
RTR,20161216,0.016,0.016,0.016,0.016,496798
RUB,20161216,0.06,0.06,0.06,0.06,46600
RVR,20161216,0.2,0.2,0.19,0.19,889952
RVY,20161216,0.024,0.024,0.024,0.024,350000
RWC,20161216,3.19,3.19,3.11,3.13,7672280
RWD,20161216,0.3,0.32,0.3,0.32,40500
RWH,20161216,1.43,1.43,1.43,1.43,2499
RXL,20161216,0.014,0.014,0.014,0.014,752874
RXM,20161216,0.049,0.05,0.049,0.05,71907
RXP,20161216,0.96,0.98,0.955,0.955,90911
S2R,20161216,0.26,0.26,0.25,0.25,528574
S32,20161216,2.72,2.79,2.6,2.61,48029926
SAR,20161216,0.86,0.86,0.79,0.805,19859912
SAS,20161216,0.08,0.08,0.072,0.073,9617375
SAU,20161216,0.25,0.25,0.25,0.25,7143
SAY,20161216,0.003,0.003,0.003,0.003,125000
SBB,20161216,0.019,0.02,0.019,0.02,499331
SBI,20161216,0.016,0.016,0.016,0.016,2000
SBM,20161216,1.86,1.9,1.79,1.79,22836431
SCG,20161216,4.37,4.37,4.335,4.36,16096486
SCI,20161216,0.028,0.028,0.026,0.026,824000
SCO,20161216,2.46,2.6,2.45,2.49,1331541
SCP,20161216,2.17,2.19,2.16,2.19,3568047
SDA,20161216,3.17,3.235,3.17,3.22,637147
SDF,20161216,2.08,2.08,2.04,2.05,1761488
SDG,20161216,1.6,1.62,1.6,1.61,21955
SDI,20161216,0.72,0.73,0.72,0.73,6164
SDL,20161216,0.003,0.003,0.003,0.003,3691045
SEA,20161216,0.2,0.205,0.2,0.205,1518796
SEG,20161216,0.002,0.002,0.002,0.002,925000
SEH,20161216,0.11,0.112,0.105,0.105,2389903
SEK,20161216,14.6,14.855,14.53,14.83,1248065
SEN,20161216,0.105,0.105,0.096,0.099,2907386
SER,20161216,0.014,0.014,0.014,0.014,500000
SES,20161216,0.091,0.091,0.09,0.09,76896
SFG,20161216,0.077,0.079,0.076,0.079,487031
SFH,20161216,0.49,0.5,0.485,0.5,126512
SFI,20161216,0.069,0.071,0.067,0.067,930213
SFR,20161216,5.75,5.895,5.67,5.74,2349435
SFX,20161216,0.63,0.64,0.63,0.64,3641
SFY,20161216,52.53,52.55,52.23,52.25,2393
SGC,20161216,0.067,0.067,0.066,0.066,125000
SGF,20161216,3.26,3.34,3.24,3.25,406132
SGH,20161216,0.275,0.28,0.27,0.275,1625503
SGM,20161216,13.2,13.59,13.15,13.5,1613657
SGP,20161216,4.41,4.42,4.36,4.37,13706529
SGQ,20161216,0.135,0.14,0.135,0.135,374430
SGR,20161216,5.12,5.13,5.05,5.08,4519672
SHJ,20161216,0.98,0.98,0.93,0.95,84972
SHL,20161216,21.79,21.79,21.54,21.59,1098179
SHM,20161216,1.19,1.19,1.17,1.19,6267
SHV,20161216,6.34,6.47,6.27,6.28,402238
SIO,20161216,0.34,0.36,0.34,0.36,5000
SIP,20161216,1.28,1.28,1.25,1.25,6601595
SIQ,20161216,6.14,6.3,6.13,6.24,369907
SIV,20161216,8.38,8.38,8.27,8.3,111962
SKB,20161216,0.62,0.62,0.605,0.605,85258
SKC,20161216,3.69,3.69,3.61,3.65,940845
SKI,20161216,2.29,2.305,2.27,2.3,7299336
SKT,20161216,4,4.01,3.9,3.93,856118
SLC,20161216,2.91,2.92,2.84,2.87,300049
SLF,20161216,12.47,12.47,12.32,12.32,49904
SLK,20161216,4.3,4.4,4.28,4.4,50173
SLR,20161216,0.54,0.555,0.505,0.535,71336930
SLX,20161216,0.395,0.405,0.39,0.39,32189
SM8,20161216,0.155,0.165,0.155,0.165,12875
SMA,20161216,0.013,0.013,0.013,0.013,4039307
SMC,20161216,0.3,0.3,0.3,0.3,7981
SMD,20161216,0.017,0.017,0.017,0.017,69685
SMI,20161216,0.045,0.045,0.04,0.04,123861
SMN,20161216,1.895,1.96,1.85,1.96,105345
SMR,20161216,0.6,0.6,0.57,0.57,277801
SMX,20161216,1.25,1.265,1.24,1.26,99495
SNC,20161216,0.98,0.985,0.98,0.98,38966
SND,20161216,0.58,0.59,0.58,0.58,29075
SOL,20161216,15,15.04,14.5,14.5,367180
SOM,20161216,3.89,3.9,3.88,3.88,7484
SOR,20161216,0.091,0.1,0.09,0.1,41927
SP1,20161216,0.04,0.04,0.039,0.039,377987
SPK,20161216,3.29,3.3,3.23,3.24,1025218
SPL,20161216,0.71,0.72,0.705,0.715,48313
SPO,20161216,0.96,0.967,0.952,0.955,5715834
SPQ,20161216,0.006,0.006,0.006,0.006,25000
SPX,20161216,0.004,0.004,0.004,0.004,786746
SPY,20161216,307.76,307.76,307.76,307.76,759
SRF,20161216,0.17,0.185,0.17,0.185,1646530
SRG,20161216,1.48,1.565,1.48,1.54,47005
SRI,20161216,0.016,0.016,0.016,0.016,354443
SRK,20161216,0.069,0.069,0.069,0.069,50000
SRO,20161216,0.011,0.011,0.011,0.011,2071774
SRS,20161216,0.023,0.023,0.023,0.023,85146
SRV,20161216,7.46,7.53,7.45,7.5,42009
SRX,20161216,16.41,16.5,15.52,15.57,1133960
SRY,20161216,0.05,0.05,0.05,0.05,200000
SRZ,20161216,0.048,0.048,0.045,0.045,35000
SSG,20161216,0.9,0.9,0.9,0.9,78458
SSM,20161216,0.95,0.985,0.95,0.98,600783
SSO,20161216,12.39,12.39,12.39,12.39,1612
ST1,20161216,0.034,0.034,0.032,0.034,2964800
STA,20161216,0.006,0.006,0.006,0.006,156024
STL,20161216,0.033,0.033,0.032,0.032,2228758
STO,20161216,3.99,4.02,3.86,3.96,20706167
STW,20161216,52.18,52.26,51.9,52.06,125867
STX,20161216,0.08,0.081,0.08,0.081,278806
SUD,20161216,0.019,0.019,0.019,0.019,388000
SUL,20161216,9.45,9.715,9.45,9.71,1402642
SUN,20161216,13.24,13.365,13.17,13.21,4995016
SVH,20161216,0.195,0.195,0.19,0.19,129473
SVL,20161216,0.175,0.175,0.155,0.16,3310253
SVM,20161216,0.099,0.099,0.099,0.099,50000
SVW,20161216,7.98,8.28,7.66,7.81,915615
SVY,20161216,0.15,0.175,0.15,0.15,71554
SWJ,20161216,0.014,0.017,0.014,0.017,18288187
SWK,20161216,0.255,0.255,0.25,0.255,184524
SWL,20161216,0.89,0.9,0.885,0.9,105500
SWM,20161216,0.78,0.815,0.78,0.815,6731934
SXA,20161216,0.051,0.051,0.051,0.051,8334
SXE,20161216,0.52,0.53,0.52,0.53,24486
SXL,20161216,1.44,1.485,1.41,1.485,4742438
SXY,20161216,0.275,0.28,0.26,0.26,2338500
SYA,20161216,0.031,0.031,0.029,0.03,1886474
SYD,20161216,6.43,6.515,6.4,6.42,12457909
SYI,20161216,28.66,28.74,28.56,28.56,6441
SYR,20161216,3.02,3.08,2.9,2.96,1651620
SYS,20161216,0.002,0.002,0.002,0.002,455228
SYT,20161216,0.033,0.034,0.033,0.033,6654072
T3D,20161216,0.018,0.018,0.017,0.017,1625626
TAH,20161216,4.69,4.74,4.65,4.7,4804626
TAM,20161216,0.067,0.067,0.062,0.062,2308501
TAP,20161216,0.088,0.088,0.086,0.086,346324
TAS,20161216,0.175,0.175,0.165,0.165,383805
TAW,20161216,0.11,0.115,0.105,0.115,760123
TBH,20161216,0.225,0.23,0.215,0.22,10187234
TBR,20161216,5.25,5.28,5.25,5.25,37579
TCH,20161216,1.695,1.7,1.66,1.67,87336
TCL,20161216,10.23,10.275,10.16,10.23,4528971
TEG,20161216,0.04,0.04,0.037,0.038,130185
TEN,20161216,0.98,0.982,0.962,0.965,115871
TER,20161216,0.026,0.027,0.023,0.027,4538777
TFC,20161216,1.62,1.69,1.62,1.68,1979050
TGA,20161216,1.825,1.87,1.825,1.865,443317
TGG,20161216,1.205,1.22,1.195,1.205,99208
TGH,20161216,1.285,1.285,1.26,1.26,2229058
TGP,20161216,0.875,0.88,0.86,0.86,38809
TGR,20161216,4,4.03,4,4.01,301284
TGS,20161216,0.037,0.037,0.035,0.036,955639
TGZ,20161216,0.705,0.705,0.67,0.705,531736
THR,20161216,0.01,0.01,0.009,0.009,230924
THX,20161216,0.056,0.056,0.053,0.056,318247
TIA,20161216,0.62,0.63,0.62,0.63,3667
TIL,20161216,2.89,2.89,2.89,2.89,500
TIX,20161216,2.44,2.5,2.44,2.5,272621
TKF,20161216,0.053,0.053,0.052,0.052,393866
TLG,20161216,0.295,0.3,0.29,0.3,124996
TLM,20161216,0.395,0.4,0.38,0.38,344552
TLS,20161216,4.94,4.965,4.91,4.91,35599880
TME,20161216,4.66,4.71,4.62,4.69,979457
TMK,20161216,0.003,0.003,0.003,0.003,2000000
TMP,20161216,0.12,0.125,0.11,0.12,313070
TMZ,20161216,0.069,0.069,0.069,0.069,100000
TND,20161216,0.058,0.058,0.056,0.057,2248342
TNE,20161216,5.42,5.49,5.4,5.46,633750
TNG,20161216,0.14,0.14,0.14,0.14,478602
TNK,20161216,2.15,2.22,2.15,2.22,19519
TNR,20161216,0.13,0.13,0.13,0.13,20000
TNT,20161216,0.115,0.13,0.11,0.11,225347
TOE,20161216,0.041,0.041,0.04,0.04,120926
TOF,20161216,2.12,2.16,2.12,2.16,166659
TON,20161216,0.067,0.067,0.061,0.061,5538108
TOP,20161216,0.71,0.72,0.7,0.72,52783
TOX,20161216,2.43,2.48,2.42,2.48,464483
TPE,20161216,2.85,2.9,2.83,2.89,37689
TPM,20161216,7.06,7.06,6.68,6.72,5311694
TPP,20161216,0.2,0.2,0.2,0.2,232791
TPS,20161216,0.026,0.026,0.026,0.026,7500
TPW,20161216,0.16,0.16,0.15,0.15,25000
TRL,20161216,0.05,0.05,0.047,0.047,356903
TRS,20161216,8.46,8.48,8.25,8.37,66547
TRY,20161216,0.16,0.16,0.127,0.145,22169096
TSL,20161216,0.007,0.007,0.007,0.007,72000
TSN,20161216,0.027,0.028,0.027,0.028,312827
TSV,20161216,0.007,0.007,0.007,0.007,751975
TTC,20161216,0.47,0.47,0.47,0.47,8000
TTE,20161216,0.005,0.005,0.004,0.005,22336555
TTI,20161216,0.034,0.034,0.027,0.027,71114
TTL,20161216,0.03,0.03,0.03,0.03,2351118
TTS,20161216,4.39,4.43,4.37,4.43,5381845
TTW,20161216,0.035,0.035,0.035,0.035,87389
TUP,20161216,0.076,0.08,0.076,0.076,328500
TV2,20161216,0.014,0.015,0.013,0.014,9864729
TWE,20161216,10.22,10.475,10.17,10.39,2713764
TWR,20161216,0.78,0.78,0.755,0.755,56050
TYK,20161216,0.007,0.007,0.007,0.007,1003536
TYX,20161216,0.025,0.025,0.025,0.025,3764
TZN,20161216,0.145,0.15,0.145,0.15,736249
UBA,20161216,19.03,19.05,19.03,19.05,8152
UBI,20161216,0.3,0.3,0.29,0.29,39361
UBN,20161216,0.145,0.145,0.13,0.145,65634
UBW,20161216,21.41,21.45,21.41,21.43,290
UCM,20161216,0.245,0.245,0.24,0.245,50000
UEQ,20161216,0.006,0.007,0.006,0.006,2532983
UGL,20161216,3.16,3.16,3.15,3.16,1166373
UMAX,20161216,17.76,17.86,17.76,17.84,4998
UNS,20161216,0.05,0.05,0.048,0.048,757030
UNV,20161216,0.13,0.135,0.13,0.13,56104
UOS,20161216,0.57,0.57,0.555,0.555,38950
UPD,20161216,0.47,0.47,0.46,0.46,282639
URF,20161216,2.05,2.05,2.05,2.05,91694
USA,20161216,0.007,0.007,0.007,0.007,470928
USD,20161216,13.23,13.26,13.23,13.23,113738
VAE,20161216,51.86,51.86,51.75,51.75,1502
VAF,20161216,48.38,48.47,48.34,48.47,39027
VAH,20161216,0.225,0.227,0.22,0.22,2276585
VAN,20161216,0.05,0.06,0.05,0.055,500000
VAP,20161216,77.63,77.68,76.9,76.9,9688
VAR,20161216,0.015,0.015,0.015,0.015,1766818
VAS,20161216,70.82,70.95,70.48,70.65,31194
VCF,20161216,50.79,50.81,50.65,50.78,4082
VCX,20161216,2.92,2.94,2.89,2.91,15793625
VEQ,20161216,46.49,46.49,46.49,46.49,11
VEU,20161216,60.22,60.99,60.22,60.45,8811
VGAD,20161216,57.48,57.48,57.11,57.11,10503
VGB,20161216,48.71,48.78,48.66,48.78,5958
VGE,20161216,55,55,54.5,55,4330
VGS,20161216,58.84,59.2,58.84,59.13,12317
VHT,20161216,0.625,0.625,0.61,0.61,37735
VHY,20161216,59.7,59.94,59.58,59.58,6683
VIC,20161216,0.018,0.018,0.018,0.018,500000
VIF,20161216,51.63,51.64,51.35,51.62,10827
VKA,20161216,0.019,0.019,0.019,0.019,10956
VLA,20161216,1.22,1.23,1.2,1.21,41682
VLC,20161216,59.46,59.51,59.32,59.32,1874
VLW,20161216,2.26,2.3,2.25,2.3,160821
VMC,20161216,0.13,0.13,0.125,0.125,74555
VMG,20161216,0.001,0.001,0.001,0.001,60000
VML,20161216,0.018,0.018,0.018,0.018,324486
VMS,20161216,0.028,0.028,0.027,0.027,150000
VMT,20161216,0.066,0.066,0.064,0.065,500498
VOC,20161216,3.89,3.9,3.765,3.79,7717216
VPC,20161216,0.018,0.018,0.018,0.018,118000
VRC,20161216,0.07,0.073,0.052,0.055,14691049
VRI,20161216,0.068,0.07,0.065,0.068,1465452
VRL,20161216,4.23,4.3,4.21,4.23,541799
VRM,20161216,0.026,0.026,0.026,0.026,860000
VRS,20161216,0.24,0.24,0.235,0.235,243454
VRT,20161216,6.21,6.3,6.1,6.11,899328
VRX,20161216,0.024,0.024,0.024,0.024,150000
VSC,20161216,1.29,1.29,1.23,1.23,51300
VSO,20161216,47.83,48.08,47.83,48.03,2978
VTG,20161216,3.05,3.08,2.97,2.98,1411150
VTS,20161216,158.03,159.29,158.03,158.95,5594
VVR,20161216,2.27,2.36,2.27,2.33,15187332
VXR,20161216,0.008,0.008,0.008,0.008,2145530
WAA,20161216,1.135,1.135,1.12,1.12,13053
WAF,20161216,0.215,0.215,0.177,0.19,884265
WAM,20161216,2.38,2.4,2.38,2.39,254429
WAX,20161216,1.545,1.56,1.54,1.54,230704
WBA,20161216,1.345,1.38,1.345,1.38,205940
WBC,20161216,32.21,32.31,31.92,32.19,6736541
WBT,20161216,0.028,0.03,0.027,0.028,924159
WCN,20161216,0.006,0.006,0.006,0.006,497220
WDE,20161216,0.79,0.79,0.77,0.78,144729
WDIV,20161216,17.95,17.95,17.85,17.93,11498
WEB,20161216,9.76,9.83,9.5,9.81,697751
WEL,20161216,0.08,0.08,0.08,0.08,22500
WEMG,20161216,17,17,17,17,2047
WES,20161216,41.29,41.65,41.19,41.45,2536889
WFD,20161216,8.9,8.97,8.87,8.94,8417854
WFE,20161216,0.006,0.007,0.005,0.005,79056009
WGX,20161216,1.54,1.58,1.412,1.42,1991241
WHC,20161216,2.8,2.8,2.7,2.75,9632509
WHF,20161216,4.27,4.27,4.23,4.23,19025
WIC,20161216,0.99,0.99,0.98,0.98,57840
WKT,20161216,0.071,0.075,0.071,0.075,187920
WLC,20161216,0.005,0.007,0.005,0.007,207142
WLD,20161216,0.225,0.235,0.22,0.22,407858
WLE,20161216,1.14,1.15,1.14,1.145,414082
WLL,20161216,5.44,5.44,5.44,5.44,5378
WMK,20161216,1.05,1.055,1.05,1.055,188915
WMN,20161216,0.014,0.015,0.014,0.015,1969962
WOF,20161216,0.025,0.025,0.025,0.025,25000
WOR,20161216,9.6,9.6,9.4,9.51,3198404
WOW,20161216,22.98,23.04,22.77,22.95,4119333
WPG,20161216,0.049,0.05,0.046,0.05,3945434
WPL,20161216,30.71,31.2,30.62,30.93,2713769
WPP,20161216,1.045,1.09,1.04,1.065,1570628
WRG,20161216,0.002,0.002,0.002,0.002,166667
WRLD,20161216,10.42,10.42,10.42,10.42,959
WRM,20161216,0.013,0.014,0.013,0.013,3664887
WRR,20161216,0.225,0.225,0.225,0.225,14300
WSA,20161216,3.01,3.01,2.95,3,1958489
WTC,20161216,5.81,5.85,5.66,5.7,1223223
WTP,20161216,0.87,0.895,0.85,0.895,52251
WTR,20161216,0.08,0.08,0.08,0.08,438464
WWI,20161216,0.023,0.023,0.019,0.019,356318
WXHG,20161216,19.26,19.26,19.19,19.19,6501
WXOZ,20161216,25.45,25.45,25.01,25.01,7360
XAM,20161216,0.175,0.18,0.175,0.18,49500
XF1,20161216,0.42,0.42,0.42,0.42,4254
XIP,20161216,2.58,2.62,2.56,2.6,23101
XPD,20161216,0.096,0.096,0.094,0.094,171094
XPE,20161216,0.033,0.033,0.031,0.031,23525825
XRF,20161216,0.175,0.175,0.17,0.17,140356
XRO,20161216,16.42,16.89,16.42,16.51,16485
XST,20161216,0.019,0.019,0.016,0.018,2437025
XTD,20161216,0.12,0.12,0.115,0.115,268015
XTE,20161216,0.33,0.33,0.33,0.33,1000
YAL,20161216,0.41,0.42,0.41,0.42,231060
YBR,20161216,0.175,0.18,0.175,0.175,50842
YMAX,20161216,9.23,9.26,9.21,9.21,29000
YOJ,20161216,0.04,0.04,0.039,0.04,750406
YOW,20161216,0.635,0.66,0.63,0.635,379803
YPB,20161216,0.18,0.2,0.18,0.185,896243
ZEL,20161216,6.8,6.8,6.65,6.7,140021
ZER,20161216,0.35,0.35,0.35,0.35,20000
ZGL,20161216,0.145,0.145,0.145,0.145,7000
ZGOL,20161216,15.23,15.27,15.23,15.27,2550
ZIM,20161216,6,6,5.89,5.89,724
ZIP,20161216,0.105,0.12,0.1,0.12,153723
ZLD,20161216,0.036,0.037,0.036,0.036,97463
ZMI,20161216,0.01,0.011,0.01,0.01,3509025
ZML,20161216,0.75,0.78,0.735,0.77,323584
ZNC,20161216,0.1,0.1,0.1,0.1,50000
ZOZI,20161216,10.29,10.29,10.29,10.29,0
ZUSD,20161216,10.37,10.45,10.35,10.37,33450
ZYB,20161216,0.007,0.007,0.007,0.007,6506750
ZYUS,20161216,12.94,12.99,12.94,12.99,17789
XAF,20161216,5489.9,5498.4,5452.7,5479.6,0
XAO,20161216,5595,5606,5568.9,5589.7,0
XAT,20161216,5485.6,5496.5,5457,5480,0
XDJ,20161216,2077.2,2090.9,2072.8,2090.9,0
XEC,20161216,1299.9,1299.9,1291.8,1294.5,0
XEJ,20161216,8934,8994.6,8825.4,8889.4,0
XFJ,20161216,6442.4,6466.7,6411.5,6449.4,0
XFL,20161216,5543.7,5552.3,5506.4,5533.6,0
XGD,20161216,3624.7,3624.7,3345,3381.6,0
XHJ,20161216,19322.8,19423.4,19194.3,19272.9,0
XIJ,20161216,792.2,801.9,792.1,800.6,0
XJO,20161216,5538.6,5549.9,5510,5532.9,0
XJR,20161216,3311.7,3311.7,3244.4,3263,0
XKO,20161216,5492.4,5502.6,5463.6,5486.2,0
XMD,20161216,5660.9,5694.1,5660.9,5680.6,0
XMJ,20161216,9592.3,9592.3,9431.8,9480.6,0
XMM,20161216,2903.1,2903.1,2828,2846.1,0
XNJ,20161216,5112.8,5152.3,5104.6,5135.8,0
XPJ,20161216,1333.7,1342.1,1333.7,1338.9,0
XSJ,20161216,8598.5,8660.2,8580.8,8623.3,0
XSO,20161216,2307.7,2311,2296.2,2305.1,0
XTJ,20161216,1732.3,1736.4,1719,1719,0
XTL,20161216,3229.7,3237.8,3208.9,3226.3,0
XTO,20161216,4595.6,4605.2,4570.2,4590.5,0
XUJ,20161216,7667.3,7677.3,7619.9,7631.3,0
XXJ,20161216,7185.4,7212.5,7151,7193.2,0
