1AG,20160616,0.06,0.06,0.058,0.059,120000
1PG,20160616,0.405,0.405,0.38,0.385,1112228
1ST,20160616,0.058,0.058,0.058,0.058,105000
3PL,20160616,0.66,0.68,0.65,0.665,2314039
4DS,20160616,0.02,0.02,0.02,0.02,100000
88E,20160616,0.036,0.039,0.036,0.038,32181279
8CO,20160616,0.23,0.24,0.22,0.23,13000
8EC,20160616,0.99,0.99,0.99,0.99,7522
8IH,20160616,0.8,0.81,0.8,0.81,2000
9SP,20160616,0.15,0.155,0.15,0.155,329499
A2M,20160616,1.72,1.735,1.63,1.66,8760979
AAA,20160616,50.13,50.14,50.12,50.12,24161
AAC,20160616,1.845,1.855,1.82,1.825,2943561
AAD,20160616,2.05,2.05,2.02,2.03,1668007
AAJ,20160616,0.013,0.013,0.013,0.013,43000
AAL,20160616,0.005,0.005,0.005,0.005,102010
AAU,20160616,0.016,0.016,0.016,0.016,46000
AAX,20160616,0.385,0.385,0.38,0.385,225826
AB1,20160616,0.195,0.2,0.195,0.2,111228
ABA,20160616,5.05,5.05,5.03,5.03,34179
ABC,20160616,5.35,5.38,5.31,5.33,1582470
ABP,20160616,3.25,3.25,3.2,3.22,1004086
ABT,20160616,0.83,0.86,0.83,0.83,29827
ABU,20160616,0.07,0.072,0.064,0.072,418979
ABX,20160616,0.135,0.14,0.135,0.135,35026
ABY,20160616,0.35,0.35,0.34,0.35,478893
ACB,20160616,0.035,0.041,0.035,0.035,1730093
ACG,20160616,0.135,0.135,0.125,0.13,511820
ACL,20160616,0.01,0.01,0.01,0.01,189081
ACQ,20160616,0.9,0.905,0.9,0.905,25600
ACR,20160616,0.7,0.745,0.7,0.74,169671
ACU,20160616,0.03,0.03,0.03,0.03,4000
ACW,20160616,0.081,0.083,0.081,0.082,843015
ACX,20160616,6.46,6.49,6.36,6.41,462600
ADA,20160616,2.73,2.79,2.65,2.65,94898
ADD,20160616,0.028,0.028,0.028,0.028,20000
ADH,20160616,2.46,2.49,2.45,2.49,256179
ADJ,20160616,0.11,0.11,0.11,0.11,1438017
ADN,20160616,0.022,0.022,0.02,0.02,547945
ADO,20160616,0.045,0.047,0.045,0.045,3089034
ADR,20160616,0.48,0.5,0.48,0.5,103417
ADV,20160616,0.041,0.041,0.04,0.041,5107476
ADX,20160616,0.006,0.006,0.006,0.006,613500
ADY,20160616,0.012,0.012,0.011,0.011,75800
AEF,20160616,89.5,90.5,89.5,90.5,278
AEG,20160616,1.2,1.21,1.18,1.195,261356
AEI,20160616,0.435,0.435,0.435,0.435,44751
AEV,20160616,0.2,0.21,0.16,0.18,509512
AFG,20160616,1.02,1.02,0.99,1,180923
AFI,20160616,5.54,5.56,5.52,5.53,350373
AFR,20160616,0.048,0.048,0.047,0.047,722910
AFY,20160616,1.32,1.335,1.305,1.32,305311
AGE,20160616,0.013,0.013,0.012,0.012,931734
AGF,20160616,0.81,0.812,0.81,0.81,84772
AGG,20160616,4.47,4.8,4.47,4.8,2059
AGI,20160616,2.39,2.39,2.33,2.37,182189
AGL,20160616,18.71,18.82,18.58,18.77,1713502
AGO,20160616,0.009,0.01,0.009,0.009,72252755
AGR,20160616,0.125,0.125,0.12,0.12,1317400
AGS,20160616,0.038,0.039,0.038,0.039,20590
AGX,20160616,0.009,0.009,0.009,0.009,1572640
AGY,20160616,0.039,0.04,0.038,0.038,2253816
AHF,20160616,0.205,0.21,0.2,0.2,680750
AHG,20160616,3.69,3.72,3.685,3.71,1061283
AHK,20160616,0.17,0.17,0.17,0.17,10000
AHL,20160616,0.2,0.205,0.19,0.205,46278
AHY,20160616,2.07,2.17,2.05,2.13,3155135
AHZ,20160616,0.32,0.345,0.315,0.315,160890
AIA,20160616,6.13,6.21,6.13,6.19,67975
AIK,20160616,0.115,0.115,0.115,0.115,603000
AIO,20160616,8.89,8.895,8.85,8.86,3322424
AIQ,20160616,0.11,0.11,0.11,0.11,150000
AIS,20160616,0.032,0.032,0.032,0.032,20000
AIV,20160616,0.017,0.017,0.017,0.017,8500
AIZ,20160616,2.07,2.08,2.05,2.05,71676
AJA,20160616,6.89,6.93,6.86,6.88,36833
AJD,20160616,1.46,1.46,1.43,1.44,6570316
AJL,20160616,0.16,0.18,0.145,0.145,216026
AJM,20160616,0.215,0.23,0.215,0.215,4289482
AJQ,20160616,0.061,0.061,0.061,0.061,31941
AJX,20160616,0.765,0.77,0.755,0.76,484819
AKG,20160616,0.235,0.235,0.235,0.235,6530
AKK,20160616,0.007,0.007,0.007,0.007,2721100
AKM,20160616,0.007,0.007,0.007,0.007,240586
AKP,20160616,19.15,19.6,19.14,19.43,16559
ALA,20160616,0.1,0.1,0.096,0.098,355264
ALC,20160616,0.048,0.048,0.044,0.045,1003750
ALF,20160616,1.43,1.43,1.42,1.425,115333
ALI,20160616,1.87,1.9,1.845,1.87,105457
ALK,20160616,0.205,0.207,0.2,0.205,1274216
ALL,20160616,13.47,13.58,13.16,13.3,2408985
ALQ,20160616,5.24,5.3,5.22,5.27,2848564
ALR,20160616,1.07,1.07,1.07,1.07,4000
ALT,20160616,0.006,0.007,0.006,0.007,7357640
ALU,20160616,6.09,6.11,6,6.03,641119
ALY,20160616,0.022,0.026,0.021,0.021,4585211
AMA,20160616,0.875,0.9,0.865,0.89,176629
AMB,20160616,0.185,0.185,0.18,0.18,50000
AMC,20160616,14.36,14.445,14.27,14.29,3727780
AME,20160616,0.095,0.095,0.095,0.095,19500
AMH,20160616,0.93,0.93,0.92,0.92,97138
AMI,20160616,0.12,0.13,0.12,0.13,437616
AML,20160616,0.08,0.085,0.08,0.085,30000
AMN,20160616,0.3,0.3,0.3,0.3,12500
AMP,20160616,5.2,5.285,5.19,5.21,10801419
AMT,20160616,0.15,0.15,0.15,0.15,9202
ANG,20160616,0.084,0.084,0.083,0.083,70200
ANN,20160616,18.8,18.94,18.52,18.66,1320826
ANO,20160616,0.024,0.024,0.022,0.022,530270
ANP,20160616,0.036,0.036,0.034,0.034,185987
ANQ,20160616,0.002,0.002,0.002,0.002,299999
ANR,20160616,1.15,1.19,1.15,1.19,30100
ANW,20160616,0.008,0.008,0.007,0.007,2635175
ANZ,20160616,23.39,23.48,22.99,23.06,8146788
AOD,20160616,0.705,0.705,0.705,0.705,17672
AOG,20160616,3.3,3.32,3.295,3.3,1711416
AOH,20160616,0.125,0.125,0.12,0.12,591042
AON,20160616,0.025,0.027,0.025,0.026,105780
AOP,20160616,0.084,0.085,0.081,0.085,350000
AOW,20160616,0.18,0.18,0.175,0.175,134440
APA,20160616,8.71,8.78,8.64,8.74,2946325
APD,20160616,0.44,0.45,0.435,0.435,850125
APE,20160616,11.7,11.78,11.6,11.7,126127
APG,20160616,0.006,0.006,0.006,0.006,1468359
API,20160616,1.65,1.66,1.605,1.62,1864228
APN,20160616,0.65,0.655,0.63,0.63,4524680
APO,20160616,6.79,6.86,6.69,6.7,673556
APX,20160616,2.41,2.44,2.36,2.39,66367
APY,20160616,0.007,0.007,0.006,0.006,20534406
APZ,20160616,1.21,1.225,1.2,1.21,199634
AQC,20160616,0.017,0.017,0.017,0.017,1000000
AQD,20160616,0.016,0.016,0.014,0.014,2190142
AQF,20160616,1.71,1.71,1.71,1.71,38977
AQG,20160616,3.17,3.26,3.17,3.26,279396
AQI,20160616,0.15,0.15,0.145,0.15,272736
AQQ,20160616,0.026,0.026,0.026,0.026,19235
AQZ,20160616,0.48,0.48,0.48,0.48,13882
ARB,20160616,16.18,16.5,16.18,16.48,222249
ARD,20160616,0.026,0.029,0.024,0.029,1661298
ARE,20160616,0.016,0.016,0.015,0.015,485500
ARF,20160616,1.99,2.02,1.99,2,174134
ARG,20160616,7.21,7.23,7.21,7.21,137145
ARM,20160616,0.047,0.048,0.047,0.048,576727
ARU,20160616,0.049,0.049,0.049,0.049,131118
ARX,20160616,0.35,0.5,0.35,0.5,7000
ASB,20160616,1.22,1.23,1.21,1.215,2469086
ASL,20160616,0.78,0.795,0.765,0.78,365589
ASP,20160616,0.01,0.01,0.01,0.01,10000000
AST,20160616,1.59,1.615,1.575,1.59,13366604
ASW,20160616,0.65,0.65,0.65,0.65,4332
ASX,20160616,43.82,44.03,43.61,43.9,577677
ASY,20160616,0.02,0.02,0.02,0.02,200
ASZ,20160616,0.92,0.975,0.91,0.955,228009
ATA,20160616,0.033,0.033,0.032,0.032,58000
ATC,20160616,0.155,0.155,0.145,0.145,758601
ATP,20160616,0.035,0.035,0.034,0.034,167360
AUB,20160616,10,10.3,9.84,9.84,4216
AUC,20160616,0.052,0.052,0.052,0.052,2000
AUF,20160616,1.25,1.25,1.25,1.25,16000
AUI,20160616,7.24,7.24,7.18,7.18,5519
AUQ,20160616,0.027,0.029,0.027,0.029,662278
AUST,20160616,14.87,14.87,14.81,14.81,26063
AUZ,20160616,0.015,0.015,0.014,0.014,3425939
AVB,20160616,0.058,0.059,0.057,0.057,519219
AVD,20160616,0.022,0.022,0.022,0.022,250000
AVG,20160616,0.61,0.615,0.595,0.6,110860
AVH,20160616,0.1,0.1,0.098,0.1,2122918
AVJ,20160616,0.575,0.575,0.57,0.57,351040
AVL,20160616,0.011,0.012,0.011,0.012,7146956
AVN,20160616,2.32,2.35,2.31,2.33,179229
AVQ,20160616,0.135,0.14,0.13,0.13,288889
AVX,20160616,0.02,0.021,0.02,0.021,52110
AVZ,20160616,0.011,0.011,0.011,0.011,606962
AWC,20160616,1.36,1.362,1.275,1.31,23444827
AWE,20160616,0.885,0.885,0.825,0.845,1875174
AWN,20160616,0.45,0.45,0.45,0.45,24275
AWV,20160616,0.14,0.15,0.14,0.14,825956
AWY,20160616,0.001,0.001,0.001,0.001,8000000
AXE,20160616,0.084,0.086,0.082,0.085,852125
AXP,20160616,0.88,0.9,0.865,0.865,133928
AYC,20160616,0.023,0.023,0.023,0.023,80000
AYF,20160616,5.78,5.78,5.78,5.78,1200
AYR,20160616,0.012,0.012,0.012,0.012,500000
AYS,20160616,1.745,1.77,1.72,1.72,121935
AYZ,20160616,74.69,74.69,74.69,74.69,150
AZJ,20160616,4.58,4.64,4.54,4.57,10339761
AZS,20160616,0.037,0.037,0.036,0.036,5056818
AZV,20160616,0.047,0.047,0.046,0.046,121727
AZY,20160616,0.043,0.046,0.043,0.044,10948037
BAF,20160616,1.13,1.135,1.13,1.13,111967
BAL,20160616,10.99,11.03,10.68,10.73,728202
BAP,20160616,5.3,5.35,5.25,5.25,615431
BAR,20160616,0.049,0.051,0.048,0.049,1679153
BAS,20160616,0.001,0.001,0.001,0.001,2650000
BAU,20160616,0.068,0.068,0.065,0.065,590148
BBG,20160616,1.435,1.465,1.43,1.435,32688
BBL,20160616,0.39,0.39,0.39,0.39,3127
BBN,20160616,2.35,2.37,2.28,2.3,1075922
BBOZ,20160616,25.5,25.67,25.01,25.62,97059
BBUS,20160616,11.13,11.23,11.11,11.22,59603
BBX,20160616,0.015,0.015,0.013,0.013,250000
BCI,20160616,0.14,0.145,0.135,0.145,281047
BCN,20160616,0.004,0.004,0.004,0.004,450256
BCT,20160616,0.025,0.025,0.022,0.022,130400
BDR,20160616,0.35,0.352,0.342,0.35,7726263
BEAR,20160616,17.4,17.62,17.4,17.61,55986
BEN,20160616,9.09,9.13,8.91,8.96,1891040
BFC,20160616,0.425,0.435,0.41,0.42,765551
BFG,20160616,0.53,0.54,0.525,0.54,147065
BGA,20160616,5.78,5.84,5.75,5.75,857091
BGD,20160616,0.036,0.036,0.036,0.036,1192100
BGH,20160616,0.024,0.024,0.024,0.024,100000
BGL,20160616,0.605,0.62,0.6,0.62,144624
BGS,20160616,0.28,0.285,0.28,0.28,707187
BHP,20160616,18.13,18.255,17.85,17.89,11647772
BIG,20160616,0.12,0.13,0.12,0.13,55154
BIT,20160616,0.064,0.064,0.063,0.063,105869
BKI,20160616,1.575,1.575,1.57,1.57,148871
BKL,20160616,132.11,135.74,132.11,135.15,188425
BKM,20160616,0.001,0.001,0.001,0.001,16000
BKN,20160616,1.085,1.15,1.04,1.06,266547
BKT,20160616,0.054,0.059,0.054,0.056,476533
BKW,20160616,14.3,14.41,14.26,14.34,225168
BKY,20160616,0.66,0.67,0.66,0.665,87605
BLA,20160616,7.88,8.02,7.76,7.83,52345
BLD,20160616,6.47,6.51,6.41,6.43,3093577
BLG,20160616,0.235,0.24,0.225,0.225,157354
BLK,20160616,0.465,0.48,0.46,0.475,500585
BLT,20160616,0.091,0.093,0.091,0.093,144603
BLX,20160616,1.32,1.33,1.3,1.325,201494
BLY,20160616,0.089,0.09,0.088,0.089,184306
BLZ,20160616,0.054,0.058,0.054,0.057,589626
BMH,20160616,0.21,0.21,0.21,0.21,5000
BML,20160616,0.003,0.003,0.003,0.003,74925
BMN,20160616,0.028,0.028,0.026,0.026,33879
BMP,20160616,0.39,0.39,0.37,0.37,113142
BNO,20160616,0.3,0.315,0.295,0.295,99102
BNR,20160616,0.073,0.073,0.072,0.072,55799
BOC,20160616,0.2,0.21,0.2,0.2,12360
BOE,20160616,0.047,0.047,0.045,0.047,462500
BOL,20160616,0.086,0.086,0.086,0.086,86036
BOND,20160616,26.72,26.72,26.72,26.72,0
BOQ,20160616,10.59,10.605,10.35,10.39,1567516
BPA,20160616,5.8,5.85,5.8,5.85,620
BPF,20160616,0.395,0.405,0.395,0.4,135755
BPH,20160616,0.006,0.006,0.006,0.006,323335
BPL,20160616,0.13,0.13,0.11,0.115,503535
BPS,20160616,1,1.01,1,1.01,23697
BPT,20160616,0.66,0.665,0.635,0.635,7877313
BRB,20160616,0.162,0.162,0.16,0.16,298884
BRD,20160616,0.003,0.003,0.003,0.003,170000
BRG,20160616,7.5,7.62,7.39,7.47,250530
BRK,20160616,0.008,0.008,0.008,0.008,9000
BRN,20160616,0.14,0.14,0.137,0.14,489169
BRU,20160616,0.24,0.25,0.235,0.25,423068
BSA,20160616,0.245,0.25,0.245,0.25,97000
BSE,20160616,0.12,0.15,0.12,0.145,1021796
BSL,20160616,6.33,6.34,6.18,6.31,2890964
BSM,20160616,0.013,0.013,0.012,0.012,927238
BSN,20160616,0.004,0.004,0.004,0.004,100000
BSP,20160616,0.004,0.004,0.004,0.004,200000
BSR,20160616,0.028,0.028,0.026,0.026,3061370
BST,20160616,0.925,0.925,0.925,0.925,700
BTI,20160616,1.15,1.15,1.14,1.14,97019
BTT,20160616,9,9.1,8.87,8.95,1016943
BUD,20160616,0.11,0.11,0.102,0.105,1082566
BUL,20160616,0.026,0.026,0.026,0.026,300000
BUX,20160616,0.115,0.125,0.115,0.12,1083666
BUY,20160616,0.009,0.009,0.009,0.009,200000
BWP,20160616,3.64,3.665,3.6,3.63,1856497
BWR,20160616,1.155,1.22,1.155,1.22,200930
BWX,20160616,4.98,4.98,4.73,4.8,72206
BXB,20160616,12.3,12.42,12.23,12.25,8296920
BYI,20160616,1.21,1.21,1.21,1.21,7380
BYL,20160616,0.135,0.135,0.135,0.135,36938
BYR,20160616,0.03,0.033,0.029,0.031,3847822
CAA,20160616,0.115,0.115,0.115,0.115,209350
CAB,20160616,3.13,3.27,3.08,3.22,170300
CAD,20160616,0.004,0.004,0.003,0.004,16199512
CAE,20160616,0.029,0.029,0.029,0.029,100000
CAF,20160616,0.395,0.41,0.395,0.41,59602
CAJ,20160616,0.16,0.165,0.157,0.16,1491856
CAM,20160616,0.78,0.78,0.77,0.775,194490
CAP,20160616,0.069,0.069,0.069,0.069,569
CAR,20160616,12.23,12.36,12.14,12.23,1391627
CAS,20160616,0.145,0.165,0.14,0.155,1767725
CAT,20160616,2.86,2.9,2.83,2.83,35743
CAY,20160616,0.13,0.15,0.13,0.145,304571
CAZ,20160616,0.067,0.07,0.067,0.07,150000
CBA,20160616,72.74,72.99,71.64,71.8,4469989
CBL,20160616,2.34,2.34,2.34,2.34,46500
CCL,20160616,8.58,8.62,8.51,8.58,2920298
CCP,20160616,11.85,12.07,11.78,12,320768
CCV,20160616,0.39,0.39,0.385,0.39,101840
CCZ,20160616,0.018,0.018,0.017,0.017,125000
CDA,20160616,1.165,1.195,1.165,1.195,287077
CDC,20160616,0.165,0.185,0.15,0.18,1029108
CDD,20160616,0.475,0.515,0.47,0.495,478084
CDG,20160616,0.066,0.066,0.065,0.065,395150
CDM,20160616,1.27,1.27,1.26,1.265,363590
CDP,20160616,8.66,8.75,8.65,8.75,4131
CDT,20160616,0.012,0.012,0.012,0.012,120000
CDU,20160616,0.515,0.515,0.48,0.48,863696
CDV,20160616,0.22,0.24,0.22,0.24,741104
CDY,20160616,0.031,0.034,0.031,0.033,18639060
CEL,20160616,0.033,0.034,0.032,0.032,653181
CETF,20160616,48.88,48.88,48.88,48.88,60
CFE,20160616,0.023,0.023,0.023,0.023,327100
CGC,20160616,2.92,2.98,2.83,2.85,1297001
CGF,20160616,8.97,8.97,8.805,8.84,2124794
CGL,20160616,5.21,5.49,5.21,5.25,8580
CGN,20160616,0.073,0.074,0.07,0.074,126884
CGS,20160616,0.77,0.77,0.77,0.77,18000
CGW,20160616,0.51,0.51,0.505,0.51,47695
CHC,20160616,5.02,5.09,5.01,5.06,1859592
CHF,20160616,0.011,0.012,0.011,0.012,706220
CHK,20160616,0.024,0.024,0.022,0.022,978957
CHN,20160616,0.165,0.175,0.165,0.17,847851
CHP,20160616,0.004,0.004,0.004,0.004,1750000
CHZ,20160616,0.032,0.035,0.032,0.035,726657
CIA,20160616,0.25,0.25,0.25,0.25,20000
CIE,20160616,0.945,0.945,0.915,0.915,53000
CII,20160616,2.33,2.33,2.3,2.3,19455
CIM,20160616,36.77,36.93,36.12,36.2,407618
CIN,20160616,31.65,31.74,31.56,31.56,4823
CIZ,20160616,0.021,0.021,0.021,0.021,223500
CJC,20160616,0.004,0.004,0.004,0.004,3319
CKA,20160616,0.018,0.018,0.017,0.017,52000
CKF,20160616,4.62,4.67,4.55,4.6,143780
CL1,20160616,3.27,3.36,3.26,3.3,179205
CL8,20160616,0.016,0.016,0.016,0.016,1000000
CLH,20160616,1.13,1.14,1.1,1.125,300626
CLQ,20160616,0.385,0.39,0.37,0.37,773374
CLV,20160616,0.38,0.38,0.38,0.38,14000
CLX,20160616,0.76,0.76,0.755,0.755,5367
CLY,20160616,0.002,0.002,0.002,0.002,4212500
CLZ,20160616,0.005,0.005,0.005,0.005,430000
CM8,20160616,0.17,0.175,0.17,0.175,45900
CMA,20160616,2.18,2.19,2.17,2.17,14148
CMI,20160616,0.96,0.96,0.96,0.96,3613
CMM,20160616,0.14,0.145,0.14,0.145,516774
CMP,20160616,0.41,0.415,0.4,0.415,61000
CMW,20160616,1.045,1.05,1.04,1.04,4891787
CMY,20160616,0.006,0.006,0.005,0.005,2891867
CNI,20160616,1.05,1.1,1.05,1.1,62640
CNJ,20160616,0.03,0.031,0.029,0.029,2221105
CNU,20160616,3.84,3.92,3.84,3.9,633131
CNW,20160616,0.029,0.029,0.029,0.029,400000
CNX,20160616,0.009,0.009,0.009,0.009,5000
COE,20160616,0.235,0.235,0.235,0.235,87813
COH,20160616,122.95,123.11,121.34,122.37,215891
COM,20160616,0.016,0.016,0.016,0.016,1400000
COO,20160616,0.089,0.091,0.089,0.091,58006
COY,20160616,0.008,0.01,0.008,0.01,510000
CPD,20160616,0.065,0.065,0.065,0.065,100000
CPU,20160616,10.11,10.16,10.08,10.14,2455074
CQR,20160616,4.74,4.87,4.74,4.81,2044372
CRB,20160616,0.175,0.175,0.17,0.175,269256
CRL,20160616,0.033,0.033,0.031,0.031,394987
CSE,20160616,0.51,0.51,0.49,0.49,105410
CSL,20160616,109.71,110.9,109.205,109.32,1622152
CSR,20160616,3.48,3.49,3.41,3.43,4585398
CSS,20160616,0.036,0.037,0.036,0.036,683347
CSV,20160616,1.595,1.6,1.567,1.57,76983
CTD,20160616,14.4,14.74,14.35,14.65,362584
CTN,20160616,0.96,0.965,0.95,0.95,262307
CTO,20160616,0.015,0.015,0.015,0.015,720000
CTP,20160616,0.098,0.098,0.094,0.097,671221
CTX,20160616,32.5,32.94,32.38,32.85,1317074
CUE,20160616,0.071,0.076,0.071,0.071,376001
CUL,20160616,0.004,0.004,0.004,0.004,7122000
CUP,20160616,0.74,0.74,0.73,0.73,76891
CUV,20160616,4.2,4.2,4.1,4.1,36716
CUX,20160616,0.005,0.005,0.005,0.005,30600
CV1,20160616,0.175,0.175,0.175,0.175,50000
CVC,20160616,1.7,1.7,1.645,1.645,28482
CVN,20160616,0.105,0.105,0.1,0.105,1053305
CVO,20160616,1.42,1.432,1.34,1.35,3078795
CVT,20160616,0.245,0.255,0.24,0.245,690291
CWE,20160616,0.035,0.035,0.033,0.033,481377
CWN,20160616,12.4,12.98,12.4,12.75,5752786
CWP,20160616,4.27,4.335,4.25,4.29,42442
CWY,20160616,0.76,0.77,0.75,0.75,21190085
CXM,20160616,0.07,0.07,0.066,0.066,69000
CXO,20160616,0.027,0.027,0.026,0.026,1054250
CXX,20160616,0.295,0.32,0.295,0.3,52451
CXZ,20160616,0.14,0.14,0.135,0.135,133490
CYA,20160616,0.795,0.795,0.795,0.795,10755
CYB,20160616,5.25,5.3,5.18,5.2,14014404
CYC,20160616,0.75,0.75,0.72,0.72,10000
CYG,20160616,1.06,1.06,1.055,1.055,24684
CYL,20160616,0.62,0.65,0.62,0.65,770548
CYP,20160616,0.305,0.305,0.295,0.3,157009
CYY,20160616,0.046,0.052,0.046,0.052,1009687
CZI,20160616,0.038,0.038,0.038,0.038,49820
CZL,20160616,0.049,0.049,0.047,0.047,476057
CZN,20160616,0.011,0.011,0.009,0.01,42124374
CZZ,20160616,21,21.29,20.8,21.08,11694
D13,20160616,0.13,0.13,0.125,0.125,227548
DCC,20160616,0.16,0.16,0.15,0.15,657945
DCG,20160616,0.78,0.78,0.76,0.765,69437
DCN,20160616,2.57,2.63,2.49,2.52,727933
DDR,20160616,1.75,1.755,1.74,1.75,53744
DDT,20160616,0.02,0.021,0.02,0.021,341534
DEG,20160616,0.002,0.002,0.002,0.002,1835000
DFM,20160616,1.8,1.88,1.78,1.865,128886
DGO,20160616,0.2,0.2,0.2,0.2,180
DGX,20160616,0.01,0.01,0.01,0.01,1871815
DHR,20160616,0.005,0.005,0.005,0.005,76187
DIV,20160616,19.22,19.22,19.22,19.22,3122
DJRE,20160616,21.94,22,21.86,21.9,7117
DJW,20160616,4.06,4.08,4.05,4.05,65379
DKM,20160616,0.2,0.205,0.2,0.205,84000
DKO,20160616,0.125,0.13,0.12,0.12,992490
DLX,20160616,6.27,6.28,6.23,6.26,1927059
DMA,20160616,0.055,0.056,0.055,0.056,29000
DMC,20160616,0.14,0.14,0.14,0.14,20000
DMP,20160616,68.7,69.2,68.16,68.34,216283
DNA,20160616,0.46,0.465,0.455,0.46,3429773
DNK,20160616,0.36,0.365,0.36,0.36,194032
DOW,20160616,3.79,3.84,3.67,3.73,2883788
DRA,20160616,0.31,0.32,0.305,0.32,77397
DRG,20160616,0.027,0.027,0.027,0.027,100000
DRM,20160616,0.975,0.995,0.94,0.975,1960811
DRX,20160616,0.012,0.012,0.012,0.012,386432
DSB,20160616,0.09,0.09,0.09,0.09,37329
DSX,20160616,0.047,0.047,0.047,0.047,40000
DTI,20160616,0.43,0.44,0.42,0.44,107200
DTL,20160616,1.1,1.1,1.06,1.06,50112
DTM,20160616,0.01,0.011,0.01,0.011,910000
DTX,20160616,0.445,0.445,0.445,0.445,9049
DUB,20160616,0.45,0.5,0.445,0.5,161384
DUE,20160616,2.45,2.46,2.43,2.46,15962453
DUI,20160616,3.26,3.29,3.26,3.28,24434
DVA,20160616,0.75,0.76,0.74,0.74,99023
DVI,20160616,0.016,0.016,0.016,0.016,631524
DWS,20160616,1.13,1.13,1.12,1.13,15559
DXS,20160616,8.98,9.01,8.91,8.96,5176220
DYE,20160616,0.23,0.23,0.225,0.23,42285
DYL,20160616,0.004,0.005,0.004,0.005,6958565
E88,20160616,0.65,0.65,0.65,0.65,8500
EAI,20160616,0.82,0.82,0.82,0.82,20000
EAL,20160616,0.082,0.082,0.082,0.082,121200
EAR,20160616,0.18,0.19,0.18,0.19,582456
ECG,20160616,0.28,0.28,0.26,0.26,18207
ECX,20160616,3.45,3.54,3.45,3.52,768659
EDE,20160616,0.185,0.21,0.185,0.2,7561872
EGG,20160616,1.275,1.3,1.275,1.3,24389
EGH,20160616,0.77,0.79,0.755,0.76,257668
EGI,20160616,0.925,0.925,0.925,0.925,22165
EGL,20160616,0.026,0.026,0.026,0.026,20000
EGN,20160616,0.09,0.09,0.09,0.09,40000
EGO,20160616,0.435,0.44,0.4,0.4,139181
EGS,20160616,0.395,0.395,0.38,0.39,240827
EHE,20160616,4.6,4.7,4.6,4.62,3721586
EHL,20160616,0.037,0.037,0.036,0.036,1063293
ELM,20160616,0.18,0.19,0.18,0.19,242110
ELX,20160616,1.05,1.05,1.025,1.025,143440
EMC,20160616,0.8,0.82,0.775,0.775,360290
EMF,20160616,1.81,1.81,1.79,1.79,7050
EMG,20160616,0.011,0.011,0.011,0.011,149550
EMH,20160616,0.44,0.44,0.42,0.42,481120
EML,20160616,1.36,1.37,1.35,1.355,1324176
EMR,20160616,0.048,0.048,0.048,0.048,1209702
EMX,20160616,0.05,0.051,0.05,0.05,436809
ENC,20160616,0.27,0.27,0.27,0.27,7979
ENN,20160616,1.92,1.92,1.92,1.92,42915
ENT,20160616,0.014,0.015,0.014,0.015,180983
ENX,20160616,0.012,0.012,0.012,0.012,3333
EOR,20160616,0.009,0.009,0.008,0.008,3399998
EOS,20160616,1.8,1.84,1.8,1.8,45681
EPA,20160616,0.003,0.003,0.003,0.003,920186
EPD,20160616,0.36,0.36,0.355,0.355,15076
EPM,20160616,0.009,0.009,0.008,0.008,3565587
EPW,20160616,1.44,1.465,1.435,1.445,498593
EQE,20160616,0.01,0.011,0.01,0.011,23000
EQT,20160616,15.6,15.87,15.58,15.85,12217
ERA,20160616,0.355,0.36,0.345,0.355,137055
ERJ,20160616,0.03,0.03,0.027,0.027,1866574
ERL,20160616,0.019,0.019,0.019,0.019,25000
ERM,20160616,0.052,0.052,0.05,0.051,1558698
ESI,20160616,0.012,0.012,0.012,0.012,60000
ESM,20160616,0.01,0.01,0.01,0.01,250000
ESV,20160616,0.085,0.09,0.085,0.085,82111
ETPMAG,20160616,22.8,23.14,22.8,23.09,9106
ETPMPD,20160616,79.13,79.13,79.13,79.13,0
ETPMPM,20160616,119.87,119.87,119.87,119.87,0
ETPMPT,20160616,135.75,135.75,127.5,127.5,94
EVE,20160616,0.01,0.01,0.01,0.01,450000
EVN,20160616,2.43,2.46,2.41,2.43,9359446
EVT,20160616,14.8,14.97,14.8,14.87,33887
EWC,20160616,0.205,0.205,0.195,0.195,188356
EXC,20160616,0.038,0.038,0.036,0.036,545000
EXO,20160616,0.004,0.005,0.004,0.004,5475000
EXR,20160616,0.001,0.001,0.001,0.001,113635382
EXU,20160616,0.067,0.068,0.065,0.067,731003
EZL,20160616,0.78,0.785,0.77,0.77,22481
FAN,20160616,2.09,2.11,2.08,2.1,61282
FAR,20160616,0.077,0.077,0.076,0.077,6699479
FBR,20160616,0.026,0.026,0.025,0.026,1485260
FBU,20160616,8.04,8.11,8.01,8.06,862655
FCT,20160616,0.235,0.235,0.235,0.235,156436
FET,20160616,2.54,2.56,2.54,2.54,215791
FFG,20160616,0.049,0.049,0.048,0.048,100000
FFT,20160616,0.565,0.565,0.56,0.56,14165
FGF,20160616,0.008,0.008,0.008,0.008,1690
FGG,20160616,1.08,1.08,1.055,1.055,148279
FGR,20160616,0.12,0.12,0.11,0.11,1727586
FGX,20160616,1.115,1.125,1.115,1.125,262518
FID,20160616,2.45,2.45,2.45,2.45,9
FLN,20160616,1.51,1.545,1.505,1.51,185828
FLT,20160616,30.88,31.65,30.88,31.49,598272
FMG,20160616,3.2,3.22,3.14,3.16,14079323
FML,20160616,0.455,0.46,0.44,0.46,83875
FMS,20160616,0.026,0.026,0.025,0.025,1182858
FND,20160616,0.155,0.16,0.155,0.16,1153044
FNP,20160616,3.9,4.05,3.9,3.95,233789
FNT,20160616,0.03,0.03,0.03,0.03,49231
FOD,20160616,0.185,0.19,0.18,0.185,133280
FPH,20160616,9.85,9.97,9.85,9.94,710184
FRI,20160616,0.83,0.83,0.83,0.83,13650
FRM,20160616,2.03,2.06,2.01,2.06,43774
FRN,20160616,0.021,0.021,0.021,0.021,367079
FRX,20160616,0.12,0.12,0.12,0.12,400000
FSA,20160616,1.035,1.035,1.035,1.035,5000
FSF,20160616,5.15,5.27,5.11,5.22,5659
FTT,20160616,0.034,0.034,0.033,0.033,287500
FWD,20160616,1.72,1.74,1.68,1.72,38829
FXJ,20160616,0.885,0.9,0.885,0.885,8289149
FXL,20160616,1.815,1.84,1.795,1.8,2239324
FYI,20160616,0.042,0.042,0.042,0.042,61098
FZR,20160616,0.195,0.195,0.195,0.195,5000
G8C,20160616,0.033,0.033,0.033,0.033,178800
GAP,20160616,0.325,0.325,0.3,0.32,206221
GBE,20160616,0.021,0.021,0.021,0.021,24608
GBG,20160616,0.018,0.018,0.018,0.018,23893
GBI,20160616,0.19,0.2,0.185,0.2,49000
GBM,20160616,0.012,0.012,0.012,0.012,500000
GBP,20160616,0.04,0.04,0.04,0.04,50000
GBT,20160616,4.81,4.89,4.71,4.85,75114
GBZ,20160616,0.014,0.014,0.014,0.014,1198132
GC1,20160616,0.97,0.985,0.97,0.985,28750
GCN,20160616,0.006,0.006,0.006,0.006,2657631
GCY,20160616,0.53,0.595,0.53,0.59,1623196
GDF,20160616,1,1,1,1,65037
GDI,20160616,0.9,0.915,0.9,0.91,1971375
GDX,20160616,35,36.33,35,36.33,24201
GEAR,20160616,17.36,17.85,17.18,17.24,77304
GEG,20160616,1.17,1.18,1.15,1.15,87830
GEM,20160616,3.93,4.005,3.89,3.89,3033782
GER,20160616,0.069,0.069,0.068,0.068,50000
GFL,20160616,1.405,1.405,1.405,1.405,343
GFY,20160616,1.08,1.11,1.06,1.1,126908
GGE,20160616,0.005,0.005,0.005,0.005,2575000
GGG,20160616,0.03,0.032,0.03,0.031,1744408
GGL,20160616,0.042,0.042,0.041,0.041,597924
GGUS,20160616,9.28,9.28,9.18,9.18,15506
GHC,20160616,2.21,2.27,2.2,2.2,166043
GID,20160616,0.03,0.03,0.028,0.029,220245
GJT,20160616,2.55,2.59,2.54,2.57,253026
GLF,20160616,0.008,0.009,0.008,0.009,2760902
GLH,20160616,0.42,0.42,0.42,0.42,20
GMA,20160616,2.62,2.62,2.55,2.56,2197585
GMC,20160616,0.004,0.004,0.003,0.003,1083795
GMD,20160616,0.02,0.022,0.02,0.022,2105993
GMF,20160616,2.37,2.38,2.36,2.37,112347
GMG,20160616,7.15,7.15,7.06,7.14,7145607
GMM,20160616,0.78,0.795,0.755,0.765,379812
GMN,20160616,0.041,0.041,0.041,0.041,140000
GMR,20160616,0.006,0.006,0.005,0.005,2195800
GNC,20160616,9.01,9.23,9.01,9.09,938432
GNE,20160616,1.97,1.98,1.965,1.97,33934
GNG,20160616,0.96,0.96,0.955,0.96,68351
GNX,20160616,0.17,0.17,0.14,0.16,983753
GOLD,20160616,167,170.07,166.5,169.4,6083
GOR,20160616,0.61,0.615,0.575,0.585,1145615
GOVT,20160616,26.69,26.7,26.69,26.7,160
GOZ,20160616,3.27,3.32,3.22,3.3,631760
GPH,20160616,0.135,0.14,0.13,0.13,1246424
GPP,20160616,0.004,0.005,0.004,0.005,450000
GPT,20160616,5.41,5.43,5.345,5.36,6658599
GPX,20160616,0.48,0.65,0.48,0.595,3873186
GRA,20160616,0.3,0.3,0.26,0.27,279643
GRB,20160616,0.056,0.056,0.055,0.056,442999
GRR,20160616,0.089,0.09,0.089,0.089,608776
GRY,20160616,0.14,0.145,0.14,0.145,595895
GSC,20160616,0.031,0.031,0.03,0.031,2379260
GSE,20160616,0.039,0.05,0.039,0.05,6975
GSS,20160616,0.49,0.49,0.47,0.47,184750
GTG,20160616,0.019,0.019,0.018,0.018,471800
GTK,20160616,2.71,2.72,2.71,2.72,501000
GTN,20160616,2.02,2.02,1.97,1.99,328780
GTY,20160616,2.76,2.79,2.72,2.78,2618607
GUD,20160616,8.52,8.66,8.48,8.52,342416
GVF,20160616,1.03,1.05,1.03,1.05,82574
GWA,20160616,2.23,2.23,2.14,2.2,1178217
GXL,20160616,7.2,7.3,7.09,7.12,317058
GXY,20160616,0.5,0.505,0.48,0.485,3911926
HAV,20160616,0.38,0.4,0.38,0.4,21500
HCT,20160616,0.175,0.175,0.17,0.17,2500
HEG,20160616,0.002,0.002,0.002,0.002,1500000
HFA,20160616,2.26,2.27,2.25,2.27,31639
HFR,20160616,1.53,1.545,1.49,1.515,138689
HGG,20160616,4.6,4.695,4.56,4.64,8212564
HGO,20160616,0.03,0.031,0.03,0.031,623381
HHL,20160616,3.46,3.5,3.4,3.5,21450
HHV,20160616,1.295,1.31,1.28,1.285,207471
HHY,20160616,0.115,0.12,0.115,0.115,190623
HIG,20160616,0.061,0.061,0.057,0.057,596002
HIL,20160616,0.23,0.245,0.23,0.245,189602
HLS,20160616,0.004,0.004,0.004,0.004,155002
HLX,20160616,0.096,0.1,0.096,0.1,2755725
HML,20160616,0.97,0.97,0.95,0.95,34416
HMX,20160616,0.071,0.071,0.069,0.069,125600
HNG,20160616,0.435,0.45,0.435,0.45,83400
HNR,20160616,0.017,0.018,0.017,0.017,2983555
HOM,20160616,0.445,0.445,0.44,0.44,10659
HOR,20160616,0.023,0.024,0.023,0.024,122000
HPI,20160616,3.07,3.15,3.05,3.05,146867
HRL,20160616,0.12,0.12,0.12,0.12,3847
HRR,20160616,0.14,0.15,0.14,0.14,668813
HSK,20160616,0.027,0.028,0.027,0.028,361547
HSN,20160616,3.65,3.7,3.65,3.7,150176
HSO,20160616,2.84,2.85,2.76,2.78,6729155
HTA,20160616,0.08,0.08,0.08,0.08,120
HUB,20160616,3.82,3.82,3.69,3.76,57214
HUO,20160616,3.25,3.57,3.25,3.57,28503
HVN,20160616,4.53,4.585,4.51,4.54,2360355
HVST,20160616,20.86,21,20.78,20.85,38651
HXG,20160616,0.14,0.165,0.14,0.16,3844039
HZN,20160616,0.048,0.049,0.047,0.047,1307621
HZR,20160616,0.49,0.49,0.465,0.47,17652
IAA,20160616,58.75,58.75,57.3,57.71,8155
IAB,20160616,1,1,1,1,2403
IAF,20160616,109.66,109.66,109.3,109.52,9905
IAG,20160616,5.61,5.61,5.54,5.54,7519032
IAU,20160616,0.125,0.125,0.12,0.125,237934
IBC,20160616,0.465,0.475,0.46,0.475,39000
IBG,20160616,0.045,0.046,0.044,0.044,1595553
IBK,20160616,39.37,39.37,39.1,39.1,5226
ICG,20160616,0.004,0.006,0.004,0.006,16214797
ICQ,20160616,0.86,0.88,0.86,0.88,82119
ICS,20160616,1.8,1.8,1.8,1.8,2000
ICT,20160616,0.04,0.04,0.04,0.04,40000
ICU,20160616,0.105,0.105,0.105,0.105,5000
IDO,20160616,0.007,0.007,0.007,0.007,16973
IDR,20160616,2.12,2.13,2.12,2.12,2626251
IDT,20160616,0.27,0.27,0.265,0.27,172887
IDX,20160616,1.48,1.48,1.41,1.47,69231
IDZ,20160616,0.44,0.44,0.44,0.44,15000
IEC,20160616,0.006,0.006,0.006,0.006,152222
IEL,20160616,4.45,4.47,4.32,4.4,813757
IEM,20160616,45,45,44.46,44.47,144236
IEU,20160616,51,51,50.77,50.77,70389
IFL,20160616,8.02,8.04,7.91,7.93,1075696
IFM,20160616,0.59,0.595,0.59,0.59,122112
IFN,20160616,1.05,1.08,1.03,1.08,9853196
IGB,20160616,107.51,107.59,106.98,106.98,946
IGL,20160616,2.2,2.21,2.13,2.2,191342
IGO,20160616,3.5,3.54,3.32,3.33,6148743
IHCB,20160616,105.52,105.94,105.52,105.94,1738
IHD,20160616,12.6,12.65,12.2,12.54,78909
IHEB,20160616,106.71,106.71,106.71,106.71,5
IHHY,20160616,102.51,102.51,102.51,102.51,0
IHK,20160616,25.94,25.94,25.94,25.94,102
IHOO,20160616,92.77,92.77,92.05,92.5,1303
IHVV,20160616,260,261.6,260,261.12,493
IIL,20160616,0.275,0.28,0.275,0.28,15974
IJH,20160616,199.97,199.97,199.93,199.93,244
IJP,20160616,15.42,15.48,15.33,15.33,37805
IJR,20160616,156.28,157.07,155.93,155.93,623
IKO,20160616,68.44,68.44,68.3,68.3,1364
IKW,20160616,0.002,0.002,0.002,0.002,96750
ILB,20160616,116.84,117.49,116.84,117.48,2660
ILC,20160616,21.25,21.46,20.5,21.19,40684
ILU,20160616,6.73,6.84,6.63,6.68,3494747
IMC,20160616,0.255,0.255,0.255,0.255,40965
IMD,20160616,0.2,0.2,0.2,0.2,200000
IMF,20160616,1.41,1.41,1.372,1.395,571374
IMU,20160616,0.009,0.009,0.009,0.009,2773616
INA,20160616,2.9,2.985,2.88,2.93,270479
IND,20160616,0.011,0.011,0.011,0.011,949169
INK,20160616,0.066,0.066,0.066,0.066,49900
INM,20160616,51.78,51.9,51.64,51.8,160705
INV,20160616,0.29,0.29,0.29,0.29,4000
IOF,20160616,4.26,4.32,4.25,4.27,3138331
IOG,20160616,0.053,0.056,0.053,0.054,125000
IOO,20160616,96.5,96.64,96.08,96.12,25695
IOT,20160616,0.105,0.11,0.1,0.1,6228343
IOZ,20160616,22.17,22.17,21.67,21.67,47510
IPB,20160616,0.012,0.012,0.012,0.012,100000
IPD,20160616,0.95,0.972,0.95,0.95,194014
IPE,20160616,0.23,0.23,0.23,0.23,192500
IPH,20160616,6.81,6.865,6.71,6.71,445381
IPL,20160616,3.23,3.29,3.22,3.24,18586120
IPT,20160616,0.032,0.033,0.032,0.033,620000
IQ3,20160616,0.25,0.25,0.25,0.25,1606
IQE,20160616,0.34,0.34,0.31,0.31,4000
IRC,20160616,0.11,0.11,0.11,0.11,21500
IRD,20160616,0.1,0.1,0.092,0.092,54995
IRE,20160616,11.67,11.96,11.67,11.89,522199
IRI,20160616,2.05,2.17,2.04,2.13,165663
IRU,20160616,154.24,154.88,154.14,154.18,4359
ISD,20160616,3.7,3.76,3.65,3.65,675205
ISO,20160616,4.19,4.21,4.16,4.16,45512
ISU,20160616,1.19,1.2,1.145,1.185,503903
ISX,20160616,0.185,0.195,0.185,0.195,935928
ITD,20160616,0.16,0.16,0.155,0.155,112747
ITQ,20160616,5.55,5.55,5.55,5.55,9
ITW,20160616,18.38,18.38,18.15,18.15,6516
IVC,20160616,12.69,12.76,12.62,12.72,277697
IVE,20160616,75.2,75.4,74.89,74.91,33744
IVO,20160616,0.023,0.023,0.023,0.023,102846
IVR,20160616,0.041,0.043,0.041,0.042,875691
IVV,20160616,284,284,281.26,281.37,16029
IVX,20160616,0.006,0.006,0.005,0.005,114052
IWG,20160616,0.06,0.06,0.056,0.056,307357
IXI,20160616,131,131.46,130.74,131.19,927
IXJ,20160616,135.17,135.17,133.5,133.5,8895
IXP,20160616,82.8,82.8,82.57,82.6,828
IZZ,20160616,44.46,44.46,43.99,43.99,1039
JBH,20160616,22.98,23.86,22.98,23.52,1034481
JHC,20160616,2.46,2.545,2.46,2.49,1626571
JHL,20160616,0.155,0.155,0.15,0.155,187750
JHX,20160616,20.38,20.56,20.23,20.31,1697022
JIN,20160616,1.37,1.37,1.37,1.37,5000
JKA,20160616,0.003,0.003,0.003,0.003,1103522
JKL,20160616,0.23,0.23,0.23,0.23,238787
JPR,20160616,0.23,0.25,0.23,0.25,202792
JRL,20160616,0.24,0.24,0.24,0.24,15000
JRV,20160616,0.072,0.08,0.072,0.08,200438
KAI,20160616,0.068,0.07,0.064,0.067,2492403
KAM,20160616,0.44,0.44,0.44,0.44,4761
KAR,20160616,1.445,1.465,1.385,1.41,909714
KAS,20160616,0.024,0.025,0.024,0.024,496095
KAT,20160616,0.785,0.785,0.78,0.78,6364
KBC,20160616,0.16,0.16,0.16,0.16,226888
KBL,20160616,0.007,0.007,0.005,0.007,14648477
KBU,20160616,0.115,0.115,0.11,0.11,59348
KDR,20160616,0.16,0.165,0.16,0.16,1817488
KFE,20160616,0.02,0.02,0.019,0.019,1776315
KGD,20160616,0.031,0.032,0.029,0.029,893350
KGL,20160616,0.155,0.165,0.155,0.165,323289
KII,20160616,2.22,2.23,2.22,2.22,127527
KIN,20160616,0.165,0.175,0.165,0.17,419922
KKL,20160616,0.007,0.008,0.007,0.008,2897500
KKT,20160616,0.375,0.38,0.375,0.38,12777
KMD,20160616,1.39,1.395,1.355,1.38,158722
KNH,20160616,0.15,0.15,0.15,0.15,1000
KNL,20160616,0.29,0.325,0.29,0.31,1349407
KNM,20160616,0.015,0.015,0.015,0.015,58276
KNO,20160616,0.235,0.265,0.235,0.265,83528
KOR,20160616,0.035,0.035,0.03,0.031,1825000
KOV,20160616,2.3,2.33,2.3,2.33,12908
KPL,20160616,0.14,0.14,0.14,0.14,75000
KPO,20160616,0.065,0.065,0.065,0.065,30000
KRC,20160616,0.008,0.008,0.008,0.008,710000
KRM,20160616,0.165,0.17,0.165,0.17,306512
KSC,20160616,1.28,1.36,1.28,1.36,34910
KSL,20160616,1.07,1.07,1.06,1.06,103000
KSN,20160616,0.02,0.02,0.018,0.018,1128631
KTA,20160616,0.15,0.16,0.15,0.16,31177
LAA,20160616,0.275,0.275,0.275,0.275,28500
LAU,20160616,0.48,0.48,0.47,0.48,110666
LBT,20160616,0.18,0.18,0.16,0.16,34716
LCK,20160616,0.22,0.22,0.19,0.19,777885
LCM,20160616,0.4,0.41,0.395,0.4,94514
LCR,20160616,0.004,0.004,0.004,0.004,6537651
LCT,20160616,0.062,0.062,0.061,0.062,487561
LEG,20160616,0.008,0.008,0.008,0.008,400000
LEP,20160616,4.44,4.47,4.42,4.45,125284
LER,20160616,0.105,0.105,0.105,0.105,20000
LHB,20160616,0.105,0.105,0.105,0.105,7660
LHC,20160616,1.66,1.71,1.64,1.65,98363
LIC,20160616,2.9,3.01,2.9,2.99,20462
LIT,20160616,0.265,0.265,0.245,0.25,1297952
LKE,20160616,0.055,0.055,0.055,0.055,25000
LKO,20160616,0.001,0.001,0.001,0.001,500000
LLC,20160616,13.3,13.35,13.05,13.11,1721978
LML,20160616,0.067,0.073,0.067,0.07,179486
LNG,20160616,0.85,0.89,0.792,0.83,9532957
LNK,20160616,8.28,8.31,8.19,8.23,1389849
LNR,20160616,5.7,5.8,5.7,5.7,3200
LNU,20160616,0.063,0.063,0.063,0.063,276600
LNY,20160616,0.004,0.004,0.004,0.004,660800
LOM,20160616,0.345,0.355,0.345,0.35,328643
LOV,20160616,2.4,2.45,2.36,2.4,99569
LPE,20160616,0.041,0.043,0.041,0.043,3826087
LRS,20160616,0.016,0.016,0.014,0.015,28992540
LSR,20160616,0.021,0.024,0.021,0.023,1645326
LTR,20160616,0.018,0.018,0.017,0.017,976490
LVH,20160616,0.16,0.16,0.155,0.16,466525
LVT,20160616,0.19,0.19,0.185,0.185,144865
LWP,20160616,0.006,0.007,0.005,0.006,154212754
LYC,20160616,0.067,0.068,0.064,0.066,10085434
M7T,20160616,0.045,0.05,0.045,0.05,91000
MA1,20160616,0.96,0.96,0.96,0.96,24211
MAD,20160616,0.05,0.052,0.047,0.048,1569423
MAH,20160616,0.1,0.102,0.098,0.1,3920603
MAI,20160616,0.65,0.65,0.645,0.645,5505
MAQ,20160616,11.95,11.95,11.95,11.95,8750
MAR,20160616,0.004,0.004,0.004,0.004,750000
MAU,20160616,0.048,0.051,0.048,0.05,450000
MBE,20160616,0.29,0.3,0.29,0.29,1553717
MBK,20160616,0.019,0.022,0.019,0.022,10582489
MBO,20160616,0.034,0.037,0.034,0.037,1040000
MBT,20160616,0.036,0.036,0.034,0.034,83897
MCE,20160616,0.37,0.375,0.36,0.37,45360
MCP,20160616,0.88,0.88,0.85,0.86,74775
MCR,20160616,0.28,0.3,0.28,0.29,99711
MCS,20160616,0.022,0.022,0.02,0.02,1011359
MCT,20160616,0.077,0.08,0.077,0.077,1555876
MCX,20160616,0.04,0.04,0.04,0.04,660
MDC,20160616,0.48,0.48,0.45,0.45,73558
MDI,20160616,0.04,0.041,0.035,0.041,3251412
MDR,20160616,0.046,0.048,0.045,0.046,4102974
MDX,20160616,0.006,0.006,0.006,0.006,9700
MEA,20160616,1,1,0.995,1,213647
MEB,20160616,0.3,0.3,0.29,0.29,73800
MED,20160616,0.013,0.013,0.013,0.013,8275
MEI,20160616,0.012,0.012,0.012,0.012,1323700
MEL,20160616,0.056,0.056,0.054,0.054,2388499
MEO,20160616,0.017,0.017,0.017,0.017,9100
MEP,20160616,0.085,0.088,0.083,0.084,331555
MEU,20160616,0.018,0.021,0.017,0.019,2509442
MEY,20160616,0.175,0.175,0.175,0.175,3354
MEZ,20160616,2.41,2.49,2.36,2.49,24401
MFF,20160616,1.85,1.855,1.85,1.85,189419
MFG,20160616,22.75,22.97,22.62,22.79,496666
MGC,20160616,1.15,1.195,1.14,1.18,1086700
MGE,20160616,2.5,2.52,2.5,2.52,620987
MGL,20160616,0.037,0.037,0.037,0.037,29263
MGR,20160616,2.01,2.015,1.967,1.985,13178601
MGT,20160616,0.052,0.052,0.051,0.051,223969
MGV,20160616,0.092,0.092,0.087,0.089,915773
MGX,20160616,0.23,0.26,0.225,0.245,19358940
MGZ,20160616,0.035,0.035,0.035,0.035,45000
MHM,20160616,0.031,0.031,0.03,0.031,290000
MIG,20160616,0.46,0.46,0.45,0.45,6966
MIL,20160616,1.25,1.3,1.25,1.3,23411
MIN,20160616,8.9,8.93,8.34,8.35,2428009
MIR,20160616,2.77,2.79,2.77,2.77,50475
MJP,20160616,0.58,0.595,0.56,0.56,75210
MLB,20160616,1.825,1.85,1.825,1.83,218101
MLD,20160616,1.255,1.275,1.18,1.185,321640
MLM,20160616,0.033,0.033,0.031,0.031,1673000
MLT,20160616,4.21,4.23,4.17,4.2,153893
MLX,20160616,1.28,1.34,1.28,1.325,1862379
MMI,20160616,0.071,0.071,0.071,0.071,100000
MMJ,20160616,0.225,0.235,0.215,0.215,246901
MML,20160616,0.69,0.705,0.675,0.705,629488
MMS,20160616,14.3,14.39,13.99,14.17,773483
MNC,20160616,0.003,0.003,0.003,0.003,27627523
MND,20160616,7.57,7.67,7.32,7.33,828006
MNF,20160616,4.1,4.1,4,4.02,38139
MNQ,20160616,0.016,0.016,0.014,0.014,1613560
MNS,20160616,0.97,0.995,0.94,0.94,1870601
MNW,20160616,0.1,0.1,0.1,0.1,468466
MNY,20160616,0.995,0.995,0.975,0.98,428852
MOAT,20160616,44.54,44.54,44.24,44.24,123
MOC,20160616,1.82,1.85,1.795,1.83,145659
MOD,20160616,0.024,0.024,0.023,0.023,2698846
MOX,20160616,0.013,0.013,0.013,0.013,100000
MOY,20160616,0.16,0.172,0.16,0.165,6884961
MP1,20160616,2.06,2.07,2.01,2.01,37147
MPL,20160616,2.9,2.94,2.835,2.91,44525505
MPO,20160616,0.13,0.13,0.125,0.125,113105
MQA,20160616,5.08,5.16,5.01,5.01,2496281
MQG,20160616,72,72.29,70.66,71.45,1604768
MRC,20160616,0.14,0.14,0.14,0.14,70000
MRD,20160616,0.022,0.022,0.021,0.021,2133636
MRM,20160616,0.305,0.32,0.29,0.3,1562861
MRN,20160616,0.99,0.99,0.95,0.95,8888
MRP,20160616,0.094,0.095,0.094,0.095,35533
MRV,20160616,0.004,0.004,0.004,0.004,9345448
MSB,20160616,1.21,1.247,1.13,1.135,2834076
MSG,20160616,0.035,0.035,0.035,0.035,147456
MSM,20160616,0.135,0.14,0.135,0.14,1842077
MSP,20160616,0.029,0.029,0.029,0.029,1000000
MSR,20160616,0.001,0.001,0.001,0.001,1075000
MSV,20160616,0.015,0.015,0.015,0.015,530127
MTA,20160616,0.06,0.06,0.058,0.059,499243
MTH,20160616,0.006,0.006,0.006,0.006,597877
MTL,20160616,0.07,0.07,0.07,0.07,267849
MTO,20160616,2.61,2.62,2.6,2.61,55907
MTR,20160616,3.52,3.55,3.475,3.48,2039481
MTS,20160616,2.22,2.25,2.1,2.13,11074430
MUA,20160616,0.955,0.955,0.95,0.95,8220
MUS,20160616,0.044,0.044,0.042,0.044,595031
MVA,20160616,21.22,21.22,21.02,21.02,3165
MVB,20160616,23.73,23.73,23.55,23.55,584
MVF,20160616,1.825,1.83,1.775,1.8,479570
MVP,20160616,5.8,6,5.75,6,80876
MVS,20160616,17.14,17.14,17.06,17.11,1407
MVT,20160616,0.14,0.14,0.14,0.14,596
MVW,20160616,23.3,23.3,23.06,23.08,14415
MWR,20160616,0.7,0.7,0.7,0.7,10000
MX1,20160616,0.34,0.35,0.34,0.35,55480
MXC,20160616,0.05,0.051,0.049,0.049,3632486
MXI,20160616,0.44,0.445,0.44,0.44,46640
MXR,20160616,0.003,0.004,0.003,0.003,3460518
MYE,20160616,0.12,0.12,0.12,0.12,14500
MYO,20160616,3.27,3.33,3.25,3.31,894827
MYQ,20160616,0.065,0.065,0.064,0.064,141930
MYR,20160616,1.105,1.14,1.1,1.115,5588789
MYS,20160616,4.14,4.15,4.1,4.1,33990
MYT,20160616,2.8,2.86,2.8,2.86,6262
MYX,20160616,1.555,1.56,1.505,1.525,4996054
MZI,20160616,0.28,0.28,0.275,0.275,134291
MZM,20160616,0.22,0.235,0.22,0.23,80670
MZN,20160616,0.011,0.011,0.011,0.011,762166
NAB,20160616,25.23,25.3,24.69,24.78,9038182
NAC,20160616,1.01,1.015,1.01,1.01,89500
NAE,20160616,0.011,0.014,0.01,0.01,1184634
NAG,20160616,0.18,0.19,0.18,0.19,399057
NAM,20160616,0.34,0.34,0.34,0.34,2500
NAN,20160616,2.34,2.36,2.27,2.29,770869
NCK,20160616,4.4,4.585,4.4,4.5,27980
NCL,20160616,0.13,0.13,0.13,0.13,105000
NCM,20160616,22.69,22.77,22.44,22.54,5092065
NCR,20160616,0.002,0.002,0.002,0.002,199143
NDO,20160616,0.17,0.17,0.17,0.17,2080
NDQ,20160616,10.5,10.5,10.32,10.34,68727
NEA,20160616,0.44,0.45,0.43,0.43,556895
NEC,20160616,1.11,1.11,1.055,1.07,6136423
NEN,20160616,0.255,0.255,0.25,0.25,91900
NEU,20160616,0.056,0.056,0.053,0.053,1040379
NGE,20160616,0.02,0.02,0.02,0.02,580024
NHC,20160616,1.355,1.36,1.33,1.34,65198
NHF,20160616,4.22,4.32,4.22,4.24,525430
NKP,20160616,0.059,0.059,0.055,0.056,344263
NME,20160616,0.004,0.004,0.004,0.004,19000
NML,20160616,0.035,0.035,0.035,0.035,250000
NMT,20160616,0.45,0.467,0.45,0.45,1215840
NNW,20160616,0.12,0.125,0.115,0.125,163680
NOR,20160616,0.035,0.037,0.035,0.036,3587754
NPX,20160616,5.15,5.15,5.09,5.12,81231
NRT,20160616,0.11,0.11,0.105,0.105,227753
NSE,20160616,0.005,0.005,0.005,0.005,1700
NSL,20160616,0.012,0.012,0.011,0.011,4762203
NSR,20160616,1.87,1.87,1.845,1.845,1345526
NST,20160616,5.01,5.155,4.95,5.09,8109982
NTC,20160616,2.56,2.58,2.43,2.52,240557
NTL,20160616,0.005,0.007,0.005,0.007,5370000
NTM,20160616,0.041,0.044,0.04,0.041,1909697
NTU,20160616,0.074,0.076,0.073,0.073,1828723
NUF,20160616,7.53,7.53,7.35,7.39,744788
NUH,20160616,0.071,0.071,0.069,0.069,1906241
NVL,20160616,1.34,1.35,1.34,1.34,118126
NVT,20160616,5.28,5.35,5.245,5.27,1275513
NWE,20160616,0.002,0.002,0.002,0.002,195000
NWF,20160616,0.375,0.4,0.375,0.4,21098
NWH,20160616,0.225,0.23,0.22,0.22,804325
NWS,20160616,16.08,16.17,16.08,16.13,162733
NWZ,20160616,0.011,0.011,0.011,0.011,60341
NXM,20160616,0.09,0.09,0.09,0.09,150000
NXT,20160616,3.45,3.47,3.38,3.4,378415
OBJ,20160616,0.088,0.088,0.085,0.085,1118918
OBL,20160616,0.007,0.007,0.007,0.007,42102
OCC,20160616,0.335,0.35,0.325,0.34,381195
OCL,20160616,1.8,1.8,1.79,1.79,6500
OCP,20160616,1.7,1.7,1.7,1.7,10509
ODN,20160616,0.011,0.011,0.01,0.011,2555832
ODY,20160616,0.055,0.055,0.055,0.055,882500
OEC,20160616,0.78,0.78,0.77,0.77,50262
OEL,20160616,0.04,0.04,0.04,0.04,1587533
OEQ,20160616,0.17,0.17,0.16,0.16,20000
OEX,20160616,0.011,0.011,0.01,0.01,1667912
OFX,20160616,2.17,2.17,2.12,2.13,1123661
OGC,20160616,4.56,4.68,4.56,4.63,2567364
OGX,20160616,0.21,0.22,0.21,0.22,312338
OGY,20160616,0.012,0.012,0.012,0.012,125000
OKU,20160616,0.18,0.195,0.17,0.185,941726
OLV,20160616,0.07,0.07,0.07,0.07,330112
OML,20160616,4.78,4.8,4.73,4.76,163695
ONE,20160616,4.4,4.6,4.4,4.6,8500
ONT,20160616,7.08,7.08,7,7,617
OOK,20160616,0.025,0.026,0.025,0.026,2379507
OOO,20160616,15.94,15.98,15.92,15.93,10755
OPG,20160616,0.47,0.47,0.47,0.47,30000
ORA,20160616,2.67,2.7,2.65,2.66,4513928
ORE,20160616,4.8,4.83,4.69,4.75,638179
ORG,20160616,5.49,5.49,5.27,5.34,12127999
ORI,20160616,12.5,12.64,12.39,12.5,2214827
ORL,20160616,2.16,2.17,2.13,2.16,32541
ORN,20160616,0.018,0.019,0.017,0.019,498948
ORR,20160616,0.27,0.27,0.27,0.27,124901
OSH,20160616,6.8,6.8,6.58,6.67,8239375
OSL,20160616,0.14,0.14,0.135,0.135,53800
OSP,20160616,0.22,0.22,0.215,0.22,78265
OTC,20160616,0.18,0.18,0.18,0.18,6286
OTH,20160616,0.75,0.75,0.745,0.75,91530
OTI,20160616,0.007,0.007,0.007,0.007,1000
OTR,20160616,0.037,0.038,0.036,0.036,282289
OTW,20160616,2.26,2.26,2.26,2.26,1000
OVH,20160616,0.67,0.67,0.65,0.65,1130358
OVL,20160616,0.008,0.008,0.008,0.008,8898321
OZF,20160616,18.52,18.52,18.3,18.3,9600
OZL,20160616,5.45,5.54,5.325,5.51,2816776
OZR,20160616,6.7,6.7,6.62,6.62,3943
PAA,20160616,0.089,0.089,0.088,0.088,36536
PAB,20160616,0.006,0.006,0.006,0.006,94134
PAC,20160616,4.62,4.64,4.51,4.56,32379
PAF,20160616,0.915,0.915,0.9,0.9,31000
PAI,20160616,0.94,0.94,0.91,0.91,247533
PAK,20160616,0.17,0.17,0.165,0.165,351000
PAN,20160616,0.11,0.115,0.105,0.105,219426
PAR,20160616,0.335,0.34,0.335,0.335,72000
PBG,20160616,1.14,1.145,1.14,1.14,3582220
PBP,20160616,0.53,0.53,0.53,0.53,2307
PBT,20160616,0.097,0.1,0.097,0.097,63376
PCH,20160616,0.022,0.023,0.022,0.023,500000
PCL,20160616,0.004,0.004,0.004,0.004,471360
PDI,20160616,0.005,0.005,0.005,0.005,276010
PDN,20160616,0.205,0.21,0.195,0.2,5914580
PEA,20160616,0.47,0.47,0.47,0.47,102000
PEG,20160616,0.036,0.036,0.036,0.036,100000
PEH,20160616,0.088,0.088,0.088,0.088,20468
PEK,20160616,0.06,0.06,0.054,0.056,255743
PEN,20160616,0.61,0.61,0.59,0.59,31246
PEP,20160616,2.32,2.32,2.21,2.29,6354
PEX,20160616,0.15,0.155,0.145,0.145,217389
PFG,20160616,0.094,0.094,0.094,0.094,119782
PFL,20160616,1.675,1.685,1.675,1.685,122886
PGC,20160616,0.61,0.62,0.605,0.62,78292
PGF,20160616,0.89,0.895,0.875,0.88,567835
PGH,20160616,5.82,5.85,5.73,5.8,791970
PGI,20160616,0.1,0.1,0.1,0.1,55000
PGO,20160616,0.059,0.068,0.059,0.068,877973
PHG,20160616,0.26,0.265,0.26,0.265,152579
PHK,20160616,0.071,0.074,0.071,0.074,352526
PIC,20160616,0.925,0.93,0.92,0.925,91435
PIO,20160616,0.047,0.049,0.044,0.044,9610358
PIQ,20160616,0.25,0.25,0.225,0.25,17000
PKA,20160616,0.041,0.041,0.041,0.041,2388852
PLH,20160616,0.13,0.13,0.13,0.13,155500
PLP,20160616,0.022,0.024,0.021,0.022,5249201
PLS,20160616,0.64,0.645,0.61,0.615,5107486
PMC,20160616,1.61,1.615,1.575,1.575,229420
PME,20160616,4.62,4.66,4.57,4.57,16296
PML,20160616,0.085,0.085,0.081,0.085,195500
PMP,20160616,0.54,0.54,0.54,0.54,38131
PMV,20160616,14.58,14.96,14.58,14.78,356486
PMY,20160616,0.007,0.007,0.007,0.007,5021576
PNC,20160616,1.635,1.64,1.635,1.64,16714
PNL,20160616,0.175,0.175,0.175,0.175,85000
PNN,20160616,0.033,0.036,0.032,0.033,1036351
PNR,20160616,0.115,0.12,0.115,0.12,414500
PNV,20160616,0.265,0.27,0.26,0.26,235891
PNX,20160616,0.017,0.018,0.017,0.018,540000
POH,20160616,0.014,0.016,0.014,0.016,4475558
POP,20160616,0.048,0.048,0.048,0.048,1009
POS,20160616,0.065,0.069,0.063,0.063,9791873
POU,20160616,19,19.04,19,19.04,10851
POW,20160616,0.013,0.013,0.013,0.013,650629
PPC,20160616,0.91,0.91,0.865,0.9,362625
PPG,20160616,0.45,0.45,0.45,0.45,7375
PPL,20160616,0.515,0.515,0.505,0.505,19300
PPS,20160616,0.295,0.3,0.29,0.29,189454
PPT,20160616,41.77,41.89,41.37,41.56,235348
PPY,20160616,0.009,0.009,0.009,0.009,34204
PRG,20160616,1.71,1.72,1.645,1.645,1095293
PRL,20160616,0.022,0.022,0.021,0.021,60684
PRO,20160616,1.12,1.12,1.1,1.1,35705
PRR,20160616,0.044,0.045,0.044,0.044,2486959
PRT,20160616,0.335,0.335,0.32,0.325,341757
PRU,20160616,0.59,0.63,0.59,0.62,6253109
PRY,20160616,3.88,3.88,3.7,3.7,3421518
PSA,20160616,0.16,0.16,0.16,0.16,37200
PSC,20160616,0.021,0.022,0.021,0.021,7886874
PSI,20160616,1.69,1.7,1.64,1.7,43448
PSM,20160616,0.034,0.037,0.034,0.037,1647680
PSQ,20160616,2,2,2,2,1000
PSY,20160616,0.115,0.115,0.115,0.115,177324
PSZ,20160616,0.63,0.63,0.615,0.615,91473
PTL,20160616,0.62,0.66,0.62,0.62,9835
PTM,20160616,6.08,6.11,6.03,6.07,1719673
PTR,20160616,0.004,0.004,0.004,0.004,27272
PTX,20160616,0.088,0.09,0.087,0.09,351961
PUN,20160616,0.03,0.036,0.03,0.036,154811
PVD,20160616,0.024,0.024,0.024,0.024,176000
PWH,20160616,2.94,2.94,2.81,2.85,126034
PWN,20160616,0.029,0.029,0.029,0.029,32000
PXS,20160616,0.26,0.26,0.255,0.255,84155
PYC,20160616,0.015,0.015,0.014,0.014,250000
PZC,20160616,0.003,0.003,0.003,0.003,25000
QAG,20160616,8.7,8.72,8.7,8.72,3942
QAN,20160616,2.95,2.95,2.84,2.85,19420412
QAU,20160616,13.8,13.81,13.63,13.81,23606
QBE,20160616,11.63,11.66,11.31,11.36,4983524
QBL,20160616,0.007,0.007,0.006,0.007,3502500
QCB,20160616,9.89,9.89,9.89,9.89,3535
QHL,20160616,0.135,0.14,0.135,0.135,281439
QMIX,20160616,15.78,15.78,15.78,15.78,0
QMS,20160616,1.2,1.245,1.19,1.22,87688
QOZ,20160616,11.27,11.27,11.22,11.23,70905
QRE,20160616,3.67,3.67,3.63,3.63,1500
QTM,20160616,0.031,0.031,0.031,0.031,16250
QUAL,20160616,18.56,18.62,18.52,18.54,11625
QUB,20160616,2.17,2.23,2.17,2.2,3504540
QUR,20160616,0.025,0.025,0.024,0.025,143000
QUS,20160616,27.74,27.74,27.73,27.73,1053
QVE,20160616,1.08,1.08,1.065,1.08,115931
RAP,20160616,0.395,0.41,0.39,0.4,4200199
RARI,20160616,23.55,23.55,23.55,23.55,0
RBL,20160616,1.12,1.12,1.1,1.12,65210
RBR,20160616,0.008,0.008,0.008,0.008,200000
RCB,20160616,20.68,20.69,20.57,20.69,20607
RCE,20160616,0.285,0.29,0.285,0.29,17736
RCG,20160616,1.3,1.357,1.3,1.34,967036
RCO,20160616,0.19,0.2,0.19,0.2,27271
RCP,20160616,0.002,0.002,0.002,0.002,31374224
RCR,20160616,1.55,1.59,1.54,1.58,192623
RCT,20160616,3.7,3.7,3.7,3.7,1800
RCU,20160616,0.063,0.063,0.063,0.063,625
RDG,20160616,0.013,0.013,0.013,0.013,146499
RDH,20160616,0.83,0.83,0.83,0.83,15
RDM,20160616,0.095,0.095,0.095,0.095,50000
RDS,20160616,0.008,0.009,0.008,0.008,1085750
RDV,20160616,26.7,27.02,26.6,26.6,16980
REA,20160616,56.11,56.25,55.46,56.19,353069
RED,20160616,0.088,0.088,0.082,0.086,839088
REF,20160616,0.12,0.12,0.115,0.115,71754
REG,20160616,4.31,4.43,4.31,4.32,1075392
REH,20160616,37.2,37.2,36.5,36.55,400368
RER,20160616,0.009,0.009,0.009,0.009,100000
RES,20160616,0.115,0.115,0.086,0.087,511811
REV,20160616,0.065,0.068,0.065,0.066,150000
REX,20160616,0.75,0.75,0.75,0.75,14869
RFF,20160616,1.61,1.62,1.6,1.6,146552
RFG,20160616,5.48,5.57,5.4,5.4,668966
RFL,20160616,0.105,0.105,0.1,0.1,72000
RFN,20160616,0.1,0.125,0.099,0.125,1164593
RFX,20160616,0.575,0.61,0.575,0.59,1911086
RGB,20160616,22.25,22.25,22.21,22.21,1199
RGS,20160616,0.155,0.155,0.155,0.155,35000
RHC,20160616,71.27,71.96,70.62,70.79,450638
RHL,20160616,3.48,3.48,3.45,3.45,6736
RHP,20160616,0.96,0.96,0.96,0.96,1203
RHT,20160616,0.02,0.02,0.019,0.019,190527
RIC,20160616,1.395,1.405,1.385,1.405,245148
RIE,20160616,0.022,0.022,0.022,0.022,384052
RIO,20160616,43.98,44.03,42.9,43.01,2155464
RKN,20160616,1.59,1.59,1.515,1.53,89334
RLE,20160616,0.12,0.12,0.12,0.12,94227
RMD,20160616,7.98,7.99,7.9,7.94,2133524
RMG,20160616,0.011,0.011,0.011,0.011,460353
RMP,20160616,0.021,0.021,0.02,0.021,2367000
RMR,20160616,0.002,0.002,0.002,0.002,2000000
RMS,20160616,0.415,0.425,0.415,0.425,2111069
RMX,20160616,0.001,0.002,0.001,0.001,1540011
RNI,20160616,0.015,0.015,0.014,0.015,1355110
RNO,20160616,0.02,0.02,0.02,0.02,1289758
RNS,20160616,0.062,0.065,0.059,0.065,794222
RNT,20160616,0.175,0.175,0.175,0.175,185489
RNU,20160616,0.019,0.019,0.019,0.019,330000
RNY,20160616,0.13,0.13,0.13,0.13,11000
RRL,20160616,3.52,3.63,3.46,3.46,5844598
RSG,20160616,1.175,1.21,1.155,1.16,3721557
RSH,20160616,0.038,0.04,0.037,0.04,467494
RSM,20160616,20.94,20.94,20.93,20.93,2945
RTG,20160616,0.45,0.45,0.43,0.43,31176
RTR,20160616,0.014,0.015,0.014,0.015,212000
RUB,20160616,0.045,0.045,0.045,0.045,20000
RUL,20160616,0.415,0.415,0.415,0.415,29650
RUM,20160616,0.021,0.021,0.021,0.021,212000
RVA,20160616,1.062,1.065,1.05,1.055,284331
RVR,20160616,0.14,0.145,0.14,0.145,165154
RVY,20160616,0.026,0.026,0.025,0.025,1455695
RWC,20160616,3.08,3.1,3.01,3.02,569344
RWD,20160616,0.49,0.5,0.49,0.5,117000
RWH,20160616,1.12,1.12,1.1,1.12,12900
RXH,20160616,0.115,0.115,0.115,0.115,45000
RXL,20160616,0.023,0.025,0.022,0.022,4280639
RXM,20160616,0.055,0.056,0.055,0.056,245052
RXP,20160616,0.53,0.54,0.53,0.53,38900
S2R,20160616,0.305,0.31,0.295,0.295,119207
S32,20160616,1.625,1.63,1.575,1.58,17449270
SAI,20160616,3.47,3.515,3.46,3.5,2163129
SAR,20160616,1.475,1.49,1.44,1.465,10318835
SAS,20160616,0.025,0.026,0.024,0.024,4858880
SAU,20160616,0.305,0.31,0.305,0.31,15000
SBB,20160616,0.023,0.023,0.022,0.022,746667
SBM,20160616,3.14,3.19,3.095,3.12,5902055
SBR,20160616,0.016,0.016,0.016,0.016,100000
SBU,20160616,0.014,0.014,0.01,0.01,930000
SCG,20160616,4.72,4.74,4.65,4.71,18750571
SCI,20160616,0.06,0.066,0.059,0.062,2143903
SCP,20160616,2.31,2.315,2.28,2.31,2450061
SDA,20160616,3.75,3.75,3.59,3.59,602398
SDF,20160616,2,2.04,1.99,2.02,4397583
SDG,20160616,1.41,1.415,1.4,1.41,35077
SDI,20160616,0.53,0.535,0.505,0.505,104553
SDL,20160616,0.003,0.004,0.003,0.003,12271335
SEA,20160616,0.13,0.135,0.13,0.13,534310
SEG,20160616,0.003,0.003,0.002,0.002,10750000
SEH,20160616,0.11,0.11,0.105,0.105,2144898
SEK,20160616,15.54,15.71,15.51,15.57,1721548
SEN,20160616,0.115,0.115,0.105,0.105,2154073
SER,20160616,0.016,0.016,0.016,0.016,472185
SES,20160616,0.11,0.11,0.1,0.1,90000
SFC,20160616,5.02,5.02,5.02,5.02,945
SFG,20160616,0.068,0.069,0.066,0.068,914535
SFH,20160616,0.6,0.6,0.6,0.6,3000
SFI,20160616,0.063,0.063,0.061,0.062,680011
SFR,20160616,5.26,5.35,5.24,5.25,1090051
SFY,20160616,49.68,49.68,49.17,49.19,8098
SGC,20160616,0.035,0.035,0.034,0.034,100000
SGF,20160616,3.7,3.705,3.57,3.66,309056
SGH,20160616,0.375,0.39,0.37,0.39,2484618
SGM,20160616,8.32,8.34,7.98,8.12,1863591
SGP,20160616,4.67,4.68,4.59,4.62,8057034
SGQ,20160616,0.155,0.16,0.15,0.155,1616540
SGR,20160616,5.61,5.68,5.58,5.62,2070716
SHJ,20160616,1.12,1.15,1.115,1.115,59807
SHL,20160616,21.43,21.48,20.95,21.06,1412868
SHM,20160616,0.82,0.82,0.82,0.82,15000
SHP,20160616,0.005,0.005,0.005,0.005,600000
SHV,20160616,6.59,6.92,6.54,6.63,1140611
SIH,20160616,0.01,0.01,0.01,0.01,142153
SIO,20160616,0.26,0.26,0.25,0.25,324565
SIP,20160616,1.2,1.217,1.18,1.215,4186033
SIQ,20160616,5.66,5.68,5.6,5.61,65001
SIV,20160616,10.24,10.26,10.18,10.2,48010
SKC,20160616,4.42,4.43,4.36,4.39,1580260
SKF,20160616,0.09,0.09,0.09,0.09,61000
SKI,20160616,2.38,2.38,2.36,2.38,6031766
SKT,20160616,4.75,4.78,4.7,4.75,713015
SLC,20160616,2.48,2.53,2.41,2.41,91606
SLF,20160616,13.22,13.46,13.2,13.31,56915
SLK,20160616,4.49,4.51,4.42,4.42,72472
SLM,20160616,0.48,0.48,0.47,0.47,20500
SLR,20160616,0.52,0.522,0.505,0.51,4538242
SLX,20160616,0.33,0.34,0.33,0.33,67801
SMA,20160616,0.038,0.038,0.038,0.038,924894
SMG,20160616,0.31,0.33,0.31,0.33,103001
SMI,20160616,0.054,0.054,0.052,0.052,331918
SMM,20160616,0.14,0.14,0.14,0.14,3250
SMN,20160616,1.67,1.81,1.64,1.785,400925
SMP,20160616,0.19,0.19,0.19,0.19,13000
SMR,20160616,0.295,0.295,0.26,0.29,163216
SMX,20160616,1.645,1.655,1.615,1.615,96194
SND,20160616,0.53,0.53,0.51,0.525,25000
SNY,20160616,0.046,0.046,0.046,0.046,150000
SO4,20160616,0.335,0.34,0.32,0.34,186421
SOC,20160616,0.005,0.005,0.005,0.005,15345848
SOL,20160616,16.45,16.53,16.39,16.4,80046
SOM,20160616,3.3,3.3,3.2,3.3,19568
SOP,20160616,0.012,0.012,0.012,0.012,41685
SOR,20160616,0.145,0.145,0.14,0.145,755316
SPB,20160616,0.023,0.023,0.023,0.023,55216
SPI,20160616,0.02,0.022,0.02,0.022,34583
SPK,20160616,3.41,3.45,3.39,3.42,2045885
SPL,20160616,0.73,0.73,0.69,0.7,264688
SPO,20160616,1.14,1.15,1.135,1.14,4305604
SPQ,20160616,0.01,0.01,0.01,0.01,750000
SPZ,20160616,0.26,0.275,0.26,0.275,15599
SRF,20160616,0.25,0.255,0.23,0.245,3254219
SRG,20160616,0.8,0.8,0.8,0.8,188000
SRI,20160616,0.024,0.024,0.022,0.022,520000
SRO,20160616,0.035,0.035,0.034,0.034,651389
SRS,20160616,0.027,0.027,0.027,0.027,99603
SRV,20160616,7.1,7.19,7.1,7.11,14614
SRX,20160616,27.11,27.3,26.59,26.75,569515
SRY,20160616,0.066,0.066,0.065,0.065,380000
SRZ,20160616,0.028,0.028,0.028,0.028,200000
SSM,20160616,0.72,0.735,0.68,0.71,1301168
STA,20160616,0.005,0.006,0.005,0.006,2451853
STL,20160616,0.036,0.036,0.034,0.035,619098
STO,20160616,4.36,4.42,4.25,4.25,10314026
STW,20160616,49.01,50,48.9,48.95,96975
STX,20160616,0.115,0.115,0.11,0.11,376106
SUL,20160616,8.9,8.96,8.79,8.94,876799
SUM,20160616,0.04,0.045,0.04,0.045,185321
SUN,20160616,11.9,12,11.83,11.87,6503467
SVA,20160616,0.043,0.043,0.043,0.043,3678
SVM,20160616,0.091,0.095,0.09,0.09,1866000
SVW,20160616,5.37,5.42,5.28,5.37,425990
SW1,20160616,0.185,0.185,0.18,0.18,212577
SWJ,20160616,0.011,0.011,0.01,0.01,371368
SWK,20160616,0.145,0.145,0.14,0.14,47177
SWL,20160616,0.82,0.82,0.805,0.81,46608
SWM,20160616,1.17,1.19,1.15,1.155,6737609
SXA,20160616,0.028,0.028,0.027,0.027,70001
SXE,20160616,0.535,0.535,0.535,0.535,14546
SXL,20160616,1.26,1.27,1.235,1.26,2558101
SXX,20160616,0.005,0.005,0.005,0.005,100000
SXY,20160616,0.29,0.3,0.275,0.275,5918047
SYA,20160616,0.035,0.035,0.034,0.035,1521701
SYD,20160616,7,7.065,6.97,7,5816270
SYI,20160616,25.62,25.62,25.37,25.37,6912
TAH,20160616,4.26,4.295,4.195,4.23,4897250
TAM,20160616,0.048,0.05,0.048,0.049,512450
TAP,20160616,0.09,0.092,0.088,0.088,1095769
TAS,20160616,0.14,0.155,0.135,0.145,1702252
TAW,20160616,0.025,0.026,0.025,0.026,222000
TBH,20160616,0.185,0.185,0.18,0.18,101732
TBR,20160616,7.35,7.36,7.21,7.36,6212
TCH,20160616,1.62,1.7,1.6,1.7,126966
TCL,20160616,11.75,11.86,11.75,11.75,5158584
TCN,20160616,0.059,0.06,0.059,0.06,172290
TEG,20160616,0.001,0.001,0.001,0.001,13333
TEN,20160616,1.05,1.07,1.045,1.065,245558
TER,20160616,0.005,0.005,0.005,0.005,8964
TEX,20160616,0.001,0.001,0.001,0.001,343334
TFC,20160616,1.3,1.325,1.29,1.3,797381
TGA,20160616,1.41,1.435,1.4,1.405,414078
TGG,20160616,1.22,1.22,1.215,1.22,123930
TGH,20160616,1.575,1.61,1.575,1.61,353125
TGP,20160616,0.945,0.945,0.94,0.945,87858
TGR,20160616,4.23,4.23,4.11,4.13,498951
TGS,20160616,0.041,0.041,0.039,0.04,3521616
TGZ,20160616,1.21,1.25,1.21,1.25,85874
THR,20160616,0.001,0.001,0.001,0.001,600000
THX,20160616,0.053,0.053,0.053,0.053,25329
TIG,20160616,0.028,0.028,0.028,0.028,458
TIX,20160616,2.73,2.74,2.7,2.71,194295
TKF,20160616,0.08,0.08,0.074,0.078,1176905
TKL,20160616,0.024,0.025,0.023,0.025,1050000
TLM,20160616,0.375,0.38,0.375,0.38,108080
TLS,20160616,5.33,5.38,5.3,5.34,39169042
TME,20160616,4.32,4.37,4.31,4.35,861445
TMP,20160616,0.37,0.37,0.355,0.355,31747
TMZ,20160616,0.037,0.037,0.037,0.037,50000
TND,20160616,0.03,0.031,0.024,0.03,3629417
TNE,20160616,5.17,5.18,5.1,5.12,576078
TNK,20160616,1.63,1.67,1.63,1.665,12994
TNR,20160616,0.2,0.25,0.2,0.25,208615
TNT,20160616,0.17,0.17,0.17,0.17,3700
TOE,20160616,0.05,0.05,0.049,0.049,330893
TOF,20160616,2.265,2.27,2.26,2.27,54381
TOM,20160616,0.054,0.054,0.054,0.054,10000
TOP,20160616,0.545,0.555,0.545,0.55,121046
TOT,20160616,1.11,1.125,1.11,1.125,46192
TOU,20160616,0.077,0.077,0.075,0.075,129411
TOX,20160616,2.74,2.765,2.67,2.69,86981
TPE,20160616,2.98,2.98,2.8,2.8,32854
TPM,20160616,11.88,11.91,11.8,11.83,1208237
TPP,20160616,0.2,0.205,0.195,0.205,234801
TPS,20160616,0.02,0.02,0.02,0.02,18970
TRL,20160616,0.135,0.175,0.135,0.17,2302456
TRS,20160616,12.2,12.23,12,12.03,72921
TRY,20160616,0.59,0.595,0.575,0.585,1658173
TSM,20160616,0.48,0.48,0.48,0.48,47500
TSN,20160616,0.03,0.03,0.029,0.03,6530311
TSV,20160616,0.017,0.019,0.017,0.019,4020648
TTC,20160616,0.605,0.605,0.605,0.605,40000
TTE,20160616,0.006,0.006,0.005,0.005,793600
TTI,20160616,0.02,0.02,0.02,0.02,60000
TTL,20160616,0.03,0.03,0.03,0.03,599999
TTS,20160616,3.81,3.88,3.8,3.87,7818018
TV2,20160616,0.041,0.042,0.037,0.037,24300912
TWD,20160616,3.09,3.1,3.09,3.1,42810
TWE,20160616,9.91,9.97,9.8,9.85,2954629
TWH,20160616,0.013,0.013,0.012,0.012,1229819
TWR,20160616,1.365,1.365,1.365,1.365,5373
TYK,20160616,0.008,0.008,0.008,0.008,49067
TYX,20160616,0.033,0.034,0.031,0.031,1264883
TZL,20160616,0.115,0.12,0.115,0.115,159326
TZN,20160616,0.13,0.135,0.13,0.13,22897
UBA,20160616,17.41,17.41,17.41,17.41,25
UBE,20160616,17.93,17.93,17.93,17.93,86
UBI,20160616,0.26,0.265,0.26,0.26,53547
UBJ,20160616,18.74,18.74,18.74,18.74,59
UBN,20160616,0.43,0.46,0.43,0.46,215909
UCM,20160616,0.26,0.28,0.25,0.25,1521949
UEQ,20160616,0.004,0.004,0.004,0.004,534100
UGL,20160616,2.09,2.12,2.05,2.08,1728908
UMAX,20160616,16.96,17,16.92,16.98,9395
UNS,20160616,0.074,0.074,0.072,0.072,333488
UNV,20160616,0.21,0.21,0.21,0.21,34000
UOS,20160616,0.47,0.47,0.47,0.47,5789
UPD,20160616,0.23,0.23,0.23,0.23,660152
UPG,20160616,1.09,1.09,1.09,1.09,20100
URF,20160616,2.18,2.18,2.18,2.18,43579
URI,20160616,2.41,2.41,2.41,2.41,125
USA,20160616,0.015,0.015,0.015,0.015,6600
USD,20160616,13.25,13.25,13.15,13.22,122215
USR,20160616,0.61,0.61,0.61,0.61,6500
VAE,20160616,49.56,49.56,49,49,1370
VAF,20160616,50.92,51.04,50.92,51,19557
VAH,20160616,0.26,0.26,0.25,0.255,3456052
VAN,20160616,0.05,0.05,0.05,0.05,44563
VAP,20160616,86,86,83,83.56,15514
VAR,20160616,0.019,0.019,0.019,0.019,1654225
VAS,20160616,67,67,65.6,65.67,52408
VCF,20160616,53.15,53.16,53.1,53.16,792
VCX,20160616,3.29,3.31,3.25,3.27,10071094
VEQ,20160616,45.1,45.2,45.07,45.1,15761
VEU,20160616,57,57.5,56.2,56.25,36662
VGAD,20160616,53.2,53.2,50.97,50.97,10508
VGB,20160616,50.93,50.98,50.68,50.85,49828
VGE,20160616,51.62,51.62,51,51,1267
VGS,20160616,55.9,56.06,55.64,55.64,16776
VHT,20160616,0.4,0.4,0.39,0.395,60502
VHY,20160616,56,56.63,54.81,54.81,14739
VIC,20160616,0.004,0.004,0.004,0.004,100000
VIF,20160616,53.5,53.71,53.5,53.55,1439
VIP,20160616,0.19,0.19,0.18,0.18,130000
VIT,20160616,1.55,1.63,1.55,1.59,1026792
VLA,20160616,1.055,1.115,1.055,1.095,305094
VLC,20160616,54.92,54.92,54.36,54.36,850
VLW,20160616,2.17,2.19,2.13,2.13,121569
VMC,20160616,0.175,0.175,0.17,0.17,83375
VMG,20160616,0.004,0.004,0.004,0.004,1537852
VML,20160616,0.013,0.015,0.013,0.014,1194500
VMS,20160616,0.039,0.039,0.036,0.036,147177
VMT,20160616,0.16,0.16,0.155,0.16,230143
VOC,20160616,8.82,8.91,8.81,8.83,2492109
VPC,20160616,0.031,0.035,0.031,0.031,1454477
VRC,20160616,0.145,0.15,0.125,0.125,27283617
VRL,20160616,5.18,5.22,5.13,5.16,221586
VRT,20160616,6.89,6.89,6.69,6.69,391768
VSC,20160616,1.34,1.41,1.34,1.4,34825
VSO,20160616,47.57,47.57,47,47,4517
VTG,20160616,4.05,4.1,4.015,4.03,228698
VTM,20160616,0.017,0.017,0.017,0.017,346176
VTS,20160616,144,144.5,142.53,142.7,7825
VXR,20160616,0.009,0.009,0.009,0.009,114261
WAA,20160616,1.02,1.03,1.02,1.03,33305
WAF,20160616,0.18,0.19,0.18,0.18,1562051
WAL,20160616,0.007,0.007,0.007,0.007,2000
WAM,20160616,2.16,2.16,2.14,2.15,288152
WAX,20160616,1.34,1.355,1.34,1.355,36298
WBA,20160616,1.14,1.14,1.125,1.125,122816
WBC,20160616,28.9,29.01,28.28,28.4,8390268
WCN,20160616,0.007,0.008,0.007,0.007,5182671
WCP,20160616,0.025,0.025,0.025,0.025,285000
WDE,20160616,0.755,0.76,0.755,0.755,46635
WDIV,20160616,17.6,18.45,17.41,17.41,16159
WEB,20160616,7.11,7.16,7.03,7.07,245526
WEC,20160616,0.071,0.071,0.063,0.063,582272
WEL,20160616,0.067,0.067,0.067,0.067,50000
WEMG,20160616,16.11,16.11,16.11,16.11,0
WES,20160616,40.4,40.4,39.92,39.96,3081235
WFD,20160616,10.58,10.67,10.53,10.62,8279024
WFE,20160616,0.002,0.002,0.002,0.002,1000000
WGL,20160616,0.036,0.037,0.027,0.029,50134482
WHC,20160616,1.03,1.06,1.002,1.02,4818485
WHF,20160616,4.1,4.14,4.1,4.14,18638
WIC,20160616,0.83,0.83,0.825,0.825,43196
WIN,20160616,0.11,0.11,0.1,0.11,160100
WLD,20160616,0.465,0.465,0.415,0.425,3267809
WLE,20160616,1.075,1.08,1.075,1.08,313064
WLF,20160616,0.13,0.13,0.125,0.13,66579
WLL,20160616,4.39,4.44,4.38,4.44,23397
WMK,20160616,1.025,1.025,1.025,1.025,1231
WNR,20160616,0.24,0.24,0.24,0.24,50000
WOF,20160616,0.024,0.024,0.017,0.024,1639005
WOR,20160616,7.62,7.63,6.94,7.09,2869618
WOW,20160616,21.22,21.22,21,21.1,4584788
WPG,20160616,0.08,0.082,0.076,0.082,941100
WPL,20160616,26.33,26.45,25.89,25.97,3021688
WPP,20160616,1.125,1.14,1.115,1.125,327902
WRLD,20160616,9.83,9.86,9.83,9.85,5313
WRM,20160616,0.018,0.018,0.016,0.016,1196110
WRR,20160616,0.225,0.225,0.22,0.22,22000
WSA,20160616,2.17,2.22,2.12,2.15,1095310
WTC,20160616,4.24,4.25,4.11,4.14,150949
WTP,20160616,0.76,0.78,0.76,0.76,43630
WWI,20160616,0.017,0.017,0.016,0.017,993470
WXHG,20160616,17.78,17.78,17.7,17.7,2017
WXOZ,20160616,23.77,23.77,23.66,23.66,4336
XF1,20160616,0.63,0.645,0.61,0.61,48373
XIP,20160616,4.25,4.25,4.25,4.25,2000
XPD,20160616,0.16,0.16,0.135,0.14,764257
XPE,20160616,0.077,0.079,0.074,0.074,14651686
XRO,20160616,17.87,18.5,17.87,18.28,102305
XST,20160616,0.012,0.013,0.012,0.012,5342713
XTD,20160616,0.205,0.21,0.205,0.21,69500
XTE,20160616,0.39,0.39,0.39,0.39,22078
YAL,20160616,0.09,0.09,0.09,0.09,243368
YBR,20160616,0.19,0.2,0.19,0.2,122509
YMAX,20160616,8.89,8.89,8.73,8.74,152779
YNB,20160616,0.055,0.058,0.055,0.058,16875
YOJ,20160616,0.06,0.06,0.055,0.055,1863401
YOW,20160616,0.955,0.97,0.95,0.95,179388
YPB,20160616,0.215,0.23,0.21,0.23,407062
ZEL,20160616,7.76,7.8,7.76,7.78,666
ZGOL,20160616,17.46,17.61,17.46,17.58,19254
ZIM,20160616,3.33,3.33,3.33,3.33,315
ZIP,20160616,0.16,0.16,0.16,0.16,170595
ZML,20160616,0.58,0.59,0.575,0.575,217171
ZNC,20160616,0.155,0.16,0.125,0.13,492957
ZOZI,20160616,9.79,9.79,9.79,9.79,0
ZRL,20160616,0.017,0.017,0.017,0.017,39980
ZUSD,20160616,10.32,10.35,10.3,10.35,11300
ZYB,20160616,0.02,0.025,0.02,0.02,5564710
ZYUS,20160616,12.3,12.31,12.24,12.24,12300
XAF,20160616,5040.6,5088.2,5028.5,5034.3,0
XAO,20160616,5230.4,5282.7,5226.9,5231.7,0
XAT,20160616,5087.9,5139.9,5082,5087.1,0
XDJ,20160616,2017.9,2064.6,2017.9,2048.2,0
XEC,20160616,1272.6,1286.6,1272.6,1275.2,0
XEJ,20160616,8045.4,8099.7,7933.6,7967,0
XFJ,20160616,5709,5758.6,5672.6,5684.5,0
XFL,20160616,5088.7,5137.5,5077,5082.8,0
XGD,20160616,4621.7,4813.8,4621.7,4766.6,0
XHJ,20160616,20904.6,21098.8,20812.5,20832.1,0
XIJ,20160616,785.4,794.1,785.4,789.3,0
XJO,20160616,5147.1,5198.9,5141,5146,0
XJR,20160616,2661.1,2713.9,2661.1,2669.8,0
XKO,20160616,5113.4,5164.2,5107.4,5112.1,0
XMD,20160616,5451.7,5519.3,5451.7,5478.9,0
XMJ,20160616,7795.1,7949.3,7795.1,7846,0
XMM,20160616,2251.7,2310.4,2251.7,2271.8,0
XNJ,20160616,5171.2,5232.4,5168.1,5172.6,0
XPJ,20160616,1437.7,1455.6,1436.6,1446.8,0
XSJ,20160616,8277.9,8323.3,8247.9,8260.3,0
XSO,20160616,2300.9,2323.9,2300.9,2301.8,0
XTJ,20160616,1960.5,1993.7,1960.5,1979.3,0
XTL,20160616,2913.4,2941.4,2902.1,2906.7,0
XTO,20160616,4245.4,4287.6,4239.6,4244,0
XUJ,20160616,7250.3,7342.4,7250.3,7332.4,0
XXJ,20160616,6279.9,6333.1,6220.6,6237,0
