1AD,20161026,0.205,0.205,0.205,0.205,130000
1AG,20161026,0.04,0.04,0.04,0.04,282812
1PG,20161026,0.2,0.205,0.185,0.2,1494437
1ST,20161026,0.053,0.053,0.05,0.05,167600
3PL,20161026,1.045,1.045,1.03,1.03,23009
4DS,20161026,0.036,0.038,0.036,0.038,2768546
88E,20161026,0.043,0.044,0.042,0.042,8757559
8EC,20161026,1.03,1.05,1.03,1.05,13388
8IH,20161026,0.72,0.72,0.7,0.7,75500
9SP,20161026,0.17,0.17,0.16,0.16,370567
A2M,20161026,1.93,1.93,1.832,1.92,6853276
A3D,20161026,1.05,1.05,1.02,1.05,5076
AAA,20161026,50.14,50.14,50.13,50.13,40770
AAC,20161026,1.8,1.81,1.767,1.78,1236166
AAD,20161026,1.88,2.23,1.827,2,21740122
AAJ,20161026,0.01,0.01,0.01,0.01,128900
AAR,20161026,0.022,0.022,0.022,0.022,25000
AB1,20161026,0.15,0.15,0.15,0.15,43399
ABA,20161026,5.05,5.09,5,5.09,22200
ABC,20161026,5.43,5.44,5.345,5.37,1239800
ABL,20161026,0.008,0.008,0.008,0.008,7
ABP,20161026,2.75,2.75,2.7,2.72,777857
ABT,20161026,0.69,0.7,0.65,0.7,33352
ABU,20161026,0.075,0.075,0.074,0.074,87002
ABV,20161026,0.008,0.008,0.008,0.008,300000
ABX,20161026,0.19,0.195,0.185,0.185,272723
ACB,20161026,0.057,0.057,0.057,0.057,50000
ACG,20161026,0.095,0.096,0.095,0.096,32000
ACK,20161026,0.43,0.43,0.425,0.425,32712
ACL,20161026,0.01,0.01,0.01,0.01,52093
ACQ,20161026,1.08,1.08,1.06,1.07,79891
ACR,20161026,0.35,0.36,0.335,0.335,1268873
ACU,20161026,0.028,0.028,0.024,0.024,519398
ACW,20161026,0.045,0.046,0.045,0.045,218613
ACX,20161026,6.06,6.09,5.75,5.85,2603766
AD1,20161026,0.33,0.33,0.3,0.33,146000
ADA,20161026,2.99,2.99,2.88,2.89,267848
ADH,20161026,2.59,2.59,2.5,2.57,50818
ADJ,20161026,0.115,0.117,0.115,0.115,1455772
ADO,20161026,0.053,0.053,0.053,0.053,36692
ADR,20161026,0.35,0.35,0.34,0.34,7800
ADV,20161026,0.028,0.029,0.028,0.028,5623776
ADX,20161026,0.007,0.007,0.007,0.007,7394013
ADY,20161026,0.008,0.01,0.008,0.01,337000
AEE,20161026,0.032,0.036,0.032,0.036,1139795
AEF,20161026,90,91,90,90,666
AEG,20161026,1.055,1.055,1.045,1.05,113173
AEV,20161026,0.195,0.195,0.19,0.195,16000
AFG,20161026,1.27,1.28,1.24,1.28,96397
AFI,20161026,5.75,5.76,5.7,5.7,206145
AFR,20161026,0.042,0.042,0.042,0.042,823250
AFY,20161026,2.5,2.59,2.46,2.55,470339
AGF,20161026,0.44,0.445,0.44,0.445,661512
AGG,20161026,3.88,3.88,3.72,3.72,2850
AGI,20161026,1.74,1.855,1.6,1.81,9218540
AGL,20161026,19.01,19.17,18.89,19.02,1785305
AGO,20161026,0.011,0.011,0.01,0.01,16365089
AGR,20161026,0.096,0.098,0.095,0.095,750214
AGS,20161026,0.043,0.043,0.043,0.043,100000
AGX,20161026,0.044,0.045,0.043,0.043,249944
AGY,20161026,0.029,0.029,0.027,0.027,2661137
AHF,20161026,0.175,0.175,0.17,0.17,498893
AHG,20161026,4.12,4.2,4.04,4.05,4338351
AHK,20161026,0.19,0.19,0.19,0.19,22680
AHL,20161026,0.085,0.085,0.085,0.085,110000
AHN,20161026,0.016,0.016,0.016,0.016,5000
AHX,20161026,1.485,1.5,1.48,1.48,41000
AHY,20161026,1.41,1.445,1.405,1.435,2316863
AHZ,20161026,0.395,0.405,0.38,0.385,611807
AIA,20161026,6.36,6.42,6.07,6.07,191153
AIK,20161026,0.145,0.145,0.14,0.145,1262469
AIR,20161026,0.05,0.05,0.05,0.05,1000
AIS,20161026,0.045,0.045,0.045,0.045,1
AIZ,20161026,1.8,1.81,1.775,1.795,196102
AJA,20161026,6.79,6.8,6.7,6.75,26227
AJC,20161026,0.006,0.006,0.005,0.006,6004619
AJD,20161026,1.51,1.51,1.485,1.49,55523
AJL,20161026,0.44,0.44,0.415,0.415,3090
AJM,20161026,0.135,0.14,0.13,0.13,2030344
AJQ,20161026,0.083,0.084,0.079,0.083,283768
AJX,20161026,0.65,0.65,0.62,0.625,549269
AKK,20161026,0.006,0.006,0.006,0.006,83155924
AKM,20161026,0.039,0.039,0.034,0.035,1899316
AKP,20161026,20.75,20.8,19.7,19.7,23202
ALC,20161026,0.078,0.08,0.076,0.08,5825731
ALF,20161026,1.455,1.475,1.455,1.46,239326
ALI,20161026,1.705,1.71,1.705,1.71,24006
ALK,20161026,0.64,0.64,0.605,0.605,1845364
ALL,20161026,15.5,15.5,15.11,15.14,1720470
ALQ,20161026,6.28,6.28,6.16,6.18,2176081
ALR,20161026,1.09,1.09,1.09,1.09,25000
ALT,20161026,0.007,0.007,0.007,0.007,2000000
ALU,20161026,7.9,7.91,7.67,7.79,515716
ALY,20161026,0.022,0.022,0.021,0.021,581478
AMA,20161026,1.06,1.06,1.03,1.045,311375
AMC,20161026,15.17,15.17,14.86,15.01,2090515
AME,20161026,0.145,0.145,0.14,0.14,31833
AMH,20161026,0.96,0.96,0.96,0.96,48040
AMI,20161026,0.165,0.17,0.16,0.16,141905
AML,20161026,0.135,0.14,0.135,0.14,128091
AMN,20161026,0.64,0.645,0.64,0.64,33246
AMP,20161026,5.23,5.26,5.13,5.17,8286365
AMT,20161026,0.09,0.09,0.09,0.09,7000
ANG,20161026,0.22,0.22,0.195,0.205,3785630
ANN,20161026,22.68,23.19,22.21,22.41,614008
ANO,20161026,0.028,0.028,0.028,0.028,137405
ANQ,20161026,0.005,0.005,0.005,0.005,1680000
ANR,20161026,1.23,1.28,1.22,1.23,81000
ANW,20161026,0.013,0.013,0.012,0.012,2307376
ANZ,20161026,28.52,28.54,28.09,28.26,7751964
AOD,20161026,0.705,0.705,0.705,0.705,32365
AOF,20161026,2.09,2.09,2.06,2.09,18460
AOG,20161026,3.25,3.28,3.195,3.22,908063
AOH,20161026,0.125,0.125,0.125,0.125,10750
AOP,20161026,0.165,0.17,0.155,0.155,241908
AOU,20161026,0.09,0.09,0.09,0.09,20000
AOW,20161026,0.092,0.092,0.09,0.09,53000
APA,20161026,7.96,8.07,7.89,7.98,2118432
APD,20161026,0.43,0.43,0.425,0.425,40971
APE,20161026,9.75,9.96,9.75,9.85,18761
APG,20161026,0.008,0.008,0.008,0.008,102480
API,20161026,1.98,1.985,1.89,1.9,2060208
APL,20161026,1.065,1.07,1.06,1.065,81944
APO,20161026,4.45,4.54,4.37,4.45,1519802
APW,20161026,1.31,1.31,1.31,1.31,75545
APX,20161026,3,3.03,2.96,3.01,367660
APZ,20161026,1.15,1.16,1.13,1.145,61438
AQC,20161026,0.028,0.028,0.026,0.026,960679
AQD,20161026,0.008,0.009,0.008,0.009,2937350
AQG,20161026,3.02,3.09,3.02,3.07,336024
AQI,20161026,0.28,0.28,0.28,0.28,9500
AQQ,20161026,0.026,0.026,0.025,0.025,180587
AQX,20161026,0.042,0.042,0.042,0.042,250000
AQZ,20161026,0.78,0.78,0.78,0.78,10000
ARA,20161026,0.39,0.39,0.39,0.39,50000
ARB,20161026,17.73,17.92,17.31,17.36,118013
ARD,20161026,0.027,0.027,0.027,0.027,283089
ARE,20161026,0.008,0.008,0.007,0.008,3157958
ARF,20161026,1.94,1.97,1.91,1.95,123968
ARG,20161026,7.31,7.33,7.26,7.26,146701
ARM,20161026,0.068,0.068,0.066,0.066,15000
ARO,20161026,0.004,0.004,0.004,0.004,498800
ARS,20161026,0.093,0.093,0.093,0.093,153500
ARU,20161026,0.073,0.075,0.073,0.075,179344
ARX,20161026,0.6,0.6,0.6,0.6,106
ASB,20161026,1.5,1.515,1.495,1.505,964457
ASL,20161026,1.435,1.435,1.38,1.4,333373
ASN,20161026,0.036,0.036,0.031,0.031,1253895
AST,20161026,1.49,1.5,1.457,1.49,8113034
ASX,20161026,47.5,47.71,47.09,47.47,568571
ASY,20161026,0.013,0.013,0.013,0.013,952173
ASZ,20161026,1.602,1.61,1.6,1.605,959953
ATC,20161026,0.115,0.115,0.115,0.115,1135549
ATM,20161026,1,1,1,1,1000
ATS,20161026,0.235,0.235,0.235,0.235,152619
ATU,20161026,0.75,0.77,0.72,0.77,79847
AUB,20161026,10.17,10.39,9.32,9.8,269738
AUF,20161026,1.29,1.29,1.29,1.29,37440
AUI,20161026,7.25,7.25,7.24,7.25,17207
AUQ,20161026,0.017,0.017,0.017,0.017,105000
AUST,20161026,15.13,15.13,15.03,15.03,151665
AUZ,20161026,0.011,0.011,0.01,0.01,4095974
AVB,20161026,0.058,0.058,0.056,0.056,446086
AVG,20161026,0.485,0.49,0.48,0.48,481493
AVH,20161026,0.13,0.14,0.13,0.135,824305
AVI,20161026,0.026,0.027,0.025,0.027,1247793
AVJ,20161026,0.61,0.61,0.61,0.61,32366
AVL,20161026,0.014,0.014,0.014,0.014,1321710
AVN,20161026,2.39,2.4,2.36,2.38,60281
AVQ,20161026,0.19,0.19,0.185,0.19,307545
AVX,20161026,0.029,0.029,0.029,0.029,400000
AVZ,20161026,0.013,0.016,0.013,0.015,19577493
AWC,20161026,1.585,1.615,1.58,1.61,20236009
AWE,20161026,0.56,0.585,0.56,0.56,1712036
AWN,20161026,0.7,0.7,0.7,0.7,36310
AWQ,20161026,0.97,0.97,0.97,0.97,41518
AWV,20161026,0.155,0.155,0.145,0.15,571876
AXE,20161026,0.06,0.06,0.06,0.06,8100
AXP,20161026,1.32,1.322,1.28,1.28,44662
AXT,20161026,0.055,0.055,0.055,0.055,6250
AYC,20161026,0.031,0.031,0.03,0.031,458000
AYS,20161026,2.26,2.27,2.1,2.13,445199
AZJ,20161026,4.85,4.89,4.8,4.83,3677356
AZM,20161026,0.04,0.042,0.04,0.041,629237
AZS,20161026,0.031,0.031,0.031,0.031,551756
AZV,20161026,0.093,0.093,0.093,0.093,19000
AZY,20161026,0.028,0.029,0.027,0.028,11970834
BAF,20161026,1.13,1.14,1.125,1.13,36542
BAL,20161026,12.75,12.76,12.11,12.17,814197
BAP,20161026,5.4,5.43,5.24,5.24,1163772
BAR,20161026,0.046,0.048,0.042,0.042,1202491
BAS,20161026,0.001,0.001,0.001,0.001,730999
BAU,20161026,0.062,0.062,0.062,0.062,620639
BBG,20161026,1.25,1.25,1.2,1.21,64175
BBL,20161026,0.35,0.35,0.35,0.35,500
BBN,20161026,2.75,2.81,2.74,2.78,138839
BBOZ,20161026,21.85,22.36,21.79,22.18,128902
BBR,20161026,0.056,0.056,0.056,0.056,41000
BBUS,20161026,10,10,9.99,10,23751
BCI,20161026,0.17,0.175,0.165,0.165,2049957
BCK,20161026,0.017,0.017,0.017,0.017,66000
BCN,20161026,0.003,0.003,0.003,0.003,2800000
BCT,20161026,0.03,0.034,0.03,0.034,1214620
BD1,20161026,0.034,0.036,0.034,0.036,3171379
BDI,20161026,0.001,0.001,0.001,0.001,500000
BDR,20161026,0.48,0.49,0.467,0.485,9791053
BEAR,20161026,16.29,16.45,16.29,16.4,85843
BEE,20161026,0.35,0.36,0.325,0.345,258666
BEL,20161026,0.13,0.13,0.13,0.13,732884
BEN,20161026,11.05,11.11,10.92,10.98,1255077
BFC,20161026,0.36,0.365,0.36,0.36,184416
BFG,20161026,0.7,0.725,0.7,0.7,19521
BGA,20161026,5.3,5.3,5.04,5.24,2180795
BGH,20161026,0.032,0.032,0.032,0.032,288500
BGL,20161026,1.07,1.07,1.045,1.05,621733
BGS,20161026,0.38,0.395,0.357,0.375,1806865
BHP,20161026,23.32,23.42,22.74,22.84,12280202
BID,20161026,0.086,0.086,0.082,0.082,110000
BIG,20161026,0.16,0.165,0.16,0.165,236564
BIQ,20161026,0.125,0.125,0.125,0.125,134403
BIS,20161026,0.465,0.47,0.46,0.46,11575
BIT,20161026,0.049,0.049,0.049,0.049,22232
BKI,20161026,1.57,1.58,1.565,1.58,174239
BKL,20161026,111,111.365,104.26,104.39,254010
BKN,20161026,3.23,3.24,3.22,3.22,976803
BKT,20161026,0.16,0.16,0.155,0.155,676475
BKW,20161026,13.7,13.8,13.5,13.53,171109
BKY,20161026,0.75,0.76,0.75,0.75,374981
BLA,20161026,7.48,7.48,7.2,7.23,37893
BLD,20161026,6.61,6.665,6.5,6.51,14399408
BLK,20161026,0.755,0.76,0.73,0.745,458807
BLT,20161026,0.115,0.115,0.1,0.11,417999
BLX,20161026,1.787,1.8,1.75,1.79,63634
BLY,20161026,0.14,0.14,0.135,0.135,173056
BLZ,20161026,0.045,0.045,0.043,0.043,450067
BMG,20161026,0.011,0.011,0.011,0.011,3400
BMH,20161026,0.21,0.21,0.21,0.21,40000
BML,20161026,0.002,0.002,0.002,0.002,2169671
BMP,20161026,0.44,0.45,0.43,0.45,50363
BMT,20161026,0.28,0.29,0.275,0.29,109095
BNO,20161026,0.38,0.39,0.365,0.375,223132
BNR,20161026,0.025,0.025,0.025,0.025,50046
BOE,20161026,0.06,0.06,0.058,0.058,1328096
BOL,20161026,0.11,0.11,0.11,0.11,4800
BOND,20161026,26.26,26.26,26.24,26.24,4290
BOQ,20161026,11.41,11.41,11.1,11.11,2953815
BOT,20161026,0.05,0.051,0.05,0.05,8334904
BPA,20161026,6.25,6.25,6.2,6.25,12452
BPF,20161026,0.285,0.285,0.28,0.285,200515
BPH,20161026,0.007,0.007,0.006,0.006,3612943
BPL,20161026,0.086,0.087,0.086,0.087,57484
BPS,20161026,0.875,0.875,0.875,0.875,2299
BPT,20161026,0.775,0.79,0.745,0.745,8058500
BRB,20161026,0.615,0.64,0.575,0.575,762847
BRD,20161026,0.001,0.001,0.001,0.001,256000
BRG,20161026,9.14,9.24,8.71,8.88,279193
BRK,20161026,0.011,0.011,0.011,0.011,500000
BRL,20161026,0.053,0.06,0.053,0.06,1649853
BRN,20161026,0.225,0.235,0.215,0.215,8119748
BRU,20161026,0.215,0.225,0.205,0.215,279350
BSA,20161026,0.315,0.315,0.31,0.31,259418
BSE,20161026,0.19,0.19,0.185,0.185,316944
BSL,20161026,8.01,8.12,7.83,7.96,2683544
BSM,20161026,0.017,0.018,0.017,0.017,1457227
BSR,20161026,0.019,0.019,0.018,0.018,1956643
BST,20161026,0.95,0.95,0.93,0.93,28400
BTC,20161026,0.11,0.11,0.11,0.11,10000
BTI,20161026,1.18,1.18,1.09,1.1,310733
BTT,20161026,9.57,9.64,9.33,9.42,612399
BUD,20161026,0.098,0.098,0.095,0.095,304040
BUG,20161026,0.375,0.375,0.37,0.37,83320
BUX,20161026,0.087,0.088,0.087,0.087,348328
BWP,20161026,3,3.045,3,3.01,957526
BWR,20161026,1.24,1.24,1.24,1.24,8235
BWX,20161026,5.01,5.1,4.98,5.07,91277
BXB,20161026,11.89,11.93,11.67,11.71,3567993
BXN,20161026,0.02,0.02,0.02,0.02,114872
BYE,20161026,0.13,0.13,0.13,0.13,54800
BYI,20161026,1.19,1.2,1.19,1.2,81902
BYL,20161026,0.095,0.095,0.095,0.095,21000
BYR,20161026,0.076,0.076,0.072,0.072,1021586
CA8,20161026,0.2,0.2,0.195,0.195,39656
CAA,20161026,0.175,0.18,0.175,0.18,192391
CAB,20161026,3.58,3.65,3.545,3.64,178570
CAD,20161026,0.004,0.004,0.004,0.004,7707701
CAF,20161026,0.56,0.56,0.56,0.56,81011
CAJ,20161026,0.125,0.13,0.125,0.125,398852
CAM,20161026,0.83,0.83,0.825,0.825,66523
CAR,20161026,11.57,11.62,11.405,11.48,759538
CAS,20161026,0.12,0.12,0.12,0.12,105817
CAT,20161026,3.73,3.73,3.51,3.51,97811
CAV,20161026,0.012,0.012,0.012,0.012,25868
CAY,20161026,0.11,0.115,0.105,0.115,381281
CAZ,20161026,0.068,0.068,0.068,0.068,267055
CBA,20161026,74.94,74.94,73.79,74.19,3041064
CBL,20161026,3.76,3.76,3.67,3.67,15345
CBQ,20161026,0.005,0.005,0.005,0.005,167210
CCA,20161026,0.585,0.6,0.56,0.6,66362
CCL,20161026,9.6,9.64,9.46,9.62,2434812
CCP,20161026,18.98,19,18.29,18.4,223503
CCV,20161026,0.335,0.345,0.33,0.33,628285
CDA,20161026,1.545,1.595,1.53,1.59,316075
CDC,20161026,0.17,0.17,0.17,0.17,86551
CDD,20161026,1.06,1.11,1.06,1.09,405222
CDM,20161026,1.21,1.212,1.2,1.2,352280
CDP,20161026,7.85,7.85,7.77,7.77,1483
CDV,20161026,0.74,0.74,0.705,0.73,216836
CETF,20161026,51.08,51.08,51.08,51.08,500
CFE,20161026,0.015,0.015,0.015,0.015,67450
CFO,20161026,0.6,0.7,0.51,0.7,10146745
CGA,20161026,1.68,1.68,1.68,1.68,1073
CGC,20161026,2.85,2.9,2.85,2.88,1157392
CGF,20161026,10.5,10.625,10.38,10.49,2732291
CGL,20161026,5.3,5.3,5.21,5.3,9533
CGM,20161026,0.014,0.014,0.013,0.013,929648
CGR,20161026,0.25,0.255,0.25,0.25,45257
CGS,20161026,1.19,1.24,1.165,1.165,32689
CHC,20161026,4.79,4.8,4.72,4.76,1187105
CHK,20161026,0.014,0.014,0.014,0.014,200000
CIA,20161026,0.23,0.235,0.23,0.235,141500
CIE,20161026,0.96,0.96,0.95,0.96,37584
CII,20161026,2.4,2.4,2.35,2.35,1500
CIM,20161026,30.34,30.34,29.56,29.77,363316
CIN,20161026,31.75,31.85,31.5,31.5,6423
CIW,20161026,0.675,0.695,0.675,0.695,35857
CJC,20161026,0.006,0.006,0.006,0.006,39389
CKA,20161026,0.048,0.05,0.047,0.047,702832
CKF,20161026,4.85,4.85,4.73,4.78,475035
CL1,20161026,3.53,3.54,3.45,3.47,116019
CL8,20161026,0.019,0.019,0.019,0.019,347000
CLH,20161026,1.37,1.38,1.355,1.38,241179
CLQ,20161026,0.39,0.395,0.375,0.39,638491
CLT,20161026,0.26,0.26,0.26,0.26,5000
CLV,20161026,0.61,0.635,0.575,0.635,183636
CLX,20161026,0.79,0.8,0.79,0.8,10450
CLY,20161026,0.003,0.003,0.003,0.003,1519827
CM8,20161026,0.15,0.15,0.14,0.145,769335
CMA,20161026,2.2,2.2,2.16,2.17,116011
CMC,20161026,0.03,0.03,0.03,0.03,20000
CMI,20161026,1.29,1.29,1.29,1.29,30840
CMM,20161026,0.12,0.125,0.12,0.12,109578
CMP,20161026,0.78,0.825,0.765,0.825,241841
CMT,20161026,0.045,0.045,0.045,0.045,5126
CMW,20161026,0.905,0.905,0.895,0.9,3269749
CMY,20161026,0.002,0.002,0.002,0.002,2052500
CND,20161026,0.115,0.115,0.115,0.115,482812
CNI,20161026,1.06,1.06,1.06,1.06,10776
CNJ,20161026,0.032,0.033,0.03,0.03,802040
CNQ,20161026,0.025,0.025,0.025,0.025,10000
CNU,20161026,3.54,3.54,3.46,3.49,118568
CNW,20161026,0.026,0.026,0.024,0.024,681331
CNX,20161026,0.013,0.013,0.012,0.012,5976152
COE,20161026,0.34,0.34,0.32,0.33,4831669
COH,20161026,126.6,128.2,126.04,127.2,312081
COM,20161026,0.014,0.014,0.014,0.014,270317
COO,20161026,0.08,0.08,0.08,0.08,133771
CPU,20161026,10.54,10.62,10.42,10.54,1903503
CQR,20161026,4.16,4.2,4.15,4.18,920012
CRB,20161026,0.17,0.17,0.16,0.16,731731
CRL,20161026,0.05,0.05,0.05,0.05,362000
CSE,20161026,0.31,0.31,0.31,0.31,7500
CSL,20161026,102,102.87,101.46,101.78,1001045
CSR,20161026,3.68,3.7,3.635,3.67,1439119
CSV,20161026,1.352,1.352,1.327,1.335,139664
CTD,20161026,18,18.11,17.84,17.99,340828
CTE,20161026,0.18,0.19,0.18,0.19,101000
CTM,20161026,0.006,0.006,0.006,0.006,1168455
CTN,20161026,1.105,1.11,1.09,1.095,309006
CTP,20161026,0.145,0.15,0.145,0.145,559969
CTX,20161026,30.5,30.69,29.88,29.98,1432437
CUE,20161026,0.09,0.09,0.086,0.086,110977
CUP,20161026,0.815,0.82,0.79,0.79,17850
CUV,20161026,7.1,7.25,7.1,7.2,11908
CUX,20161026,0.005,0.005,0.005,0.005,1334200
CV1,20161026,0.1,0.1,0.091,0.099,988051
CVN,20161026,0.13,0.135,0.13,0.13,1636792
CVO,20161026,1.42,1.45,1.395,1.41,799524
CVT,20161026,0.12,0.12,0.11,0.11,404342
CVW,20161026,1.305,1.305,1.25,1.25,38658
CWE,20161026,0.038,0.042,0.038,0.039,7958735
CWN,20161026,10.68,10.7,10.36,10.4,6099294
CWP,20161026,4.46,4.49,4.37,4.38,112569
CWY,20161026,1.22,1.22,1.135,1.145,5550749
CXO,20161026,0.094,0.097,0.091,0.091,6970753
CXU,20161026,0.052,0.052,0.052,0.052,35000
CYA,20161026,0.845,0.845,0.845,0.845,23000
CYB,20161026,4.33,4.36,4.18,4.28,3801242
CYL,20161026,0.56,0.56,0.56,0.56,4000
CYP,20161026,0.58,0.63,0.58,0.63,380083
CYU,20161026,0.008,0.008,0.008,0.008,225588
CYY,20161026,0.017,0.017,0.016,0.016,576406
CZI,20161026,0.056,0.056,0.056,0.056,176540
CZL,20161026,0.033,0.033,0.033,0.033,125384
CZN,20161026,0.017,0.017,0.015,0.016,16166229
CZR,20161026,0.011,0.011,0.011,0.011,300000
CZZ,20161026,19.15,19.23,18.71,18.71,18948
D13,20161026,0.14,0.15,0.135,0.15,1140696
D2O,20161026,1.06,1.06,1.04,1.04,32500
DCC,20161026,0.078,0.078,0.078,0.078,2007
DCG,20161026,1.24,1.24,1.185,1.195,227968
DCN,20161026,3.4,3.42,3.225,3.29,428858
DDR,20161026,2.32,2.35,2.31,2.34,42071
DEG,20161026,0.002,0.002,0.002,0.002,2676350
DFM,20161026,1,1.02,0.99,0.99,54944
DGO,20161026,0.335,0.335,0.335,0.335,14518
DGR,20161026,0.097,0.105,0.097,0.098,3668030
DHR,20161026,0.01,0.01,0.01,0.01,1462066
DIG,20161026,0.44,0.44,0.44,0.44,161
DIV,20161026,18.96,19.05,18.96,19.05,26
DJRE,20161026,20.66,20.66,20.31,20.4,26320
DJW,20161026,3.61,3.62,3.6,3.61,76553
DKO,20161026,0.068,0.068,0.065,0.067,503862
DLE,20161026,0.017,0.017,0.016,0.016,2957432
DLX,20161026,6.47,6.52,6.44,6.46,705003
DM1,20161026,0.032,0.036,0.032,0.035,942865
DMG,20161026,0.014,0.014,0.014,0.014,41962
DMI,20161026,0.06,0.06,0.06,0.06,20000
DMP,20161026,66.07,66.07,64.85,65.35,219888
DNA,20161026,0.42,0.437,0.42,0.435,645882
DNK,20161026,0.39,0.39,0.385,0.385,16065
DOW,20161026,5.84,5.87,5.725,5.78,1709597
DRA,20161026,0.25,0.275,0.25,0.275,32589
DRM,20161026,0.585,0.6,0.57,0.59,768231
DRO,20161026,0.2,0.205,0.2,0.205,80000
DRX,20161026,0.01,0.012,0.01,0.012,146200
DSB,20161026,0.215,0.215,0.215,0.215,1500
DSX,20161026,0.05,0.05,0.05,0.05,124000
DTI,20161026,0.485,0.485,0.475,0.485,21687
DTL,20161026,1.59,1.605,1.562,1.59,1462664
DUB,20161026,0.46,0.47,0.46,0.46,189234
DUE,20161026,2.32,2.34,2.3,2.32,5629827
DUI,20161026,3.32,3.38,3.3,3.38,50899
DVL,20161026,0.51,0.51,0.51,0.51,12650
DVN,20161026,0.46,0.46,0.455,0.455,22500
DWS,20161026,1.23,1.245,1.205,1.205,96218
DXB,20161026,0.01,0.01,0.009,0.009,300000
DXF,20161026,0.655,0.685,0.655,0.685,61600
DXS,20161026,8.8,8.83,8.7,8.8,2316516
DYE,20161026,0.22,0.225,0.215,0.215,100009
DYL,20161026,0.009,0.015,0.009,0.012,42809603
EAI,20161026,0.89,0.9,0.875,0.9,182060
EAL,20161026,0.08,0.08,0.08,0.08,14000
EAR,20161026,0.24,0.25,0.24,0.25,350000
EAS,20161026,1.45,1.45,1.45,1.45,15000
EAX,20161026,1.735,1.735,1.73,1.73,6000
EBO,20161026,16,16,16,16,575
ECX,20161026,4.32,4.32,4.07,4.1,852831
EDE,20161026,0.235,0.235,0.227,0.23,839364
EEG,20161026,0.013,0.016,0.013,0.016,434233
EEU,20161026,13.83,13.83,13.83,13.83,1634
EGA,20161026,0.34,0.34,0.335,0.335,103446
EGG,20161026,1.06,1.06,1.03,1.05,16843
EGH,20161026,0.73,0.73,0.715,0.715,48434
EGI,20161026,1,1.005,0.99,0.99,94779
EGN,20161026,0.135,0.14,0.135,0.14,171930
EGO,20161026,0.32,0.32,0.315,0.315,100000
EGS,20161026,0.34,0.34,0.26,0.3,2631371
EHE,20161026,2.68,2.69,2.63,2.65,750499
EHL,20161026,0.069,0.069,0.069,0.069,186733
ELD,20161026,4.03,4.03,3.93,3.93,317888
ELK,20161026,0.067,0.067,0.067,0.067,459853
ELT,20161026,0.006,0.006,0.006,0.006,58731
ELX,20161026,1.25,1.26,1.25,1.26,44218
EMC,20161026,0.96,0.96,0.91,0.93,579500
EMF,20161026,1.87,1.87,1.87,1.87,4456
EMH,20161026,0.64,0.7,0.64,0.67,834129
EML,20161026,1.79,1.835,1.71,1.745,495812
EMR,20161026,0.049,0.049,0.049,0.049,1089000
EMX,20161026,0.041,0.044,0.041,0.044,651111
ENA,20161026,0.21,0.21,0.21,0.21,48000
ENN,20161026,2.16,2.16,2.13,2.16,168403
ENT,20161026,0.017,0.017,0.016,0.016,53031
EOR,20161026,0.005,0.005,0.004,0.005,1698604
EOS,20161026,1.12,1.155,1.12,1.155,9893
EPD,20161026,0.465,0.48,0.465,0.48,97145
EPM,20161026,0.006,0.006,0.006,0.006,300000
EPT,20161026,0.043,0.044,0.041,0.042,3229708
EPW,20161026,1.16,1.175,1.13,1.13,285048
EQE,20161026,0.014,0.014,0.013,0.013,1790000
EQT,20161026,18.65,18.69,18.24,18.48,8649
EQU,20161026,0.022,0.022,0.022,0.022,191700
EQX,20161026,0.45,0.45,0.45,0.45,101000
ERA,20161026,0.34,0.34,0.34,0.34,778
ERL,20161026,0.039,0.04,0.039,0.039,1968011
ERM,20161026,0.13,0.13,0.125,0.125,249363
ESI,20161026,0.018,0.018,0.018,0.018,6091562
ESK,20161026,0.27,0.27,0.27,0.27,500
ESR,20161026,0.028,0.028,0.028,0.028,480000
ESV,20161026,0.1,0.1,0.1,0.1,85652
ETE,20161026,0.008,0.008,0.008,0.008,1275429
ETF,20161026,18.92,18.99,18.92,18.96,4052
ETPMAG,20161026,22.28,22.37,22.28,22.28,1215
ETPMPD,20161026,89.51,89.51,89.51,89.51,0
ETPMPM,20161026,119.61,119.61,119.61,119.61,30
ETPMPT,20161026,120,120,120,120,50
EUR,20161026,0.059,0.059,0.054,0.058,341641
EVN,20161026,2.22,2.24,2.17,2.19,7518025
EVT,20161026,14.21,14.43,14.13,14.16,53034
EVZ,20161026,0.009,0.009,0.009,0.009,992
EWC,20161026,0.24,0.245,0.23,0.23,162013
EXC,20161026,0.065,0.068,0.065,0.068,626635
EXG,20161026,0.023,0.023,0.022,0.022,1733837
EXO,20161026,0.004,0.005,0.004,0.005,1030000
EXR,20161026,0.032,0.032,0.032,0.032,450
EXU,20161026,0.084,0.089,0.084,0.089,1535368
EYM,20161026,0.008,0.008,0.008,0.008,9146708
EZL,20161026,1.02,1.03,1.02,1.03,24619
FAN,20161026,3.46,3.47,3.45,3.46,37288
FAR,20161026,0.08,0.08,0.077,0.078,9391979
FBR,20161026,0.14,0.145,0.135,0.14,1987504
FBU,20161026,9.47,9.585,9.43,9.53,890822
FCT,20161026,0.6,0.63,0.6,0.61,486048
FDV,20161026,0.485,0.485,0.485,0.485,10000
FET,20161026,2.53,2.53,2.47,2.48,104916
FFI,20161026,3.15,3.15,3.15,3.15,150
FFT,20161026,0.21,0.26,0.21,0.24,341670
FGF,20161026,0.007,0.007,0.007,0.007,990000
FGG,20161026,1.07,1.075,1.065,1.075,58690
FGR,20161026,0.115,0.115,0.115,0.115,212770
FGX,20161026,1.17,1.17,1.16,1.165,296000
FID,20161026,3.2,3.2,3.17,3.2,4057
FLK,20161026,0.93,0.93,0.93,0.93,75000
FLN,20161026,1.24,1.265,1.24,1.24,197100
FLT,20161026,34.56,34.62,33.63,33.96,382410
FMG,20161026,5.49,5.57,5.45,5.49,20787379
FML,20161026,0.475,0.48,0.475,0.48,15003
FMS,20161026,0.019,0.02,0.019,0.02,576316
FND,20161026,0.175,0.18,0.175,0.18,41680
FNP,20161026,4.7,4.73,4.63,4.63,29257
FNT,20161026,0.039,0.041,0.039,0.041,176200
FOD,20161026,0.11,0.11,0.1,0.1,615105
FPH,20161026,8.49,8.53,8.28,8.38,388844
FRI,20161026,0.87,0.885,0.87,0.88,68985
FRM,20161026,1.76,1.77,1.74,1.75,202871
FRX,20161026,0.105,0.105,0.105,0.105,50000
FSA,20161026,1.26,1.27,1.26,1.26,15215
FSF,20161026,5.56,5.56,5.5,5.5,11897
FSI,20161026,1.6,1.6,1.5,1.53,65229
FTT,20161026,0.063,0.063,0.059,0.06,1917102
FTZ,20161026,0.097,0.097,0.095,0.095,46412
FUN,20161026,0.017,0.018,0.017,0.017,1606535
FWD,20161026,2.03,2.04,1.985,2.04,14585
FXJ,20161026,0.84,0.845,0.815,0.83,11389797
FXL,20161026,2.24,2.27,2.2,2.25,947418
FYI,20161026,0.05,0.05,0.05,0.05,1398410
FZR,20161026,0.155,0.155,0.155,0.155,1250
G8C,20161026,0.031,0.031,0.031,0.031,1184298
GAP,20161026,0.415,0.42,0.41,0.415,148041
GBG,20161026,0.018,0.019,0.018,0.019,223483
GBI,20161026,0.215,0.22,0.215,0.22,70000
GBM,20161026,0.008,0.008,0.008,0.008,306931
GBT,20161026,3.94,4.1,3.87,3.99,199188
GBX,20161026,0.004,0.004,0.004,0.004,1500000
GBZ,20161026,0.016,0.016,0.016,0.016,480160
GC1,20161026,0.985,1,0.985,0.995,6297
GCS,20161026,0.5,0.5,0.49,0.5,7050
GCY,20161026,0.58,0.585,0.57,0.585,2741693
GDF,20161026,1.025,1.035,1.025,1.03,9531
GDI,20161026,0.97,0.975,0.965,0.97,301557
GDX,20161026,32.39,32.39,32.16,32.29,10286
GDY,20161026,0.017,0.017,0.017,0.017,109500
GEAR,20161026,18.86,18.88,18.41,18.54,60324
GEM,20161026,3.2,3.23,3.15,3.16,2683393
GFI,20161026,0.32,0.32,0.32,0.32,7000
GFL,20161026,1.4,1.49,1.4,1.49,4500
GFY,20161026,0.85,0.86,0.84,0.84,90350
GGG,20161026,0.089,0.095,0.086,0.086,5146401
GGL,20161026,0.038,0.038,0.035,0.036,588914
GGUS,20161026,9.88,9.9,9.88,9.9,40107
GHC,20161026,1.925,1.925,1.875,1.905,178618
GID,20161026,0.023,0.024,0.023,0.024,66117
GLF,20161026,0.009,0.009,0.008,0.008,714704
GLL,20161026,0.11,0.11,0.11,0.11,386351
GMA,20161026,3.07,3.1,2.96,2.96,1632701
GMC,20161026,0.024,0.024,0.022,0.022,6703013
GMD,20161026,0.031,0.031,0.029,0.03,503313
GME,20161026,0.031,0.031,0.031,0.031,161281
GMG,20161026,6.86,6.87,6.77,6.81,3020825
GMN,20161026,0.13,0.13,0.125,0.125,75000
GMR,20161026,0.01,0.011,0.009,0.009,19713534
GMY,20161026,1.005,1.005,1.005,1.005,2878
GNC,20161026,8.45,8.57,8.4,8.45,572036
GNE,20161026,1.825,1.825,1.76,1.775,65908
GNG,20161026,1.92,1.945,1.91,1.925,270509
GNX,20161026,0.235,0.235,0.235,0.235,7411
GOLD,20161026,158.55,158.65,157.5,157.8,2717
GOO,20161026,0.225,0.225,0.22,0.22,287500
GOR,20161026,0.6,0.6,0.59,0.59,1156527
GOVT,20161026,26.13,26.16,26.13,26.16,3800
GOW,20161026,3.48,3.48,3.48,3.48,2773
GOZ,20161026,3.16,3.22,3.16,3.16,268008
GPH,20161026,0.081,0.081,0.08,0.08,384569
GPP,20161026,0.018,0.019,0.016,0.017,35013802
GPT,20161026,4.71,4.75,4.635,4.67,5166201
GPX,20161026,0.385,0.4,0.385,0.4,29300
GRA,20161026,0.65,0.65,0.65,0.65,17070
GRB,20161026,0.038,0.038,0.036,0.036,812642
GRR,20161026,0.115,0.115,0.115,0.115,968552
GSC,20161026,0.056,0.056,0.055,0.055,1076594
GSS,20161026,0.54,0.545,0.53,0.53,59309
GTE,20161026,0.016,0.016,0.015,0.016,592952
GTG,20161026,0.013,0.013,0.013,0.013,1753721
GTK,20161026,3.21,3.21,3.18,3.2,39952
GTN,20161026,3.38,3.55,3.38,3.53,118192
GTY,20161026,2.35,2.365,2.32,2.32,687621
GUD,20161026,10.04,10.17,9.81,9.87,270251
GVF,20161026,1.065,1.07,1.065,1.07,46845
GWA,20161026,2.92,2.94,2.8,2.82,713219
GXL,20161026,7.09,7.17,6.97,6.98,249975
GXY,20161026,0.345,0.35,0.34,0.345,5332678
GZL,20161026,2.4,2.4,2.3,2.4,4500
HAR,20161026,0.004,0.004,0.004,0.004,445000
HAS,20161026,0.091,0.096,0.089,0.095,1069205
HAV,20161026,0.7,0.7,0.69,0.7,76607
HCH,20161026,0.037,0.037,0.035,0.035,329070
HCT,20161026,0.145,0.145,0.14,0.14,64038
HFA,20161026,2.25,2.27,2.22,2.26,65913
HFR,20161026,1.17,1.175,1.16,1.16,140193
HGG,20161026,3.88,3.88,3.81,3.84,5216992
HGO,20161026,0.06,0.062,0.06,0.062,15503
HHL,20161026,3.61,3.65,3.61,3.61,30009
HHV,20161026,1.395,1.395,1.37,1.38,138456
HIL,20161026,0.69,0.695,0.62,0.635,979985
HIT,20161026,0.53,0.53,0.53,0.53,1200
HLO,20161026,4.32,4.32,4.32,4.32,290
HLX,20161026,0.072,0.072,0.072,0.072,45734
HML,20161026,1.18,1.2,1.15,1.2,38500
HMX,20161026,0.052,0.052,0.052,0.052,30000
HNR,20161026,0.019,0.02,0.019,0.02,1091541
HOG,20161026,0.003,0.003,0.003,0.003,323598
HOM,20161026,0.45,0.45,0.44,0.44,8890
HOR,20161026,0.016,0.017,0.016,0.017,280000
HPI,20161026,2.9,2.9,2.81,2.84,111698
HPR,20161026,0.049,0.049,0.049,0.049,109040
HRL,20161026,0.14,0.14,0.14,0.14,50629
HRR,20161026,0.135,0.135,0.135,0.135,41000
HSK,20161026,0.064,0.064,0.064,0.064,8000
HSN,20161026,4.13,4.14,4.02,4.05,407408
HSO,20161026,2.29,2.29,2.24,2.25,14401877
HTA,20161026,0.076,0.076,0.076,0.076,62483
HUB,20161026,5.4,5.4,5.135,5.23,86468
HUO,20161026,3.65,3.65,3.62,3.65,2605
HVN,20161026,5.3,5.31,5.09,5.13,4185661
HVST,20161026,20.16,20.16,19.93,20,219423
HXG,20161026,0.285,0.285,0.275,0.275,597919
HZN,20161026,0.039,0.039,0.039,0.039,377735
HZR,20161026,0.58,0.61,0.53,0.545,805012
IAA,20161026,65.72,65.72,64.4,64.56,6839
IAF,20161026,107.3,107.43,107.1,107.22,11668
IAG,20161026,5.66,5.66,5.575,5.63,5246212
IAM,20161026,0.043,0.048,0.042,0.046,23248888
IAU,20161026,1.25,1.25,1.25,1.25,100
IBC,20161026,0.475,0.475,0.47,0.47,17000
IBG,20161026,0.075,0.077,0.073,0.075,1205638
IBK,20161026,45.05,45.29,45.05,45.29,2950
ICG,20161026,0.012,0.012,0.012,0.012,1014056
ICN,20161026,0.029,0.029,0.028,0.028,626981
ICQ,20161026,0.3,0.3,0.295,0.3,62486
ICU,20161026,0.095,0.095,0.095,0.095,16900
IDA,20161026,0.1,0.1,0.1,0.1,110383
IDR,20161026,2.11,2.12,2.1,2.11,33436
IDT,20161026,0.22,0.23,0.215,0.215,219500
IDX,20161026,1.54,1.55,1.54,1.55,66271
IEL,20161026,4.67,4.67,4.38,4.47,46765
IEM,20161026,49.35,50,48.83,48.83,7965
IEU,20161026,49.99,50.62,49.58,49.71,18663
IFL,20161026,8.4,8.435,8.31,8.34,607449
IFM,20161026,0.77,0.78,0.745,0.75,935300
IFN,20161026,0.955,0.985,0.955,0.98,3223987
IFT,20161026,2.8,2.8,2.66,2.66,11479
IGB,20161026,105.27,105.27,105.27,105.27,2
IGL,20161026,2.1,2.14,2.1,2.13,410594
IGO,20161026,4.08,4.27,4.08,4.25,2929543
IHCB,20161026,107.89,108.1,107.89,108.1,229
IHD,20161026,13.05,13.09,12.95,12.96,46140
IHEB,20161026,108.65,108.65,108.65,108.65,0
IHHY,20161026,106.96,106.97,106.96,106.96,7796
IHK,20161026,28.52,28.54,28.52,28.54,4000
IHOO,20161026,100.26,100.26,99.67,100.22,626
IHVV,20161026,271.94,271.94,269.92,270.77,201
IIL,20161026,0.725,0.75,0.72,0.745,217581
IJH,20161026,199.5,199.5,196.49,197.8,615
IJP,20161026,16.65,16.65,16.325,16.41,17320
IJR,20161026,159.66,159.66,156.56,157.51,889
IKO,20161026,74.09,74.09,72.27,72.27,11190
IKW,20161026,0.008,0.008,0.008,0.008,1000000
ILB,20161026,116,116.2,115.91,116.09,1410
ILC,20161026,22.08,22.08,21.8,21.87,3922
ILU,20161026,5.81,5.82,5.685,5.77,2625848
IMA,20161026,0.055,0.055,0.055,0.055,20000
IMC,20161026,0.365,0.365,0.36,0.36,31000
IMD,20161026,0.64,0.64,0.61,0.62,2244770
IMF,20161026,1.835,1.835,1.82,1.825,104666
IMU,20161026,0.009,0.01,0.009,0.01,4375000
INA,20161026,2.73,2.75,2.72,2.72,277561
INK,20161026,0.067,0.067,0.067,0.067,3375
INL,20161026,0.014,0.014,0.014,0.014,100000
INM,20161026,44,44.53,44,44.2,64953
INV,20161026,0.33,0.33,0.33,0.33,50000
IOD,20161026,0.024,0.024,0.017,0.02,1417910
IOF,20161026,4.19,4.245,4.19,4.22,1077390
IOO,20161026,98.33,98.33,96.71,96.92,12017
IOT,20161026,0.025,0.025,0.024,0.024,1428174
IOZ,20161026,22.11,22.14,21.88,21.98,56539
IPC,20161026,0.8,0.8,0.8,0.8,8000
IPD,20161026,1.695,1.74,1.69,1.7,572779
IPE,20161026,0.23,0.24,0.225,0.24,659478
IPH,20161026,5.76,5.76,5.51,5.52,440177
IPL,20161026,2.85,2.92,2.84,2.89,4576363
IPT,20161026,0.029,0.029,0.029,0.029,250320
IRC,20161026,0.105,0.105,0.105,0.105,50000
IRD,20161026,0.125,0.125,0.12,0.12,34000
IRE,20161026,11.34,11.42,11.1,11.16,314991
IRI,20161026,2.315,2.34,2.31,2.32,37571
IRM,20161026,0.037,0.037,0.037,0.037,37639
IRU,20161026,159.35,159.35,156.86,157.15,582
ISD,20161026,3.56,3.58,3.53,3.53,1162124
ISG,20161026,13.56,13.57,13.5,13.56,12670
ISO,20161026,4.33,4.33,4.28,4.29,137086
ISU,20161026,1.82,1.835,1.805,1.81,98590
ISX,20161026,0.17,0.175,0.165,0.175,461774
ITD,20161026,0.225,0.225,0.22,0.22,99613
ITQ,20161026,6.88,6.93,6.87,6.91,19028
ITW,20161026,20.94,20.94,20.62,20.68,8247
IVC,20161026,13.05,13.16,13,13.03,225260
IVE,20161026,75.95,75.98,75.15,75.4,10624
IVO,20161026,0.019,0.019,0.019,0.019,57000
IVQ,20161026,0.07,0.07,0.07,0.07,6611
IVR,20161026,0.037,0.037,0.035,0.037,697300
IVV,20161026,281.46,281.46,279.18,279.85,7348
IXI,20161026,126.5,126.5,124.9,125.25,2595
IXJ,20161026,127.15,127.15,124.89,124.97,6224
IXP,20161026,76.75,76.75,76.64,76.64,397
IZZ,20161026,50.12,50.12,49.02,49.02,725
JBH,20161026,28.69,28.83,27.51,28.01,1125351
JCS,20161026,0.015,0.015,0.015,0.015,739435
JHC,20161026,1.905,1.92,1.88,1.885,1270162
JHL,20161026,0.045,0.045,0.042,0.042,181250
JHX,20161026,20.51,20.53,20.27,20.4,1078512
JIN,20161026,1.75,1.78,1.75,1.78,20017
JKA,20161026,0.004,0.006,0.004,0.005,9290687
JKL,20161026,0.215,0.22,0.215,0.22,93535
JPR,20161026,0.25,0.25,0.25,0.25,67000
JYC,20161026,1.56,1.56,1.56,1.56,2000
KAI,20161026,0.043,0.044,0.04,0.04,589728
KAM,20161026,0.39,0.39,0.39,0.39,5000
KAR,20161026,2.38,2.42,2.215,2.25,3668286
KAS,20161026,0.024,0.024,0.024,0.024,48000
KAT,20161026,0.75,0.75,0.75,0.75,5538
KCN,20161026,0.23,0.245,0.22,0.225,1278643
KDL,20161026,0.054,0.054,0.045,0.045,501000
KDR,20161026,0.615,0.615,0.55,0.555,3397779
KFE,20161026,0.021,0.024,0.02,0.024,764472
KGL,20161026,0.2,0.215,0.2,0.215,90264
KGN,20161026,1.57,1.57,1.55,1.565,64491
KIN,20161026,0.28,0.28,0.26,0.265,323080
KKL,20161026,0.004,0.004,0.004,0.004,365124
KKO,20161026,0.025,0.03,0.025,0.03,125000
KKT,20161026,0.57,0.57,0.56,0.56,18383
KMD,20161026,1.88,1.88,1.84,1.865,131132
KNL,20161026,0.18,0.18,0.17,0.175,886277
KNM,20161026,0.016,0.018,0.016,0.018,2097368
KNO,20161026,0.22,0.22,0.21,0.21,12003
KOR,20161026,0.022,0.022,0.022,0.022,303200
KOV,20161026,2.15,2.15,2.15,2.15,5086
KPO,20161026,0.125,0.125,0.115,0.125,2359300
KPT,20161026,28.25,28.25,28.25,28.25,210
KRC,20161026,0.007,0.007,0.007,0.007,1251283
KRL,20161026,0.007,0.007,0.006,0.007,1291035
KRM,20161026,0.15,0.15,0.14,0.14,164975
KSL,20161026,1.04,1.05,1.03,1.05,56377
KSM,20161026,2.7,2.7,2.7,2.7,28280
KSN,20161026,0.02,0.021,0.019,0.021,2445493
KTE,20161026,0.023,0.024,0.023,0.024,41965
KYK,20161026,0.225,0.225,0.21,0.21,81530
LAA,20161026,0.22,0.235,0.22,0.23,119895
LAU,20161026,0.42,0.42,0.42,0.42,992448
LBT,20161026,0.67,0.71,0.64,0.64,2115008
LCD,20161026,0.058,0.058,0.058,0.058,95612
LCK,20161026,0.125,0.125,0.125,0.125,26190
LCM,20161026,0.45,0.45,0.39,0.39,510228
LCT,20161026,0.084,0.085,0.084,0.084,549141
LCY,20161026,0.005,0.005,0.005,0.005,230000
LEG,20161026,0.012,0.012,0.011,0.011,3450000
LEP,20161026,4.47,4.5,4.4,4.4,47538
LER,20161026,0.175,0.18,0.165,0.17,244143
LEX,20161026,0.21,0.21,0.2,0.2,151500
LGD,20161026,0.23,0.23,0.23,0.23,4660
LHC,20161026,2.125,2.13,2.09,2.1,81503
LIC,20161026,3.71,3.71,3.65,3.7,43214
LIT,20161026,0.19,0.19,0.185,0.19,409293
LKE,20161026,0.064,0.065,0.064,0.065,121400
LKO,20161026,0.001,0.002,0.001,0.002,2492525
LLC,20161026,13.75,13.85,13.53,13.57,1302701
LMG,20161026,0.025,0.026,0.025,0.026,1545540
LMW,20161026,0.62,0.65,0.62,0.65,1800
LNG,20161026,0.565,0.57,0.56,0.56,592309
LNK,20161026,7.6,7.64,7.36,7.39,1418976
LNU,20161026,0.062,0.062,0.06,0.06,229042
LNY,20161026,0.003,0.003,0.002,0.003,4134301
LOM,20161026,0.48,0.51,0.475,0.48,1143774
LOV,20161026,3.78,3.78,3.24,3.46,199145
LPE,20161026,0.024,0.024,0.022,0.023,3172815
LPI,20161026,0.33,0.335,0.325,0.325,244309
LRS,20161026,0.014,0.014,0.013,0.013,1273783
LSR,20161026,0.01,0.011,0.01,0.011,2559621
LSX,20161026,0.35,0.35,0.35,0.35,775
LTR,20161026,0.031,0.032,0.031,0.031,1488350
LVH,20161026,0.21,0.21,0.205,0.205,170000
LVT,20161026,0.15,0.155,0.145,0.145,90000
LWP,20161026,0.002,0.002,0.002,0.002,3420000
LYC,20161026,0.055,0.066,0.055,0.066,53932170
LYL,20161026,2.7,2.7,2.7,2.7,150
M7T,20161026,0.045,0.045,0.043,0.043,106928
MAD,20161026,0.096,0.096,0.092,0.092,323789
MAH,20161026,0.105,0.105,0.1,0.1,620333
MAQ,20161026,12.05,12.05,12.05,12.05,314
MAR,20161026,0.003,0.003,0.003,0.003,1270000
MAT,20161026,0.175,0.175,0.175,0.175,10000
MAU,20161026,0.09,0.09,0.09,0.09,296440
MBC,20161026,0.27,0.27,0.27,0.27,43611
MBE,20161026,0.285,0.29,0.285,0.285,833173
MBK,20161026,0.035,0.035,0.034,0.034,791639
MBO,20161026,0.02,0.02,0.02,0.02,325000
MBT,20161026,0.036,0.036,0.036,0.036,68000
MCE,20161026,0.415,0.415,0.405,0.405,25300
MCP,20161026,1.07,1.07,1.04,1.07,60600
MCR,20161026,0.36,0.36,0.34,0.34,54144
MCT,20161026,0.049,0.052,0.048,0.052,510611
MCY,20161026,2.81,2.81,2.7,2.76,139022
MDC,20161026,0.57,0.59,0.55,0.56,81075
MDI,20161026,0.066,0.067,0.066,0.067,2685686
MDL,20161026,0.37,0.38,0.37,0.38,34500
MDR,20161026,0.041,0.041,0.041,0.041,466834
MEA,20161026,1,1,0.94,0.99,727034
MEB,20161026,0.445,0.45,0.445,0.45,132237
MED,20161026,0.02,0.02,0.02,0.02,50000
MEI,20161026,0.012,0.012,0.012,0.012,150000
MEO,20161026,0.03,0.031,0.03,0.03,1094778
MEP,20161026,0.12,0.125,0.115,0.115,95116
MEU,20161026,0.021,0.021,0.019,0.019,1167270
MEY,20161026,0.15,0.15,0.15,0.15,50000
MEZ,20161026,2.4,2.44,2.35,2.4,172917
MFF,20161026,1.705,1.705,1.68,1.68,192815
MFG,20161026,21.6,21.99,21.495,21.61,304918
MGC,20161026,1.12,1.135,1.085,1.095,508485
MGE,20161026,2.51,2.51,2.48,2.5,454132
MGL,20161026,0.039,0.039,0.039,0.039,30990
MGR,20161026,2.09,2.11,2.055,2.09,18662017
MGT,20161026,0.04,0.04,0.035,0.035,229435
MGV,20161026,0.12,0.12,0.115,0.12,334550
MGX,20161026,0.345,0.355,0.325,0.335,4448404
MHG,20161026,2.48,2.48,2.48,2.48,75481
MHJ,20161026,1.6,1.64,1.595,1.62,156782
MIG,20161026,0.215,0.215,0.205,0.205,9765
MIL,20161026,1.59,1.6,1.54,1.59,146295
MIN,20161026,11.8,11.98,11.44,11.48,1161538
MIR,20161026,2.9,2.9,2.81,2.83,128233
MJP,20161026,0.385,0.4,0.385,0.4,22945
MKB,20161026,0.005,0.005,0.005,0.005,85000
MKO,20161026,0.084,0.085,0.082,0.085,1186144
MLB,20161026,1.95,1.97,1.95,1.97,33741
MLD,20161026,1.77,1.8,1.715,1.8,611611
MLM,20161026,0.04,0.04,0.04,0.04,225182
MLS,20161026,0.006,0.006,0.005,0.005,2243711
MLT,20161026,4.25,4.27,4.2,4.2,170579
MLX,20161026,1.375,1.4,1.35,1.365,3751088
MMI,20161026,0.11,0.11,0.105,0.105,33302
MMJ,20161026,0.235,0.24,0.23,0.23,280217
MML,20161026,0.645,0.65,0.635,0.635,206237
MMR,20161026,0.025,0.027,0.02,0.02,419222
MMS,20161026,11.13,11.19,10.97,11,426349
MND,20161026,9.5,9.57,9.33,9.47,342963
MNF,20161026,4.77,4.78,4.64,4.7,151601
MNS,20161026,0.7,0.715,0.68,0.71,828780
MNW,20161026,0.07,0.07,0.07,0.07,48571
MNY,20161026,1.895,1.9,1.86,1.875,211846
MOAT,20161026,44.26,44.26,43.97,43.97,1264
MOC,20161026,2.29,2.3,2.19,2.25,101254
MOD,20161026,0.032,0.032,0.031,0.031,489405
MOX,20161026,0.012,0.013,0.012,0.013,3128784
MOY,20161026,0.315,0.32,0.31,0.32,1245370
MP1,20161026,2.68,2.73,2.62,2.63,58113
MPL,20161026,2.6,2.615,2.56,2.58,11434181
MPO,20161026,0.14,0.145,0.14,0.145,44450
MPX,20161026,0.25,0.25,0.25,0.25,10000
MQA,20161026,4.86,4.89,4.65,4.68,2097021
MQG,20161026,82.05,82.46,80.69,81.05,1205657
MRC,20161026,0.12,0.12,0.12,0.12,137577
MRD,20161026,0.011,0.011,0.01,0.011,1769307
MRM,20161026,0.295,0.295,0.27,0.28,1588138
MRN,20161026,0.93,0.93,0.93,0.93,500
MRP,20161026,0.1,0.1,0.1,0.1,25000
MRQ,20161026,0.016,0.016,0.016,0.016,633333
MSB,20161026,1.155,1.155,1.125,1.13,266607
MSG,20161026,0.031,0.032,0.031,0.031,240341
MSM,20161026,0.26,0.265,0.255,0.26,175063
MSP,20161026,0.024,0.025,0.022,0.022,3934917
MSR,20161026,0.004,0.004,0.004,0.004,25242769
MSV,20161026,0.038,0.038,0.037,0.038,1459785
MTA,20161026,0.1,0.105,0.097,0.097,1078772
MTH,20161026,0.005,0.005,0.005,0.005,561646
MTM,20161026,0.23,0.23,0.23,0.23,5979
MTO,20161026,4.15,4.18,4.12,4.18,137275
MTR,20161026,3.5,3.5,3.36,3.38,3268869
MTS,20161026,2.11,2.13,2.05,2.06,5161613
MUA,20161026,0.89,0.925,0.85,0.875,230651
MUS,20161026,0.031,0.039,0.031,0.035,4034537
MVA,20161026,19.38,19.42,19.38,19.42,714
MVB,20161026,25.79,25.79,25.58,25.58,9106
MVE,20161026,22.56,22.56,22.5,22.5,446
MVF,20161026,2.29,2.29,2.23,2.27,703650
MVP,20161026,5.1,5.1,4.95,5,62839
MVR,20161026,18.26,18.28,18.26,18.28,665
MVS,20161026,17.73,17.73,17.6,17.6,3525
MVT,20161026,0.16,0.16,0.16,0.16,80741
MVW,20161026,23.95,23.95,23.71,23.77,10086
MX1,20161026,0.48,0.48,0.445,0.445,140413
MXC,20161026,0.043,0.046,0.043,0.043,1978556
MXI,20161026,0.62,0.62,0.62,0.62,10169
MYE,20161026,0.3,0.3,0.295,0.3,249588
MYO,20161026,3.7,3.74,3.61,3.62,1846954
MYR,20161026,1.2,1.202,1.18,1.18,3683361
MYS,20161026,4.03,4.05,4,4,55669
MYX,20161026,1.72,1.75,1.685,1.73,7092184
MZI,20161026,0.35,0.35,0.34,0.35,293900
MZM,20161026,0.145,0.145,0.145,0.145,31877
MZN,20161026,0.023,0.024,0.021,0.021,11391218
NAB,20161026,27.7,27.76,27.31,27.46,6700344
NAC,20161026,1.14,1.15,1.14,1.145,151661
NAE,20161026,0.019,0.022,0.019,0.019,13568897
NAG,20161026,0.125,0.125,0.12,0.12,559918
NAM,20161026,0.41,0.43,0.41,0.41,24700
NAN,20161026,3.2,3.44,3.18,3.42,1793140
NBL,20161026,1.74,1.74,1.74,1.74,6000
NCC,20161026,1.365,1.365,1.35,1.35,57387
NCK,20161026,5.7,5.75,5.68,5.74,25415
NCL,20161026,0.035,0.035,0.035,0.035,100000
NCM,20161026,21.9,22.18,21.79,21.94,2739859
NCR,20161026,0.006,0.006,0.006,0.006,225913
NDO,20161026,0.082,0.082,0.075,0.075,11000
NDQ,20161026,11.48,11.48,11,11.02,4326
NEA,20161026,0.885,0.89,0.825,0.88,3313410
NEC,20161026,0.875,0.875,0.865,0.865,2182613
NEN,20161026,0.235,0.24,0.235,0.24,56500
NET,20161026,0.032,0.032,0.032,0.032,30000
NEU,20161026,0.046,0.046,0.043,0.043,1072594
NHC,20161026,1.96,1.96,1.86,1.885,157169
NHF,20161026,4.8,4.95,4.77,4.95,434091
NIU,20161026,0.007,0.007,0.006,0.006,1048696
NMI,20161026,0.016,0.019,0.015,0.019,350348
NML,20161026,0.041,0.041,0.038,0.038,392414
NMT,20161026,0.35,0.35,0.34,0.34,583985
NOR,20161026,0.02,0.021,0.02,0.021,1977643
NOV,20161026,0.17,0.17,0.17,0.17,30867
NOX,20161026,0.195,0.2,0.19,0.2,1387654
NRT,20161026,0.091,0.092,0.084,0.085,1120041
NSL,20161026,0.034,0.035,0.033,0.033,6133750
NSR,20161026,1.505,1.505,1.475,1.48,911322
NST,20161026,4.13,4.185,4.1,4.14,3634350
NTC,20161026,2.3,2.4,2.28,2.34,180750
NTL,20161026,0.005,0.005,0.005,0.005,210000
NTM,20161026,0.08,0.088,0.079,0.088,880349
NTU,20161026,0.16,0.175,0.16,0.175,1522026
NUF,20161026,8.77,8.85,8.77,8.81,880474
NVL,20161026,2.01,2.03,2,2,85142
NVO,20161026,0.095,0.095,0.095,0.095,44355
NVT,20161026,5.23,5.265,5.16,5.18,949889
NWF,20161026,0.28,0.28,0.28,0.28,12000
NWH,20161026,0.565,0.59,0.56,0.575,3935714
NWS,20161026,17,17.07,16.83,16.93,129832
NWZ,20161026,0.006,0.006,0.005,0.006,4989793
NXM,20161026,0.15,0.15,0.15,0.15,314560
NXT,20161026,3.8,3.82,3.72,3.76,1175944
NYO,20161026,0.001,0.001,0.001,0.001,25582054
NZK,20161026,1.03,1.03,1.03,1.03,7000
NZM,20161026,0.64,0.64,0.63,0.635,599693
OBJ,20161026,0.075,0.075,0.072,0.072,2708801
OBL,20161026,0.006,0.006,0.006,0.006,76000
OCC,20161026,0.48,0.485,0.415,0.42,392255
OCL,20161026,1.74,1.75,1.72,1.74,133000
OCP,20161026,2.37,2.37,2.36,2.36,2680
ODY,20161026,0.095,0.095,0.092,0.092,175835
OEC,20161026,0.91,0.91,0.91,0.91,5000
OEL,20161026,0.046,0.046,0.045,0.045,300938
OEX,20161026,0.009,0.009,0.008,0.008,372181
OFX,20161026,1.67,1.685,1.62,1.62,1326046
OGC,20161026,4.19,4.22,4.12,4.12,608834
OIL,20161026,0.049,0.049,0.043,0.043,350000
OKU,20161026,0.14,0.15,0.13,0.15,184988
OLV,20161026,0.08,0.08,0.08,0.08,100000
OMH,20161026,0.09,0.1,0.09,0.1,41000
OML,20161026,4.6,4.61,4.45,4.5,359665
ONE,20161026,6.56,6.56,6.56,6.56,1500
OOK,20161026,0.027,0.027,0.026,0.027,2100014
OOO,20161026,15.71,15.71,15.4,15.42,18489
OPG,20161026,0.545,0.545,0.545,0.545,1125
OPT,20161026,0.72,0.72,0.71,0.71,39691
ORA,20161026,2.99,3,2.92,2.94,3287775
ORE,20161026,3.3,3.33,3.21,3.24,1338812
ORG,20161026,5.51,5.54,5.415,5.46,4388322
ORI,20161026,16.19,16.41,16.13,16.26,1554714
ORL,20161026,2.25,2.25,2.25,2.25,10050
ORN,20161026,0.024,0.024,0.023,0.023,521226
ORR,20161026,0.49,0.49,0.49,0.49,164870
OSH,20161026,6.89,6.92,6.73,6.77,4248452
OSL,20161026,0.12,0.12,0.115,0.115,240221
OSP,20161026,0.45,0.46,0.43,0.43,82123
OTC,20161026,0.29,0.29,0.285,0.285,521117
OTR,20161026,0.415,0.415,0.415,0.415,632
OTW,20161026,3.05,3.1,3,3,4489
OVH,20161026,0.63,0.64,0.625,0.63,255110
OVL,20161026,0.021,0.021,0.02,0.02,1635099
OVN,20161026,0.73,0.73,0.73,0.73,31000
OVR,20161026,0.008,0.009,0.008,0.008,2594873
OZF,20161026,19.42,19.42,19.42,19.42,133
OZG,20161026,0.165,0.165,0.16,0.16,100000
OZL,20161026,6,6.11,5.94,6.08,2328850
OZR,20161026,7.76,7.76,7.68,7.68,10899
PAA,20161026,0.076,0.076,0.076,0.076,6816
PAB,20161026,0.007,0.009,0.007,0.009,11896863
PAC,20161026,3.81,3.81,3.51,3.51,149580
PAF,20161026,0.915,0.915,0.91,0.915,103750
PAI,20161026,0.945,0.95,0.935,0.95,180524
PAK,20161026,0.11,0.115,0.11,0.11,322491
PAN,20161026,0.24,0.24,0.235,0.235,105869
PAR,20161026,0.5,0.5,0.5,0.5,74548
PBP,20161026,0.49,0.49,0.49,0.49,2643
PBT,20161026,0.067,0.067,0.065,0.065,177304
PDI,20161026,0.011,0.011,0.011,0.011,518333
PDN,20161026,0.15,0.15,0.145,0.15,1612021
PDZ,20161026,0.34,0.34,0.305,0.325,492770
PEA,20161026,0.61,0.61,0.59,0.61,107876
PEH,20161026,0.097,0.1,0.09,0.1,369063
PEK,20161026,0.078,0.078,0.074,0.074,116474
PEN,20161026,0.6,0.62,0.595,0.62,162223
PEP,20161026,2.42,2.42,2.4,2.4,15539
PEX,20161026,0.16,0.16,0.16,0.16,50000
PGC,20161026,0.82,0.84,0.805,0.81,191125
PGF,20161026,0.875,0.875,0.855,0.86,116259
PGH,20161026,6.47,6.5,6.45,6.47,621064
PGI,20161026,0.084,0.09,0.084,0.09,31000
PGM,20161026,0.087,0.087,0.087,0.087,5000
PGO,20161026,0.09,0.09,0.087,0.087,398900
PGR,20161026,0.75,0.76,0.74,0.76,100212
PHG,20161026,0.405,0.425,0.405,0.42,789526
PHK,20161026,0.1,0.1,0.1,0.1,18034
PIC,20161026,0.96,0.965,0.955,0.955,55437
PIL,20161026,0.017,0.017,0.016,0.016,270843
PIO,20161026,0.018,0.019,0.017,0.017,7880429
PIQ,20161026,0.29,0.3,0.27,0.3,80172
PLG,20161026,0.77,0.777,0.745,0.76,2919571
PLH,20161026,0.16,0.17,0.15,0.17,729458
PLP,20161026,0.016,0.016,0.016,0.016,609296
PLS,20161026,0.535,0.56,0.51,0.525,21346682
PMC,20161026,1.52,1.56,1.49,1.52,186677
PME,20161026,5.41,5.47,5.4,5.47,75291
PMP,20161026,0.645,0.655,0.64,0.65,68798
PMV,20161026,14.97,15.09,14.5,14.62,337063
PMY,20161026,0.009,0.009,0.009,0.009,664895
PNC,20161026,1.79,1.79,1.78,1.785,20308
PNI,20161026,2.11,2.11,2.1,2.1,183574
PNL,20161026,0.35,0.375,0.35,0.37,123952
PNN,20161026,0.017,0.017,0.017,0.017,496549
PNR,20161026,0.17,0.177,0.17,0.17,5173657
PNV,20161026,0.33,0.34,0.305,0.305,1224567
PNX,20161026,0.024,0.025,0.023,0.023,2404673
POH,20161026,0.035,0.035,0.032,0.032,222261
POS,20161026,0.051,0.052,0.051,0.051,1009609
POU,20161026,15.79,15.79,15.65,15.68,35459
POW,20161026,0.01,0.01,0.01,0.01,3437274
POZ,20161026,0.03,0.03,0.03,0.03,180000
PPC,20161026,0.95,0.95,0.925,0.95,108223
PPG,20161026,0.46,0.46,0.46,0.46,1250
PPH,20161026,1.85,1.85,1.68,1.68,214735
PPL,20161026,0.44,0.45,0.44,0.44,60685
PPP,20161026,0.028,0.028,0.028,0.028,28400
PPS,20161026,0.48,0.485,0.465,0.47,611033
PPT,20161026,45.84,46.23,45.25,45.49,103380
PRG,20161026,1.49,1.495,1.4,1.425,999969
PRL,20161026,0.011,0.012,0.011,0.012,2006660
PRO,20161026,1,1,0.97,0.97,3000
PRR,20161026,0.037,0.037,0.036,0.036,803261
PRT,20161026,0.28,0.28,0.27,0.275,828438
PRU,20161026,0.585,0.607,0.585,0.605,6901459
PRY,20161026,3.94,3.95,3.805,3.84,1168676
PSA,20161026,0.18,0.185,0.165,0.185,193835
PSC,20161026,0.042,0.042,0.038,0.039,4423149
PSI,20161026,2.3,2.3,2.24,2.24,27048
PSM,20161026,0.019,0.02,0.019,0.02,1235375
PSQ,20161026,2.3,2.3,2.23,2.23,9006
PSY,20161026,0.085,0.085,0.083,0.084,269300
PSZ,20161026,0.365,0.365,0.345,0.345,5550
PTB,20161026,0.48,0.48,0.46,0.46,2000
PTL,20161026,0.6,0.6,0.595,0.595,10440
PTM,20161026,5.08,5.085,4.96,4.96,1141199
PTR,20161026,0.004,0.004,0.004,0.004,53338
PTX,20161026,0.12,0.12,0.115,0.115,551277
PVA,20161026,2.99,2.99,2.85,2.85,7000
PVD,20161026,0.046,0.047,0.046,0.046,119862
PVL,20161026,0.78,0.78,0.78,0.78,20625
PWH,20161026,3.02,3.07,3.02,3.05,198677
PWN,20161026,0.028,0.029,0.027,0.029,280778
PXS,20161026,0.267,0.267,0.265,0.265,150910
QAG,20161026,7.7,7.7,7.67,7.67,8250
QAN,20161026,3.16,3.17,3.05,3.06,21354126
QAU,20161026,13.43,13.43,13.39,13.43,6136
QBE,20161026,10.23,10.28,10.005,10.08,4181945
QCB,20161026,9.24,9.24,9.24,9.24,7710
QHL,20161026,0.11,0.115,0.105,0.105,327746
QIP,20161026,2.31,2.33,2.23,2.26,210255
QMIX,20161026,15.14,15.14,15.14,15.14,0
QMS,20161026,1.21,1.22,1.195,1.22,71364
QOZ,20161026,12.07,12.07,11.94,11.94,1178
QUAL,20161026,18.24,18.24,18.09,18.14,10735
QUB,20161026,2.29,2.305,2.21,2.22,3254211
QUR,20161026,0.016,0.017,0.016,0.017,766000
QUS,20161026,27.31,27.31,27.16,27.16,1493
QVE,20161026,1.22,1.22,1.21,1.215,29303
RAC,20161026,0.265,0.27,0.26,0.26,194717
RAN,20161026,1.28,1.28,1.22,1.26,36439
RAP,20161026,0.47,0.48,0.46,0.46,2534357
RARI,20161026,23.3,23.3,23.3,23.3,0
RAW,20161026,0.049,0.049,0.049,0.049,68266
RBL,20161026,1.015,1.015,0.95,0.95,61871
RCB,20161026,20.4,20.47,20.4,20.47,6947
RCE,20161026,0.18,0.18,0.175,0.18,25299
RCG,20161026,1.57,1.57,1.535,1.55,610104
RCO,20161026,0.22,0.22,0.22,0.22,22500
RCR,20161026,2.59,2.66,2.58,2.63,179189
RCT,20161026,3.58,3.58,3.57,3.57,7900
RDM,20161026,0.11,0.11,0.11,0.11,267959
RDV,20161026,28.19,28.24,27.87,27.87,9099
REA,20161026,50.51,51.01,50.425,50.95,279884
RED,20161026,0.102,0.105,0.102,0.105,1112080
REF,20161026,0.105,0.11,0.105,0.11,381917
REG,20161026,3.94,4.01,3.855,3.97,435976
REH,20161026,44,44,43.32,43.32,574
RER,20161026,0.014,0.014,0.014,0.014,1860877
RFF,20161026,1.625,1.63,1.61,1.615,102643
RFG,20161026,6.85,6.91,6.7,6.72,656474
RFL,20161026,0.115,0.115,0.115,0.115,5000
RFN,20161026,0.062,0.07,0.062,0.07,109500
RFT,20161026,0.036,0.036,0.035,0.035,400036
RFX,20161026,0.435,0.445,0.425,0.425,352138
RGB,20161026,21.57,21.57,21.57,21.57,237
RGS,20161026,0.155,0.155,0.155,0.155,79303
RHC,20161026,75.2,75.53,73.03,73.51,692565
RHL,20161026,3.18,3.24,3.18,3.2,4475
RHP,20161026,0.92,0.92,0.92,0.92,29000
RHS,20161026,0.073,0.076,0.073,0.073,111200
RIC,20161026,1.265,1.315,1.255,1.27,1010087
RIM,20161026,0.02,0.02,0.02,0.02,220000
RIO,20161026,52.99,53.56,52.56,53.37,3874422
RKN,20161026,1.605,1.61,1.57,1.585,125757
RLE,20161026,0.078,0.078,0.077,0.077,159548
RMD,20161026,8.19,8.28,8.02,8.08,4732260
RMP,20161026,0.02,0.02,0.02,0.02,4867
RMR,20161026,0.001,0.001,0.001,0.001,10771728
RMS,20161026,0.455,0.47,0.445,0.465,2276302
RMX,20161026,0.011,0.011,0.01,0.01,4845650
RND,20161026,2.25,2.25,2.25,2.25,925
RNI,20161026,0.011,0.011,0.011,0.011,369246
RNL,20161026,0.012,0.012,0.012,0.012,1290
RNT,20161026,0.13,0.13,0.11,0.11,638260
RNU,20161026,0.034,0.038,0.033,0.037,2453671
RNY,20161026,0.11,0.11,0.11,0.11,8000
RRL,20161026,3.3,3.36,3.27,3.34,2068125
RRS,20161026,0.006,0.006,0.006,0.006,218411
RSG,20161026,1.735,1.795,1.717,1.78,6878675
RSM,20161026,20.68,20.68,20.68,20.68,387
RTG,20161026,0.355,0.36,0.345,0.36,316577
RTR,20161026,0.016,0.017,0.016,0.016,2188788
RUB,20161026,0.06,0.06,0.06,0.06,145000
RUL,20161026,0.52,0.53,0.5,0.5,126031
RUM,20161026,0.02,0.02,0.018,0.018,145398
RVA,20161026,1.25,1.3,1.25,1.3,34250
RVL,20161026,28.14,28.17,28.14,28.17,20000
RVR,20161026,0.165,0.17,0.155,0.155,748120
RVY,20161026,0.02,0.022,0.02,0.02,1162617
RWC,20161026,3,3.01,2.97,2.99,1695008
RWD,20161026,0.37,0.37,0.37,0.37,59088
RWH,20161026,1.285,1.285,1.285,1.285,9231
RXH,20161026,0.052,0.052,0.05,0.05,65000
RXL,20161026,0.017,0.017,0.016,0.016,1815269
RXM,20161026,0.046,0.046,0.044,0.045,1203047
RXP,20161026,0.955,0.98,0.95,0.95,190683
RYD,20161026,1.015,1.02,1.015,1.02,48500
S2R,20161026,0.41,0.445,0.39,0.445,729200
S32,20161026,2.62,2.65,2.59,2.61,24586723
SAI,20161026,4.67,4.67,4.66,4.66,1170018
SAR,20161026,1.205,1.24,1.2,1.24,4934334
SAS,20161026,0.053,0.056,0.048,0.052,17092513
SAU,20161026,0.345,0.355,0.33,0.355,117826
SBM,20161026,2.74,2.78,2.71,2.73,1167141
SCG,20161026,4.31,4.35,4.26,4.29,12721005
SCI,20161026,0.029,0.03,0.029,0.03,52482
SCO,20161026,3.72,3.8,3.68,3.68,108754
SCP,20161026,2.21,2.225,2.19,2.2,1602432
SDA,20161026,3.92,3.98,3.85,3.86,141124
SDF,20161026,2.21,2.25,2.21,2.23,2016125
SDG,20161026,1.515,1.545,1.515,1.545,18345
SDI,20161026,1.1,1.1,1.07,1.08,88949
SDL,20161026,0.003,0.003,0.002,0.002,2442598
SEA,20161026,0.19,0.19,0.18,0.185,2028065
SEG,20161026,0.004,0.004,0.003,0.003,6250000
SEH,20161026,0.095,0.096,0.094,0.095,1590099
SEK,20161026,15.18,15.27,14.96,15,1467893
SEN,20161026,0.125,0.13,0.12,0.122,2301139
SEQ,20161026,0.002,0.002,0.002,0.002,900000
SES,20161026,0.079,0.079,0.079,0.079,5000
SFC,20161026,5.25,5.25,5.25,5.25,110
SFG,20161026,0.09,0.09,0.087,0.087,644351
SFH,20161026,0.52,0.53,0.5,0.5,431772
SFI,20161026,0.07,0.07,0.066,0.067,1019254
SFL,20161026,0.215,0.215,0.205,0.205,42763
SFR,20161026,5.1,5.1,5.01,5.07,793892
SFX,20161026,0.55,0.56,0.545,0.545,117585
SFY,20161026,50.61,50.76,50.03,50.1,6754
SGC,20161026,0.05,0.05,0.05,0.05,100000
SGF,20161026,4.29,4.29,4.12,4.17,76950
SGH,20161026,0.375,0.375,0.37,0.37,287151
SGM,20161026,9.95,10.14,9.77,9.79,1449171
SGP,20161026,4.5,4.58,4.475,4.53,5258566
SGQ,20161026,0.13,0.135,0.125,0.135,1632424
SGR,20161026,5.02,5.05,4.95,4.97,4826298
SHH,20161026,0.015,0.015,0.015,0.015,10944
SHJ,20161026,1.26,1.3,1.26,1.285,22510
SHL,20161026,21.3,21.33,20.73,20.84,946860
SHM,20161026,1.365,1.365,1.32,1.36,25692
SHV,20161026,6.58,6.6,6.32,6.39,380831
SIH,20161026,0.02,0.02,0.02,0.02,198508
SIO,20161026,0.525,0.525,0.475,0.475,27597
SIP,20161026,1.38,1.397,1.36,1.38,2352118
SIQ,20161026,6.58,6.58,6.14,6.35,121421
SIV,20161026,10.9,10.9,10.72,10.85,16798
SKB,20161026,0.635,0.665,0.63,0.65,333486
SKC,20161026,3.62,3.62,3.51,3.55,1765088
SKI,20161026,2.17,2.2,2.17,2.18,5194504
SKT,20161026,4.53,4.55,4.385,4.44,257521
SLC,20161026,2.99,3.02,2.98,3,193784
SLF,20161026,12.19,12.36,12.17,12.27,130198
SLK,20161026,4.32,4.43,4.32,4.38,125575
SLM,20161026,0.475,0.51,0.475,0.475,17849
SLR,20161026,0.58,0.622,0.58,0.62,5105937
SLX,20161026,0.305,0.345,0.305,0.34,372241
SMA,20161026,0.028,0.028,0.026,0.028,837038
SMD,20161026,0.033,0.034,0.031,0.032,4239393
SMI,20161026,0.052,0.052,0.05,0.05,465705
SMN,20161026,2.31,2.39,2.305,2.36,64524
SMP,20161026,0.15,0.15,0.15,0.15,2750
SMR,20161026,0.715,0.735,0.695,0.71,116883
SMX,20161026,1.605,1.605,1.59,1.595,280808
SNC,20161026,0.905,0.915,0.905,0.905,11925
SNL,20161026,1.89,1.89,1.89,1.89,250
SO4,20161026,0.44,0.44,0.44,0.44,2907
SOC,20161026,0.004,0.005,0.004,0.005,1572333
SOL,20161026,15.97,15.97,15.61,15.66,128432
SOM,20161026,3.95,3.99,3.92,3.95,34403
SOR,20161026,0.125,0.125,0.125,0.125,133000
SP1,20161026,0.065,0.065,0.062,0.062,349155
SPB,20161026,0.045,0.045,0.04,0.041,710645
SPK,20161026,3.34,3.35,3.28,3.29,761432
SPL,20161026,0.67,0.68,0.655,0.67,313428
SPO,20161026,1,1.01,0.99,0.995,6610590
SPZ,20161026,0.31,0.31,0.3,0.3,77405
SRF,20161026,0.185,0.185,0.18,0.18,640745
SRG,20161026,1.61,1.61,1.575,1.59,20011
SRI,20161026,0.017,0.017,0.016,0.016,1283209
SRO,20161026,0.023,0.023,0.021,0.021,6109602
SRS,20161026,0.026,0.026,0.026,0.026,115789
SRV,20161026,8.05,8.05,7.98,8,104170
SRX,20161026,29.13,29.3,28.07,28.61,422895
SRY,20161026,0.05,0.05,0.05,0.05,53000
SSG,20161026,1.115,1.115,1.1,1.1,68883
SSM,20161026,1.2,1.2,1.155,1.16,866175
SSO,20161026,12.67,12.67,12.65,12.65,1086
ST1,20161026,0.026,0.027,0.025,0.025,127112
STA,20161026,0.006,0.008,0.006,0.008,21397151
STL,20161026,0.034,0.034,0.034,0.034,41777
STO,20161026,3.65,3.66,3.55,3.59,8353453
STW,20161026,50.46,50.52,49.96,50.09,88945
STX,20161026,0.105,0.105,0.105,0.105,31600
SUD,20161026,0.021,0.021,0.02,0.02,1528678
SUL,20161026,10.2,10.22,10.03,10.07,686831
SUM,20161026,0.024,0.024,0.024,0.024,100000
SUN,20161026,12.41,12.45,12.265,12.3,2669055
SUR,20161026,0.011,0.011,0.01,0.011,121100
SVH,20161026,0.26,0.26,0.25,0.25,11123
SVL,20161026,0.195,0.195,0.19,0.195,200507
SVM,20161026,0.12,0.12,0.115,0.115,292947
SVW,20161026,8.92,9.1,8.92,9.09,293255
SVY,20161026,0.19,0.19,0.18,0.18,145000
SW1,20161026,0.26,0.26,0.245,0.245,25212
SWJ,20161026,0.015,0.018,0.015,0.018,2119759
SWK,20161026,0.255,0.255,0.24,0.24,33000
SWL,20161026,0.84,0.845,0.83,0.83,69592
SWM,20161026,0.705,0.715,0.7,0.71,1556126
SXE,20161026,0.45,0.465,0.45,0.455,203759
SXL,20161026,1.51,1.54,1.44,1.46,2840418
SXY,20161026,0.255,0.26,0.252,0.255,2540573
SYA,20161026,0.027,0.028,0.026,0.026,3361795
SYD,20161026,6.53,6.53,6.355,6.4,9178566
SYI,20161026,27.28,27.29,27.05,27.05,5833
SYR,20161026,3.98,4.04,3.88,3.93,2005335
SYT,20161026,0.038,0.038,0.037,0.037,6452752
T3D,20161026,0.01,0.01,0.01,0.01,614718
TAH,20161026,4.83,4.84,4.75,4.82,4532698
TAM,20161026,0.085,0.085,0.084,0.084,535245
TAP,20161026,0.095,0.097,0.095,0.097,74474
TAS,20161026,0.18,0.18,0.18,0.18,41675
TAW,20161026,0.145,0.145,0.13,0.14,1973845
TBH,20161026,0.16,0.16,0.16,0.16,79000
TBR,20161026,5.9,5.9,5.8,5.8,866
TCH,20161026,2.03,2.05,2.01,2.04,186355
TCL,20161026,10.75,10.76,10.5,10.58,5799886
TCN,20161026,0.067,0.067,0.067,0.067,50000
TCO,20161026,0.98,0.98,0.98,0.98,575
TDL,20161026,0.21,0.21,0.21,0.21,8800
TEG,20161026,0.002,0.002,0.002,0.002,1000000
TEN,20161026,1.1,1.125,1.095,1.11,137547
TER,20161026,0.039,0.039,0.037,0.037,3752983
TFC,20161026,1.45,1.455,1.4,1.42,423559
TFL,20161026,0.235,0.235,0.235,0.235,4202
TGA,20161026,1.74,1.74,1.68,1.735,360993
TGG,20161026,1.17,1.175,1.17,1.175,340550
TGH,20161026,1.435,1.44,1.4,1.4,45483
TGP,20161026,0.91,0.912,0.91,0.91,196440
TGR,20161026,3.97,3.98,3.92,3.93,745797
TGS,20161026,0.02,0.022,0.02,0.02,937856
TGZ,20161026,1.135,1.135,1.125,1.135,116483
THD,20161026,0.02,0.02,0.019,0.019,1291744
THX,20161026,0.059,0.059,0.058,0.058,138601
TIA,20161026,0.67,0.67,0.66,0.67,55000
TIL,20161026,3.81,3.81,3.81,3.81,13228
TIX,20161026,2.5,2.58,2.5,2.5,171396
TKF,20161026,0.054,0.054,0.051,0.052,233880
TKL,20161026,0.021,0.021,0.021,0.021,340954
TLG,20161026,0.3,0.3,0.28,0.285,110841
TLM,20161026,0.38,0.4,0.375,0.39,567993
TLS,20161026,5.03,5.04,5,5,27627556
TME,20161026,4.69,4.72,4.63,4.66,813501
TMP,20161026,0.245,0.25,0.24,0.24,139652
TMZ,20161026,0.04,0.04,0.04,0.04,30000
TND,20161026,0.029,0.029,0.026,0.026,237738
TNE,20161026,5.7,5.7,5.59,5.64,519727
TNG,20161026,0.17,0.17,0.155,0.16,1737712
TNK,20161026,2.07,2.07,2.06,2.06,33547
TNP,20161026,0.011,0.011,0.011,0.011,20000
TOE,20161026,0.041,0.042,0.04,0.042,321775
TOF,20161026,2.2,2.2,2.14,2.16,43590
TOP,20161026,0.72,0.725,0.72,0.72,43505
TOT,20161026,1.055,1.055,1.04,1.04,197098
TOU,20161026,0.15,0.15,0.145,0.145,9524
TPE,20161026,2.95,3.15,2.95,3.14,33457
TPM,20161026,7.3,7.36,7.22,7.22,1809251
TPP,20161026,0.245,0.245,0.24,0.24,110880
TPS,20161026,0.016,0.016,0.016,0.016,236374
TRL,20161026,0.064,0.064,0.052,0.052,658297
TRM,20161026,0.026,0.026,0.026,0.026,92300
TRS,20161026,7.31,7.325,7.1,7.12,305669
TRY,20161026,0.37,0.38,0.365,0.37,1079039
TSM,20161026,0.33,0.33,0.32,0.32,153221
TSN,20161026,0.023,0.023,0.019,0.021,9187533
TTC,20161026,0.505,0.505,0.5,0.5,59444
TTI,20161026,0.038,0.04,0.038,0.04,36868
TTL,20161026,0.036,0.036,0.035,0.035,200000
TTS,20161026,4.05,4.07,3.98,4.06,7986040
TUP,20161026,0.078,0.078,0.078,0.078,100000
TV2,20161026,0.019,0.023,0.018,0.019,36405597
TWD,20161026,3.9,3.9,3.88,3.88,11395
TWE,20161026,11.37,11.47,11.18,11.22,3222287
TWH,20161026,0.012,0.013,0.011,0.011,2381251
TWR,20161026,0.86,0.86,0.835,0.84,182550
TYK,20161026,0.007,0.007,0.007,0.007,1312250
TYX,20161026,0.037,0.037,0.036,0.036,348672
TZN,20161026,0.096,0.096,0.092,0.092,59124
UBA,20161026,18.32,18.4,18.18,18.18,1218
UBE,20161026,17.55,17.55,17.55,17.55,77
UBI,20161026,0.34,0.34,0.34,0.34,8000
UBJ,20161026,19.9,19.9,19.9,19.9,23
UBN,20161026,0.165,0.18,0.15,0.165,488661
UBP,20161026,18.91,18.91,18.91,18.91,105
UBW,20161026,19.88,19.88,19.88,19.88,1233
UCM,20161026,0.27,0.275,0.25,0.25,105864
UGL,20161026,3.2,3.22,3.2,3.2,155180
UIL,20161026,0.055,0.055,0.055,0.055,165000
UMAX,20161026,16.49,16.49,16.33,16.38,16803
UNS,20161026,0.069,0.074,0.056,0.065,2075129
UNV,20161026,0.15,0.155,0.15,0.155,60000
UOS,20161026,0.59,0.595,0.57,0.58,170081
UPD,20161026,0.565,0.565,0.54,0.55,456081
URF,20161026,2.02,2.02,2.02,2.02,11380
USD,20161026,12.75,12.76,12.67,12.7,63805
VAE,20161026,52.27,52.32,52.27,52.32,1095
VAF,20161026,49.58,49.59,49.53,49.59,13727
VAH,20161026,0.232,0.235,0.23,0.23,283251
VAN,20161026,0.05,0.051,0.049,0.049,2892725
VAP,20161026,76.34,77.44,76,76.67,14388
VAR,20161026,0.021,0.021,0.019,0.019,5063588
VAS,20161026,68.62,68.7,67.95,68.04,65016
VBS,20161026,1.49,1.49,1.48,1.48,3350
VCF,20161026,52.01,52.02,51.91,52.01,2541
VCX,20161026,2.97,2.97,2.9,2.92,6774457
VEE,20161026,0.595,0.62,0.59,0.61,1562167
VEQ,20161026,44.27,44.27,44.26,44.26,490
VEU,20161026,59.2,59.39,58.25,58.52,18272
VGAD,20161026,54.23,54.23,54,54.16,9043
VGB,20161026,50.07,50.13,49.96,49.96,11203
VGE,20161026,57,57,55.5,55.69,4566
VGL,20161026,5.72,5.72,5.72,5.72,14
VGS,20161026,55.02,55.02,54.4,54.64,11710
VHT,20161026,0.87,0.88,0.8,0.8,167324
VHY,20161026,57.1,57.2,56.5,56.65,20425
VIC,20161026,0.002,0.002,0.002,0.002,240000
VIF,20161026,52.78,52.82,52.74,52.82,4880
VIT,20161026,2.17,2.2,2.17,2.18,1949832
VLA,20161026,1.22,1.245,1.19,1.225,45666
VLC,20161026,57.15,57.25,56.59,56.6,9903
VLT,20161026,0.034,0.034,0.033,0.033,1343227
VLW,20161026,2.32,2.33,2.27,2.29,116414
VMC,20161026,0.17,0.17,0.17,0.17,27750
VML,20161026,0.019,0.019,0.018,0.018,1524837
VMS,20161026,0.028,0.03,0.028,0.03,600000
VMT,20161026,0.12,0.12,0.115,0.12,77806
VMX,20161026,0.14,0.14,0.14,0.14,2500
VMY,20161026,0.25,0.27,0.25,0.26,107050
VOC,20161026,5.8,5.84,5.61,5.69,4275439
VPC,20161026,0.021,0.022,0.021,0.022,438033
VRC,20161026,0.08,0.08,0.077,0.077,1997713
VRI,20161026,0.075,0.075,0.07,0.073,1475317
VRL,20161026,5.1,5.13,5.01,5.02,515609
VRT,20161026,7.25,7.28,7.15,7.16,346812
VSC,20161026,1.5,1.5,1.5,1.5,138219
VSO,20161026,48.54,48.54,47.78,47.85,7176
VTG,20161026,4.7,4.75,4.6,4.7,534418
VTS,20161026,144.74,144.74,142.19,142.66,7275
VVR,20161026,2.34,2.34,2.28,2.29,3270665
VXR,20161026,0.009,0.009,0.009,0.009,1269314
WAA,20161026,1.15,1.15,1.14,1.145,24000
WAF,20161026,0.335,0.335,0.325,0.33,290000
WAM,20161026,2.32,2.34,2.29,2.29,1116791
WAX,20161026,1.605,1.605,1.57,1.575,636615
WBA,20161026,1.2,1.215,1.19,1.19,119130
WBC,20161026,30.72,30.79,30.41,30.6,7042874
WBT,20161026,0.027,0.027,0.024,0.024,1759007
WCB,20161026,6.62,6.62,6.6,6.6,700
WCP,20161026,0.075,0.075,0.075,0.075,65000
WDE,20161026,0.775,0.775,0.765,0.775,74581
WDIV,20161026,17.45,17.45,17.06,17.12,15567
WEB,20161026,11.75,11.75,11.4,11.51,319382
WEC,20161026,0.07,0.071,0.07,0.071,81197
WEMG,20161026,17.27,17.27,17.27,17.27,500
WES,20161026,42.5,42.89,41.38,41.45,6335010
WFD,20161026,9.05,9.14,8.97,9.02,5790947
WFE,20161026,0.004,0.004,0.004,0.004,4495630
WHC,20161026,3.14,3.21,3.01,3.09,8144314
WHF,20161026,4.23,4.28,4.23,4.24,22218
WIC,20161026,0.935,0.945,0.93,0.94,68767
WIN,20161026,0.19,0.19,0.19,0.19,338407
WKT,20161026,0.004,0.004,0.003,0.003,840000
WLC,20161026,0.009,0.009,0.009,0.009,100000
WLD,20161026,0.25,0.25,0.24,0.245,650783
WLE,20161026,1.145,1.145,1.125,1.13,717776
WLF,20161026,0.069,0.069,0.069,0.069,100000
WLL,20161026,5.5,5.5,5.4,5.4,8777
WMK,20161026,1.055,1.065,1.05,1.065,273372
WOF,20161026,0.019,0.019,0.019,0.019,65300
WOR,20161026,8.63,8.71,8.5,8.54,2013590
WOW,20161026,25.1,25.37,25.05,25.12,4297921
WPG,20161026,0.081,0.085,0.081,0.085,1258069
WPL,20161026,28.5,28.665,28.17,28.37,2377680
WPP,20161026,0.875,0.885,0.865,0.87,441990
WRG,20161026,0.002,0.002,0.001,0.001,262500
WRLD,20161026,9.76,9.76,9.76,9.76,250
WRM,20161026,0.014,0.015,0.014,0.015,1182564
WRR,20161026,0.25,0.25,0.25,0.25,15000
WSA,20161026,2.57,2.57,2.43,2.44,2735435
WTC,20161026,5.8,5.9,5.76,5.8,315838
WTP,20161026,0.9,0.9,0.89,0.89,204131
WVL,20161026,0.006,0.006,0.006,0.006,76000
WWI,20161026,0.031,0.031,0.031,0.031,37500
WXHG,20161026,18.27,18.27,18.21,18.21,11372
WXOZ,20161026,23.23,23.23,23.03,23.12,2264
XF1,20161026,0.57,0.57,0.57,0.57,49090
XIP,20161026,3.5,3.52,3.43,3.5,15687
XPD,20161026,0.12,0.12,0.115,0.115,158539
XPE,20161026,0.04,0.04,0.038,0.038,27757262
XRO,20161026,17.01,17.01,16.6,16.65,21927
XST,20161026,0.016,0.016,0.016,0.016,800216
XTD,20161026,0.17,0.17,0.16,0.16,85000
XTE,20161026,0.34,0.34,0.34,0.34,5000
YAL,20161026,0.48,0.49,0.425,0.45,729976
YBR,20161026,0.15,0.15,0.145,0.15,68968
YMAX,20161026,8.98,8.98,8.85,8.89,191580
YNB,20161026,0.068,0.072,0.068,0.072,86146
YOJ,20161026,0.037,0.037,0.037,0.037,142053
YOW,20161026,0.63,0.63,0.55,0.6,1203389
YPB,20161026,0.2,0.2,0.185,0.195,1122413
ZEL,20161026,7.25,7.25,7.01,7.23,8765
ZER,20161026,0.37,0.37,0.37,0.37,1000
ZGL,20161026,0.15,0.15,0.145,0.145,13962
ZGOL,20161026,16.59,16.6,16.49,16.49,16170
ZIP,20161026,0.165,0.165,0.16,0.165,59208
ZMI,20161026,0.017,0.019,0.016,0.018,43013963
ZML,20161026,0.84,0.86,0.82,0.84,266359
ZOZI,20161026,9.99,9.99,9.99,9.99,0
ZUSD,20161026,10.01,10.01,10.01,10.01,0
ZYB,20161026,0.006,0.006,0.006,0.006,4152719
ZYUS,20161026,11.9,11.9,11.81,11.83,7026
XAF,20161026,5358.8,5359.8,5260.6,5280.4,0
XAO,20161026,5523.3,5523.3,5424.8,5442.1,0
XAT,20161026,5386.9,5386.9,5286.7,5305.6,0
XDJ,20161026,2121.5,2121.5,2061.7,2069.1,0
XEC,20161026,1417.7,1422.5,1405.8,1409.2,0
XEJ,20161026,8465,8465,8211.2,8255.8,0
XFJ,20161026,6097.5,6097.5,5988,6017.2,0
XFL,20161026,5409,5410.1,5309.6,5329.4,0
XGD,20161026,4528.3,4602.9,4528.3,4570.9,0
XHJ,20161026,20424.8,20434,20092.4,20170.3,0
XIJ,20161026,798.8,799.9,781.8,784.3,0
XJO,20161026,5442.8,5442.8,5340.7,5359.8,0
XJR,20161026,3138.6,3147.7,3099.8,3108.7,0
XKO,20161026,5406.8,5406.8,5307.4,5326.1,0
XMD,20161026,5650.1,5650.1,5536.9,5555.5,0
XMJ,20161026,9231.1,9261.4,9151.1,9171.4,0
XMM,20161026,2760.9,2780.4,2745.1,2751.6,0
XNJ,20161026,5202.7,5202.7,5056,5079,0
XPJ,20161026,1346.9,1346.9,1320.2,1328.5,0
XSJ,20161026,9225.8,9225.8,8916.5,8923.1,0
XSO,20161026,2396,2396,2356.2,2361.3,0
XTJ,20161026,1805,1805,1782.4,1783.4,0
XTL,20161026,3129.2,3130.8,3071.7,3082.3,0
XTO,20161026,4497.4,4497.6,4413.8,4430,0
XUJ,20161026,7097.8,7097.8,6991.5,7036.3,0
XXJ,20161026,6800.8,6800.8,6678.6,6711.2,0
