1AG,20160628,0.053,0.053,0.053,0.053,211111
1PG,20160628,0.415,0.45,0.38,0.435,2521342
1ST,20160628,0.053,0.055,0.051,0.055,522900
3PL,20160628,0.66,0.7,0.65,0.695,582594
4DS,20160628,0.02,0.02,0.02,0.02,18040
88E,20160628,0.032,0.032,0.03,0.031,18855615
8IH,20160628,0.77,0.81,0.76,0.81,104242
9SP,20160628,0.145,0.155,0.145,0.15,235000
A2M,20160628,1.635,1.685,1.62,1.665,3232152
AAA,20160628,50.16,50.17,50.16,50.16,172293
AAC,20160628,1.785,1.835,1.78,1.825,1160054
AAD,20160628,2,2.01,1.89,1.94,3551415
AAR,20160628,0.014,0.014,0.014,0.014,450000
AAU,20160628,0.018,0.018,0.018,0.018,10000
AAX,20160628,0.38,0.38,0.375,0.375,215923
AB1,20160628,0.19,0.195,0.19,0.19,36258
ABA,20160628,5.15,5.15,5.15,5.15,3630
ABC,20160628,5.21,5.24,5.095,5.19,2361114
ABL,20160628,0.008,0.008,0.008,0.008,400000
ABP,20160628,3.11,3.18,3.11,3.15,977228
ABT,20160628,0.8,0.81,0.79,0.81,86242
ABU,20160628,0.067,0.067,0.063,0.065,151067
ABW,20160628,0.83,0.83,0.83,0.83,9000
ABX,20160628,0.125,0.125,0.125,0.125,119869
ABY,20160628,0.365,0.38,0.365,0.365,410781
ACB,20160628,0.049,0.049,0.036,0.036,1234018
ACG,20160628,0.12,0.12,0.115,0.115,85825
ACL,20160628,0.008,0.008,0.008,0.008,344577
ACQ,20160628,0.875,0.885,0.87,0.885,55000
ACR,20160628,0.71,0.71,0.685,0.71,254921
ACU,20160628,0.029,0.029,0.029,0.029,18544
ACW,20160628,0.069,0.069,0.069,0.069,28500
ACX,20160628,6.8,6.81,6.48,6.6,1514632
AD1,20160628,0.35,0.36,0.33,0.33,369089
ADA,20160628,2.78,2.86,2.74,2.75,45937
ADD,20160628,0.013,0.013,0.013,0.013,14863
ADH,20160628,2.42,2.44,2.4,2.41,1065756
ADJ,20160628,0.1,0.1,0.094,0.094,1106975
ADN,20160628,0.018,0.019,0.018,0.018,224901
ADO,20160628,0.04,0.04,0.04,0.04,689466
ADV,20160628,0.029,0.029,0.026,0.026,4133460
ADY,20160628,0.011,0.011,0.011,0.011,1400
AEB,20160628,0.05,0.052,0.05,0.052,125000
AEE,20160628,0.018,0.018,0.017,0.017,909258
AEF,20160628,81.12,81.12,81.11,81.11,306
AEG,20160628,1.165,1.175,1.165,1.175,50326
AEV,20160628,0.2,0.2,0.2,0.2,40000
AFG,20160628,0.955,0.955,0.95,0.95,20202
AFI,20160628,5.51,5.6,5.5,5.54,324742
AFR,20160628,0.042,0.042,0.042,0.042,6100
AFY,20160628,1.43,1.43,1.41,1.42,18890
AGF,20160628,0.85,0.88,0.85,0.87,3013211
AGG,20160628,4.57,4.75,4.57,4.69,4808
AGI,20160628,2.4,2.4,2.29,2.31,247104
AGL,20160628,18.74,19,18.71,18.9,2543443
AGO,20160628,0.009,0.01,0.009,0.009,19787706
AGR,20160628,0.105,0.105,0.1,0.1,230000
AGS,20160628,0.04,0.04,0.04,0.04,950930
AGY,20160628,0.039,0.039,0.038,0.039,412154
AHF,20160628,0.185,0.185,0.18,0.18,415652
AHG,20160628,3.7,3.71,3.64,3.71,1608365
AHL,20160628,0.185,0.185,0.17,0.185,14809
AHX,20160628,1.47,1.47,1.455,1.455,18500
AHY,20160628,1.99,2.04,1.975,2.01,2307559
AHZ,20160628,0.3,0.305,0.295,0.305,221830
AIA,20160628,5.96,6.13,5.96,6.06,98814
AIK,20160628,0.12,0.12,0.12,0.12,330000
AIO,20160628,8.85,8.9,8.85,8.87,1520022
AIR,20160628,0.08,0.08,0.08,0.08,18348
AIS,20160628,0.032,0.032,0.031,0.031,34751
AIY,20160628,0.042,0.042,0.042,0.042,400000
AIZ,20160628,1.955,1.96,1.94,1.96,13461
AJA,20160628,6.93,6.97,6.83,6.97,344114
AJD,20160628,1.465,1.485,1.465,1.485,149630
AJL,20160628,0.17,0.17,0.165,0.165,56747
AJM,20160628,0.17,0.182,0.165,0.18,6858075
AJQ,20160628,0.054,0.054,0.052,0.052,330289
AJX,20160628,0.7,0.71,0.67,0.695,205595
AKG,20160628,0.24,0.24,0.24,0.24,52500
AKK,20160628,0.007,0.007,0.006,0.006,4412999
AKP,20160628,19.15,20.37,19,20.23,11142
ALC,20160628,0.041,0.045,0.041,0.043,585116
ALF,20160628,1.42,1.435,1.415,1.415,231617
ALI,20160628,1.83,1.83,1.81,1.81,87500
ALK,20160628,0.205,0.212,0.2,0.2,1057871
ALL,20160628,13.09,13.25,13.01,13.18,2333053
ALQ,20160628,4.67,4.88,4.54,4.71,2827266
ALR,20160628,1.05,1.05,1.04,1.04,12437
ALT,20160628,0.006,0.006,0.006,0.006,122469
ALU,20160628,6.08,6.16,6,6.09,531692
ALY,20160628,0.025,0.027,0.024,0.027,1070954
AMA,20160628,0.83,0.85,0.81,0.815,2144813
AMB,20160628,0.15,0.15,0.15,0.15,4800
AMC,20160628,14.25,14.37,14.105,14.19,6819925
AMH,20160628,0.96,0.96,0.93,0.93,39000
AMI,20160628,0.12,0.135,0.12,0.13,859074
AML,20160628,0.082,0.082,0.082,0.082,8000
AMN,20160628,0.415,0.42,0.41,0.41,14866
AMP,20160628,5.08,5.095,5,5.03,12544558
ANG,20160628,0.086,0.086,0.084,0.085,915256
ANN,20160628,17.8,17.9,17.48,17.55,1190555
ANO,20160628,0.022,0.022,0.022,0.022,954659
ANP,20160628,0.03,0.03,0.028,0.028,203603
ANQ,20160628,0.002,0.002,0.002,0.002,3520008
ANR,20160628,1.21,1.26,1.21,1.26,45400
ANZ,20160628,22.91,23.41,22.74,23.29,8953431
AOD,20160628,0.71,0.71,0.67,0.68,182442
AOF,20160628,2.14,2.14,2.1,2.14,249010
AOG,20160628,3.22,3.27,3.15,3.2,2019844
AOH,20160628,0.13,0.13,0.125,0.125,130620
AOK,20160628,0.056,0.057,0.053,0.057,242195
AOU,20160628,0.135,0.135,0.13,0.13,402002
AOW,20160628,0.15,0.155,0.15,0.15,165000
APA,20160628,8.89,9.05,8.87,9,3098319
APD,20160628,0.49,0.49,0.48,0.49,115745
APE,20160628,11.74,11.8,11.65,11.7,24274
API,20160628,1.615,1.62,1.59,1.59,1891602
APN,20160628,3.95,3.98,3.82,3.86,638263
APO,20160628,6.57,6.805,6.54,6.75,1332667
APW,20160628,0.122,0.122,0.122,0.122,113000
APX,20160628,2.5,2.54,2.47,2.5,226960
APY,20160628,0.007,0.007,0.007,0.007,3614468
APZ,20160628,1.23,1.23,1.22,1.22,245147
AQC,20160628,0.018,0.018,0.018,0.018,1100000
AQD,20160628,0.014,0.014,0.013,0.013,155787
AQF,20160628,1.7,1.7,1.7,1.7,42559
AQG,20160628,3.15,3.17,3.08,3.11,270765
AQI,20160628,0.15,0.15,0.15,0.15,131298
AQZ,20160628,0.515,0.515,0.515,0.515,3250
AR1,20160628,0.013,0.013,0.013,0.013,20000
ARA,20160628,0.32,0.32,0.32,0.32,41750
ARB,20160628,16.36,16.74,15.95,16.33,162967
ARC,20160628,0.55,0.64,0.55,0.64,110
ARD,20160628,0.029,0.031,0.027,0.027,2592505
ARE,20160628,0.012,0.012,0.012,0.012,1130416
ARF,20160628,2.02,2.05,1.99,1.995,93375
ARG,20160628,7.16,7.23,7.15,7.23,167440
ARM,20160628,0.057,0.057,0.054,0.054,359842
ARO,20160628,0.015,0.015,0.015,0.015,1750
ARU,20160628,0.048,0.049,0.048,0.048,97546
ARX,20160628,0.45,0.45,0.45,0.45,1165
ASB,20160628,1.2,1.2,1.155,1.185,1306565
ASH,20160628,0.2,0.2,0.195,0.195,38343
ASL,20160628,0.7,0.705,0.65,0.69,709590
AST,20160628,1.59,1.615,1.585,1.59,6409387
ASX,20160628,44,44.35,43.43,44.06,483654
ASY,20160628,0.018,0.018,0.018,0.018,8696
ASZ,20160628,0.93,0.945,0.89,0.9,169065
ATA,20160628,0.023,0.023,0.023,0.023,389055
ATC,20160628,0.175,0.19,0.175,0.19,1046018
ATP,20160628,0.034,0.034,0.034,0.034,2998977
ATU,20160628,0.5,0.5,0.5,0.5,25000
AUB,20160628,10.02,10.08,9.9,9.9,407767
AUC,20160628,0.055,0.057,0.055,0.056,183706
AUF,20160628,1.23,1.23,1.23,1.23,28360
AUI,20160628,7.05,7.08,7.05,7.08,36777
AUK,20160628,0.013,0.013,0.013,0.013,226386
AUP,20160628,5.7,5.7,5.7,5.7,3741
AUQ,20160628,0.028,0.028,0.025,0.025,1223450
AUST,20160628,14.69,14.76,14.66,14.75,25598
AUZ,20160628,0.011,0.011,0.008,0.009,25410499
AVB,20160628,0.052,0.053,0.052,0.053,772449
AVD,20160628,0.018,0.018,0.018,0.018,250000
AVG,20160628,0.59,0.59,0.54,0.54,399822
AVH,20160628,0.093,0.099,0.093,0.095,1297577
AVI,20160628,0.017,0.017,0.016,0.016,425000
AVJ,20160628,0.56,0.56,0.56,0.56,94200
AVL,20160628,0.012,0.012,0.011,0.011,279005
AVN,20160628,2.35,2.38,2.325,2.36,553276
AVQ,20160628,0.18,0.245,0.175,0.21,7846110
AVX,20160628,0.022,0.023,0.022,0.023,20736
AVZ,20160628,0.012,0.012,0.011,0.011,3567000
AWC,20160628,1.25,1.262,1.21,1.25,17415259
AWE,20160628,0.81,0.85,0.805,0.84,3019718
AWN,20160628,0.42,0.43,0.42,0.43,63263
AWQ,20160628,1.02,1.02,1,1.015,16308
AWV,20160628,0.13,0.13,0.115,0.115,704185
AWY,20160628,0.001,0.001,0.001,0.001,11200
AXE,20160628,0.073,0.074,0.072,0.073,394336
AXP,20160628,0.9,0.9,0.9,0.9,407
AXT,20160628,0.079,0.079,0.078,0.078,36000
AYC,20160628,0.022,0.022,0.022,0.022,1095000
AYF,20160628,5.72,5.72,5.72,5.72,4180
AYR,20160628,0.011,0.011,0.01,0.011,636500
AYS,20160628,1.68,1.725,1.675,1.68,95783
AZJ,20160628,4.65,4.71,4.62,4.7,8973592
AZM,20160628,0.048,0.049,0.047,0.047,900350
AZS,20160628,0.034,0.034,0.033,0.033,1150088
AZV,20160628,0.046,0.05,0.045,0.045,365754
AZY,20160628,0.05,0.056,0.05,0.056,7443954
BAF,20160628,1.18,1.19,1.15,1.15,145976
BAL,20160628,10.1,10.33,10.1,10.24,540076
BAP,20160628,5.3,5.37,5.27,5.32,905468
BAR,20160628,0.045,0.046,0.042,0.042,2715514
BAS,20160628,0.001,0.001,0.001,0.001,5000
BAU,20160628,0.061,0.062,0.061,0.062,191027
BBG,20160628,1.26,1.27,1.225,1.25,309100
BBL,20160628,0.35,0.35,0.35,0.35,6073
BBN,20160628,2.21,2.27,2.12,2.21,118920
BBOZ,20160628,26.48,26.66,25.94,26.06,407326
BBR,20160628,0.062,0.065,0.06,0.065,100000
BBUS,20160628,12,12.02,11.76,11.8,310259
BBX,20160628,0.016,0.016,0.015,0.015,314495
BCI,20160628,0.125,0.125,0.125,0.125,287216
BCK,20160628,0.015,0.015,0.013,0.013,154400
BCN,20160628,0.003,0.003,0.003,0.003,324760
BD1,20160628,0.023,0.023,0.023,0.023,300000
BDI,20160628,0.001,0.001,0.001,0.001,550000
BDR,20160628,0.355,0.355,0.325,0.335,7994195
BEAR,20160628,17.85,17.93,17.7,17.74,142709
BEL,20160628,0.135,0.135,0.13,0.13,310637
BEN,20160628,9.02,9.4,8.98,9.31,2343679
BFC,20160628,0.42,0.42,0.407,0.415,457296
BFG,20160628,0.58,0.58,0.58,0.58,1000
BGA,20160628,5.53,5.64,5.51,5.63,412810
BGG,20160628,0.029,0.03,0.028,0.03,93000
BGL,20160628,0.59,0.605,0.59,0.605,205456
BGS,20160628,0.275,0.305,0.275,0.305,841892
BHP,20160628,17.93,18.17,17.62,18.03,12635642
BIG,20160628,0.115,0.12,0.115,0.115,214062
BIS,20160628,0.36,0.38,0.36,0.365,81318
BIT,20160628,0.056,0.056,0.054,0.054,457845
BKI,20160628,1.565,1.57,1.56,1.57,197772
BKL,20160628,134.25,134.25,130.75,131.31,105176
BKN,20160628,1.01,1.045,0.995,1.03,466309
BKP,20160628,0.001,0.001,0.001,0.001,1055580
BKT,20160628,0.069,0.075,0.067,0.075,972577
BKW,20160628,13.91,14.04,13.78,13.99,224958
BKY,20160628,0.64,0.64,0.63,0.64,109857
BLA,20160628,7.6,7.86,7.59,7.76,46905
BLD,20160628,5.91,5.96,5.83,5.92,4831668
BLG,20160628,0.2,0.2,0.195,0.195,354763
BLK,20160628,0.675,0.695,0.635,0.65,2668887
BLT,20160628,0.09,0.092,0.09,0.092,114463
BLX,20160628,1.35,1.355,1.31,1.34,203406
BLY,20160628,0.081,0.083,0.08,0.08,169996
BLZ,20160628,0.069,0.07,0.067,0.068,360400
BMG,20160628,0.008,0.008,0.008,0.008,225906
BML,20160628,0.004,0.004,0.004,0.004,2022700
BMN,20160628,0.027,0.028,0.027,0.028,101508
BMP,20160628,0.34,0.36,0.34,0.36,13847
BNO,20160628,0.29,0.295,0.28,0.28,262562
BNR,20160628,0.072,0.074,0.072,0.074,350000
BOC,20160628,0.21,0.21,0.19,0.21,12550
BOE,20160628,0.044,0.044,0.04,0.04,1947524
BOL,20160628,0.083,0.083,0.083,0.083,28428
BOND,20160628,26.97,26.98,26.79,26.79,9120
BOQ,20160628,10.12,10.42,10.03,10.37,1628981
BPF,20160628,0.405,0.405,0.39,0.4,74541
BPH,20160628,0.009,0.01,0.009,0.009,1789935
BPL,20160628,0.083,0.087,0.081,0.081,279167
BPS,20160628,0.985,0.987,0.91,0.91,43236
BPT,20160628,0.58,0.58,0.55,0.57,14030921
BRG,20160628,7.4,7.45,7.115,7.22,190076
BRK,20160628,0.009,0.009,0.009,0.009,245718
BRL,20160628,0.013,0.013,0.013,0.013,373570
BRU,20160628,0.24,0.24,0.23,0.24,282330
BSA,20160628,0.24,0.245,0.23,0.24,342296
BSE,20160628,0.14,0.14,0.14,0.14,50000
BSL,20160628,6.21,6.25,6.095,6.14,2767762
BSM,20160628,0.012,0.012,0.012,0.012,76987
BSP,20160628,0.004,0.004,0.004,0.004,500000
BSR,20160628,0.023,0.023,0.021,0.021,1424035
BST,20160628,0.91,0.91,0.91,0.91,700
BTI,20160628,1.1,1.1,1.06,1.07,151055
BTT,20160628,7.42,7.75,7.3,7.69,2788182
BUG,20160628,0.37,0.37,0.37,0.37,2000
BUL,20160628,0.023,0.023,0.023,0.023,506198
BUX,20160628,0.08,0.082,0.077,0.082,291483
BUY,20160628,0.008,0.008,0.007,0.007,200000
BWP,20160628,3.61,3.67,3.59,3.64,1734878
BWR,20160628,1.15,1.18,1.13,1.18,28350
BWX,20160628,4.75,4.79,4.59,4.67,111303
BXB,20160628,11.77,12.02,11.75,11.92,5002567
BYE,20160628,0.13,0.13,0.115,0.115,38180
BYI,20160628,1.23,1.23,1.2,1.2,10030
BYL,20160628,0.1,0.1,0.09,0.092,264727
BYR,20160628,0.057,0.057,0.052,0.054,14246751
CAA,20160628,0.155,0.155,0.15,0.15,353690
CAB,20160628,3.23,3.31,3.14,3.16,273345
CAD,20160628,0.003,0.004,0.003,0.004,9506512
CAF,20160628,0.41,0.42,0.39,0.4,160871
CAJ,20160628,0.155,0.16,0.15,0.15,1038111
CAM,20160628,0.76,0.76,0.755,0.755,251600
CAQ,20160628,0.125,0.145,0.125,0.145,400000
CAR,20160628,11.82,11.93,11.78,11.91,773104
CAS,20160628,0.14,0.145,0.14,0.14,118818
CAT,20160628,2.96,3.01,2.89,2.96,27777
CAV,20160628,0.014,0.015,0.014,0.015,703250
CAY,20160628,0.125,0.14,0.125,0.14,399317
CAZ,20160628,0.062,0.062,0.062,0.062,100000
CBA,20160628,71.72,73.315,71.6,73.1,4109344
CBL,20160628,2.29,2.3,2.29,2.3,21000
CBS,20160628,0.026,0.026,0.026,0.026,116930
CCL,20160628,8.19,8.19,7.94,8.04,3457586
CCP,20160628,11.82,11.83,11.64,11.69,276704
CCV,20160628,0.375,0.387,0.365,0.385,309887
CDA,20160628,1.19,1.19,1.155,1.155,49153
CDC,20160628,0.19,0.19,0.18,0.18,133314
CDD,20160628,0.465,0.51,0.445,0.51,1466287
CDG,20160628,0.061,0.061,0.055,0.055,366867
CDM,20160628,1.18,1.18,1.165,1.18,463136
CDP,20160628,8.72,8.72,8.61,8.7,30692
CDU,20160628,0.435,0.45,0.42,0.43,384461
CDV,20160628,0.27,0.3,0.265,0.29,2142850
CDY,20160628,0.031,0.031,0.03,0.031,570433
CEN,20160628,4.875,4.875,4.875,4.875,9565
CETF,20160628,49.14,49.14,48.89,48.89,250
CFE,20160628,0.019,0.019,0.018,0.018,188941
CGC,20160628,2.65,2.72,2.62,2.67,977435
CGF,20160628,8.25,8.47,8.13,8.43,4239572
CGL,20160628,5.19,5.25,5.12,5.12,5147
CGM,20160628,0.001,0.002,0.001,0.002,668991
CGN,20160628,0.07,0.07,0.07,0.07,19600
CGR,20160628,0.175,0.175,0.175,0.175,10000
CHC,20160628,4.99,5.11,4.99,5.1,2327157
CHK,20160628,0.013,0.014,0.012,0.014,1669434
CHN,20160628,0.165,0.17,0.165,0.17,126507
CHZ,20160628,0.033,0.033,0.033,0.033,27000
CIE,20160628,0.92,0.92,0.91,0.91,21428
CII,20160628,2.3,2.3,2.3,2.3,1000
CIM,20160628,34,34.86,34,34.44,498991
CIN,20160628,31.51,31.83,31.5,31.83,2160
CIZ,20160628,0.02,0.022,0.02,0.022,544550
CJC,20160628,0.005,0.005,0.005,0.005,190000
CKA,20160628,0.02,0.02,0.014,0.014,1792534
CKF,20160628,4.92,4.95,4.54,4.55,433225
CL1,20160628,3.3,3.31,3.24,3.27,40429
CL8,20160628,0.019,0.021,0.019,0.019,3666210
CLH,20160628,1.07,1.07,1.035,1.04,291339
CLQ,20160628,0.4,0.42,0.385,0.42,2040039
CLV,20160628,0.36,0.36,0.36,0.36,101800
CLX,20160628,0.755,0.77,0.74,0.77,11023
CLZ,20160628,0.006,0.006,0.005,0.005,335224
CM8,20160628,0.15,0.15,0.145,0.15,181100
CMA,20160628,2.16,2.18,2.12,2.18,60879
CMI,20160628,0.935,0.935,0.925,0.925,33816
CMM,20160628,0.145,0.145,0.14,0.145,1249112
CMP,20160628,0.415,0.415,0.4,0.4,45233
CMW,20160628,1.02,1.025,1.01,1.02,6389287
CMY,20160628,0.005,0.005,0.004,0.005,7423816
CND,20160628,0.19,0.19,0.19,0.19,17254
CNI,20160628,1.105,1.105,1.045,1.045,9228
CNJ,20160628,0.03,0.03,0.028,0.029,736938
CNQ,20160628,0.033,0.034,0.033,0.034,99630
CNU,20160628,3.835,3.89,3.76,3.83,92924
CNW,20160628,0.027,0.027,0.024,0.026,1450000
CNX,20160628,0.016,0.017,0.016,0.016,2732649
COE,20160628,0.21,0.21,0.205,0.205,257895
COH,20160628,119,120.37,118.34,118.44,262189
COO,20160628,0.09,0.094,0.09,0.09,18200
COY,20160628,0.009,0.009,0.007,0.007,218000
CPU,20160628,9.09,9.09,8.905,9.02,4756934
CQR,20160628,4.7,4.83,4.695,4.8,1311200
CRB,20160628,0.165,0.17,0.165,0.17,160000
CSE,20160628,0.475,0.475,0.44,0.46,195193
CSL,20160628,107.69,108.73,107.32,107.95,839218
CSR,20160628,3.51,3.57,3.47,3.56,2236753
CSS,20160628,0.036,0.036,0.034,0.035,671142
CSV,20160628,1.45,1.515,1.45,1.515,106419
CTD,20160628,13.5,13.75,13.5,13.56,275512
CTE,20160628,0.18,0.185,0.18,0.185,60000
CTM,20160628,0.007,0.007,0.007,0.007,221430
CTN,20160628,0.96,0.97,0.947,0.96,653840
CTO,20160628,0.015,0.015,0.014,0.015,2273329
CTP,20160628,0.095,0.098,0.093,0.097,332059
CTX,20160628,30.93,31.46,30.58,30.9,1740624
CUE,20160628,0.067,0.07,0.066,0.07,170333
CUL,20160628,0.003,0.003,0.003,0.003,3074893
CUP,20160628,0.725,0.725,0.705,0.71,140382
CUV,20160628,4.3,4.45,4.28,4.45,38253
CUX,20160628,0.005,0.005,0.005,0.005,156614
CV1,20160628,0.175,0.18,0.175,0.175,155000
CVC,20160628,1.505,1.505,1.505,1.505,904
CVN,20160628,0.1,0.1,0.1,0.1,597891
CVO,20160628,1.19,1.205,1.147,1.18,5408353
CVT,20160628,0.21,0.22,0.205,0.22,586138
CVV,20160628,0.078,0.12,0.078,0.11,236994
CVW,20160628,0.94,0.94,0.94,0.94,201356
CWE,20160628,0.03,0.03,0.027,0.029,3872349
CWN,20160628,11.86,12.2,11.86,12.15,1355547
CWP,20160628,4.3,4.32,4.22,4.23,51212
CWY,20160628,0.79,0.8,0.78,0.785,1573618
CXO,20160628,0.025,0.025,0.023,0.023,1934872
CXX,20160628,0.3,0.3,0.3,0.3,73000
CXZ,20160628,0.13,0.13,0.125,0.125,40000
CYA,20160628,0.79,0.79,0.79,0.79,10000
CYB,20160628,3.88,4.15,3.84,4.11,18269609
CYG,20160628,1.05,1.05,1.05,1.05,6116
CYL,20160628,0.665,0.665,0.59,0.59,233850
CYP,20160628,0.275,0.275,0.27,0.275,48503
CYY,20160628,0.058,0.058,0.056,0.056,419000
CZA,20160628,0.081,0.081,0.081,0.081,23833
CZI,20160628,0.029,0.03,0.029,0.029,304500
CZL,20160628,0.045,0.045,0.045,0.045,250000
CZN,20160628,0.007,0.008,0.007,0.008,1144329
CZR,20160628,0.008,0.009,0.008,0.008,533334
CZZ,20160628,20.2,20.6,20,20,60944
D13,20160628,0.135,0.14,0.125,0.125,424748
DAU,20160628,0.028,0.028,0.026,0.026,632000
DCC,20160628,0.135,0.15,0.135,0.15,345299
DCG,20160628,0.72,0.75,0.715,0.74,120417
DCN,20160628,2.75,3.05,2.75,2.83,746503
DDR,20160628,1.77,1.77,1.75,1.75,5110
DDT,20160628,0.019,0.02,0.019,0.019,195157
DEG,20160628,0.003,0.003,0.002,0.002,5126667
DFM,20160628,1.79,1.79,1.68,1.7,85972
DGR,20160628,0.026,0.026,0.026,0.026,1500
DGX,20160628,0.01,0.01,0.01,0.01,115810
DIG,20160628,0.28,0.28,0.28,0.28,25000
DIV,20160628,18.82,18.82,18.82,18.82,2391
DJRE,20160628,21.74,21.82,21.67,21.72,116598
DJW,20160628,4.08,4.14,4.07,4.07,91541
DKM,20160628,0.22,0.24,0.2,0.2,312836
DKO,20160628,0.088,0.09,0.086,0.09,1881774
DLX,20160628,6,6.11,5.955,6.09,1955941
DMC,20160628,0.13,0.13,0.13,0.13,32115
DMG,20160628,0.02,0.02,0.02,0.02,279000
DMP,20160628,68.51,68.87,66.5,67.11,478470
DNA,20160628,0.4,0.405,0.385,0.4,816702
DNK,20160628,0.375,0.4,0.37,0.385,175401
DOW,20160628,3.63,3.66,3.53,3.63,2103635
DRA,20160628,0.275,0.275,0.275,0.275,2500
DRG,20160628,0.021,0.021,0.02,0.021,134900
DRM,20160628,1.085,1.085,1.025,1.04,1826563
DRO,20160628,0.24,0.26,0.235,0.26,100950
DRX,20160628,0.01,0.011,0.01,0.011,89288
DSB,20160628,0.09,0.09,0.082,0.082,22000
DSX,20160628,0.042,0.042,0.042,0.042,77001
DTI,20160628,0.39,0.395,0.37,0.37,128400
DTL,20160628,1.05,1.07,1.04,1.045,92062
DTM,20160628,0.009,0.01,0.009,0.01,100000
DUB,20160628,0.427,0.427,0.4,0.405,130890
DUE,20160628,2.53,2.54,2.49,2.51,9466081
DUI,20160628,3.18,3.235,3.18,3.23,25688
DVI,20160628,0.015,0.016,0.015,0.015,2100500
DVL,20160628,0.275,0.275,0.27,0.27,10000
DVN,20160628,0.48,0.49,0.48,0.48,16608
DWS,20160628,1.1,1.105,1.09,1.095,119586
DXB,20160628,0.007,0.007,0.007,0.007,754480
DXS,20160628,9.23,9.285,9.04,9.22,5147636
DYE,20160628,0.215,0.22,0.21,0.21,96567
DYL,20160628,0.003,0.003,0.003,0.003,61000
EAI,20160628,0.765,0.765,0.765,0.765,5000
EAR,20160628,0.22,0.225,0.21,0.22,403347
EAX,20160628,1.055,1.055,1.055,1.055,4200
EBO,20160628,14.88,14.88,14.88,14.88,2000
ECG,20160628,0.31,0.31,0.29,0.29,179500
ECO,20160628,0.004,0.004,0.004,0.004,50000
ECX,20160628,3.55,3.61,3.46,3.58,5710705
EDE,20160628,0.205,0.245,0.195,0.245,10779618
EEG,20160628,0.014,0.015,0.014,0.015,366000
EER,20160628,0.004,0.004,0.004,0.004,57727
EFE,20160628,0.009,0.009,0.009,0.009,25000
EGG,20160628,1.24,1.245,1.24,1.245,30150
EGH,20160628,0.74,0.74,0.725,0.735,339190
EGI,20160628,0.91,0.91,0.91,0.91,9820
EGN,20160628,0.085,0.085,0.085,0.085,2500
EGO,20160628,0.365,0.37,0.36,0.365,82863
EGS,20160628,0.38,0.41,0.38,0.4,1346539
EHE,20160628,4.7,4.7,4.56,4.59,1042828
EHL,20160628,0.034,0.035,0.034,0.034,999590
ELD,20160628,3.7,3.71,3.6,3.67,278513
ELK,20160628,0.073,0.075,0.07,0.07,519361
ELM,20160628,0.185,0.19,0.185,0.185,29356
ELX,20160628,0.95,0.95,0.95,0.95,27297
EMC,20160628,0.77,0.775,0.74,0.745,134682
EMF,20160628,1.76,1.76,1.76,1.76,5681
EMG,20160628,0.011,0.011,0.011,0.011,283909
EMH,20160628,0.425,0.425,0.385,0.41,1037725
EML,20160628,1.18,1.26,1.18,1.215,1033946
EMR,20160628,0.045,0.047,0.044,0.044,734325
EMX,20160628,0.047,0.047,0.047,0.047,115821
ENN,20160628,1.9,1.9,1.895,1.895,41376
ENT,20160628,0.016,0.016,0.015,0.015,125000
ENZ,20160628,0.165,0.165,0.165,0.165,17500
EOR,20160628,0.008,0.008,0.008,0.008,495000
EOS,20160628,1.72,1.72,1.69,1.7,21670
EPD,20160628,0.315,0.335,0.31,0.32,299251
EPM,20160628,0.008,0.008,0.008,0.008,388868
EPW,20160628,0.81,0.81,0.775,0.78,2240623
EQT,20160628,15.5,15.95,15.5,15.52,18915
EQU,20160628,0.021,0.021,0.02,0.02,770944
EQX,20160628,0.33,0.33,0.33,0.33,120500
ERA,20160628,0.345,0.35,0.345,0.35,76486
ERJ,20160628,0.025,0.025,0.022,0.022,1703980
ERL,20160628,0.028,0.029,0.027,0.027,58119
ERM,20160628,0.05,0.05,0.05,0.05,286231
ESI,20160628,0.011,0.012,0.011,0.011,2100659
ESR,20160628,0.019,0.019,0.019,0.019,262500
ESV,20160628,0.08,0.081,0.08,0.08,121055
ETE,20160628,0.006,0.006,0.006,0.006,45000
ETF,20160628,19.99,20.1,19.99,20.1,3266
ETPMAG,20160628,23.2,23.2,22.93,23,3459
ETPMPD,20160628,79.13,79.13,79.13,79.13,0
ETPMPM,20160628,124.88,124.88,124.88,124.88,19
ETPMPT,20160628,125.25,125.25,125.25,125.25,0
EVE,20160628,0.008,0.008,0.008,0.008,2121550
EVN,20160628,2.59,2.71,2.43,2.44,17623071
EVT,20160628,14.37,14.46,14.28,14.35,34700
EWC,20160628,0.19,0.2,0.19,0.19,364752
EXC,20160628,0.04,0.046,0.04,0.045,6584414
EXG,20160628,0.06,0.06,0.046,0.055,4808971
EXM,20160628,0.006,0.006,0.005,0.005,145000
EXR,20160628,0.001,0.001,0.001,0.001,521000
EXU,20160628,0.067,0.067,0.065,0.065,597526
EZL,20160628,0.8,0.81,0.8,0.805,39000
FAN,20160628,2.13,2.15,2.12,2.12,5681
FAR,20160628,0.076,0.077,0.074,0.076,9411400
FBR,20160628,0.025,0.026,0.025,0.026,2265468
FBU,20160628,7.7,7.86,7.69,7.83,1368662
FCG,20160628,0.12,0.12,0.12,0.12,4000
FCT,20160628,0.24,0.24,0.23,0.24,136550
FET,20160628,2.6,2.73,2.6,2.7,163728
FFC,20160628,0.13,0.13,0.12,0.12,17887
FFG,20160628,0.042,0.042,0.04,0.04,107100
FFT,20160628,0.56,0.565,0.56,0.565,13567
FGF,20160628,0.008,0.008,0.007,0.007,50150
FGG,20160628,1.05,1.05,1.04,1.04,100228
FGR,20160628,0.097,0.1,0.097,0.098,284270
FGX,20160628,1.11,1.12,1.105,1.12,324383
FID,20160628,2.28,2.28,2.25,2.25,17000
FLK,20160628,0.835,0.835,0.835,0.835,20000
FLN,20160628,1.58,1.6,1.52,1.575,50828
FLT,20160628,30.43,30.45,29.87,29.9,569072
FMG,20160628,3.45,3.46,3.345,3.4,17201056
FML,20160628,0.46,0.48,0.46,0.46,179476
FMS,20160628,0.025,0.026,0.025,0.025,328577
FND,20160628,0.165,0.165,0.16,0.16,267466
FNP,20160628,4.02,4.02,3.98,4,51822
FOD,20160628,0.195,0.195,0.195,0.195,1000
FPH,20160628,9.41,9.53,9.38,9.46,311428
FRI,20160628,0.815,0.83,0.815,0.83,10500
FRM,20160628,2.32,2.4,2.32,2.39,93571
FRN,20160628,0.02,0.02,0.02,0.02,175000
FRX,20160628,0.11,0.11,0.11,0.11,10000
FSA,20160628,0.97,0.97,0.97,0.97,5000
FSF,20160628,5.03,5.1,5.03,5.05,73907
FSI,20160628,1.44,1.44,1.44,1.44,8884
FTT,20160628,0.035,0.035,0.033,0.033,467000
FUN,20160628,0.02,0.022,0.02,0.022,162000
FWD,20160628,1.86,1.86,1.78,1.85,48444
FXJ,20160628,0.89,0.91,0.89,0.89,6513824
FXL,20160628,1.78,1.78,1.72,1.735,1790431
FYI,20160628,0.036,0.036,0.036,0.036,2445645
FZR,20160628,0.18,0.18,0.18,0.18,12000
G8C,20160628,0.029,0.029,0.029,0.029,68193
GAP,20160628,0.36,0.36,0.345,0.35,63810
GBE,20160628,0.021,0.021,0.02,0.02,321498
GBG,20160628,0.015,0.016,0.015,0.016,99735
GBM,20160628,0.01,0.011,0.009,0.009,430000
GBP,20160628,0.033,0.033,0.033,0.033,100000
GBT,20160628,4.18,4.18,4.03,4.1,612537
GBX,20160628,0.004,0.004,0.004,0.004,1209000
GBZ,20160628,0.011,0.011,0.011,0.011,6666
GC1,20160628,0.965,0.965,0.955,0.955,16000
GCR,20160628,0.021,0.021,0.021,0.021,1250
GCS,20160628,0.375,0.375,0.375,0.375,73106
GCY,20160628,0.53,0.555,0.52,0.53,243402
GDF,20160628,1.02,1.02,1.015,1.015,142194
GDI,20160628,0.905,0.91,0.902,0.905,211834
GDX,20160628,36.79,37.1,36,36.13,26817
GDY,20160628,0.022,0.024,0.021,0.022,734382
GEAR,20160628,16.66,17,16.53,16.94,146496
GEG,20160628,1.12,1.12,1.12,1.12,11940
GEM,20160628,3.71,3.72,3.65,3.66,1886870
GER,20160628,0.068,0.068,0.068,0.068,39000
GFL,20160628,1.34,1.34,1.33,1.33,5249
GFY,20160628,1.04,1.09,1.04,1.09,57009
GGG,20160628,0.029,0.029,0.028,0.029,291459
GGL,20160628,0.044,0.044,0.04,0.04,331293
GGUS,20160628,8.4,8.57,8.4,8.57,46934
GHC,20160628,2.25,2.26,2.2,2.21,396949
GID,20160628,0.025,0.025,0.025,0.025,67000
GJT,20160628,2.525,2.61,2.51,2.58,141293
GLA,20160628,0.001,0.002,0.001,0.002,960000
GLB,20160628,1.3,1.3,1.3,1.3,500
GLF,20160628,0.009,0.009,0.009,0.009,612222
GLL,20160628,0.065,0.07,0.065,0.07,10000
GLN,20160628,0.005,0.005,0.005,0.005,500000
GMA,20160628,2.57,2.64,2.51,2.63,1943230
GMC,20160628,0.002,0.003,0.002,0.003,500800
GMD,20160628,0.019,0.019,0.018,0.019,751779
GME,20160628,0.029,0.029,0.029,0.029,108640
GMF,20160628,2.38,2.39,2.37,2.37,62513
GMG,20160628,7.04,7.18,7.04,7.16,5973029
GML,20160628,0.017,0.017,0.017,0.017,270000
GMM,20160628,0.72,0.785,0.72,0.77,906032
GMN,20160628,0.038,0.038,0.038,0.038,250000
GMR,20160628,0.004,0.004,0.004,0.004,914112
GNC,20160628,8.47,8.6,8.43,8.56,334089
GNE,20160628,1.945,1.98,1.91,1.96,49090
GNG,20160628,0.93,0.945,0.925,0.935,26406
GNX,20160628,0.155,0.155,0.15,0.15,53450
GOLD,20160628,171.62,171.94,169.37,169.8,18399
GOR,20160628,0.64,0.66,0.632,0.65,3943970
GOVT,20160628,26.73,26.73,26.73,26.73,0
GOW,20160628,3.34,3.34,3.34,3.34,3800
GOZ,20160628,3.2,3.26,3.18,3.22,407744
GPP,20160628,0.004,0.004,0.004,0.004,2500000
GPR,20160628,0.025,0.025,0.025,0.025,508798
GPT,20160628,5.48,5.52,5.44,5.46,8090948
GPX,20160628,0.46,0.47,0.445,0.47,115005
GRB,20160628,0.052,0.052,0.051,0.051,140732
GRR,20160628,0.087,0.09,0.087,0.088,956508
GRY,20160628,0.18,0.18,0.175,0.18,2382106
GSC,20160628,0.038,0.039,0.034,0.037,4321768
GSS,20160628,0.55,0.55,0.55,0.55,30000
GTE,20160628,0.017,0.017,0.016,0.016,1269825
GTG,20160628,0.017,0.017,0.017,0.017,140085
GTK,20160628,2.6,2.6,2.57,2.57,3535
GTN,20160628,1.93,1.95,1.91,1.95,342532
GTY,20160628,2.83,2.85,2.78,2.82,904999
GUD,20160628,8.91,8.91,8.67,8.75,309936
GVF,20160628,1.04,1.05,1.035,1.05,43521
GWA,20160628,2,2.05,1.96,2,535934
GXL,20160628,6.51,6.63,6.43,6.56,517037
GXY,20160628,0.465,0.5,0.46,0.495,5729611
HAO,20160628,0.14,0.14,0.135,0.135,29180
HAR,20160628,0.002,0.002,0.002,0.002,130000
HAS,20160628,0.076,0.076,0.073,0.073,633072
HAV,20160628,0.39,0.39,0.385,0.385,20850
HAW,20160628,0.032,0.032,0.032,0.032,83856
HCT,20160628,0.17,0.17,0.165,0.165,90539
HEG,20160628,0.001,0.001,0.001,0.001,199998
HFA,20160628,2.28,2.29,2.2,2.26,221838
HFR,20160628,1.35,1.355,1.33,1.34,250332
HGG,20160628,3.56,3.77,3.54,3.7,16591269
HGL,20160628,0.025,0.025,0.025,0.025,100000
HGO,20160628,0.035,0.052,0.035,0.04,1559243
HHL,20160628,3.4,3.4,3.4,3.4,470
HHV,20160628,1.315,1.32,1.31,1.31,203570
HHY,20160628,0.115,0.115,0.115,0.115,14399
HIG,20160628,0.053,0.053,0.053,0.053,25000
HIL,20160628,0.21,0.215,0.21,0.215,144371
HIT,20160628,0.35,0.38,0.35,0.38,196120
HLO,20160628,3.05,3.05,3.03,3.03,198864
HLS,20160628,0.005,0.005,0.005,0.005,300000
HMI,20160628,0.058,0.06,0.058,0.06,20567
HNR,20160628,0.016,0.016,0.016,0.016,200000
HOG,20160628,0.003,0.003,0.003,0.003,110991
HOR,20160628,0.02,0.02,0.02,0.02,3174
HPI,20160628,3.065,3.13,3.02,3.12,86855
HPR,20160628,0.06,0.06,0.058,0.058,39687
HRL,20160628,0.1,0.11,0.1,0.11,55601
HRR,20160628,0.135,0.135,0.13,0.135,404618
HSK,20160628,0.027,0.027,0.025,0.025,910888
HSN,20160628,3.55,3.58,3.49,3.5,179284
HSO,20160628,2.7,2.79,2.68,2.74,6147653
HTA,20160628,0.075,0.076,0.074,0.076,71818
HUB,20160628,3.69,3.69,3.53,3.53,33921
HUO,20160628,3.4,3.4,3.38,3.4,588858
HVN,20160628,4.38,4.44,4.33,4.35,2496802
HVST,20160628,21,21.05,20.88,20.96,85512
HXG,20160628,0.145,0.155,0.145,0.155,547452
HZN,20160628,0.05,0.05,0.048,0.049,2814341
HZR,20160628,0.445,0.46,0.42,0.425,230078
IAA,20160628,57.22,57.95,56.81,57.58,9193
IAB,20160628,0.97,1,0.97,1,59897
IAF,20160628,109.68,110.02,109.31,109.92,5114
IAG,20160628,5.36,5.445,5.325,5.4,7717259
IAU,20160628,0.125,0.125,0.125,0.125,77870
IBC,20160628,0.46,0.46,0.455,0.455,85120
IBG,20160628,0.042,0.042,0.04,0.04,296327
IBK,20160628,38.75,39.17,38.75,39.17,3734
ICG,20160628,0.005,0.006,0.004,0.005,7874305
ICN,20160628,0.029,0.031,0.028,0.031,872390
ICQ,20160628,0.845,0.86,0.84,0.85,160981
ICS,20160628,1.61,1.61,1.59,1.59,10500
ICT,20160628,0.031,0.031,0.031,0.031,24554
IDA,20160628,0.105,0.105,0.105,0.105,41067
IDO,20160628,0.008,0.008,0.008,0.008,2500
IDR,20160628,2.18,2.2,2.17,2.17,146098
IDT,20160628,0.24,0.255,0.23,0.235,520152
IDX,20160628,1.4,1.432,1.37,1.4,52156
IDZ,20160628,0.39,0.39,0.39,0.39,10000
IEC,20160628,0.005,0.006,0.005,0.006,249173
IEL,20160628,4.14,4.14,4.05,4.1,71366
IEM,20160628,44,44.29,43.5,44.27,11632
IEU,20160628,46.8,48,46.8,47.83,112944
IFL,20160628,7.72,7.73,7.52,7.61,1034449
IFM,20160628,0.605,0.625,0.6,0.625,1045223
IFN,20160628,1.03,1.065,1,1.01,2040446
IGB,20160628,107.84,107.84,107.78,107.78,163
IGL,20160628,2.19,2.19,2.15,2.15,44992
IGO,20160628,3.1,3.17,3,3,3456795
IHCB,20160628,107,107,107,107,336
IHD,20160628,12.46,12.56,12.4,12.53,47669
IHEB,20160628,107.51,107.51,107.51,107.51,138
IHHY,20160628,102.45,102.45,102.45,102.45,100
IHK,20160628,25.26,25.26,25.26,25.26,1
IHOO,20160628,89,90.35,89,89.8,5125
IHVV,20160628,253.01,253.74,253.01,253.74,93
IIL,20160628,0.29,0.29,0.285,0.285,31309
IJH,20160628,192.44,192.84,192.25,192.39,605
IJP,20160628,15.2,15.43,15.16,15.37,132743
IJR,20160628,150,150.11,149.7,150.11,2445
IKO,20160628,67.02,67.81,66.95,67.81,407
ILB,20160628,117,117,116.2,116.2,562
ILC,20160628,21.05,21.24,20.85,21.24,90243
ILU,20160628,6.23,6.255,6.08,6.18,3518557
IMA,20160628,0.072,0.072,0.071,0.071,146582
IMC,20160628,0.26,0.265,0.255,0.26,43877
IMD,20160628,0.21,0.21,0.21,0.21,88152
IMF,20160628,1.41,1.46,1.41,1.43,419085
IMU,20160628,0.007,0.008,0.007,0.008,3499999
INA,20160628,2.84,2.89,2.83,2.87,272765
IND,20160628,0.009,0.009,0.009,0.009,2092
INK,20160628,0.06,0.06,0.06,0.06,144139
INM,20160628,51.1,51.78,51.1,51.41,487505
IOF,20160628,4.33,4.4,4.3,4.39,1922325
IOO,20160628,92.74,92.77,91.91,92.3,18047
IOT,20160628,0.115,0.127,0.098,0.1,28710341
IOZ,20160628,21.38,21.57,21.3,21.53,6551440
IPD,20160628,0.91,0.915,0.877,0.9,429959
IPH,20160628,6.4,6.45,6.33,6.36,778062
IPL,20160628,2.98,2.98,2.81,2.88,20121387
IQE,20160628,0.31,0.31,0.31,0.31,20000
IRC,20160628,0.105,0.11,0.1,0.11,1057115
IRD,20160628,0.099,0.1,0.095,0.095,44833
IRE,20160628,10.25,10.45,10.04,10.37,1723947
IRI,20160628,2.18,2.26,2.12,2.26,75222
IRM,20160628,0.043,0.044,0.037,0.044,1069754
IRU,20160628,147.7,148.2,147.7,148.13,433
ISD,20160628,3.38,3.46,3.32,3.41,1000442
ISG,20160628,13.77,13.85,13.77,13.85,285
ISO,20160628,4.09,4.09,4.03,4.04,17983
ISU,20160628,1.295,1.295,1.265,1.275,290706
ISX,20160628,0.165,0.17,0.16,0.165,624443
ITD,20160628,0.19,0.19,0.19,0.19,33000
ITQ,20160628,5.1,5.14,5.05,5.12,11425
ITW,20160628,18.26,18.41,18.24,18.41,817
IVC,20160628,12.53,12.87,12.42,12.79,292084
IVE,20160628,71.08,72.1,71.08,71.95,7797
IVO,20160628,0.03,0.03,0.03,0.03,677371
IVR,20160628,0.035,0.035,0.035,0.035,250000
IVV,20160628,272.99,273.39,272.37,272.84,19067
IVX,20160628,0.004,0.004,0.004,0.004,1200850
IWG,20160628,0.054,0.054,0.052,0.053,1376327
IXI,20160628,129.5,130.36,129.32,130.1,2748
IXJ,20160628,129.83,131.01,129.83,130.92,7566
IXP,20160628,82.02,82.4,82.02,82.22,296
IZZ,20160628,43.9,44.4,43.9,44.08,1577
JBH,20160628,23.16,23.17,22.565,22.95,563385
JHC,20160628,2.42,2.47,2.37,2.45,1529525
JHL,20160628,0.099,0.099,0.099,0.099,10000
JHX,20160628,19.31,19.515,19.17,19.5,925672
JIN,20160628,1.25,1.27,1.25,1.27,19337
JKA,20160628,0.003,0.003,0.003,0.003,20000
JKL,20160628,0.22,0.23,0.22,0.23,41759
JRL,20160628,0.23,0.23,0.23,0.23,1000
JRV,20160628,0.06,0.06,0.055,0.055,69860
KAI,20160628,0.054,0.054,0.05,0.054,2358042
KAM,20160628,0.42,0.42,0.42,0.42,25673
KAR,20160628,1.26,1.3,1.22,1.295,1321436
KAS,20160628,0.023,0.023,0.023,0.023,40988
KBC,20160628,0.155,0.155,0.155,0.155,1462091
KBL,20160628,0.005,0.005,0.004,0.004,2900293
KBU,20160628,0.09,0.09,0.09,0.09,4000
KDL,20160628,0.093,0.093,0.09,0.09,35057
KDR,20160628,0.15,0.155,0.13,0.15,1109695
KFE,20160628,0.018,0.018,0.017,0.017,238753
KGD,20160628,0.027,0.027,0.025,0.025,235000
KGL,20160628,0.16,0.16,0.16,0.16,112248
KGM,20160628,0.025,0.025,0.023,0.023,105840
KIN,20160628,0.195,0.24,0.195,0.22,1967725
KKL,20160628,0.007,0.007,0.007,0.007,5305473
KKT,20160628,0.37,0.375,0.36,0.375,12756
KLO,20160628,0.2,0.2,0.2,0.2,235000
KMD,20160628,1.28,1.285,1.27,1.28,753940
KNL,20160628,0.265,0.285,0.265,0.27,612803
KNM,20160628,0.012,0.013,0.012,0.012,553555
KNO,20160628,0.245,0.245,0.245,0.245,10000
KOR,20160628,0.03,0.031,0.03,0.031,135000
KOV,20160628,2.16,2.16,2.14,2.14,7550
KPC,20160628,0.04,0.04,0.04,0.04,3000
KPL,20160628,0.12,0.12,0.12,0.12,1798
KPT,20160628,15.82,15.82,15.7,15.7,202
KRC,20160628,0.006,0.006,0.006,0.006,10000
KRL,20160628,0.005,0.005,0.005,0.005,40000
KRM,20160628,0.145,0.15,0.135,0.135,1224921
KSL,20160628,1,1.025,1,1.025,50000
KSM,20160628,2.47,2.47,2.47,2.47,22800
KSN,20160628,0.018,0.023,0.018,0.022,1733126
KTE,20160628,0.025,0.025,0.025,0.025,60000
LAA,20160628,0.26,0.26,0.26,0.26,16259
LAU,20160628,0.48,0.48,0.475,0.48,40849
LBL,20160628,0.069,0.069,0.069,0.069,45239
LCK,20160628,0.13,0.135,0.105,0.12,253039
LCM,20160628,0.395,0.41,0.39,0.39,189488
LCR,20160628,0.004,0.004,0.004,0.004,469000
LCT,20160628,0.073,0.073,0.07,0.073,271465
LCY,20160628,0.008,0.008,0.008,0.008,1000000
LEG,20160628,0.007,0.007,0.007,0.007,1103318
LEP,20160628,4.49,4.54,4.33,4.49,378507
LER,20160628,0.1,0.1,0.1,0.1,170000
LGD,20160628,0.215,0.225,0.215,0.225,48466
LHB,20160628,0.08,0.13,0.08,0.13,10042
LHC,20160628,1.62,1.65,1.6,1.605,78727
LHM,20160628,0.043,0.043,0.041,0.041,34014
LIC,20160628,2.95,2.95,2.9,2.9,10214
LIN,20160628,0.001,0.001,0.001,0.001,100000
LIT,20160628,0.245,0.26,0.24,0.24,2503670
LKO,20160628,0.001,0.001,0.001,0.001,1076778
LLC,20160628,12.5,12.53,12.17,12.22,3892674
LLO,20160628,0.71,0.71,0.71,0.71,1789
LMG,20160628,0.034,0.035,0.034,0.034,2113927
LML,20160628,0.06,0.06,0.054,0.056,525379
LNG,20160628,0.68,0.685,0.645,0.66,3345282
LNK,20160628,7.73,7.91,7.72,7.9,1887797
LNR,20160628,5.14,5.4,5.14,5.4,5673
LNU,20160628,0.065,0.07,0.065,0.065,418933
LNY,20160628,0.003,0.004,0.003,0.004,2474783
LOM,20160628,0.35,0.35,0.335,0.35,784627
LOV,20160628,2.35,2.35,2.23,2.25,68742
LPE,20160628,0.035,0.039,0.035,0.039,1068597
LPI,20160628,0.26,0.26,0.225,0.245,1254153
LRS,20160628,0.017,0.017,0.016,0.017,3243850
LSR,20160628,0.021,0.021,0.021,0.021,657075
LSX,20160628,0.315,0.315,0.305,0.305,17985
LTN,20160628,0.12,0.12,0.11,0.11,125000
LTR,20160628,0.018,0.019,0.018,0.018,525900
LVH,20160628,0.145,0.16,0.145,0.16,395818
LVT,20160628,0.195,0.195,0.19,0.195,84300
LWP,20160628,0.005,0.006,0.005,0.005,42085965
LYC,20160628,0.06,0.061,0.058,0.058,10252029
LYL,20160628,2.08,2.08,2.07,2.07,2697
M7T,20160628,0.042,0.042,0.035,0.037,946771
MA1,20160628,0.965,0.97,0.965,0.965,102654
MAD,20160628,0.046,0.051,0.046,0.05,991150
MAH,20160628,0.094,0.094,0.088,0.089,615780
MAI,20160628,0.605,0.605,0.605,0.605,23000
MAQ,20160628,11.85,11.85,11.85,11.85,565
MAR,20160628,0.004,0.004,0.004,0.004,167769
MAT,20160628,0.165,0.18,0.155,0.175,626564
MAU,20160628,0.05,0.05,0.05,0.05,174988
MBC,20160628,0.077,0.077,0.077,0.077,2500
MBE,20160628,0.29,0.29,0.285,0.285,505420
MBK,20160628,0.017,0.018,0.017,0.018,1998446
MBO,20160628,0.036,0.036,0.035,0.035,890000
MBT,20160628,0.034,0.034,0.034,0.034,230
MCE,20160628,0.4,0.41,0.39,0.405,206199
MCP,20160628,0.85,0.85,0.84,0.85,158459
MCR,20160628,0.29,0.3,0.285,0.285,166091
MCS,20160628,0.02,0.02,0.02,0.02,120408
MCT,20160628,0.065,0.066,0.064,0.066,639202
MCX,20160628,0.042,0.042,0.042,0.042,85
MDC,20160628,0.35,0.37,0.35,0.36,224636
MDD,20160628,0.016,0.016,0.016,0.016,10000
MDI,20160628,0.04,0.04,0.04,0.04,226000
MDL,20160628,0.22,0.24,0.22,0.22,865648
MDR,20160628,0.036,0.038,0.033,0.038,2056791
MDX,20160628,0.005,0.005,0.005,0.005,100000
MEA,20160628,0.91,0.91,0.88,0.895,159636
MEB,20160628,0.29,0.305,0.29,0.3,106613
MED,20160628,0.014,0.015,0.014,0.015,35878
MEI,20160628,0.011,0.011,0.011,0.011,602377
MEL,20160628,0.055,0.055,0.054,0.054,225000
MEO,20160628,0.017,0.017,0.015,0.015,630000
MEP,20160628,0.065,0.067,0.063,0.067,283558
MEU,20160628,0.017,0.018,0.017,0.018,158763
MEY,20160628,0.15,0.15,0.15,0.15,10075
MEZ,20160628,2.38,2.39,2.35,2.39,32650
MFF,20160628,1.765,1.84,1.76,1.82,475340
MFG,20160628,21.44,21.83,20.87,21.73,955142
MGC,20160628,1.135,1.15,1.1,1.105,1830071
MGE,20160628,2.44,2.44,2.42,2.42,973769
MGL,20160628,0.037,0.037,0.037,0.037,41986
MGR,20160628,2.01,2.05,2.005,2.03,16520433
MGT,20160628,0.04,0.04,0.038,0.038,737568
MGU,20160628,0.02,0.02,0.02,0.02,8976
MGV,20160628,0.072,0.075,0.072,0.075,141000
MGX,20160628,0.245,0.26,0.245,0.26,2308319
MHG,20160628,2.31,2.31,2.31,2.31,10010
MHM,20160628,0.031,0.032,0.031,0.031,61381
MIG,20160628,0.48,0.48,0.47,0.48,103563
MIL,20160628,1.15,1.15,1.02,1.02,166605
MIN,20160628,8.05,8.28,8.03,8.18,1430061
MIR,20160628,2.73,2.8,2.72,2.8,39738
MJP,20160628,0.5,0.5,0.49,0.495,18450
MKB,20160628,0.007,0.007,0.007,0.007,2194943
MKO,20160628,0.044,0.044,0.044,0.044,10000
MLA,20160628,0.041,0.041,0.041,0.041,20000
MLB,20160628,1.78,1.78,1.765,1.78,83046
MLD,20160628,1.135,1.2,1.135,1.165,420295
MLM,20160628,0.03,0.03,0.03,0.03,838097
MLS,20160628,0.001,0.001,0.001,0.001,50000
MLT,20160628,4.18,4.2,4.18,4.18,150553
MLX,20160628,1.44,1.445,1.42,1.44,3753508
MMI,20160628,0.073,0.073,0.073,0.073,13300
MML,20160628,0.68,0.69,0.65,0.67,610608
MMS,20160628,13.31,13.5,13.19,13.2,438692
MNC,20160628,0.003,0.003,0.002,0.002,4767293
MND,20160628,7.25,7.25,6.98,7.09,568483
MNF,20160628,3.96,3.96,3.9,3.94,27922
MNM,20160628,0.014,0.014,0.014,0.014,255133
MNQ,20160628,0.011,0.011,0.011,0.011,30000
MNS,20160628,0.91,0.94,0.905,0.935,711138
MNW,20160628,0.087,0.09,0.087,0.09,54536
MNY,20160628,1.08,1.11,1.075,1.11,458010
MOAT,20160628,42.24,42.24,42.17,42.17,2800
MOC,20160628,1.955,1.96,1.91,1.96,31380
MOD,20160628,0.024,0.025,0.023,0.024,1923448
MOQ,20160628,0.26,0.28,0.26,0.28,111714
MOT,20160628,0.001,0.001,0.001,0.001,5000000
MOX,20160628,0.012,0.013,0.011,0.011,1081163
MOY,20160628,0.15,0.15,0.14,0.145,2163524
MP1,20160628,1.88,1.88,1.82,1.85,90529
MPL,20160628,2.89,2.93,2.855,2.86,9483873
MPO,20160628,0.12,0.12,0.12,0.12,40000
MQA,20160628,4.95,5.02,4.86,4.92,2265550
MQG,20160628,65.03,68.19,65.01,67.91,2603212
MRC,20160628,0.14,0.145,0.14,0.145,112200
MRD,20160628,0.023,0.023,0.022,0.022,932469
MRM,20160628,0.3,0.315,0.3,0.305,577147
MRN,20160628,0.92,0.93,0.92,0.93,9000
MRP,20160628,0.09,0.09,0.09,0.09,62000
MRV,20160628,0.004,0.004,0.004,0.004,850000
MSB,20160628,1.015,1.045,1.012,1.035,893408
MSG,20160628,0.03,0.03,0.03,0.03,11417
MSI,20160628,0.003,0.003,0.003,0.003,20630
MSP,20160628,0.029,0.03,0.026,0.028,1167567
MSR,20160628,0.002,0.002,0.002,0.002,26288333
MTA,20160628,0.054,0.054,0.049,0.05,989640
MTH,20160628,0.006,0.006,0.006,0.006,3545738
MTL,20160628,0.059,0.059,0.058,0.058,156698
MTM,20160628,0.31,0.31,0.3,0.3,24884
MTO,20160628,2.58,2.6,2.58,2.6,100561
MTR,20160628,3.35,3.38,3.33,3.38,2016978
MTS,20160628,1.79,1.84,1.79,1.825,5936646
MUA,20160628,0.91,0.95,0.91,0.95,717
MUS,20160628,0.039,0.04,0.039,0.04,996743
MVA,20160628,21.16,21.29,21.11,21.29,10571
MVB,20160628,22.93,23.45,22.93,23.43,29768
MVF,20160628,1.84,1.845,1.79,1.8,340290
MVP,20160628,6.15,6.24,5.96,5.96,28041
MVS,20160628,16.67,16.72,16.65,16.72,2685
MVT,20160628,0.14,0.14,0.14,0.14,3092
MVW,20160628,22.76,22.76,22.58,22.74,98892
MWR,20160628,0.64,0.64,0.64,0.64,762
MXC,20160628,0.044,0.044,0.04,0.04,5753257
MXI,20160628,0.46,0.465,0.445,0.445,126742
MYE,20160628,0.115,0.115,0.115,0.115,25500
MYO,20160628,3.32,3.38,3.28,3.35,1001558
MYQ,20160628,0.062,0.062,0.062,0.062,20000
MYR,20160628,1.09,1.112,1.085,1.1,6260438
MYS,20160628,4.1,4.19,4.075,4.11,60594
MYT,20160628,2.75,2.81,2.71,2.71,32657
MZI,20160628,0.265,0.265,0.26,0.26,71907
MZM,20160628,0.21,0.23,0.21,0.23,10982
MZN,20160628,0.009,0.01,0.009,0.009,6614433
NAB,20160628,24.09,24.815,24.01,24.63,6284515
NAE,20160628,0.009,0.009,0.009,0.009,65000
NAG,20160628,0.165,0.165,0.155,0.16,766252
NAM,20160628,0.33,0.33,0.33,0.33,34500
NAN,20160628,2.21,2.21,2.135,2.14,605197
NAV,20160628,0.007,0.007,0.007,0.007,80
NBL,20160628,1,1,1,1,5000
NCC,20160628,1.015,1.015,1.015,1.015,573
NCK,20160628,4.65,4.71,4.56,4.59,21778
NCL,20160628,0.095,0.095,0.095,0.095,10000
NCM,20160628,24.64,24.74,23.49,23.55,8585935
NCO,20160628,0.002,0.002,0.002,0.002,4299998
NCR,20160628,0.002,0.002,0.002,0.002,50000
NDO,20160628,0.12,0.12,0.12,0.12,2500
NDQ,20160628,9.96,10,9.93,9.95,19508
NEA,20160628,0.39,0.425,0.39,0.42,525857
NEC,20160628,1.01,1.03,0.995,1.02,3105531
NEN,20160628,0.255,0.26,0.25,0.25,141447
NEU,20160628,0.059,0.059,0.058,0.059,1056478
NGY,20160628,0.023,0.026,0.023,0.026,190000
NHC,20160628,1.315,1.355,1.31,1.32,116182
NHF,20160628,4.15,4.195,4.12,4.16,222718
NIO,20160628,0.02,0.02,0.018,0.018,920500
NKP,20160628,0.06,0.06,0.059,0.06,30000
NME,20160628,0.006,0.006,0.006,0.006,30000
NMG,20160628,0.008,0.008,0.008,0.008,477106
NML,20160628,0.035,0.035,0.035,0.035,100000
NMM,20160628,0.087,0.087,0.087,0.087,90000
NMT,20160628,0.425,0.455,0.415,0.445,1308782
NNW,20160628,0.115,0.115,0.11,0.115,115716
NOR,20160628,0.028,0.028,0.026,0.028,9574123
NOV,20160628,0.096,0.1,0.096,0.1,20000
NRT,20160628,0.098,0.099,0.095,0.099,630472
NSE,20160628,0.004,0.004,0.004,0.004,70377
NSL,20160628,0.014,0.014,0.013,0.013,7000147
NST,20160628,5.2,5.24,4.88,4.92,6145751
NSX,20160628,0.22,0.22,0.22,0.22,2500
NTC,20160628,2.3,2.3,2.21,2.26,345184
NTL,20160628,0.009,0.014,0.008,0.009,79240810
NTM,20160628,0.039,0.044,0.037,0.044,779783
NTU,20160628,0.074,0.075,0.074,0.075,300885
NUF,20160628,7.03,7.16,6.985,7.13,982150
NUH,20160628,0.061,0.065,0.058,0.06,4708313
NVL,20160628,1.3,1.3,1.3,1.3,5070
NVT,20160628,5.24,5.31,5.21,5.25,1835294
NWE,20160628,0.002,0.002,0.002,0.002,1850000
NWH,20160628,0.195,0.205,0.195,0.2,811274
NWS,20160628,15.05,15.05,14.76,14.93,268624
NWZ,20160628,0.013,0.013,0.012,0.013,15797584
NXM,20160628,0.08,0.08,0.08,0.08,50000
NXT,20160628,3.31,3.35,3.3,3.3,530404
NZM,20160628,0.77,0.77,0.7,0.71,728455
OBJ,20160628,0.078,0.079,0.078,0.078,879138
OBL,20160628,0.005,0.006,0.005,0.006,3423531
OCC,20160628,0.285,0.3,0.28,0.29,185493
OCL,20160628,1.71,1.71,1.71,1.71,1000
OCP,20160628,1.675,1.675,1.67,1.67,71860
ODN,20160628,0.012,0.012,0.01,0.011,25143809
OEC,20160628,0.74,0.74,0.74,0.74,19769
OEL,20160628,0.041,0.042,0.039,0.042,3012088
OEX,20160628,0.01,0.01,0.009,0.01,171673
OFX,20160628,2.3,2.34,2.27,2.28,1600477
OGC,20160628,5.15,5.19,4.96,4.98,1436524
OGX,20160628,0.22,0.225,0.215,0.215,648180
OKU,20160628,0.18,0.19,0.18,0.185,1472731
OLV,20160628,0.071,0.071,0.065,0.065,100000
OMH,20160628,0.08,0.087,0.08,0.08,56098
OML,20160628,4.89,4.89,4.78,4.78,392921
OMT,20160628,0.025,0.025,0.025,0.025,99468
ONE,20160628,4.52,4.52,4.52,4.52,2000
ONT,20160628,6.94,7.05,6.94,7.05,201
OOK,20160628,0.024,0.025,0.023,0.025,1102062
OOO,20160628,15.57,15.64,15.49,15.61,15910
OPG,20160628,0.42,0.425,0.42,0.425,19700
OPT,20160628,0.465,0.47,0.46,0.46,137509
ORA,20160628,2.7,2.72,2.665,2.7,8896503
ORE,20160628,4.23,4.73,4.23,4.61,1681302
ORG,20160628,5.34,5.47,5.26,5.45,8237400
ORI,20160628,12.4,12.48,12.04,12.28,2790097
ORL,20160628,2.11,2.12,2.06,2.06,41413
ORN,20160628,0.014,0.014,0.014,0.014,93957
ORR,20160628,0.28,0.28,0.27,0.27,290465
OSH,20160628,6.3,6.42,6.19,6.42,8155962
OSL,20160628,0.12,0.125,0.115,0.12,2772051
OSP,20160628,0.2,0.2,0.195,0.2,192238
OTC,20160628,0.2,0.23,0.2,0.225,3213050
OTH,20160628,0.72,0.72,0.71,0.72,19284
OTR,20160628,0.034,0.034,0.034,0.034,152000
OVH,20160628,0.63,0.63,0.63,0.63,2100
OVL,20160628,0.009,0.009,0.009,0.009,1556295
OVR,20160628,0.007,0.007,0.007,0.007,1002540
OZF,20160628,17.94,18.2,17.8,18.17,20359
OZG,20160628,0.135,0.135,0.135,0.135,100000
OZL,20160628,5.5,5.52,5.26,5.35,3733271
OZR,20160628,6.57,6.63,6.57,6.63,2500
PAA,20160628,0.083,0.083,0.083,0.083,2500
PAB,20160628,0.005,0.005,0.005,0.005,226529
PAC,20160628,4.27,4.36,4.2,4.21,39874
PAF,20160628,0.89,0.89,0.885,0.885,25315
PAI,20160628,0.905,0.92,0.905,0.91,317142
PAK,20160628,0.145,0.145,0.13,0.13,168678
PAN,20160628,0.12,0.12,0.11,0.115,742719
PAR,20160628,0.34,0.34,0.33,0.33,50003
PBG,20160628,1.145,1.15,1.145,1.145,8370444
PBT,20160628,0.1,0.1,0.1,0.1,323
PCH,20160628,0.025,0.025,0.024,0.024,356607
PCL,20160628,0.003,0.003,0.003,0.003,169051
PDI,20160628,0.007,0.007,0.007,0.007,1650000
PDN,20160628,0.185,0.19,0.18,0.185,4505537
PDZ,20160628,0.15,0.165,0.145,0.15,25500
PEA,20160628,0.48,0.485,0.48,0.48,270800
PEH,20160628,0.08,0.081,0.08,0.081,119094
PEK,20160628,0.042,0.045,0.042,0.045,159821
PEL,20160628,0.008,0.008,0.008,0.008,100000
PEN,20160628,0.51,0.55,0.49,0.49,117930
PEP,20160628,2.32,2.32,2.2,2.2,20595
PEX,20160628,0.155,0.165,0.155,0.16,715878
PEZ,20160628,0.045,0.046,0.045,0.045,59980
PFG,20160628,0.1,0.1,0.1,0.1,80000
PFL,20160628,1.68,1.68,1.675,1.68,42494
PGC,20160628,0.62,0.62,0.61,0.62,39984
PGF,20160628,0.81,0.82,0.8,0.81,830169
PGH,20160628,5.95,5.96,5.885,5.92,657846
PGI,20160628,0.095,0.095,0.095,0.095,16665
PGM,20160628,0.095,0.095,0.092,0.095,350000
PGO,20160628,0.09,0.094,0.08,0.082,848628
PGR,20160628,0.6,0.6,0.59,0.59,157809
PGS,20160628,0.003,0.003,0.003,0.003,31250
PGY,20160628,0.003,0.003,0.002,0.002,4067855
PHG,20160628,0.205,0.21,0.205,0.205,57275
PHK,20160628,0.08,0.09,0.079,0.087,3311371
PIC,20160628,0.93,0.94,0.92,0.93,342049
PIL,20160628,0.013,0.014,0.012,0.013,1505050
PIO,20160628,0.037,0.037,0.036,0.036,3340439
PIQ,20160628,0.25,0.25,0.25,0.25,8000
PKO,20160628,0.002,0.002,0.002,0.002,990000
PLP,20160628,0.019,0.021,0.019,0.02,12584608
PLS,20160628,0.55,0.565,0.532,0.55,8738644
PMC,20160628,1.55,1.585,1.54,1.55,164786
PME,20160628,4.75,4.75,4.72,4.74,3696
PML,20160628,0.071,0.074,0.071,0.074,297160
PMP,20160628,0.535,0.535,0.525,0.53,120027
PMV,20160628,14.33,14.34,14,14,307684
PMY,20160628,0.006,0.006,0.006,0.006,750000
PNC,20160628,1.73,1.73,1.69,1.7,94746
PNL,20160628,0.155,0.16,0.155,0.16,90733
PNR,20160628,0.13,0.14,0.13,0.135,5811420
PNV,20160628,0.25,0.255,0.25,0.25,116132
PNX,20160628,0.015,0.015,0.014,0.014,100000
POH,20160628,0.012,0.013,0.012,0.013,1823887
POS,20160628,0.051,0.056,0.05,0.055,2677183
POU,20160628,17.88,17.94,17.87,17.87,35082
POW,20160628,0.013,0.013,0.012,0.012,142003
PPC,20160628,0.895,0.915,0.89,0.91,134291
PPG,20160628,0.45,0.45,0.45,0.45,63829
PPL,20160628,0.51,0.52,0.5,0.52,56639
PPP,20160628,0.029,0.029,0.029,0.029,106560
PPS,20160628,0.285,0.295,0.285,0.29,430422
PPT,20160628,40,40.23,39.09,40.02,197387
PPY,20160628,0.008,0.009,0.008,0.009,47500
PRG,20160628,1.67,1.725,1.665,1.7,835103
PRO,20160628,1.08,1.08,1.07,1.07,18674
PRR,20160628,0.042,0.043,0.041,0.042,1302645
PRT,20160628,0.31,0.31,0.3,0.305,283946
PRU,20160628,0.53,0.54,0.5,0.5,4632935
PRY,20160628,3.71,3.76,3.69,3.74,2127013
PSA,20160628,0.14,0.14,0.13,0.14,37837
PSC,20160628,0.018,0.018,0.018,0.018,9521908
PSI,20160628,1.67,1.67,1.67,1.67,1037
PSM,20160628,0.029,0.029,0.027,0.027,316300
PSQ,20160628,2.03,2.03,1.95,1.96,15366
PSY,20160628,0.097,0.098,0.095,0.097,459150
PSZ,20160628,0.37,0.377,0.36,0.375,401253
PTB,20160628,0.385,0.385,0.37,0.37,22771
PTL,20160628,0.59,0.59,0.57,0.58,25248
PTM,20160628,5.76,5.77,5.47,5.61,3044983
PTX,20160628,0.085,0.09,0.085,0.089,407181
PUN,20160628,0.04,0.04,0.038,0.038,155000
PVA,20160628,4.08,4.08,4.08,4.08,32
PVD,20160628,0.026,0.03,0.026,0.028,739536
PVE,20160628,0.009,0.009,0.006,0.006,11294936
PWH,20160628,2.78,2.82,2.74,2.76,57586
PWN,20160628,0.027,0.028,0.027,0.027,282854
PXS,20160628,0.255,0.26,0.25,0.255,420165
PYC,20160628,0.013,0.013,0.013,0.013,400000
PZC,20160628,0.003,0.003,0.003,0.003,825054
QAN,20160628,2.69,2.69,2.58,2.61,13690943
QAU,20160628,14,14,13.82,13.88,14090
QBE,20160628,9.98,10.22,9.83,10.07,14370707
QBL,20160628,0.006,0.007,0.006,0.006,5834143
QFN,20160628,9.95,10,9.81,10,19616
QHL,20160628,0.135,0.135,0.135,0.135,417375
QMIX,20160628,15.13,15.13,15.13,15.13,500
QMN,20160628,0.003,0.003,0.003,0.003,197000
QMS,20160628,1.165,1.195,1.115,1.175,306047
QOZ,20160628,11.11,11.15,10.99,11.15,25099
QRE,20160628,3.65,3.65,3.65,3.65,214515
QTG,20160628,0.003,0.003,0.003,0.003,5400
QUAL,20160628,18.04,18.11,18.04,18.1,39391
QUB,20160628,2.12,2.145,2.08,2.13,4887199
QUR,20160628,0.022,0.022,0.022,0.022,100000
QUS,20160628,27,27,27,27,1464
QVE,20160628,1.08,1.085,1.07,1.08,477104
RAP,20160628,0.36,0.4,0.35,0.4,4451537
RARI,20160628,22.42,22.62,22.42,22.62,1462
RAW,20160628,0.05,0.05,0.05,0.05,50544
RBL,20160628,1.045,1.045,1.01,1.02,34336
RBR,20160628,0.008,0.008,0.008,0.008,350550
RCB,20160628,20.68,20.68,20.55,20.68,10445
RCE,20160628,0.25,0.25,0.24,0.24,35900
RCG,20160628,1.39,1.425,1.365,1.385,2443706
RCO,20160628,0.2,0.2,0.2,0.2,30000
RCP,20160628,0.002,0.002,0.002,0.002,100000
RCR,20160628,1.75,1.837,1.75,1.805,475928
RCT,20160628,3.67,3.67,3.55,3.55,17026
RCU,20160628,0.05,0.051,0.05,0.051,279930
RDF,20160628,0.28,0.28,0.28,0.28,3000
RDM,20160628,0.093,0.093,0.093,0.093,20000
RDS,20160628,0.009,0.009,0.009,0.009,73000
RDV,20160628,26.19,26.6,26.19,26.6,7821
REA,20160628,57.5,57.87,56.87,57.17,564951
RED,20160628,0.074,0.075,0.073,0.074,370382
REG,20160628,4.68,4.71,4.62,4.63,868060
RER,20160628,0.015,0.015,0.013,0.013,3479000
RES,20160628,0.08,0.08,0.076,0.08,250401
REV,20160628,0.066,0.07,0.061,0.07,160224
REX,20160628,0.75,0.75,0.75,0.75,40480
REZ,20160628,0.13,0.13,0.13,0.13,30000
RFF,20160628,1.6,1.62,1.6,1.62,71372
RFG,20160628,5.38,5.4,5.25,5.25,876837
RFL,20160628,0.096,0.098,0.095,0.097,315241
RFN,20160628,0.125,0.145,0.125,0.145,763521
RFT,20160628,0.032,0.034,0.031,0.034,3113175
RFX,20160628,0.555,0.58,0.555,0.565,414109
RGB,20160628,22.28,22.28,22.28,22.28,11
RGS,20160628,0.13,0.15,0.125,0.13,239683
RHC,20160628,68,69.33,68,68.7,419279
RHL,20160628,3.46,3.46,3.45,3.45,490
RHP,20160628,0.85,0.865,0.84,0.85,97329
RIC,20160628,1.42,1.42,1.385,1.39,103805
RIE,20160628,0.02,0.02,0.02,0.02,66000
RIM,20160628,0.016,0.016,0.015,0.015,925000
RIO,20160628,43.35,44.33,43.17,44.2,2643954
RIS,20160628,0.2,0.2,0.2,0.2,1399
RKN,20160628,1.5,1.5,1.45,1.455,62570
RLE,20160628,0.089,0.089,0.081,0.085,468127
RMD,20160628,8.01,8.06,7.91,8.03,3747923
RMG,20160628,0.011,0.011,0.011,0.011,100443
RMI,20160628,0.004,0.004,0.004,0.004,244000
RMP,20160628,0.02,0.02,0.02,0.02,3050
RMR,20160628,0.002,0.002,0.001,0.001,932719
RMS,20160628,0.435,0.445,0.41,0.42,2344232
RMT,20160628,0.003,0.003,0.002,0.002,946010
RMX,20160628,0.001,0.001,0.001,0.001,3390000
RND,20160628,2.2,2.2,2.2,2.2,2000
RNI,20160628,0.012,0.013,0.012,0.012,2457818
RNO,20160628,0.017,0.018,0.017,0.017,862400
RNS,20160628,0.056,0.057,0.055,0.056,118621
RNT,20160628,0.16,0.16,0.145,0.15,531142
RNU,20160628,0.019,0.019,0.017,0.017,260452
RNY,20160628,0.13,0.13,0.13,0.13,115125
RRL,20160628,3.54,3.645,3.32,3.35,6987175
RRS,20160628,0.006,0.006,0.006,0.006,549190
RSG,20160628,1.31,1.34,1.21,1.21,5327658
RSH,20160628,0.036,0.036,0.035,0.036,691666
RTG,20160628,0.59,0.61,0.59,0.6,58000
RTR,20160628,0.019,0.02,0.019,0.019,366205
RUB,20160628,0.047,0.047,0.047,0.047,220000
RUL,20160628,0.4,0.4,0.39,0.39,54914
RUM,20160628,0.021,0.022,0.02,0.02,173038
RVA,20160628,0.965,1,0.957,0.995,128997
RVL,20160628,25.51,25.93,25.51,25.93,1212
RVR,20160628,0.115,0.12,0.115,0.12,286095
RVY,20160628,0.025,0.025,0.024,0.025,301844
RWC,20160628,3.05,3.1,3.05,3.09,365906
RWH,20160628,1.06,1.06,1.06,1.06,4000
RXH,20160628,0.082,0.082,0.079,0.079,78057
RXL,20160628,0.021,0.021,0.02,0.02,1460040
RXM,20160628,0.05,0.051,0.05,0.05,244464
RXP,20160628,0.54,0.545,0.53,0.545,45633
S2R,20160628,0.27,0.275,0.26,0.275,353752
S32,20160628,1.55,1.58,1.54,1.56,15576791
SAI,20160628,3.54,3.63,3.52,3.63,1322272
SAM,20160628,0.05,0.05,0.05,0.05,1000
SAR,20160628,1.5,1.515,1.385,1.39,7154673
SAS,20160628,0.02,0.021,0.019,0.02,5774829
SAU,20160628,0.28,0.295,0.28,0.29,76569
SAY,20160628,0.003,0.003,0.003,0.003,12000
SBB,20160628,0.022,0.022,0.022,0.022,11111
SBM,20160628,3.3,3.31,3,3,4699822
SCG,20160628,4.74,4.82,4.74,4.79,13429217
SCI,20160628,0.048,0.05,0.046,0.048,991355
SCP,20160628,2.27,2.295,2.255,2.29,2946309
SCU,20160628,0.019,0.019,0.019,0.019,10000
SDA,20160628,3.48,3.48,3.34,3.45,367283
SDF,20160628,1.96,1.96,1.925,1.94,1694620
SDG,20160628,1.415,1.42,1.41,1.415,2220303
SDI,20160628,0.52,0.52,0.52,0.52,19455
SDL,20160628,0.004,0.004,0.003,0.003,4037503
SEA,20160628,0.115,0.115,0.1,0.11,3391121
SEG,20160628,0.002,0.002,0.002,0.002,1717646
SEH,20160628,0.098,0.1,0.092,0.1,3056404
SEK,20160628,14.7,14.84,14.55,14.62,1560164
SEN,20160628,0.105,0.107,0.105,0.105,734721
SER,20160628,0.012,0.013,0.012,0.012,85549
SES,20160628,0.093,0.093,0.093,0.093,6750
SFG,20160628,0.071,0.074,0.071,0.073,477624
SFH,20160628,0.53,0.54,0.53,0.53,140397
SFI,20160628,0.06,0.061,0.06,0.061,842255
SFL,20160628,0.19,0.19,0.19,0.19,46398
SFR,20160628,4.95,5.12,4.935,5.08,694098
SFX,20160628,0.42,0.42,0.41,0.41,65000
SFY,20160628,48.8,49.21,48.58,49.21,77758
SGC,20160628,0.03,0.03,0.03,0.03,50000
SGF,20160628,3.61,3.69,3.5,3.54,157622
SGH,20160628,0.38,0.38,0.365,0.375,1537406
SGM,20160628,7.53,7.815,7.47,7.75,1952786
SGP,20160628,4.77,4.815,4.74,4.77,9567051
SGQ,20160628,0.13,0.135,0.13,0.13,250194
SGR,20160628,5.43,5.495,5.405,5.43,1518307
SGU,20160628,0.09,0.09,0.09,0.09,65000
SHJ,20160628,1.11,1.12,1.07,1.1,240233
SHK,20160628,0.002,0.002,0.002,0.002,43800
SHL,20160628,20.7,21.19,20.65,21.03,1203937
SHM,20160628,0.8,0.8,0.8,0.8,52500
SHP,20160628,0.004,0.004,0.004,0.004,200000
SHV,20160628,6.7,6.73,6.5,6.68,506527
SIE,20160628,0.01,0.01,0.01,0.01,208580
SIO,20160628,0.255,0.275,0.255,0.275,123146
SIP,20160628,1.12,1.135,1.08,1.125,4611544
SIQ,20160628,5.64,5.645,5.36,5.47,227847
SIT,20160628,0.18,0.19,0.18,0.19,22000
SIV,20160628,10.29,10.34,10.28,10.28,160002
SKB,20160628,0.485,0.485,0.48,0.48,17150
SKC,20160628,4.28,4.35,4.23,4.32,2512881
SKF,20160628,0.08,0.085,0.08,0.08,70605
SKI,20160628,2.46,2.485,2.45,2.47,3336196
SKP,20160628,0.09,0.1,0.09,0.1,1334178
SKS,20160628,0.42,0.42,0.4,0.4,4000
SKT,20160628,4.38,4.44,4.355,4.39,463406
SLC,20160628,2.4,2.41,2.35,2.38,162355
SLF,20160628,13.36,13.43,13.28,13.43,196186
SLK,20160628,4.06,4.17,3.99,4.09,219333
SLM,20160628,0.445,0.445,0.41,0.41,68527
SLR,20160628,0.515,0.52,0.487,0.49,3086010
SLX,20160628,0.315,0.33,0.315,0.32,66268
SM8,20160628,0.225,0.225,0.215,0.22,21722
SMA,20160628,0.033,0.033,0.033,0.033,310307
SMD,20160628,0.007,0.007,0.007,0.007,118000
SMI,20160628,0.057,0.063,0.057,0.06,175860
SMM,20160628,0.11,0.11,0.105,0.105,10200
SMN,20160628,1.77,1.78,1.72,1.77,58744
SMP,20160628,0.195,0.195,0.195,0.195,5000
SMR,20160628,0.27,0.275,0.265,0.275,37313
SMX,20160628,1.645,1.645,1.595,1.61,202939
SNC,20160628,0.79,0.79,0.79,0.79,560
SND,20160628,0.525,0.525,0.52,0.52,18861
SNL,20160628,2.05,2.1,2.05,2.1,6000
SNY,20160628,0.037,0.037,0.037,0.037,75000
SO4,20160628,0.34,0.34,0.33,0.335,127189
SOL,20160628,16.75,16.76,16.66,16.7,163825
SOM,20160628,3.32,3.55,3.31,3.55,13071
SOR,20160628,0.14,0.14,0.135,0.135,118983
SPB,20160628,0.03,0.03,0.03,0.03,20332
SPI,20160628,0.022,0.027,0.022,0.027,506140
SPK,20160628,3.23,3.35,3.23,3.31,1615973
SPL,20160628,0.67,0.672,0.642,0.65,181069
SPO,20160628,1.06,1.092,1.047,1.085,9581943
SPX,20160628,0.005,0.005,0.005,0.005,278372
SPY,20160628,271.58,271.58,271.19,271.27,587
SRF,20160628,0.2,0.2,0.185,0.185,1720616
SRG,20160628,0.96,1.01,0.95,0.98,186629
SRI,20160628,0.02,0.02,0.019,0.019,894514
SRK,20160628,0.04,0.04,0.04,0.04,2326
SRS,20160628,0.026,0.026,0.026,0.026,24457
SRV,20160628,6.7,6.71,6.5,6.55,284524
SRX,20160628,25.57,25.61,25.1,25.33,368388
SSM,20160628,0.745,0.765,0.74,0.75,275120
SSN,20160628,0.005,0.005,0.005,0.005,576000
SSO,20160628,12,12,11.98,11.98,2050
ST1,20160628,0.023,0.023,0.019,0.023,3027088
STA,20160628,0.005,0.005,0.005,0.005,4245
STL,20160628,0.037,0.037,0.036,0.037,1286167
STO,20160628,4.51,4.56,4.38,4.54,11971049
STW,20160628,48.22,48.66,48.02,48.53,226446
STX,20160628,0.11,0.11,0.107,0.11,526866
SUD,20160628,0.022,0.022,0.021,0.021,200000
SUH,20160628,0.025,0.025,0.025,0.025,20000
SUL,20160628,8.58,8.65,8.46,8.62,665240
SUM,20160628,0.04,0.044,0.04,0.04,43050
SUN,20160628,11.62,11.795,11.55,11.68,4962150
SUR,20160628,0.001,0.001,0.001,0.001,900000
SVA,20160628,0.048,0.05,0.048,0.05,171322
SVL,20160628,0.16,0.16,0.15,0.15,1994122
SVM,20160628,0.085,0.085,0.085,0.085,50000
SVW,20160628,5.29,5.36,5.18,5.34,381725
SVY,20160628,0.115,0.115,0.115,0.115,39000
SW1,20160628,0.18,0.18,0.17,0.175,319925
SWK,20160628,0.14,0.145,0.14,0.14,50821
SWL,20160628,0.705,0.715,0.69,0.69,47693
SWM,20160628,1.03,1.045,1.015,1.025,3243104
SXA,20160628,0.025,0.027,0.025,0.027,201000
SXE,20160628,0.53,0.545,0.53,0.54,73588
SXL,20160628,1.2,1.202,1.17,1.19,1218685
SXY,20160628,0.26,0.26,0.24,0.25,9265622
SYA,20160628,0.03,0.03,0.028,0.029,686932
SYD,20160628,7.16,7.19,6.96,6.99,8884574
SYI,20160628,25.2,25.33,24.94,25.32,9175
SYR,20160628,6.03,6.16,5.955,6.07,3158565
TAH,20160628,4.21,4.38,4.2,4.35,3119517
TAM,20160628,0.048,0.048,0.045,0.045,746843
TAP,20160628,0.091,0.093,0.091,0.093,217893
TAS,20160628,0.145,0.165,0.14,0.165,3166296
TAW,20160628,0.025,0.026,0.025,0.026,99875
TBR,20160628,7.3,7.4,7.3,7.3,1400
TCH,20160628,1.74,1.75,1.66,1.69,181447
TCL,20160628,12,12.05,11.84,11.92,5432082
TCN,20160628,0.057,0.057,0.057,0.057,10000
TDL,20160628,0.2,0.2,0.2,0.2,1000
TDO,20160628,0.02,0.02,0.02,0.02,110000
TEG,20160628,0.003,0.003,0.002,0.002,2627188
TEN,20160628,0.93,0.93,0.905,0.905,874304
TER,20160628,0.007,0.009,0.006,0.006,2141923
TEX,20160628,0.002,0.002,0.001,0.001,357200
TFC,20160628,1.31,1.32,1.28,1.31,1259348
TFG,20160628,0.275,0.275,0.265,0.265,91759
TFL,20160628,0.32,0.33,0.31,0.32,362280
TGA,20160628,1.43,1.44,1.41,1.44,731651
TGG,20160628,1.15,1.15,1.125,1.125,122950
TGH,20160628,1.6,1.6,1.59,1.595,22076
TGN,20160628,0.04,0.04,0.04,0.04,12999
TGP,20160628,0.945,0.95,0.935,0.945,222470
TGR,20160628,3.99,3.99,3.91,3.95,607546
TGS,20160628,0.038,0.038,0.036,0.036,1491788
TGZ,20160628,1.16,1.16,1.12,1.12,35881
THD,20160628,0.038,0.04,0.036,0.04,1435535
THX,20160628,0.052,0.053,0.051,0.053,146885
TIG,20160628,0.027,0.027,0.026,0.026,97772
TIX,20160628,2.74,2.78,2.72,2.75,311174
TKF,20160628,0.068,0.068,0.068,0.068,150000
TKL,20160628,0.023,0.023,0.022,0.022,149851
TLG,20160628,0.28,0.3,0.27,0.285,1064921
TLM,20160628,0.375,0.375,0.37,0.37,285502
TLS,20160628,5.48,5.56,5.41,5.41,74584425
TME,20160628,4.25,4.3,4.21,4.29,377786
TML,20160628,0.051,0.051,0.05,0.05,58000
TMM,20160628,1.1,1.1,1.1,1.1,1050
TMP,20160628,0.36,0.36,0.335,0.35,204102
TMZ,20160628,0.039,0.039,0.035,0.035,150000
TND,20160628,0.019,0.021,0.019,0.02,478334
TNE,20160628,4.92,5.01,4.91,5.01,727500
TNG,20160628,0.125,0.125,0.12,0.125,776062
TNK,20160628,1.8,1.8,1.76,1.8,218392
TNP,20160628,0.012,0.012,0.012,0.012,15250
TNT,20160628,0.155,0.155,0.145,0.145,220000
TOE,20160628,0.045,0.045,0.045,0.045,314307
TOF,20160628,2.25,2.3,2.24,2.3,45624
TOM,20160628,0.05,0.05,0.05,0.05,240594
TOT,20160628,1.15,1.15,1.15,1.15,26549
TOU,20160628,0.07,0.07,0.07,0.07,15000
TOX,20160628,2.59,2.6,2.55,2.57,137773
TPE,20160628,2.91,2.91,2.9,2.9,1246
TPM,20160628,11.7,11.7,11.41,11.53,1855313
TPP,20160628,0.18,0.19,0.18,0.19,18604
TPR,20160628,0.059,0.059,0.059,0.059,94747
TPS,20160628,0.018,0.018,0.018,0.018,95700
TPW,20160628,0.135,0.135,0.135,0.135,50000
TRL,20160628,0.11,0.12,0.098,0.099,2029822
TRM,20160628,0.035,0.035,0.035,0.035,14319
TRS,20160628,12.1,12.27,12.06,12.2,68376
TRY,20160628,0.59,0.6,0.545,0.555,1289769
TSM,20160628,0.36,0.375,0.345,0.355,368149
TSN,20160628,0.022,0.024,0.022,0.022,3010539
TSV,20160628,0.017,0.017,0.016,0.016,355872
TTE,20160628,0.005,0.006,0.005,0.006,2247401
TTI,20160628,0.02,0.02,0.02,0.02,100000
TTL,20160628,0.029,0.031,0.029,0.031,633334
TTS,20160628,3.75,3.8,3.72,3.75,7582620
TTW,20160628,0.022,0.022,0.022,0.022,615080
TV2,20160628,0.029,0.029,0.026,0.026,11803743
TWD,20160628,3,3.02,3,3.02,469
TWE,20160628,9.15,9.26,9.13,9.13,3905552
TWH,20160628,0.011,0.011,0.011,0.011,1158891
TWR,20160628,1.24,1.24,1.225,1.225,15020
TYK,20160628,0.009,0.009,0.008,0.008,6540430
TYX,20160628,0.031,0.032,0.028,0.028,981913
TZL,20160628,0.105,0.105,0.105,0.105,117100
TZN,20160628,0.115,0.115,0.115,0.115,27162
UBE,20160628,17.24,17.24,17.24,17.24,349
UBI,20160628,0.305,0.305,0.3,0.3,361324
UBJ,20160628,18.77,18.77,18.77,18.77,264
UBN,20160628,0.4,0.42,0.4,0.42,15668
UBU,20160628,20.38,20.38,20.35,20.35,991
UBW,20160628,19.44,19.44,19.44,19.44,250
UGL,20160628,2.08,2.08,1.965,1.98,742422
UMAX,20160628,16.6,16.63,16.54,16.6,27470
UNS,20160628,0.063,0.063,0.059,0.063,4038858
UNV,20160628,0.195,0.195,0.195,0.195,10000
UPD,20160628,0.24,0.26,0.24,0.245,683075
UPG,20160628,1.15,1.18,1.15,1.18,43700
URF,20160628,2.2,2.21,2.2,2.2,100001
URI,20160628,1.92,1.92,1.92,1.92,500
USA,20160628,0.014,0.015,0.013,0.013,121967
USD,20160628,13.27,13.3,13.17,13.17,392040
USR,20160628,0.57,0.57,0.55,0.55,31000
VAE,20160628,48.89,48.89,48.89,48.89,210
VAF,20160628,51,51.3,50.95,51.05,25162
VAH,20160628,0.225,0.225,0.21,0.21,5065582
VAN,20160628,0.046,0.047,0.046,0.046,60975
VAP,20160628,83.8,84.46,83.1,84.46,21672
VAR,20160628,0.018,0.018,0.018,0.018,6386552
VAS,20160628,64.66,65.24,64.37,65.14,77834
VCF,20160628,53.23,53.25,53.22,53.25,2841
VCX,20160628,3.27,3.33,3.26,3.32,12218472
VEC,20160628,0.003,0.003,0.003,0.003,1109260
VEQ,20160628,43.35,43.49,43,43.49,2441
VEU,20160628,55,55.65,54.4,55.12,59760
VGAD,20160628,49.97,50.33,49.76,50.17,15724
VGB,20160628,51.09,51.1,50.9,51.05,14674
VGE,20160628,50.51,51.1,50.51,51.1,7656
VGS,20160628,54.31,54.43,54.15,54.18,29599
VHT,20160628,0.39,0.39,0.385,0.39,215135
VHY,20160628,54.92,55.06,54.3,54.95,25160
VIF,20160628,53.55,54.06,53.55,54.06,4202
VIP,20160628,0.175,0.175,0.16,0.16,27250
VIT,20160628,1.49,1.53,1.47,1.495,381277
VLA,20160628,0.9,0.937,0.88,0.915,435310
VLC,20160628,53.53,54.24,53.53,54.24,2075
VLW,20160628,2.12,2.12,2.09,2.1,85542
VMC,20160628,0.15,0.15,0.14,0.14,55500
VMG,20160628,0.003,0.003,0.002,0.002,737900
VML,20160628,0.012,0.013,0.012,0.013,310073
VMS,20160628,0.034,0.034,0.031,0.031,169480
VMT,20160628,0.15,0.15,0.145,0.15,400342
VMX,20160628,0.105,0.105,0.105,0.105,188
VMY,20160628,0.35,0.35,0.35,0.35,3000
VOC,20160628,8.6,8.75,8.52,8.52,2046666
VPC,20160628,0.029,0.029,0.028,0.028,1367857
VRC,20160628,0.105,0.11,0.099,0.1,5786048
VRL,20160628,5.02,5.13,5,5.1,235382
VRT,20160628,6.8,6.81,6.62,6.67,301676
VSC,20160628,1.34,1.35,1.28,1.35,13278
VSO,20160628,46.03,46.03,45.45,45.68,14870
VTG,20160628,4.14,4.14,4.01,4.03,242686
VTS,20160628,138.9,138.98,138.46,138.77,19374
VXR,20160628,0.006,0.006,0.006,0.006,1609997
WAF,20160628,0.215,0.22,0.21,0.22,431611
WAL,20160628,0.007,0.007,0.005,0.005,100000
WAM,20160628,2.19,2.2,2.18,2.18,316269
WAT,20160628,1.23,1.26,1.23,1.26,10300
WAX,20160628,1.335,1.345,1.33,1.34,162178
WBA,20160628,1.13,1.145,1.13,1.135,122186
WBC,20160628,28.01,28.62,27.92,28.52,6906728
WCB,20160628,7.98,7.98,7.79,7.79,333
WCN,20160628,0.006,0.007,0.006,0.006,1500000
WCP,20160628,0.025,0.025,0.02,0.02,372070
WDE,20160628,0.725,0.725,0.72,0.72,128000
WDIV,20160628,17.05,17.14,17,17.13,65275
WEB,20160628,6.88,6.96,6.83,6.84,174197
WEC,20160628,0.062,0.062,0.056,0.056,67000
WEMG,20160628,15.98,15.98,15.98,15.98,12509
WES,20160628,38.69,39.465,38.65,39.36,2741287
WFD,20160628,10.05,10.27,10.02,10.23,8286464
WFE,20160628,0.001,0.001,0.001,0.001,153
WGL,20160628,0.028,0.028,0.027,0.028,543662
WHC,20160628,1.015,1.09,0.985,1.07,3492164
WHF,20160628,4.11,4.14,4.11,4.11,12523
WIC,20160628,0.822,0.822,0.81,0.81,87078
WIG,20160628,1.475,1.48,1.47,1.47,58766
WIN,20160628,0.105,0.105,0.1,0.1,10592
WKT,20160628,0.006,0.006,0.005,0.005,4793360
WLC,20160628,0.003,0.003,0.003,0.003,10510
WLD,20160628,0.405,0.405,0.385,0.385,1995465
WLE,20160628,1.09,1.1,1.085,1.085,997000
WMK,20160628,1.01,1.01,0.99,1,577211
WMN,20160628,0.018,0.02,0.015,0.015,1169583
WNR,20160628,0.25,0.25,0.25,0.25,50434
WOF,20160628,0.011,0.013,0.011,0.011,179000
WOR,20160628,6.66,6.84,6.53,6.82,2044262
WOW,20160628,20.38,20.71,20.35,20.63,3293886
WPG,20160628,0.072,0.072,0.067,0.067,190620
WPL,20160628,25.26,25.78,25.11,25.78,2580757
WPP,20160628,1.04,1.065,1.025,1.05,510938
WRG,20160628,0.002,0.002,0.002,0.002,8000
WRLD,20160628,9.7,9.7,9.7,9.7,383
WRM,20160628,0.016,0.02,0.016,0.017,1223333
WRR,20160628,0.23,0.23,0.23,0.23,7604
WSA,20160628,2.01,2.04,1.96,2.02,2174940
WSG,20160628,0.008,0.008,0.008,0.008,406100
WTC,20160628,4.4,4.4,4.23,4.32,107744
WTP,20160628,0.78,0.805,0.765,0.805,205613
WVL,20160628,0.006,0.006,0.006,0.006,999657
WWI,20160628,0.018,0.018,0.018,0.018,300000
WXHG,20160628,17.26,17.38,17.26,17.38,9827
WXOZ,20160628,23.05,23.13,23.03,23.13,2446
XAM,20160628,0.2,0.205,0.195,0.195,165418
XF1,20160628,0.6,0.6,0.58,0.58,2556
XIP,20160628,3.95,3.97,3.92,3.93,23467
XPD,20160628,0.145,0.145,0.14,0.14,527470
XRF,20160628,0.165,0.17,0.165,0.17,64034
XRO,20160628,16.92,16.92,16.27,16.36,46816
XST,20160628,0.013,0.013,0.013,0.013,312314
XTD,20160628,0.185,0.19,0.18,0.19,42190
XTE,20160628,0.365,0.365,0.365,0.365,6922
YAL,20160628,0.083,0.083,0.083,0.083,4714
YBR,20160628,0.195,0.195,0.18,0.185,75258
YMAX,20160628,8.7,8.77,8.62,8.75,103059
YNB,20160628,0.043,0.045,0.043,0.044,136726
YOJ,20160628,0.053,0.053,0.05,0.052,635100
YOW,20160628,0.915,0.925,0.9,0.92,354085
YPB,20160628,0.21,0.21,0.205,0.21,47761
ZEL,20160628,7.76,7.76,7.6,7.65,2605
ZGM,20160628,0.004,0.004,0.003,0.003,414420
ZGOL,20160628,17.86,17.86,17.83,17.83,20100
ZIP,20160628,0.13,0.15,0.13,0.145,329028
ZML,20160628,0.59,0.59,0.59,0.59,4583
ZNC,20160628,0.115,0.115,0.115,0.115,76928
ZOZI,20160628,9.34,9.39,9.34,9.39,257900
ZUSD,20160628,10.35,10.35,10.33,10.33,780
ZYB,20160628,0.016,0.018,0.016,0.017,942859
ZYUS,20160628,12.1,12.12,12.1,12.1,2275
XAF,20160628,5042,5042,4963.3,5019.3,0
XAO,20160628,5216.2,5216.2,5131.9,5179.6,0
XAT,20160628,5082.6,5082.6,4998.5,5049.3,0
XDJ,20160628,2029.2,2029.2,1992.2,2002.4,0
XEC,20160628,1255.9,1257.3,1245.2,1246.4,0
XEJ,20160628,8019.4,8019.4,7697.6,7906.5,0
XFJ,20160628,5662.7,5671.4,5559,5656.4,0
XFL,20160628,5090.2,5090.2,5010,5067.1,0
XGD,20160628,5011.3,5120.2,4846.4,4851,0
XHJ,20160628,20672.1,20672.1,20384.3,20494.6,0
XIJ,20160628,752.7,752.7,732,741.6,0
XJO,20160628,5137.2,5137.2,5051.1,5103.3,0
XJR,20160628,2717.1,2717.1,2649.1,2677.4,0
XKO,20160628,5101.1,5101.1,5017.1,5067.2,0
XMD,20160628,5405,5405,5286.7,5331.3,0
XMJ,20160628,7933.9,7933.9,7770.8,7816.8,0
XMM,20160628,2319.5,2319.5,2275.4,2285.9,0
XNJ,20160628,5171.2,5171.2,5079.4,5099.8,0
XPJ,20160628,1464.1,1464.1,1441.6,1456.5,0
XSJ,20160628,8053,8053,7933.9,8025.2,0
XSO,20160628,2264.2,2264.2,2228,2231,0
XTJ,20160628,2018.2,2045.7,1994.5,1994.5,0
XTL,20160628,2901.9,2911.1,2859.8,2899.8,0
XTO,20160628,4241.4,4241.4,4171.2,4217,0
XUJ,20160628,7462.2,7488.1,7430.4,7466.2,0
XXJ,20160628,6189.4,6208.4,6071.5,6188.5,0
