1AD,20161011,0.225,0.225,0.215,0.215,84545
1AG,20161011,0.043,0.043,0.043,0.043,4500
1AL,20161011,0.97,0.99,0.97,0.99,22000
1PG,20161011,0.22,0.23,0.22,0.225,410899
3DP,20161011,0.028,0.028,0.028,0.028,297425
3PL,20161011,1.055,1.1,1.055,1.09,2029936
4DS,20161011,0.035,0.04,0.035,0.038,5705525
88E,20161011,0.048,0.048,0.046,0.046,3716966
8CO,20161011,0.15,0.15,0.15,0.15,500
8EC,20161011,1.05,1.05,1.03,1.03,9139
8IH,20161011,0.75,0.75,0.75,0.75,1000
9SP,20161011,0.15,0.15,0.15,0.15,332333
A2M,20161011,1.8,1.81,1.785,1.8,1629836
A3D,20161011,1.085,1.12,1.05,1.1,40623
AAA,20161011,50.1,50.1,50.09,50.1,30961
AAC,20161011,1.875,1.885,1.855,1.875,961546
AAD,20161011,2.8,2.82,2.75,2.79,628353
AAJ,20161011,0.01,0.01,0.01,0.01,946010
AAR,20161011,0.02,0.02,0.019,0.019,162973
AB1,20161011,0.155,0.16,0.15,0.15,676848
ABA,20161011,5.06,5.09,5.01,5.09,13998
ABC,20161011,5.45,5.485,5.38,5.39,1731551
ABP,20161011,2.85,2.86,2.79,2.8,1674717
ABT,20161011,0.8,0.8,0.78,0.79,70950
ABU,20161011,0.071,0.072,0.07,0.072,291669
ABV,20161011,0.008,0.009,0.008,0.009,2950000
ABX,20161011,0.21,0.21,0.205,0.21,306452
ACB,20161011,0.06,0.06,0.059,0.06,408308
ACG,20161011,0.095,0.095,0.095,0.095,500000
ACL,20161011,0.011,0.011,0.01,0.01,291366
ACQ,20161011,1.045,1.07,1.045,1.05,51000
ACR,20161011,0.34,0.35,0.34,0.34,364708
ACU,20161011,0.02,0.02,0.02,0.02,518163
ACW,20161011,0.046,0.047,0.046,0.047,159098
ACX,20161011,6.6,6.6,6.45,6.49,1707448
ADA,20161011,3.12,3.14,3.09,3.1,296211
ADH,20161011,2.68,2.69,2.61,2.69,449645
ADJ,20161011,0.12,0.125,0.12,0.125,4746972
ADO,20161011,0.052,0.052,0.052,0.052,95595
ADR,20161011,0.34,0.34,0.34,0.34,10000
ADV,20161011,0.027,0.027,0.026,0.027,2210392
ADX,20161011,0.005,0.005,0.005,0.005,130000
ADY,20161011,0.01,0.01,0.01,0.01,59700
AEB,20161011,0.054,0.054,0.052,0.052,153000
AEE,20161011,0.035,0.035,0.034,0.035,297890
AEF,20161011,90,90,89.97,89.97,511
AEG,20161011,1.1,1.1,1.085,1.085,132859
AEI,20161011,0.385,0.385,0.35,0.35,150000
AEV,20161011,0.205,0.21,0.205,0.205,182028
AFG,20161011,1.24,1.24,1.22,1.22,41714
AFI,20161011,5.75,5.83,5.75,5.83,742429
AFR,20161011,0.039,0.039,0.039,0.039,37000
AFY,20161011,2.52,2.52,2.42,2.43,56513
AGD,20161011,0.19,0.19,0.19,0.19,7465
AGE,20161011,0.013,0.013,0.013,0.013,239000
AGF,20161011,0.44,0.445,0.435,0.44,73170
AGG,20161011,3.61,3.61,3.57,3.57,7973
AGI,20161011,2.23,2.24,2.18,2.2,519640
AGL,20161011,18.94,18.94,18.77,18.9,1731274
AGO,20161011,0.01,0.01,0.01,0.01,900313
AGR,20161011,0.12,0.135,0.115,0.125,1833012
AGS,20161011,0.044,0.044,0.043,0.044,537456
AGX,20161011,0.045,0.045,0.043,0.043,150000
AGY,20161011,0.026,0.026,0.025,0.025,1797839
AHF,20161011,0.175,0.18,0.175,0.175,624588
AHG,20161011,4.21,4.22,4.13,4.14,1068333
AHK,20161011,0.18,0.195,0.175,0.175,30000
AHL,20161011,0.087,0.087,0.087,0.087,13
AHQ,20161011,0.017,0.017,0.014,0.015,2360243
AHX,20161011,1.615,1.665,1.615,1.665,59423
AHY,20161011,1.625,1.64,1.55,1.565,1888953
AHZ,20161011,0.33,0.33,0.32,0.33,710371
AIA,20161011,6.39,6.46,6.32,6.38,182796
AIK,20161011,0.155,0.155,0.15,0.15,1176550
AIQ,20161011,0.095,0.095,0.095,0.095,3000
AIS,20161011,0.05,0.051,0.049,0.049,345924
AIV,20161011,0.012,0.012,0.012,0.012,29000
AIZ,20161011,1.705,1.71,1.67,1.67,237876
AJA,20161011,6.93,6.94,6.63,6.86,132434
AJC,20161011,0.005,0.006,0.005,0.006,71125
AJD,20161011,1.56,1.58,1.555,1.56,123686
AJJ,20161011,0.11,0.11,0.11,0.11,30000
AJL,20161011,0.4,0.4,0.36,0.36,125985
AJM,20161011,0.13,0.13,0.125,0.13,1941743
AJQ,20161011,0.073,0.076,0.073,0.073,294665
AJX,20161011,0.545,0.545,0.525,0.525,732820
AKG,20161011,0.17,0.17,0.17,0.17,23000
AKK,20161011,0.006,0.006,0.005,0.005,4897666
AKM,20161011,0.038,0.038,0.034,0.035,6495549
AKP,20161011,23.43,23.43,22.5,22.5,16640
ALC,20161011,0.069,0.075,0.068,0.07,10656896
ALF,20161011,1.45,1.46,1.44,1.44,100870
ALI,20161011,1.72,1.72,1.71,1.71,65500
ALK,20161011,0.41,0.415,0.4,0.4,1064642
ALL,20161011,16.23,16.34,16.13,16.17,1115268
ALQ,20161011,6.05,6.095,5.94,6,2799895
ALU,20161011,8.88,8.89,8.69,8.7,553999
ALY,20161011,0.024,0.027,0.024,0.026,203343
AMA,20161011,1.09,1.115,1.09,1.1,1666999
AMC,20161011,15.53,15.6,15.44,15.47,1848331
AME,20161011,0.13,0.14,0.13,0.14,221210
AMH,20161011,0.97,0.975,0.96,0.975,145715
AMI,20161011,0.145,0.15,0.145,0.145,341428
AML,20161011,0.145,0.16,0.145,0.145,380152
AMN,20161011,0.65,0.66,0.65,0.66,70333
AMP,20161011,5.41,5.45,5.41,5.41,3340530
ANG,20161011,0.155,0.185,0.155,0.18,8994731
ANN,20161011,23.6,23.74,23.3,23.48,435397
ANO,20161011,0.019,0.021,0.019,0.021,159297
ANP,20161011,0.04,0.048,0.039,0.048,655447
ANQ,20161011,0.007,0.009,0.007,0.007,35926353
ANR,20161011,1.18,1.19,1.18,1.19,5000
ANW,20161011,0.012,0.012,0.012,0.012,1195000
ANZ,20161011,28.3,28.38,28.085,28.2,5740707
AOA,20161011,0.009,0.009,0.009,0.009,58000
AOF,20161011,2.13,2.13,2.12,2.13,68815
AOG,20161011,3.4,3.4,3.37,3.37,1160889
AOH,20161011,0.125,0.125,0.12,0.12,256329
AOK,20161011,0.052,0.054,0.052,0.054,137500
AOP,20161011,0.125,0.125,0.125,0.125,118620
AOU,20161011,0.105,0.105,0.1,0.1,381620
AOW,20161011,0.097,0.1,0.095,0.1,244600
APA,20161011,8.15,8.18,8.04,8.04,2113060
APD,20161011,0.44,0.445,0.435,0.44,157605
APE,20161011,10,10.14,9.89,9.99,87252
API,20161011,2.05,2.05,1.99,2.01,854903
APN,20161011,3.52,3.53,3.495,3.51,362259
APO,20161011,5.15,5.2,5,5.01,3521943
APW,20161011,1.315,1.315,1.315,1.315,14166
APX,20161011,3.1,3.1,2.92,3.08,526058
APY,20161011,0.009,0.009,0.009,0.009,3111820
APZ,20161011,1.13,1.135,1.12,1.12,28368
AQD,20161011,0.011,0.011,0.011,0.011,8952
AQG,20161011,2.94,2.99,2.92,2.98,210165
AQI,20161011,0.27,0.28,0.27,0.28,181306
AQQ,20161011,0.029,0.029,0.022,0.026,4808931
AQZ,20161011,0.86,0.86,0.845,0.845,2663
AR1,20161011,0.014,0.014,0.014,0.014,172628
ARA,20161011,0.375,0.375,0.375,0.375,1956
ARB,20161011,18.08,18.14,17.95,17.96,104205
ARD,20161011,0.026,0.026,0.024,0.024,555934
ARE,20161011,0.01,0.01,0.009,0.009,4366914
ARF,20161011,2.01,2.03,2.01,2.03,69877
ARG,20161011,7.27,7.31,7.25,7.27,150127
ARM,20161011,0.066,0.066,0.066,0.066,296966
ARO,20161011,0.003,0.003,0.003,0.003,170000
ARV,20161011,0.001,0.001,0.001,0.001,1000000
ASB,20161011,1.48,1.575,1.475,1.56,958395
ASL,20161011,1.57,1.57,1.54,1.56,564293
ASN,20161011,0.032,0.032,0.031,0.031,130000
AST,20161011,1.56,1.575,1.55,1.56,4321301
ASX,20161011,47.92,48.15,47.425,47.55,544215
ASY,20161011,0.013,0.013,0.013,0.013,208697
ASZ,20161011,1.6,1.6,1.595,1.595,773731
ATC,20161011,0.11,0.11,0.11,0.11,876886
ATP,20161011,0.048,0.05,0.047,0.049,459691
ATS,20161011,0.24,0.24,0.24,0.24,44862
ATU,20161011,0.73,0.73,0.73,0.73,3000
AUB,20161011,11.14,11.14,10.8,10.8,244985
AUC,20161011,0.042,0.042,0.042,0.042,11928
AUI,20161011,7.35,7.38,7.35,7.38,32273
AUQ,20161011,0.019,0.019,0.018,0.018,2210402
AUST,20161011,15.33,15.33,15.31,15.31,3945
AUZ,20161011,0.016,0.016,0.013,0.013,48110898
AVB,20161011,0.058,0.058,0.055,0.057,1068567
AVG,20161011,0.57,0.57,0.56,0.56,35249
AVH,20161011,0.11,0.12,0.11,0.12,223021
AVI,20161011,0.023,0.023,0.022,0.022,1363299
AVJ,20161011,0.62,0.62,0.61,0.615,205821
AVL,20161011,0.017,0.017,0.016,0.016,3402332
AVN,20161011,2.31,2.36,2.29,2.36,918533
AVQ,20161011,0.215,0.215,0.205,0.215,574961
AVX,20161011,0.03,0.03,0.03,0.03,50000
AVZ,20161011,0.012,0.013,0.012,0.013,2507876
AWC,20161011,1.48,1.54,1.47,1.535,10857851
AWE,20161011,0.675,0.675,0.66,0.665,1639556
AWQ,20161011,0.96,0.98,0.96,0.96,66638
AWV,20161011,0.155,0.155,0.15,0.15,153415
AXE,20161011,0.063,0.064,0.063,0.063,246133
AXP,20161011,1.44,1.44,1.39,1.39,96009
AYR,20161011,0.008,0.008,0.008,0.008,4251805
AYS,20161011,2.12,2.14,2.1,2.12,247166
AZJ,20161011,4.77,4.8,4.75,4.76,2675155
AZM,20161011,0.039,0.041,0.039,0.04,350244
AZS,20161011,0.033,0.035,0.033,0.034,551250
AZV,20161011,0.1,0.1,0.1,0.1,5329
AZY,20161011,0.034,0.034,0.033,0.033,1820917
BAF,20161011,1.2,1.2,1.18,1.18,152606
BAL,20161011,11.98,12.22,11.98,12.13,474923
BAP,20161011,5.87,6.025,5.87,5.94,1590981
BAR,20161011,0.043,0.044,0.043,0.044,1471347
BAS,20161011,0.001,0.001,0.001,0.001,250000
BAU,20161011,0.059,0.059,0.059,0.059,15000
BBG,20161011,1.34,1.38,1.31,1.35,90458
BBN,20161011,2.93,2.99,2.9,2.91,166546
BBOZ,20161011,20.91,21.08,20.89,21.05,32478
BBUS,20161011,9.7,9.77,9.69,9.77,121392
BBX,20161011,0.047,0.047,0.047,0.047,50000
BCN,20161011,0.004,0.004,0.003,0.003,3900000
BD1,20161011,0.039,0.039,0.037,0.037,643446
BDR,20161011,0.405,0.43,0.39,0.42,12311153
BEAR,20161011,15.97,16.03,15.97,16.03,34225
BEL,20161011,0.135,0.135,0.135,0.135,14666
BEN,20161011,11.09,11.265,11.06,11.19,1177873
BFC,20161011,0.36,0.37,0.36,0.36,215384
BFG,20161011,0.74,0.75,0.74,0.75,156966
BGA,20161011,6.57,6.675,6.47,6.63,369989
BGG,20161011,0.027,0.027,0.023,0.023,80000
BGL,20161011,1.045,1.05,1.04,1.045,851622
BGS,20161011,0.405,0.42,0.39,0.39,2167926
BHP,20161011,23.73,23.87,23.6,23.8,7712961
BID,20161011,0.075,0.075,0.074,0.074,106005
BIQ,20161011,0.125,0.125,0.125,0.125,180000
BIS,20161011,0.445,0.445,0.435,0.435,49750
BIT,20161011,0.052,0.052,0.052,0.052,83100
BKI,20161011,1.58,1.58,1.57,1.57,108579
BKL,20161011,113.5,114,111.9,111.98,79926
BKN,20161011,3.22,3.31,3.22,3.3,1149745
BKP,20161011,0.001,0.001,0.001,0.001,2000
BKT,20161011,0.165,0.165,0.16,0.16,1064024
BKW,20161011,13.91,13.975,13.85,13.92,446765
BKY,20161011,0.84,0.85,0.835,0.84,947040
BLA,20161011,7.38,7.45,7.29,7.31,115310
BLD,20161011,6.81,6.84,6.78,6.78,1224839
BLG,20161011,0.35,0.355,0.35,0.35,43973
BLK,20161011,0.79,0.8,0.765,0.775,601348
BLT,20161011,0.093,0.094,0.091,0.091,116319
BLX,20161011,1.7,1.8,1.7,1.8,319398
BLY,20161011,0.145,0.155,0.142,0.15,1417994
BLZ,20161011,0.055,0.055,0.053,0.053,628816
BMN,20161011,0.029,0.03,0.029,0.03,648260
BMP,20161011,0.42,0.42,0.405,0.42,18592
BMT,20161011,0.255,0.27,0.255,0.27,115000
BNO,20161011,0.46,0.475,0.44,0.445,1051192
BNR,20161011,0.03,0.03,0.03,0.03,17893
BOC,20161011,0.16,0.16,0.16,0.16,1667
BOE,20161011,0.064,0.066,0.064,0.066,1230163
BOL,20161011,0.13,0.13,0.125,0.13,133716
BOND,20161011,26.28,26.28,26.26,26.28,7295
BOQ,20161011,11.04,11.17,10.98,11.1,1940612
BOT,20161011,0.041,0.043,0.041,0.043,1285000
BPF,20161011,0.265,0.265,0.255,0.255,520987
BPL,20161011,0.091,0.097,0.089,0.091,724152
BPS,20161011,0.92,0.925,0.915,0.925,137249
BPT,20161011,0.735,0.755,0.735,0.745,17687836
BRB,20161011,0.58,0.58,0.525,0.53,1016007
BRC,20161011,0.115,0.115,0.115,0.115,25000
BRG,20161011,9.23,9.31,9.17,9.19,122973
BRK,20161011,0.011,0.011,0.011,0.011,2046213
BRL,20161011,0.046,0.046,0.039,0.04,1256693
BRN,20161011,0.285,0.305,0.28,0.3,15736804
BRU,20161011,0.225,0.24,0.21,0.21,694367
BSA,20161011,0.315,0.315,0.312,0.315,49726
BSE,20161011,0.16,0.17,0.145,0.145,2189725
BSL,20161011,7.42,7.445,7.285,7.4,4122758
BSM,20161011,0.016,0.016,0.014,0.014,3407681
BSR,20161011,0.019,0.019,0.017,0.017,1374185
BST,20161011,0.96,0.96,0.955,0.955,15000
BTI,20161011,1.065,1.065,1.055,1.065,87217
BTT,20161011,9.72,9.97,9.69,9.88,1414766
BUD,20161011,0.087,0.094,0.087,0.094,1415235
BUG,20161011,0.44,0.44,0.43,0.43,70520
BUL,20161011,0.026,0.026,0.026,0.026,60509
BUX,20161011,0.087,0.087,0.079,0.081,192312
BWP,20161011,3.1,3.11,3.07,3.08,787610
BWR,20161011,1.26,1.26,1.26,1.26,4950
BWX,20161011,5,5.13,4.95,5.05,215402
BXB,20161011,12.38,12.38,12.11,12.16,2780116
BYI,20161011,1.2,1.2,1.2,1.2,3000
BYR,20161011,0.068,0.068,0.065,0.065,949169
CA8,20161011,0.21,0.25,0.195,0.25,42030
CAA,20161011,0.175,0.18,0.175,0.18,475976
CAB,20161011,3.57,3.65,3.51,3.6,58471
CAD,20161011,0.004,0.004,0.003,0.004,4178555
CAJ,20161011,0.135,0.14,0.135,0.135,265601
CAM,20161011,0.8,0.8,0.8,0.8,15000
CAR,20161011,12.39,12.39,12.21,12.26,466661
CAS,20161011,0.125,0.125,0.12,0.12,1338683
CAT,20161011,3.55,3.55,3.45,3.5,45173
CAV,20161011,0.013,0.013,0.012,0.012,1386580
CAY,20161011,0.096,0.105,0.095,0.105,181119
CBA,20161011,74.87,75.13,74.53,74.61,2358190
CBL,20161011,3.51,3.53,3.48,3.49,45060
CBQ,20161011,0.006,0.006,0.006,0.006,1775839
CCA,20161011,0.51,0.51,0.5,0.5,65000
CCJ,20161011,0.013,0.013,0.013,0.013,25000
CCL,20161011,9.82,9.91,9.75,9.89,2980043
CCP,20161011,18.95,19.17,18.85,18.91,149350
CCV,20161011,0.375,0.375,0.367,0.375,1317695
CCZ,20161011,0.015,0.015,0.015,0.015,50000
CDA,20161011,1.58,1.61,1.575,1.58,105918
CDC,20161011,0.165,0.17,0.16,0.17,153392
CDD,20161011,0.91,1.04,0.91,1.04,601770
CDM,20161011,1.29,1.29,1.28,1.29,206656
CDP,20161011,8.07,8.07,7.94,7.94,130
CDV,20161011,0.66,0.67,0.655,0.66,347083
CDY,20161011,0.034,0.034,0.033,0.033,1176970
CETF,20161011,51.32,51.32,51.32,51.32,0
CFE,20161011,0.016,0.017,0.016,0.017,190237
CGA,20161011,1.79,1.82,1.79,1.82,135600
CGC,20161011,3.04,3.055,3.02,3.03,455717
CGF,20161011,10.66,10.67,10.44,10.47,2822468
CGL,20161011,5.3,5.34,5.18,5.18,33465
CGM,20161011,0.013,0.013,0.012,0.012,1972042
CGN,20161011,0.051,0.051,0.05,0.05,259513
CGO,20161011,0.24,0.25,0.24,0.25,24754
CGR,20161011,0.255,0.255,0.255,0.255,6789
CGS,20161011,0.87,0.9,0.87,0.9,4810
CHC,20161011,5,5.015,4.905,4.93,2332860
CHK,20161011,0.016,0.018,0.016,0.016,955824
CHN,20161011,0.15,0.15,0.15,0.15,585498
CHP,20161011,0.003,0.003,0.002,0.002,599807
CIE,20161011,0.965,0.97,0.96,0.97,82078
CII,20161011,2.29,2.29,2.05,2.22,77680
CIM,20161011,27.27,28,27.2,27.86,441944
CIN,20161011,31.85,31.85,31.85,31.85,300
CIW,20161011,0.615,0.62,0.615,0.62,80369
CJC,20161011,0.007,0.007,0.007,0.007,861456
CKA,20161011,0.04,0.04,0.04,0.04,171000
CKF,20161011,4.54,4.56,4.52,4.52,150822
CL1,20161011,3.34,3.38,3.22,3.3,809661
CL8,20161011,0.018,0.018,0.018,0.018,164570
CLH,20161011,1.27,1.305,1.265,1.305,822097
CLQ,20161011,0.44,0.485,0.42,0.485,2119954
CLV,20161011,0.6,0.6,0.57,0.58,20000
CLX,20161011,0.85,0.85,0.84,0.84,9700
CLY,20161011,0.003,0.004,0.003,0.004,42161383
CM8,20161011,0.16,0.16,0.15,0.15,181689
CMA,20161011,2.19,2.19,2.16,2.17,127979
CMM,20161011,0.115,0.115,0.105,0.105,484357
CMP,20161011,0.64,0.65,0.64,0.65,100013
CMW,20161011,0.92,0.927,0.92,0.925,3264657
CMY,20161011,0.003,0.003,0.002,0.002,4016136
CNI,20161011,1.1,1.11,1.08,1.11,7791
CNJ,20161011,0.035,0.037,0.033,0.033,2595827
CNU,20161011,3.47,3.5,3.46,3.49,198105
CNW,20161011,0.031,0.032,0.03,0.03,802353
CNX,20161011,0.014,0.014,0.014,0.014,1758672
COE,20161011,0.34,0.365,0.34,0.355,160886
COH,20161011,139.14,139.445,137.97,138.07,172858
COI,20161011,0.06,0.06,0.06,0.06,50000
COM,20161011,0.016,0.016,0.016,0.016,300000
COO,20161011,0.08,0.08,0.08,0.08,110000
CPU,20161011,10.81,10.865,10.75,10.76,752712
CQR,20161011,4.19,4.2,4.16,4.19,3860311
CRB,20161011,0.18,0.18,0.175,0.18,319688
CSE,20161011,0.29,0.29,0.29,0.29,95058
CSL,20161011,106.26,106.65,105.25,105.48,717766
CSR,20161011,3.71,3.78,3.71,3.75,1995366
CSS,20161011,0.044,0.045,0.044,0.044,1509785
CSV,20161011,1.355,1.37,1.345,1.36,229877
CTD,20161011,17.58,17.75,17.445,17.48,209017
CTE,20161011,0.2,0.2,0.2,0.2,47628
CTM,20161011,0.01,0.01,0.009,0.009,2426206
CTN,20161011,1.14,1.145,1.125,1.125,218818
CTO,20161011,0.012,0.012,0.012,0.012,143000
CTP,20161011,0.11,0.11,0.11,0.11,334110
CTX,20161011,34.6,35.16,34.42,34.81,776971
CUE,20161011,0.072,0.076,0.072,0.073,77595
CUL,20161011,0.003,0.003,0.003,0.003,463000
CUP,20161011,0.82,0.82,0.81,0.81,127550
CUV,20161011,6.62,6.7,6.58,6.7,13042
CV1,20161011,0.13,0.13,0.13,0.13,121274
CVN,20161011,0.1,0.105,0.1,0.1,1498653
CVO,20161011,1.43,1.435,1.37,1.38,4037359
CVT,20161011,0.14,0.14,0.13,0.135,249000
CVV,20161011,0.072,0.072,0.071,0.071,32057
CVW,20161011,1.08,1.11,1.08,1.09,100127
CWE,20161011,0.032,0.038,0.032,0.037,6414469
CWN,20161011,13.22,13.4,13.11,13.12,1775482
CWP,20161011,4.63,4.67,4.63,4.67,37058
CWY,20161011,1.09,1.125,1.085,1.125,1977270
CXM,20161011,0.064,0.064,0.064,0.064,9443
CXO,20161011,0.12,0.12,0.11,0.115,14297394
CXX,20161011,0.285,0.295,0.285,0.295,7198
CYB,20161011,4.3,4.33,4.24,4.25,2378953
CYC,20161011,1.13,1.13,1.13,1.13,11844
CYG,20161011,0.91,0.91,0.91,0.91,7000
CYL,20161011,0.535,0.54,0.525,0.54,5864
CYP,20161011,0.54,0.56,0.53,0.555,398823
CYY,20161011,0.026,0.026,0.021,0.022,3739957
CZA,20161011,0.048,0.048,0.048,0.048,3384
CZI,20161011,0.05,0.054,0.05,0.054,481619
CZL,20161011,0.038,0.038,0.036,0.036,3065800
CZN,20161011,0.018,0.018,0.017,0.017,9460179
CZZ,20161011,19.3,19.47,19.1,19.29,10017
D13,20161011,0.125,0.13,0.125,0.13,759939
D2O,20161011,1.045,1.05,1.045,1.05,21232
DCC,20161011,0.091,0.091,0.089,0.089,264312
DCG,20161011,1.095,1.1,1.07,1.1,383085
DCN,20161011,3.31,3.36,3.26,3.29,179551
DDR,20161011,2.3,2.38,2.3,2.35,74179
DDT,20161011,0.017,0.017,0.017,0.017,560560
DEG,20161011,0.004,0.004,0.003,0.004,56051762
DFM,20161011,0.97,0.975,0.96,0.965,109200
DGR,20161011,0.071,0.08,0.071,0.079,6632561
DHR,20161011,0.012,0.012,0.011,0.011,3300456
DJRE,20161011,20.52,20.62,20.52,20.6,45062
DJW,20161011,3.58,3.62,3.55,3.55,156092
DKM,20161011,0.265,0.265,0.26,0.26,58515
DKO,20161011,0.073,0.075,0.07,0.07,5080033
DLE,20161011,0.014,0.015,0.013,0.015,371000
DLX,20161011,6.66,6.67,6.57,6.58,1129404
DM1,20161011,0.018,0.018,0.018,0.018,1050000
DMP,20161011,69.05,70,67.54,67.72,344055
DNA,20161011,0.45,0.455,0.43,0.43,920595
DNK,20161011,0.375,0.385,0.375,0.38,91949
DOW,20161011,5.55,5.7,5.55,5.68,1632970
DRA,20161011,0.235,0.26,0.235,0.255,26083
DRM,20161011,0.6,0.6,0.575,0.575,807542
DRO,20161011,0.19,0.205,0.19,0.205,18900
DRX,20161011,0.013,0.013,0.012,0.012,150000
DTI,20161011,0.51,0.515,0.5,0.515,173464
DTL,20161011,1.56,1.56,1.55,1.56,112751
DTR,20161011,0.011,0.011,0.011,0.011,66000
DTX,20161011,0.39,0.39,0.39,0.39,6000
DUB,20161011,0.42,0.44,0.41,0.44,173102
DUE,20161011,2.35,2.38,2.32,2.37,7718750
DUI,20161011,3.31,3.35,3.31,3.34,71624
DVI,20161011,0.012,0.012,0.012,0.012,459597
DWS,20161011,1.3,1.3,1.28,1.28,116922
DXB,20161011,0.012,0.012,0.011,0.011,2670433
DXF,20161011,0.66,0.685,0.655,0.68,35800
DXS,20161011,8.78,8.79,8.59,8.63,3186385
DYE,20161011,0.2,0.2,0.19,0.2,140948
DYL,20161011,0.004,0.004,0.004,0.004,1125416
EAI,20161011,0.88,0.88,0.855,0.875,115143
EAX,20161011,1.52,1.52,1.49,1.49,19540
EBG,20161011,0.085,0.085,0.085,0.085,50000
ECX,20161011,4.19,4.19,4.14,4.16,750208
EDE,20161011,0.215,0.22,0.215,0.215,1232672
EEG,20161011,0.014,0.015,0.014,0.015,644921
EER,20161011,0.014,0.014,0.012,0.012,51018
EGG,20161011,1.22,1.24,1.17,1.2,83364
EGH,20161011,0.7,0.75,0.7,0.74,97693
EGI,20161011,1,1.02,1,1.02,44350
EGN,20161011,0.14,0.14,0.14,0.14,13500
EGO,20161011,0.315,0.325,0.3,0.325,177033
EHE,20161011,2.9,2.92,2.69,2.71,3331253
EHL,20161011,0.066,0.066,0.062,0.062,338652
ELD,20161011,3.98,4.08,3.98,4.01,261310
ELK,20161011,0.068,0.07,0.068,0.07,660000
ELM,20161011,0.165,0.165,0.16,0.16,96400
ELX,20161011,1.305,1.33,1.3,1.31,151096
EMC,20161011,1.14,1.145,1.075,1.075,1517056
EMH,20161011,0.56,0.56,0.54,0.54,228582
EML,20161011,2.12,2.2,2.12,2.16,2388982
EMR,20161011,0.042,0.043,0.042,0.042,465023
EMX,20161011,0.041,0.041,0.041,0.041,106000
ENB,20161011,0.009,0.009,0.009,0.009,902000
ENC,20161011,0.27,0.27,0.27,0.27,3170
ENN,20161011,2.27,2.27,2.23,2.26,6755
ENZ,20161011,0.125,0.125,0.12,0.12,48087
EOS,20161011,1.145,1.165,1.145,1.15,47453
EPD,20161011,0.45,0.46,0.45,0.45,168988
EPW,20161011,1.11,1.165,1.085,1.165,412425
EQT,20161011,19.5,19.9,19.5,19.84,4001
EQU,20161011,0.023,0.023,0.023,0.023,200000
EQX,20161011,0.37,0.38,0.365,0.38,251250
ERA,20161011,0.34,0.35,0.34,0.35,28020
ERJ,20161011,0.007,0.007,0.006,0.006,15480608
ERL,20161011,0.038,0.038,0.036,0.036,755773
ERM,20161011,0.14,0.14,0.135,0.135,197295
ESI,20161011,0.016,0.016,0.016,0.016,1490228
ESV,20161011,0.135,0.135,0.13,0.13,255216
ETE,20161011,0.005,0.005,0.005,0.005,150000
ETF,20161011,19.82,19.82,19.82,19.82,50
ETPMAG,20161011,22.3,22.49,22.3,22.49,1840
ETPMPD,20161011,89.51,89.51,89.51,89.51,0
ETPMPM,20161011,120.56,120.56,120.56,120.56,1000
ETPMPT,20161011,125.2,125.2,125.2,125.2,0
EUR,20161011,0.072,0.075,0.07,0.071,1600269
EVE,20161011,0.009,0.009,0.009,0.009,180
EVN,20161011,2.23,2.25,2.17,2.17,9104847
EVT,20161011,14.9,15.11,14.81,14.87,25309
EVZ,20161011,0.007,0.007,0.007,0.007,45545
EWC,20161011,0.222,0.227,0.22,0.22,82389
EXG,20161011,0.043,0.043,0.04,0.041,2914801
EXR,20161011,0.038,0.04,0.038,0.04,201100
EXU,20161011,0.08,0.081,0.08,0.081,737261
EYM,20161011,0.013,0.013,0.011,0.011,4834276
EZL,20161011,0.95,0.95,0.95,0.95,23127
FAN,20161011,2.34,2.34,2.3,2.34,147366
FAR,20161011,0.078,0.08,0.078,0.078,3148720
FBR,20161011,0.15,0.15,0.14,0.14,2796989
FBU,20161011,9.59,9.66,9.47,9.48,537185
FCT,20161011,0.65,0.655,0.635,0.635,267167
FDV,20161011,0.5,0.5,0.5,0.5,240000
FET,20161011,2.7,2.75,2.65,2.66,233550
FFC,20161011,0.165,0.17,0.165,0.17,6100
FFG,20161011,0.05,0.05,0.05,0.05,10000
FFI,20161011,3.55,3.55,3.55,3.55,3200
FFT,20161011,0.23,0.23,0.225,0.225,112195
FGG,20161011,1.07,1.07,1.065,1.07,31748
FGR,20161011,0.094,0.097,0.094,0.096,220292
FGX,20161011,1.15,1.155,1.145,1.15,344022
FID,20161011,3.09,3.11,3.09,3.11,3951
FLK,20161011,0.95,0.95,0.95,0.95,76009
FLN,20161011,1.5,1.52,1.5,1.52,36189
FLT,20161011,35.69,35.75,35.4,35.49,269017
FMG,20161011,5.07,5.19,5.05,5.18,13681100
FML,20161011,0.51,0.51,0.5,0.5,25111
FMS,20161011,0.019,0.019,0.019,0.019,50000
FNP,20161011,4.65,4.76,4.65,4.73,101676
FNT,20161011,0.051,0.051,0.051,0.051,9871
FOD,20161011,0.11,0.11,0.11,0.11,50000
FPH,20161011,9.38,9.38,9.23,9.28,405447
FRI,20161011,0.88,0.88,0.86,0.88,110844
FRM,20161011,1.74,1.755,1.7,1.7,60976
FRN,20161011,0.023,0.023,0.022,0.022,1711408
FRX,20161011,0.1,0.1,0.1,0.1,3299
FSA,20161011,1.13,1.13,1.125,1.13,7161
FSF,20161011,5.6,5.63,5.56,5.59,20110
FSI,20161011,1.57,1.57,1.57,1.57,15936
FTT,20161011,0.063,0.068,0.063,0.068,502648
FUN,20161011,0.02,0.021,0.02,0.021,444158
FWD,20161011,2.14,2.14,2.03,2.12,35241
FXJ,20161011,0.93,0.94,0.925,0.93,4532736
FXL,20161011,2.39,2.39,2.33,2.35,788236
FZO,20161011,0.255,0.255,0.25,0.25,295500
G8C,20161011,0.034,0.034,0.033,0.033,2010130
GAP,20161011,0.42,0.42,0.417,0.42,428524
GBG,20161011,0.018,0.018,0.018,0.018,50000
GBI,20161011,0.18,0.19,0.18,0.19,106924
GBM,20161011,0.01,0.01,0.01,0.01,243856
GBT,20161011,4.1,4.19,4.06,4.16,54152
GBX,20161011,0.003,0.003,0.003,0.003,4600000
GBZ,20161011,0.017,0.017,0.017,0.017,29400
GC1,20161011,0.98,0.99,0.98,0.99,30300
GCS,20161011,0.47,0.475,0.465,0.47,1430673
GCY,20161011,0.57,0.57,0.525,0.535,161986
GDF,20161011,1.035,1.04,1.02,1.02,198654
GDI,20161011,0.96,0.975,0.96,0.97,214480
GDX,20161011,31,31,30.39,30.57,7742
GDY,20161011,0.015,0.015,0.015,0.015,17821
GEAR,20161011,19.74,19.74,19.56,19.57,16421
GEG,20161011,1.45,1.45,1.44,1.445,10881
GEM,20161011,3.07,3.13,3.06,3.1,1236217
GER,20161011,0.068,0.068,0.065,0.065,185174
GFY,20161011,0.71,0.725,0.7,0.7,50083
GGE,20161011,0.005,0.005,0.005,0.005,1550000
GGG,20161011,0.051,0.052,0.05,0.05,930796
GGL,20161011,0.033,0.034,0.033,0.034,166600
GGUS,20161011,10.17,10.17,10.12,10.12,29100
GHC,20161011,1.905,1.925,1.887,1.9,97090
GLF,20161011,0.009,0.009,0.008,0.008,683500
GLL,20161011,0.09,0.099,0.09,0.099,236000
GMA,20161011,2.75,2.78,2.74,2.76,729010
GMC,20161011,0.021,0.021,0.021,0.021,1501574
GMD,20161011,0.027,0.029,0.027,0.027,796111
GMG,20161011,6.98,7.01,6.91,6.96,2745238
GMN,20161011,0.14,0.14,0.14,0.14,157142
GMR,20161011,0.01,0.01,0.009,0.009,830000
GNC,20161011,7.9,8.05,7.9,8.04,403145
GNE,20161011,1.945,1.945,1.92,1.92,3931
GNG,20161011,1.82,1.835,1.785,1.83,507842
GNX,20161011,0.24,0.24,0.24,0.24,23683
GOLD,20161011,157.68,158.6,157.34,158.38,13552
GOR,20161011,0.555,0.57,0.55,0.56,671195
GOVT,20161011,26.17,26.17,26.13,26.13,25510
GOW,20161011,3.52,3.52,3.51,3.51,5500
GOZ,20161011,3.32,3.32,3.265,3.3,409721
GPH,20161011,0.086,0.091,0.086,0.09,266993
GPP,20161011,0.005,0.005,0.005,0.005,14204228
GPR,20161011,0.047,0.047,0.042,0.042,470124
GPT,20161011,4.84,4.84,4.76,4.8,6576295
GPX,20161011,0.355,0.355,0.355,0.355,75000
GRA,20161011,0.67,0.67,0.67,0.67,10096
GRB,20161011,0.028,0.03,0.028,0.03,5746945
GRR,20161011,0.115,0.115,0.115,0.115,239050
GRV,20161011,0.051,0.051,0.051,0.051,5000
GSC,20161011,0.063,0.063,0.06,0.061,1447464
GSS,20161011,0.52,0.54,0.52,0.54,76629
GTE,20161011,0.016,0.016,0.016,0.016,61177
GTG,20161011,0.015,0.015,0.015,0.015,1282352
GTN,20161011,3.28,3.4,3.26,3.4,67321
GTY,20161011,2.22,2.22,2.19,2.21,2495478
GUD,20161011,10.98,10.98,10.76,10.8,158794
GVF,20161011,1.06,1.07,1.06,1.07,64217
GWA,20161011,3,3.085,2.96,2.96,920253
GWR,20161011,0.029,0.029,0.029,0.029,75500
GXL,20161011,6.43,6.65,6.41,6.54,187022
GXY,20161011,0.32,0.33,0.315,0.315,5289096
HAR,20161011,0.004,0.004,0.004,0.004,3259442
HAS,20161011,0.089,0.089,0.089,0.089,968624
HAV,20161011,0.71,0.72,0.68,0.7,125498
HAW,20161011,0.041,0.041,0.041,0.041,45000
HCT,20161011,0.135,0.135,0.135,0.135,10000
HEG,20161011,0.002,0.002,0.002,0.002,849015
HFA,20161011,2.34,2.35,2.28,2.28,27743
HFR,20161011,1.24,1.245,1.215,1.227,19423
HGG,20161011,4.15,4.22,4.15,4.18,2020173
HGO,20161011,0.075,0.078,0.075,0.078,22511
HHL,20161011,3.51,3.52,3.5,3.5,10258
HHV,20161011,1.375,1.375,1.35,1.365,90566
HHY,20161011,0.12,0.12,0.12,0.12,36000
HIG,20161011,0.058,0.058,0.058,0.058,59211
HIL,20161011,0.59,0.64,0.565,0.64,1206476
HLO,20161011,4.64,4.64,4.58,4.6,1762
HLX,20161011,0.088,0.088,0.087,0.088,250000
HML,20161011,1.12,1.21,1.11,1.21,53004
HMX,20161011,0.056,0.058,0.056,0.057,223377
HNG,20161011,0.45,0.45,0.45,0.45,7850
HNR,20161011,0.022,0.022,0.02,0.02,839723
HOG,20161011,0.004,0.004,0.004,0.004,246262
HOR,20161011,0.016,0.016,0.016,0.016,15000
HOT,20161011,0.215,0.215,0.215,0.215,32230
HPI,20161011,2.99,3.03,2.88,2.91,245614
HRR,20161011,0.14,0.14,0.14,0.14,295270
HSK,20161011,0.061,0.062,0.061,0.062,184659
HSN,20161011,4.58,4.59,4.55,4.58,346663
HSO,20161011,3.05,3.05,2.99,3,3444950
HUB,20161011,5.22,5.3,5.13,5.13,62039
HUO,20161011,3.56,3.67,3.55,3.67,19588
HVN,20161011,5.12,5.12,5.07,5.12,3249169
HVST,20161011,20.34,20.35,20.26,20.27,113492
HXG,20161011,0.23,0.24,0.23,0.235,162571
HZN,20161011,0.038,0.04,0.038,0.039,1074294
HZR,20161011,0.6,0.615,0.58,0.61,401117
IAA,20161011,67.4,67.4,65.45,65.92,5920
IAB,20161011,1.28,1.28,1.28,1.28,3885
IAF,20161011,107.41,107.42,107.26,107.42,5578
IAG,20161011,5.65,5.67,5.585,5.65,6175707
IAM,20161011,0.037,0.038,0.036,0.036,2436008
IAU,20161011,1.2,1.245,1.2,1.245,2096
IBG,20161011,0.075,0.075,0.072,0.072,515801
IBK,20161011,45.66,46.3,45.66,45.8,616
ICG,20161011,0.012,0.012,0.011,0.011,30225125
ICN,20161011,0.028,0.028,0.027,0.027,353998
ICQ,20161011,0.315,0.32,0.31,0.31,228173
ICS,20161011,1.69,1.69,1.69,1.69,1524
ICT,20161011,0.03,0.03,0.03,0.03,100000
ICU,20161011,0.085,0.085,0.085,0.085,30000
IDA,20161011,0.11,0.11,0.11,0.11,49930
IDR,20161011,2.08,2.09,2.05,2.06,229174
IDT,20161011,0.205,0.21,0.205,0.21,225674
IDX,20161011,1.55,1.56,1.55,1.55,11312
IEC,20161011,0.019,0.019,0.019,0.019,26315
IEL,20161011,4.54,4.65,4.52,4.58,64033
IEM,20161011,49.64,51,49.56,49.65,8327
IEU,20161011,51.28,51.58,51.27,51.58,14490
IFL,20161011,8.6,8.63,8.53,8.53,509977
IFM,20161011,0.795,0.81,0.795,0.8,563711
IFN,20161011,0.735,0.785,0.727,0.745,5004871
IGB,20161011,105.26,105.26,105.24,105.24,157
IGL,20161011,2.15,2.17,2.13,2.15,535208
IGO,20161011,3.91,3.97,3.87,3.9,2538698
IHCB,20161011,107.6,107.6,107.19,107.19,515
IHD,20161011,13.25,13.29,13.23,13.26,15855
IHEB,20161011,109,109,109,109,0
IHHY,20161011,106,106,106,106,10
IHK,20161011,28.95,28.95,28.95,28.95,200
IHOO,20161011,100.5,100.5,99.87,99.99,1436
IHVV,20161011,274.13,274.16,272.92,273.65,562
IIL,20161011,0.575,0.585,0.575,0.585,678686
IJH,20161011,203.5,203.5,203.5,203.5,240
IJP,20161011,16.34,16.54,16.33,16.52,17105
IJR,20161011,163.99,164.54,163.54,164.44,322
IKO,20161011,76.5,76.5,74.74,74.74,441
IKW,20161011,0.008,0.008,0.008,0.008,610680
ILB,20161011,115.29,115.52,115.2,115.52,657
ILC,20161011,22.35,22.35,22.27,22.31,6846
ILU,20161011,6.23,6.265,6.17,6.18,1709231
IMA,20161011,0.064,0.064,0.064,0.064,100000
IMD,20161011,0.57,0.57,0.555,0.57,1032953
IMF,20161011,1.82,1.845,1.82,1.835,129945
INA,20161011,2.8,2.8,2.74,2.8,46791
INL,20161011,0.019,0.022,0.018,0.019,5904879
INM,20161011,44.55,44.98,44.52,44.85,117163
INV,20161011,0.32,0.32,0.32,0.32,22500
IOF,20161011,4.34,4.34,4.24,4.26,3887038
IOO,20161011,99.3,99.75,99.22,99.62,7662
IOT,20161011,0.029,0.03,0.029,0.029,1506771
IOZ,20161011,22.51,22.54,22.43,22.45,9467
IPD,20161011,1.56,1.59,1.497,1.52,625154
IPE,20161011,0.23,0.23,0.23,0.23,165000
IPH,20161011,5.88,5.9,5.77,5.83,514629
IPL,20161011,2.89,2.89,2.83,2.86,3910091
IPT,20161011,0.03,0.03,0.03,0.03,258603
IQE,20161011,0.068,0.068,0.068,0.068,84500
IRC,20161011,0.1,0.105,0.1,0.105,544523
IRE,20161011,12.05,12.08,11.94,12.05,351506
IRI,20161011,2.3,2.31,2.3,2.3,28306
IRM,20161011,0.04,0.04,0.04,0.04,191497
IRU,20161011,163.7,164.5,163.7,164.48,459
ISD,20161011,4.07,4.07,4.005,4.02,1070006
ISG,20161011,14.03,14.03,14.03,14.03,118
ISO,20161011,4.41,4.42,4.39,4.39,22935
ISU,20161011,1.945,1.95,1.87,1.88,553029
ISX,20161011,0.205,0.21,0.2,0.2,431693
ITD,20161011,0.23,0.23,0.23,0.23,17326
ITQ,20161011,6.97,6.99,6.92,6.99,19481
ITW,20161011,21,21,20.57,20.57,9009
IVC,20161011,13.75,13.89,13.73,13.8,265404
IVE,20161011,77.54,77.67,77.48,77.48,4878
IVO,20161011,0.02,0.02,0.02,0.02,62500
IVQ,20161011,0.07,0.07,0.07,0.07,1
IVR,20161011,0.035,0.035,0.035,0.035,296391
IVV,20161011,285.15,287.68,285.15,287.28,9440
IVX,20161011,0.004,0.004,0.004,0.004,100000
IWG,20161011,0.042,0.042,0.041,0.041,1883744
IXI,20161011,127.92,128.91,127.92,128.91,1593
IXJ,20161011,132.76,133,132.27,132.9,4930
IZZ,20161011,51,51.18,50.5,50.5,10372
JAL,20161011,0.07,0.07,0.07,0.07,40000
JBH,20161011,28.61,28.91,28.36,28.85,825123
JCS,20161011,0.018,0.018,0.018,0.018,1351126
JHC,20161011,1.92,1.955,1.92,1.94,1172640
JHL,20161011,0.054,0.055,0.054,0.055,205678
JHX,20161011,20.61,20.68,20.16,20.21,1146633
JIN,20161011,1.71,1.71,1.71,1.71,1000
JKL,20161011,0.23,0.23,0.225,0.225,796834
JRV,20161011,0.049,0.05,0.049,0.05,84934
JYC,20161011,1.52,1.52,1.485,1.485,7500
KAI,20161011,0.05,0.052,0.048,0.048,1112886
KAM,20161011,0.34,0.34,0.33,0.335,111750
KAR,20161011,1.66,1.68,1.61,1.67,1972984
KAS,20161011,0.025,0.025,0.023,0.024,537472
KDL,20161011,0.069,0.07,0.063,0.063,31000
KDR,20161011,0.775,0.785,0.62,0.7,13245879
KFE,20161011,0.021,0.021,0.021,0.021,280000
KGD,20161011,0.03,0.03,0.03,0.03,300701
KGL,20161011,0.26,0.265,0.26,0.265,133000
KGN,20161011,1.57,1.57,1.5,1.5,94979
KIN,20161011,0.25,0.255,0.25,0.25,287273
KKO,20161011,0.028,0.028,0.028,0.028,50000
KLR,20161011,0.047,0.047,0.047,0.047,3520
KMD,20161011,1.88,1.94,1.875,1.915,74953
KME,20161011,0.395,0.395,0.39,0.39,14988
KNL,20161011,0.22,0.225,0.215,0.22,461853
KNM,20161011,0.014,0.016,0.013,0.016,1400612
KNO,20161011,0.225,0.225,0.205,0.22,226438
KOV,20161011,2.28,2.32,2.28,2.32,3400
KPO,20161011,0.105,0.105,0.09,0.093,3147980
KRC,20161011,0.009,0.009,0.007,0.007,2113222
KRM,20161011,0.14,0.14,0.135,0.135,4000
KSC,20161011,1.37,1.38,1.37,1.38,45000
KSL,20161011,0.95,0.97,0.95,0.96,52385
KSN,20161011,0.024,0.026,0.024,0.024,14381169
KYK,20161011,0.175,0.175,0.175,0.175,44300
LAA,20161011,0.2,0.215,0.2,0.215,222580
LAU,20161011,0.455,0.455,0.44,0.44,399054
LBT,20161011,0.435,0.95,0.42,0.72,20389911
LCK,20161011,0.135,0.135,0.125,0.13,154182
LCM,20161011,0.435,0.45,0.435,0.445,49804
LCT,20161011,0.084,0.087,0.083,0.087,340262
LCY,20161011,0.005,0.005,0.005,0.005,671207
LEG,20161011,0.009,0.01,0.009,0.01,415277
LEP,20161011,4.34,4.37,4.34,4.37,140353
LER,20161011,0.15,0.15,0.145,0.15,24531
LGD,20161011,0.235,0.24,0.225,0.24,107694
LGR,20161011,0.08,0.08,0.08,0.08,7
LHB,20161011,0.115,0.115,0.1,0.1,9497
LHC,20161011,1.825,1.88,1.825,1.845,31710
LIC,20161011,3.55,3.79,3.54,3.7,76915
LIN,20161011,0.002,0.002,0.002,0.002,38556678
LIT,20161011,0.19,0.195,0.19,0.19,398637
LKE,20161011,0.057,0.057,0.05,0.05,628377
LKO,20161011,0.002,0.002,0.002,0.002,3076014
LLC,20161011,14.46,14.57,14.18,14.25,2542943
LMG,20161011,0.025,0.028,0.024,0.027,1859521
LML,20161011,0.047,0.05,0.047,0.05,62000
LMW,20161011,0.64,0.66,0.61,0.61,70046
LNG,20161011,0.63,0.675,0.63,0.66,4462254
LNK,20161011,8.2,8.25,8.16,8.2,1199243
LNU,20161011,0.068,0.068,0.068,0.068,27236
LNY,20161011,0.003,0.003,0.003,0.003,2001283
LOM,20161011,0.54,0.55,0.502,0.535,4139345
LOV,20161011,3.35,3.44,3.31,3.36,35726
LPE,20161011,0.027,0.027,0.026,0.026,4035120
LPI,20161011,0.46,0.47,0.44,0.465,293325
LRS,20161011,0.015,0.015,0.014,0.015,4704802
LSR,20161011,0.012,0.012,0.012,0.012,148649
LSX,20161011,0.35,0.35,0.35,0.35,51073
LTN,20161011,0.091,0.091,0.084,0.084,75000
LTR,20161011,0.036,0.037,0.03,0.031,15498203
LVH,20161011,0.185,0.185,0.18,0.18,60749
LVT,20161011,0.16,0.175,0.16,0.16,190000
LWP,20161011,0.002,0.002,0.002,0.002,1450000
LYC,20161011,0.056,0.057,0.055,0.057,4309645
LYL,20161011,2.68,2.68,2.66,2.67,610
M7T,20161011,0.046,0.047,0.044,0.047,555097
MA1,20161011,0.95,0.95,0.89,0.9,56169
MAD,20161011,0.069,0.072,0.069,0.072,1183916
MAH,20161011,0.115,0.12,0.115,0.12,1725003
MAI,20161011,0.7,0.7,0.7,0.7,14932
MAQ,20161011,12,12.4,11.62,12.29,1512
MAT,20161011,0.195,0.195,0.195,0.195,67191
MAU,20161011,0.079,0.079,0.079,0.079,50000
MBC,20161011,0.23,0.24,0.23,0.24,142066
MBE,20161011,0.285,0.285,0.28,0.285,896925
MBK,20161011,0.037,0.037,0.034,0.035,1774818
MCE,20161011,0.44,0.44,0.43,0.43,219928
MCP,20161011,1.095,1.1,1.09,1.09,66913
MCR,20161011,0.35,0.35,0.33,0.33,73596
MCT,20161011,0.048,0.049,0.048,0.049,1195393
MDC,20161011,0.48,0.48,0.48,0.48,14468
MDI,20161011,0.072,0.073,0.07,0.073,619125
MDL,20161011,0.36,0.365,0.36,0.365,7464
MDR,20161011,0.037,0.04,0.037,0.04,1721635
MEA,20161011,1.18,1.18,1.115,1.14,163647
MEB,20161011,0.5,0.525,0.5,0.52,333358
MED,20161011,0.03,0.031,0.027,0.027,7087443
MEL,20161011,0.065,0.065,0.065,0.065,685252
MEM,20161011,0.006,0.006,0.006,0.006,2000000
MEO,20161011,0.03,0.031,0.03,0.031,894264
MEP,20161011,0.115,0.115,0.11,0.11,461812
MEU,20161011,0.015,0.015,0.014,0.014,1246760
MEZ,20161011,2.49,2.6,2.42,2.6,32713
MFF,20161011,1.755,1.79,1.755,1.79,170573
MFG,20161011,22.46,22.46,21.91,22.02,383486
MGC,20161011,1.24,1.255,1.2,1.225,296326
MGE,20161011,2.53,2.55,2.52,2.53,608043
MGR,20161011,2.14,2.14,2.105,2.13,11281924
MGV,20161011,0.1,0.1,0.092,0.093,1585285
MGX,20161011,0.29,0.292,0.285,0.29,1988280
MHG,20161011,2.48,2.48,2.47,2.47,2008
MHI,20161011,0.17,0.17,0.17,0.17,50000
MHJ,20161011,1.625,1.665,1.59,1.61,806616
MIG,20161011,0.22,0.22,0.205,0.205,1058
MIL,20161011,1.15,1.15,1.15,1.15,9794
MIN,20161011,11.2,11.27,11.11,11.23,464642
MIR,20161011,2.92,2.92,2.87,2.89,93029
MJC,20161011,0.032,0.035,0.032,0.035,412768
MJP,20161011,0.415,0.43,0.4,0.41,309819
MKO,20161011,0.08,0.081,0.075,0.081,88209
MLA,20161011,0.053,0.053,0.048,0.048,100000
MLB,20161011,1.895,1.91,1.895,1.9,134905
MLD,20161011,1.8,1.915,1.8,1.885,2043109
MLM,20161011,0.038,0.043,0.038,0.043,1910840
MLT,20161011,4.2,4.26,4.18,4.18,199678
MLX,20161011,1.355,1.355,1.305,1.325,1979102
MMI,20161011,0.11,0.11,0.11,0.11,238236
MMJ,20161011,0.22,0.235,0.215,0.23,849589
MML,20161011,0.655,0.66,0.645,0.645,222551
MMR,20161011,0.022,0.022,0.022,0.022,48780
MMS,20161011,12.22,12.34,12.04,12.09,430189
MNC,20161011,0.003,0.003,0.002,0.002,635621
MND,20161011,9.28,9.9,9.28,9.9,814344
MNF,20161011,4.83,4.83,4.71,4.75,125604
MNM,20161011,0.011,0.011,0.011,0.011,584798
MNS,20161011,0.815,0.84,0.815,0.82,483605
MNW,20161011,0.072,0.072,0.072,0.072,50000
MNY,20161011,1.64,1.685,1.54,1.68,379666
MOAT,20161011,44.78,44.78,44.78,44.78,308
MOC,20161011,2.06,2.09,2.055,2.06,71781
MOD,20161011,0.033,0.036,0.033,0.033,3428709
MOQ,20161011,0.21,0.22,0.21,0.22,105000
MOX,20161011,0.016,0.017,0.015,0.015,6249369
MOY,20161011,0.28,0.285,0.267,0.27,1578228
MP1,20161011,2.76,2.77,2.62,2.62,154801
MPL,20161011,2.5,2.53,2.5,2.51,33653056
MPO,20161011,0.125,0.125,0.125,0.125,353499
MQA,20161011,4.57,4.6,4.53,4.57,1565417
MQG,20161011,83.65,84.05,83.23,83.45,669386
MRC,20161011,0.13,0.13,0.13,0.13,19523
MRM,20161011,0.36,0.385,0.36,0.365,341638
MRQ,20161011,0.018,0.018,0.018,0.018,1099645
MRV,20161011,0.005,0.005,0.004,0.004,4852329
MSB,20161011,1.165,1.17,1.115,1.125,458975
MSG,20161011,0.032,0.035,0.032,0.034,357595
MSM,20161011,0.265,0.27,0.23,0.255,1278766
MSP,20161011,0.02,0.02,0.019,0.02,6324519
MSR,20161011,0.005,0.005,0.004,0.005,3804625
MSV,20161011,0.03,0.03,0.03,0.03,2104044
MTA,20161011,0.054,0.064,0.054,0.058,4312859
MTB,20161011,0.014,0.017,0.014,0.017,113917
MTH,20161011,0.005,0.005,0.005,0.005,625000
MTL,20161011,0.04,0.04,0.04,0.04,45000
MTM,20161011,0.24,0.24,0.24,0.24,84
MTO,20161011,3.5,3.63,3.5,3.58,66221
MTR,20161011,3.2,3.21,3.115,3.14,1110321
MTS,20161011,2.13,2.14,2.095,2.12,2495969
MUA,20161011,1.05,1.05,1.03,1.04,113390
MUS,20161011,0.036,0.037,0.036,0.037,128000
MVA,20161011,20,20,19.8,19.8,1087
MVE,20161011,7.75,7.76,7.73,7.76,5815
MVF,20161011,2.41,2.47,2.39,2.42,1015552
MVP,20161011,5.42,5.45,5.3,5.4,21899
MVT,20161011,0.16,0.16,0.16,0.16,634
MVW,20161011,24.38,24.4,24.36,24.36,11826
MXC,20161011,0.046,0.047,0.046,0.046,491567
MXI,20161011,0.625,0.63,0.615,0.615,40410
MXR,20161011,0.002,0.003,0.002,0.003,1718350
MYE,20161011,0.23,0.23,0.23,0.23,42300
MYO,20161011,3.74,3.79,3.72,3.77,781438
MYQ,20161011,0.047,0.047,0.046,0.046,810000
MYR,20161011,1.18,1.185,1.17,1.175,2736242
MYS,20161011,4.1,4.11,4.06,4.1,59656
MYX,20161011,1.93,1.935,1.89,1.91,6533938
MZI,20161011,0.375,0.375,0.35,0.37,75803
MZM,20161011,0.145,0.15,0.14,0.15,75608
MZN,20161011,0.027,0.028,0.024,0.024,43214587
NAB,20161011,28.4,28.46,28.255,28.28,4397347
NAC,20161011,1.07,1.09,1.07,1.085,112452
NAE,20161011,0.013,0.013,0.013,0.013,369117
NAG,20161011,0.117,0.12,0.115,0.12,190735
NAM,20161011,0.4,0.4,0.4,0.4,2045
NAN,20161011,3.3,3.3,3.13,3.21,745778
NBL,20161011,1.73,1.75,1.73,1.75,297492
NCC,20161011,1.36,1.36,1.34,1.34,17970
NCK,20161011,5.66,5.77,5.62,5.77,25439
NCM,20161011,21.25,21.27,20.47,20.52,3195973
NDQ,20161011,11.22,11.25,11.22,11.25,10375
NEA,20161011,0.72,0.74,0.7,0.715,1915217
NEC,20161011,0.96,0.96,0.93,0.94,2528907
NEN,20161011,0.235,0.235,0.23,0.23,136027
NEU,20161011,0.049,0.049,0.049,0.049,265633
NGY,20161011,0.03,0.03,0.03,0.03,50000
NHC,20161011,1.9,1.94,1.87,1.935,434970
NHF,20161011,4.73,4.78,4.68,4.76,690671
NIU,20161011,0.007,0.007,0.007,0.007,3437242
NMG,20161011,0.009,0.009,0.009,0.009,8633
NMI,20161011,0.014,0.014,0.014,0.014,82920
NMS,20161011,1.28,1.28,1.28,1.28,6916
NMT,20161011,0.345,0.345,0.33,0.33,212337
NNW,20161011,0.115,0.12,0.11,0.11,300000
NOR,20161011,0.022,0.022,0.021,0.021,1776324
NOV,20161011,0.195,0.2,0.195,0.195,121000
NOX,20161011,0.175,0.175,0.17,0.17,162334
NRT,20161011,0.097,0.1,0.096,0.1,503744
NSL,20161011,0.034,0.034,0.033,0.033,1694710
NSR,20161011,1.575,1.575,1.555,1.565,1734462
NST,20161011,3.95,3.95,3.89,3.91,4033404
NTC,20161011,2.71,2.71,2.65,2.65,89131
NTL,20161011,0.005,0.005,0.005,0.005,8373223
NTM,20161011,0.062,0.062,0.062,0.062,200491
NTU,20161011,0.13,0.135,0.13,0.135,387171
NUF,20161011,9.4,9.41,9.28,9.32,393237
NUH,20161011,0.062,0.063,0.062,0.062,227748
NVL,20161011,1.94,1.975,1.94,1.965,224152
NVO,20161011,0.11,0.11,0.1,0.1,195000
NVT,20161011,5.23,5.26,5.19,5.23,404777
NWF,20161011,0.325,0.325,0.325,0.325,500
NWH,20161011,0.595,0.62,0.565,0.57,841412
NWS,20161011,19.18,19.23,18.87,18.92,166253
NXM,20161011,0.15,0.15,0.145,0.145,132106
NXT,20161011,4.06,4.08,4.01,4.03,549482
NZM,20161011,0.67,0.67,0.66,0.66,2707602
OBJ,20161011,0.071,0.072,0.07,0.071,1651142
OCC,20161011,0.42,0.445,0.42,0.44,132496
OCL,20161011,1.76,1.76,1.76,1.76,760
OEL,20161011,0.047,0.048,0.046,0.046,2069579
OEX,20161011,0.007,0.008,0.007,0.008,1547110
OFX,20161011,1.905,1.912,1.89,1.9,1418500
OGC,20161011,3.82,3.82,3.75,3.76,444710
OIL,20161011,0.033,0.035,0.033,0.034,666195
OKU,20161011,0.13,0.135,0.13,0.135,115798
OLV,20161011,0.045,0.046,0.045,0.046,210000
OMT,20161011,0.012,0.012,0.011,0.011,140000
ONE,20161011,7.25,7.28,7.1,7.18,70927
ONT,20161011,7.4,7.45,7.4,7.4,3230
OOK,20161011,0.028,0.029,0.027,0.029,189762
OOO,20161011,16,16.18,16,16.15,35435
OPT,20161011,0.655,0.68,0.655,0.68,24327
ORA,20161011,3.1,3.12,3.09,3.09,2057285
ORE,20161011,3.41,3.41,3.25,3.3,1218733
ORG,20161011,5.66,5.825,5.64,5.79,7396102
ORI,20161011,16.34,16.52,16.32,16.4,857775
ORL,20161011,2.3,2.3,2.24,2.24,6225
ORN,20161011,0.023,0.024,0.022,0.022,948790
ORR,20161011,0.515,0.515,0.505,0.51,135878
OSH,20161011,7.6,7.72,7.54,7.65,6759806
OSL,20161011,0.12,0.13,0.12,0.12,688644
OSP,20161011,0.37,0.38,0.37,0.37,195020
OTC,20161011,0.305,0.305,0.3,0.3,311195
OTH,20161011,0.84,0.84,0.835,0.84,140637
OTR,20161011,0.42,0.42,0.42,0.42,4166
OVH,20161011,0.65,0.66,0.625,0.66,261663
OVL,20161011,0.023,0.024,0.023,0.023,3172846
OVN,20161011,0.735,0.785,0.735,0.76,73448
OVR,20161011,0.008,0.008,0.008,0.008,1344926
OZF,20161011,19.67,19.74,19.62,19.62,8150
OZL,20161011,5.91,6,5.86,5.97,1478249
OZR,20161011,7.82,7.85,7.81,7.84,35596
PAC,20161011,4.02,4.02,3.99,3.99,23663
PAF,20161011,0.94,0.94,0.94,0.94,41271
PAI,20161011,0.965,0.965,0.95,0.95,120333
PAK,20161011,0.11,0.12,0.11,0.12,278097
PAN,20161011,0.245,0.25,0.245,0.25,257879
PAR,20161011,0.595,0.595,0.595,0.595,1666
PBP,20161011,0.5,0.515,0.47,0.47,207574
PBT,20161011,0.079,0.079,0.074,0.075,1433297
PCH,20161011,0.011,0.011,0.01,0.01,140000
PCL,20161011,0.004,0.004,0.004,0.004,5266534
PDI,20161011,0.014,0.014,0.013,0.013,1734374
PDN,20161011,0.15,0.16,0.15,0.155,4476284
PDZ,20161011,0.33,0.34,0.28,0.29,2900394
PEA,20161011,0.63,0.63,0.592,0.6,521274
PEH,20161011,0.098,0.1,0.098,0.1,241379
PEK,20161011,0.067,0.07,0.067,0.07,26174
PEL,20161011,0.009,0.009,0.009,0.009,380000
PEN,20161011,0.56,0.56,0.55,0.55,4475
PEP,20161011,2.56,2.64,2.55,2.62,20342
PFG,20161011,0.12,0.12,0.115,0.115,50000
PGC,20161011,0.84,0.865,0.835,0.855,309026
PGF,20161011,0.85,0.855,0.84,0.855,146038
PGH,20161011,6.58,6.615,6.54,6.56,825484
PGI,20161011,0.077,0.077,0.075,0.075,124196
PGM,20161011,0.1,0.1,0.1,0.1,211187
PGO,20161011,0.1,0.1,0.098,0.098,901209
PGR,20161011,0.755,0.775,0.72,0.77,157648
PHG,20161011,0.315,0.335,0.315,0.325,135243
PHK,20161011,0.105,0.105,0.105,0.105,916159
PIC,20161011,0.965,0.97,0.96,0.965,125800
PIL,20161011,0.019,0.019,0.019,0.019,9628
PIO,20161011,0.022,0.022,0.022,0.022,1108500
PLG,20161011,0.69,0.695,0.67,0.675,2946449
PLH,20161011,0.185,0.2,0.185,0.195,458386
PLP,20161011,0.018,0.018,0.018,0.018,824417
PLS,20161011,0.47,0.475,0.457,0.46,4718833
PMC,20161011,1.475,1.48,1.45,1.47,329999
PME,20161011,5.43,5.44,5.4,5.44,41473
PMP,20161011,0.615,0.63,0.61,0.62,45706
PMV,20161011,15.59,15.64,15.37,15.49,386182
PNC,20161011,1.865,1.865,1.83,1.83,35808
PNI,20161011,2.06,2.09,2.06,2.09,6639
PNL,20161011,0.28,0.29,0.27,0.28,434098
PNN,20161011,0.02,0.02,0.02,0.02,4500
PNR,20161011,0.16,0.16,0.155,0.155,1780257
PNV,20161011,0.31,0.315,0.3,0.31,648554
PNW,20161011,0.245,0.245,0.245,0.245,4000
PNX,20161011,0.026,0.026,0.025,0.026,1467378
POH,20161011,0.03,0.031,0.03,0.03,1659983
POP,20161011,0.038,0.038,0.037,0.037,175000
POS,20161011,0.055,0.055,0.053,0.053,2458858
POU,20161011,16.11,16.15,16.08,16.15,29106
PPC,20161011,0.93,0.96,0.93,0.95,29312
PPG,20161011,0.46,0.46,0.46,0.46,17800
PPL,20161011,0.445,0.445,0.445,0.445,20004
PPP,20161011,0.028,0.031,0.028,0.031,63096
PPS,20161011,0.465,0.475,0.465,0.47,1454637
PPT,20161011,48.08,48.2,47.61,47.7,99820
PPY,20161011,0.005,0.005,0.005,0.005,960000
PRG,20161011,1.53,1.59,1.52,1.57,1611343
PRO,20161011,0.95,0.985,0.95,0.985,126165
PRR,20161011,0.038,0.039,0.038,0.038,330094
PRT,20161011,0.27,0.277,0.265,0.27,640731
PRU,20161011,0.49,0.495,0.475,0.48,3053328
PRY,20161011,4.1,4.105,4.07,4.09,1088990
PSA,20161011,0.18,0.18,0.18,0.18,50000
PSC,20161011,0.047,0.047,0.046,0.046,990228
PSI,20161011,2.36,2.39,2.36,2.39,10596
PSM,20161011,0.019,0.019,0.019,0.019,116492
PSQ,20161011,2.32,2.35,2.29,2.35,26826
PSY,20161011,0.095,0.095,0.093,0.093,73433
PSZ,20161011,0.37,0.37,0.36,0.36,36977
PTB,20161011,0.44,0.44,0.44,0.44,5000
PTL,20161011,0.59,0.6,0.59,0.6,97983
PTM,20161011,5.2,5.2,5.05,5.07,1419358
PTR,20161011,0.004,0.004,0.004,0.004,1577048
PTX,20161011,0.105,0.11,0.105,0.105,497122
PVA,20161011,3.5,3.5,3.5,3.5,1000
PVD,20161011,0.047,0.049,0.047,0.049,658166
PWH,20161011,3.26,3.28,3.25,3.25,23705
PWN,20161011,0.03,0.03,0.03,0.03,100000
PXS,20161011,0.27,0.27,0.265,0.265,27188
PYC,20161011,0.017,0.017,0.016,0.016,73000
QAN,20161011,3.18,3.19,3.13,3.14,6891759
QAU,20161011,13.27,13.27,13.2,13.26,9183
QBE,20161011,10.17,10.3,10.14,10.22,7300882
QFN,20161011,10.98,10.98,10.98,10.98,350
QHL,20161011,0.11,0.11,0.11,0.11,338286
QIP,20161011,2.39,2.4,2.36,2.39,97094
QMIX,20161011,15.29,15.29,15.29,15.29,0
QMS,20161011,1.225,1.225,1.195,1.22,46825
QOZ,20161011,12.17,12.18,12.17,12.18,2299
QRE,20161011,4.29,4.31,4.29,4.31,2665
QTG,20161011,0.004,0.004,0.004,0.004,1133500
QTM,20161011,0.023,0.023,0.023,0.023,99996
QUAL,20161011,18.76,18.83,18.76,18.77,50791
QUB,20161011,2.28,2.3,2.25,2.26,2616425
QUR,20161011,0.021,0.021,0.019,0.019,7951724
QUS,20161011,27.86,27.89,27.86,27.89,426
QVE,20161011,1.22,1.23,1.205,1.215,156551
RAN,20161011,1.38,1.39,1.36,1.39,53583
RAP,20161011,0.47,0.52,0.47,0.505,5099447
RARI,20161011,23.37,23.37,23.37,23.37,0
RBL,20161011,0.92,0.96,0.92,0.94,86896
RBR,20161011,0.009,0.009,0.009,0.009,75000
RCB,20161011,20.43,20.47,20.43,20.43,4989
RCE,20161011,0.2,0.2,0.195,0.195,28460
RCG,20161011,1.64,1.65,1.62,1.64,852032
RCO,20161011,0.19,0.19,0.19,0.19,10000
RCP,20161011,0.002,0.002,0.002,0.002,100000
RCR,20161011,2.77,2.82,2.77,2.81,1103725
RDF,20161011,0.37,0.37,0.36,0.36,5416
RDG,20161011,0.028,0.028,0.028,0.028,41348
RDM,20161011,0.096,0.096,0.096,0.096,5266
RDS,20161011,0.007,0.007,0.007,0.007,57211
RDV,20161011,28.39,28.49,28.35,28.35,13779
REA,20161011,54.7,54.87,54.53,54.55,142604
RED,20161011,0.11,0.11,0.105,0.105,755902
REF,20161011,0.105,0.105,0.1,0.1,226875
REG,20161011,4.15,4.15,4.04,4.04,273565
REH,20161011,44,44,43.8,43.88,452
RES,20161011,0.135,0.145,0.135,0.14,772558
REY,20161011,0.012,0.015,0.012,0.015,45000
REZ,20161011,0.14,0.14,0.14,0.14,25000
RFF,20161011,1.615,1.62,1.605,1.615,326045
RFG,20161011,6.87,6.96,6.87,6.91,644949
RFL,20161011,0.115,0.115,0.115,0.115,29599
RFN,20161011,0.066,0.066,0.066,0.066,6384
RFT,20161011,0.031,0.035,0.031,0.035,13687464
RFX,20161011,0.47,0.47,0.45,0.45,301712
RGB,20161011,21.55,21.64,21.55,21.64,2887
RGS,20161011,0.145,0.145,0.14,0.145,376969
RHC,20161011,80.1,80.15,78.9,79.12,294917
RHL,20161011,3.23,3.27,3.19,3.23,13715
RHP,20161011,0.905,0.905,0.9,0.905,28500
RHT,20161011,0.029,0.029,0.028,0.028,50750
RIC,20161011,1.3,1.315,1.295,1.31,197270
RIM,20161011,0.02,0.021,0.02,0.021,540000
RIO,20161011,52.78,53.26,52.59,53.2,2382061
RKN,20161011,1.64,1.66,1.63,1.63,444967
RLC,20161011,0.009,0.009,0.009,0.009,50000
RLE,20161011,0.081,0.081,0.081,0.081,89859
RMD,20161011,8.59,8.66,8.59,8.61,1948567
RMP,20161011,0.019,0.019,0.019,0.019,500000
RMR,20161011,0.001,0.001,0.001,0.001,325000
RMS,20161011,0.47,0.47,0.455,0.46,1717015
RMT,20161011,0.003,0.003,0.003,0.003,198707
RMX,20161011,0.011,0.011,0.011,0.011,4306826
RNL,20161011,0.013,0.013,0.012,0.012,245803
RNT,20161011,0.1,0.12,0.1,0.115,1131442
RNU,20161011,0.038,0.038,0.033,0.033,1735134
RRL,20161011,3.47,3.47,3.35,3.39,2442671
RSG,20161011,1.725,1.725,1.685,1.69,3884732
RSH,20161011,0.059,0.061,0.059,0.06,196756
RSM,20161011,20.65,20.72,20.65,20.72,56
RTG,20161011,0.43,0.43,0.425,0.425,40000
RUB,20161011,0.058,0.062,0.058,0.062,208000
RUL,20161011,0.54,0.55,0.54,0.55,87381
RVA,20161011,1.23,1.23,1.23,1.23,6496
RVR,20161011,0.19,0.19,0.18,0.18,617027
RVY,20161011,0.021,0.021,0.02,0.02,1056797
RWC,20161011,3.15,3.18,3.12,3.15,1021356
RWD,20161011,0.38,0.38,0.38,0.38,10000
RWH,20161011,1.3,1.32,1.28,1.28,83519
RXL,20161011,0.016,0.017,0.016,0.017,1803963
RXM,20161011,0.052,0.052,0.052,0.052,118789
RXP,20161011,0.855,0.885,0.855,0.87,776833
S2R,20161011,0.49,0.5,0.465,0.5,468604
S32,20161011,2.49,2.56,2.46,2.53,27852205
SAI,20161011,4.67,4.67,4.66,4.66,2130466
SAR,20161011,1.25,1.25,1.212,1.225,4410025
SAS,20161011,0.04,0.04,0.038,0.038,2677528
SAU,20161011,0.35,0.38,0.35,0.365,10442
SBM,20161011,2.73,2.74,2.575,2.6,5049179
SCG,20161011,4.5,4.52,4.45,4.52,10794830
SCO,20161011,3.8,3.81,3.77,3.77,87715
SCP,20161011,2.18,2.185,2.155,2.17,769215
SDA,20161011,3.71,3.82,3.66,3.73,337640
SDF,20161011,2.35,2.39,2.34,2.38,2394457
SDG,20161011,1.53,1.53,1.53,1.53,1684
SDI,20161011,0.97,1.035,0.97,1,684741
SDL,20161011,0.003,0.003,0.002,0.002,1175083
SEA,20161011,0.18,0.182,0.177,0.18,2554557
SEG,20161011,0.003,0.003,0.003,0.003,4213157
SEH,20161011,0.093,0.096,0.088,0.096,2708500
SEK,20161011,15.55,15.57,15.38,15.46,590769
SEN,20161011,0.125,0.13,0.12,0.125,1365245
SFC,20161011,5.3,5.3,5.3,5.3,680
SFG,20161011,0.094,0.095,0.093,0.095,647564
SFH,20161011,0.54,0.54,0.525,0.535,61319
SFI,20161011,0.059,0.059,0.058,0.059,1113394
SFL,20161011,0.2,0.2,0.2,0.2,111000
SFR,20161011,5.12,5.12,5,5.04,734695
SFX,20161011,0.6,0.6,0.585,0.59,163629
SFY,20161011,51.13,51.34,51.13,51.26,3386
SGC,20161011,0.045,0.045,0.044,0.044,10000
SGF,20161011,4.4,4.49,4.37,4.39,123989
SGH,20161011,0.415,0.435,0.415,0.42,2382228
SGM,20161011,9.29,9.73,9.26,9.7,1539643
SGP,20161011,4.6,4.6,4.52,4.57,5998994
SGQ,20161011,0.13,0.135,0.13,0.13,372938
SGR,20161011,5.91,5.94,5.89,5.91,1295127
SGU,20161011,0.065,0.065,0.06,0.065,65000
SGZ,20161011,0.01,0.01,0.008,0.009,460000
SHJ,20161011,1.46,1.49,1.46,1.49,1795
SHK,20161011,0.006,0.006,0.006,0.006,166666
SHL,20161011,21.95,22,21.77,21.82,600530
SHM,20161011,1.24,1.27,1.225,1.26,217641
SHV,20161011,6.15,6.37,6.13,6.29,709457
SIE,20161011,0.014,0.014,0.014,0.014,35800
SIH,20161011,0.019,0.019,0.019,0.019,21628
SIO,20161011,0.42,0.44,0.42,0.44,79058
SIP,20161011,1.48,1.512,1.447,1.505,4666511
SIQ,20161011,7,7,6.71,6.79,95466
SIV,20161011,11.6,12.16,11.6,12.16,25137
SKB,20161011,0.6,0.665,0.6,0.665,32982
SKC,20161011,4.43,4.46,4.43,4.46,949229
SKI,20161011,2.23,2.26,2.18,2.24,6378533
SKT,20161011,4.59,4.68,4.55,4.64,222418
SLC,20161011,2.95,2.96,2.85,2.92,318489
SLF,20161011,12.66,12.69,12.55,12.61,144814
SLK,20161011,4.43,4.44,4.41,4.42,78649
SLM,20161011,0.49,0.5,0.48,0.48,5141
SLR,20161011,0.485,0.495,0.48,0.48,1778395
SLX,20161011,0.31,0.315,0.305,0.31,150032
SMA,20161011,0.028,0.03,0.028,0.029,254387
SMD,20161011,0.028,0.028,0.028,0.028,40048
SMN,20161011,2.69,2.8,2.62,2.63,175430
SMP,20161011,0.17,0.17,0.165,0.165,400000
SMR,20161011,0.6,0.61,0.6,0.605,837429
SMX,20161011,1.68,1.69,1.595,1.595,286322
SNC,20161011,0.92,0.925,0.92,0.925,6925
SNL,20161011,1.92,1.92,1.92,1.92,6750
SO4,20161011,0.45,0.45,0.45,0.45,25502
SOC,20161011,0.005,0.007,0.005,0.006,31891420
SOL,20161011,16.14,16.16,16.02,16.05,43968
SOM,20161011,3.48,3.5,3.4,3.41,24003
SOP,20161011,0.021,0.021,0.021,0.021,18000
SOR,20161011,0.13,0.13,0.13,0.13,118043
SP1,20161011,0.045,0.045,0.042,0.042,359820
SPI,20161011,0.05,0.05,0.05,0.05,13523
SPK,20161011,3.31,3.34,3.275,3.3,845398
SPL,20161011,0.635,0.635,0.615,0.63,138984
SPO,20161011,1.12,1.125,1.11,1.12,5166835
SPY,20161011,285,285.71,285,285.71,135
SPZ,20161011,0.295,0.295,0.295,0.295,33749
SRF,20161011,0.185,0.185,0.17,0.175,743113
SRG,20161011,1.7,1.7,1.67,1.68,34506
SRH,20161011,0.12,0.12,0.12,0.12,38900
SRI,20161011,0.017,0.017,0.017,0.017,927452
SRO,20161011,0.019,0.021,0.019,0.021,7103590
SRS,20161011,0.025,0.029,0.025,0.029,1400418
SRV,20161011,7.96,8.19,7.96,8.1,68858
SRX,20161011,30.45,30.49,28.61,29.97,888805
SRY,20161011,0.05,0.05,0.048,0.048,50000
SSG,20161011,1.15,1.16,1.135,1.155,2735249
SSM,20161011,1.235,1.24,1.225,1.225,3437641
SSN,20161011,0.005,0.005,0.005,0.005,104419
SSO,20161011,13,13,12.99,12.99,1253
SST,20161011,16,16,16,16,500
ST1,20161011,0.029,0.03,0.028,0.03,1228149
STL,20161011,0.036,0.04,0.036,0.037,7462795
STO,20161011,3.95,3.99,3.93,3.94,9084034
STW,20161011,51.4,51.42,51.22,51.25,154236
STX,20161011,0.1,0.1,0.095,0.095,1678288
SUD,20161011,0.023,0.023,0.023,0.023,421781
SUL,20161011,10.37,10.38,10.28,10.32,852064
SUN,20161011,12.6,12.66,12.5,12.57,1648613
SUR,20161011,0.008,0.008,0.008,0.008,1000
SVH,20161011,0.26,0.26,0.25,0.25,73692
SVL,20161011,0.195,0.2,0.195,0.195,218170
SVM,20161011,0.125,0.135,0.125,0.135,243462
SVW,20161011,9.01,9.14,8.98,9.1,457144
SWJ,20161011,0.014,0.015,0.013,0.015,3534642
SWK,20161011,0.255,0.26,0.235,0.235,540750
SWL,20161011,0.8,0.88,0.8,0.87,366640
SWM,20161011,0.73,0.74,0.725,0.73,1418295
SXA,20161011,0.024,0.024,0.018,0.018,125000
SXE,20161011,0.595,0.605,0.595,0.6,772600
SXL,20161011,1.555,1.575,1.545,1.56,3998007
SXY,20161011,0.265,0.265,0.26,0.26,2157455
SYA,20161011,0.025,0.026,0.023,0.025,3553850
SYD,20161011,6.51,6.55,6.45,6.47,7027564
SYI,20161011,27.6,27.67,27.54,27.58,3819
SYR,20161011,3.84,3.87,3.72,3.81,6394162
SYT,20161011,0.044,0.044,0.04,0.042,20076445
TAG,20161011,0.051,0.053,0.051,0.053,92000
TAH,20161011,4.99,5.075,4.95,5.07,2737230
TAM,20161011,0.085,0.085,0.081,0.083,672088
TAP,20161011,0.089,0.09,0.088,0.09,301336
TAS,20161011,0.165,0.17,0.165,0.165,254592
TAW,20161011,0.15,0.15,0.14,0.15,754887
TBH,20161011,0.135,0.135,0.125,0.13,329600
TCH,20161011,2,2.03,1.975,2,122973
TCL,20161011,10.6,10.62,10.51,10.55,8012953
TCN,20161011,0.064,0.066,0.064,0.066,122600
TDL,20161011,0.185,0.185,0.17,0.18,41000
TDO,20161011,0.032,0.032,0.032,0.032,90000
TEN,20161011,1.435,1.47,1.41,1.47,167794
TER,20161011,0.031,0.033,0.031,0.033,491935
TFC,20161011,1.54,1.585,1.54,1.57,330093
TFL,20161011,0.235,0.235,0.225,0.225,99628
TGA,20161011,1.75,1.77,1.7,1.72,790753
TGG,20161011,1.165,1.18,1.16,1.165,136349
TGH,20161011,1.39,1.395,1.37,1.375,44109
TGP,20161011,0.905,0.905,0.9,0.9,13047
TGR,20161011,4.07,4.15,4.07,4.12,529841
TGS,20161011,0.022,0.023,0.021,0.021,901391
TGZ,20161011,1.07,1.07,1.035,1.06,44559
THD,20161011,0.022,0.022,0.021,0.021,919750
THX,20161011,0.049,0.049,0.049,0.049,101737
TIA,20161011,0.68,0.68,0.68,0.68,1444
TIG,20161011,0.06,0.06,0.06,0.06,95000
TIX,20161011,2.57,2.615,2.53,2.59,222644
TKF,20161011,0.056,0.056,0.052,0.055,43040
TKL,20161011,0.021,0.021,0.021,0.021,404253
TLG,20161011,0.325,0.36,0.32,0.345,1644778
TLM,20161011,0.38,0.38,0.38,0.38,10121
TLS,20161011,5.09,5.09,5.04,5.05,54257627
TME,20161011,5,5.02,4.95,4.96,706269
TMP,20161011,0.27,0.27,0.26,0.26,88000
TMX,20161011,0.01,0.01,0.01,0.01,40000
TMZ,20161011,0.048,0.048,0.041,0.041,260000
TNE,20161011,6.08,6.08,5.95,6,443087
TNG,20161011,0.155,0.16,0.15,0.15,587189
TNK,20161011,2.08,2.08,2.03,2.03,11947
TNR,20161011,0.185,0.195,0.185,0.185,315824
TOE,20161011,0.044,0.044,0.042,0.042,37500
TOM,20161011,0.052,0.052,0.052,0.052,30000
TOP,20161011,0.665,0.67,0.66,0.665,193610
TOU,20161011,0.155,0.155,0.155,0.155,30000
TOX,20161011,2.4,2.47,2.37,2.46,601560
TPE,20161011,3.03,3.07,3,3,18538
TPM,20161011,8,8.04,7.92,7.92,2996684
TPP,20161011,0.255,0.26,0.255,0.255,139029
TPW,20161011,0.135,0.135,0.135,0.135,1818
TRL,20161011,0.09,0.09,0.09,0.09,157400
TRS,20161011,9.64,9.75,9.43,9.57,138844
TRY,20161011,0.36,0.36,0.355,0.355,1790795
TSM,20161011,0.345,0.345,0.345,0.345,37500
TSN,20161011,0.026,0.026,0.024,0.025,2197062
TSV,20161011,0.01,0.01,0.01,0.01,271000
TTC,20161011,0.525,0.525,0.525,0.525,4542
TTE,20161011,0.002,0.002,0.002,0.002,1000000
TTL,20161011,0.03,0.03,0.03,0.03,319558
TTS,20161011,3.58,3.595,3.53,3.55,6499052
TTW,20161011,0.029,0.03,0.029,0.03,333000
TV2,20161011,0.017,0.017,0.017,0.017,1622208
TWD,20161011,3.61,3.65,3.6,3.65,14585
TWE,20161011,11.18,11.315,11.18,11.23,1401924
TWH,20161011,0.01,0.01,0.01,0.01,953210
TWR,20161011,0.885,0.9,0.86,0.86,94272
TYK,20161011,0.008,0.008,0.008,0.008,35000
TYX,20161011,0.037,0.038,0.037,0.037,558469
TZL,20161011,0.072,0.072,0.066,0.066,358791
TZN,20161011,0.095,0.105,0.091,0.105,455125
UBA,20161011,18.59,18.59,18.59,18.59,2
UBE,20161011,17.98,17.98,17.97,17.97,300
UBI,20161011,0.34,0.375,0.335,0.375,270319
UBJ,20161011,19.76,19.76,19.76,19.76,46
UBN,20161011,0.16,0.18,0.16,0.18,40374
UCM,20161011,0.255,0.285,0.255,0.285,94042
UGL,20161011,3.19,3.23,3.19,3.19,1556094
UIL,20161011,0.05,0.05,0.05,0.05,51025
UMAX,20161011,16.67,16.82,16.67,16.82,10517
UNV,20161011,0.15,0.155,0.15,0.155,75643
UOS,20161011,0.58,0.58,0.58,0.58,1800
UPD,20161011,0.59,0.59,0.575,0.59,220390
USD,20161011,12.83,12.92,12.83,12.91,31238
VAE,20161011,53.55,53.55,53.2,53.2,1015
VAF,20161011,49.58,49.64,49.53,49.58,18339
VAH,20161011,0.235,0.235,0.23,0.23,759865
VAN,20161011,0.051,0.051,0.051,0.051,13404
VAP,20161011,79.1,79.1,78.36,78.79,31985
VAS,20161011,69.89,69.98,69.62,69.68,17882
VBS,20161011,1.44,1.44,1.44,1.44,2522
VCF,20161011,51.77,52.01,51.71,52.01,2485
VCX,20161011,3.03,3.03,2.995,3.02,11404595
VEC,20161011,0.001,0.001,0.001,0.001,249000
VEU,20161011,59.74,59.89,59.64,59.81,21480
VGAD,20161011,54.53,54.53,54.2,54.3,7174
VGB,20161011,50.08,50.09,49.98,50.09,10995
VGE,20161011,56.63,56.64,56.14,56.14,410
VGL,20161011,5.95,5.95,5.95,5.95,1956
VGS,20161011,55.95,56.04,55.77,56.02,11464
VHT,20161011,0.585,0.63,0.57,0.62,202630
VHY,20161011,58.25,58.25,57.93,58.01,17199
VIF,20161011,52.9,52.9,52.6,52.63,7370
VII,20161011,0.26,0.26,0.26,0.26,4000
VIT,20161011,2.11,2.12,2.1,2.1,161045
VLA,20161011,0.95,0.99,0.94,0.99,789666
VLC,20161011,58.02,58.09,58.02,58.09,24214
VLT,20161011,0.042,0.042,0.042,0.042,81995
VLW,20161011,2.29,2.3,2.26,2.26,413067
VMC,20161011,0.165,0.175,0.165,0.165,274500
VMG,20161011,0.003,0.003,0.003,0.003,200000
VML,20161011,0.022,0.022,0.02,0.021,4402466
VMS,20161011,0.029,0.03,0.029,0.03,117294
VMT,20161011,0.12,0.12,0.11,0.115,125997
VMY,20161011,0.24,0.24,0.24,0.24,107035
VOC,20161011,5.77,5.8,5.63,5.63,3701544
VPC,20161011,0.024,0.024,0.024,0.024,154296
VRC,20161011,0.082,0.085,0.082,0.084,1686639
VRI,20161011,0.086,0.086,0.083,0.086,1287904
VRL,20161011,5.05,5.1,5.02,5.09,130830
VRT,20161011,7.45,7.5,7.405,7.45,597036
VSC,20161011,1.54,1.54,1.4,1.4,34720
VSO,20161011,49.27,49.35,49.27,49.29,1806
VTG,20161011,5.02,5.075,4.92,4.93,526290
VTM,20161011,0.02,0.02,0.02,0.02,474910
VTS,20161011,146.2,147,146.2,146.88,5890
VVR,20161011,2.33,2.35,2.3,2.31,387912
VXR,20161011,0.009,0.009,0.009,0.009,3950000
WAA,20161011,1.17,1.18,1.165,1.17,115777
WAF,20161011,0.32,0.32,0.31,0.32,480270
WAM,20161011,2.42,2.45,2.42,2.44,790871
WAX,20161011,1.65,1.66,1.645,1.66,193654
WBA,20161011,1.16,1.17,1.145,1.16,448402
WBC,20161011,30.88,30.94,30.51,30.66,5475865
WBT,20161011,0.026,0.026,0.025,0.025,2210395
WCB,20161011,6.75,6.75,6.75,6.75,102
WCN,20161011,0.01,0.01,0.01,0.01,723000
WCP,20161011,0.087,0.088,0.087,0.088,230000
WDE,20161011,0.76,0.77,0.755,0.77,178592
WDIV,20161011,17.57,17.6,17.54,17.6,134539
WEB,20161011,11.96,11.96,11.73,11.82,450971
WEC,20161011,0.07,0.07,0.07,0.07,26315
WEMG,20161011,17.47,17.47,17.47,17.47,0
WES,20161011,45.55,45.59,45.21,45.35,2186620
WFD,20161011,9.34,9.35,9.3,9.33,4054201
WFE,20161011,0.005,0.005,0.005,0.005,24691344
WGL,20161011,0.046,0.051,0.046,0.048,26062156
WHC,20161011,2.69,2.87,2.69,2.86,6948691
WHF,20161011,4.36,4.37,4.34,4.34,29177
WIN,20161011,0.19,0.19,0.19,0.19,8235994
WKT,20161011,0.004,0.004,0.003,0.004,4809000
WLD,20161011,0.25,0.26,0.25,0.252,611510
WLE,20161011,1.14,1.15,1.135,1.15,716996
WMC,20161011,0.22,0.22,0.19,0.19,82974
WMK,20161011,1.065,1.065,1.06,1.06,81284
WMN,20161011,0.001,0.001,0.001,0.001,27600000
WNR,20161011,0.325,0.325,0.325,0.325,371919
WOF,20161011,0.026,0.028,0.026,0.028,210781
WOR,20161011,8.87,9.2,8.81,9.18,2679854
WOW,20161011,24.15,24.3,24.05,24.1,3434501
WPG,20161011,0.077,0.077,0.074,0.075,1536391
WPL,20161011,30,30.23,29.855,30.05,3418732
WPP,20161011,0.95,0.95,0.88,0.915,1076114
WRLD,20161011,9.94,9.96,9.94,9.96,7508
WSA,20161011,2.63,2.68,2.58,2.64,2052777
WSG,20161011,0.01,0.01,0.01,0.01,99375
WTC,20161011,5.6,5.6,5.54,5.55,102981
WTP,20161011,0.89,0.89,0.86,0.89,489935
WWI,20161011,0.035,0.035,0.035,0.035,27938
WXHG,20161011,18.3,18.31,18.26,18.26,5318
WXOZ,20161011,23.68,23.74,23.68,23.72,2807
XF1,20161011,0.575,0.595,0.57,0.595,81680
XIP,20161011,3.38,3.4,3.35,3.36,28989
XPD,20161011,0.12,0.125,0.115,0.115,177297
XPE,20161011,0.042,0.042,0.041,0.041,7355998
XRF,20161011,0.18,0.19,0.18,0.19,190000
XRO,20161011,17.75,17.8,17.51,17.65,26771
XST,20161011,0.016,0.016,0.014,0.014,732762
XTD,20161011,0.175,0.175,0.17,0.17,57980
XTE,20161011,0.315,0.325,0.315,0.325,83854
YAL,20161011,0.235,0.235,0.235,0.235,5000
YBR,20161011,0.15,0.15,0.145,0.15,128238
YMAX,20161011,9.03,9.04,8.98,9,123560
YNB,20161011,0.07,0.07,0.067,0.067,100606
YOJ,20161011,0.043,0.043,0.041,0.041,277475
YOW,20161011,0.64,0.66,0.625,0.65,317614
YPB,20161011,0.18,0.18,0.175,0.175,143392
ZGOL,20161011,16.48,16.56,16.48,16.56,6134
ZIM,20161011,6.05,6.1,6.05,6.1,1200
ZIP,20161011,0.17,0.17,0.17,0.17,57197
ZMI,20161011,0.016,0.016,0.014,0.014,9800443
ZML,20161011,0.805,0.815,0.805,0.81,176007
ZNC,20161011,0.125,0.125,0.125,0.125,3475
ZOZI,20161011,10.08,10.08,10.08,10.08,0
ZUSD,20161011,10.07,10.07,10.07,10.07,1191
ZYB,20161011,0.009,0.009,0.008,0.009,1175000
ZYUS,20161011,12.09,12.14,12.04,12.14,10978
XAF,20161011,5384,5406.4,5380.5,5386.6,0
XAO,20161011,5555.5,5578.9,5555.5,5562.2,0
XAT,20161011,5418.2,5440.9,5417.4,5422.9,0
XDJ,20161011,2187.7,2197.9,2185.8,2189.1,0
XEC,20161011,1408.3,1418,1408.3,1415.9,0
XEJ,20161011,8733.4,8960,8732.9,8936.5,0
XFJ,20161011,6090.6,6119.9,6069,6082,0
XFL,20161011,5431.5,5454.5,5428.4,5434.6,0
XGD,20161011,4414.5,4456.3,4332.7,4336.2,0
XHJ,20161011,21646.6,21646.6,21415.8,21444.1,0
XIJ,20161011,839.9,842.5,836.6,836.8,0
XJO,20161011,5475.4,5498,5474.4,5479.8,0
XJR,20161011,3121.9,3177.5,3121.9,3174.2,0
XKO,20161011,5438.9,5461.4,5438.5,5443.8,0
XMD,20161011,5730.8,5753.1,5725.1,5737.6,0
XMJ,20161011,9131.7,9240.5,9131.7,9217.5,0
XMM,20161011,2709.2,2751.1,2709.2,2747.4,0
XNJ,20161011,5149.7,5162.8,5126.2,5132.1,0
XPJ,20161011,1367.7,1369,1356.9,1364.1,0
XSJ,20161011,9218.3,9280.3,9215.7,9238.3,0
XSO,20161011,2419.5,2430.9,2419.5,2426.7,0
XTJ,20161011,1811.7,1820.5,1804.3,1804.4,0
XTL,20161011,3143.1,3156.9,3138.7,3144,0
XTO,20161011,4522.1,4540.8,4520.7,4525.1,0
XUJ,20161011,7036.4,7079.9,7022.4,7065.4,0
XXJ,20161011,6793,6825.7,6769,6783.4,0
