1AL,20160204,0.99,0.99,0.99,0.99,2000
1PG,20160204,3.2,3.24,2.98,3,376655
1ST,20160204,0.066,0.078,0.066,0.078,188424
3DM,20160204,0.071,0.071,0.071,0.071,54739
3PL,20160204,1.785,1.785,1.715,1.78,213860
4DS,20160204,0.039,0.039,0.038,0.039,1680000
88E,20160204,0.007,0.007,0.007,0.007,3663857
8EC,20160204,0.96,0.96,0.96,0.96,9321
8IH,20160204,1.14,1.14,1.14,1.14,59297
A2M,20160204,1.635,1.67,1.63,1.65,4202654
AAA,20160204,50.1,50.11,50.09,50.11,82997
AAC,20160204,1.29,1.295,1.265,1.27,1089887
AAD,20160204,2.09,2.11,2.05,2.05,1042497
AAP,20160204,0.03,0.03,0.03,0.03,250000
AAX,20160204,0.24,0.24,0.24,0.24,105010
AB1,20160204,0.225,0.24,0.22,0.24,826498
ABA,20160204,5.2,5.2,5.15,5.15,8893
ABC,20160204,4.69,4.78,4.66,4.76,2956295
ABP,20160204,3,3.02,2.96,2.99,638820
ABU,20160204,0.034,0.038,0.034,0.035,372222
ABV,20160204,0.007,0.007,0.007,0.007,1116227
ABX,20160204,0.155,0.155,0.155,0.155,19000
ABY,20160204,0.17,0.18,0.165,0.175,22765
ACG,20160204,0.18,0.18,0.18,0.18,2200
ACL,20160204,0.009,0.009,0.008,0.008,1970921
ACQ,20160204,0.835,0.835,0.835,0.835,10197
ACR,20160204,0.67,0.7,0.655,0.655,219516
ACU,20160204,0.073,0.073,0.072,0.072,67002
ACW,20160204,0.053,0.053,0.051,0.051,284510
ACX,20160204,4.74,4.805,4.54,4.59,268200
ADA,20160204,2.04,2.09,2.01,2.02,82196
ADH,20160204,2.56,2.57,2.53,2.56,67815
ADJ,20160204,0.096,0.097,0.096,0.097,214659
ADN,20160204,0.008,0.008,0.008,0.008,200000
ADO,20160204,0.07,0.07,0.066,0.066,2305110
ADR,20160204,0.535,0.575,0.535,0.565,45000
ADV,20160204,0.024,0.024,0.022,0.022,10863500
ADY,20160204,0.011,0.011,0.011,0.011,5700
AEB,20160204,0.061,0.062,0.059,0.062,642200
AEE,20160204,0.016,0.022,0.016,0.02,1171910
AEF,20160204,63.9,64,63,64,141
AEG,20160204,1.275,1.295,1.25,1.29,141148
AEV,20160204,0.115,0.115,0.115,0.115,34000
AFG,20160204,1,1,1,1,1010
AFI,20160204,5.65,5.69,5.6,5.61,198886
AGF,20160204,0.785,0.8,0.785,0.8,274860
AGG,20160204,2.7,2.7,2.7,2.7,125
AGI,20160204,2.2,2.22,2.17,2.18,273719
AGL,20160204,18.63,18.95,18.36,18.91,2547213
AGO,20160204,0.014,0.014,0.013,0.013,20279443
AGR,20160204,0.11,0.11,0.105,0.105,111100
AGS,20160204,0.033,0.034,0.033,0.033,842784
AHA,20160204,0.005,0.005,0.005,0.005,500000
AHF,20160204,0.33,0.345,0.297,0.3,2338402
AHG,20160204,4.33,4.39,4.33,4.37,811610
AHL,20160204,0.5,0.525,0.5,0.525,326338
AHX,20160204,1.34,1.34,1.3,1.3,96700
AHY,20160204,1.575,1.61,1.575,1.61,1578340
AHZ,20160204,0.645,0.655,0.63,0.65,278312
AIA,20160204,5.16,5.24,5.15,5.22,171257
AIB,20160204,0.83,0.83,0.83,0.83,4769
AIO,20160204,8.8,8.91,8.78,8.9,2383583
AIR,20160204,0.125,0.125,0.125,0.125,12822
AIS,20160204,0.03,0.03,0.03,0.03,100000
AIV,20160204,0.011,0.011,0.011,0.011,49150
AIZ,20160204,2.61,2.62,2.59,2.61,153617
AJA,20160204,5.37,5.37,5.25,5.26,9426
AJC,20160204,0.004,0.004,0.004,0.004,125000
AJD,20160204,1.3,1.3,1.29,1.3,217457
AJL,20160204,0.36,0.36,0.36,0.36,25000
AJM,20160204,0.053,0.06,0.052,0.06,4908695
AJQ,20160204,0.11,0.11,0.11,0.11,33854
AJR,20160204,0.001,0.001,0.001,0.001,500000
AJX,20160204,0.755,0.765,0.72,0.735,487253
AKG,20160204,0.28,0.28,0.275,0.275,101532
AKK,20160204,0.01,0.01,0.01,0.01,1040259
AKM,20160204,0.007,0.008,0.007,0.008,314500
AKP,20160204,7.01,7.01,7.01,7.01,1500
ALA,20160204,0.19,0.195,0.17,0.17,1357121
ALF,20160204,1.465,1.48,1.46,1.47,384092
ALI,20160204,1.75,1.76,1.73,1.735,74440
ALK,20160204,0.2,0.2,0.18,0.185,802439
ALL,20160204,10.38,10.39,10.17,10.27,2383701
ALQ,20160204,3.3,3.44,3.25,3.39,2420606
ALR,20160204,0.97,0.97,0.97,0.97,2165
ALT,20160204,0.004,0.004,0.004,0.004,200000
ALU,20160204,5.4,5.45,5.25,5.26,624516
AMA,20160204,0.92,0.935,0.9,0.925,116862
AMB,20160204,0.18,0.18,0.18,0.18,10000
AMC,20160204,12.9,12.99,12.57,12.6,5087591
AMH,20160204,0.85,0.865,0.85,0.85,39965
AMI,20160204,0.06,0.065,0.06,0.06,279175
AMP,20160204,5.31,5.33,5.225,5.27,7430569
ANG,20160204,0.185,0.185,0.165,0.165,24398
ANN,20160204,15.75,15.76,14.76,14.8,4649362
ANQ,20160204,0.002,0.002,0.002,0.002,3885478
ANR,20160204,1.57,1.57,1.45,1.5,168370
ANZ,20160204,24,24.4,23.69,24.3,6068201
AOG,20160204,2.99,3.02,2.96,2.98,667541
AOH,20160204,0.095,0.095,0.093,0.095,468173
AOK,20160204,0.055,0.055,0.055,0.055,165402
AOU,20160204,0.09,0.09,0.09,0.09,75000
APA,20160204,8.55,8.83,8.55,8.81,2717592
APD,20160204,0.42,0.43,0.42,0.43,119047
APE,20160204,11.6,11.6,11.26,11.31,108750
APG,20160204,0.004,0.004,0.004,0.004,1329650
API,20160204,2.11,2.15,2.1,2.15,836499
APN,20160204,0.525,0.55,0.52,0.535,2404988
APO,20160204,5.66,5.715,5.64,5.64,387098
APW,20160204,0.125,0.125,0.125,0.125,94670
APX,20160204,1.55,1.56,1.54,1.56,50453
APY,20160204,0.009,0.009,0.009,0.009,8215575
APZ,20160204,1.125,1.14,1.125,1.13,41190
AQC,20160204,0.02,0.022,0.02,0.022,762000
AQF,20160204,1.73,1.73,1.73,1.73,4963
AQG,20160204,2.26,2.3,2.25,2.26,309435
AQI,20160204,0.042,0.046,0.042,0.046,824558
AQP,20160204,0.255,0.255,0.25,0.25,286835
AQQ,20160204,0.013,0.013,0.012,0.012,226666
AQZ,20160204,0.48,0.48,0.48,0.48,40000
AR1,20160204,0.017,0.017,0.017,0.017,1600
ARA,20160204,0.36,0.36,0.36,0.36,30935
ARB,20160204,15.4,15.5,15.09,15.28,94834
ARD,20160204,0.021,0.021,0.021,0.021,407185
ARE,20160204,0.004,0.004,0.004,0.004,1390998
ARF,20160204,1.78,1.8,1.77,1.77,253874
ARG,20160204,7.6,7.74,7.6,7.73,153078
ARI,20160204,0.06,0.061,0.056,0.057,8203746
ARM,20160204,0.029,0.029,0.029,0.029,10000
ARS,20160204,0.15,0.15,0.15,0.15,7000
ARU,20160204,0.06,0.06,0.055,0.055,359890
ARV,20160204,0.001,0.001,0.001,0.001,750000
ASB,20160204,1.23,1.25,1.205,1.24,952004
ASH,20160204,0.15,0.15,0.15,0.15,3000
ASL,20160204,0.22,0.235,0.22,0.235,189599
ASN,20160204,0.013,0.013,0.013,0.013,200000
AST,20160204,1.47,1.505,1.462,1.485,24013267
ASX,20160204,40.65,40.89,40.14,40.31,530970
ASZ,20160204,1.09,1.095,1.08,1.09,25882
ATC,20160204,0.097,0.098,0.097,0.098,139251
ATR,20160204,0.18,0.18,0.18,0.18,30000
ATU,20160204,0.38,0.38,0.38,0.38,10000
AUB,20160204,8.67,8.87,8.66,8.75,9408
AUF,20160204,1.2,1.23,1.2,1.23,18445
AUI,20160204,7.19,7.19,7.19,7.19,1990
AUQ,20160204,0.015,0.015,0.015,0.015,726997
AUZ,20160204,0.005,0.006,0.005,0.006,1060000
AVB,20160204,0.059,0.061,0.059,0.061,1249892
AVD,20160204,0.019,0.019,0.019,0.019,12000
AVG,20160204,0.38,0.385,0.38,0.38,35159
AVH,20160204,0.1,0.1,0.096,0.096,607348
AVJ,20160204,0.545,0.56,0.545,0.56,6000
AVN,20160204,2.04,2.04,2,2.03,2920644
AVQ,20160204,0.235,0.235,0.225,0.23,184092
AVX,20160204,0.041,0.041,0.041,0.041,62368
AVZ,20160204,0.009,0.009,0.009,0.009,2500000
AWC,20160204,1.02,1.085,1.01,1.085,7893047
AWE,20160204,0.45,0.455,0.43,0.435,8821401
AWI,20160204,0.21,0.21,0.2,0.2,200000
AWN,20160204,0.6,0.6,0.6,0.6,9250
AWV,20160204,0.045,0.045,0.045,0.045,400000
AXE,20160204,0.082,0.082,0.082,0.082,2200
AXP,20160204,1.235,1.235,1.2,1.21,79962
AXT,20160204,0.065,0.065,0.065,0.065,100000
AYA,20160204,0.092,0.094,0.092,0.094,107876
AYB,20160204,0.055,0.06,0.055,0.06,2454332
AYC,20160204,0.022,0.022,0.022,0.022,105000
AYJ,20160204,71.4,71.4,71.39,71.39,2000
AYR,20160204,0.006,0.006,0.006,0.006,426239
AYS,20160204,3.2,3.21,3.05,3.15,161229
AYZ,20160204,74.22,74.22,74.22,74.22,700
AZJ,20160204,3.66,3.735,3.62,3.72,10004813
AZM,20160204,0.042,0.045,0.041,0.043,2288114
AZS,20160204,0.026,0.026,0.024,0.024,1001634
AZV,20160204,0.076,0.076,0.076,0.076,130000
BAF,20160204,0.995,1,0.99,0.99,171655
BAL,20160204,12.1,12.22,11,11.14,1647970
BAP,20160204,4.22,4.24,4.16,4.24,649339
BAR,20160204,0.019,0.02,0.018,0.018,205000
BAU,20160204,0.089,0.089,0.088,0.088,31518
BBG,20160204,1.755,1.755,1.7,1.745,208927
BBN,20160204,2.56,2.57,2.49,2.52,315994
BBX,20160204,0.031,0.035,0.029,0.029,1009602
BCI,20160204,0.076,0.079,0.076,0.077,196690
BCN,20160204,0.005,0.005,0.004,0.004,6098958
BDI,20160204,0.001,0.001,0.001,0.001,2522200
BDR,20160204,0.155,0.16,0.15,0.15,5154397
BEAR,20160204,18.71,18.77,18.49,18.54,84677
BEL,20160204,0.14,0.14,0.14,0.14,20000
BEN,20160204,10.39,10.4,10.18,10.37,1511032
BFC,20160204,0.55,0.57,0.54,0.555,1726121
BFG,20160204,0.54,0.54,0.53,0.53,37000
BGA,20160204,6.29,6.45,6.28,6.36,598977
BGL,20160204,0.76,0.77,0.76,0.76,39155
BGS,20160204,0.064,0.064,0.051,0.058,205792
BHP,20160204,14.82,15.55,14.75,15.45,11707993
BIG,20160204,0.19,0.205,0.19,0.2,94526
BIS,20160204,0.49,0.49,0.49,0.49,2000
BIT,20160204,0.066,0.066,0.061,0.065,213128
BKI,20160204,1.615,1.63,1.61,1.63,197471
BKL,20160204,175.32,181.97,175.32,179.83,181876
BKN,20160204,0.44,0.46,0.435,0.44,641253
BKW,20160204,15.12,15.335,14.975,15.11,937410
BKY,20160204,0.485,0.485,0.45,0.455,431269
BLA,20160204,5.58,5.59,5.35,5.54,56146
BLD,20160204,5.48,5.495,5.36,5.42,4275278
BLK,20160204,0.37,0.385,0.365,0.385,952650
BLT,20160204,0.26,0.27,0.26,0.26,7706
BLX,20160204,2.1,2.15,2.07,2.07,116238
BLY,20160204,0.05,0.05,0.049,0.05,141660
BLZ,20160204,0.051,0.055,0.051,0.055,71500
BML,20160204,0.003,0.003,0.003,0.003,3847484
BMN,20160204,0.032,0.033,0.03,0.032,410000
BNO,20160204,0.32,0.34,0.32,0.335,409348
BNR,20160204,0.032,0.033,0.03,0.03,315056
BOA,20160204,0.125,0.125,0.125,0.125,4000
BOC,20160204,0.19,0.19,0.19,0.19,32560
BOE,20160204,0.042,0.042,0.036,0.036,2214323
BOL,20160204,0.084,0.084,0.08,0.08,137729
BOQ,20160204,12.85,12.86,12.72,12.8,1920461
BPF,20160204,0.55,0.555,0.535,0.535,346228
BPS,20160204,0.965,0.97,0.94,0.97,21500
BPT,20160204,0.39,0.41,0.382,0.405,13751529
BRB,20160204,0.14,0.15,0.14,0.14,407158
BRG,20160204,6,6.16,5.95,6.11,154395
BRL,20160204,0.015,0.015,0.015,0.015,158880
BRN,20160204,0.22,0.23,0.22,0.22,151000
BRS,20160204,1.2,1.222,1.165,1.2,2346887
BRU,20160204,0.22,0.235,0.21,0.22,307358
BSA,20160204,0.18,0.18,0.18,0.18,275000
BSE,20160204,0.027,0.027,0.027,0.027,23984245
BSL,20160204,4.45,4.53,4.37,4.52,6082181
BSR,20160204,0.01,0.011,0.01,0.01,804909
BTT,20160204,9.95,10.02,9.68,9.92,958053
BUD,20160204,0.175,0.18,0.172,0.175,1804271
BUL,20160204,0.023,0.023,0.023,0.023,30000
BUR,20160204,0.004,0.004,0.004,0.004,7449892
BUX,20160204,0.06,0.067,0.06,0.067,248567
BWF,20160204,0.41,0.41,0.41,0.41,3070
BWP,20160204,3.1,3.17,3.1,3.15,1465455
BWR,20160204,1.35,1.36,1.315,1.315,60324
BWX,20160204,3.9,4,3.85,3.86,273472
BXB,20160204,10.85,10.85,10.53,10.61,3251306
BXN,20160204,0.022,0.022,0.019,0.02,455000
BYI,20160204,1.025,1.025,1.025,1.025,15
BYL,20160204,0.185,0.19,0.185,0.19,57957
BYR,20160204,0.025,0.028,0.021,0.023,14842962
CAA,20160204,0.09,0.09,0.09,0.09,56000
CAB,20160204,3.13,3.17,3.12,3.16,635255
CAD,20160204,0.001,0.001,0.001,0.001,702
CAE,20160204,0.03,0.036,0.03,0.036,105000
CAF,20160204,0.38,0.38,0.38,0.38,15255
CAJ,20160204,0.18,0.185,0.17,0.17,3940678
CAM,20160204,0.8,0.805,0.795,0.805,132432
CAP,20160204,0.022,0.022,0.022,0.022,35750
CAR,20160204,11.57,11.65,11.28,11.3,1218231
CAS,20160204,0.12,0.125,0.115,0.125,142709
CAT,20160204,2.04,2.05,2.01,2.05,49458
CAV,20160204,0.011,0.011,0.01,0.01,2357318
CAY,20160204,0.045,0.047,0.045,0.047,267138
CBA,20160204,76.3,77.63,76.05,77.36,3125514
CBL,20160204,2.2,2.2,2.2,2.2,1028
CCF,20160204,0.14,0.14,0.137,0.14,947129
CCL,20160204,8.1,8.38,8.1,8.31,2144046
CCP,20160204,10.83,11.3,10.83,11.17,281510
CCV,20160204,0.5,0.52,0.5,0.505,839518
CDA,20160204,0.59,0.62,0.585,0.6,563153
CDB,20160204,0.01,0.01,0.01,0.01,50000
CDD,20160204,0.995,1.04,0.98,1.04,208141
CDG,20160204,0.038,0.038,0.038,0.038,44500
CDM,20160204,1.49,1.49,1.465,1.48,282828
CDP,20160204,7.05,7.1,7.05,7.08,26086
CDT,20160204,0.012,0.012,0.01,0.01,150000
CDV,20160204,0.12,0.12,0.11,0.11,54000
CDY,20160204,0.021,0.021,0.021,0.021,1129577
CFE,20160204,0.018,0.018,0.018,0.018,50000
CGC,20160204,2.59,2.59,2.49,2.55,453323
CGF,20160204,7.49,7.54,7.31,7.47,4308401
CGL,20160204,4.78,4.79,4.78,4.79,507056
CGM,20160204,0.001,0.001,0.001,0.001,710000
CGN,20160204,0.068,0.068,0.068,0.068,32058
CGW,20160204,0.445,0.445,0.445,0.445,1030
CHC,20160204,4.47,4.5,4.425,4.45,926066
CHF,20160204,0.025,0.025,0.025,0.025,32000
CHN,20160204,0.105,0.105,0.105,0.105,74500
CHZ,20160204,0.038,0.038,0.038,0.038,29670
CIA,20160204,0.15,0.15,0.15,0.15,100000
CIE,20160204,1.01,1.01,1.01,1.01,20000
CII,20160204,1.35,1.35,1.35,1.35,10000
CIM,20160204,23.45,24.36,23.32,24.1,659845
CIN,20160204,31.7,31.89,31,31.25,9859
CJC,20160204,0.005,0.005,0.005,0.005,84333
CKF,20160204,5,5,4.76,4.79,277541
CL1,20160204,1.9,1.95,1.9,1.91,553329
CL8,20160204,0.022,0.023,0.021,0.021,1648628
CLH,20160204,1.6,1.62,1.585,1.6,1302641
CLQ,20160204,0.18,0.195,0.18,0.19,361657
CLV,20160204,0.3,0.315,0.3,0.31,52254
CLX,20160204,1.04,1.05,1.04,1.05,25035
CM8,20160204,0.26,0.265,0.255,0.255,604235
CMA,20160204,1.985,1.99,1.985,1.985,97943
CMP,20160204,0.39,0.39,0.39,0.39,10000
CMT,20160204,0.045,0.045,0.045,0.045,170000
CMW,20160204,1,1,0.99,1,2106429
CMY,20160204,0.004,0.004,0.004,0.004,8662974
CNI,20160204,0.96,0.97,0.96,0.97,6228
CNQ,20160204,0.021,0.021,0.017,0.017,50000
CNU,20160204,3.59,3.59,3.54,3.58,28140
CNW,20160204,0.033,0.033,0.03,0.03,2329853
COE,20160204,0.155,0.16,0.15,0.16,67912
COH,20160204,95,95.08,93.21,94.22,182838
COI,20160204,0.092,0.092,0.092,0.092,23901
COO,20160204,0.125,0.125,0.125,0.125,198
CPU,20160204,10.57,10.81,10.38,10.61,2001841
CQR,20160204,4.25,4.27,4.21,4.25,1313165
CRB,20160204,0.073,0.073,0.073,0.073,153500
CSD,20160204,0.038,0.038,0.036,0.036,122746
CSE,20160204,0.255,0.26,0.255,0.26,157000
CSL,20160204,107,107.23,105.31,105.74,776908
CSR,20160204,2.67,2.69,2.64,2.67,2786753
CSS,20160204,0.046,0.047,0.045,0.045,472293
CSV,20160204,1.605,1.605,1.55,1.57,293090
CTD,20160204,12.03,12.04,11.64,11.65,238182
CTM,20160204,0.006,0.006,0.005,0.006,159862
CTN,20160204,0.945,0.95,0.94,0.95,359640
CTP,20160204,0.105,0.115,0.105,0.11,102030
CTR,20160204,0.057,0.06,0.056,0.06,1144191
CTX,20160204,36.61,37.5,36.61,37.44,907073
CUE,20160204,0.063,0.065,0.06,0.065,776934
CUL,20160204,0.003,0.003,0.003,0.003,199000
CUP,20160204,0.84,0.84,0.83,0.83,54258
CUV,20160204,2.97,3,2.97,3,65371
CV1,20160204,0.37,0.37,0.37,0.37,1000
CVE,20160204,0.007,0.007,0.006,0.006,885000
CVN,20160204,0.08,0.085,0.08,0.082,769627
CVO,20160204,2.06,2.12,2.035,2.09,2405410
CVT,20160204,0.35,0.38,0.35,0.375,1889478
CVV,20160204,0.085,0.085,0.08,0.08,90910
CVW,20160204,0.92,0.94,0.92,0.94,19270
CWC,20160204,0.48,0.49,0.48,0.49,3100
CWE,20160204,0.04,0.041,0.04,0.04,1249954
CWN,20160204,12.27,12.32,11.87,12.06,1480183
CWP,20160204,4.23,4.23,4.15,4.19,41976
CWY,20160204,0.74,0.75,0.715,0.75,1739705
CXO,20160204,0.025,0.03,0.022,0.023,30440071
CXU,20160204,0.083,0.083,0.083,0.083,167
CXX,20160204,0.19,0.19,0.19,0.19,19575
CXZ,20160204,0.16,0.165,0.16,0.165,42000
CYA,20160204,0.85,0.85,0.825,0.825,56447
CYB,20160204,3.92,4.09,3.86,4,65633933
CYP,20160204,0.37,0.37,0.335,0.355,428296
CYY,20160204,0.023,0.023,0.022,0.023,192503
CZI,20160204,0.02,0.02,0.02,0.02,50000
CZL,20160204,0.046,0.047,0.046,0.046,674570
CZZ,20160204,19,19.54,18.95,19.19,9531
D13,20160204,0.093,0.094,0.089,0.09,811412
DCC,20160204,0.2,0.2,0.19,0.19,248000
DCG,20160204,1.02,1.02,1.005,1.02,78763
DCN,20160204,0.88,0.93,0.88,0.93,1826235
DDR,20160204,1.54,1.54,1.5,1.51,83440
DDT,20160204,0.023,0.023,0.022,0.023,653614
DFM,20160204,1.37,1.385,1.37,1.385,22350
DGH,20160204,0.7,0.7,0.7,0.7,100000
DJW,20160204,4.11,4.17,4.09,4.09,148253
DKO,20160204,0.06,0.06,0.06,0.06,100000
DLC,20160204,0.002,0.002,0.002,0.002,5000
DLS,20160204,0.48,0.505,0.475,0.495,2240530
DLX,20160204,6.4,6.53,6.39,6.49,965356
DM1,20160204,0.1,0.1,0.1,0.1,70000
DMC,20160204,0.23,0.24,0.23,0.24,39036
DMP,20160204,58.05,58.1,52.91,53.97,464123
DNA,20160204,0.69,0.72,0.69,0.72,598838
DNK,20160204,0.25,0.25,0.25,0.25,10500
DOW,20160204,2.96,3.255,2.77,3.21,4473183
DRG,20160204,0.025,0.03,0.025,0.03,426787
DRM,20160204,0.685,0.72,0.675,0.695,2045714
DSX,20160204,0.068,0.068,0.065,0.065,236500
DTI,20160204,0.255,0.255,0.235,0.235,12000
DTL,20160204,1.17,1.17,1.135,1.14,12831
DUB,20160204,0.76,0.77,0.75,0.755,167554
DUE,20160204,2.27,2.3,2.27,2.3,9300082
DUI,20160204,3.27,3.3,3.27,3.29,27214
DVA,20160204,0.53,0.53,0.51,0.52,110838
DVI,20160204,0.018,0.018,0.018,0.018,26179
DVL,20160204,0.34,0.34,0.34,0.34,16500
DVN,20160204,0.67,0.67,0.67,0.67,3502
DWS,20160204,1.16,1.17,1.16,1.16,54545
DXB,20160204,0.005,0.005,0.005,0.005,2997170
DXS,20160204,7.34,7.5,7.31,7.49,2745426
DYE,20160204,0.27,0.27,0.265,0.265,102000
E88,20160204,1.99,1.99,1.99,1.99,2800
EAI,20160204,0.88,0.9,0.88,0.9,22300
EAR,20160204,0.084,0.084,0.084,0.084,26855
EAS,20160204,1.35,1.35,1.35,1.35,6520
EAX,20160204,0.85,0.85,0.85,0.85,11204
EBG,20160204,0.066,0.066,0.066,0.066,93000
EBO,20160204,12.7,12.7,12.7,12.7,204
ECG,20160204,0.275,0.285,0.265,0.265,66000
ECX,20160204,3.05,3.09,3.02,3.06,328603
EDE,20160204,0.066,0.067,0.063,0.063,1693537
EEG,20160204,0.022,0.022,0.019,0.019,336500
EEU,20160204,15.13,15.13,15.13,15.13,250
EGG,20160204,0.82,0.82,0.82,0.82,6589
EGH,20160204,0.545,0.55,0.525,0.535,120397
EGI,20160204,0.95,0.95,0.93,0.93,21634
EGO,20160204,0.37,0.375,0.37,0.37,29080
EHE,20160204,6.83,6.83,6.635,6.67,933023
EHL,20160204,0.039,0.039,0.033,0.033,345152
ELD,20160204,4.4,4.54,4.4,4.5,505111
ELK,20160204,0.105,0.105,0.105,0.105,10000
ELM,20160204,0.175,0.175,0.175,0.175,1000
ELX,20160204,0.78,0.78,0.76,0.77,107343
EMC,20160204,0.22,0.22,0.21,0.215,256300
EME,20160204,0.067,0.067,0.067,0.067,40000
EMG,20160204,0.015,0.015,0.015,0.015,100000
EMH,20160204,0.115,0.12,0.11,0.115,479429
EML,20160204,1.12,1.12,1.08,1.08,72776
EMR,20160204,0.026,0.027,0.024,0.026,2699828
EMU,20160204,0.12,0.15,0.12,0.15,665781
EMX,20160204,0.03,0.032,0.03,0.032,265949
ENA,20160204,0.17,0.17,0.17,0.17,105000
ENN,20160204,1.65,1.68,1.65,1.68,138065
ENZ,20160204,0.275,0.28,0.275,0.28,21723
EOS,20160204,1.255,1.34,1.255,1.34,17391
EPD,20160204,0.315,0.325,0.3,0.3,659188
EPW,20160204,1.61,1.61,1.57,1.57,367726
EPX,20160204,1.375,1.375,1.375,1.375,5000
EQT,20160204,17.5,17.75,16.5,16.6,13743
ERA,20160204,0.35,0.36,0.34,0.355,95303
ERJ,20160204,0.029,0.029,0.028,0.028,165194
ERL,20160204,0.016,0.016,0.016,0.016,682
ERM,20160204,0.034,0.034,0.034,0.034,58500
ESI,20160204,0.021,0.021,0.019,0.02,14741206
ESR,20160204,0.025,0.025,0.025,0.025,66143
ESV,20160204,0.046,0.046,0.046,0.046,30000
ETE,20160204,0.009,0.009,0.009,0.009,5000
EVE,20160204,0.008,0.009,0.008,0.009,765598
EVM,20160204,0.09,0.091,0.09,0.09,77037
EVN,20160204,1.485,1.53,1.45,1.525,12580615
EVT,20160204,15,15,14.61,14.7,59867
EWC,20160204,0.22,0.24,0.22,0.225,43577
EXG,20160204,0.12,0.14,0.115,0.13,1545059
EXM,20160204,0.014,0.015,0.012,0.015,8308335
EXU,20160204,0.026,0.028,0.026,0.027,2078646
EZL,20160204,0.71,0.71,0.7,0.7,4000
FAN,20160204,1.85,1.88,1.835,1.86,18108
FAR,20160204,0.071,0.074,0.069,0.073,5136648
FBR,20160204,0.025,0.025,0.025,0.025,600000
FBU,20160204,6.64,6.65,6.6,6.61,1395704
FCN,20160204,0.024,0.026,0.023,0.026,2561042
FCR,20160204,0.003,0.003,0.003,0.003,1500000
FEL,20160204,0.036,0.036,0.036,0.036,50000
FET,20160204,2.16,2.2,2.14,2.14,918720
FFG,20160204,0.076,0.077,0.076,0.077,182700
FGG,20160204,1.155,1.175,1.155,1.155,88951
FGR,20160204,0.053,0.053,0.05,0.05,263637
FGX,20160204,1.135,1.14,1.135,1.14,221743
FLK,20160204,0.845,0.86,0.845,0.86,5124
FLN,20160204,1.69,1.74,1.69,1.73,31763
FLT,20160204,39.55,39.55,38,38.58,341861
FMG,20160204,1.68,1.82,1.68,1.81,35021188
FML,20160204,0.34,0.355,0.34,0.355,78778
FMS,20160204,0.008,0.008,0.008,0.008,35000
FND,20160204,0.115,0.115,0.11,0.11,111923
FNP,20160204,3.74,3.74,3.61,3.66,57118
FPH,20160204,8.02,8.08,8.01,8.05,312317
FRI,20160204,1,1,1,1,70530
FRM,20160204,1.85,1.87,1.76,1.81,137574
FRX,20160204,0.21,0.24,0.21,0.235,381000
FSA,20160204,1.01,1.01,1.01,1.01,3000
FSF,20160204,5.6,5.6,5.48,5.48,15558
FSI,20160204,1.375,1.375,1.375,1.375,2114
FWD,20160204,1.16,1.2,1.16,1.2,62832
FXJ,20160204,0.885,0.89,0.845,0.85,10747489
FXL,20160204,2.82,2.83,2.79,2.81,775871
GAP,20160204,0.29,0.295,0.285,0.295,151986
GBG,20160204,0.016,0.016,0.015,0.016,640723
GBM,20160204,0.008,0.008,0.006,0.006,150250
GBT,20160204,4.17,4.27,4.13,4.17,153854
GBX,20160204,0.004,0.004,0.004,0.004,6425000
GC1,20160204,0.96,0.96,0.95,0.95,20079
GCS,20160204,0.46,0.465,0.45,0.465,4123
GCY,20160204,0.16,0.165,0.16,0.165,312883
GDF,20160204,0.935,0.94,0.93,0.94,187506
GDI,20160204,0.85,0.85,0.84,0.845,210631
GDX,20160204,21.5,21.5,21.4,21.43,4117
GDY,20160204,0.027,0.027,0.027,0.027,326000
GEG,20160204,1.17,1.17,1.15,1.17,287055
GEM,20160204,3.34,3.4,3.31,3.32,1024496
GER,20160204,0.06,0.062,0.06,0.06,203979
GFI,20160204,0.3,0.31,0.28,0.3,158010
GFL,20160204,1.3,1.3,1.3,1.3,5000
GFY,20160204,0.835,0.89,0.835,0.87,418150
GGG,20160204,0.03,0.03,0.029,0.029,850385
GHC,20160204,1.885,1.885,1.88,1.885,17982
GID,20160204,0.021,0.021,0.018,0.02,203020
GJT,20160204,2.02,2.05,2.02,2.045,46882
GLN,20160204,0.003,0.003,0.003,0.003,592551
GMA,20160204,2.51,2.59,2.5,2.54,1476570
GMC,20160204,0.012,0.012,0.012,0.012,20714
GMF,20160204,2.04,2.05,2.02,2.02,118982
GMG,20160204,6,6.06,5.955,6.04,5890435
GMM,20160204,0.255,0.28,0.255,0.27,1750694
GMN,20160204,0.038,0.038,0.038,0.038,50000
GMR,20160204,0.003,0.003,0.002,0.003,3670000
GNC,20160204,8.6,8.82,8.595,8.71,1247082
GNE,20160204,1.745,1.745,1.745,1.745,4000
GNX,20160204,0.105,0.105,0.1,0.105,137628
GOLD,20160204,151.8,151.84,151.2,151.28,3184
GOR,20160204,0.39,0.39,0.38,0.38,424851
GOZ,20160204,3.05,3.06,3.03,3.05,103863
GPH,20160204,0.06,0.06,0.06,0.06,82917
GPR,20160204,0.033,0.033,0.032,0.032,331750
GPT,20160204,4.92,4.965,4.89,4.92,4969964
GRA,20160204,0.35,0.35,0.35,0.35,2030
GRB,20160204,0.06,0.062,0.055,0.055,435667
GRR,20160204,0.086,0.088,0.086,0.087,53736
GRV,20160204,0.018,0.018,0.018,0.018,8497
GRY,20160204,0.055,0.056,0.053,0.056,818102
GTE,20160204,0.018,0.018,0.018,0.018,28000
GTG,20160204,0.021,0.021,0.02,0.02,703481
GTY,20160204,2.88,2.94,2.88,2.94,258304
GUD,20160204,6.48,6.53,6.37,6.49,1065514
GVF,20160204,1.005,1.01,1.005,1.01,71946
GWA,20160204,2,2.03,1.95,1.96,1232173
GWR,20160204,0.039,0.039,0.036,0.036,278401
GXL,20160204,6.4,6.54,6.15,6.21,625218
GXY,20160204,0.16,0.175,0.155,0.175,6296324
HAO,20160204,0.1,0.1,0.1,0.1,10000
HAR,20160204,0.002,0.003,0.002,0.003,350000
HAV,20160204,0.285,0.29,0.285,0.29,46750
HCH,20160204,0.07,0.07,0.07,0.07,106580
HCT,20160204,0.165,0.175,0.165,0.175,20000
HEG,20160204,0.002,0.002,0.002,0.002,1018842
HFA,20160204,2.6,2.64,2.48,2.54,252096
HFR,20160204,1.75,1.84,1.75,1.825,253211
HGG,20160204,5.34,5.38,5.26,5.32,5376524
HGO,20160204,0.135,0.14,0.135,0.14,19262
HHL,20160204,2.86,2.9,2.86,2.9,11955
HHV,20160204,1.115,1.115,1.1,1.105,130149
HHY,20160204,0.1,0.1,0.1,0.1,14000
HIG,20160204,0.053,0.056,0.053,0.053,388709
HIL,20160204,0.255,0.295,0.25,0.285,344409
HMI,20160204,0.08,0.09,0.08,0.08,19960
HMX,20160204,0.052,0.052,0.052,0.052,200000
HNG,20160204,0.45,0.45,0.45,0.45,451
HOG,20160204,0.004,0.004,0.003,0.003,308500
HPI,20160204,2.6,2.66,2.58,2.65,91802
HPR,20160204,0.071,0.071,0.071,0.071,1802
HRL,20160204,0.1,0.105,0.1,0.105,850899
HRR,20160204,0.086,0.09,0.085,0.09,390000
HSN,20160204,3.56,3.65,3.54,3.56,256251
HSO,20160204,2.31,2.33,2.24,2.25,6662058
HTA,20160204,0.076,0.076,0.076,0.076,24463
HUB,20160204,4.08,4.31,4.06,4.25,108740
HUO,20160204,4.08,4.08,4.08,4.08,1310
HVN,20160204,4.27,4.32,4.2,4.3,2266929
HXG,20160204,0.064,0.067,0.061,0.066,261741
HZN,20160204,0.071,0.074,0.071,0.072,494153
IAA,20160204,53.4,54.3,53.4,53.77,8234
IAF,20160204,106.8,106.99,106.26,106.69,6795
IAG,20160204,5.16,5.27,5.14,5.26,6158233
IAU,20160204,0.12,0.125,0.12,0.125,156964
IBC,20160204,0.465,0.465,0.455,0.455,34100
IBG,20160204,0.04,0.04,0.039,0.039,607830
IBK,20160204,36.34,36.68,36.33,36.68,8923
ICG,20160204,0.003,0.003,0.003,0.003,55500
ICI,20160204,0.18,0.25,0.18,0.25,222488
ICN,20160204,0.03,0.031,0.03,0.03,53716
ICQ,20160204,0.94,0.96,0.925,0.925,264852
ICS,20160204,1.7,1.7,1.69,1.69,1865
ICU,20160204,0.105,0.105,0.105,0.105,120000
IDR,20160204,2.02,2.04,2.02,2.025,36063
IDT,20160204,0.34,0.34,0.33,0.33,58685
IDX,20160204,1.52,1.525,1.5,1.52,6222
IEC,20160204,0.008,0.008,0.008,0.008,1000000
IEL,20160204,3.61,3.62,3.53,3.61,336636
IEM,20160204,42.01,42.2,41.82,42.07,11483
IEU,20160204,52.64,52.64,52.25,52.5,11388
IFL,20160204,7.95,7.98,7.84,7.94,813181
IFM,20160204,0.73,0.73,0.72,0.73,293082
IFN,20160204,0.475,0.48,0.465,0.475,222506
IFZ,20160204,2.97,2.97,2.95,2.95,3400
IGB,20160204,104.1,104.25,104.1,104.25,148
IGL,20160204,1.995,2.04,1.99,2.03,332251
IGO,20160204,2.28,2.43,2.24,2.43,4624942
IHD,20160204,12.38,12.7,12.38,12.66,15015
IHK,20160204,24.53,24.67,24.53,24.67,1000
IIL,20160204,0.165,0.165,0.165,0.165,5472
IJH,20160204,181.83,182.33,181.54,182.33,442
IJP,20160204,15.67,15.77,15.56,15.68,45929
IJR,20160204,141.78,142.3,141.64,141.64,34
IKO,20160204,65.88,66.63,65.84,66.63,875
IKW,20160204,0.003,0.003,0.003,0.003,3563242
ILB,20160204,114.33,114.92,114.33,114.92,681
ILC,20160204,20.7,21.2,20.7,21.16,7130
ILU,20160204,5.33,5.95,5.33,5.91,2506307
IMA,20160204,0.067,0.067,0.067,0.067,17850
IMC,20160204,0.41,0.45,0.41,0.45,41730
IMD,20160204,0.185,0.19,0.185,0.19,19149
IMF,20160204,1.06,1.1,1.05,1.08,211075
IMU,20160204,0.011,0.011,0.011,0.011,600000
INA,20160204,2.79,2.805,2.78,2.8,149389
IOF,20160204,3.9,3.99,3.9,3.97,1081930
IOO,20160204,95.32,95.54,94.57,94.99,15102
IOZ,20160204,20.53,20.82,20.53,20.73,26031
IPD,20160204,1,1.055,0.99,1.04,601058
IPE,20160204,0.265,0.265,0.265,0.265,78000
IPH,20160204,8.59,8.77,8.55,8.62,1249639
IPL,20160204,3.02,3.06,2.98,3.04,8214088
IPT,20160204,0.032,0.032,0.029,0.029,1636554
IQE,20160204,0.35,0.35,0.285,0.305,615904
IRC,20160204,0.06,0.06,0.06,0.06,110115
IRE,20160204,9.46,9.5,9.3,9.49,410368
IRI,20160204,2.12,2.14,2.11,2.11,37495
IRU,20160204,140.59,140.97,140.59,140.62,129
ISD,20160204,4.43,4.57,4.42,4.53,696648
ISG,20160204,12.91,12.91,12.91,12.91,400
ISO,20160204,3.67,3.68,3.64,3.67,53468
ISU,20160204,0.87,0.895,0.865,0.885,195601
ISX,20160204,0.33,0.335,0.305,0.33,1110232
ITD,20160204,0.18,0.18,0.18,0.18,16000
ITQ,20160204,3.25,3.25,3.2,3.2,3031
ITW,20160204,17.45,17.49,17.28,17.45,1741
IVC,20160204,11.58,11.72,11.33,11.4,552021
IVE,20160204,76.57,76.57,76.17,76.4,8175
IVO,20160204,0.059,0.059,0.056,0.056,1454697
IVR,20160204,0.01,0.01,0.009,0.01,428615
IVV,20160204,268.84,269.72,267.78,269.63,13793
IVX,20160204,0.004,0.004,0.004,0.004,27871
IWG,20160204,0.135,0.135,0.13,0.135,153000
IXI,20160204,131.22,131.26,130.51,130.81,2232
IXJ,20160204,134.1,134.1,132.35,133.23,4801
IXP,20160204,83,83.27,82.9,83.22,3035
IXR,20160204,0.004,0.004,0.004,0.004,1000000
IZZ,20160204,42.08,42.33,42.08,42.3,1968
JBH,20160204,22.47,22.63,22.2,22.41,1498696
JHC,20160204,2.91,2.99,2.91,2.95,731033
JHL,20160204,0.235,0.24,0.235,0.24,156239
JHX,20160204,16.03,16.45,16,16.4,1434640
JIN,20160204,1,1.04,1,1.01,13555
JKL,20160204,0.275,0.29,0.275,0.28,603882
JRL,20160204,0.18,0.2,0.18,0.2,89925
JRV,20160204,0.05,0.05,0.05,0.05,8370
KAM,20160204,0.655,0.655,0.64,0.64,105507
KAR,20160204,1.59,1.69,1.59,1.665,1088059
KAS,20160204,0.016,0.016,0.015,0.015,106000
KBC,20160204,0.165,0.17,0.165,0.17,265000
KBL,20160204,0.021,0.021,0.02,0.021,250000
KBU,20160204,0.14,0.14,0.14,0.14,20000
KCN,20160204,0.26,0.265,0.245,0.25,1051180
KDL,20160204,0.08,0.08,0.08,0.08,20000
KDR,20160204,0.091,0.092,0.086,0.089,485000
KEY,20160204,0.004,0.004,0.004,0.004,500000
KGD,20160204,0.027,0.033,0.027,0.03,3618727
KGL,20160204,0.092,0.092,0.092,0.092,6400
KGM,20160204,0.014,0.014,0.014,0.014,27500
KII,20160204,2.26,2.26,2.26,2.26,37300
KIN,20160204,0.086,0.086,0.086,0.086,21500
KKT,20160204,0.315,0.315,0.315,0.315,30000
KLO,20160204,0.28,0.28,0.265,0.265,44000
KMD,20160204,1.505,1.51,1.445,1.465,128859
KME,20160204,0.38,0.38,0.38,0.38,2
KNL,20160204,0.185,0.185,0.175,0.18,197954
KNO,20160204,0.3,0.3,0.295,0.295,13187
KOV,20160204,2.44,2.44,2.35,2.44,10582
KRC,20160204,0.009,0.009,0.009,0.009,100000
KRM,20160204,0.225,0.225,0.21,0.21,417084
KSC,20160204,1.275,1.32,1.275,1.305,7018
KSL,20160204,0.98,0.98,0.95,0.955,157282
KTA,20160204,0.15,0.15,0.15,0.15,25681
KTE,20160204,0.03,0.03,0.03,0.03,45000
LAA,20160204,0.27,0.28,0.27,0.27,37150
LAU,20160204,0.475,0.475,0.47,0.47,161594
LCK,20160204,0.35,0.365,0.335,0.365,103416
LCM,20160204,0.56,0.56,0.55,0.55,50025
LCT,20160204,0.056,0.059,0.056,0.057,308412
LEG,20160204,0.008,0.008,0.008,0.008,926442
LEP,20160204,3.8,3.87,3.78,3.82,7534
LGD,20160204,0.21,0.21,0.205,0.205,88500
LHB,20160204,0.14,0.15,0.14,0.15,20000
LHC,20160204,2.94,2.94,2.85,2.89,46283
LHM,20160204,0.076,0.076,0.074,0.074,300000
LIC,20160204,2.55,2.55,2.55,2.55,8513
LIT,20160204,0.155,0.165,0.15,0.15,1390469
LLC,20160204,12.61,12.66,12.46,12.62,1507960
LMG,20160204,0.007,0.008,0.007,0.008,350000
LNG,20160204,0.625,0.645,0.61,0.645,2970110
LNK,20160204,7.9,7.92,7.74,7.82,728072
LOM,20160204,0.305,0.33,0.305,0.32,3162165
LOV,20160204,2.1,2.17,2.08,2.11,146226
LPE,20160204,0.032,0.034,0.032,0.034,6594857
LRS,20160204,0.005,0.005,0.005,0.005,100000
LSR,20160204,0.028,0.029,0.027,0.027,713649
LSX,20160204,0.21,0.22,0.21,0.22,22640
LTN,20160204,0.091,0.091,0.09,0.09,560500
LTR,20160204,0.02,0.024,0.018,0.018,43987205
LVT,20160204,0.245,0.26,0.245,0.25,74711
LWP,20160204,0.005,0.005,0.005,0.005,369999
LYC,20160204,0.092,0.092,0.088,0.092,12247782
MAD,20160204,0.057,0.058,0.053,0.057,144322
MAH,20160204,0.09,0.091,0.09,0.091,205891
MAT,20160204,0.145,0.145,0.145,0.145,30000
MAU,20160204,0.04,0.04,0.04,0.04,100000
MBE,20160204,0.29,0.295,0.28,0.28,879878
MCE,20160204,0.485,0.485,0.475,0.475,11300
MCP,20160204,0.725,0.74,0.725,0.73,129944
MCR,20160204,0.125,0.13,0.12,0.13,150446
MCS,20160204,0.052,0.052,0.052,0.052,24230
MCT,20160204,0.05,0.053,0.049,0.049,3208883
MDC,20160204,0.2,0.2,0.185,0.185,24500
MDL,20160204,0.22,0.22,0.22,0.22,41300
MDR,20160204,0.036,0.037,0.036,0.036,402526
MEA,20160204,1.68,1.68,1.63,1.68,110878
MED,20160204,0.035,0.035,0.034,0.034,60000
MEI,20160204,0.03,0.032,0.03,0.03,4383928
MEL,20160204,0.058,0.06,0.057,0.058,3475303
MEO,20160204,0.01,0.01,0.01,0.01,86100
MEZ,20160204,2.19,2.2,2.19,2.2,11240
MFF,20160204,1.88,1.89,1.87,1.875,608150
MFG,20160204,21.5,22.13,21.4,21.91,1030697
MGC,20160204,2.2,2.21,2.045,2.05,2185933
MGE,20160204,2.52,2.52,2.5,2.51,1092858
MGL,20160204,0.02,0.02,0.02,0.02,3705
MGR,20160204,1.885,1.91,1.88,1.895,14255589
MGV,20160204,0.017,0.017,0.016,0.016,180000
MGX,20160204,0.18,0.185,0.18,0.18,56160
MGY,20160204,0.06,0.065,0.059,0.061,1156200
MHG,20160204,2.3,2.3,2.3,2.3,13630
MHI,20160204,0.18,0.18,0.18,0.18,22000
MHM,20160204,0.032,0.033,0.031,0.033,159585
MIG,20160204,0.78,0.8,0.78,0.8,41182
MIL,20160204,2.27,2.3,2.24,2.24,38141
MIN,20160204,4.02,4.25,3.98,4.21,983568
MIR,20160204,2.54,2.55,2.53,2.55,68735
MJP,20160204,0.59,0.61,0.585,0.61,31568
MKB,20160204,0.013,0.013,0.013,0.013,88542
MKO,20160204,0.03,0.03,0.03,0.03,265896
MLB,20160204,2.18,2.2,2.1,2.17,54843
MLD,20160204,0.77,0.775,0.75,0.75,191836
MLM,20160204,0.052,0.053,0.052,0.052,238000
MLS,20160204,0.001,0.001,0.001,0.001,501000
MLT,20160204,4.45,4.5,4.45,4.49,146446
MLX,20160204,0.89,0.935,0.89,0.93,1096898
MMI,20160204,0.07,0.07,0.07,0.07,42000
MMJ,20160204,0.295,0.295,0.29,0.295,105001
MML,20160204,0.42,0.435,0.415,0.42,1144644
MMS,20160204,12.37,12.37,12.2,12.24,171588
MNB,20160204,0.002,0.002,0.002,0.002,5007857
MND,20160204,6.03,6.12,5.93,6.03,303470
MNF,20160204,3.44,3.56,3.41,3.45,26513
MNM,20160204,0.012,0.012,0.012,0.012,290300
MNS,20160204,0.365,0.365,0.355,0.355,318649
MNW,20160204,0.08,0.08,0.08,0.08,142009
MNY,20160204,1.05,1.09,1.05,1.07,366716
MOC,20160204,1.8,1.8,1.78,1.78,43822
MOQ,20160204,0.035,0.035,0.035,0.035,110000
MOX,20160204,0.008,0.008,0.008,0.008,100000
MOY,20160204,0.05,0.051,0.049,0.05,1743741
MOZ,20160204,0.039,0.039,0.038,0.038,1524477
MP1,20160204,3.5,3.8,3.5,3.52,258516
MPJ,20160204,0.005,0.006,0.004,0.006,20055948
MPL,20160204,2.45,2.49,2.44,2.44,8237448
MPO,20160204,0.127,0.127,0.127,0.127,49715
MQA,20160204,4.23,4.37,4.22,4.35,851186
MQG,20160204,65,66.2,61.88,64.86,3339071
MRC,20160204,0.105,0.11,0.105,0.11,61215
MRD,20160204,0.008,0.009,0.008,0.009,298000
MRM,20160204,0.285,0.31,0.285,0.295,450561
MRP,20160204,0.086,0.086,0.086,0.086,60000
MSB,20160204,1.41,1.452,1.39,1.425,499307
MSG,20160204,0.062,0.062,0.06,0.061,671091
MSM,20160204,0.084,0.086,0.08,0.085,1193805
MSP,20160204,0.038,0.039,0.038,0.038,185000
MSR,20160204,0.003,0.003,0.003,0.003,7166668
MSV,20160204,0.021,0.021,0.018,0.021,5447153
MTA,20160204,0.044,0.044,0.04,0.042,1067311
MTH,20160204,0.005,0.005,0.005,0.005,300000
MTL,20160204,0.067,0.067,0.067,0.067,150041
MTM,20160204,0.29,0.29,0.28,0.29,117240
MTR,20160204,4.81,4.85,4.67,4.68,463179
MTS,20160204,1.685,1.715,1.68,1.69,3931747
MTU,20160204,12.4,12.44,12.21,12.24,1573107
MUS,20160204,0.095,0.095,0.095,0.095,13149
MVA,20160204,18.79,18.96,18.79,18.96,5954
MVB,20160204,23.62,23.86,23.62,23.8,33325
MVF,20160204,1.53,1.56,1.52,1.535,191397
MVP,20160204,3.81,3.9,3.79,3.85,10205
MVR,20160204,13.44,13.44,13.44,13.44,193
MVS,20160204,15.19,15.29,15.19,15.27,5077
MVW,20160204,20.33,20.45,20.17,20.41,30637
MWR,20160204,1.05,1.05,1.05,1.05,2000
MXI,20160204,0.465,0.47,0.465,0.465,17099
MXR,20160204,0.002,0.002,0.002,0.002,250000
MYE,20160204,0.185,0.185,0.185,0.185,7500
MYO,20160204,2.95,3.02,2.95,3,2302243
MYQ,20160204,0.084,0.095,0.084,0.093,394959
MYR,20160204,1.01,1.025,0.995,1.02,5365010
MYS,20160204,4.41,4.51,4.39,4.39,60540
MYT,20160204,2.4,2.4,2.4,2.4,2542
MYX,20160204,1.285,1.295,1.21,1.215,1831766
MZI,20160204,0.31,0.32,0.31,0.32,8984
MZM,20160204,0.19,0.19,0.19,0.19,5700
NAB,20160204,26.62,26.93,26.5,26.87,5881656
NAC,20160204,1,1,1,1,15050
NAE,20160204,0.005,0.005,0.005,0.005,148578
NAG,20160204,0.125,0.135,0.125,0.135,343062
NAN,20160204,1.83,1.865,1.8,1.85,255431
NCK,20160204,4.15,4.15,4.09,4.09,15237
NCL,20160204,0.145,0.145,0.145,0.145,4000
NCM,20160204,13.66,14.335,13.43,14.3,6246539
NCO,20160204,0.002,0.002,0.002,0.002,1000000
NDQ,20160204,10.13,10.19,10.11,10.19,6219
NEA,20160204,0.37,0.38,0.37,0.38,92508
NEC,20160204,1.48,1.515,1.47,1.495,2508176
NEN,20160204,0.024,0.024,0.024,0.024,447719
NEU,20160204,0.115,0.115,0.11,0.11,451757
NHC,20160204,1.64,1.75,1.64,1.7,172996
NHF,20160204,3.42,3.45,3.415,3.42,174576
NKP,20160204,0.061,0.061,0.061,0.061,2900
NMT,20160204,0.185,0.19,0.175,0.185,2641023
NNW,20160204,0.09,0.091,0.087,0.087,581429
NOR,20160204,0.062,0.065,0.062,0.064,3861939
NOV,20160204,0.195,0.195,0.195,0.195,15000
NPX,20160204,3.81,3.92,3.81,3.88,14945
NRT,20160204,0.105,0.11,0.105,0.11,316084
NSL,20160204,0.007,0.009,0.006,0.009,17781056
NSR,20160204,1.49,1.515,1.48,1.51,503708
NST,20160204,3.09,3.135,3.06,3.1,7129398
NSX,20160204,0.21,0.21,0.21,0.21,10000
NTC,20160204,2.49,2.49,2.41,2.44,312955
NTM,20160204,0.009,0.009,0.007,0.007,110262
NTU,20160204,0.062,0.065,0.061,0.065,399484
NUF,20160204,6.43,6.72,6.43,6.58,1521329
NVI,20160204,0.02,0.02,0.02,0.02,50000
NVL,20160204,1.35,1.35,1.35,1.35,3000
NVT,20160204,4.72,4.725,4.57,4.61,967868
NWE,20160204,0.002,0.002,0.002,0.002,448095
NWH,20160204,0.05,0.055,0.048,0.053,1102734
NWS,20160204,17.75,18.02,17.73,18.01,432255
NWZ,20160204,0.033,0.034,0.032,0.033,1100000
NXT,20160204,2.5,2.52,2.41,2.44,330484
NZO,20160204,0.37,0.37,0.37,0.37,19200
OAR,20160204,0.14,0.14,0.14,0.14,760
OBJ,20160204,0.061,0.062,0.06,0.06,1848230
OCC,20160204,0.46,0.47,0.455,0.455,94508
OCL,20160204,1.775,1.775,1.74,1.74,22001
ODN,20160204,0.017,0.019,0.016,0.017,19667083
OEC,20160204,0.46,0.46,0.45,0.45,135800
OEL,20160204,0.02,0.022,0.02,0.021,1221874
OEX,20160204,0.01,0.01,0.01,0.01,24337
OFX,20160204,3.14,3.14,3.08,3.1,560253
OGC,20160204,3.15,3.17,3.11,3.12,738160
OGX,20160204,0.17,0.17,0.165,0.17,240000
OGY,20160204,0.017,0.017,0.017,0.017,3685833
OHE,20160204,2.8,2.8,2.8,2.8,8649
OIL,20160204,0.022,0.023,0.022,0.023,41123
OKU,20160204,0.077,0.077,0.077,0.077,278750
OLV,20160204,0.09,0.09,0.09,0.09,84055
OML,20160204,4.76,4.76,4.61,4.71,94683
ONT,20160204,7.1,7.2,7.1,7.2,351
OOO,20160204,12.93,13.09,12.91,12.94,29280
OPT,20160204,0.37,0.375,0.37,0.375,16099
ORA,20160204,2.22,2.24,2.18,2.22,4663859
ORE,20160204,2.43,2.45,2.39,2.42,462262
ORG,20160204,3.91,4,3.86,3.99,12058606
ORI,20160204,12.65,13.21,12.65,13.17,1955079
ORL,20160204,2.19,2.19,2.15,2.15,13000
ORN,20160204,0.014,0.014,0.014,0.014,150000
ORS,20160204,0.012,0.012,0.012,0.012,790007
OSH,20160204,6.6,6.78,6.48,6.75,6930266
OSL,20160204,0.225,0.225,0.205,0.215,6105123
OSP,20160204,0.31,0.32,0.31,0.32,27005
OTC,20160204,0.18,0.18,0.18,0.18,40755
OTH,20160204,0.74,0.74,0.73,0.735,39459
OTR,20160204,0.064,0.064,0.064,0.064,550000
OTW,20160204,1.1,1.1,1.1,1.1,27500
OVH,20160204,0.825,0.83,0.81,0.83,185838
OVL,20160204,0.006,0.006,0.006,0.006,1500000
OVR,20160204,0.005,0.005,0.005,0.005,385800
OZF,20160204,18.32,18.48,18.15,18.48,4234
OZG,20160204,0.11,0.115,0.11,0.115,374984
OZL,20160204,3.86,4.17,3.85,4.11,3278690
OZR,20160204,5.35,5.46,5.34,5.46,9397
PAA,20160204,0.098,0.098,0.092,0.092,110116
PAB,20160204,0.008,0.008,0.008,0.008,78000
PAC,20160204,6.85,6.85,6.7,6.75,12672
PAF,20160204,0.875,0.875,0.86,0.865,61677
PAI,20160204,0.96,1,0.96,0.995,124495
PAK,20160204,0.045,0.045,0.044,0.044,250000
PAN,20160204,0.08,0.08,0.078,0.08,902793
PBD,20160204,0.008,0.008,0.008,0.008,140000
PBG,20160204,0.81,0.825,0.79,0.815,3163745
PBP,20160204,0.44,0.46,0.44,0.46,53500
PBT,20160204,0.078,0.08,0.078,0.078,72163
PCL,20160204,0.004,0.004,0.004,0.004,252903
PDN,20160204,0.21,0.21,0.205,0.21,1346605
PDZ,20160204,0.13,0.14,0.12,0.12,112000
PEA,20160204,0.38,0.38,0.38,0.38,231
PEG,20160204,0.08,0.08,0.08,0.08,50000
PEH,20160204,0.17,0.17,0.165,0.165,271143
PEK,20160204,0.076,0.081,0.076,0.081,357914
PEN,20160204,0.9,0.92,0.895,0.92,12684
PEP,20160204,2.8,2.83,2.8,2.8,7797
PEZ,20160204,0.046,0.046,0.045,0.045,1126000
PFG,20160204,0.088,0.088,0.085,0.085,277300
PFL,20160204,1.15,1.17,1.125,1.13,15147
PGC,20160204,0.67,0.67,0.65,0.65,75000
PGF,20160204,0.91,0.915,0.9,0.91,406126
PGH,20160204,4.84,4.88,4.79,4.85,599173
PGI,20160204,0.061,0.061,0.059,0.06,107266
PGM,20160204,0.03,0.03,0.03,0.03,40000
PGS,20160204,0.002,0.002,0.002,0.002,12500
PGY,20160204,0.001,0.001,0.001,0.001,3700000
PHG,20160204,0.46,0.46,0.45,0.45,60407
PHK,20160204,0.032,0.032,0.032,0.032,50000
PIC,20160204,0.945,0.95,0.945,0.95,112930
PIL,20160204,0.02,0.02,0.019,0.02,598955
PIO,20160204,0.015,0.015,0.013,0.014,1423102
PIQ,20160204,0.32,0.32,0.3,0.3,62000
PLP,20160204,0.011,0.011,0.007,0.008,120557041
PLS,20160204,0.34,0.4,0.34,0.4,11021261
PMC,20160204,1.81,1.825,1.8,1.8,125924
PME,20160204,3.16,3.2,3.12,3.12,29555
PML,20160204,0.042,0.048,0.042,0.048,2051972
PMP,20160204,0.46,0.46,0.46,0.46,118
PMV,20160204,12.59,12.69,12.55,12.58,207241
PMY,20160204,0.01,0.01,0.009,0.009,1482000
PNC,20160204,1.8,1.8,1.795,1.8,22035
PNR,20160204,0.081,0.083,0.079,0.081,1663971
PNV,20160204,0.25,0.26,0.245,0.245,281036
PNX,20160204,0.009,0.009,0.009,0.009,25000
POH,20160204,0.008,0.009,0.008,0.008,1857035
POP,20160204,0.032,0.037,0.032,0.037,143777
POS,20160204,0.036,0.036,0.035,0.035,1916589
PPC,20160204,1.04,1.04,1.025,1.035,131824
PPG,20160204,0.42,0.42,0.42,0.42,2000
PPL,20160204,0.44,0.46,0.44,0.46,56755
PPP,20160204,0.031,0.031,0.031,0.031,54400
PPS,20160204,0.34,0.35,0.34,0.35,526707
PPT,20160204,40.59,41.14,40.39,41.1,188844
PRG,20160204,1.78,1.78,1.17,1.175,8030485
PRL,20160204,0.026,0.026,0.026,0.026,245763
PRO,20160204,2.04,2.04,1.98,2,96714
PRR,20160204,0.046,0.047,0.045,0.046,1424224
PRT,20160204,0.47,0.49,0.465,0.465,112075
PRU,20160204,0.295,0.3,0.285,0.295,3596110
PRY,20160204,2.45,2.46,2.415,2.44,3643820
PSF,20160204,0.014,0.014,0.014,0.014,3800000
PSI,20160204,1.68,1.68,1.68,1.68,9070
PSM,20160204,0.018,0.018,0.018,0.018,329548
PSQ,20160204,1.95,1.95,1.94,1.95,1447
PSY,20160204,0.125,0.125,0.125,0.125,35000
PSZ,20160204,0.89,0.905,0.88,0.905,79639
PTL,20160204,0.655,0.655,0.655,0.655,91852
PTM,20160204,6.32,6.47,6.32,6.46,972360
PTX,20160204,0.095,0.105,0.095,0.105,602966
PVA,20160204,4.83,4.83,4.83,4.83,1100
PVD,20160204,0.03,0.03,0.03,0.03,17000
PWH,20160204,2.77,2.79,2.75,2.76,208790
PWN,20160204,0.034,0.034,0.033,0.033,266876
PXS,20160204,0.295,0.295,0.29,0.29,707525
PYC,20160204,0.013,0.013,0.013,0.013,157814
PYM,20160204,0.005,0.005,0.005,0.005,594110
QAN,20160204,3.88,3.91,3.81,3.86,7571751
QAU,20160204,12.2,12.2,11.99,12.01,24886
QBE,20160204,10.58,10.76,10.58,10.69,4637781
QBL,20160204,0.008,0.009,0.008,0.009,945213
QCB,20160204,8.76,8.76,8.76,8.76,2525
QFN,20160204,10.18,10.18,10.18,10.18,12000
QHL,20160204,0.14,0.14,0.135,0.135,493100
QMN,20160204,0.004,0.004,0.004,0.004,50000
QMS,20160204,1.28,1.3,1.27,1.28,38188
QOZ,20160204,10.67,10.67,10.67,10.67,1850
QUB,20160204,2.17,2.21,2.15,2.18,2515960
QUR,20160204,0.057,0.057,0.056,0.056,500000
QVE,20160204,1,1.015,1,1.015,381794
RAD,20160204,0.043,0.045,0.039,0.042,2077306
RAP,20160204,0.135,0.145,0.135,0.14,5045188
RCB,20160204,20.33,20.33,20.25,20.25,39600
RCE,20160204,0.4,0.44,0.4,0.42,122500
RCG,20160204,1.555,1.57,1.54,1.55,470140
RCR,20160204,1.72,1.78,1.715,1.715,45119
RCT,20160204,3.55,3.55,3.55,3.55,2000
RDF,20160204,0.255,0.255,0.255,0.255,5000
RDM,20160204,0.036,0.036,0.036,0.036,19636
RDS,20160204,0.007,0.007,0.007,0.007,100000
RDV,20160204,26.03,26.51,26.03,26.51,6461
REA,20160204,50.99,51.93,50.43,51.22,320259
REC,20160204,6.64,6.71,6.59,6.68,330259
RED,20160204,0.066,0.068,0.061,0.064,715913
REF,20160204,0.125,0.13,0.125,0.13,464213
REG,20160204,5.89,5.95,5.87,5.87,581757
REH,20160204,31.9,34.06,31.9,33.29,1078
RER,20160204,0.012,0.012,0.012,0.012,1667
RES,20160204,0.035,0.035,0.035,0.035,11800
REX,20160204,0.855,0.87,0.85,0.85,16199
RFF,20160204,1.38,1.38,1.355,1.37,124545
RFG,20160204,4.4,4.425,4.27,4.3,644874
RFL,20160204,0.14,0.14,0.14,0.14,4675
RFN,20160204,0.56,0.59,0.55,0.565,70050
RFT,20160204,0.006,0.006,0.006,0.006,506400
RFX,20160204,0.23,0.25,0.23,0.25,1531595
RGP,20160204,0.071,0.082,0.071,0.082,45000
RGS,20160204,0.088,0.088,0.088,0.088,7000
RHC,20160204,61.01,61.25,59.53,59.75,828716
RHL,20160204,3.3,3.3,3.25,3.25,13000
RHP,20160204,1.28,1.3,1.275,1.3,40350
RHT,20160204,0.023,0.025,0.023,0.025,600000
RIC,20160204,1.42,1.425,1.415,1.42,363102
RIO,20160204,38.26,40.48,38.26,40.33,3066866
RIS,20160204,0.2,0.2,0.2,0.2,52500
RKN,20160204,2.02,2.08,1.935,2.05,27358
RMD,20160204,8.06,8.09,7.99,8.08,1901983
RMG,20160204,0.01,0.01,0.009,0.009,2077026
RMP,20160204,0.02,0.021,0.02,0.021,249881
RMR,20160204,0.002,0.002,0.002,0.002,5867771
RMS,20160204,0.315,0.325,0.315,0.32,5252239
RMX,20160204,0.002,0.002,0.002,0.002,250000
RNI,20160204,0.015,0.015,0.015,0.015,894082
RNO,20160204,0.028,0.028,0.028,0.028,254701
RNS,20160204,0.03,0.03,0.029,0.03,1720000
RNT,20160204,0.215,0.23,0.215,0.225,664184
RNU,20160204,0.015,0.015,0.015,0.015,100000
RNY,20160204,0.235,0.24,0.23,0.235,327045
ROG,20160204,0.001,0.001,0.001,0.001,500000
RRL,20160204,2.45,2.48,2.38,2.45,4220163
RRS,20160204,0.004,0.005,0.004,0.005,5276626
RSG,20160204,0.35,0.365,0.34,0.345,2390607
RSH,20160204,0.036,0.036,0.036,0.036,111722
RSM,20160204,20.81,20.81,20.71,20.71,734
RTG,20160204,0.33,0.33,0.33,0.33,1800
RTR,20160204,0.01,0.011,0.01,0.011,926736
RUB,20160204,0.041,0.041,0.041,0.041,44387
RUL,20160204,0.44,0.44,0.425,0.425,249379
RUM,20160204,0.036,0.036,0.036,0.036,17701
RVA,20160204,1.11,1.11,1.11,1.11,81176
RVR,20160204,0.085,0.087,0.085,0.087,329229
RVY,20160204,0.022,0.023,0.022,0.022,479090
RWD,20160204,0.51,0.565,0.51,0.565,88206
RWH,20160204,1.19,1.21,1.19,1.21,13683
RXH,20160204,0.115,0.135,0.115,0.13,286243
RXM,20160204,0.055,0.055,0.055,0.055,65545
RXP,20160204,0.59,0.595,0.57,0.59,95916
RYG,20160204,0.028,0.03,0.027,0.027,8166950
S2R,20160204,0.12,0.125,0.115,0.125,751790
S32,20160204,0.995,1.11,0.992,1.085,48622143
SAI,20160204,4,4.01,3.98,4,430354
SAR,20160204,0.76,0.762,0.74,0.76,2659158
SAU,20160204,0.27,0.27,0.25,0.25,106263
SBB,20160204,0.029,0.03,0.029,0.029,433607
SBM,20160204,1.645,1.66,1.55,1.59,2632552
SBR,20160204,0.01,0.01,0.01,0.01,100000
SCG,20160204,4.33,4.4,4.305,4.4,10138970
SCP,20160204,2.17,2.22,2.17,2.2,3574970
SDA,20160204,4.72,4.82,4.71,4.8,63525
SDF,20160204,1.425,1.46,1.425,1.455,1669345
SDG,20160204,1.6,1.6,1.575,1.585,35178
SDI,20160204,0.56,0.56,0.56,0.56,4466
SDL,20160204,0.006,0.006,0.005,0.005,5008365
SDM,20160204,1.07,1.08,1.07,1.075,418362
SEA,20160204,0.09,0.091,0.084,0.085,3561820
SEG,20160204,0.002,0.002,0.002,0.002,540000
SEH,20160204,0.035,0.043,0.033,0.039,19393925
SEK,20160204,14.31,14.31,13.63,13.81,1947380
SEN,20160204,0.13,0.13,0.125,0.125,387845
SER,20160204,0.018,0.018,0.018,0.018,85000
SFC,20160204,4.72,4.72,4.72,4.72,2298
SFG,20160204,0.09,0.09,0.087,0.088,1644047
SFH,20160204,0.52,0.52,0.52,0.52,3174
SFI,20160204,0.044,0.045,0.044,0.045,1126160
SFR,20160204,5.06,5.42,5.06,5.35,958000
SFX,20160204,0.34,0.34,0.34,0.34,47613
SFY,20160204,47,47.67,46.87,47.66,12038
SGF,20160204,3.8,3.83,3.74,3.77,168004
SGH,20160204,0.575,0.575,0.555,0.575,2256429
SGM,20160204,6.8,7.35,6.8,7.35,1048051
SGN,20160204,0.755,0.765,0.755,0.765,954044
SGP,20160204,4.14,4.17,4.11,4.14,7555176
SGQ,20160204,0.092,0.092,0.09,0.09,106538
SGR,20160204,5.34,5.35,5.26,5.35,3418035
SHJ,20160204,0.71,0.74,0.63,0.685,5465520
SHL,20160204,18.36,18.74,18.31,18.4,1993813
SHM,20160204,0.86,0.87,0.86,0.87,10075
SHP,20160204,0.004,0.004,0.004,0.004,1315199
SHV,20160204,5.05,5.2,5.05,5.09,403498
SIO,20160204,0.4,0.42,0.4,0.4,84734
SIP,20160204,0.79,0.8,0.785,0.785,1685646
SIQ,20160204,4.67,4.75,4.63,4.66,52498
SIT,20160204,0.29,0.29,0.29,0.29,80000
SIV,20160204,8.67,8.9,8.67,8.9,5666
SIX,20160204,0.12,0.12,0.12,0.12,15145
SKB,20160204,0.405,0.415,0.4,0.415,100667
SKC,20160204,4.26,4.26,4.17,4.2,685690
SKF,20160204,0.14,0.14,0.14,0.14,10197
SKI,20160204,1.975,2,1.96,1.965,8707084
SKT,20160204,4.22,4.23,4.17,4.21,186371
SLC,20160204,2.23,2.28,2.19,2.21,190906
SLF,20160204,12.09,12.17,11.97,12.02,43213
SLK,20160204,3.77,3.85,3.75,3.85,153517
SLM,20160204,0.65,0.65,0.65,0.65,5604
SLR,20160204,0.26,0.265,0.245,0.25,5561138
SLX,20160204,0.365,0.38,0.36,0.38,17050
SMA,20160204,0.044,0.046,0.044,0.046,5730468
SMN,20160204,1.515,1.55,1.51,1.54,82238
SMR,20160204,0.16,0.17,0.16,0.17,60000
SMX,20160204,2.42,2.45,2.31,2.35,217725
SNC,20160204,0.845,0.85,0.835,0.85,43903
SNL,20160204,2.05,2.05,2.05,2.05,2865
SO4,20160204,0.21,0.23,0.21,0.21,124611
SOC,20160204,0.003,0.003,0.003,0.003,1000000
SOI,20160204,0.03,0.03,0.03,0.03,33445
SOL,20160204,16.73,16.94,16.72,16.81,21624
SOM,20160204,2.62,2.65,2.62,2.65,18195
SOR,20160204,0.13,0.135,0.13,0.135,110421
SPI,20160204,0.009,0.009,0.009,0.009,349000
SPK,20160204,3.17,3.17,3.125,3.14,1151824
SPL,20160204,0.63,0.67,0.625,0.625,141074
SPO,20160204,1.015,1.017,0.99,1.01,6224278
SPX,20160204,0.005,0.005,0.005,0.005,15000
SPZ,20160204,0.295,0.3,0.29,0.29,158280
SRF,20160204,1.755,1.775,1.7,1.77,219294
SRK,20160204,0.049,0.049,0.048,0.048,377866
SRO,20160204,0.032,0.035,0.03,0.035,614254
SRS,20160204,0.026,0.026,0.026,0.026,13335
SRT,20160204,0.016,0.02,0.016,0.02,31110763
SRV,20160204,7.34,7.46,7.3,7.3,4076
SRX,20160204,36.63,36.94,36,36.04,170091
SSM,20160204,0.505,0.505,0.48,0.495,201574
SSN,20160204,0.004,0.004,0.003,0.003,1514643
SSO,20160204,10.86,10.86,10.82,10.82,876
SST,20160204,18.5,18.5,18.5,18.5,130
STA,20160204,0.004,0.004,0.004,0.004,234908
STL,20160204,0.031,0.035,0.031,0.035,3303541
STO,20160204,2.9,3.185,2.9,3.14,14573902
STS,20160204,0.74,0.74,0.725,0.725,8500
STW,20160204,45.99,46.57,45.92,46.39,60857
STX,20160204,0.12,0.12,0.115,0.115,40854
SUL,20160204,10.07,10.16,10.07,10.11,925140
SUM,20160204,0.04,0.04,0.04,0.04,19040
SUN,20160204,11.36,11.5,11.32,11.5,3101164
SVL,20160204,0.001,0.001,0.001,0.001,1000000
SVW,20160204,4.58,4.61,4.53,4.53,372075
SVY,20160204,0.1,0.1,0.1,0.1,15000
SWE,20160204,0.04,0.04,0.04,0.04,100000
SWJ,20160204,0.015,0.015,0.015,0.015,241000
SWL,20160204,0.815,0.82,0.81,0.81,27500
SWM,20160204,0.815,0.842,0.805,0.83,2506215
SXE,20160204,0.36,0.36,0.355,0.355,48393
SXL,20160204,1.09,1.13,1.09,1.11,852325
SXY,20160204,0.145,0.15,0.145,0.15,1479405
SYA,20160204,0.017,0.017,0.015,0.016,273500
SYD,20160204,6.52,6.56,6.48,6.55,3118395
SYI,20160204,24.65,24.99,24.65,24.97,5070
SYR,20160204,3.66,3.85,3.66,3.83,808643
TAH,20160204,4.44,4.44,4.26,4.39,8142202
TAM,20160204,0.054,0.054,0.052,0.052,305000
TAP,20160204,0.105,0.105,0.095,0.095,354930
TAR,20160204,0.065,0.065,0.065,0.065,2500
TAS,20160204,0.052,0.054,0.05,0.05,271112
TAW,20160204,0.002,0.002,0.002,0.002,1500000
TBH,20160204,0.19,0.19,0.19,0.19,16000
TBR,20160204,3.52,3.52,3.52,3.52,70
TCH,20160204,2.6,2.65,2.6,2.65,52011
TCL,20160204,10.8,10.93,10.8,10.86,3391856
TCN,20160204,0.08,0.082,0.08,0.082,160000
TDL,20160204,0.26,0.3,0.26,0.3,35399
TDX,20160204,0.001,0.001,0.001,0.001,553200
TEN,20160204,1.015,1.08,1.015,1.07,606035
TER,20160204,0.007,0.007,0.007,0.007,180000
TFC,20160204,1.28,1.285,1.24,1.255,903406
TFG,20160204,0.38,0.38,0.38,0.38,5223
TFL,20160204,0.26,0.26,0.25,0.25,148331
TGA,20160204,1.83,1.845,1.79,1.79,171566
TGG,20160204,1.13,1.13,1.13,1.13,87286
TGP,20160204,0.95,0.955,0.95,0.955,11939
TGR,20160204,4.53,4.59,4.52,4.53,643300
TGS,20160204,0.049,0.05,0.048,0.049,2106970
TGZ,20160204,0.41,0.425,0.41,0.415,1609177
THX,20160204,0.055,0.061,0.055,0.061,172459
TIS,20160204,0.04,0.04,0.039,0.04,220777
TIX,20160204,2.41,2.45,2.39,2.44,269709
TKL,20160204,0.013,0.015,0.012,0.015,615000
TLG,20160204,0.285,0.285,0.285,0.285,7069
TLM,20160204,0.455,0.46,0.44,0.445,123133
TLS,20160204,5.57,5.63,5.57,5.63,25179101
TME,20160204,3.67,3.695,3.64,3.68,656226
TMM,20160204,0.99,0.99,0.99,0.99,81
TMP,20160204,0.63,0.66,0.63,0.66,253106
TMX,20160204,0.004,0.004,0.004,0.004,70000
TND,20160204,0.057,0.07,0.056,0.061,44573838
TNE,20160204,4.57,4.725,4.57,4.71,421384
TNG,20160204,0.14,0.14,0.125,0.125,879113
TNK,20160204,0.96,0.96,0.96,0.96,5000
TOE,20160204,0.06,0.06,0.06,0.06,115675
TOF,20160204,2,2.005,2,2.005,69169
TOM,20160204,0.13,0.14,0.13,0.14,20000
TON,20160204,0.088,0.088,0.087,0.088,507897
TOP,20160204,0.55,0.55,0.54,0.545,81500
TOX,20160204,2.55,2.6,2.39,2.45,173758
TPD,20160204,0.009,0.009,0.009,0.009,1240
TPE,20160204,3.5,3.65,3.49,3.6,27584
TPM,20160204,10.13,10.22,10.08,10.14,2468770
TPO,20160204,0.165,0.165,0.165,0.165,10000
TPP,20160204,0.125,0.13,0.125,0.13,33850
TPS,20160204,0.033,0.033,0.033,0.033,324237
TPW,20160204,0.64,0.66,0.625,0.64,1137791
TRS,20160204,10.39,10.69,10.36,10.56,68979
TRY,20160204,0.25,0.255,0.245,0.245,3635672
TSM,20160204,0.48,0.485,0.48,0.48,47755
TSN,20160204,0.019,0.019,0.019,0.019,997930
TSV,20160204,0.038,0.041,0.038,0.041,1868160
TTE,20160204,0.018,0.018,0.018,0.018,81802
TTI,20160204,0.028,0.03,0.028,0.03,206000
TTS,20160204,4.08,4.09,4.01,4.06,4668613
TUP,20160204,0.13,0.13,0.13,0.13,50000
TWD,20160204,3.05,3.05,3.05,3.05,4339
TWE,20160204,8.97,9.19,8.97,9.05,3031913
TWR,20160204,1.63,1.63,1.63,1.63,220
TYK,20160204,0.008,0.008,0.006,0.007,2260664
TYX,20160204,0.024,0.024,0.02,0.02,2716288
TZL,20160204,0.075,0.075,0.075,0.075,16700
TZN,20160204,0.13,0.13,0.12,0.13,558339
UBA,20160204,16.44,16.44,16.44,16.44,61
UBI,20160204,0.39,0.39,0.385,0.385,145250
UBN,20160204,0.675,0.7,0.67,0.7,134728
UBW,20160204,19.44,19.44,19.44,19.44,1244
UGL,20160204,2.21,2.23,2.16,2.2,242102
UML,20160204,0.027,0.027,0.027,0.027,3444900
UNS,20160204,0.255,0.265,0.25,0.255,7310900
UNV,20160204,0.19,0.19,0.19,0.19,145000
UOS,20160204,0.455,0.465,0.45,0.465,143625
UPD,20160204,0.31,0.31,0.285,0.285,423517
URF,20160204,2.08,2.08,2.08,2.08,17016
URI,20160204,0.44,0.45,0.44,0.45,92497
USA,20160204,0.018,0.018,0.018,0.018,4600
USD,20160204,13.65,13.67,13.6,13.63,411762
USR,20160204,0.68,0.68,0.675,0.675,13000
UXC,20160204,1.235,1.235,1.225,1.225,989056
VAE,20160204,46.49,46.9,46.49,46.9,2717
VAF,20160204,49.77,49.89,49.77,49.79,11268
VAH,20160204,0.49,0.49,0.48,0.49,1223992
VAN,20160204,0.018,0.018,0.018,0.018,9947
VAP,20160204,75.5,76.26,75.01,75.75,12356
VAS,20160204,62.65,63.19,62.2,63.03,42534
VCF,20160204,50.57,50.57,50.57,50.57,85
VCX,20160204,2.91,2.97,2.9,2.95,8666922
VED,20160204,2.82,2.82,2.81,2.81,1874046
VEU,20160204,56.5,56.7,56.3,56.55,13654
VGB,20160204,49.51,49.51,49.42,49.43,3569
VGE,20160204,47.85,48.04,47.85,47.9,1237
VGS,20160204,54.97,54.97,54.3,54.58,8711
VHY,20160204,51.81,53.4,51.79,53.33,10791
VIA,20160204,2.45,2.45,2.45,2.45,2000
VIC,20160204,0.012,0.013,0.012,0.012,3025275
VIF,20160204,51.28,51.31,51.12,51.31,5779
VIP,20160204,0.057,0.057,0.054,0.056,35040
VIT,20160204,2.4,2.41,2.36,2.36,744689
VKA,20160204,0.014,0.014,0.014,0.014,35145
VLA,20160204,0.77,0.78,0.76,0.76,71677
VLC,20160204,52.47,53.3,52.47,53.06,7417
VLW,20160204,2.05,2.05,2,2.04,33957
VMC,20160204,0.17,0.17,0.17,0.17,78123
VMS,20160204,0.019,0.019,0.019,0.019,112000
VMT,20160204,0.33,0.335,0.325,0.325,311106
VOC,20160204,7.73,7.78,7.63,7.67,2679447
VPC,20160204,0.053,0.053,0.051,0.052,1416772
VRL,20160204,6.97,6.99,6.82,6.96,138223
VRT,20160204,6.3,6.38,6.22,6.27,139097
VSO,20160204,40.96,41.02,40.85,41.02,973
VTG,20160204,2.46,2.5,2.44,2.48,616991
VTM,20160204,0.023,0.023,0.021,0.023,2927797
VTS,20160204,135.79,136.2,135.27,135.98,17987
WAA,20160204,1.07,1.07,1.07,1.07,33900
WAF,20160204,0.057,0.057,0.054,0.054,300000
WAM,20160204,2.2,2.22,2.19,2.2,313891
WAX,20160204,1.37,1.37,1.35,1.36,116454
WBA,20160204,1.27,1.28,1.21,1.21,113976
WBC,20160204,29.65,30.61,29.54,30.48,6457765
WCB,20160204,9.26,9.26,9.26,9.26,134
WCN,20160204,0.007,0.007,0.007,0.007,700000
WDE,20160204,0.76,0.765,0.76,0.76,45495
WEB,20160204,5.31,5.31,5.15,5.15,46562
WEC,20160204,0.083,0.083,0.083,0.083,39025
WES,20160204,43.05,43.26,42.71,42.91,2623730
WFD,20160204,9.99,10.105,9.96,10.09,3523816
WFE,20160204,0.002,0.002,0.002,0.002,100000
WGO,20160204,0.011,0.011,0.011,0.011,100000
WHC,20160204,0.435,0.465,0.42,0.445,6527496
WHF,20160204,4.16,4.21,4.16,4.21,12139
WHN,20160204,0.001,0.001,0.001,0.001,5530000
WIC,20160204,0.76,0.77,0.75,0.755,93213
WKT,20160204,0.004,0.004,0.004,0.004,800000
WLD,20160204,1.35,1.365,1.34,1.36,297856
WLF,20160204,0.155,0.155,0.155,0.155,10000
WLL,20160204,5.25,5.25,5.25,5.25,64
WMC,20160204,0.4,0.4,0.385,0.385,5610
WMK,20160204,1.055,1.055,1.035,1.04,322610
WMN,20160204,0.145,0.145,0.145,0.145,70000
WOF,20160204,0.004,0.004,0.004,0.004,175000
WOR,20160204,3.29,3.47,3.28,3.44,2543868
WOW,20160204,23.84,24.1,23.61,23.93,3070851
WPG,20160204,0.038,0.04,0.035,0.035,470690
WPI,20160204,0.023,0.024,0.022,0.024,3322205
WPL,20160204,26.1,27.21,26.1,27.14,3488152
WRG,20160204,0.002,0.002,0.002,0.002,300000
WRM,20160204,0.011,0.011,0.011,0.011,200000
WSA,20160204,1.9,2.115,1.9,2.09,3330822
WTP,20160204,1.05,1.05,1.05,1.05,856
WTR,20160204,0.05,0.05,0.05,0.05,1635350
WVL,20160204,0.008,0.008,0.008,0.008,500382
WWI,20160204,0.018,0.018,0.018,0.018,6496
XAM,20160204,0.105,0.105,0.105,0.105,100000
XPD,20160204,0.175,0.185,0.155,0.17,726126
XRO,20160204,15.1,15.2,15.01,15.1,19559
XST,20160204,0.004,0.004,0.004,0.004,250000
XTD,20160204,0.23,0.235,0.23,0.235,85718
XTE,20160204,0.37,0.37,0.35,0.35,136000
XTV,20160204,0.009,0.009,0.009,0.009,1045455
YAL,20160204,0.087,0.087,0.087,0.087,36818
YBR,20160204,0.23,0.23,0.215,0.22,514406
YNB,20160204,0.1,0.1,0.1,0.1,20000
YOW,20160204,0.76,0.84,0.76,0.84,461850
ZIP,20160204,0.545,0.55,0.53,0.55,179499
ZNC,20160204,0.05,0.05,0.048,0.05,622836
ZNZ,20160204,6.02,6.09,5.91,6.09,8591
ZRL,20160204,0.02,0.02,0.02,0.02,26667
XAF,20160204,4851,4980.5,4851,4970.3,0
XAO,20160204,4930.8,5037.9,4930.8,5029.3,0
XAT,20160204,4823.4,4936.2,4823.4,4927.2,0
XDJ,20160204,1916.5,1924.4,1892.3,1904.7,0
XEC,20160204,1030.7,1043.3,1030.7,1037.8,0
XEJ,20160204,7019.2,7470.2,7019.2,7455.2,0
XFJ,20160204,5649.8,5786.4,5649.8,5771.7,0
XFL,20160204,4902.7,5033,4902.7,5022.8,0
XGD,20160204,2724.4,2919.7,2724.4,2916.9,0
XHJ,20160204,19431.4,19505.2,19217.8,19278.1,0
XIJ,20160204,755.4,769.6,754.7,761.6,0
XJO,20160204,4876.8,4989.4,4876.8,4980.4,0
XJR,20160204,2072.1,2239.7,2072.1,2236.8,0
XKO,20160204,4835.7,4945.3,4835.7,4936.4,0
XMD,20160204,4834.2,4856.8,4815.1,4853,0
XMJ,20160204,6079.3,6469.6,6079.3,6457.9,0
XMM,20160204,1645.7,1789.4,1645.7,1786.5,0
XNJ,20160204,4669.2,4690.5,4654.2,4686.5,0
XPJ,20160204,1305.6,1322.1,1302.9,1319.5,0
XSJ,20160204,8689.2,8816.5,8689.2,8777.3,0
XSO,20160204,2021.3,2044,2021.3,2041.7,0
XTJ,20160204,2014,2039.5,2014,2039.5,0
XTL,20160204,2876.5,2958.4,2876.5,2951.3,0
XTO,20160204,4045.7,4141.9,4045.7,4134.2,0
XUJ,20160204,6946.7,7124,6946.7,7119.3,0
XXJ,20160204,6335.5,6506.3,6335.5,6486.8,0
