1AG,20160629,0.056,0.056,0.053,0.054,172000
1AL,20160629,0.95,0.95,0.95,0.95,2000
1PG,20160629,0.45,0.525,0.442,0.525,4962842
1ST,20160629,0.055,0.056,0.055,0.056,44002
3PL,20160629,0.7,0.75,0.7,0.745,1118257
4DS,20160629,0.02,0.022,0.02,0.022,1225000
88E,20160629,0.032,0.032,0.031,0.031,11590979
8EC,20160629,0.98,0.98,0.98,0.98,42115
8IH,20160629,0.81,0.81,0.78,0.79,55800
9SP,20160629,0.15,0.16,0.15,0.155,142754
A2M,20160629,1.75,1.76,1.725,1.74,8918572
AAA,20160629,50.17,50.18,50.16,50.16,82679
AAC,20160629,1.85,1.85,1.785,1.795,1638195
AAD,20160629,1.955,1.955,1.845,1.86,2399755
AAR,20160629,0.013,0.013,0.012,0.012,73000
AAX,20160629,0.38,0.38,0.375,0.375,115490
AB1,20160629,0.19,0.2,0.19,0.195,272642
ABA,20160629,5.15,5.15,5.05,5.05,699
ABC,20160629,5.28,5.42,5.24,5.41,2721046
ABL,20160629,0.008,0.009,0.008,0.009,539579
ABP,20160629,3.18,3.2,3.13,3.16,931445
ABT,20160629,0.81,0.9,0.81,0.9,190597
ABU,20160629,0.063,0.065,0.063,0.065,221470
ABX,20160629,0.125,0.125,0.125,0.125,28300
ABY,20160629,0.365,0.37,0.365,0.37,128151
ACB,20160629,0.037,0.039,0.036,0.038,1001808
ACG,20160629,0.125,0.125,0.12,0.12,17431
ACL,20160629,0.008,0.008,0.008,0.008,69537
ACQ,20160629,0.885,0.9,0.87,0.87,107589
ACR,20160629,0.71,0.715,0.7,0.71,62078
ACU,20160629,0.029,0.029,0.028,0.028,267326
ACW,20160629,0.069,0.076,0.069,0.075,913085
ACX,20160629,6.8,7.005,6.76,6.91,793908
AD1,20160629,0.34,0.34,0.33,0.33,437471
ADA,20160629,2.8,2.93,2.8,2.9,89717
ADD,20160629,0.014,0.015,0.014,0.015,21167
ADH,20160629,2.44,2.44,2.36,2.41,1548031
ADJ,20160629,0.096,0.115,0.096,0.11,1803007
ADN,20160629,0.019,0.022,0.019,0.019,1017419
ADO,20160629,0.041,0.042,0.041,0.041,825697
ADV,20160629,0.027,0.028,0.027,0.027,6706004
ADX,20160629,0.007,0.007,0.007,0.007,278500
ADY,20160629,0.011,0.011,0.011,0.011,210000
AEB,20160629,0.05,0.05,0.05,0.05,5500
AEE,20160629,0.017,0.017,0.017,0.017,367250
AEG,20160629,1.18,1.2,1.18,1.195,220610
AEV,20160629,0.21,0.21,0.185,0.19,199925
AFG,20160629,0.955,0.955,0.955,0.955,15879
AFI,20160629,5.57,5.67,5.57,5.63,337440
AFR,20160629,0.042,0.044,0.042,0.044,49741
AFY,20160629,1.43,1.44,1.41,1.44,12366
AGD,20160629,0.19,0.19,0.165,0.165,7618
AGE,20160629,0.014,0.014,0.014,0.014,86250
AGF,20160629,0.88,0.88,0.865,0.875,404738
AGG,20160629,4.66,4.66,4.65,4.66,1382
AGI,20160629,2.32,2.32,2.26,2.26,301351
AGL,20160629,18.92,19.06,18.79,18.96,1490105
AGO,20160629,0.009,0.01,0.009,0.009,20979526
AGR,20160629,0.105,0.11,0.105,0.11,20000
AGS,20160629,0.04,0.041,0.04,0.04,177589
AGY,20160629,0.04,0.04,0.036,0.036,3481113
AHF,20160629,0.185,0.185,0.175,0.18,967047
AHG,20160629,3.74,3.78,3.72,3.73,764905
AHL,20160629,0.16,0.16,0.16,0.16,149000
AHQ,20160629,0.004,0.004,0.004,0.004,117500
AHX,20160629,1.46,1.48,1.46,1.48,22760
AHY,20160629,2.1,2.13,2.08,2.1,4372487
AHZ,20160629,0.3,0.315,0.3,0.305,221201
AIA,20160629,6.06,6.14,6.05,6.12,127212
AIO,20160629,8.88,8.91,8.85,8.85,4568046
AIQ,20160629,0.11,0.11,0.11,0.11,6100
AIR,20160629,0.08,0.08,0.08,0.08,24000
AIY,20160629,0.042,0.042,0.04,0.04,30000
AIZ,20160629,2.01,2.02,1.975,2,32968
AJA,20160629,6.95,6.95,6.72,6.78,28061
AJC,20160629,0.002,0.003,0.002,0.002,2437693
AJD,20160629,1.48,1.48,1.465,1.465,12512
AJL,20160629,0.17,0.17,0.17,0.17,13345
AJM,20160629,0.185,0.19,0.18,0.18,3500764
AJQ,20160629,0.053,0.058,0.052,0.052,207000
AJX,20160629,0.695,0.715,0.68,0.69,275304
AKG,20160629,0.24,0.25,0.24,0.245,39500
AKK,20160629,0.007,0.007,0.006,0.006,1472857
AKM,20160629,0.007,0.042,0.007,0.029,58320910
AKP,20160629,20.3,21,19.8,19.8,30113
ALC,20160629,0.043,0.043,0.043,0.043,113279
ALF,20160629,1.42,1.435,1.42,1.425,150800
ALI,20160629,1.82,1.845,1.8,1.835,214950
ALK,20160629,0.2,0.205,0.195,0.2,331030
ALL,20160629,13.31,13.51,13.16,13.41,2951972
ALQ,20160629,4.84,4.94,4.8,4.83,1578895
ALR,20160629,1.045,1.08,1.045,1.08,199963
ALT,20160629,0.006,0.006,0.006,0.006,166666
ALU,20160629,6.2,6.37,6.18,6.34,404720
ALY,20160629,0.027,0.027,0.025,0.025,1331156
AMA,20160629,0.84,0.84,0.785,0.79,1174694
AMC,20160629,14.46,14.61,14.37,14.53,3000179
AMH,20160629,0.96,0.96,0.925,0.925,33933
AMI,20160629,0.13,0.135,0.13,0.13,196331
AMN,20160629,0.41,0.41,0.41,0.41,13889
AMP,20160629,5.1,5.13,5.02,5.05,11354116
ANG,20160629,0.085,0.085,0.084,0.084,153615
ANN,20160629,17.76,17.87,17.68,17.71,1039576
ANO,20160629,0.024,0.024,0.023,0.023,400010
ANP,20160629,0.03,0.03,0.03,0.03,240920
ANQ,20160629,0.002,0.002,0.001,0.002,11875595
ANR,20160629,1.2,1.24,1.2,1.24,10000
ANZ,20160629,23.75,23.78,23.51,23.6,7467471
AOD,20160629,0.7,0.7,0.7,0.7,20000
AOF,20160629,2.13,2.14,2.11,2.13,137730
AOG,20160629,3.18,3.18,3.07,3.13,1243087
AOH,20160629,0.125,0.13,0.125,0.125,265863
AOK,20160629,0.054,0.06,0.054,0.057,2379612
AON,20160629,0.055,0.06,0.055,0.06,8875
AOU,20160629,0.135,0.135,0.13,0.13,15000
AOW,20160629,0.16,0.16,0.16,0.16,10000
APA,20160629,8.85,8.96,8.77,8.93,3384273
APD,20160629,0.495,0.495,0.495,0.495,9000
APE,20160629,11.75,11.97,11.57,11.88,22725
API,20160629,1.635,1.73,1.63,1.69,1743636
APN,20160629,3.86,4,3.67,3.93,639340
APO,20160629,6.85,6.88,6.74,6.81,559928
APW,20160629,0.12,0.125,0.12,0.125,835000
APX,20160629,2.64,2.65,2.53,2.61,139482
APY,20160629,0.007,0.007,0.007,0.007,1548353
APZ,20160629,1.18,1.2,1.165,1.195,6019283
AQC,20160629,0.017,0.017,0.016,0.016,3365611
AQD,20160629,0.013,0.013,0.013,0.013,159516
AQG,20160629,3.09,3.15,3.08,3.11,47108
AQI,20160629,0.15,0.15,0.15,0.15,166332
AQQ,20160629,0.026,0.034,0.026,0.026,1120800
AQX,20160629,0.035,0.035,0.034,0.034,3032
AQZ,20160629,0.5,0.5,0.5,0.5,273
AR1,20160629,0.013,0.013,0.013,0.013,499925
ARA,20160629,0.325,0.34,0.32,0.34,95250
ARB,20160629,16.48,16.66,16.36,16.55,84182
ARC,20160629,0.57,0.57,0.57,0.57,40
ARD,20160629,0.027,0.029,0.027,0.029,3346261
ARE,20160629,0.013,0.013,0.012,0.012,2009165
ARF,20160629,1.995,2.03,1.97,2.02,91360
ARG,20160629,7.23,7.35,7.23,7.34,175213
ARM,20160629,0.055,0.055,0.053,0.053,72960
ARO,20160629,0.015,0.015,0.015,0.015,8067
ARU,20160629,0.048,0.049,0.048,0.048,328438
ARX,20160629,0.45,0.45,0.45,0.45,3471
ASB,20160629,1.21,1.235,1.2,1.21,1175456
ASH,20160629,0.215,0.22,0.215,0.22,104900
ASL,20160629,0.715,0.725,0.7,0.71,152757
AST,20160629,1.61,1.625,1.58,1.595,7292539
ASW,20160629,0.635,0.635,0.635,0.635,10000
ASX,20160629,44.31,45.06,44.09,45,775976
ASY,20160629,0.018,0.018,0.018,0.018,3484
ASZ,20160629,0.925,0.925,0.89,0.895,3137986
ATA,20160629,0.025,0.025,0.025,0.025,100000
ATC,20160629,0.19,0.19,0.175,0.175,858858
ATP,20160629,0.032,0.032,0.032,0.032,100000
ATU,20160629,0.5,0.52,0.49,0.5,46026
AUB,20160629,9.75,10.08,9.75,10.01,24566
AUC,20160629,0.056,0.056,0.056,0.056,37891
AUF,20160629,1.24,1.24,1.24,1.24,33400
AUI,20160629,7.2,7.2,7.2,7.2,600
AUST,20160629,14.81,14.85,14.81,14.85,4776
AUZ,20160629,0.009,0.01,0.009,0.009,4796143
AVB,20160629,0.054,0.058,0.054,0.057,884534
AVD,20160629,0.017,0.017,0.017,0.017,100000
AVG,20160629,0.54,0.56,0.54,0.545,255768
AVH,20160629,0.098,0.098,0.09,0.092,3179422
AVL,20160629,0.012,0.012,0.011,0.011,540792
AVN,20160629,2.36,2.39,2.32,2.35,77718
AVQ,20160629,0.215,0.235,0.19,0.19,2844123
AVX,20160629,0.026,0.031,0.026,0.03,659923
AVZ,20160629,0.012,0.012,0.012,0.012,3410000
AWC,20160629,1.27,1.297,1.262,1.275,8377665
AWE,20160629,0.855,0.87,0.83,0.84,2982656
AWN,20160629,0.425,0.43,0.425,0.43,19111
AWV,20160629,0.115,0.125,0.115,0.125,302770
AWY,20160629,0.001,0.001,0.001,0.001,2289688
AXE,20160629,0.074,0.077,0.074,0.075,604318
AXP,20160629,0.95,0.95,0.88,0.9,43040
AXT,20160629,0.075,0.075,0.075,0.075,204000
AYC,20160629,0.021,0.021,0.021,0.021,494349
AYR,20160629,0.013,0.014,0.011,0.011,2571276
AYS,20160629,1.68,1.682,1.62,1.65,522942
AYZ,20160629,74.84,74.84,74.84,74.84,669
AZJ,20160629,4.71,4.75,4.62,4.71,7957758
AZM,20160629,0.047,0.047,0.044,0.046,2227434
AZS,20160629,0.034,0.037,0.033,0.036,1574869
AZV,20160629,0.046,0.048,0.046,0.046,125000
AZY,20160629,0.056,0.059,0.053,0.056,12390558
BAF,20160629,1.17,1.195,1.16,1.19,176859
BAL,20160629,10.45,10.53,10.28,10.28,402223
BAP,20160629,5.42,5.67,5.39,5.57,1528468
BAR,20160629,0.045,0.05,0.045,0.049,1627297
BAU,20160629,0.062,0.062,0.061,0.061,303763
BBG,20160629,1.25,1.265,1.24,1.26,493666
BBN,20160629,2.22,2.35,2.22,2.27,102709
BBOZ,20160629,25,25.8,23.8,25.54,324142
BBR,20160629,0.065,0.068,0.065,0.068,57843
BBUS,20160629,11.4,11.55,11.4,11.43,69060
BCI,20160629,0.12,0.125,0.11,0.11,587412
BCT,20160629,0.023,0.023,0.023,0.023,194000
BD1,20160629,0.023,0.023,0.022,0.022,905000
BDR,20160629,0.33,0.375,0.33,0.375,12336535
BEAR,20160629,17.3,17.64,16,17.57,160828
BEN,20160629,9.49,9.59,9.43,9.46,1763558
BFC,20160629,0.412,0.425,0.405,0.415,459081
BFG,20160629,0.58,0.6,0.54,0.6,232962
BGA,20160629,5.7,5.71,5.58,5.62,251254
BGG,20160629,0.027,0.03,0.027,0.03,30000
BGH,20160629,0.024,0.024,0.024,0.024,10000
BGL,20160629,0.605,0.61,0.6,0.605,85400
BGS,20160629,0.31,0.32,0.29,0.29,1272178
BHP,20160629,18.56,18.57,18.21,18.3,11173051
BIG,20160629,0.12,0.12,0.115,0.115,277334
BIS,20160629,0.39,0.39,0.39,0.39,10000
BIT,20160629,0.055,0.055,0.055,0.055,6500
BKI,20160629,1.58,1.585,1.575,1.577,548834
BKL,20160629,132.17,134,131.55,132.77,143247
BKN,20160629,1.045,1.065,0.99,1.005,594593
BKP,20160629,0.001,0.001,0.001,0.001,590095
BKT,20160629,0.073,0.073,0.07,0.07,260027
BKW,20160629,14.09,14.09,13.77,13.91,237076
BKY,20160629,0.62,0.63,0.62,0.63,113000
BLA,20160629,8,8,7.68,7.82,17055
BLD,20160629,6,6.03,5.965,6.01,3103273
BLG,20160629,0.2,0.21,0.195,0.195,506400
BLK,20160629,0.635,0.69,0.635,0.69,1558184
BLT,20160629,0.09,0.09,0.089,0.09,324022
BLX,20160629,1.35,1.39,1.335,1.385,341568
BLY,20160629,0.08,0.087,0.079,0.081,327944
BLZ,20160629,0.07,0.07,0.07,0.07,50823
BMG,20160629,0.008,0.008,0.008,0.008,156511
BML,20160629,0.004,0.004,0.004,0.004,2000000
BMN,20160629,0.028,0.028,0.027,0.028,111026
BMP,20160629,0.36,0.36,0.36,0.36,9786
BNO,20160629,0.285,0.3,0.265,0.28,911721
BNR,20160629,0.072,0.072,0.071,0.071,324688
BOA,20160629,0.12,0.12,0.12,0.12,7000
BOC,20160629,0.2,0.2,0.2,0.2,11000
BOE,20160629,0.042,0.042,0.041,0.041,433980
BOL,20160629,0.082,0.084,0.082,0.084,368403
BOND,20160629,26.57,26.57,26.57,26.57,7910
BOQ,20160629,10.54,10.6,10.37,10.39,1342620
BPF,20160629,0.405,0.41,0.395,0.405,167644
BPH,20160629,0.01,0.01,0.007,0.007,3420016
BPL,20160629,0.085,0.086,0.081,0.081,180016
BPS,20160629,0.985,0.99,0.96,0.99,19715
BPT,20160629,0.595,0.6,0.575,0.58,10527680
BRB,20160629,0.165,0.175,0.15,0.17,1484532
BRD,20160629,0.001,0.001,0.001,0.001,45173
BRG,20160629,7.32,7.41,7.22,7.32,120602
BRK,20160629,0.009,0.009,0.009,0.009,754282
BRL,20160629,0.013,0.013,0.013,0.013,459384
BRU,20160629,0.24,0.245,0.235,0.24,239059
BSA,20160629,0.24,0.24,0.24,0.24,148000
BSL,20160629,6.22,6.3,6.12,6.14,4290220
BSP,20160629,0.004,0.004,0.003,0.003,3000000
BSR,20160629,0.021,0.021,0.021,0.021,442052
BTC,20160629,0.1,0.1,0.1,0.1,7577
BTI,20160629,1.115,1.115,1.075,1.115,85384
BTT,20160629,8.08,8.75,8.04,8.12,3171094
BUG,20160629,0.37,0.37,0.35,0.35,11000
BUL,20160629,0.023,0.023,0.023,0.023,111245
BUX,20160629,0.082,0.086,0.08,0.086,103978
BUY,20160629,0.008,0.008,0.008,0.008,268000
BWP,20160629,3.62,3.63,3.54,3.58,1817682
BWR,20160629,1.2,1.24,1.2,1.2,19049
BWX,20160629,4.67,4.79,4.67,4.77,67565
BXB,20160629,12.04,12.12,11.86,12.09,4277644
BXN,20160629,0.025,0.027,0.025,0.027,1000000
BYI,20160629,1.2,1.2,1.2,1.2,800
BYL,20160629,0.095,0.095,0.091,0.092,184900
BYR,20160629,0.054,0.055,0.05,0.05,6496397
CAA,20160629,0.15,0.15,0.15,0.15,7886
CAB,20160629,3.16,3.27,3.15,3.19,269370
CAD,20160629,0.003,0.004,0.003,0.004,15418333
CAF,20160629,0.4,0.4,0.4,0.4,15818
CAJ,20160629,0.155,0.16,0.155,0.155,677488
CAM,20160629,0.76,0.76,0.75,0.76,291922
CAP,20160629,0.045,0.045,0.045,0.045,12222
CAQ,20160629,0.16,0.16,0.145,0.145,647961
CAR,20160629,12.01,12.06,11.9,12.01,445646
CAS,20160629,0.145,0.15,0.145,0.15,176455
CAT,20160629,3,3.05,2.98,3,29827
CAV,20160629,0.017,0.022,0.017,0.02,10558829
CAY,20160629,0.145,0.145,0.14,0.145,250960
CAZ,20160629,0.057,0.062,0.057,0.062,97946
CBA,20160629,74.21,74.4,73.26,73.46,2828505
CBL,20160629,2.39,2.4,2.35,2.4,201734
CCJ,20160629,0.005,0.008,0.005,0.008,88000
CCL,20160629,8.16,8.195,8.11,8.13,1660973
CCP,20160629,11.95,12.08,11.78,11.92,123049
CCV,20160629,0.38,0.415,0.375,0.41,48188376
CDA,20160629,1.17,1.17,1.07,1.08,102639
CDC,20160629,0.18,0.185,0.18,0.18,198704
CDD,20160629,0.51,0.57,0.51,0.56,542758
CDG,20160629,0.055,0.055,0.055,0.055,67247
CDM,20160629,1.185,1.225,1.175,1.22,494842
CDP,20160629,8.61,8.7,8.61,8.7,2696
CDU,20160629,0.46,0.46,0.435,0.45,232440
CDV,20160629,0.285,0.29,0.28,0.29,596054
CDY,20160629,0.032,0.032,0.032,0.032,2091626
CEL,20160629,0.027,0.027,0.027,0.027,3946
CETF,20160629,48.89,48.89,48.89,48.89,0
CFE,20160629,0.018,0.019,0.017,0.019,1410916
CGC,20160629,2.75,2.755,2.69,2.72,579804
CGF,20160629,8.7,8.77,8.51,8.51,2318380
CGL,20160629,5.12,5.23,5.12,5.23,785
CGN,20160629,0.07,0.07,0.068,0.068,89612
CGR,20160629,0.18,0.185,0.18,0.185,129363
CGS,20160629,0.78,0.78,0.78,0.78,2600
CHC,20160629,5.08,5.08,4.965,5.02,1589310
CHK,20160629,0.015,0.015,0.014,0.014,678951
CHN,20160629,0.165,0.17,0.16,0.17,320806
CHP,20160629,0.003,0.003,0.003,0.003,150000
CHZ,20160629,0.032,0.032,0.032,0.032,105661
CIA,20160629,0.21,0.21,0.2,0.2,12000
CIE,20160629,0.92,0.92,0.92,0.92,7000
CII,20160629,2.32,2.32,2.3,2.3,1015
CIM,20160629,34.7,35.7,34.7,34.93,636267
CIN,20160629,31.98,31.98,31.85,31.85,600
CIW,20160629,0.64,0.64,0.63,0.64,29662
CIZ,20160629,0.02,0.021,0.02,0.021,245150
CKA,20160629,0.016,0.016,0.014,0.015,141440
CKF,20160629,4.59,4.59,4.36,4.4,887129
CL1,20160629,3.3,3.35,3.25,3.28,103038
CL8,20160629,0.02,0.02,0.019,0.02,823359
CLH,20160629,1.05,1.07,1.05,1.07,334829
CLQ,20160629,0.45,0.45,0.432,0.445,873528
CLX,20160629,0.75,0.75,0.75,0.75,8649
CM8,20160629,0.15,0.15,0.14,0.145,377601
CMA,20160629,2.12,2.14,2.1,2.14,39062
CMI,20160629,0.925,0.925,0.92,0.925,62250
CMM,20160629,0.14,0.15,0.14,0.15,613216
CMP,20160629,0.39,0.39,0.39,0.39,3900
CMW,20160629,1.01,1.012,0.997,1.005,7601871
CMY,20160629,0.005,0.005,0.005,0.005,2233430
CND,20160629,0.19,0.19,0.19,0.19,32764
CNI,20160629,1.05,1.05,1.05,1.05,18557
CNJ,20160629,0.03,0.03,0.03,0.03,594066
CNU,20160629,3.88,3.965,3.88,3.95,122655
CNX,20160629,0.016,0.017,0.016,0.016,597278
COE,20160629,0.21,0.215,0.205,0.21,432509
COH,20160629,119.2,120.75,119.13,119.69,230106
COO,20160629,0.09,0.1,0.09,0.1,132403
COY,20160629,0.007,0.007,0.007,0.007,60000
CPU,20160629,9.2,9.28,9.12,9.17,2522554
CQR,20160629,4.71,4.72,4.625,4.7,1958082
CRB,20160629,0.17,0.18,0.17,0.17,235927
CSE,20160629,0.46,0.46,0.44,0.44,66739
CSL,20160629,110.11,110.27,108.25,108.36,844884
CSR,20160629,3.62,3.63,3.54,3.54,1730755
CSS,20160629,0.036,0.036,0.032,0.033,2051291
CSV,20160629,1.53,1.547,1.42,1.43,333204
CTD,20160629,13.73,13.92,13.61,13.81,262001
CTE,20160629,0.19,0.21,0.19,0.21,10590
CTM,20160629,0.007,0.007,0.006,0.007,3863685
CTN,20160629,0.965,0.975,0.955,0.975,469826
CTO,20160629,0.014,0.015,0.014,0.015,1882090
CTP,20160629,0.099,0.099,0.094,0.099,39072
CTX,20160629,31.65,32.49,31.625,31.87,1673293
CUE,20160629,0.07,0.079,0.07,0.079,168420
CUP,20160629,0.72,0.72,0.71,0.715,46317
CUV,20160629,4.5,4.5,4.25,4.25,3401
CUX,20160629,0.004,0.004,0.004,0.004,10600
CV1,20160629,0.185,0.185,0.16,0.16,129308
CVC,20160629,1.505,1.505,1.505,1.505,40137
CVN,20160629,0.1,0.105,0.097,0.1,1886160
CVO,20160629,1.2,1.265,1.2,1.24,1659735
CVT,20160629,0.22,0.225,0.215,0.225,408488
CVV,20160629,0.12,0.12,0.11,0.11,61827
CVW,20160629,0.95,0.95,0.95,0.95,93391
CWE,20160629,0.029,0.03,0.027,0.028,3166419
CWN,20160629,12.25,12.41,12.11,12.41,1703954
CWP,20160629,4.25,4.36,4.2,4.36,36212
CWY,20160629,0.79,0.795,0.78,0.785,1454680
CXO,20160629,0.023,0.023,0.023,0.023,831389
CXU,20160629,0.071,0.071,0.065,0.065,22167
CXX,20160629,0.3,0.305,0.29,0.3,220926
CYA,20160629,0.79,0.8,0.78,0.8,261500
CYB,20160629,4.28,4.32,4.13,4.19,8209501
CYC,20160629,0.92,0.99,0.92,0.99,40092
CYG,20160629,1.05,1.06,1.05,1.06,16053
CYP,20160629,0.275,0.275,0.26,0.265,153955
CYU,20160629,0.004,0.005,0.004,0.005,833750
CYY,20160629,0.056,0.058,0.054,0.056,781567
CZI,20160629,0.029,0.029,0.027,0.027,144023
CZL,20160629,0.044,0.045,0.044,0.045,821458
CZN,20160629,0.007,0.007,0.007,0.007,3891310
CZR,20160629,0.007,0.007,0.007,0.007,1206666
CZZ,20160629,20.15,20.99,19.1,20.17,30726
D13,20160629,0.135,0.14,0.125,0.14,535478
DCC,20160629,0.145,0.145,0.135,0.135,350856
DCG,20160629,0.745,0.75,0.72,0.735,123515
DCN,20160629,2.93,3,2.9,2.96,232854
DDD,20160629,0.004,0.004,0.004,0.004,60000
DDR,20160629,1.79,1.79,1.79,1.79,11104
DDT,20160629,0.02,0.021,0.02,0.02,934718
DEG,20160629,0.002,0.002,0.002,0.002,1600000
DFM,20160629,1.69,1.735,1.61,1.625,98833
DGO,20160629,0.2,0.2,0.2,0.2,300
DGR,20160629,0.027,0.027,0.024,0.025,1944280
DHR,20160629,0.005,0.005,0.005,0.005,290000
DJRE,20160629,21.75,21.84,21.75,21.84,12719
DJW,20160629,4.07,4.12,4.05,4.09,195573
DKM,20160629,0.21,0.21,0.2,0.2,30000
DKO,20160629,0.092,0.1,0.092,0.1,4886201
DLX,20160629,6.14,6.25,6.13,6.23,1754250
DM1,20160629,0.046,0.046,0.045,0.045,298390
DMC,20160629,0.13,0.13,0.13,0.13,7000
DMP,20160629,68,68.24,66.56,67.8,285687
DNA,20160629,0.405,0.41,0.387,0.41,26552273
DNK,20160629,0.39,0.43,0.39,0.43,283596
DOW,20160629,3.66,3.68,3.63,3.67,994147
DRA,20160629,0.28,0.28,0.28,0.28,12900
DRG,20160629,0.021,0.021,0.021,0.021,13750
DRK,20160629,0.002,0.002,0.002,0.002,45000
DRM,20160629,1.025,1.062,1.025,1.05,604332
DRO,20160629,0.26,0.26,0.24,0.24,125258
DRX,20160629,0.011,0.011,0.011,0.011,100000
DSX,20160629,0.044,0.044,0.044,0.044,35011
DTI,20160629,0.385,0.39,0.385,0.385,15579
DTL,20160629,1.055,1.07,1.055,1.07,119407
DTM,20160629,0.009,0.01,0.009,0.01,1060000
DTR,20160629,0.013,0.013,0.013,0.013,10000
DUB,20160629,0.415,0.45,0.41,0.45,94952
DUE,20160629,2.41,2.45,2.38,2.44,8717166
DUI,20160629,3.22,3.23,3.2,3.22,33331
DVA,20160629,0.725,0.725,0.72,0.72,20581
DVI,20160629,0.015,0.015,0.015,0.015,607537
DVL,20160629,0.3,0.32,0.3,0.32,40000
DVN,20160629,0.5,0.5,0.5,0.5,7000
DWS,20160629,1.095,1.115,1.095,1.105,169929
DXB,20160629,0.007,0.007,0.007,0.007,2993027
DXS,20160629,8.93,9.09,8.76,9.02,5924493
DYE,20160629,0.215,0.22,0.21,0.21,108994
DYL,20160629,0.003,0.004,0.003,0.004,571903
EAI,20160629,0.77,0.775,0.77,0.77,85000
EAR,20160629,0.215,0.225,0.215,0.225,746201
EBO,20160629,14.88,14.88,14.88,14.88,312
ECO,20160629,0.004,0.004,0.004,0.004,575000
ECX,20160629,3.52,3.68,3.51,3.61,689274
EDE,20160629,0.255,0.27,0.245,0.27,12809088
EFE,20160629,0.01,0.01,0.01,0.01,150000
EGG,20160629,1.25,1.25,1.245,1.25,33852
EGH,20160629,0.745,0.77,0.735,0.735,174503
EGI,20160629,0.91,0.91,0.91,0.91,16180
EGL,20160629,0.028,0.03,0.028,0.03,119567
EGN,20160629,0.09,0.09,0.09,0.09,2061
EGO,20160629,0.37,0.37,0.365,0.365,25262
EGS,20160629,0.41,0.43,0.4,0.42,331229
EHE,20160629,4.65,4.71,4.57,4.66,1043993
EHL,20160629,0.034,0.034,0.034,0.034,640985
ELD,20160629,3.68,3.76,3.66,3.7,201465
ELK,20160629,0.07,0.07,0.07,0.07,4387312
ELM,20160629,0.185,0.19,0.175,0.19,35393
ELT,20160629,0.006,0.006,0.006,0.006,87680
ELX,20160629,0.96,0.975,0.96,0.965,20391
EMC,20160629,0.77,0.77,0.755,0.755,98091
EME,20160629,0.08,0.08,0.08,0.08,10952
EMF,20160629,1.74,1.74,1.74,1.74,49450
EMG,20160629,0.011,0.011,0.011,0.011,265000
EMH,20160629,0.43,0.465,0.43,0.44,682784
EML,20160629,1.22,1.28,1.22,1.275,619335
EMR,20160629,0.044,0.045,0.044,0.045,584187
ENB,20160629,0.014,0.014,0.014,0.014,617647
ENC,20160629,0.3,0.31,0.3,0.3,40000
ENN,20160629,1.82,1.85,1.82,1.84,39608
ENT,20160629,0.015,0.015,0.015,0.015,12000
ENX,20160629,0.012,0.012,0.012,0.012,46833
ENZ,20160629,0.17,0.17,0.17,0.17,50100
EOR,20160629,0.007,0.008,0.007,0.008,750000
EOS,20160629,1.735,1.78,1.71,1.735,73256
EPD,20160629,0.33,0.345,0.33,0.335,99881
EPM,20160629,0.008,0.008,0.008,0.008,62500
EPW,20160629,0.8,0.845,0.795,0.83,1149915
EQT,20160629,15.8,16.3,15.7,16,13015
EQU,20160629,0.019,0.019,0.019,0.019,32000
EQX,20160629,0.33,0.33,0.325,0.33,21750
ERA,20160629,0.35,0.35,0.345,0.35,106310
ERJ,20160629,0.023,0.024,0.022,0.022,337387
ERL,20160629,0.028,0.028,0.028,0.028,410778
ERM,20160629,0.05,0.05,0.049,0.05,190000
ERX,20160629,0.03,0.03,0.03,0.03,10500
ESI,20160629,0.011,0.011,0.011,0.011,2456832
ESM,20160629,0.011,0.011,0.011,0.011,58333
ESV,20160629,0.08,0.081,0.078,0.078,57690
ETE,20160629,0.006,0.006,0.005,0.005,1000777
ETF,20160629,19.54,19.54,19.54,19.54,49
ETPMAG,20160629,23.05,23.75,23.05,23.75,18399
ETPMPD,20160629,79.13,79.13,79.13,79.13,0
ETPMPM,20160629,124.98,124.98,124.98,124.98,16
ETPMPT,20160629,125.25,125.25,125.25,125.25,0
EVE,20160629,0.009,0.009,0.009,0.009,1500000
EVN,20160629,2.38,2.48,2.32,2.38,11241502
EVT,20160629,14.37,14.58,14.35,14.46,62631
EVZ,20160629,0.01,0.01,0.008,0.008,301677
EWC,20160629,0.19,0.195,0.185,0.185,125950
EXC,20160629,0.047,0.047,0.045,0.045,3171500
EXG,20160629,0.06,0.064,0.06,0.064,84625
EXM,20160629,0.006,0.006,0.006,0.006,12211
EXU,20160629,0.061,0.07,0.061,0.07,561393
EZL,20160629,0.805,0.81,0.8,0.8,28754
FAN,20160629,2.12,2.13,2.12,2.13,13405
FAR,20160629,0.078,0.078,0.076,0.077,5980321
FBR,20160629,0.026,0.026,0.024,0.024,1300732
FBU,20160629,7.93,7.95,7.85,7.93,1289461
FCT,20160629,0.245,0.245,0.245,0.245,70918
FET,20160629,2.59,2.665,2.53,2.62,300027
FFG,20160629,0.041,0.045,0.04,0.04,150000
FFT,20160629,0.575,0.575,0.5,0.5,6890
FGG,20160629,1.04,1.075,1.04,1.06,256945
FGR,20160629,0.1,0.105,0.1,0.105,604843
FGX,20160629,1.115,1.12,1.105,1.12,294974
FLK,20160629,0.84,0.845,0.84,0.845,233724
FLN,20160629,1.58,1.62,1.58,1.615,25290
FLT,20160629,30.31,30.95,30.28,30.8,530695
FMG,20160629,3.53,3.57,3.42,3.43,13487276
FML,20160629,0.46,0.48,0.46,0.46,56462
FMS,20160629,0.025,0.025,0.025,0.025,72625
FND,20160629,0.16,0.165,0.16,0.16,193008
FNP,20160629,4.02,4.05,3.94,4.05,121499
FNT,20160629,0.028,0.028,0.028,0.028,750
FPH,20160629,9.56,9.61,9.47,9.56,344418
FRE,20160629,0.001,0.001,0.001,0.001,97129
FRI,20160629,0.82,0.82,0.805,0.805,7916
FRM,20160629,2.4,2.5,2.39,2.45,103182
FRN,20160629,0.02,0.02,0.02,0.02,1400000
FRX,20160629,0.12,0.12,0.12,0.12,16500
FSA,20160629,0.97,0.97,0.97,0.97,8822
FSF,20160629,5.09,5.23,5.09,5.19,22295
FSI,20160629,1.47,1.47,1.44,1.47,32551
FTT,20160629,0.034,0.035,0.034,0.035,635410
FUN,20160629,0.022,0.022,0.021,0.021,163928
FWD,20160629,1.8,1.85,1.8,1.84,23170
FXJ,20160629,0.895,0.9,0.88,0.895,4769147
FXL,20160629,1.73,1.76,1.705,1.705,4516627
FYI,20160629,0.035,0.035,0.035,0.035,3334
FZR,20160629,0.19,0.19,0.19,0.19,5002
G8C,20160629,0.029,0.031,0.029,0.031,193583
GAP,20160629,0.355,0.36,0.35,0.35,143180
GBE,20160629,0.021,0.022,0.021,0.022,84694
GBG,20160629,0.016,0.016,0.015,0.015,677265
GBI,20160629,0.18,0.19,0.18,0.19,32865
GBM,20160629,0.011,0.013,0.01,0.01,1560244
GBP,20160629,0.031,0.035,0.031,0.035,109000
GBT,20160629,4.11,4.2,3.97,4,2654363
GBX,20160629,0.004,0.005,0.004,0.005,650000
GBZ,20160629,0.013,0.014,0.013,0.014,7192846
GC1,20160629,0.95,1,0.95,0.99,126740
GCN,20160629,0.006,0.006,0.006,0.006,6737130
GCS,20160629,0.38,0.38,0.38,0.38,115431
GCY,20160629,0.52,0.53,0.47,0.52,180680
GDF,20160629,1,1.01,1,1.01,45000
GDI,20160629,0.87,0.9,0.87,0.89,227365
GDX,20160629,36.15,36.64,36.14,36.64,20690
GDY,20160629,0.023,0.025,0.023,0.023,1069552
GEAR,20160629,17.5,17.51,17.1,17.24,107661
GEG,20160629,1.13,1.18,1.13,1.15,25458
GEM,20160629,3.75,3.8,3.73,3.74,1781860
GER,20160629,0.068,0.068,0.067,0.067,111585
GFL,20160629,1.4,1.415,1.36,1.36,12262
GFY,20160629,1.06,1.06,1.06,1.06,5022
GGE,20160629,0.005,0.005,0.005,0.005,954525
GGG,20160629,0.03,0.031,0.029,0.031,2443215
GGUS,20160629,8.88,8.91,8.87,8.88,17108
GHC,20160629,2.15,2.25,2.14,2.22,231303
GID,20160629,0.025,0.025,0.025,0.025,17616
GLA,20160629,0.002,0.002,0.002,0.002,8000
GLB,20160629,1.3,1.34,1.3,1.34,1395
GLF,20160629,0.009,0.009,0.008,0.008,10029309
GLH,20160629,0.38,0.42,0.38,0.42,21746
GLN,20160629,0.006,0.006,0.006,0.006,600000
GMA,20160629,2.65,2.67,2.62,2.63,1512229
GMC,20160629,0.002,0.002,0.002,0.002,400000
GMD,20160629,0.018,0.018,0.018,0.018,510852
GME,20160629,0.032,0.032,0.032,0.032,18000
GMF,20160629,2.36,2.36,2.33,2.36,471275
GMG,20160629,7.09,7.14,7.01,7.11,7601935
GML,20160629,0.022,0.022,0.022,0.022,71125
GMM,20160629,0.78,0.805,0.775,0.79,1092363
GMN,20160629,0.039,0.041,0.037,0.037,1323274
GMR,20160629,0.004,0.005,0.004,0.005,9731752
GNC,20160629,8.6,8.64,8.5,8.55,483547
GNE,20160629,2,2.03,1.995,2.01,32102
GNG,20160629,0.945,0.96,0.945,0.955,132623
GNX,20160629,0.15,0.15,0.15,0.15,122067
GOLD,20160629,169.2,170.5,169,170.49,10219
GOR,20160629,0.66,0.665,0.645,0.665,850050
GOVT,20160629,26.51,26.51,26.47,26.47,17200
GOW,20160629,3.3,3.3,3.22,3.22,8387
GOZ,20160629,3.19,3.19,3.05,3.15,878139
GPH,20160629,0.115,0.135,0.1,0.13,4958706
GPP,20160629,0.004,0.004,0.004,0.004,101347
GPR,20160629,0.025,0.025,0.025,0.025,507527
GPT,20160629,5.38,5.39,5.23,5.32,8959150
GPX,20160629,0.47,0.475,0.46,0.47,188802
GRA,20160629,0.32,0.35,0.32,0.35,21478
GRB,20160629,0.052,0.052,0.05,0.051,447672
GRR,20160629,0.089,0.09,0.089,0.09,118523
GRY,20160629,0.175,0.185,0.175,0.18,6779926
GSC,20160629,0.039,0.049,0.038,0.044,12677292
GTE,20160629,0.016,0.017,0.016,0.016,151133
GTG,20160629,0.018,0.018,0.018,0.018,10071
GTK,20160629,2.61,2.62,2.61,2.62,17498
GTN,20160629,2.04,2.05,2.01,2.05,69234
GTR,20160629,0.014,0.014,0.014,0.014,10000
GTY,20160629,2.79,2.83,2.76,2.83,326849
GUD,20160629,8.88,9.04,8.81,9,181072
GUL,20160629,0.017,0.017,0.017,0.017,22500
GVF,20160629,1.035,1.05,1.035,1.035,98735
GWA,20160629,2.03,2.06,2.01,2.03,258730
GXL,20160629,6.58,6.85,6.57,6.66,319688
GXY,20160629,0.51,0.515,0.495,0.5,9881496
HAO,20160629,0.14,0.14,0.135,0.135,30000
HAS,20160629,0.075,0.075,0.073,0.073,250000
HAV,20160629,0.38,0.38,0.37,0.37,6230
HCT,20160629,0.165,0.165,0.16,0.16,3539
HFA,20160629,2.25,2.28,2.25,2.26,24868
HFR,20160629,1.355,1.39,1.33,1.34,390061
HGG,20160629,3.82,3.85,3.69,3.72,14205890
HGO,20160629,0.048,0.065,0.048,0.054,1705112
HHL,20160629,3.43,3.43,3.42,3.42,11905
HHV,20160629,1.32,1.335,1.31,1.31,386720
HIG,20160629,0.053,0.054,0.053,0.053,263663
HIL,20160629,0.225,0.24,0.215,0.235,193676
HIT,20160629,0.395,0.395,0.37,0.375,113368
HLO,20160629,3.04,3.04,3.02,3.04,15854
HLX,20160629,0.095,0.095,0.063,0.075,7811939
HMI,20160629,0.055,0.055,0.055,0.055,18834
HMX,20160629,0.065,0.065,0.065,0.065,53127
HNG,20160629,0.445,0.445,0.445,0.445,3252
HNR,20160629,0.016,0.016,0.016,0.016,840001
HPI,20160629,3.12,3.17,3.03,3.07,142843
HPR,20160629,0.058,0.058,0.058,0.058,80000
HRR,20160629,0.145,0.155,0.135,0.135,1969588
HSK,20160629,0.025,0.025,0.025,0.025,41000
HSN,20160629,3.59,3.59,3.5,3.52,110665
HSO,20160629,2.79,2.82,2.76,2.77,4461419
HTA,20160629,0.075,0.075,0.075,0.075,21000
HUB,20160629,3.6,3.65,3.59,3.61,25750
HUO,20160629,3.35,3.4,3.35,3.38,4800
HVN,20160629,4.4,4.5,4.39,4.46,3319674
HVST,20160629,21.1,21.11,20.88,20.99,106757
HXG,20160629,0.155,0.16,0.15,0.15,811145
HZN,20160629,0.051,0.051,0.047,0.049,4593697
HZR,20160629,0.44,0.465,0.44,0.465,155536
IAA,20160629,58.39,58.97,58.29,58.65,5799
IAF,20160629,110,110,109.32,109.59,3063
IAG,20160629,5.43,5.47,5.34,5.34,7479132
IAU,20160629,0.125,0.13,0.125,0.125,85030
IBC,20160629,0.46,0.46,0.455,0.455,100077
IBG,20160629,0.043,0.046,0.042,0.044,1220442
IBK,20160629,39.76,39.76,39.76,39.76,317
ICG,20160629,0.006,0.006,0.005,0.005,7671876
ICN,20160629,0.031,0.032,0.03,0.031,865514
ICQ,20160629,0.85,0.88,0.85,0.88,108476
ICS,20160629,1.66,1.67,1.66,1.67,2505
IDA,20160629,0.105,0.11,0.105,0.11,170401
IDO,20160629,0.01,0.01,0.01,0.01,93973
IDR,20160629,2.19,2.19,2.095,2.13,63356
IDX,20160629,1.38,1.46,1.37,1.46,63069
IEC,20160629,0.007,0.007,0.005,0.006,400000
IEL,20160629,4.05,4.225,4.05,4.13,226564
IEM,20160629,44.19,45.15,44.19,44.98,6890
IEU,20160629,48.78,49,48.6,48.82,78663
IFL,20160629,7.78,7.85,7.72,7.72,744223
IFM,20160629,0.62,0.62,0.6,0.605,493502
IFN,20160629,1.025,1.05,1.015,1.035,836530
IGB,20160629,107.75,107.75,107.65,107.65,160
IGL,20160629,2.195,2.2,2.16,2.2,42715
IGO,20160629,3.1,3.22,3.1,3.15,2879129
IHCB,20160629,105.13,106.18,105.13,106.18,382
IHD,20160629,12.7,12.7,12.59,12.62,17449
IHEB,20160629,107.51,107.51,107.51,107.51,0
IHHY,20160629,102.44,102.69,102.44,102.69,65
IHOO,20160629,91.9,92.81,91,92.81,259
IHVV,20160629,259.59,259.65,257,257,633
IIL,20160629,0.3,0.42,0.3,0.4,151680
IJH,20160629,194.28,195.47,194.28,195,142
IJP,20160629,15.47,15.62,15.37,15.62,46012
IJR,20160629,150.53,151.83,150.53,151.83,8190
IKO,20160629,68.34,69.32,68.34,69.32,1745
ILB,20160629,115.45,117.13,115.45,117.13,1597
ILC,20160629,22.4,22.4,21.27,21.33,50451
ILU,20160629,6.24,6.41,6.19,6.27,2971798
IMA,20160629,0.064,0.064,0.064,0.064,25000
IMC,20160629,0.255,0.265,0.255,0.265,55373
IMD,20160629,0.205,0.21,0.2,0.21,475773
IMF,20160629,1.435,1.53,1.435,1.51,422324
IMU,20160629,0.008,0.008,0.007,0.007,1310165
INA,20160629,2.87,2.88,2.86,2.88,422200
INK,20160629,0.06,0.06,0.06,0.06,3000
INM,20160629,51.77,52.47,51.77,52.47,93514
IOF,20160629,4.32,4.32,4.19,4.28,1910924
IOO,20160629,93.5,94.11,93.33,94.11,19945
IOT,20160629,0.1,0.102,0.092,0.092,12528747
IOZ,20160629,22,22,21.62,21.73,221540
IPD,20160629,0.9,0.92,0.897,0.92,409977
IPE,20160629,0.225,0.225,0.225,0.225,37000
IPH,20160629,6.46,6.56,6.4,6.51,798259
IPL,20160629,3,3.005,2.84,2.85,13552128
IPT,20160629,0.031,0.032,0.031,0.032,300502
IQE,20160629,0.315,0.315,0.31,0.315,32200
IRC,20160629,0.105,0.105,0.1,0.1,5000
IRD,20160629,0.099,0.1,0.095,0.1,106250
IRE,20160629,10.55,11.19,10.55,10.9,696324
IRI,20160629,2.26,2.3,2.2,2.2,93621
IRM,20160629,0.04,0.04,0.038,0.039,316501
IRU,20160629,149.6,150.29,149.6,150.11,151
ISD,20160629,3.52,3.57,3.45,3.5,557263
ISG,20160629,14.1,14.17,14.1,14.17,2106
ISO,20160629,4.08,4.12,4.08,4.12,16927
ISU,20160629,1.27,1.27,1.235,1.25,355973
ISX,20160629,0.165,0.175,0.165,0.165,443069
ITD,20160629,0.19,0.19,0.175,0.175,17062
ITQ,20160629,5.29,5.29,5.29,5.29,286270
ITW,20160629,18.55,18.62,18.47,18.48,6539
IVC,20160629,12.96,12.96,12.79,12.86,171334
IVE,20160629,73.43,73.43,72.74,73.41,5996
IVO,20160629,0.03,0.03,0.029,0.029,196802
IVQ,20160629,0.061,0.061,0.061,0.061,1
IVR,20160629,0.034,0.034,0.032,0.034,1114667
IVV,20160629,275.89,277.34,275.89,277.33,16900
IVX,20160629,0.005,0.005,0.004,0.004,4116395
IWG,20160629,0.053,0.053,0.053,0.053,36648
IXI,20160629,131.43,131.49,130.79,131.49,8465
IXJ,20160629,133,133.6,132.39,133.16,10131
IXP,20160629,82.82,83.4,82.82,83.13,452
IZZ,20160629,44.71,45.01,44.62,44.75,1829
JAL,20160629,0.03,0.03,0.03,0.03,40000
JAT,20160629,0.01,0.01,0.01,0.01,80000
JBH,20160629,23.14,23.4,22.97,23.26,597531
JCI,20160629,1.055,1.07,1.03,1.07,10000
JCS,20160629,0.007,0.007,0.006,0.006,452086
JHC,20160629,2.48,2.58,2.48,2.55,3076167
JHL,20160629,0.12,0.15,0.115,0.145,402450
JHX,20160629,19.78,19.88,19.56,19.7,981810
JIN,20160629,1.28,1.3,1.28,1.3,1479
JKA,20160629,0.003,0.003,0.002,0.003,5768542
JKL,20160629,0.23,0.245,0.22,0.245,36178
JPR,20160629,0.25,0.25,0.25,0.25,3334
JRV,20160629,0.059,0.059,0.056,0.056,62000
JVG,20160629,0.002,0.002,0.002,0.002,205100
KAI,20160629,0.055,0.055,0.052,0.052,921393
KAM,20160629,0.42,0.46,0.42,0.42,71286
KAR,20160629,1.3,1.34,1.3,1.3,795546
KAS,20160629,0.023,0.024,0.022,0.023,307210
KAT,20160629,0.765,0.765,0.765,0.765,5000
KBL,20160629,0.005,0.005,0.004,0.004,16951282
KBU,20160629,0.09,0.09,0.09,0.09,15112
KDL,20160629,0.095,0.1,0.095,0.095,34943
KDR,20160629,0.145,0.165,0.145,0.165,2182608
KFE,20160629,0.017,0.017,0.017,0.017,20000
KGL,20160629,0.16,0.17,0.16,0.17,212612
KII,20160629,2.18,2.19,2.18,2.18,92089
KIN,20160629,0.22,0.25,0.22,0.25,1190976
KKL,20160629,0.008,0.008,0.007,0.007,8826424
KLO,20160629,0.2,0.2,0.2,0.2,200000
KMD,20160629,1.285,1.29,1.25,1.25,158256
KME,20160629,0.28,0.28,0.28,0.28,15000
KNL,20160629,0.27,0.275,0.265,0.265,535660
KNM,20160629,0.013,0.013,0.013,0.013,182020
KNO,20160629,0.24,0.24,0.235,0.235,126066
KOR,20160629,0.031,0.031,0.03,0.03,70000
KOV,20160629,2.16,2.19,2.16,2.19,6348
KPC,20160629,0.037,0.04,0.037,0.04,39700
KPL,20160629,0.12,0.12,0.12,0.12,4170
KPO,20160629,0.053,0.053,0.048,0.048,6165
KPT,20160629,16,16,16,16,200
KRC,20160629,0.006,0.006,0.006,0.006,735012
KRL,20160629,0.005,0.005,0.005,0.005,45000
KRM,20160629,0.14,0.155,0.14,0.145,290439
KSC,20160629,1.32,1.32,1.32,1.32,2350
KSL,20160629,1.01,1.01,1,1,190770
KSN,20160629,0.025,0.033,0.024,0.028,13494886
KTE,20160629,0.025,0.025,0.025,0.025,20000
LAA,20160629,0.265,0.265,0.26,0.26,67633
LAU,20160629,0.48,0.48,0.48,0.48,20625
LBL,20160629,0.069,0.069,0.069,0.069,240664
LBT,20160629,0.15,0.17,0.15,0.17,28500
LCK,20160629,0.13,0.155,0.11,0.15,968006
LCM,20160629,0.39,0.39,0.385,0.39,39238
LCT,20160629,0.07,0.075,0.07,0.071,551653
LCY,20160629,0.007,0.007,0.007,0.007,650000
LEP,20160629,4.32,4.46,4.32,4.4,633082
LER,20160629,0.1,0.125,0.1,0.125,633924
LGO,20160629,0.008,0.008,0.008,0.008,1480000
LGR,20160629,0.095,0.095,0.095,0.095,120
LHB,20160629,0.12,0.14,0.12,0.14,10000
LHC,20160629,1.62,1.67,1.62,1.655,24657
LHM,20160629,0.04,0.04,0.04,0.04,100000
LIC,20160629,2.9,2.9,2.89,2.9,435
LIT,20160629,0.25,0.255,0.245,0.245,701212
LKO,20160629,0.001,0.001,0.001,0.001,1020000
LLC,20160629,12.35,12.38,11.95,12.29,4512119
LLO,20160629,0.75,0.75,0.75,0.75,4280
LMG,20160629,0.035,0.037,0.034,0.035,4252976
LML,20160629,0.06,0.066,0.06,0.066,123641
LMW,20160629,0.51,0.51,0.5,0.5,27598
LNG,20160629,0.7,0.71,0.662,0.675,3136842
LNK,20160629,7.96,8.18,7.92,8.04,2361794
LNU,20160629,0.07,0.07,0.069,0.069,193555
LNY,20160629,0.004,0.004,0.004,0.004,78096
LOM,20160629,0.355,0.355,0.34,0.34,589188
LOV,20160629,2.26,2.32,2.22,2.3,86693
LPE,20160629,0.039,0.04,0.039,0.04,2055963
LPI,20160629,0.26,0.28,0.25,0.25,1316887
LRS,20160629,0.018,0.019,0.018,0.019,15613726
LSR,20160629,0.022,0.022,0.021,0.021,1438892
LTN,20160629,0.11,0.12,0.11,0.115,75000
LTR,20160629,0.018,0.018,0.018,0.018,333000
LVH,20160629,0.165,0.185,0.165,0.185,298169
LVT,20160629,0.195,0.21,0.195,0.205,18470
LWP,20160629,0.005,0.006,0.005,0.005,22810663
LYC,20160629,0.059,0.059,0.048,0.051,48315291
LYL,20160629,2.09,2.09,2.09,2.09,15000
M7T,20160629,0.038,0.042,0.038,0.038,213747
MA1,20160629,0.965,0.965,0.96,0.96,85450
MAD,20160629,0.05,0.052,0.05,0.052,1826301
MAH,20160629,0.089,0.09,0.087,0.087,11832441
MAQ,20160629,11.85,11.85,11.85,11.85,250
MAR,20160629,0.004,0.004,0.004,0.004,82231
MAT,20160629,0.175,0.18,0.16,0.17,430300
MAU,20160629,0.05,0.053,0.05,0.05,285000
MBE,20160629,0.295,0.3,0.29,0.295,784513
MBK,20160629,0.018,0.018,0.017,0.017,570000
MBO,20160629,0.041,0.041,0.041,0.041,100000
MBT,20160629,0.034,0.034,0.034,0.034,52
MCE,20160629,0.39,0.42,0.39,0.415,79744
MCP,20160629,0.87,0.89,0.84,0.84,110148
MCR,20160629,0.295,0.295,0.29,0.29,36262
MCS,20160629,0.02,0.021,0.02,0.021,400000
MCT,20160629,0.067,0.07,0.067,0.068,934026
MCX,20160629,0.042,0.042,0.042,0.042,3263
MDC,20160629,0.38,0.455,0.35,0.45,707839
MDI,20160629,0.04,0.04,0.038,0.038,333333
MDL,20160629,0.21,0.24,0.21,0.235,2293587
MDR,20160629,0.042,0.042,0.038,0.039,5259320
MDX,20160629,0.005,0.005,0.005,0.005,10000
MEA,20160629,0.93,0.97,0.91,0.97,46763
MEB,20160629,0.305,0.325,0.305,0.325,217950
MED,20160629,0.015,0.015,0.015,0.015,500
MEI,20160629,0.011,0.012,0.011,0.012,499620
MEL,20160629,0.054,0.054,0.053,0.054,295858
MEO,20160629,0.015,0.017,0.015,0.016,888087
MEP,20160629,0.064,0.064,0.063,0.063,70418
MEU,20160629,0.018,0.018,0.018,0.018,18000
MEY,20160629,0.15,0.15,0.13,0.14,20027
MEZ,20160629,2.42,2.45,2.41,2.45,15040
MFF,20160629,1.84,1.875,1.84,1.87,193199
MFG,20160629,22.27,22.72,22.07,22.09,460478
MGC,20160629,1.12,1.125,1.085,1.115,1247253
MGE,20160629,2.42,2.42,2.4,2.42,998508
MGL,20160629,0.037,0.038,0.037,0.038,41436
MGR,20160629,2.01,2.03,1.96,2.02,17130126
MGT,20160629,0.04,0.04,0.039,0.04,273735
MGV,20160629,0.07,0.073,0.07,0.072,87000
MGX,20160629,0.255,0.26,0.255,0.26,702086
MGZ,20160629,0.038,0.038,0.038,0.038,67000
MHG,20160629,2.3,2.3,2.3,2.3,18045
MHM,20160629,0.031,0.031,0.03,0.031,211119
MIG,20160629,0.48,0.49,0.47,0.47,36312
MIL,20160629,1.05,1.16,1.05,1.1,1147247
MIN,20160629,8.4,8.42,8.26,8.35,1375364
MIR,20160629,2.75,2.83,2.75,2.83,62023
MJC,20160629,0.037,0.04,0.037,0.04,13000
MJP,20160629,0.5,0.52,0.485,0.495,45424
MKB,20160629,0.007,0.007,0.007,0.007,1734100
MLB,20160629,1.76,1.8,1.76,1.78,20729
MLD,20160629,1.165,1.2,1.145,1.17,521843
MLM,20160629,0.03,0.03,0.028,0.03,1465752
MLT,20160629,4.23,4.26,4.2,4.26,141275
MLX,20160629,1.435,1.465,1.425,1.45,2033680
MMI,20160629,0.068,0.068,0.064,0.064,260892
MML,20160629,0.645,0.677,0.64,0.675,261724
MMR,20160629,0.027,0.031,0.027,0.031,88057
MMS,20160629,13.4,13.65,13.22,13.32,409458
MNC,20160629,0.003,0.003,0.002,0.003,7733695
MND,20160629,7.2,7.41,7.15,7.27,453747
MNF,20160629,3.97,4,3.95,3.99,44166
MNM,20160629,0.015,0.015,0.012,0.012,1091870
MNQ,20160629,0.011,0.011,0.011,0.011,800000
MNS,20160629,0.95,1.02,0.95,1.005,3220224
MNW,20160629,0.09,0.09,0.089,0.089,186085
MNY,20160629,1.11,1.175,1.11,1.15,416204
MOAT,20160629,42.5,42.5,42.5,42.5,242
MOC,20160629,1.96,2,1.947,1.99,139051
MOD,20160629,0.024,0.025,0.022,0.022,4126635
MOQ,20160629,0.29,0.29,0.28,0.28,65000
MOX,20160629,0.013,0.014,0.013,0.013,5622163
MOY,20160629,0.14,0.15,0.14,0.15,1683599
MP1,20160629,1.85,1.875,1.8,1.875,100150
MPL,20160629,2.89,2.93,2.885,2.91,5829470
MPO,20160629,0.12,0.125,0.12,0.125,180561
MQA,20160629,4.94,5.085,4.91,5.05,1944558
MQG,20160629,70,70.37,68.64,68.65,1533407
MRC,20160629,0.145,0.145,0.145,0.145,161601
MRD,20160629,0.021,0.022,0.02,0.02,1743789
MRM,20160629,0.3,0.31,0.3,0.3,455230
MRN,20160629,0.93,0.955,0.93,0.955,6538
MRP,20160629,0.09,0.09,0.09,0.09,35111
MRV,20160629,0.004,0.004,0.004,0.004,30000
MSB,20160629,1.055,1.055,1.02,1.02,706881
MSG,20160629,0.03,0.03,0.03,0.03,168940
MSM,20160629,0.125,0.125,0.12,0.12,364115
MSP,20160629,0.031,0.031,0.03,0.031,1702535
MSR,20160629,0.002,0.004,0.002,0.004,94768106
MSV,20160629,0.017,0.017,0.017,0.017,869905
MTA,20160629,0.051,0.051,0.051,0.051,200000
MTH,20160629,0.006,0.006,0.006,0.006,1266024
MTL,20160629,0.064,0.064,0.058,0.058,95700
MTO,20160629,2.69,2.74,2.64,2.68,44338
MTR,20160629,3.4,3.51,3.34,3.4,2823066
MTS,20160629,1.85,1.867,1.8,1.865,6242598
MUM,20160629,0.004,0.004,0.004,0.004,6015806
MUS,20160629,0.04,0.041,0.039,0.04,515207
MVA,20160629,21.18,21.46,21.18,21.42,3270
MVB,20160629,23.62,23.64,23.62,23.64,2500
MVE,20160629,7.43,7.43,7.43,7.43,2000
MVF,20160629,1.8,1.85,1.8,1.825,225471
MVP,20160629,6.09,6.16,6,6.03,24288
MVS,20160629,16.95,16.95,16.92,16.92,3172
MVT,20160629,0.14,0.14,0.14,0.14,57380
MVW,20160629,23.08,23.08,22.87,22.94,44295
MWR,20160629,0.605,0.64,0.605,0.64,22326
MX1,20160629,0.31,0.31,0.31,0.31,6500
MXC,20160629,0.041,0.044,0.041,0.043,3125664
MXI,20160629,0.445,0.45,0.445,0.445,107023
MYE,20160629,0.115,0.115,0.11,0.11,20000
MYO,20160629,3.4,3.44,3.35,3.43,1603341
MYR,20160629,1.11,1.12,1.105,1.11,3947748
MYS,20160629,4.11,4.17,4.1,4.11,18215
MYT,20160629,2.78,2.88,2.75,2.88,15599
MZI,20160629,0.24,0.25,0.24,0.24,110934
MZM,20160629,0.2,0.21,0.2,0.21,59811
MZN,20160629,0.009,0.009,0.008,0.008,378118
NAB,20160629,24.99,24.99,24.6,24.74,5434235
NAC,20160629,0.995,0.995,0.99,0.99,48000
NAG,20160629,0.16,0.165,0.155,0.155,334476
NAM,20160629,0.35,0.35,0.35,0.35,14500
NAN,20160629,2.17,2.23,2.145,2.15,532869
NAV,20160629,0.009,0.011,0.009,0.011,662735
NCC,20160629,1.04,1.04,1.04,1.04,55000
NCK,20160629,4.62,4.74,4.54,4.67,34017
NCL,20160629,0.11,0.11,0.11,0.11,50000
NCM,20160629,23.57,23.87,23.31,23.51,7216359
NCO,20160629,0.002,0.002,0.002,0.002,2500000
NCR,20160629,0.002,0.002,0.002,0.002,175000
NDO,20160629,0.12,0.13,0.12,0.12,6000
NDQ,20160629,10.07,10.13,10.07,10.13,62259
NEA,20160629,0.435,0.44,0.42,0.425,392253
NEC,20160629,1.025,1.062,1.025,1.045,1584978
NEN,20160629,0.26,0.27,0.26,0.27,57825
NEU,20160629,0.059,0.059,0.055,0.059,1944085
NGE,20160629,0.019,0.019,0.019,0.019,52631
NHC,20160629,1.33,1.385,1.32,1.385,166251
NHF,20160629,4.2,4.2,4.16,4.17,658413
NIO,20160629,0.02,0.02,0.019,0.02,381202
NKP,20160629,0.061,0.061,0.06,0.061,35000
NME,20160629,0.005,0.006,0.005,0.006,144000
NMG,20160629,0.009,0.009,0.009,0.009,27106
NML,20160629,0.034,0.035,0.034,0.034,129961
NMT,20160629,0.45,0.465,0.45,0.46,1338772
NNW,20160629,0.115,0.115,0.11,0.11,137500
NOR,20160629,0.03,0.031,0.029,0.031,8790268
NOV,20160629,0.14,0.14,0.14,0.14,42000
NPX,20160629,5.01,5.01,5.01,5.01,2500
NRT,20160629,0.099,0.1,0.097,0.098,351711
NSE,20160629,0.004,0.005,0.004,0.004,125113
NSL,20160629,0.014,0.014,0.013,0.013,2097735
NSP,20160629,0.006,0.006,0.006,0.006,100000
NST,20160629,4.92,5.06,4.895,5.01,4803850
NSX,20160629,0.15,0.15,0.15,0.15,2000
NTC,20160629,2.32,2.49,2.32,2.44,107820
NTL,20160629,0.008,0.008,0.006,0.006,13263049
NTM,20160629,0.044,0.045,0.04,0.04,1673297
NTU,20160629,0.074,0.076,0.074,0.074,335886
NUF,20160629,7.19,7.29,7.175,7.2,769179
NUH,20160629,0.06,0.06,0.058,0.059,2361668
NVT,20160629,5.27,5.355,5.26,5.33,2177105
NWE,20160629,0.002,0.002,0.002,0.002,145000
NWH,20160629,0.205,0.212,0.2,0.21,628458
NWS,20160629,14.96,15.04,14.89,15,446854
NWZ,20160629,0.013,0.013,0.013,0.013,1466936
NXM,20160629,0.08,0.08,0.08,0.08,10792
NXT,20160629,3.35,3.42,3.32,3.41,522213
NZM,20160629,0.71,0.745,0.71,0.725,494498
OBJ,20160629,0.078,0.079,0.078,0.078,371977
OBL,20160629,0.006,0.006,0.006,0.006,1000000
OCC,20160629,0.295,0.3,0.285,0.285,214549
OCL,20160629,1.77,1.77,1.77,1.77,2556
ODN,20160629,0.011,0.011,0.01,0.01,7916788
OEC,20160629,0.7,0.765,0.7,0.7,27142
OEL,20160629,0.042,0.044,0.042,0.044,2012652
OEX,20160629,0.01,0.01,0.01,0.01,502000
OFX,20160629,2.31,2.32,2.25,2.26,1397123
OGC,20160629,5.12,5.2,5.12,5.18,867508
OGX,20160629,0.215,0.225,0.215,0.225,387978
OKJ,20160629,0.05,0.05,0.049,0.049,54980
OKU,20160629,0.185,0.205,0.18,0.205,1821640
OLV,20160629,0.065,0.065,0.065,0.065,20000
OMH,20160629,0.08,0.08,0.075,0.08,15000
OML,20160629,4.83,4.98,4.78,4.9,179395
OMT,20160629,0.025,0.025,0.025,0.025,99468
ONE,20160629,4.5,4.5,4.5,4.5,22111
ONT,20160629,7.05,7.1,7.05,7.1,14595
OOK,20160629,0.026,0.027,0.024,0.024,1539758
OOO,20160629,15.94,16.01,15.92,15.93,21382
OPG,20160629,0.43,0.43,0.43,0.43,4000
OPT,20160629,0.46,0.48,0.46,0.48,87670
ORA,20160629,2.72,2.77,2.685,2.71,3799328
ORE,20160629,4.62,4.82,4.62,4.68,1180044
ORG,20160629,5.6,5.65,5.51,5.53,6958573
ORI,20160629,12.39,12.49,12.12,12.26,2135624
ORL,20160629,2.08,2.19,2.05,2.09,36223
ORN,20160629,0.014,0.014,0.014,0.014,33334
ORR,20160629,0.28,0.28,0.28,0.28,26602
OSH,20160629,6.55,6.6,6.5,6.55,8077079
OSL,20160629,0.12,0.12,0.115,0.12,231320
OSP,20160629,0.2,0.215,0.2,0.21,146647
OTC,20160629,0.225,0.225,0.22,0.22,726887
OTH,20160629,0.71,0.71,0.707,0.71,217402
OTR,20160629,0.034,0.034,0.033,0.033,1090400
OVH,20160629,0.61,0.62,0.58,0.6,527648
OVL,20160629,0.009,0.009,0.009,0.009,100000
OVR,20160629,0.007,0.007,0.007,0.007,1000000
OXX,20160629,0.03,0.03,0.03,0.03,49360
OZF,20160629,17.73,17.9,17.73,17.83,10164
OZG,20160629,0.13,0.135,0.13,0.135,94000
OZL,20160629,5.45,5.535,5.39,5.5,2822452
OZR,20160629,6.72,6.72,6.7,6.7,2235
PAA,20160629,0.083,0.083,0.077,0.077,310544
PAB,20160629,0.005,0.005,0.005,0.005,513676
PAC,20160629,4.25,4.27,4.2,4.21,39213
PAF,20160629,0.89,0.93,0.885,0.93,68690
PAI,20160629,0.92,0.92,0.9,0.9,112651
PAK,20160629,0.135,0.14,0.13,0.135,303833
PAN,20160629,0.115,0.125,0.11,0.125,651868
PAR,20160629,0.35,0.35,0.35,0.35,5750
PBP,20160629,0.51,0.51,0.51,0.51,619
PBT,20160629,0.105,0.105,0.105,0.105,50000
PCH,20160629,0.028,0.028,0.024,0.024,141901
PCL,20160629,0.003,0.003,0.003,0.003,113250
PDI,20160629,0.007,0.007,0.006,0.006,3600572
PDN,20160629,0.19,0.197,0.182,0.19,6766549
PDZ,20160629,0.16,0.16,0.15,0.16,215000
PEH,20160629,0.081,0.085,0.081,0.084,272712
PEN,20160629,0.51,0.51,0.495,0.51,66667
PEP,20160629,2.15,2.2,2.15,2.2,305015
PEX,20160629,0.16,0.17,0.16,0.17,97088
PEZ,20160629,0.045,0.045,0.045,0.045,24094
PFG,20160629,0.1,0.1,0.1,0.1,366388
PFL,20160629,1.675,1.68,1.675,1.68,98129
PGC,20160629,0.62,0.67,0.62,0.65,375852
PGF,20160629,0.815,0.835,0.815,0.815,648649
PGH,20160629,6.02,6.145,5.94,6.08,784468
PGM,20160629,0.097,0.1,0.091,0.095,609167
PGO,20160629,0.082,0.094,0.082,0.091,1220593
PGR,20160629,0.595,0.595,0.59,0.59,107063
PGS,20160629,0.003,0.003,0.003,0.003,13500
PGY,20160629,0.002,0.002,0.002,0.002,13539000
PHG,20160629,0.21,0.23,0.21,0.23,134967
PHK,20160629,0.088,0.094,0.087,0.09,1035596
PIC,20160629,0.92,0.925,0.92,0.92,200817
PIL,20160629,0.012,0.022,0.012,0.017,23227141
PIO,20160629,0.037,0.037,0.036,0.036,7214909
PIQ,20160629,0.24,0.24,0.24,0.24,4500
PKO,20160629,0.002,0.002,0.002,0.002,275000
PLH,20160629,0.14,0.14,0.14,0.14,60762
PLP,20160629,0.02,0.02,0.019,0.019,3258766
PLS,20160629,0.57,0.595,0.567,0.595,9209446
PMC,20160629,1.58,1.61,1.53,1.54,364861
PME,20160629,4.75,4.75,4.7,4.74,122059
PML,20160629,0.075,0.075,0.074,0.074,27265
PMP,20160629,0.53,0.54,0.53,0.53,101889
PMV,20160629,14.05,14.19,14,14,314103
PMY,20160629,0.006,0.007,0.006,0.007,7808156
PNC,20160629,1.73,1.73,1.72,1.72,26790
PNL,20160629,0.155,0.18,0.155,0.18,74265
PNR,20160629,0.13,0.135,0.13,0.135,1873849
PNV,20160629,0.255,0.26,0.255,0.26,70071
PNX,20160629,0.016,0.017,0.016,0.017,508824
POH,20160629,0.013,0.013,0.012,0.012,3389200
POS,20160629,0.057,0.058,0.056,0.057,1238491
POU,20160629,18,18,17.85,17.9,14648
POW,20160629,0.012,0.012,0.012,0.012,212500
POZ,20160629,0.018,0.018,0.018,0.018,37333
PPC,20160629,0.905,0.92,0.905,0.92,109503
PPG,20160629,0.45,0.45,0.45,0.45,34150
PPL,20160629,0.52,0.55,0.52,0.55,51277
PPP,20160629,0.029,0.029,0.029,0.029,113440
PPS,20160629,0.3,0.345,0.295,0.345,2315120
PPT,20160629,41.5,41.53,40.65,40.81,173083
PRG,20160629,1.71,1.765,1.71,1.74,550790
PRL,20160629,0.018,0.018,0.017,0.017,335294
PRO,20160629,1.09,1.11,1.075,1.11,66179
PRR,20160629,0.042,0.043,0.041,0.041,1675720
PRT,20160629,0.31,0.32,0.305,0.32,534804
PRU,20160629,0.51,0.525,0.502,0.515,8045627
PRY,20160629,3.76,3.865,3.73,3.78,2087982
PSA,20160629,0.14,0.14,0.135,0.135,47768
PSC,20160629,0.018,0.02,0.018,0.019,5358857
PSI,20160629,1.67,1.74,1.67,1.74,57267
PSM,20160629,0.027,0.027,0.027,0.027,100000
PSQ,20160629,1.97,2.04,1.97,2.04,2068643
PSY,20160629,0.098,0.105,0.095,0.105,444658
PSZ,20160629,0.38,0.44,0.38,0.44,592349
PTB,20160629,0.38,0.42,0.38,0.42,98191
PTL,20160629,0.58,0.6,0.57,0.6,27814
PTM,20160629,5.72,5.78,5.7,5.72,1192880
PTR,20160629,0.004,0.004,0.004,0.004,63521
PTX,20160629,0.089,0.089,0.088,0.089,23500
PVD,20160629,0.026,0.026,0.025,0.025,720745
PVE,20160629,0.007,0.007,0.007,0.007,500000
PWH,20160629,2.79,2.87,2.78,2.85,228394
PWN,20160629,0.029,0.032,0.029,0.03,618879
PXS,20160629,0.265,0.265,0.255,0.255,213218
PYC,20160629,0.013,0.013,0.013,0.013,274698
QAG,20160629,8.34,8.34,8.34,8.34,1200
QAN,20160629,2.65,2.79,2.64,2.77,17873494
QAU,20160629,13.81,13.94,13.8,13.94,58403
QBE,20160629,10.25,10.38,10.085,10.24,15821711
QBL,20160629,0.006,0.007,0.006,0.007,1855333
QCB,20160629,9.77,9.77,9.77,9.77,34
QFN,20160629,10.12,10.12,10.09,10.09,1560
QHL,20160629,0.135,0.135,0.13,0.132,223248
QMIX,20160629,14.99,14.99,14.99,14.99,500
QMN,20160629,0.003,0.003,0.003,0.003,340000
QMS,20160629,1.175,1.185,1.15,1.155,45220
QOZ,20160629,11.24,11.27,11.24,11.25,32076
QRE,20160629,3.7,3.7,3.7,3.7,850
QSS,20160629,0.02,0.03,0.02,0.03,50001
QTM,20160629,0.025,0.025,0.025,0.025,40000
QUAL,20160629,18.33,18.4,18.31,18.39,45142
QUB,20160629,2.2,2.23,2.14,2.18,1784487
QUR,20160629,0.02,0.02,0.02,0.02,74712
QUS,20160629,27.34,27.34,27.34,27.34,177
QVE,20160629,1.07,1.08,1.06,1.08,399725
RAP,20160629,0.4,0.415,0.375,0.39,4425424
RARI,20160629,22.02,22.02,22.02,22.02,56
RBL,20160629,1.05,1.1,1.03,1.1,68768
RCB,20160629,20.45,20.45,20.4,20.45,2360
RCE,20160629,0.24,0.25,0.24,0.24,21770
RCG,20160629,1.4,1.425,1.39,1.4,624342
RCR,20160629,1.84,1.84,1.7,1.725,171191
RCT,20160629,3.51,3.54,3.51,3.54,5176
RDF,20160629,0.28,0.28,0.28,0.28,13174
RDG,20160629,0.012,0.012,0.012,0.012,45607
RDM,20160629,0.092,0.095,0.092,0.092,38301
RDS,20160629,0.008,0.008,0.008,0.008,3500
RDV,20160629,26.75,26.75,26.44,26.54,7237
REA,20160629,57.41,58.53,57.35,58.36,292513
RED,20160629,0.074,0.074,0.07,0.073,779248
REF,20160629,0.125,0.125,0.125,0.125,118082
REG,20160629,4.64,4.705,4.62,4.7,935587
RER,20160629,0.014,0.015,0.013,0.013,1063123
RES,20160629,0.08,0.084,0.08,0.081,162094
REV,20160629,0.07,0.07,0.058,0.062,1867052
REX,20160629,0.75,0.75,0.75,0.75,7500
REY,20160629,0.03,0.03,0.03,0.03,130000
REZ,20160629,0.135,0.135,0.135,0.135,120252
RFF,20160629,1.63,1.69,1.605,1.605,213023
RFG,20160629,5.35,5.43,5.33,5.35,534522
RFL,20160629,0.097,0.097,0.097,0.097,4545
RFN,20160629,0.145,0.185,0.145,0.175,2017247
RFT,20160629,0.035,0.035,0.029,0.03,4475358
RFX,20160629,0.59,0.595,0.58,0.58,625842
RGB,20160629,21.98,21.98,21.98,21.98,46
RGS,20160629,0.12,0.125,0.11,0.11,129013
RGU,20160629,0.006,0.006,0.006,0.006,12500
RHC,20160629,69.65,70.27,68.78,69.64,378283
RHL,20160629,3.46,3.47,3.46,3.47,90
RHP,20160629,0.865,0.89,0.86,0.88,56031
RHS,20160629,0.135,0.135,0.135,0.135,2720
RIC,20160629,1.4,1.405,1.385,1.39,98072
RIE,20160629,0.019,0.019,0.015,0.015,348913
RIM,20160629,0.015,0.015,0.015,0.015,77394
RIO,20160629,45.08,45.24,44.63,44.83,2418836
RKN,20160629,1.45,1.495,1.45,1.46,114998
RLE,20160629,0.088,0.088,0.085,0.086,414467
RMD,20160629,8.13,8.26,8.13,8.21,2128044
RMG,20160629,0.011,0.011,0.011,0.011,921212
RMP,20160629,0.02,0.02,0.02,0.02,58700
RMR,20160629,0.001,0.002,0.001,0.002,8501333
RMS,20160629,0.415,0.435,0.415,0.43,2247512
RMT,20160629,0.003,0.003,0.003,0.003,358990
RMX,20160629,0.002,0.002,0.001,0.002,19800999
RND,20160629,2.21,2.21,2.21,2.21,8000
RNI,20160629,0.012,0.014,0.012,0.013,6141073
RNL,20160629,0.008,0.008,0.007,0.007,491384
RNO,20160629,0.019,0.02,0.019,0.02,2492309
RNS,20160629,0.055,0.055,0.055,0.055,268936
RNT,20160629,0.165,0.165,0.155,0.155,200346
RNY,20160629,0.13,0.13,0.13,0.13,9100
RRL,20160629,3.3,3.48,3.29,3.43,4607422
RSG,20160629,1.25,1.352,1.25,1.31,6531564
RSH,20160629,0.037,0.037,0.035,0.035,556318
RSM,20160629,20.75,20.75,20.75,20.75,11
RTG,20160629,0.58,0.61,0.58,0.61,35000
RTR,20160629,0.02,0.026,0.02,0.026,2042140
RUB,20160629,0.045,0.045,0.044,0.044,34000
RUL,20160629,0.39,0.39,0.39,0.39,20822
RUM,20160629,0.022,0.022,0.021,0.021,277857
RVA,20160629,0.99,1.01,0.975,1.01,27793
RVL,20160629,25.68,25.68,25.68,25.68,35
RVR,20160629,0.12,0.12,0.115,0.115,693897
RVY,20160629,0.025,0.03,0.025,0.029,607891
RWC,20160629,3.07,3.09,3.03,3.08,327886
RWD,20160629,0.43,0.43,0.4,0.4,86428
RWH,20160629,1.09,1.1,1.07,1.07,146025
RXH,20160629,0.083,0.083,0.08,0.08,105943
RXL,20160629,0.021,0.021,0.02,0.021,1000462
RXM,20160629,0.05,0.05,0.048,0.048,277741
S2R,20160629,0.275,0.285,0.27,0.285,76773
S32,20160629,1.6,1.6,1.55,1.55,17479463
SAI,20160629,3.64,3.71,3.59,3.7,1009986
SAR,20160629,1.43,1.5,1.42,1.47,7115241
SAS,20160629,0.021,0.022,0.021,0.022,3737260
SAU,20160629,0.29,0.3,0.285,0.285,122767
SBB,20160629,0.022,0.022,0.022,0.022,12000
SBM,20160629,3.08,3.13,3.03,3.07,3405972
SCG,20160629,4.82,4.84,4.735,4.83,15284003
SCI,20160629,0.048,0.05,0.047,0.048,287161
SCP,20160629,2.25,2.27,2.22,2.26,2063553
SDA,20160629,3.5,3.69,3.49,3.69,333995
SDF,20160629,1.95,1.985,1.94,1.96,1239631
SDG,20160629,1.412,1.415,1.4,1.41,99268
SDI,20160629,0.52,0.52,0.52,0.52,81871
SDL,20160629,0.004,0.004,0.003,0.003,4719000
SEA,20160629,0.115,0.115,0.105,0.11,1685205
SEG,20160629,0.002,0.003,0.002,0.003,2070000
SEH,20160629,0.099,0.1,0.095,0.1,1024311
SEK,20160629,14.76,14.81,14.66,14.72,1446716
SEN,20160629,0.11,0.115,0.105,0.105,1412472
SER,20160629,0.012,0.013,0.012,0.013,1096198
SES,20160629,0.094,0.095,0.094,0.095,80000
SFG,20160629,0.071,0.071,0.07,0.07,132472
SFH,20160629,0.525,0.527,0.515,0.52,299121
SFI,20160629,0.061,0.064,0.061,0.064,457370
SFL,20160629,0.19,0.19,0.18,0.18,7685
SFR,20160629,5.19,5.21,5.09,5.16,701662
SFX,20160629,0.41,0.41,0.4,0.4,50000
SFY,20160629,48.75,48.75,48,48.23,9955
SGF,20160629,3.69,3.7,3.55,3.6,379718
SGH,20160629,0.385,0.39,0.38,0.38,1760115
SGM,20160629,7.77,7.82,7.635,7.69,1489818
SGP,20160629,4.63,4.695,4.55,4.64,12702758
SGQ,20160629,0.145,0.16,0.135,0.135,1450441
SGR,20160629,5.46,5.48,5.42,5.43,3732871
SGU,20160629,0.081,0.09,0.081,0.09,30000
SGZ,20160629,0.014,0.014,0.014,0.014,5885
SHJ,20160629,1.09,1.1,1.03,1.05,244597
SHK,20160629,0.003,0.003,0.003,0.003,745185
SHL,20160629,21.03,21.3,20.94,21.03,1434156
SHM,20160629,0.8,0.82,0.8,0.82,17500
SHV,20160629,6.75,7.02,6.7,6.7,501060
SIO,20160629,0.28,0.285,0.27,0.27,396508
SIP,20160629,1.125,1.135,1.095,1.095,5230241
SIQ,20160629,5.5,5.78,5.5,5.72,216404
SIV,20160629,10.3,10.49,10.3,10.49,10031
SKB,20160629,0.5,0.5,0.5,0.5,2367
SKC,20160629,4.35,4.4,4.35,4.38,1179638
SKF,20160629,0.08,0.08,0.08,0.08,1410
SKI,20160629,2.47,2.475,2.415,2.43,7376519
SKS,20160629,0.4,0.4,0.4,0.4,40000
SKT,20160629,4.45,4.49,4.39,4.46,393869
SLC,20160629,2.3,2.39,2.3,2.34,427466
SLF,20160629,13.35,13.43,13.22,13.4,39373
SLK,20160629,4.09,4.14,4,4.06,193133
SLM,20160629,0.41,0.44,0.41,0.44,107940
SLR,20160629,0.485,0.525,0.485,0.525,4227876
SLX,20160629,0.32,0.32,0.31,0.315,77654
SM8,20160629,0.215,0.225,0.215,0.225,38500
SMA,20160629,0.033,0.035,0.033,0.033,1837525
SMC,20160629,0.3,0.3,0.3,0.3,2558
SMD,20160629,0.007,0.007,0.006,0.006,2840000
SMM,20160629,0.105,0.105,0.105,0.105,21966
SMN,20160629,1.785,1.915,1.785,1.895,365626
SMP,20160629,0.19,0.2,0.19,0.19,68865
SMR,20160629,0.275,0.275,0.26,0.275,138103
SMX,20160629,1.65,1.66,1.605,1.63,201806
SNC,20160629,0.8,0.8,0.79,0.79,72032
SND,20160629,0.51,0.51,0.505,0.505,24043
SNL,20160629,2.1,2.1,2.1,2.1,1000
SNZ,20160629,4.25,4.25,4.25,4.25,100000
SO4,20160629,0.335,0.34,0.335,0.34,32089
SOC,20160629,0.004,0.005,0.004,0.004,2655000
SOL,20160629,16.75,16.85,16.6,16.61,168826
SOM,20160629,3.55,3.65,3.45,3.5,25393
SOR,20160629,0.14,0.14,0.135,0.135,175521
SPI,20160629,0.031,0.04,0.031,0.04,86334
SPK,20160629,3.33,3.37,3.32,3.34,538843
SPL,20160629,0.65,0.66,0.63,0.64,373369
SPO,20160629,1.1,1.11,1.08,1.095,8771922
SPY,20160629,274.84,275.18,274.84,275.18,2565
SPZ,20160629,0.27,0.27,0.27,0.27,48200
SRF,20160629,0.19,0.195,0.18,0.185,2042186
SRG,20160629,0.995,1.06,0.995,1.05,204817
SRH,20160629,0.13,0.135,0.13,0.13,67374
SRI,20160629,0.02,0.02,0.02,0.02,103022
SRO,20160629,0.029,0.031,0.029,0.031,245887
SRS,20160629,0.026,0.026,0.026,0.026,450423
SRV,20160629,6.6,6.79,6.59,6.71,247539
SRX,20160629,25.7,25.8,25.48,25.69,400340
SRY,20160629,0.069,0.07,0.067,0.07,307500
SRZ,20160629,0.028,0.028,0.028,0.028,2245000
SSM,20160629,0.74,0.785,0.74,0.77,406493
SSO,20160629,11.92,11.97,11.92,11.97,9264
SST,20160629,16.2,16.9,16,16.9,811
ST1,20160629,0.022,0.023,0.02,0.022,2997570
STA,20160629,0.005,0.005,0.005,0.005,170101
STL,20160629,0.037,0.038,0.037,0.038,474055
STO,20160629,4.66,4.67,4.53,4.54,8078106
STW,20160629,48.92,49.01,47.96,48.09,246485
STX,20160629,0.115,0.12,0.11,0.11,141254
SUD,20160629,0.02,0.02,0.02,0.02,733141
SUH,20160629,0.025,0.025,0.025,0.025,14116
SUL,20160629,8.65,8.76,8.605,8.63,540417
SUM,20160629,0.043,0.043,0.043,0.043,15000
SUN,20160629,11.85,11.93,11.73,11.79,3879870
SVA,20160629,0.05,0.05,0.05,0.05,8110
SVL,20160629,0.16,0.165,0.155,0.165,1196154
SVM,20160629,0.085,0.09,0.085,0.09,650000
SVW,20160629,5.35,5.51,5.34,5.47,285555
SVY,20160629,0.115,0.12,0.115,0.12,57500
SW1,20160629,0.2,0.22,0.185,0.215,233392
SWK,20160629,0.14,0.14,0.14,0.14,5200
SWL,20160629,0.7,0.72,0.7,0.705,95000
SWM,20160629,1.035,1.07,1.035,1.045,3250117
SXA,20160629,0.025,0.027,0.025,0.027,149000
SXE,20160629,0.54,0.55,0.54,0.55,40553
SXL,20160629,1.2,1.22,1.18,1.22,1722249
SXY,20160629,0.265,0.265,0.25,0.25,6375378
SYA,20160629,0.03,0.031,0.03,0.031,196245
SYD,20160629,6.97,6.97,6.835,6.87,6459803
SYI,20160629,25.32,25.35,25.18,25.31,16253
SYR,20160629,6.1,6.24,6.03,6.1,1303923
TAH,20160629,4.37,4.48,4.36,4.45,4020212
TAM,20160629,0.047,0.05,0.047,0.05,229788
TAP,20160629,0.092,0.093,0.091,0.092,603987
TAR,20160629,0.027,0.027,0.027,0.027,3044
TAS,20160629,0.17,0.175,0.165,0.165,2050983
TAW,20160629,0.026,0.026,0.026,0.026,40367
TBR,20160629,7.38,7.46,7.38,7.46,680
TCH,20160629,1.705,1.73,1.66,1.68,210633
TCL,20160629,11.74,11.74,11.62,11.64,5748342
TCN,20160629,0.058,0.06,0.058,0.06,312139
TDO,20160629,0.021,0.021,0.021,0.021,31000
TEN,20160629,0.91,0.91,0.885,0.895,605977
TER,20160629,0.008,0.008,0.006,0.006,725425
TEX,20160629,0.001,0.001,0.001,0.001,300000
TFC,20160629,1.38,1.4,1.355,1.37,1209898
TFG,20160629,0.27,0.28,0.27,0.28,45000
TFL,20160629,0.32,0.33,0.31,0.32,592700
TGA,20160629,1.45,1.47,1.44,1.465,562666
TGG,20160629,1.135,1.16,1.135,1.135,309973
TGH,20160629,1.595,1.595,1.55,1.575,31082
TGN,20160629,0.04,0.04,0.04,0.04,50000
TGP,20160629,0.93,0.94,0.93,0.94,6437
TGR,20160629,3.99,3.99,3.88,3.89,777479
TGS,20160629,0.038,0.039,0.036,0.038,5264231
TGZ,20160629,1.13,1.155,1.13,1.15,21791
THD,20160629,0.041,0.041,0.038,0.038,589992
THX,20160629,0.054,0.056,0.052,0.056,164462
TIA,20160629,0.695,0.695,0.695,0.695,2155
TIG,20160629,0.027,0.027,0.026,0.026,96055
TIX,20160629,2.7,2.73,2.65,2.69,136054
TKF,20160629,0.067,0.067,0.066,0.066,110000
TKL,20160629,0.022,0.022,0.021,0.021,642819
TLG,20160629,0.305,0.31,0.29,0.29,522558
TLM,20160629,0.375,0.385,0.375,0.385,27595
TLS,20160629,5.4,5.505,5.36,5.48,35014955
TME,20160629,4.32,4.37,4.3,4.36,289771
TML,20160629,0.05,0.05,0.05,0.05,10000
TMM,20160629,1.1,1.1,1.1,1.1,6037
TMP,20160629,0.35,0.35,0.35,0.35,10135
TMX,20160629,0.008,0.008,0.007,0.007,550000
TMZ,20160629,0.037,0.037,0.037,0.037,16216
TND,20160629,0.023,0.025,0.023,0.025,820000
TNE,20160629,5.06,5.13,5.03,5.07,922499
TNG,20160629,0.12,0.13,0.12,0.125,913029
TNK,20160629,1.8,1.82,1.79,1.815,198763
TNP,20160629,0.013,0.013,0.013,0.013,23539
TNR,20160629,0.22,0.22,0.22,0.22,187566
TOE,20160629,0.045,0.045,0.044,0.044,415140
TOF,20160629,2.2,2.2,2.2,2.2,5000
TOP,20160629,0.575,0.58,0.575,0.58,110250
TOU,20160629,0.067,0.07,0.067,0.07,102559
TOX,20160629,2.59,2.63,2.5,2.54,650519
TPE,20160629,2.9,2.95,2.7,2.7,15200
TPM,20160629,11.65,11.81,11.45,11.71,1514686
TPP,20160629,0.19,0.195,0.19,0.195,200339
TPS,20160629,0.018,0.018,0.016,0.016,830000
TPW,20160629,0.135,0.135,0.13,0.135,1003955
TRL,20160629,0.105,0.105,0.09,0.09,1597352
TRM,20160629,0.028,0.028,0.028,0.028,25000
TRS,20160629,12.2,12.22,11.95,12.05,151411
TRY,20160629,0.55,0.57,0.545,0.56,1047305
TSM,20160629,0.355,0.38,0.355,0.38,201046
TSN,20160629,0.022,0.023,0.022,0.022,4199952
TSV,20160629,0.016,0.016,0.015,0.015,1388246
TTA,20160629,0.03,0.032,0.03,0.032,66477
TTC,20160629,0.57,0.57,0.56,0.56,8592
TTI,20160629,0.022,0.023,0.022,0.023,106568
TTL,20160629,0.03,0.032,0.03,0.032,900000
TTS,20160629,3.76,3.835,3.745,3.82,4154688
TTW,20160629,0.022,0.024,0.022,0.024,1093270
TV2,20160629,0.027,0.028,0.025,0.026,9537561
TWD,20160629,3.05,3.05,3.05,3.05,1051
TWE,20160629,9.15,9.24,9.13,9.19,4075741
TWH,20160629,0.011,0.012,0.011,0.012,1994545
TWR,20160629,1.26,1.26,1.26,1.26,57947
TYK,20160629,0.009,0.009,0.009,0.009,2596888
TYX,20160629,0.03,0.033,0.03,0.033,151117
TZL,20160629,0.105,0.11,0.105,0.105,429446
UBE,20160629,17.15,17.15,17.15,17.15,285
UBI,20160629,0.3,0.3,0.3,0.3,10000
UBN,20160629,0.42,0.45,0.4,0.425,208028
UBW,20160629,19.35,19.37,19.35,19.37,857
UCM,20160629,0.23,0.24,0.23,0.24,51655
UGL,20160629,2.08,2.31,2.04,2.22,891724
UMAX,20160629,16.8,16.84,16.78,16.83,12594
UNS,20160629,0.067,0.067,0.063,0.066,1499443
UNV,20160629,0.19,0.19,0.19,0.19,112345
UPD,20160629,0.25,0.25,0.245,0.25,142983
UPG,20160629,1.185,1.185,1.18,1.185,115595
URF,20160629,2.12,2.12,2.12,2.12,46697
USA,20160629,0.015,0.016,0.015,0.016,75000
USD,20160629,13.23,13.25,13.17,13.24,3041996
USR,20160629,0.54,0.54,0.54,0.54,900
VAE,20160629,49.84,50,49.84,50,266
VAF,20160629,53.5,53.5,50.9,51.04,23614
VAH,20160629,0.21,0.22,0.2,0.2,9431436
VAP,20160629,85.48,85.64,83.83,85.21,24118
VAR,20160629,0.018,0.018,0.018,0.018,290688
VAS,20160629,66.23,66.23,65.43,65.7,37737
VCF,20160629,53.25,53.3,53.25,53.3,569
VCX,20160629,3.26,3.27,3.23,3.26,11423989
VEC,20160629,0.003,0.003,0.003,0.003,41712400
VEQ,20160629,44.34,44.34,44.01,44.2,11183
VEU,20160629,55.93,56.43,55.87,56,31340
VGAD,20160629,52,52,50.8,51.1,8613
VGB,20160629,51.12,51.12,50.73,50.92,39715
VGE,20160629,51.65,52.08,51.65,52,2032
VGS,20160629,54.5,56.92,54.5,55.3,1199325
VHT,20160629,0.39,0.4,0.355,0.355,35672
VHY,20160629,55.21,55.61,55.08,55.58,29711
VIF,20160629,54.06,54.07,54.06,54.07,469
VIG,20160629,0.1,0.1,0.1,0.1,10000
VII,20160629,0.185,0.185,0.185,0.185,58600
VIP,20160629,0.16,0.16,0.16,0.16,17750
VIT,20160629,1.53,1.54,1.475,1.485,502286
VLA,20160629,0.932,0.97,0.93,0.97,639617
VLC,20160629,55.22,55.24,54.56,54.87,937
VLW,20160629,2.1,2.14,2.09,2.1,32376
VMC,20160629,0.145,0.145,0.145,0.145,20000
VMG,20160629,0.003,0.003,0.003,0.003,1158262
VML,20160629,0.013,0.013,0.012,0.012,1241821
VMS,20160629,0.033,0.033,0.031,0.031,559089
VMT,20160629,0.15,0.15,0.145,0.145,304894
VMX,20160629,0.105,0.105,0.105,0.105,5000
VPC,20160629,0.029,0.038,0.029,0.032,13273544
VRC,20160629,0.105,0.11,0.105,0.105,3794052
VRL,20160629,5.1,5.18,5.09,5.12,166295
VRT,20160629,6.79,6.79,6.66,6.72,467069
VRX,20160629,0.015,0.016,0.015,0.016,46634
VSC,20160629,1.32,1.34,1.32,1.34,10628
VSO,20160629,46.14,46.32,46.14,46.23,6107
VTG,20160629,4.1,4.2,4.08,4.19,514158
VTM,20160629,0.016,0.016,0.016,0.016,110000
VTS,20160629,140.63,141,140.2,141,9170
VXR,20160629,0.006,0.006,0.006,0.006,1437586
WAA,20160629,1.03,1.03,1.03,1.03,9500
WAF,20160629,0.22,0.22,0.205,0.215,470919
WAM,20160629,2.19,2.24,2.18,2.24,397379
WAT,20160629,1.28,1.28,1.28,1.28,1587
WAX,20160629,1.345,1.355,1.34,1.34,160695
WBA,20160629,1.15,1.155,1.12,1.14,329392
WBC,20160629,29.07,29.13,28.66,28.8,6137809
WCN,20160629,0.007,0.007,0.007,0.007,468334
WCP,20160629,0.02,0.02,0.019,0.02,2417712
WDE,20160629,0.735,0.735,0.725,0.725,194725
WDIV,20160629,17.35,17.35,17.01,17.05,26520
WEB,20160629,6.9,6.9,6.66,6.87,558700
WEC,20160629,0.056,0.056,0.054,0.054,85655
WEMG,20160629,15.98,15.98,15.98,15.98,0
WES,20160629,39.33,39.66,39.33,39.64,2239171
WFD,20160629,10.38,10.65,10.35,10.65,9164660
WGL,20160629,0.028,0.029,0.028,0.028,816382
WHC,20160629,1.1,1.14,1.09,1.095,2966710
WHF,20160629,4.13,4.16,4.1,4.11,77812
WIC,20160629,0.81,0.82,0.81,0.81,63620
WIG,20160629,1.42,1.45,1.42,1.45,13645
WIN,20160629,0.1,0.1,0.095,0.095,91565
WKT,20160629,0.005,0.005,0.005,0.005,4599986
WLC,20160629,0.005,0.005,0.003,0.003,227500
WLD,20160629,0.39,0.4,0.38,0.38,1123791
WLE,20160629,1.085,1.095,1.085,1.095,978513
WLF,20160629,0.115,0.115,0.105,0.11,170000
WLL,20160629,4.54,4.7,4.54,4.7,3257
WMC,20160629,0.21,0.21,0.2,0.21,52475
WMK,20160629,1,1.01,1,1,234461
WMN,20160629,0.015,0.016,0.015,0.015,328319
WNR,20160629,0.24,0.25,0.24,0.25,55000
WOF,20160629,0.011,0.012,0.011,0.012,1036968
WOR,20160629,7.08,7.22,6.92,6.96,1983893
WOW,20160629,20.75,20.9,20.71,20.72,3077834
WPG,20160629,0.068,0.073,0.068,0.073,675084
WPL,20160629,26.06,26.4,25.8,26.1,2301319
WPP,20160629,1.05,1.055,1.005,1.02,847326
WRG,20160629,0.002,0.002,0.002,0.002,8000
WRLD,20160629,9.77,9.77,9.77,9.77,1547
WRR,20160629,0.23,0.23,0.23,0.23,6348
WSA,20160629,2.08,2.11,2,2,2467856
WSG,20160629,0.008,0.008,0.008,0.008,784388
WTC,20160629,4.32,4.4,4.2,4.4,78865
WTP,20160629,0.81,0.825,0.8,0.8,123549
WXHG,20160629,17.12,17.12,16.84,16.84,8086
WXOZ,20160629,23.06,23.07,23,23.02,30825
XAM,20160629,0.195,0.195,0.175,0.18,329799
XF1,20160629,0.6,0.6,0.555,0.555,92448
XIP,20160629,3.95,4,3.89,3.89,47150
XPD,20160629,0.14,0.14,0.14,0.14,1129796
XPE,20160629,0.072,0.077,0.068,0.069,35052554
XRF,20160629,0.17,0.17,0.17,0.17,30000
XRO,20160629,16.8,17.15,16.8,17,180917
XST,20160629,0.012,0.013,0.012,0.013,237977
XTD,20160629,0.19,0.19,0.18,0.18,6500
XTE,20160629,0.365,0.37,0.355,0.355,31019
YBR,20160629,0.185,0.185,0.18,0.185,118714
YMAX,20160629,8.89,8.89,8.75,8.75,114350
YNB,20160629,0.05,0.05,0.05,0.05,128289
YOJ,20160629,0.052,0.061,0.052,0.061,473059
YOW,20160629,0.93,0.935,0.91,0.92,184540
YPB,20160629,0.21,0.21,0.205,0.21,142389
ZEL,20160629,7.71,7.71,7.6,7.6,2805
ZGL,20160629,0.165,0.165,0.155,0.155,112000
ZGM,20160629,0.003,0.003,0.003,0.003,600000
ZGOL,20160629,17.78,17.8,17.76,17.76,16315
ZIM,20160629,3.7,3.7,3.6,3.6,11300
ZIP,20160629,0.145,0.17,0.145,0.155,375366
ZML,20160629,0.6,0.6,0.597,0.6,380890
ZNC,20160629,0.115,0.115,0.115,0.115,200000
ZOZI,20160629,9.39,9.39,9.39,9.39,0
ZRL,20160629,0.017,0.021,0.017,0.021,52950
ZTA,20160629,0.062,0.062,0.055,0.06,36632
ZUSD,20160629,10.4,10.4,10.34,10.34,2973
ZYB,20160629,0.017,0.017,0.017,0.017,408068
ZYUS,20160629,12.23,12.25,12.23,12.25,2936
XAF,20160629,5019.3,5070.9,5019.3,5053.7,0
XAO,20160629,5179.6,5232.9,5179.7,5221,0
XAT,20160629,5049.3,5101.9,5049.4,5087.9,0
XDJ,20160629,2002.4,2037.5,2002.5,2032.8,0
XEC,20160629,1246.4,1273.7,1246.4,1271.7,0
XEJ,20160629,7906.5,8119.4,7906.5,8029.2,0
XFJ,20160629,5656.4,5724.5,5656.4,5692,0
XFL,20160629,5067.1,5119.1,5067.1,5101.7,0
XGD,20160629,4851,4920.4,4824.8,4890.4,0
XHJ,20160629,20494.6,20809.1,20494.6,20636.9,0
XIJ,20160629,741.6,763.1,741.6,758.1,0
XJO,20160629,5103.3,5156.5,5103.3,5142.4,0
XJR,20160629,2677.4,2734,2677.4,2709.8,0
XKO,20160629,5067.2,5120.2,5067.2,5106.5,0
XMD,20160629,5331.3,5404.9,5331.3,5386.8,0
XMJ,20160629,7816.8,7961.7,7816.8,7906,0
XMM,20160629,2285.9,2330.9,2285.9,2312.9,0
XNJ,20160629,5099.8,5130.5,5066.6,5107.5,0
XPJ,20160629,1456.5,1456.6,1430.4,1454.1,0
XSJ,20160629,8025.2,8096.1,8025.2,8080.8,0
XSO,20160629,2231,2264.3,2231.1,2257.6,0
XTJ,20160629,1994.5,2026.2,1979.6,2019,0
XTL,20160629,2899.8,2936.6,2899.8,2924.5,0
XTO,20160629,4217,4260.5,4217,4247.8,0
XUJ,20160629,7466.2,7466.2,7326.4,7410.4,0
XXJ,20160629,6188.5,6294.6,6188.5,6239.6,0
