1AL,20160210,1,1,1,1,11000
1PG,20160210,2.59,2.59,2.18,2.23,1397050
1ST,20160210,0.085,0.085,0.085,0.085,6000
3DM,20160210,0.065,0.068,0.065,0.066,593275
3PL,20160210,1.7,1.71,1.65,1.67,199040
4DS,20160210,0.032,0.032,0.029,0.03,2840000
88E,20160210,0.007,0.01,0.007,0.01,40268848
8CO,20160210,0.15,0.15,0.15,0.15,49000
8EC,20160210,0.88,0.91,0.88,0.91,5740
A2M,20160210,1.72,1.745,1.637,1.67,11527386
AAA,20160210,50.12,50.13,50.11,50.11,165306
AAC,20160210,1.21,1.21,1.162,1.18,1936856
AAD,20160210,1.93,1.932,1.795,1.85,1991087
AAJ,20160210,0.008,0.008,0.008,0.008,199000
AAX,20160210,0.24,0.24,0.225,0.23,32329
AB1,20160210,0.2,0.205,0.195,0.205,446404
ABA,20160210,5.25,5.25,5.2,5.2,5874
ABC,20160210,4.63,4.64,4.485,4.55,1572723
ABP,20160210,2.87,2.9,2.83,2.88,1351731
ABU,20160210,0.043,0.043,0.043,0.043,36233
ABV,20160210,0.007,0.007,0.007,0.007,6250000
ABW,20160210,0.945,0.95,0.945,0.95,48754
ABX,20160210,0.135,0.15,0.135,0.15,35000
ABY,20160210,0.18,0.19,0.18,0.18,153561
ACB,20160210,0.016,0.016,0.016,0.016,107103
ACG,20160210,0.185,0.19,0.185,0.19,20000
ACL,20160210,0.008,0.008,0.008,0.008,2514706
ACQ,20160210,0.81,0.81,0.8,0.8,41875
ACR,20160210,0.62,0.625,0.6,0.61,392784
ACU,20160210,0.065,0.065,0.062,0.062,836151
ACW,20160210,0.053,0.053,0.053,0.053,106532
ACX,20160210,3.91,4.02,3.91,3.94,968575
ADA,20160210,2.19,2.205,2.07,2.12,242158
ADH,20160210,2.58,2.58,2.5,2.55,75752
ADJ,20160210,0.089,0.089,0.082,0.089,432705
ADN,20160210,0.009,0.009,0.007,0.007,112561
ADO,20160210,0.071,0.072,0.07,0.07,1460858
ADR,20160210,0.5,0.5,0.5,0.5,4547
ADV,20160210,0.029,0.031,0.025,0.026,64876811
ADX,20160210,0.003,0.003,0.003,0.003,1192500
AEB,20160210,0.061,0.061,0.061,0.061,8199
AEE,20160210,0.022,0.023,0.021,0.023,404385
AEF,20160210,63.99,63.99,63.99,63.99,18
AEG,20160210,1.29,1.3,1.24,1.3,363243
AEV,20160210,0.125,0.13,0.125,0.125,245963
AFG,20160210,0.925,0.925,0.905,0.91,11374
AFI,20160210,5.49,5.5,5.32,5.38,317504
AFR,20160210,0.051,0.055,0.051,0.055,150000
AGF,20160210,0.775,0.785,0.775,0.775,281563
AGG,20160210,2.95,2.99,2.9,2.99,10198
AGI,20160210,2.07,2.12,2.02,2.04,379952
AGL,20160210,19.14,19.65,18.43,19,3546104
AGO,20160210,0.012,0.012,0.011,0.011,8629742
AGR,20160210,0.1,0.11,0.097,0.098,298866
AGS,20160210,0.034,0.034,0.034,0.034,404870
AGX,20160210,0.013,0.013,0.013,0.013,100000
AGY,20160210,0.005,0.006,0.005,0.005,1070172
AHA,20160210,0.004,0.004,0.004,0.004,1897661
AHF,20160210,0.295,0.295,0.28,0.285,897235
AHG,20160210,4.32,4.34,4.12,4.13,1031215
AHK,20160210,0.08,0.08,0.08,0.08,19539
AHL,20160210,0.46,0.495,0.46,0.46,1165050
AHN,20160210,0.023,0.023,0.023,0.023,909
AHX,20160210,1.305,1.305,1.25,1.3,234781
AHY,20160210,1.63,1.635,1.597,1.625,1559231
AHZ,20160210,0.63,0.63,0.61,0.62,165996
AIA,20160210,5.25,5.45,5.25,5.45,43605
AIK,20160210,0.105,0.105,0.105,0.105,158727
AIO,20160210,9,9.04,8.875,8.94,4115939
AIR,20160210,0.1,0.1,0.1,0.1,188
AIS,20160210,0.031,0.031,0.027,0.027,348365
AIZ,20160210,2.68,2.7,2.55,2.56,11626
AJA,20160210,5.25,5.3,5.23,5.25,25266
AJC,20160210,0.003,0.003,0.003,0.003,199900
AJD,20160210,1.3,1.305,1.295,1.3,328128
AJL,20160210,0.36,0.36,0.34,0.35,78473
AJM,20160210,0.064,0.068,0.062,0.064,11881321
AJQ,20160210,0.1,0.1,0.098,0.1,43375
AJX,20160210,0.665,0.685,0.65,0.67,927659
AKK,20160210,0.007,0.007,0.007,0.007,434273
AKP,20160210,7.78,7.78,7.4,7.4,14775
ALA,20160210,0.18,0.18,0.165,0.165,162762
ALF,20160210,1.475,1.48,1.455,1.47,349360
ALI,20160210,1.74,1.75,1.73,1.735,112429
ALK,20160210,0.185,0.19,0.18,0.19,728535
ALL,20160210,9.61,9.63,9.24,9.45,2001384
ALQ,20160210,3.43,3.44,3.305,3.39,2930901
ALT,20160210,0.003,0.003,0.003,0.003,3266355
ALU,20160210,5.2,5.295,5.19,5.25,590944
ALY,20160210,0.021,0.021,0.021,0.021,150000
AMA,20160210,0.825,0.845,0.785,0.825,2081692
AMB,20160210,0.18,0.18,0.18,0.18,10000
AMC,20160210,12.34,12.34,12.07,12.16,5255292
AMH,20160210,0.85,0.855,0.85,0.855,40000
AMI,20160210,0.074,0.076,0.071,0.074,1112000
AMP,20160210,5.09,5.11,4.89,5.02,12369728
ANG,20160210,0.2,0.2,0.2,0.2,50000
ANN,20160210,16.3,16.8,16.2,16.53,1547425
ANP,20160210,0.055,0.055,0.049,0.055,506135
ANR,20160210,1.61,1.61,1.595,1.6,70453
ANZ,20160210,23.16,23.29,21.86,22.42,13343280
AOD,20160210,0.7,0.7,0.685,0.685,94785
AOG,20160210,2.93,2.94,2.77,2.88,1226595
AOH,20160210,0.091,0.091,0.09,0.09,36243
AON,20160210,0.031,0.031,0.031,0.031,112300
AOP,20160210,0.051,0.051,0.05,0.05,21700
AOU,20160210,0.096,0.096,0.096,0.096,55000
APA,20160210,8.72,8.75,8.505,8.62,2876432
APD,20160210,0.405,0.405,0.405,0.405,57500
APE,20160210,11.3,11.32,10.58,10.63,159521
APG,20160210,0.004,0.004,0.004,0.004,115266
API,20160210,1.99,1.99,1.87,1.92,4924006
APN,20160210,0.47,0.475,0.455,0.465,20496319
APO,20160210,5.03,5.14,4.9,5.05,1129006
APW,20160210,0.125,0.125,0.125,0.125,697890
APX,20160210,1.455,1.455,1.305,1.34,395281
APY,20160210,0.009,0.009,0.009,0.009,1627500
APZ,20160210,1.11,1.11,1.11,1.11,51840
AQC,20160210,0.018,0.018,0.018,0.018,2455986
AQD,20160210,0.014,0.014,0.014,0.014,77537
AQG,20160210,2.62,2.655,2.56,2.61,474588
AQI,20160210,0.045,0.047,0.045,0.047,235500
AQP,20160210,0.25,0.25,0.25,0.25,271026
AQZ,20160210,0.49,0.49,0.49,0.49,40015
ARB,20160210,15.09,15.09,14.76,14.92,127307
ARC,20160210,0.44,0.44,0.44,0.44,25731
ARD,20160210,0.02,0.023,0.02,0.023,883046
ARF,20160210,1.72,1.76,1.65,1.65,206145
ARG,20160210,7.58,7.6,7.4,7.48,157115
ARI,20160210,0.055,0.055,0.05,0.053,8853990
ARO,20160210,0.007,0.007,0.007,0.007,10000
ARS,20160210,0.18,0.18,0.18,0.18,10000
ARU,20160210,0.051,0.055,0.051,0.051,140481
ASB,20160210,1.17,1.19,1.11,1.18,1229128
ASH,20160210,0.18,0.18,0.165,0.165,40890
ASL,20160210,0.21,0.215,0.18,0.18,970036
ASN,20160210,0.017,0.017,0.017,0.017,150000
AST,20160210,1.5,1.5,1.465,1.475,3085027
ASW,20160210,0.605,0.605,0.605,0.605,4000
ASX,20160210,39.47,39.48,38.4,38.81,726841
ASZ,20160210,0.95,0.99,0.94,0.99,384383
ATC,20160210,0.098,0.098,0.098,0.098,62000
ATP,20160210,0.035,0.035,0.035,0.035,48800
ATU,20160210,0.39,0.39,0.38,0.38,18400
AUB,20160210,8.69,8.69,8.6,8.65,16870
AUF,20160210,1.24,1.24,1.24,1.24,37660
AUI,20160210,7.13,7.19,7,7.01,14360
AUP,20160210,5.47,5.47,5.47,5.47,2700
AUQ,20160210,0.016,0.016,0.015,0.015,577405
AUZ,20160210,0.005,0.005,0.005,0.005,3200
AVB,20160210,0.062,0.063,0.06,0.061,1706956
AVG,20160210,0.375,0.385,0.37,0.385,890708
AVH,20160210,0.105,0.105,0.1,0.105,174977
AVI,20160210,0.02,0.02,0.02,0.02,25000
AVJ,20160210,0.57,0.57,0.56,0.56,245060
AVL,20160210,0.008,0.008,0.008,0.008,120000
AVN,20160210,2.01,2.04,2.01,2.02,127312
AVQ,20160210,0.245,0.25,0.245,0.245,177301
AVX,20160210,0.041,0.041,0.041,0.041,564
AVZ,20160210,0.009,0.009,0.009,0.009,2000000
AWC,20160210,1.125,1.13,1.097,1.12,8193126
AWE,20160210,0.395,0.405,0.375,0.385,4048737
AWI,20160210,0.2,0.2,0.2,0.2,20000
AWQ,20160210,0.98,0.98,0.97,0.97,6000
AWV,20160210,0.042,0.042,0.042,0.042,100122
AXE,20160210,0.081,0.085,0.081,0.085,130000
AXI,20160210,0.05,0.05,0.05,0.05,30000
AXP,20160210,1.17,1.17,1.17,1.17,10000
AXT,20160210,0.061,0.061,0.061,0.061,100000
AYA,20160210,0.098,0.13,0.098,0.13,478871
AYB,20160210,0.052,0.053,0.048,0.05,3565643
AYC,20160210,0.026,0.029,0.026,0.028,546244
AYF,20160210,5.77,5.82,5.77,5.82,2190
AYS,20160210,3.08,3.08,2.76,2.82,244165
AYZ,20160210,74.29,74.29,74.29,74.29,404
AZJ,20160210,4.02,4.025,3.81,3.84,6511611
AZM,20160210,0.043,0.043,0.041,0.041,516506
AZS,20160210,0.029,0.035,0.029,0.031,4675549
AZV,20160210,0.071,0.073,0.071,0.072,133823
AZY,20160210,0.019,0.019,0.016,0.016,11171401
BAF,20160210,0.975,0.98,0.97,0.975,104411
BAL,20160210,12.45,12.48,11.27,11.55,1353409
BAP,20160210,4.11,4.15,3.98,4,1176313
BAR,20160210,0.019,0.019,0.017,0.017,1087000
BAU,20160210,0.09,0.09,0.089,0.089,100783
BBG,20160210,1.53,1.56,1.445,1.465,343509
BBN,20160210,2.5,2.53,2.4,2.42,361303
BBX,20160210,0.027,0.029,0.027,0.029,454517
BCI,20160210,0.08,0.082,0.078,0.081,344693
BCK,20160210,0.017,0.017,0.017,0.017,10000
BDR,20160210,0.17,0.17,0.155,0.16,5940478
BEAR,20160210,19.02,19.64,19.02,19.34,90437
BEL,20160210,0.135,0.135,0.135,0.135,74074
BEN,20160210,9.72,9.93,9.125,9.27,2699811
BFC,20160210,0.49,0.495,0.47,0.48,3503488
BFG,20160210,0.52,0.52,0.49,0.49,46000
BGA,20160210,6.1,6.17,5.685,5.87,1055203
BGL,20160210,0.765,0.77,0.75,0.76,371152
BGR,20160210,0.003,0.003,0.003,0.003,1000000
BGS,20160210,0.066,0.066,0.066,0.066,149637
BHP,20160210,15.43,15.74,15.31,15.65,13211464
BIG,20160210,0.18,0.185,0.18,0.185,10333
BIT,20160210,0.059,0.059,0.059,0.059,9351
BKI,20160210,1.63,1.63,1.585,1.59,326571
BKL,20160210,175.27,182.03,170.35,171.39,176129
BKN,20160210,0.435,0.455,0.42,0.44,1615553
BKW,20160210,14.77,14.81,14.26,14.5,80353
BKY,20160210,0.46,0.46,0.46,0.46,52000
BLA,20160210,5.1,5.14,5.05,5.11,65545
BLD,20160210,5.41,5.55,5.21,5.32,8874874
BLG,20160210,0.058,0.058,0.058,0.058,19000
BLK,20160210,0.44,0.5,0.425,0.5,1837405
BLT,20160210,0.26,0.27,0.26,0.265,73348
BLX,20160210,2,2,1.93,1.93,168023
BLY,20160210,0.055,0.056,0.052,0.052,962332
BLZ,20160210,0.049,0.049,0.049,0.049,66792
BMG,20160210,0.011,0.011,0.011,0.011,50000
BMH,20160210,0.205,0.205,0.205,0.205,658
BML,20160210,0.002,0.003,0.002,0.003,1515646
BMN,20160210,0.029,0.03,0.029,0.03,124330
BNO,20160210,0.31,0.32,0.305,0.305,246083
BNR,20160210,0.03,0.03,0.03,0.03,20000
BOA,20160210,0.13,0.13,0.13,0.13,8000
BOE,20160210,0.038,0.038,0.037,0.037,97885
BOL,20160210,0.08,0.08,0.076,0.077,270283
BOQ,20160210,11.81,11.84,10.72,10.86,4138329
BPF,20160210,0.525,0.525,0.485,0.495,930740
BPH,20160210,0.006,0.006,0.006,0.006,96000
BPS,20160210,1.02,1.02,1,1.02,38481
BPT,20160210,0.43,0.435,0.4,0.42,9568221
BRB,20160210,0.15,0.155,0.145,0.155,107500
BRG,20160210,5.63,5.98,5.61,5.71,489547
BRK,20160210,0.007,0.007,0.007,0.007,100000
BRL,20160210,0.013,0.014,0.013,0.014,640000
BRN,20160210,0.18,0.19,0.17,0.17,775641
BRS,20160210,1.09,1.13,1.072,1.08,2644077
BRU,20160210,0.235,0.235,0.21,0.21,184544
BSA,20160210,0.17,0.175,0.17,0.175,22328
BSE,20160210,0.027,0.033,0.027,0.033,3736660
BSL,20160210,4.37,4.37,4.16,4.33,5173107
BSM,20160210,0.01,0.011,0.01,0.011,2450000
BSR,20160210,0.01,0.01,0.01,0.01,350000
BST,20160210,0.92,0.925,0.92,0.925,5000
BTT,20160210,9.1,9.15,8.7,8.74,1022922
BUD,20160210,0.16,0.16,0.15,0.15,1942645
BUG,20160210,0.66,0.66,0.66,0.66,868
BUL,20160210,0.021,0.021,0.021,0.021,94031
BUR,20160210,0.005,0.005,0.004,0.004,10452129
BUX,20160210,0.062,0.062,0.062,0.062,58401
BUY,20160210,0.009,0.009,0.008,0.008,210000
BWF,20160210,0.41,0.41,0.41,0.41,10365
BWP,20160210,3.05,3.06,3,3.02,1941150
BWX,20160210,4.2,4.68,3.85,3.9,4060753
BXB,20160210,10.27,10.27,10.05,10.15,5881833
BXN,20160210,0.021,0.021,0.021,0.021,30700
BYE,20160210,0.155,0.155,0.14,0.14,180000
BYR,20160210,0.024,0.024,0.024,0.024,289834
BZL,20160210,0.01,0.01,0.005,0.005,314300
CAA,20160210,0.082,0.085,0.082,0.085,11980921
CAB,20160210,3.08,3.08,2.97,3.03,549531
CAD,20160210,0.001,0.001,0.001,0.001,1500000
CAE,20160210,0.039,0.039,0.037,0.037,100000
CAF,20160210,0.35,0.35,0.35,0.35,2984
CAJ,20160210,0.14,0.15,0.14,0.145,7000316
CAM,20160210,0.78,0.78,0.76,0.78,135050
CAP,20160210,0.022,0.022,0.022,0.022,29340
CAR,20160210,10.6,10.86,10.51,10.71,3335534
CAS,20160210,0.13,0.13,0.12,0.12,10699
CAT,20160210,2.02,2.07,2,2.01,116361
CAV,20160210,0.01,0.01,0.01,0.01,1769900
CBA,20160210,74.97,75.7,72.58,74.2,6540751
CCF,20160210,0.12,0.13,0.115,0.13,1770426
CCJ,20160210,0.005,0.005,0.005,0.005,150000
CCL,20160210,8.06,8.14,7.905,8,3398124
CCP,20160210,10.7,10.77,10.26,10.44,180429
CCV,20160210,0.505,0.51,0.5,0.505,416622
CDA,20160210,0.73,0.73,0.67,0.67,50846
CDB,20160210,0.008,0.011,0.008,0.011,469879
CDD,20160210,0.97,0.98,0.91,0.92,558128
CDG,20160210,0.039,0.039,0.038,0.039,203550
CDM,20160210,1.425,1.425,1.365,1.41,512021
CDP,20160210,7.05,7.14,7,7.14,46845
CDV,20160210,0.115,0.115,0.1,0.105,130900
CDY,20160210,0.02,0.02,0.019,0.019,767085
CEL,20160210,0.029,0.029,0.029,0.029,25000
CGC,20160210,2.48,2.48,2.39,2.41,815609
CGF,20160210,6.95,7.015,6.72,6.83,6807238
CGL,20160210,4.58,4.63,4.58,4.63,152
CGN,20160210,0.079,0.082,0.079,0.081,562290
CGR,20160210,0.175,0.175,0.175,0.175,15000
CGS,20160210,0.56,0.56,0.56,0.56,1500000
CGW,20160210,0.44,0.44,0.44,0.44,60841
CHC,20160210,4.41,4.42,4.31,4.33,1555015
CHK,20160210,0.025,0.03,0.025,0.03,1442000
CHN,20160210,0.115,0.115,0.115,0.115,656086
CHP,20160210,0.004,0.004,0.004,0.004,2390000
CIE,20160210,1,1,0.97,0.98,35736
CIM,20160210,24.37,25.9,23.76,25.47,1294892
CIN,20160210,30.33,30.33,30.2,30.2,1337
CIW,20160210,0.72,0.72,0.7,0.7,26828
CKA,20160210,0.035,0.035,0.035,0.035,375000
CKF,20160210,4.72,4.82,4.51,4.55,295691
CL1,20160210,1.99,2.05,1.98,2,1911097
CL8,20160210,0.018,0.019,0.017,0.019,1262219
CLH,20160210,1.62,1.635,1.58,1.58,449459
CLQ,20160210,0.18,0.18,0.175,0.175,308529
CLV,20160210,0.325,0.325,0.325,0.325,2500
CLX,20160210,1,1.01,1,1,55846
CM8,20160210,0.26,0.27,0.255,0.26,998512
CMA,20160210,2,2.05,1.995,2.03,110773
CMP,20160210,0.355,0.355,0.335,0.355,150000
CMT,20160210,0.044,0.045,0.042,0.045,300000
CMW,20160210,0.98,0.985,0.95,0.965,4437561
CMY,20160210,0.004,0.004,0.004,0.004,7857206
CND,20160210,0.18,0.18,0.18,0.18,9000
CNI,20160210,0.975,0.975,0.975,0.975,4207
CNU,20160210,3.56,3.59,3.5,3.56,78792
CNW,20160210,0.03,0.03,0.028,0.029,1501493
CNX,20160210,0.012,0.012,0.012,0.012,13962
COE,20160210,0.155,0.155,0.155,0.155,52494
COH,20160210,90.42,91.5,90,91.18,248257
COI,20160210,0.08,0.08,0.08,0.08,35000
COM,20160210,0.018,0.019,0.018,0.018,5460000
COO,20160210,0.13,0.13,0.12,0.13,33600
COY,20160210,0.005,0.005,0.005,0.005,93539
CPU,20160210,10.1,10.2,9.44,9.6,3995904
CQR,20160210,4.19,4.23,4.12,4.13,1342463
CR8,20160210,0.021,0.021,0.02,0.02,4647525
CRB,20160210,0.076,0.077,0.075,0.076,190150
CSD,20160210,0.035,0.035,0.035,0.035,30000
CSL,20160210,102.65,103,100.27,101.52,1444677
CSR,20160210,2.62,2.67,2.61,2.65,4495842
CSS,20160210,0.044,0.044,0.041,0.041,2648249
CSV,20160210,1.5,1.505,1.43,1.5,1307438
CTD,20160210,11.3,11.47,10.94,11.09,435655
CTN,20160210,0.942,0.942,0.92,0.93,304943
CTO,20160210,0.016,0.016,0.015,0.015,250000
CTP,20160210,0.11,0.11,0.105,0.105,881438
CTR,20160210,0.06,0.06,0.057,0.057,96952
CTX,20160210,37,37.67,35.15,36.04,1040633
CUE,20160210,0.06,0.06,0.057,0.057,28591
CUL,20160210,0.003,0.003,0.003,0.003,720286
CUP,20160210,0.835,0.835,0.83,0.83,86360
CUV,20160210,2.91,3,2.9,3,62843
CV1,20160210,0.345,0.345,0.345,0.345,3000
CVC,20160210,1.425,1.425,1.39,1.39,10002
CVE,20160210,0.007,0.007,0.006,0.006,5175000
CVN,20160210,0.078,0.078,0.076,0.078,757210
CVO,20160210,2,2.02,1.97,2,1804827
CVT,20160210,0.415,0.425,0.38,0.4,1578635
CVW,20160210,0.92,0.92,0.92,0.92,16103
CWE,20160210,0.037,0.037,0.035,0.036,1877528
CWN,20160210,11.47,11.49,11.01,11.23,1170895
CWP,20160210,4.12,4.12,3.98,4.07,48781
CWY,20160210,0.735,0.74,0.71,0.725,4574116
CXO,20160210,0.026,0.026,0.025,0.025,2384793
CXU,20160210,0.085,0.085,0.085,0.085,45454
CXX,20160210,0.18,0.18,0.18,0.18,10000
CXZ,20160210,0.18,0.18,0.18,0.18,103565
CYA,20160210,0.83,0.83,0.82,0.82,55588
CYB,20160210,3.9,3.99,3.73,3.91,11369260
CYC,20160210,0.595,0.595,0.595,0.595,2084
CYL,20160210,0.32,0.32,0.32,0.32,2500
CYP,20160210,0.42,0.435,0.4,0.4,271841
CYY,20160210,0.02,0.02,0.018,0.018,286097
CZA,20160210,0.045,0.045,0.045,0.045,427
CZI,20160210,0.024,0.024,0.024,0.024,118740
CZL,20160210,0.054,0.054,0.05,0.054,52037
CZZ,20160210,20.8,20.8,19.99,20.11,27260
D13,20160210,0.078,0.08,0.073,0.075,1005059
DAU,20160210,0.02,0.026,0.02,0.026,174000
DCC,20160210,0.18,0.18,0.165,0.18,412545
DCG,20160210,1,1.005,0.98,0.985,177814
DCN,20160210,1.175,1.19,1.1,1.15,775597
DDD,20160210,0.003,0.003,0.003,0.003,32872
DDR,20160210,1.45,1.45,1.37,1.4,271262
DDT,20160210,0.022,0.022,0.022,0.022,1815667
DFM,20160210,1.44,1.45,1.44,1.45,7111
DGH,20160210,0.7,0.7,0.7,0.7,148683
DGX,20160210,0.01,0.01,0.01,0.01,600000
DJW,20160210,4.05,4.05,3.98,3.98,138758
DKM,20160210,0.1,0.1,0.1,0.1,279713
DKO,20160210,0.062,0.063,0.051,0.051,3312726
DLS,20160210,0.54,0.54,0.495,0.515,1689335
DLX,20160210,6.53,6.54,6.335,6.44,1178589
DMC,20160210,0.23,0.23,0.23,0.23,50000
DMI,20160210,0.072,0.072,0.072,0.072,100708
DMP,20160210,51.25,52.18,49.31,50.2,395091
DNA,20160210,0.7,0.7,0.66,0.695,365425
DNK,20160210,0.245,0.245,0.235,0.235,233871
DOW,20160210,3.14,3.14,3.06,3.12,2660460
DRA,20160210,0.16,0.16,0.16,0.16,50000
DRG,20160210,0.026,0.027,0.026,0.027,34802
DRK,20160210,0.002,0.002,0.002,0.002,4000000
DRM,20160210,0.74,0.75,0.74,0.74,1116934
DSB,20160210,0.15,0.16,0.15,0.16,32500
DSX,20160210,0.064,0.064,0.06,0.06,826921
DTI,20160210,0.24,0.24,0.24,0.24,3400
DTL,20160210,1.085,1.095,1.065,1.065,112709
DTX,20160210,0.625,0.63,0.58,0.63,14159
DUB,20160210,0.725,0.75,0.565,0.565,1051425
DUE,20160210,2.31,2.32,2.275,2.3,5695984
DUI,20160210,3.23,3.24,3.15,3.15,46962
DVA,20160210,0.485,0.495,0.485,0.49,29102
DVI,20160210,0.018,0.019,0.016,0.017,1455737
DVN,20160210,0.675,0.675,0.67,0.67,29707
DWS,20160210,1.27,1.29,1.255,1.275,69862
DXB,20160210,0.005,0.005,0.005,0.005,150000
DXS,20160210,7.28,7.29,7.095,7.15,3121341
DYE,20160210,0.25,0.255,0.245,0.245,255733
E88,20160210,1.9,2,1.9,1.99,61783
EAI,20160210,0.85,0.85,0.85,0.85,18500
EAL,20160210,0.096,0.105,0.096,0.105,51895
EAR,20160210,0.079,0.08,0.079,0.08,42516
EAS,20160210,1.27,1.27,1.27,1.27,17500
EBO,20160210,13.2,13.2,12.8,12.8,26130
ECG,20160210,0.235,0.255,0.235,0.24,62234
ECX,20160210,2.86,2.86,2.61,2.67,1589112
EDE,20160210,0.072,0.072,0.07,0.072,1761921
EEU,20160210,15.64,15.68,15.64,15.68,1180
EFE,20160210,0.011,0.011,0.011,0.011,140000
EGG,20160210,0.87,0.97,0.87,0.94,230210
EGH,20160210,0.515,0.525,0.505,0.525,319314
EGI,20160210,0.925,0.925,0.91,0.91,21600
EGO,20160210,0.35,0.35,0.35,0.35,25846
EHE,20160210,6.29,6.33,6.07,6.12,696923
EHL,20160210,0.034,0.034,0.03,0.03,600379
ELD,20160210,4.51,4.54,4.33,4.38,278116
ELX,20160210,0.74,0.75,0.7,0.7,139830
EMC,20160210,0.2,0.2,0.195,0.195,290310
EMF,20160210,1.735,1.735,1.735,1.735,117
EMH,20160210,0.11,0.11,0.107,0.107,86000
EML,20160210,1.04,1.05,1.03,1.04,310293
EMR,20160210,0.026,0.026,0.026,0.026,23000
EMU,20160210,0.145,0.18,0.145,0.18,460633
EMX,20160210,0.035,0.035,0.035,0.035,20128
ENA,20160210,0.17,0.17,0.17,0.17,31300
ENN,20160210,1.65,1.65,1.595,1.6,730250
ENT,20160210,0.02,0.02,0.02,0.02,66666
EOL,20160210,0.38,0.38,0.38,0.38,68588
EOS,20160210,1.2,1.2,1.155,1.155,16733
EPD,20160210,0.285,0.29,0.255,0.26,1345824
EPW,20160210,1.59,1.61,1.55,1.565,406487
EPX,20160210,1.4,1.4,1.34,1.34,63825
EQT,20160210,15.79,15.79,15.69,15.69,1854
ERA,20160210,0.34,0.35,0.335,0.345,69807
ERJ,20160210,0.029,0.029,0.019,0.021,7433100
ERL,20160210,0.013,0.013,0.013,0.013,41750
ERM,20160210,0.035,0.035,0.032,0.032,585780
ESI,20160210,0.019,0.019,0.019,0.019,7543428
ESR,20160210,0.012,0.014,0.012,0.013,1479000
ESV,20160210,0.042,0.042,0.038,0.038,299279
ETE,20160210,0.008,0.008,0.008,0.008,100000
ETF,20160210,17.96,17.96,17.83,17.83,1229
EVE,20160210,0.007,0.007,0.007,0.007,1450000
EVM,20160210,0.11,0.11,0.11,0.11,20000
EVN,20160210,1.77,1.81,1.715,1.8,11398759
EVO,20160210,0.93,0.93,0.93,0.93,16000
EVT,20160210,14.36,14.48,13.93,14.16,154072
EWC,20160210,0.205,0.21,0.205,0.21,218485
EXC,20160210,0.017,0.017,0.017,0.017,75000
EXG,20160210,0.135,0.135,0.125,0.125,1514955
EXM,20160210,0.012,0.014,0.011,0.011,7681906
EXU,20160210,0.029,0.029,0.027,0.028,283332
EZL,20160210,0.71,0.71,0.71,0.71,500
FAR,20160210,0.069,0.069,0.066,0.068,15865736
FBR,20160210,0.024,0.024,0.02,0.021,3249328
FBU,20160210,6.53,6.56,6.27,6.28,1014288
FCG,20160210,0.27,0.27,0.27,0.27,257458
FCN,20160210,0.026,0.027,0.021,0.021,24032483
FEL,20160210,0.036,0.036,0.036,0.036,11551
FET,20160210,2.12,2.17,2.11,2.13,176003
FFG,20160210,0.079,0.08,0.079,0.08,57150
FFI,20160210,3.41,3.41,3.41,3.41,344
FGF,20160210,0.007,0.009,0.007,0.009,345000
FGG,20160210,1.14,1.16,1.12,1.135,419565
FGR,20160210,0.054,0.054,0.049,0.049,209259
FGX,20160210,1.14,1.14,1.125,1.14,232623
FID,20160210,2.23,2.23,2.23,2.23,42
FIE,20160210,0.059,0.059,0.056,0.056,570299
FLK,20160210,0.88,0.88,0.86,0.86,57732
FLN,20160210,1.6,1.6,1.38,1.42,506271
FLR,20160210,0.002,0.002,0.002,0.002,11875
FLT,20160210,39.17,39.27,38.1,38.31,229610
FMG,20160210,1.76,1.79,1.72,1.745,20782765
FML,20160210,0.35,0.355,0.35,0.355,76556
FMS,20160210,0.008,0.008,0.008,0.008,224000
FNP,20160210,3.62,3.63,3.38,3.38,115364
FNT,20160210,0.017,0.017,0.017,0.017,5000
FPH,20160210,7.95,8,7.82,7.9,473339
FRI,20160210,0.995,0.995,0.975,0.975,43244
FRM,20160210,1.59,1.68,1.53,1.53,240735
FRX,20160210,0.22,0.22,0.195,0.195,266339
FSA,20160210,1.01,1.01,1,1,28726
FSF,20160210,5.53,5.53,5.4,5.42,92696
FUN,20160210,0.026,0.026,0.026,0.026,21166
FWD,20160210,1.2,1.2,1.14,1.16,14398
FXJ,20160210,0.83,0.83,0.8,0.815,7277978
FXL,20160210,2.6,2.62,2.46,2.5,2065766
GAP,20160210,0.29,0.3,0.29,0.3,208536
GBE,20160210,0.024,0.024,0.024,0.024,23136
GBG,20160210,0.015,0.015,0.013,0.015,1168241
GBP,20160210,0.031,0.031,0.031,0.031,1000
GBT,20160210,4.32,4.32,4.18,4.26,190466
GBX,20160210,0.004,0.004,0.004,0.004,581
GC1,20160210,0.97,0.98,0.97,0.975,15036
GCR,20160210,0.042,0.042,0.042,0.042,2150
GCS,20160210,0.5,0.5,0.5,0.5,2
GCY,20160210,0.175,0.175,0.17,0.175,914035
GDF,20160210,0.935,0.935,0.925,0.925,85626
GDI,20160210,0.835,0.835,0.825,0.83,538076
GDX,20160210,23.8,24.03,23.76,23.93,36442
GDY,20160210,0.027,0.028,0.026,0.026,240377
GEG,20160210,1.12,1.12,1.12,1.12,17000
GEM,20160210,3.29,3.29,3.16,3.19,1602426
GER,20160210,0.062,0.062,0.062,0.062,20000
GFI,20160210,0.325,0.35,0.325,0.35,173665
GFL,20160210,1.32,1.32,1.32,1.32,6600
GFY,20160210,1.18,1.18,1.1,1.1,52969
GGG,20160210,0.029,0.029,0.029,0.029,284482
GHC,20160210,1.84,1.89,1.825,1.825,76227
GID,20160210,0.02,0.02,0.02,0.02,10000
GJT,20160210,2,2.01,1.93,1.93,29767
GLF,20160210,0.009,0.009,0.008,0.009,4650000
GLH,20160210,0.41,0.485,0.41,0.485,82000
GLN,20160210,0.004,0.004,0.004,0.004,66060
GMA,20160210,2.42,2.44,2.28,2.33,2758954
GMC,20160210,0.011,0.011,0.011,0.011,50000
GME,20160210,0.025,0.025,0.025,0.025,329402
GMF,20160210,2.05,2.07,2.05,2.05,225086
GMG,20160210,5.99,5.99,5.875,5.9,5321351
GMM,20160210,0.26,0.26,0.235,0.245,1131434
GMN,20160210,0.041,0.041,0.041,0.041,50000
GMR,20160210,0.002,0.002,0.002,0.002,2899999
GNC,20160210,8.45,8.45,8.12,8.35,435652
GNE,20160210,1.72,1.72,1.66,1.68,112307
GNG,20160210,0.86,0.88,0.8,0.8,63000
GNX,20160210,0.09,0.1,0.085,0.1,65000
GOE,20160210,0.021,0.021,0.021,0.021,100000
GOLD,20160210,160.18,161.42,160,160.96,10008
GOR,20160210,0.425,0.43,0.42,0.42,1084698
GOZ,20160210,3.03,3.03,2.98,3.01,353012
GPH,20160210,0.073,0.073,0.063,0.063,258286
GPR,20160210,0.027,0.027,0.025,0.025,1000000
GPT,20160210,4.87,4.88,4.74,4.76,10943861
GRB,20160210,0.052,0.052,0.047,0.047,527501
GRF,20160210,1.26,1.26,1.26,1.26,790
GRR,20160210,0.087,0.087,0.087,0.087,2760
GRY,20160210,0.066,0.066,0.06,0.062,652586
GSC,20160210,0.007,0.007,0.007,0.007,1089058
GTE,20160210,0.011,0.011,0.011,0.011,450050
GTG,20160210,0.02,0.02,0.019,0.019,1909951
GTK,20160210,2.19,2.19,2.08,2.12,72665
GTY,20160210,2.82,2.82,2.705,2.8,427359
GUD,20160210,6.52,6.56,6.42,6.45,712218
GVF,20160210,1,1.01,1,1.01,62497
GWA,20160210,1.91,1.91,1.8,1.83,541702
GXL,20160210,6.3,6.34,6.21,6.26,478330
GXY,20160210,0.145,0.15,0.135,0.14,5675959
HAS,20160210,0.066,0.066,0.066,0.066,1000
HAV,20160210,0.29,0.29,0.285,0.285,107000
HAZ,20160210,0.001,0.001,0.001,0.001,500000
HCH,20160210,0.07,0.07,0.069,0.069,52200
HCT,20160210,0.14,0.14,0.13,0.13,131139
HEG,20160210,0.002,0.002,0.002,0.002,300000
HFA,20160210,2.33,2.34,2.24,2.32,340434
HFR,20160210,1.83,1.9,1.815,1.86,489502
HGG,20160210,4.89,4.92,4.86,4.89,8031655
HGL,20160210,0.029,0.029,0.029,0.029,150000
HGO,20160210,0.13,0.13,0.125,0.125,5302
HHL,20160210,2.8,2.8,2.75,2.75,33800
HHV,20160210,1.09,1.09,1.08,1.08,61568
HIG,20160210,0.054,0.055,0.054,0.055,142722
HIL,20160210,0.235,0.24,0.225,0.24,98326
HJB,20160210,0.014,0.014,0.014,0.014,400000
HLO,20160210,2.31,2.31,2.3,2.3,1680
HLX,20160210,0.031,0.031,0.031,0.031,20000
HML,20160210,1.1,1.1,1.1,1.1,3300
HNG,20160210,0.455,0.455,0.455,0.455,21173
HNR,20160210,0.003,0.003,0.002,0.002,3750000
HOM,20160210,0.45,0.45,0.45,0.45,2000
HPI,20160210,2.6,2.6,2.5,2.5,65370
HSK,20160210,0.03,0.03,0.03,0.03,84000
HSN,20160210,3.15,3.27,3.12,3.25,518273
HSO,20160210,2.19,2.19,2.12,2.17,10642553
HTA,20160210,0.08,0.083,0.08,0.082,65000
HUB,20160210,3.89,3.89,3.66,3.7,746944
HUO,20160210,4,4,3.9,3.9,18169
HVN,20160210,4.36,4.41,4.3,4.37,5258496
HXG,20160210,0.069,0.072,0.066,0.07,207500
HZN,20160210,0.071,0.071,0.069,0.069,1516685
HZR,20160210,0.27,0.27,0.255,0.26,358063
IAA,20160210,53,53.18,52.66,52.67,4131
IAB,20160210,1.14,1.14,1.14,1.14,305
IAF,20160210,107.5,107.74,106.57,107.62,8012
IAG,20160210,5.25,5.27,5.01,5.07,6246603
IAU,20160210,0.12,0.125,0.117,0.12,1228047
IBC,20160210,0.465,0.465,0.46,0.46,45000
IBG,20160210,0.039,0.039,0.039,0.039,581660
IBK,20160210,35.18,35.5,35.11,35.31,1245
ICG,20160210,0.005,0.005,0.004,0.004,2000000
ICI,20160210,0.2,0.215,0.2,0.215,181837
ICN,20160210,0.029,0.029,0.029,0.029,312207
ICQ,20160210,0.87,0.905,0.805,0.845,452838
ICS,20160210,1.64,1.64,1.62,1.62,5569
IDO,20160210,0.01,0.01,0.008,0.008,14000
IDR,20160210,2.05,2.05,2.03,2.03,124090
IDT,20160210,0.32,0.32,0.29,0.29,319262
IDX,20160210,1.45,1.46,1.4,1.41,39317
IDZ,20160210,0.38,0.38,0.38,0.38,83627
IEL,20160210,3.59,3.61,3.43,3.5,283533
IEM,20160210,41.76,41.76,41.12,41.31,15740
IEU,20160210,50.95,50.98,50.34,50.36,28858
IFL,20160210,7.75,7.77,7.41,7.46,1128064
IFM,20160210,0.75,0.75,0.72,0.72,502157
IFN,20160210,0.47,0.47,0.445,0.46,1333921
IGB,20160210,104.17,104.93,104.1,104.93,1230
IGL,20160210,2,2,1.985,2,170500
IGO,20160210,2.62,2.66,2.535,2.63,3771891
IGS,20160210,0.002,0.002,0.002,0.002,118651
IHD,20160210,12.3,12.31,11.97,12.13,70370
IHK,20160210,24,24,23.83,23.83,1125
IJH,20160210,177.15,177.77,177.15,177.27,939
IJP,20160210,15.24,15.25,14.7,14.7,43526
IJR,20160210,139.45,139.49,138.56,139.05,3068
IKO,20160210,66.09,66.09,65.99,66.01,178
IKW,20160210,0.003,0.003,0.003,0.003,5000000
ILB,20160210,115,115.01,114.57,114.57,244
ILC,20160210,20.43,20.6,19.84,20.14,33766
ILU,20160210,6.44,6.46,6.28,6.41,2113009
IMA,20160210,0.062,0.062,0.06,0.06,384565
IMC,20160210,0.41,0.41,0.41,0.41,1250
IMD,20160210,0.19,0.19,0.185,0.185,51950
IMF,20160210,1.057,1.07,1.04,1.05,253522
IMU,20160210,0.01,0.01,0.01,0.01,10146420
INA,20160210,2.75,2.77,2.65,2.65,68475
IOF,20160210,3.91,3.94,3.82,3.84,2731642
IOO,20160210,93.45,93.97,93,93.24,25551
IOZ,20160210,20.25,20.25,19.65,19.93,133585
IPD,20160210,0.935,0.935,0.85,0.9,1076156
IPE,20160210,0.265,0.265,0.265,0.265,4000
IPH,20160210,7.87,8.11,7.75,7.93,845775
IPL,20160210,2.85,2.9,2.8,2.86,5496993
IPT,20160210,0.029,0.03,0.028,0.028,245000
IQE,20160210,0.29,0.3,0.26,0.27,476372
IRC,20160210,0.06,0.06,0.058,0.058,188310
IRD,20160210,0.08,0.08,0.08,0.08,9168
IRE,20160210,9.15,9.15,8.78,8.93,393648
IRI,20160210,1.98,2.01,1.91,1.91,87334
IRU,20160210,135.56,136.12,135.29,135.29,1397
ISD,20160210,4,4.125,3.98,4.05,1511155
ISG,20160210,13.14,13.24,13.14,13.24,62
ISO,20160210,3.57,3.57,3.51,3.54,15809
ISU,20160210,0.865,0.88,0.86,0.865,750931
ISX,20160210,0.265,0.28,0.24,0.26,4889961
ITD,20160210,0.19,0.19,0.19,0.19,33595
ITQ,20160210,3.2,3.2,2.99,3.08,15656
ITW,20160210,17.22,17.22,17.05,17.05,331
IVC,20160210,10.8,10.8,10.47,10.55,675250
IVE,20160210,74.3,74.35,73.31,73.41,13750
IVO,20160210,0.061,0.061,0.055,0.055,555773
IVQ,20160210,0.08,0.08,0.08,0.08,8978
IVR,20160210,0.012,0.013,0.012,0.012,1398809
IVV,20160210,263.66,264.98,263.1,263.45,26718
IVX,20160210,0.004,0.004,0.004,0.004,300000
IXI,20160210,129.27,130.28,128.98,128.98,1998
IXJ,20160210,129,129.3,128.47,128.7,8594
IXP,20160210,82.76,82.76,81.62,81.74,6470
IXR,20160210,0.004,0.004,0.004,0.004,291562
IZZ,20160210,41.04,41.11,40.69,40.75,3199
JBH,20160210,22,22.33,21.18,21.41,1735070
JHC,20160210,2.8,2.81,2.73,2.77,937002
JHL,20160210,0.24,0.25,0.24,0.25,113250
JHX,20160210,16.21,16.5,15.5,15.81,2500381
JIN,20160210,1.005,1.005,1,1,42633
JKA,20160210,0.004,0.004,0.004,0.004,32436
JKL,20160210,0.245,0.26,0.24,0.26,422647
KAM,20160210,0.59,0.59,0.47,0.47,308862
KAR,20160210,1.58,1.58,1.5,1.52,1034957
KAS,20160210,0.017,0.017,0.015,0.015,1035904
KBC,20160210,0.165,0.165,0.165,0.165,59000
KBL,20160210,0.032,0.035,0.028,0.03,4245754
KBU,20160210,0.135,0.145,0.125,0.145,232900
KCN,20160210,0.31,0.325,0.29,0.32,1970405
KDL,20160210,0.096,0.096,0.096,0.096,35000
KDR,20160210,0.11,0.11,0.11,0.11,85454
KEY,20160210,0.003,0.003,0.003,0.003,2761697
KFE,20160210,0.019,0.019,0.019,0.019,100000
KGD,20160210,0.032,0.032,0.029,0.029,568965
KII,20160210,2.24,2.25,2.22,2.25,25981
KIK,20160210,0.003,0.003,0.003,0.003,165095
KIN,20160210,0.084,0.084,0.084,0.084,55000
KKL,20160210,0.004,0.005,0.004,0.005,922000
KKO,20160210,0.031,0.031,0.03,0.03,134934
KLO,20160210,0.255,0.26,0.255,0.26,75000
KMD,20160210,1.41,1.44,1.37,1.37,155387
KME,20160210,0.41,0.41,0.38,0.38,30567
KNL,20160210,0.18,0.18,0.17,0.17,426913
KNM,20160210,0.014,0.014,0.013,0.014,451797
KNO,20160210,0.28,0.28,0.275,0.275,50000
KOR,20160210,0.038,0.038,0.038,0.038,10001
KOV,20160210,2.1,2.15,2.1,2.15,42638
KRM,20160210,0.21,0.215,0.205,0.205,112698
KSN,20160210,0.005,0.005,0.005,0.005,500000
KTA,20160210,0.15,0.15,0.15,0.15,70000
LAA,20160210,0.27,0.275,0.265,0.27,277463
LAU,20160210,0.455,0.455,0.45,0.455,103542
LCD,20160210,0.04,0.04,0.04,0.04,50000
LCK,20160210,0.35,0.355,0.35,0.355,23365
LCM,20160210,0.55,0.56,0.55,0.56,22566
LCR,20160210,0.003,0.003,0.003,0.003,86666
LCT,20160210,0.056,0.057,0.056,0.057,110786
LCY,20160210,0.003,0.003,0.003,0.003,440000
LEG,20160210,0.009,0.009,0.009,0.009,4160003
LEP,20160210,3.8,3.85,3.74,3.74,114192
LER,20160210,0.12,0.12,0.115,0.115,250000
LGD,20160210,0.225,0.225,0.215,0.215,124100
LHC,20160210,2.48,2.5,2.36,2.36,66628
LHM,20160210,0.054,0.06,0.054,0.06,30002
LIC,20160210,2.49,2.49,2.4,2.48,60972
LIT,20160210,0.145,0.145,0.13,0.13,2160365
LLC,20160210,11.8,11.83,11.59,11.75,3649362
LLO,20160210,0.36,0.36,0.36,0.36,1053
LMW,20160210,0.515,0.515,0.51,0.51,40000
LNG,20160210,0.58,0.58,0.537,0.54,3625102
LNK,20160210,7.44,7.555,7.2,7.23,969779
LNR,20160210,3.51,3.51,3.16,3.16,826
LOV,20160210,2.1,2.17,2.08,2.1,207087
LPE,20160210,0.03,0.03,0.029,0.03,11505125
LSN,20160210,0.04,0.04,0.04,0.04,385000
LSR,20160210,0.025,0.027,0.025,0.027,450000
LSX,20160210,0.26,0.26,0.26,0.26,10000
LTN,20160210,0.09,0.09,0.09,0.09,10000
LTR,20160210,0.016,0.016,0.015,0.015,4700000
LTX,20160210,0.041,0.043,0.035,0.035,1865315
LVT,20160210,0.235,0.235,0.195,0.22,712178
LWP,20160210,0.005,0.006,0.005,0.006,1958487
LYC,20160210,0.077,0.077,0.069,0.071,26782033
MAD,20160210,0.055,0.055,0.054,0.054,182930
MAH,20160210,0.093,0.093,0.09,0.09,709490
MAI,20160210,0.6,0.6,0.6,0.6,20000
MAT,20160210,0.14,0.14,0.14,0.14,12493
MAU,20160210,0.05,0.05,0.05,0.05,844
MBE,20160210,0.3,0.3,0.265,0.275,3954092
MCE,20160210,0.43,0.45,0.43,0.43,19645
MCP,20160210,0.7,0.7,0.665,0.69,88853
MCR,20160210,0.125,0.125,0.12,0.12,448380
MCS,20160210,0.057,0.058,0.057,0.057,530526
MCT,20160210,0.05,0.051,0.049,0.049,2588678
MDC,20160210,0.2,0.21,0.2,0.2,283381
MDL,20160210,0.205,0.205,0.2,0.2,93458
MDR,20160210,0.037,0.037,0.036,0.036,100000
MEA,20160210,1.55,1.55,1.45,1.5,891370
MEB,20160210,0.24,0.24,0.22,0.24,170089
MEI,20160210,0.026,0.028,0.023,0.027,6394191
MEL,20160210,0.059,0.06,0.059,0.06,2328845
MEO,20160210,0.01,0.01,0.01,0.01,500000
MEU,20160210,0.023,0.023,0.023,0.023,51607
MEY,20160210,0.1,0.125,0.1,0.125,41258
MEZ,20160210,2.2,2.2,2.2,2.2,24698
MFF,20160210,1.82,1.825,1.775,1.815,345542
MFG,20160210,20.77,20.97,19.72,19.98,970359
MGC,20160210,2.12,2.12,2,2.01,820920
MGE,20160210,2.45,2.46,2.43,2.46,615837
MGL,20160210,0.02,0.02,0.02,0.02,1280
MGR,20160210,1.865,1.865,1.792,1.8,27034875
MGT,20160210,0.028,0.028,0.025,0.025,91327
MGX,20160210,0.175,0.18,0.175,0.175,253021
MGY,20160210,0.095,0.099,0.085,0.088,1767484
MHG,20160210,2.2,2.22,2.2,2.22,54900
MHM,20160210,0.028,0.028,0.028,0.028,20000
MIG,20160210,0.755,0.755,0.73,0.73,35000
MIL,20160210,2.2,2.2,2.2,2.2,20000
MIN,20160210,4.13,4.24,3.92,4.01,737651
MIR,20160210,2.54,2.54,2.5,2.5,29378
MJP,20160210,0.58,0.61,0.55,0.61,75588
MKO,20160210,0.041,0.041,0.04,0.041,1611000
MLB,20160210,1.945,1.945,1.855,1.9,434394
MLD,20160210,0.815,0.815,0.795,0.815,492385
MLM,20160210,0.05,0.05,0.049,0.049,34500
MLT,20160210,4.4,4.4,4.34,4.39,256157
MLX,20160210,0.97,0.975,0.92,0.94,1065615
MMI,20160210,0.064,0.064,0.064,0.064,48370
MMJ,20160210,0.29,0.3,0.28,0.295,678341
MML,20160210,0.51,0.53,0.495,0.495,2213005
MMS,20160210,11.1,11.2,10.91,11.05,539763
MNB,20160210,0.002,0.002,0.002,0.002,1264120
MNC,20160210,0.003,0.003,0.003,0.003,512750
MND,20160210,5.98,6.03,5.83,5.85,287333
MNF,20160210,3.26,3.26,3.2,3.26,26995
MNM,20160210,0.015,0.015,0.015,0.015,53800
MNQ,20160210,0.009,0.009,0.009,0.009,1445735
MNW,20160210,0.079,0.079,0.077,0.077,255629
MNY,20160210,1.03,1.03,0.935,1,200971
MOC,20160210,1.71,1.797,1.71,1.715,59301
MOD,20160210,0.004,0.004,0.004,0.004,1044604
MOT,20160210,0.001,0.001,0.001,0.001,500000
MOX,20160210,0.008,0.008,0.008,0.008,339751
MOY,20160210,0.071,0.072,0.063,0.065,7461398
MOZ,20160210,0.04,0.04,0.039,0.04,1215551
MP1,20160210,3.32,3.32,3.05,3.2,152486
MPJ,20160210,0.005,0.005,0.004,0.004,44434661
MPL,20160210,2.42,2.44,2.36,2.42,14496611
MPO,20160210,0.125,0.125,0.125,0.125,101000
MQA,20160210,4.3,4.32,4.17,4.27,1166922
MQG,20160210,61.1,62.55,58.7,59.93,2648816
MRD,20160210,0.007,0.007,0.007,0.007,2529270
MRM,20160210,0.3,0.3,0.275,0.3,746560
MRV,20160210,0.004,0.004,0.004,0.004,3700000
MSB,20160210,1.345,1.345,1.19,1.2,1120113
MSG,20160210,0.06,0.06,0.055,0.055,2604005
MSM,20160210,0.085,0.085,0.084,0.085,414761
MSR,20160210,0.003,0.003,0.003,0.003,350000
MSV,20160210,0.02,0.02,0.02,0.02,365165
MTA,20160210,0.045,0.047,0.044,0.044,667011
MTH,20160210,0.006,0.007,0.005,0.005,8151976
MTM,20160210,0.28,0.28,0.275,0.28,307000
MTR,20160210,4.25,4.26,4.07,4.07,1454130
MTS,20160210,1.725,1.725,1.6,1.62,6968630
MUA,20160210,0.99,0.99,0.97,0.97,59168
MUM,20160210,0.005,0.005,0.005,0.005,8900000
MUS,20160210,0.095,0.095,0.09,0.095,89015
MVA,20160210,18.46,18.46,18.24,18.28,3928
MVB,20160210,22.81,22.81,21.72,22.09,1945
MVF,20160210,1.465,1.49,1.46,1.47,154657
MVP,20160210,3.91,4,3.885,4,232444
MVR,20160210,13.84,13.84,13.72,13.72,431
MVS,20160210,14.97,14.97,14.6,14.72,4723
MVW,20160210,19.81,19.81,19.48,19.72,23197
MX1,20160210,0.425,0.425,0.42,0.42,22923
MXI,20160210,0.465,0.465,0.465,0.465,13167
MYO,20160210,2.84,2.845,2.72,2.79,1370232
MYR,20160210,1.02,1.035,1.01,1.015,5608718
MYS,20160210,4.23,4.295,4.11,4.2,265269
MYT,20160210,2.49,2.49,2.46,2.49,23570
MYX,20160210,1.185,1.19,1.14,1.15,3523815
MZI,20160210,0.36,0.37,0.36,0.36,63578
MZM,20160210,0.215,0.22,0.19,0.19,37000
MZN,20160210,0.006,0.006,0.006,0.006,400000
NAB,20160210,25.23,25.25,23.82,24.42,8662634
NAC,20160210,0.98,0.98,0.98,0.98,2000
NAG,20160210,0.125,0.13,0.115,0.125,1145366
NAM,20160210,0.34,0.375,0.34,0.375,21000
NAN,20160210,1.84,1.875,1.825,1.875,381907
NBL,20160210,1.1,1.1,1.1,1.1,400
NCC,20160210,0.93,0.93,0.93,0.93,9890
NCK,20160210,4.38,4.42,4.37,4.39,160742
NCM,20160210,15.96,16.48,15.88,16.25,4728955
NDQ,20160210,9.73,9.77,9.69,9.71,42187
NEA,20160210,0.355,0.355,0.325,0.33,2275353
NEC,20160210,1.325,1.345,1.27,1.31,3317547
NEU,20160210,0.1,0.105,0.097,0.098,1920680
NGE,20160210,0.018,0.018,0.017,0.017,216000
NGY,20160210,0.03,0.03,0.03,0.03,103000
NHC,20160210,1.6,1.6,1.57,1.59,24388
NHF,20160210,3.3,3.34,3.23,3.3,413112
NIO,20160210,0.01,0.012,0.01,0.01,600000
NKP,20160210,0.065,0.065,0.065,0.065,5473
NMI,20160210,0.018,0.018,0.018,0.018,100000
NMT,20160210,0.205,0.215,0.2,0.215,2694064
NNW,20160210,0.09,0.094,0.09,0.093,74247
NOR,20160210,0.065,0.066,0.062,0.062,3534715
NPX,20160210,3.7,3.8,3.7,3.8,201512
NRT,20160210,0.105,0.107,0.1,0.105,1905419
NSL,20160210,0.008,0.008,0.007,0.007,1100000
NSP,20160210,0.01,0.01,0.01,0.01,200000
NSR,20160210,1.545,1.55,1.51,1.515,1741583
NST,20160210,3.51,3.58,3.41,3.52,7471642
NSX,20160210,0.19,0.19,0.19,0.19,5000
NTC,20160210,2.14,2.2,2.02,2.1,758208
NTU,20160210,0.061,0.061,0.06,0.06,152961
NUF,20160210,6.38,6.55,6.35,6.46,1843369
NVI,20160210,0.015,0.015,0.015,0.015,96666
NVL,20160210,1.3,1.3,1.29,1.29,19510
NVT,20160210,4.66,4.66,4.52,4.54,1315177
NWH,20160210,0.048,0.051,0.045,0.045,1543589
NWS,20160210,15.56,15.82,15.55,15.76,413844
NWZ,20160210,0.026,0.026,0.024,0.024,1144376
NXM,20160210,0.074,0.074,0.074,0.074,70000
NXT,20160210,2.33,2.35,2.29,2.29,410904
OBJ,20160210,0.057,0.059,0.057,0.058,598726
OCC,20160210,0.46,0.465,0.43,0.43,332797
OCL,20160210,1.75,1.75,1.75,1.75,3560
ODN,20160210,0.017,0.018,0.016,0.016,8585020
OEC,20160210,0.455,0.47,0.45,0.47,170031
OEL,20160210,0.019,0.019,0.018,0.019,1422168
OEX,20160210,0.01,0.01,0.01,0.01,1737
OFX,20160210,2.06,2.07,1.895,1.95,4014314
OGC,20160210,3.68,3.69,3.57,3.6,928163
OGX,20160210,0.165,0.165,0.165,0.165,16000
OGY,20160210,0.016,0.016,0.016,0.016,110000
OIL,20160210,0.023,0.023,0.021,0.021,280000
OKU,20160210,0.08,0.08,0.079,0.079,150000
OML,20160210,4.17,4.27,4.01,4.16,2142658
OMT,20160210,0.039,0.04,0.039,0.04,125000
ONT,20160210,7,7,6.8,7,6129
OOK,20160210,0.023,0.023,0.021,0.021,4981811
OOO,20160210,11.37,11.43,11.33,11.41,242096
OPG,20160210,0.47,0.47,0.47,0.47,510
OPT,20160210,0.33,0.36,0.33,0.36,2035226
ORA,20160210,2.2,2.21,2.14,2.16,9892706
ORE,20160210,2.61,2.66,2.56,2.58,783010
ORG,20160210,3.69,3.78,3.6,3.77,13950687
ORI,20160210,12.95,12.95,12.49,12.69,1321907
ORL,20160210,2.05,2.05,2.05,2.05,4445
ORN,20160210,0.011,0.011,0.01,0.01,400000
ORR,20160210,0.12,0.13,0.12,0.13,335326
OSH,20160210,6.49,6.63,6.38,6.58,8847356
OSL,20160210,0.195,0.195,0.18,0.19,6311958
OSP,20160210,0.295,0.295,0.295,0.295,6667
OTC,20160210,0.165,0.165,0.165,0.165,15000
OTH,20160210,0.72,0.725,0.7,0.71,277008
OVH,20160210,0.72,0.74,0.7,0.72,408347
OVL,20160210,0.006,0.006,0.006,0.006,17
OZF,20160210,17.74,17.74,16.98,17.26,6010
OZG,20160210,0.115,0.115,0.115,0.115,4500
OZL,20160210,4.44,4.46,4.065,4.2,2121595
OZR,20160210,5.57,5.57,5.51,5.53,8576
PAA,20160210,0.096,0.096,0.096,0.096,15000
PAB,20160210,0.009,0.009,0.008,0.008,300000
PAC,20160210,6.26,6.26,5.96,5.97,34777
PAF,20160210,0.86,0.86,0.835,0.835,125390
PAI,20160210,0.96,0.96,0.93,0.93,293554
PAN,20160210,0.083,0.083,0.081,0.081,353981
PBD,20160210,0.009,0.01,0.009,0.01,50000
PBG,20160210,0.755,0.755,0.72,0.74,3504252
PBP,20160210,0.46,0.46,0.46,0.46,99761
PBT,20160210,0.073,0.073,0.072,0.072,14894
PCL,20160210,0.004,0.004,0.004,0.004,1
PDN,20160210,0.195,0.2,0.18,0.185,5646854
PDZ,20160210,0.1,0.11,0.1,0.11,82830
PEA,20160210,0.38,0.38,0.38,0.38,2313
PEK,20160210,0.085,0.085,0.085,0.085,57800
PEN,20160210,0.83,0.83,0.79,0.79,102168
PEP,20160210,2.6,2.6,2.6,2.6,192
PEZ,20160210,0.05,0.051,0.05,0.05,650000
PFG,20160210,0.085,0.085,0.085,0.085,165000
PFL,20160210,1.1,1.1,1.09,1.1,37488
PGC,20160210,0.65,0.65,0.61,0.64,254392
PGF,20160210,0.885,0.89,0.85,0.88,532546
PGH,20160210,4.67,4.705,4.61,4.64,599876
PGI,20160210,0.069,0.069,0.067,0.067,74432
PGO,20160210,0.019,0.019,0.019,0.019,200000
PGR,20160210,0.64,0.64,0.64,0.64,9868
PHG,20160210,0.46,0.46,0.45,0.45,37623
PHK,20160210,0.032,0.032,0.031,0.031,200000
PIC,20160210,0.945,0.945,0.925,0.93,243712
PIL,20160210,0.018,0.018,0.017,0.017,670000
PIO,20160210,0.015,0.015,0.015,0.015,123687
PLP,20160210,0.007,0.008,0.007,0.008,13530727
PLS,20160210,0.355,0.365,0.34,0.35,5043050
PMC,20160210,1.62,1.657,1.58,1.59,263235
PME,20160210,2.89,2.92,2.67,2.87,349033
PML,20160210,0.04,0.041,0.039,0.041,152182
PMP,20160210,0.44,0.445,0.42,0.425,3977761
PMV,20160210,12.37,12.42,12.18,12.3,279712
PMY,20160210,0.011,0.012,0.009,0.009,4101775
PNC,20160210,1.79,1.79,1.77,1.77,10934
PNL,20160210,0.24,0.24,0.21,0.22,50070
PNR,20160210,0.084,0.084,0.082,0.082,767834
PNV,20160210,0.255,0.255,0.25,0.25,278215
PNX,20160210,0.011,0.011,0.011,0.011,19000
POH,20160210,0.009,0.009,0.009,0.009,200000
POP,20160210,0.03,0.03,0.03,0.03,600
POS,20160210,0.037,0.037,0.034,0.035,2148208
PPC,20160210,1.015,1.015,0.975,1.01,239282
PPL,20160210,0.44,0.44,0.44,0.44,50000
PPS,20160210,0.345,0.345,0.325,0.34,1349980
PPT,20160210,38.67,38.76,37.9,38.6,140806
PRG,20160210,1.02,1.03,0.99,1,3640207
PRO,20160210,1.91,1.91,1.75,1.75,149711
PRR,20160210,0.043,0.043,0.041,0.042,870755
PRT,20160210,0.45,0.455,0.44,0.45,155017
PRU,20160210,0.305,0.31,0.29,0.295,2969956
PRY,20160210,2.31,2.32,2.18,2.3,3487226
PSA,20160210,0.085,0.085,0.085,0.085,49000
PSF,20160210,0.015,0.015,0.011,0.012,16304283
PSI,20160210,1.63,1.68,1.63,1.64,21617
PSM,20160210,0.019,0.021,0.019,0.021,511427
PSQ,20160210,1.8,1.8,1.705,1.75,5437
PSY,20160210,0.115,0.115,0.11,0.115,736739
PSZ,20160210,0.9,0.9,0.865,0.885,81564
PTB,20160210,0.395,0.405,0.395,0.405,21000
PTL,20160210,0.66,0.66,0.655,0.655,48807
PTM,20160210,6.1,6.1,5.84,5.96,1700713
PTX,20160210,0.094,0.097,0.094,0.095,128000
PVA,20160210,4.7,4.7,4.7,4.7,626
PVD,20160210,0.031,0.031,0.03,0.03,45000
PWH,20160210,2.55,2.58,2.41,2.48,126050
PWN,20160210,0.042,0.045,0.042,0.045,176501
PXS,20160210,0.272,0.275,0.27,0.27,170211
PYM,20160210,0.005,0.005,0.005,0.005,3000000
QAN,20160210,3.84,3.85,3.73,3.75,13969463
QAU,20160210,12.53,12.57,12.49,12.56,234837
QBE,20160210,9.9,9.91,9.5,9.67,9699631
QBL,20160210,0.008,0.008,0.007,0.007,3150000
QCB,20160210,8.52,8.52,8.52,8.52,176
QFN,20160210,9.75,9.75,9.4,9.42,9548
QHL,20160210,0.13,0.135,0.13,0.13,300111
QMS,20160210,1.185,1.185,1.115,1.17,964372
QOZ,20160210,10.44,10.44,10.13,10.25,54651
QRE,20160210,3.05,3.05,3.05,3.05,8020
QTM,20160210,0.035,0.035,0.035,0.035,40000
QUB,20160210,2.15,2.18,2.06,2.06,4393682
QUR,20160210,0.065,0.075,0.065,0.067,3226073
QVE,20160210,1,1.01,0.995,1.005,125039
RAD,20160210,0.041,0.041,0.039,0.039,220334
RAP,20160210,0.135,0.135,0.125,0.13,3942216
RCB,20160210,20.35,20.36,20.32,20.32,4029
RCE,20160210,0.415,0.415,0.4,0.4,20458
RCG,20160210,1.53,1.55,1.43,1.505,915360
RCR,20160210,1.6,1.61,1.58,1.585,113155
RCT,20160210,3.55,3.55,3.55,3.55,62
RDF,20160210,0.22,0.22,0.22,0.22,2500
RDH,20160210,0.82,0.82,0.8,0.8,37036
RDV,20160210,25.81,25.81,24.97,25.15,6357
REA,20160210,48.55,49.85,48.55,48.67,908562
REC,20160210,6.47,6.47,6.31,6.39,1064596
RED,20160210,0.068,0.071,0.068,0.068,2621866
REF,20160210,0.13,0.13,0.13,0.13,100000
REG,20160210,5.56,5.6,5.42,5.43,577084
REH,20160210,32,32.75,32,32.75,8654
RES,20160210,0.045,0.045,0.038,0.038,212201
REV,20160210,0.14,0.14,0.14,0.14,35714
REX,20160210,0.87,0.87,0.85,0.85,1935
RFF,20160210,1.31,1.31,1.19,1.3,604264
RFG,20160210,4.34,4.35,4.15,4.2,495252
RFL,20160210,0.135,0.135,0.135,0.135,10195000
RFN,20160210,0.56,0.57,0.53,0.57,288854
RFT,20160210,0.006,0.006,0.006,0.006,410457
RFX,20160210,0.24,0.25,0.24,0.245,1517645
RGB,20160210,21.53,21.53,21.53,21.53,2400
RGS,20160210,0.082,0.082,0.08,0.08,162250
RHC,20160210,56.76,57.01,55.84,56.09,650957
RHL,20160210,3.26,3.36,3.26,3.3,15574
RHP,20160210,1.205,1.22,1.19,1.19,72550
RHS,20160210,0.09,0.09,0.09,0.09,5600
RHT,20160210,0.021,0.021,0.021,0.021,21219
RIC,20160210,1.37,1.37,1.28,1.3,564525
RIM,20160210,0.015,0.015,0.015,0.015,1091000
RIO,20160210,41.33,41.68,40.85,41.51,2606204
RKN,20160210,1.95,1.95,1.935,1.935,80836
RLE,20160210,0.075,0.075,0.071,0.072,40966
RMD,20160210,8.08,8.08,7.96,8.03,3508407
RMP,20160210,0.018,0.018,0.018,0.018,49119
RMR,20160210,0.002,0.002,0.002,0.002,3235919
RMS,20160210,0.355,0.365,0.355,0.36,3140304
RNI,20160210,0.015,0.015,0.014,0.014,1393916
RNO,20160210,0.025,0.025,0.025,0.025,855409
RNS,20160210,0.032,0.032,0.03,0.03,698426
RNT,20160210,0.205,0.205,0.19,0.19,559981
RNU,20160210,0.016,0.016,0.014,0.015,6951602
RNY,20160210,0.23,0.23,0.22,0.22,100000
RRL,20160210,2.75,2.81,2.695,2.79,4892781
RRS,20160210,0.004,0.004,0.004,0.004,300000
RSG,20160210,0.4,0.43,0.4,0.41,4253413
RSH,20160210,0.04,0.04,0.04,0.04,35000
RSM,20160210,20.85,20.85,20.79,20.79,7273
RTG,20160210,0.34,0.34,0.335,0.335,31562
RTR,20160210,0.014,0.014,0.014,0.014,68868
RUL,20160210,0.425,0.43,0.425,0.43,15300
RVA,20160210,1.14,1.145,1.07,1.14,181440
RVY,20160210,0.022,0.023,0.022,0.022,303964
RWH,20160210,1.08,1.1,1.08,1.1,152767
RXH,20160210,0.145,0.145,0.145,0.145,5000
RXL,20160210,0.009,0.009,0.009,0.009,1724732
RXM,20160210,0.051,0.051,0.047,0.051,124691
RXP,20160210,0.59,0.59,0.58,0.58,432004
RYG,20160210,0.033,0.035,0.03,0.032,24563230
S2R,20160210,0.125,0.13,0.12,0.13,62308
S32,20160210,1.14,1.15,1.095,1.14,25293307
SAI,20160210,3.87,3.89,3.8,3.85,589339
SAR,20160210,0.85,0.9,0.84,0.885,4526414
SAU,20160210,0.33,0.33,0.3,0.3,263617
SBB,20160210,0.027,0.031,0.027,0.031,442476
SBM,20160210,1.71,1.815,1.69,1.76,4336342
SCG,20160210,4.35,4.39,4.31,4.35,16863903
SCI,20160210,0.017,0.017,0.017,0.017,2138
SCP,20160210,2.11,2.12,2.08,2.11,2014216
SCU,20160210,0.05,0.05,0.05,0.05,18000
SDA,20160210,4.7,4.71,4.41,4.65,376944
SDF,20160210,1.445,1.46,1.407,1.43,2181852
SDG,20160210,1.56,1.57,1.515,1.56,96405
SDI,20160210,0.57,0.58,0.57,0.57,66600
SDL,20160210,0.004,0.004,0.004,0.004,2707610
SDM,20160210,1.08,1.08,1.07,1.07,300168
SEA,20160210,0.071,0.071,0.062,0.063,6875353
SEH,20160210,0.036,0.038,0.035,0.036,12182629
SEK,20160210,12.86,12.89,12.39,12.55,1511046
SEN,20160210,0.115,0.12,0.11,0.11,2369961
SEQ,20160210,0.002,0.002,0.002,0.002,4000000
SER,20160210,0.017,0.017,0.017,0.017,113700
SFG,20160210,0.084,0.085,0.082,0.083,829060
SFH,20160210,0.52,0.52,0.52,0.52,10927
SFI,20160210,0.044,0.044,0.043,0.043,641887
SFR,20160210,5.51,5.56,5.42,5.51,775280
SFX,20160210,0.3,0.33,0.3,0.33,46500
SFY,20160210,46.48,46.48,45,45.6,85505
SGF,20160210,3.51,3.51,3.19,3.28,1381890
SGH,20160210,0.605,0.61,0.575,0.59,2069202
SGM,20160210,7.11,7.11,6.85,6.97,761198
SGN,20160210,0.757,0.762,0.755,0.76,680924
SGP,20160210,4.06,4.09,3.945,3.95,13287426
SGQ,20160210,0.095,0.105,0.09,0.09,1037483
SGR,20160210,5.2,5.225,5.1,5.15,3819401
SGU,20160210,0.15,0.15,0.145,0.145,40000
SGZ,20160210,0.008,0.008,0.008,0.008,90000
SHJ,20160210,0.63,0.63,0.565,0.585,1443038
SHL,20160210,17.56,17.57,17.05,17.18,1905166
SHM,20160210,0.9,0.91,0.9,0.9,69720
SHV,20160210,4.89,4.89,4.64,4.81,505933
SIO,20160210,0.375,0.375,0.35,0.35,26000
SIP,20160210,0.74,0.747,0.72,0.735,1484901
SIQ,20160210,3.98,4.05,3.71,3.95,1308021
SIV,20160210,8.34,8.34,8.01,8.01,9602
SKB,20160210,0.41,0.41,0.41,0.41,8000
SKC,20160210,4.12,4.18,4.1,4.15,1043571
SKF,20160210,0.13,0.13,0.13,0.13,16199
SKI,20160210,1.91,1.93,1.88,1.9,4155701
SKT,20160210,4.08,4.17,4.08,4.14,425294
SLC,20160210,1.95,1.99,1.9,1.99,211985
SLF,20160210,11.92,11.92,11.66,11.78,54713
SLK,20160210,3.89,3.94,3.7,3.77,110067
SLM,20160210,0.65,0.65,0.65,0.65,2790
SLR,20160210,0.255,0.26,0.24,0.245,4129516
SLX,20160210,0.345,0.355,0.34,0.34,105643
SMA,20160210,0.041,0.046,0.041,0.046,6893687
SMD,20160210,0.005,0.005,0.005,0.005,100000
SMI,20160210,0.01,0.01,0.009,0.009,694607
SMN,20160210,1.595,1.595,1.535,1.55,316380
SMR,20160210,0.155,0.155,0.145,0.145,55000
SMX,20160210,2.32,2.37,2.31,2.33,105101
SNC,20160210,0.82,0.835,0.82,0.835,41329
SND,20160210,0.57,0.57,0.55,0.56,219500
SNL,20160210,1.88,1.88,1.88,1.88,2807
SNZ,20160210,3.7,3.7,3.7,3.7,10000
SO4,20160210,0.22,0.22,0.22,0.22,28451
SOC,20160210,0.003,0.003,0.003,0.003,539000
SOI,20160210,0.03,0.031,0.03,0.031,35721
SOL,20160210,16.19,16.415,15.75,15.9,72697
SOM,20160210,2.55,2.57,2.55,2.57,19025
SOR,20160210,0.13,0.13,0.125,0.125,172915
SPK,20160210,3.13,3.135,3.03,3.03,819418
SPL,20160210,0.6,0.6,0.58,0.6,289014
SPO,20160210,0.935,0.945,0.892,0.91,6804619
SPX,20160210,0.004,0.004,0.004,0.004,1150000
SPY,20160210,262.56,262.71,262.56,262.71,3
SPZ,20160210,0.26,0.26,0.24,0.24,432707
SRF,20160210,1.65,1.66,1.59,1.64,382983
SRI,20160210,0.029,0.029,0.029,0.029,141000
SRO,20160210,0.036,0.036,0.035,0.035,118854
SRS,20160210,0.026,0.026,0.026,0.026,104026
SRT,20160210,0.019,0.02,0.019,0.02,3502194
SRV,20160210,7.23,7.23,7.1,7.14,15063
SRX,20160210,34.55,34.7,33.44,33.49,290958
SRZ,20160210,0.015,0.015,0.015,0.015,150000
SSM,20160210,0.47,0.47,0.45,0.46,170232
SSO,20160210,10.51,10.51,10.46,10.46,381
STA,20160210,0.006,0.006,0.005,0.005,2720000
STL,20160210,0.039,0.039,0.037,0.038,379641
STO,20160210,2.96,3.02,2.8,2.98,12599525
STS,20160210,0.74,0.74,0.735,0.735,52300
STW,20160210,45.26,45.26,43.89,44.55,220578
STX,20160210,0.115,0.115,0.11,0.11,188256
SUD,20160210,0.027,0.027,0.023,0.025,1223729
SUL,20160210,9.69,9.73,9.45,9.63,738540
SUM,20160210,0.043,0.052,0.043,0.05,234570
SUN,20160210,10.86,10.89,10.52,10.7,5108989
SVA,20160210,0.125,0.125,0.125,0.125,89529
SVL,20160210,0.002,0.002,0.001,0.001,7122388
SVW,20160210,4.28,4.34,4.03,4.16,413767
SVY,20160210,0.105,0.105,0.105,0.105,10000
SWE,20160210,0.037,0.04,0.037,0.04,37001
SWJ,20160210,0.011,0.012,0.011,0.012,522455
SWK,20160210,0.12,0.125,0.12,0.125,35002
SWL,20160210,0.86,0.86,0.82,0.82,34006
SWM,20160210,0.785,0.785,0.735,0.76,2961861
SWR,20160210,0.034,0.034,0.034,0.034,25000
SXE,20160210,0.35,0.35,0.35,0.35,50000
SXL,20160210,1.125,1.127,1.055,1.07,1942022
SXY,20160210,0.145,0.145,0.135,0.145,4041962
SYD,20160210,6.47,6.51,6.365,6.43,7001289
SYI,20160210,23.79,23.84,23.5,23.79,47771
SYR,20160210,3.84,3.84,3.73,3.77,763851
TAG,20160210,0.045,0.045,0.045,0.045,50000
TAH,20160210,4.15,4.16,4.075,4.13,3888903
TAM,20160210,0.054,0.054,0.051,0.052,740980
TAP,20160210,0.097,0.098,0.094,0.094,174080
TAS,20160210,0.049,0.049,0.048,0.048,180000
TAW,20160210,0.002,0.002,0.002,0.002,600000
TBH,20160210,0.2,0.2,0.2,0.2,50000
TBR,20160210,3.6,3.6,3.51,3.51,819
TCH,20160210,2.6,2.64,2.54,2.58,47460
TCL,20160210,10.82,10.83,10.62,10.75,4671841
TCN,20160210,0.084,0.084,0.084,0.084,20000
TDL,20160210,0.265,0.265,0.26,0.26,24000
TEN,20160210,1.005,1.005,0.95,0.95,581629
TEX,20160210,0.002,0.002,0.002,0.002,258822
TFC,20160210,1.19,1.22,1.18,1.205,2343757
TFG,20160210,0.35,0.35,0.35,0.35,30000
TFL,20160210,0.31,0.31,0.27,0.28,94905
TGA,20160210,1.81,1.81,1.76,1.76,432592
TGG,20160210,1.1,1.1,1.065,1.09,370601
TGN,20160210,0.038,0.038,0.038,0.038,400000
TGP,20160210,0.955,0.955,0.94,0.94,181351
TGR,20160210,4.21,4.37,4.1,4.24,787132
TGS,20160210,0.047,0.047,0.045,0.045,600297
TGZ,20160210,0.475,0.48,0.465,0.47,111250
THX,20160210,0.058,0.058,0.052,0.052,199853
TIX,20160210,2.43,2.47,2.4,2.42,264871
TLG,20160210,0.28,0.28,0.27,0.27,87308
TLM,20160210,0.435,0.44,0.435,0.44,95000
TLS,20160210,5.55,5.57,5.37,5.43,42466778
TME,20160210,3.65,3.68,3.58,3.61,664412
TMK,20160210,0.003,0.003,0.003,0.003,1000000
TMP,20160210,0.665,0.675,0.655,0.67,259128
TMX,20160210,0.007,0.008,0.006,0.006,9299612
TND,20160210,0.072,0.086,0.071,0.081,34406517
TNE,20160210,4.31,4.39,4.3,4.32,1693593
TNG,20160210,0.14,0.145,0.135,0.135,673284
TNK,20160210,0.915,0.915,0.91,0.91,31265
TNP,20160210,0.01,0.01,0.01,0.01,700000
TNR,20160210,0.235,0.235,0.22,0.23,182453
TOE,20160210,0.06,0.061,0.059,0.059,520457
TOF,20160210,2,2.01,2,2,78848
TON,20160210,0.077,0.077,0.073,0.074,688986
TOP,20160210,0.545,0.55,0.535,0.54,117587
TOX,20160210,2.28,2.295,2.23,2.26,124258
TPD,20160210,0.009,0.009,0.009,0.009,48726
TPE,20160210,3.45,3.55,3.45,3.45,16476
TPM,20160210,10,10.02,9.52,9.76,1680582
TPP,20160210,0.13,0.13,0.13,0.13,47771
TPR,20160210,0.075,0.077,0.075,0.077,419000
TPS,20160210,0.037,0.037,0.035,0.035,227368
TRL,20160210,0.066,0.066,0.059,0.06,1280524
TRM,20160210,0.03,0.03,0.03,0.03,20000
TRS,20160210,9.98,10.07,9.8,9.91,198899
TRY,20160210,0.29,0.29,0.265,0.28,3186476
TSM,20160210,0.465,0.47,0.46,0.46,180218
TSN,20160210,0.025,0.026,0.021,0.022,10106410
TSV,20160210,0.039,0.039,0.035,0.037,2013522
TTC,20160210,0.59,0.6,0.59,0.6,40950
TTS,20160210,3.93,3.95,3.83,3.9,4164709
TV2,20160210,0.018,0.018,0.016,0.017,7978451
TWE,20160210,8.57,8.61,8.3,8.52,2193228
TWH,20160210,0.006,0.006,0.006,0.006,1808116
TWR,20160210,1.62,1.625,1.62,1.625,1511
TYK,20160210,0.007,0.007,0.006,0.007,299997
TYX,20160210,0.025,0.025,0.024,0.024,770000
TZL,20160210,0.07,0.07,0.07,0.07,165000
TZN,20160210,0.11,0.11,0.1,0.1,686300
UBA,20160210,15.67,15.67,15.67,15.67,2
UBE,20160210,17.88,17.88,17.88,17.88,700
UBI,20160210,0.38,0.38,0.36,0.375,335012
UBJ,20160210,18.58,18.58,18.26,18.26,542
UBN,20160210,0.62,0.64,0.6,0.63,159272
UGL,20160210,2.13,2.19,2.09,2.17,302955
UIL,20160210,0.035,0.035,0.03,0.03,423092
UML,20160210,0.027,0.028,0.027,0.028,35266321
UNS,20160210,0.24,0.25,0.22,0.22,2819462
UNV,20160210,0.19,0.19,0.19,0.19,583
UPD,20160210,0.295,0.295,0.28,0.28,126509
URF,20160210,2.13,2.13,2.13,2.13,119282
USA,20160210,0.018,0.018,0.018,0.018,200000
USD,20160210,13.95,13.95,13.82,13.86,226894
USF,20160210,2.43,2.43,2.43,2.43,905
UXC,20160210,1.212,1.22,1.21,1.215,11869373
VAE,20160210,46.85,46.85,46.7,46.7,3270
VAF,20160210,50.21,50.21,50.03,50.16,17712
VAH,20160210,0.465,0.49,0.465,0.49,425731
VAN,20160210,0.017,0.018,0.017,0.018,167500
VAP,20160210,75,75.04,73.11,73.56,15451
VAS,20160210,61.57,61.57,59.65,60.54,148478
VCF,20160210,50.83,50.84,50.83,50.84,2625
VCX,20160210,2.89,2.91,2.85,2.87,9890862
VED,20160210,2.81,2.83,2.81,2.81,13100279
VEQ,20160210,45.1,45.19,45.1,45.1,3600
VEU,20160210,55,55.19,54.33,54.36,15151
VGB,20160210,49.92,49.92,49.79,49.83,3976
VGE,20160210,47.13,47.23,46.67,46.67,1866
VGS,20160210,53.15,53.45,52.82,52.93,33244
VHY,20160210,52.26,52.27,50.68,51.36,37140
VIF,20160210,51.72,51.73,51.72,51.73,1734
VIP,20160210,0.054,0.057,0.054,0.057,41860
VIT,20160210,2.16,2.16,2.01,2.16,1169892
VLA,20160210,0.74,0.74,0.73,0.74,7339
VLC,20160210,51.18,51.18,50.49,50.56,24364
VLW,20160210,2.01,2.04,1.99,2.01,99727
VMC,20160210,0.16,0.16,0.16,0.16,71588
VMT,20160210,0.34,0.345,0.335,0.335,274733
VMY,20160210,0.31,0.31,0.31,0.31,1700
VOC,20160210,7.5,7.71,7.165,7.34,2527707
VPC,20160210,0.052,0.054,0.049,0.05,4297969
VRL,20160210,6.46,6.48,6.29,6.44,377953
VRT,20160210,6.06,6.09,5.71,5.91,524198
VSC,20160210,1.45,1.45,1.31,1.38,23173
VSO,20160210,39.75,39.75,39.03,39.25,119116
VTG,20160210,2.51,2.58,2.48,2.49,320997
VTM,20160210,0.026,0.027,0.025,0.026,888275
VTS,20160210,132.54,133.45,132.31,132.31,9635
WAA,20160210,1.06,1.07,1.05,1.05,47600
WAF,20160210,0.056,0.056,0.055,0.055,1111455
WAM,20160210,2.18,2.2,2.11,2.16,843792
WAX,20160210,1.36,1.37,1.315,1.33,330026
WBA,20160210,1.2,1.22,1.17,1.185,190431
WBC,20160210,28.95,29,27.69,28.53,8483600
WCB,20160210,9.02,9.02,9.02,9.02,254
WCN,20160210,0.008,0.008,0.007,0.008,2450000
WDE,20160210,0.75,0.75,0.735,0.75,107690
WEB,20160210,5,5.02,4.79,4.88,189574
WEC,20160210,0.09,0.09,0.086,0.086,3500
WES,20160210,42.5,42.59,41.46,42.12,3833211
WFD,20160210,9.6,9.67,9.45,9.6,5541195
WHC,20160210,0.39,0.39,0.36,0.375,8061120
WHF,20160210,4.17,4.17,4.09,4.1,10167
WHN,20160210,0.002,0.002,0.001,0.001,24187524
WIC,20160210,0.735,0.735,0.735,0.735,62000
WIG,20160210,1.03,1.03,1.03,1.03,100000
WIN,20160210,0.047,0.06,0.047,0.06,444406
WLD,20160210,1.215,1.225,1.14,1.155,485703
WLF,20160210,0.147,0.155,0.145,0.155,48250
WLL,20160210,5.15,5.15,5.1,5.1,2873
WMC,20160210,0.365,0.39,0.365,0.39,22188
WMK,20160210,1.005,1.04,1,1.005,309810
WMN,20160210,0.16,0.16,0.16,0.16,40968
WNR,20160210,0.19,0.19,0.19,0.19,50000
WOR,20160210,3.26,3.41,3.24,3.39,3338857
WOW,20160210,22.95,23,22,22.35,6344743
WPG,20160210,0.041,0.041,0.039,0.039,288889
WPI,20160210,0.023,0.023,0.021,0.021,2289669
WPL,20160210,26.35,26.77,25.76,26.48,2325193
WRR,20160210,0.305,0.305,0.305,0.305,103724
WSA,20160210,2.1,2.12,2,2.05,973425
WTP,20160210,1.02,1.02,0.93,1,450387
WTR,20160210,0.05,0.05,0.05,0.05,1698180
XAM,20160210,0.11,0.11,0.11,0.11,61941
XF1,20160210,0.36,0.36,0.335,0.35,263778
XIP,20160210,3.1,3.14,3.06,3.14,103528
XPD,20160210,0.175,0.175,0.155,0.16,303100
XRF,20160210,0.19,0.195,0.19,0.195,35000
XRO,20160210,14.29,14.3,13.5,13.5,76719
XTD,20160210,0.25,0.255,0.24,0.245,285300
XTE,20160210,0.36,0.36,0.36,0.36,11300
XTV,20160210,0.008,0.009,0.008,0.009,151000
YBR,20160210,0.19,0.19,0.19,0.19,82699
YOW,20160210,0.78,0.78,0.74,0.745,537141
YPB,20160210,0.25,0.255,0.25,0.255,10000
ZEU,20160210,0.014,0.014,0.014,0.014,1000000
ZIP,20160210,0.525,0.54,0.475,0.49,292994
ZML,20160210,0.38,0.38,0.315,0.36,122000
ZNC,20160210,0.051,0.051,0.05,0.05,170000
XAF,20160210,4820.2,4844.3,4689.9,4766,0
XAO,20160210,4882.6,4901.3,4762.1,4826.5,0
XAT,20160210,4779.9,4800.6,4655,4723.8,0
XDJ,20160210,1831.6,1834.3,1789.4,1804.9,0
XEC,20160210,1022.6,1023.9,997.7,1003,0
XEJ,20160210,7287.5,7315.1,6971,7191,0
XFJ,20160210,5468.2,5536.9,5331,5429.2,0
XFL,20160210,4870.5,4894.9,4738.1,4814.9,0
XGD,20160210,3403.5,3403.5,3251.1,3311.9,0
XHJ,20160210,18686,18740.9,18331.1,18508.7,0
XIJ,20160210,736.2,736.3,696.1,702.9,0
XJO,20160210,4832.1,4852.4,4706.7,4775.7,0
XJR,20160210,2305.7,2305.7,2217.3,2264,0
XKO,20160210,4791.6,4811.2,4668,4735.3,0
XMD,20160210,4715.6,4732.8,4617.6,4665.4,0
XMJ,20160210,6642.7,6642.7,6454.4,6545.7,0
XMM,20160210,1891.6,1891.6,1823,1853,0
XNJ,20160210,4630.7,4637.5,4553.2,4584.6,0
XPJ,20160210,1290.1,1292.4,1268.7,1276.4,0
XSJ,20160210,8612.1,8617.1,8306.1,8432.5,0
XSO,20160210,1997.2,1998.4,1949.5,1965.1,0
XTJ,20160210,2028.7,2028.7,1945.1,1967.7,0
XTL,20160210,2842.9,2858.8,2759.9,2811.6,0
XTO,20160210,4010,4028.4,3904.9,3964.5,0
XUJ,20160210,7062.9,7205.6,6945,7061.1,0
XXJ,20160210,6105,6196.7,5934.2,6066,0
