1PG,20160113,3.44,3.44,3.16,3.2,401014
1ST,20160113,0.089,0.089,0.089,0.089,24000
3DM,20160113,0.073,0.1,0.073,0.081,6682136
3PL,20160113,1.7,1.75,1.685,1.73,2798631
4DS,20160113,0.035,0.035,0.031,0.031,207473
88E,20160113,0.007,0.007,0.007,0.007,4097504
8IH,20160113,1.33,1.34,1.29,1.29,113358
A2M,20160113,1.73,1.73,1.67,1.685,6730047
AAA,20160113,50.12,50.12,50.1,50.11,25067
AAC,20160113,1.34,1.34,1.325,1.33,941877
AAD,20160113,2.15,2.26,2.15,2.24,1740264
AAJ,20160113,0.007,0.007,0.007,0.007,550000
AAX,20160113,0.25,0.25,0.25,0.25,15000
AB1,20160113,0.165,0.175,0.16,0.175,827984
ABA,20160113,5.8,5.83,5.71,5.71,4839
ABC,20160113,4.47,4.57,4.47,4.55,1464208
ABP,20160113,3.13,3.205,3.11,3.19,318171
ABU,20160113,0.031,0.031,0.027,0.029,801075
ABX,20160113,0.18,0.19,0.175,0.175,112330
ABY,20160113,0.18,0.18,0.18,0.18,2055
ACG,20160113,0.2,0.2,0.195,0.195,249338
ACL,20160113,0.098,0.1,0.098,0.1,401008
ACR,20160113,0.69,0.69,0.675,0.685,249213
ACU,20160113,0.09,0.095,0.09,0.092,153556
ACW,20160113,0.059,0.059,0.057,0.057,240065
ACX,20160113,5.25,5.25,5.08,5.15,359922
ADA,20160113,2.4,2.4,2.21,2.3,73154
ADH,20160113,2.53,2.64,2.53,2.53,8268
ADJ,20160113,0.097,0.097,0.097,0.097,10068
ADN,20160113,0.009,0.009,0.008,0.008,1588138
ADO,20160113,0.078,0.078,0.072,0.075,717149
ADR,20160113,0.585,0.595,0.58,0.595,64683
ADV,20160113,0.017,0.017,0.015,0.015,3055783
ADY,20160113,0.012,0.014,0.012,0.014,115000
AEB,20160113,0.063,0.063,0.06,0.06,260016
AEE,20160113,0.015,0.015,0.014,0.014,261111
AEG,20160113,1.245,1.245,1.235,1.24,73653
AEI,20160113,0.43,0.43,0.43,0.43,2100
AEV,20160113,0.095,0.095,0.086,0.086,112703
AFA,20160113,0.27,0.3,0.27,0.3,92000
AFG,20160113,1.03,1.03,1.02,1.02,75334
AFI,20160113,5.7,5.74,5.66,5.67,332414
AFR,20160113,0.052,0.052,0.052,0.052,215161
AFT,20160113,0.001,0.001,0.001,0.001,200000
AGF,20160113,0.865,0.885,0.86,0.87,1015887
AGG,20160113,2.25,2.28,2.25,2.28,1700
AGI,20160113,2.2,2.2,2.13,2.13,321940
AGL,20160113,17.7,17.83,17.6,17.73,1670339
AGO,20160113,0.016,0.016,0.015,0.015,13031120
AGR,20160113,0.1,0.105,0.1,0.1,514194
AGS,20160113,0.03,0.03,0.029,0.029,1047591
AGX,20160113,0.017,0.017,0.017,0.017,215000
AGY,20160113,0.002,0.002,0.002,0.002,500000
AHF,20160113,0.325,0.325,0.305,0.31,1980956
AHG,20160113,4.36,4.44,4.36,4.42,426132
AHL,20160113,0.58,0.585,0.58,0.585,10500
AHN,20160113,0.016,0.016,0.015,0.015,53001
AHX,20160113,1.36,1.37,1.35,1.365,150091
AHY,20160113,1.5,1.545,1.5,1.545,1243287
AHZ,20160113,0.625,0.635,0.615,0.625,247887
AIA,20160113,5.31,5.37,5.31,5.31,21625
AIK,20160113,0.105,0.105,0.105,0.105,300000
AIO,20160113,8.58,8.61,8.53,8.53,1788935
AIQ,20160113,0.11,0.11,0.105,0.105,48322
AIZ,20160113,2.81,2.89,2.78,2.83,17766
AJA,20160113,5.1,5.25,5.1,5.2,46947
AJD,20160113,1.31,1.31,1.3,1.3,45720
AJL,20160113,0.385,0.385,0.37,0.37,83600
AJM,20160113,0.049,0.052,0.049,0.052,974260
AJQ,20160113,0.15,0.15,0.145,0.145,109714
AJR,20160113,0.001,0.001,0.001,0.001,15597731
AJX,20160113,0.9,0.975,0.88,0.915,1669160
AKM,20160113,0.009,0.01,0.009,0.009,582503
AKP,20160113,8.35,8.4,8.35,8.4,3500
ALA,20160113,0.175,0.175,0.175,0.175,13000
ALF,20160113,1.415,1.44,1.41,1.44,114363
ALI,20160113,1.63,1.68,1.61,1.68,155535
ALK,20160113,0.23,0.23,0.225,0.225,22279
ALL,20160113,9.67,9.74,9.62,9.7,1237541
ALQ,20160113,3.8,3.84,3.7,3.74,3535901
ALR,20160113,0.995,0.995,0.995,0.995,9418
ALT,20160113,0.006,0.006,0.005,0.005,1808834
ALU,20160113,4.64,4.67,4.59,4.63,617532
AMA,20160113,0.905,0.905,0.865,0.895,409395
AMC,20160113,12.76,12.95,12.75,12.92,2336476
AMH,20160113,0.87,0.87,0.86,0.86,35000
AMI,20160113,0.046,0.046,0.046,0.046,47875
AMN,20160113,0.17,0.17,0.17,0.17,80494
AMP,20160113,5.36,5.47,5.35,5.47,5694039
ANG,20160113,0.15,0.15,0.145,0.145,33184
ANN,20160113,20.07,20.5,19.63,19.78,784584
ANO,20160113,0.026,0.026,0.026,0.026,150000
ANP,20160113,0.065,0.065,0.064,0.064,31431
ANQ,20160113,0.002,0.002,0.002,0.002,554999
ANR,20160113,1.31,1.31,1.25,1.3,46326
ANW,20160113,0.005,0.005,0.005,0.005,155746
ANZ,20160113,25.3,25.56,25.22,25.45,7000664
AOA,20160113,0.006,0.006,0.006,0.006,80000
AOD,20160113,0.725,0.725,0.725,0.725,1000
AOG,20160113,2.95,3,2.93,2.98,336232
AOH,20160113,0.087,0.087,0.087,0.087,70000
AOK,20160113,0.041,0.047,0.041,0.047,371888
AON,20160113,0.024,0.024,0.024,0.024,30000
AOU,20160113,0.072,0.072,0.072,0.072,25000
AOW,20160113,0.16,0.16,0.16,0.16,12000
APA,20160113,8.23,8.32,8.18,8.3,3094185
APD,20160113,0.41,0.41,0.41,0.41,14210
APE,20160113,11.88,11.89,11.3,11.51,77471
API,20160113,1.97,2,1.97,1.98,961498
APN,20160113,0.5,0.52,0.49,0.51,469461
APO,20160113,5.82,5.95,5.74,5.91,429018
APX,20160113,1.6,1.62,1.555,1.565,96900
APY,20160113,0.01,0.01,0.01,0.01,2661440
APZ,20160113,1.23,1.23,1.21,1.21,25724
AQC,20160113,0.019,0.019,0.019,0.019,1109053
AQF,20160113,1.66,1.66,1.66,1.66,12107
AQG,20160113,2.58,2.59,2.49,2.55,180342
AQJ,20160113,0.001,0.001,0.001,0.001,4000000
AQP,20160113,0.245,0.245,0.24,0.245,2124661
AQR,20160113,0.032,0.032,0.03,0.03,100000
AQX,20160113,0.053,0.053,0.05,0.05,12370
AR1,20160113,0.021,0.021,0.02,0.02,570000
ARB,20160113,14.93,15.25,14.93,15.22,119697
ARC,20160113,0.46,0.46,0.46,0.46,10000
ARD,20160113,0.021,0.021,0.021,0.021,61839
ARF,20160113,1.765,1.77,1.725,1.735,224763
ARG,20160113,7.45,7.58,7.45,7.57,192923
ARI,20160113,0.049,0.05,0.046,0.046,8365108
ARO,20160113,0.009,0.009,0.008,0.008,367040
ARS,20160113,0.155,0.175,0.155,0.175,12858
ARU,20160113,0.066,0.066,0.066,0.066,40427
ARV,20160113,0.001,0.001,0.001,0.001,1300000
ARX,20160113,0.001,0.001,0.001,0.001,300000
ASB,20160113,1.115,1.15,1.08,1.115,3351515
ASH,20160113,0.145,0.15,0.145,0.15,557234
ASL,20160113,0.22,0.225,0.205,0.21,1182318
AST,20160113,1.435,1.44,1.42,1.42,4878722
ASW,20160113,0.64,0.64,0.64,0.64,3000
ASX,20160113,39.4,39.67,39.01,39.57,438481
ASZ,20160113,1.09,1.145,1.087,1.13,155800
ATU,20160113,0.46,0.47,0.425,0.425,105189
AUB,20160113,9.01,9.15,8.95,9,12501
AUF,20160113,1.24,1.24,1.24,1.24,22875
AUI,20160113,7.11,7.32,7.11,7.3,21670
AUK,20160113,0.011,0.011,0.011,0.011,100000
AUQ,20160113,0.015,0.015,0.015,0.015,417000
AUZ,20160113,0.005,0.005,0.004,0.004,373888
AVB,20160113,0.052,0.052,0.051,0.052,481770
AVD,20160113,0.023,0.023,0.023,0.023,24080
AVG,20160113,0.39,0.39,0.385,0.385,147787
AVH,20160113,0.096,0.096,0.094,0.095,538740
AVI,20160113,0.02,0.02,0.02,0.02,79440
AVJ,20160113,0.56,0.56,0.56,0.56,8544
AVL,20160113,0.008,0.008,0.008,0.008,1666914
AVN,20160113,2.02,2.03,2.02,2.02,38780
AVQ,20160113,0.23,0.23,0.225,0.23,115892
AVX,20160113,0.045,0.045,0.045,0.045,1000
AWC,20160113,0.975,1.11,0.97,1.095,21060024
AWE,20160113,0.42,0.435,0.4,0.43,3482930
AWO,20160113,0.019,0.019,0.019,0.019,100000
AWV,20160113,0.045,0.045,0.04,0.04,217050
AXE,20160113,0.09,0.09,0.083,0.083,86000
AXP,20160113,1.32,1.34,1.3,1.3,88761
AXT,20160113,0.105,0.105,0.095,0.095,212032
AYA,20160113,0.08,0.081,0.075,0.081,979801
AYB,20160113,0.038,0.038,0.034,0.035,2002010
AYC,20160113,0.026,0.027,0.024,0.027,757496
AYF,20160113,5.85,5.85,5.85,5.85,1000
AYI,20160113,0.001,0.001,0.001,0.001,500000
AYK,20160113,62.81,62.81,62.81,62.81,797
AYS,20160113,3.01,3.02,2.91,2.99,104238
AZJ,20160113,4.13,4.14,3.87,3.88,12845599
AZM,20160113,0.027,0.027,0.027,0.027,11000
AZS,20160113,0.027,0.027,0.026,0.026,1531961
AZV,20160113,0.077,0.079,0.077,0.079,65785
AZY,20160113,0.012,0.013,0.011,0.012,1658072
BAF,20160113,0.99,1.005,0.98,1,204123
BAL,20160113,13.1,13.35,13.07,13.25,864307
BAP,20160113,4.06,4.13,4.05,4.05,976412
BAR,20160113,0.02,0.02,0.017,0.017,1823179
BAU,20160113,0.086,0.086,0.084,0.084,140058
BBG,20160113,1.91,1.95,1.85,1.905,179988
BBN,20160113,2.57,2.64,2.52,2.57,201674
BBX,20160113,0.018,0.019,0.018,0.019,838339
BCI,20160113,0.091,0.091,0.086,0.087,556496
BDR,20160113,0.16,0.165,0.155,0.16,2258975
BEAR,20160113,18.7,18.71,18.47,18.5,80343
BEL,20160113,0.135,0.135,0.135,0.135,65
BEN,20160113,11.05,11.43,11.05,11.33,1580754
BFC,20160113,0.525,0.525,0.5,0.52,4217947
BFG,20160113,0.545,0.545,0.54,0.54,12000
BGA,20160113,7.3,7.42,7.12,7.19,782824
BGC,20160113,0.085,0.085,0.085,0.085,41758
BGL,20160113,0.8,0.81,0.77,0.785,93294
BGS,20160113,0.065,0.065,0.065,0.065,25608
BHP,20160113,14.8,14.94,14.52,14.77,18806155
BIG,20160113,0.2,0.22,0.2,0.22,125000
BIQ,20160113,1.01,1.01,1.01,1.01,24000
BIS,20160113,0.6,0.6,0.55,0.57,8680
BIT,20160113,0.05,0.05,0.049,0.049,29457
BKI,20160113,1.65,1.65,1.64,1.645,119136
BKL,20160113,202.01,203.81,192.49,199.64,158712
BKN,20160113,0.455,0.455,0.425,0.435,488945
BKT,20160113,0.042,0.042,0.042,0.042,50000
BKW,20160113,15.47,15.74,15.42,15.7,46231
BKY,20160113,0.5,0.54,0.5,0.505,86619
BLA,20160113,6.3,6.41,6.3,6.4,38366
BLD,20160113,5.48,5.54,5.44,5.51,1940620
BLG,20160113,0.059,0.059,0.058,0.058,130549
BLK,20160113,0.24,0.24,0.235,0.235,93125
BLT,20160113,0.315,0.32,0.3,0.3,57054
BLX,20160113,1.995,2,1.96,2,102137
BLY,20160113,0.06,0.06,0.057,0.057,562618
BLZ,20160113,0.05,0.054,0.05,0.054,245284
BMG,20160113,0.012,0.012,0.012,0.012,66000
BML,20160113,0.004,0.004,0.004,0.004,160000
BMN,20160113,0.029,0.029,0.027,0.028,855155
BNO,20160113,0.35,0.35,0.345,0.35,260544
BOE,20160113,0.049,0.049,0.049,0.049,393923
BOL,20160113,0.087,0.087,0.083,0.083,285686
BOQ,20160113,12.96,13.39,12.96,13.33,1034778
BPF,20160113,0.515,0.53,0.495,0.505,2229702
BPS,20160113,1.09,1.09,1.085,1.085,26500
BPT,20160113,0.385,0.44,0.385,0.435,10256599
BRB,20160113,0.13,0.13,0.13,0.13,40000
BRC,20160113,0.175,0.175,0.175,0.175,2200
BRD,20160113,0.001,0.001,0.001,0.001,6000000
BRG,20160113,6.7,6.7,6.55,6.58,131257
BRK,20160113,0.008,0.008,0.008,0.008,500000
BRL,20160113,0.014,0.015,0.014,0.015,59657
BRN,20160113,0.245,0.245,0.23,0.235,436624
BRS,20160113,1.305,1.327,1.29,1.32,1049840
BRU,20160113,0.215,0.225,0.215,0.225,410878
BSA,20160113,0.175,0.18,0.175,0.18,205296
BSL,20160113,3.9,4.13,3.83,4.1,3529443
BSM,20160113,0.011,0.011,0.011,0.011,403642
BSR,20160113,0.01,0.01,0.01,0.01,3310864
BTI,20160113,0.96,0.99,0.96,0.99,131348
BTT,20160113,11.28,11.45,11.16,11.2,914069
BUD,20160113,0.2,0.205,0.19,0.19,2828168
BUL,20160113,0.027,0.027,0.026,0.026,1137683
BUR,20160113,0.008,0.008,0.006,0.007,12689841
BUX,20160113,0.068,0.068,0.068,0.068,31765
BUY,20160113,0.009,0.009,0.009,0.009,100000
BWP,20160113,3.09,3.125,3.08,3.11,1369397
BWR,20160113,1.31,1.31,1.31,1.31,2313
BWX,20160113,3.3,3.42,3.23,3.24,266246
BXB,20160113,10.92,11.13,10.88,11.1,3461759
BXN,20160113,0.023,0.023,0.023,0.023,100000
BYI,20160113,1.015,1.1,1.01,1.1,12500
BYL,20160113,0.205,0.22,0.2,0.22,55000
CAA,20160113,0.098,0.098,0.098,0.098,100000
CAB,20160113,2.89,2.93,2.8,2.89,399153
CAD,20160113,0.001,0.001,0.001,0.001,1599977
CAE,20160113,0.035,0.035,0.032,0.032,391500
CAJ,20160113,0.225,0.23,0.212,0.215,3003469
CAM,20160113,0.83,0.835,0.825,0.83,36373
CAP,20160113,0.016,0.016,0.016,0.016,98000
CAR,20160113,11.5,11.7,11.5,11.64,1086420
CAT,20160113,1.975,1.98,1.97,1.98,33977
CAY,20160113,0.042,0.042,0.042,0.042,122864
CAZ,20160113,0.022,0.022,0.022,0.022,2200
CBA,20160113,80.11,81.27,79.58,81,3143955
CCF,20160113,0.15,0.15,0.135,0.135,4327944
CCJ,20160113,0.006,0.006,0.006,0.006,700000
CCL,20160113,8.7,8.74,8.605,8.71,2555347
CCP,20160113,9.48,9.82,9.48,9.81,197477
CCV,20160113,0.55,0.565,0.535,0.54,299061
CDA,20160113,0.64,0.64,0.625,0.625,8659
CDD,20160113,1.145,1.15,1.11,1.125,458899
CDG,20160113,0.044,0.044,0.044,0.044,10670
CDM,20160113,1.49,1.5,1.485,1.5,123611
CDP,20160113,6.8,6.8,6.71,6.71,6068
CDT,20160113,0.009,0.009,0.009,0.009,38250
CDV,20160113,0.13,0.135,0.13,0.13,253000
CDY,20160113,0.022,0.024,0.022,0.024,130748
CEL,20160113,0.028,0.028,0.028,0.028,47500
CEN,20160113,4.38,4.38,4.38,4.38,341
CFE,20160113,0.019,0.019,0.017,0.017,1477222
CGC,20160113,2.47,2.5,2.45,2.48,405968
CGF,20160113,8.12,8.27,8.1,8.27,2279382
CGL,20160113,4.51,4.51,4.51,4.51,814
CGN,20160113,0.067,0.067,0.067,0.067,10000
CGO,20160113,0.25,0.25,0.25,0.25,7000
CGR,20160113,0.185,0.19,0.175,0.175,33777
CGS,20160113,0.55,0.55,0.55,0.55,96479
CGW,20160113,0.47,0.475,0.47,0.47,51386
CHC,20160113,4.32,4.5,4.32,4.48,1398373
CHN,20160113,0.105,0.105,0.105,0.105,236718
CHP,20160113,0.004,0.004,0.004,0.004,4088856
CIE,20160113,1,1,1,1,15844
CIM,20160113,23,23.26,22.5,23.25,597196
CIN,20160113,31.78,32.01,31.78,32,348
CIW,20160113,0.685,0.685,0.685,0.685,5000
CKF,20160113,5.17,5.21,5.09,5.15,382414
CKL,20160113,0.7,0.7,0.695,0.7,504408
CL1,20160113,1.9,1.92,1.88,1.88,405554
CL8,20160113,0.026,0.027,0.025,0.025,569890
CLH,20160113,1.67,1.67,1.565,1.6,608780
CLQ,20160113,0.2,0.2,0.18,0.18,854869
CLT,20160113,0.285,0.285,0.285,0.285,2200
CLV,20160113,0.375,0.375,0.35,0.35,108615
CLX,20160113,1.12,1.12,1.1,1.12,22770
CLZ,20160113,0.004,0.004,0.004,0.004,120000
CM8,20160113,0.255,0.255,0.25,0.25,101193
CMA,20160113,1.95,1.95,1.94,1.94,13850
CMP,20160113,0.455,0.455,0.43,0.43,132516
CMW,20160113,0.995,1.02,0.995,1.015,2310363
CMY,20160113,0.005,0.005,0.005,0.005,1602644
CND,20160113,0.21,0.22,0.21,0.22,18126
CNI,20160113,1.05,1.055,1.05,1.05,19372
CNJ,20160113,0.01,0.01,0.01,0.01,387000
CNU,20160113,3.55,3.57,3.53,3.56,73274
CNW,20160113,0.039,0.039,0.036,0.037,1849035
CNX,20160113,0.013,0.013,0.013,0.013,707874
COE,20160113,0.16,0.16,0.155,0.155,79057
COF,20160113,0.415,0.415,0.415,0.415,200000
COH,20160113,93,95.8,91.87,95.67,266076
COI,20160113,0.091,0.091,0.088,0.088,43500
COO,20160113,0.135,0.135,0.135,0.135,23500
CPU,20160113,10.77,10.965,10.74,10.94,1423114
CQR,20160113,4.03,4.09,4.03,4.07,1057968
CRB,20160113,0.065,0.07,0.065,0.069,364603
CSE,20160113,0.26,0.26,0.26,0.26,16500
CSL,20160113,104.64,104.95,103.65,104.54,883917
CSR,20160113,2.6,2.63,2.535,2.6,3143872
CSS,20160113,0.049,0.049,0.047,0.047,933420
CSV,20160113,1.68,1.7,1.655,1.68,607456
CTD,20160113,12.59,12.81,12.57,12.65,205272
CTM,20160113,0.005,0.005,0.004,0.004,209563
CTN,20160113,0.93,0.935,0.92,0.93,160160
CTO,20160113,0.016,0.016,0.015,0.015,708857
CTP,20160113,0.135,0.135,0.135,0.135,322560
CTR,20160113,0.07,0.07,0.068,0.069,798988
CTX,20160113,36.01,36.7,35.96,36.66,635723
CUL,20160113,0.003,0.003,0.002,0.002,289707
CUP,20160113,0.87,0.88,0.85,0.865,279437
CUV,20160113,2.77,2.84,2.74,2.77,195448
CV1,20160113,0.36,0.36,0.35,0.35,12326
CVE,20160113,0.008,0.008,0.008,0.008,1000000
CVN,20160113,0.08,0.08,0.077,0.078,2941652
CVO,20160113,2.06,2.09,2.04,2.08,1149256
CVT,20160113,0.36,0.37,0.36,0.365,266974
CWC,20160113,0.66,0.66,0.6,0.6,43119
CWE,20160113,0.044,0.044,0.043,0.043,1260724
CWN,20160113,11.8,12.09,11.75,12.07,997462
CWP,20160113,4.05,4.2,4.02,4.12,24341
CXM,20160113,0.066,0.066,0.066,0.066,158724
CXO,20160113,0.013,0.013,0.012,0.012,30036
CXU,20160113,0.096,0.096,0.096,0.096,70000
CXX,20160113,0.19,0.19,0.19,0.19,11860
CXZ,20160113,0.21,0.225,0.2,0.225,185250
CYA,20160113,0.8,0.8,0.795,0.795,35023
CYC,20160113,0.52,0.52,0.505,0.52,14200
CYL,20160113,0.28,0.28,0.28,0.28,23351
CYP,20160113,0.29,0.3,0.285,0.29,25430
CYU,20160113,0.015,0.015,0.015,0.015,30000
CYY,20160113,0.03,0.03,0.03,0.03,575026
CZI,20160113,0.023,0.023,0.021,0.021,287136
CZL,20160113,0.052,0.052,0.05,0.05,319698
CZR,20160113,0.007,0.007,0.007,0.007,432126
CZZ,20160113,19.95,19.95,19.75,19.94,13936
D13,20160113,0.11,0.115,0.09,0.1,10823411
DCC,20160113,0.175,0.175,0.16,0.16,345600
DCG,20160113,0.98,0.99,0.98,0.99,2652445
DCN,20160113,0.83,0.83,0.79,0.79,35256
DDR,20160113,1.485,1.5,1.455,1.46,38617
DDT,20160113,0.023,0.025,0.023,0.023,1211223
DFM,20160113,1.27,1.29,1.27,1.285,10204
DGR,20160113,0.028,0.028,0.028,0.028,230000
DHR,20160113,0.004,0.004,0.004,0.004,100000
DJW,20160113,4.34,4.37,4.3,4.3,61759
DKM,20160113,0.088,0.088,0.085,0.085,216637
DKO,20160113,0.045,0.051,0.045,0.051,3380430
DLS,20160113,0.48,0.535,0.475,0.525,1626763
DLX,20160113,6.1,6.31,6.1,6.29,760026
DM1,20160113,0.082,0.082,0.082,0.082,29910
DMC,20160113,0.36,0.365,0.33,0.33,268174
DMP,20160113,56.11,56.76,55.29,56.4,181664
DNA,20160113,0.715,0.735,0.7,0.73,285731
DOW,20160113,3.27,3.33,3.25,3.32,1456725
DRG,20160113,0.03,0.03,0.03,0.03,43000
DRK,20160113,0.002,0.002,0.002,0.002,1625000
DRM,20160113,0.63,0.635,0.595,0.595,1438164
DRX,20160113,0.008,0.008,0.008,0.008,200000
DTI,20160113,0.265,0.265,0.265,0.265,2500
DTL,20160113,1.085,1.1,1.075,1.08,357847
DUB,20160113,0.705,0.77,0.7,0.77,438040
DUE,20160113,2.26,2.27,2.25,2.26,7845473
DUI,20160113,3.31,3.31,3.26,3.26,37557
DVA,20160113,0.47,0.47,0.47,0.47,100499
DVI,20160113,0.02,0.02,0.019,0.02,3936796
DVL,20160113,0.36,0.38,0.36,0.38,5600
DVN,20160113,0.715,0.715,0.71,0.71,18605
DWS,20160113,0.96,1.005,0.96,0.97,283072
DXB,20160113,0.006,0.006,0.006,0.006,646427
DXS,20160113,7.13,7.26,7.1,7.2,2362991
DYE,20160113,0.285,0.29,0.27,0.27,97116
DYL,20160113,0.009,0.009,0.008,0.009,195552
E88,20160113,1.8,1.85,1.8,1.85,6874
EAI,20160113,0.95,0.95,0.95,0.95,17000
EAX,20160113,1,1,1,1,4700
ECG,20160113,0.25,0.265,0.24,0.24,180982
ECO,20160113,0.016,0.016,0.016,0.016,375000
ECX,20160113,3,3.04,3,3.04,466952
EDE,20160113,0.043,0.049,0.043,0.045,2455329
EEU,20160113,15.23,15.23,15.19,15.19,629
EGG,20160113,0.79,0.79,0.79,0.79,700
EGH,20160113,0.58,0.58,0.55,0.555,83220
EGI,20160113,1,1,1,1,6000
EGO,20160113,0.44,0.44,0.41,0.425,100551
EHE,20160113,7.17,7.25,7.05,7.08,850153
EHL,20160113,0.037,0.037,0.034,0.037,139854
ELD,20160113,4.67,4.75,4.65,4.7,101136
ELM,20160113,0.19,0.2,0.19,0.19,244870
ELX,20160113,0.76,0.78,0.76,0.77,104343
EMC,20160113,0.23,0.235,0.225,0.23,428100
EMF,20160113,1.7,1.7,1.7,1.7,9032
EMG,20160113,0.016,0.016,0.015,0.015,2558390
EMH,20160113,0.14,0.15,0.14,0.15,63647
EML,20160113,0.965,0.985,0.95,0.96,144284
EMR,20160113,0.024,0.024,0.024,0.024,719849
EMU,20160113,0.092,0.092,0.091,0.091,100000
EMX,20160113,0.035,0.035,0.035,0.035,40000
ENB,20160113,0.02,0.02,0.02,0.02,66666
ENN,20160113,1.7,1.7,1.7,1.7,42322
ENT,20160113,0.025,0.025,0.023,0.023,577789
EOL,20160113,0.38,0.38,0.38,0.38,12051
EOS,20160113,1.36,1.37,1.36,1.37,7993
EPD,20160113,0.82,0.82,0.79,0.8,216247
EPW,20160113,1.43,1.455,1.39,1.41,302957
EPX,20160113,1.5,1.5,1.43,1.44,119596
EQT,20160113,20,20.24,20,20,63294
EQX,20160113,0.275,0.275,0.275,0.275,80000
ERA,20160113,0.38,0.38,0.355,0.365,135122
ERJ,20160113,0.039,0.039,0.035,0.036,1587273
ERM,20160113,0.03,0.03,0.03,0.03,100000
ESI,20160113,0.026,0.027,0.024,0.025,46370409
ESM,20160113,0.012,0.012,0.012,0.012,309885
ESR,20160113,0.025,0.025,0.02,0.02,2177439
ETE,20160113,0.01,0.01,0.01,0.01,4500
EVM,20160113,0.105,0.11,0.105,0.11,242938
EVN,20160113,1.39,1.395,1.31,1.31,6033688
EVT,20160113,15.38,15.65,15.24,15.59,62066
EWC,20160113,0.225,0.225,0.215,0.215,144336
EXG,20160113,0.094,0.094,0.091,0.091,376010
EXM,20160113,0.006,0.006,0.006,0.006,500000
EXU,20160113,0.024,0.024,0.022,0.022,200000
EZL,20160113,0.79,0.79,0.75,0.79,37335
FAN,20160113,2.07,2.19,2.07,2.19,2577
FAR,20160113,0.07,0.072,0.07,0.07,8840763
FBR,20160113,0.024,0.024,0.024,0.024,1220589
FBU,20160113,6.36,6.39,6.34,6.36,851113
FCG,20160113,0.245,0.245,0.22,0.22,10500
FCN,20160113,0.021,0.021,0.019,0.021,4529383
FCR,20160113,0.004,0.004,0.004,0.004,2106387
FET,20160113,2.24,2.24,2.1,2.19,186373
FFG,20160113,0.048,0.048,0.048,0.048,5000
FFT,20160113,1.1,1.1,1.1,1.1,4600
FGF,20160113,0.018,0.018,0.018,0.018,300000
FGG,20160113,1.145,1.18,1.145,1.18,104191
FGR,20160113,0.056,0.056,0.055,0.055,206902
FGX,20160113,1.14,1.155,1.14,1.145,312024
FID,20160113,2.51,2.55,2.51,2.55,500
FIE,20160113,0.068,0.083,0.068,0.083,1420645
FLN,20160113,1.65,1.665,1.57,1.62,204615
FLT,20160113,37.72,38.28,37.57,38.13,365894
FMG,20160113,1.575,1.59,1.53,1.57,20068134
FML,20160113,0.325,0.325,0.32,0.32,57880
FMS,20160113,0.009,0.009,0.009,0.009,1280878
FND,20160113,0.12,0.12,0.12,0.12,95000
FNP,20160113,3.78,3.85,3.7,3.75,37561
FNT,20160113,0.023,0.023,0.02,0.02,271648
FPH,20160113,7.84,7.85,7.81,7.83,117925
FRI,20160113,1.04,1.04,1.04,1.04,10000
FRM,20160113,1.26,1.26,1.18,1.2,241595
FRX,20160113,0.185,0.2,0.185,0.2,120000
FSA,20160113,1.09,1.09,1.09,1.09,82
FSF,20160113,5.65,5.67,5.6,5.67,9939
FSI,20160113,1.38,1.38,1.38,1.38,5500
FUN,20160113,0.028,0.028,0.028,0.028,223000
FWD,20160113,1.22,1.28,1.22,1.235,60390
FXJ,20160113,0.85,0.865,0.847,0.855,11424878
FXL,20160113,2.53,2.63,2.53,2.63,852952
GAP,20160113,0.29,0.29,0.29,0.29,153116
GBA,20160113,0.023,0.023,0.023,0.023,52
GBG,20160113,0.009,0.01,0.008,0.009,5093975
GBI,20160113,0.25,0.25,0.24,0.24,25875
GBP,20160113,0.035,0.035,0.035,0.035,50000
GBT,20160113,4.14,4.15,4.05,4.12,64101
GBX,20160113,0.003,0.003,0.003,0.003,205800
GCR,20160113,0.076,0.076,0.076,0.076,8982
GCY,20160113,0.13,0.13,0.13,0.13,287231
GDF,20160113,0.93,0.94,0.93,0.94,92223
GDI,20160113,0.85,0.86,0.85,0.85,715629
GDX,20160113,19.51,19.51,19.16,19.16,12754
GDY,20160113,0.03,0.03,0.029,0.029,138684
GEG,20160113,1.21,1.23,1.21,1.21,10085
GEM,20160113,3.19,3.28,3.19,3.26,1328819
GER,20160113,0.057,0.057,0.057,0.057,200000
GFL,20160113,1.45,1.45,1.45,1.45,2000
GFY,20160113,1.25,1.3,1.1,1.14,1722373
GGE,20160113,0.006,0.006,0.006,0.006,170315
GGG,20160113,0.028,0.028,0.027,0.027,597418
GGX,20160113,0.002,0.002,0.002,0.002,73752
GHC,20160113,1.905,1.93,1.885,1.905,3783
GID,20160113,0.028,0.028,0.027,0.028,310000
GJT,20160113,1.9,1.91,1.895,1.9,102840
GLH,20160113,0.24,0.32,0.24,0.28,242899
GLL,20160113,0.097,0.097,0.097,0.097,10000
GMA,20160113,2.58,2.6,2.55,2.58,1906478
GMD,20160113,0.017,0.017,0.017,0.017,200000
GME,20160113,0.027,0.027,0.027,0.027,150000
GMF,20160113,2.04,2.05,2.03,2.04,32325
GMG,20160113,6.08,6.21,6.08,6.18,3583989
GML,20160113,0.016,0.016,0.016,0.016,108000
GMM,20160113,0.255,0.275,0.255,0.265,1873408
GMN,20160113,0.04,0.04,0.04,0.04,38000
GMY,20160113,0.9,0.9,0.9,0.9,2303
GNC,20160113,7.9,7.99,7.84,7.97,415764
GNE,20160113,1.795,1.795,1.74,1.795,48460
GNG,20160113,0.74,0.74,0.72,0.74,15297
GNX,20160113,0.12,0.12,0.12,0.12,25000
GOE,20160113,0.026,0.026,0.024,0.024,160912
GOLD,20160113,148.48,148.77,146.64,146.64,3264
GOR,20160113,0.4,0.41,0.39,0.4,708381
GOW,20160113,3.02,3.07,3.02,3.07,3259
GOZ,20160113,2.98,3.02,2.97,3.01,188710
GPT,20160113,4.57,4.66,4.55,4.63,3840454
GRB,20160113,0.073,0.073,0.07,0.073,391530
GRR,20160113,0.087,0.093,0.087,0.09,152221
GRV,20160113,0.024,0.024,0.023,0.023,200000
GRY,20160113,0.055,0.058,0.055,0.058,245898
GSS,20160113,0.78,0.8,0.78,0.8,6900
GTE,20160113,0.02,0.02,0.02,0.02,100000
GTG,20160113,0.021,0.022,0.02,0.022,3582642
GTK,20160113,2.23,2.23,2.2,2.2,38833
GTY,20160113,2.8,2.85,2.78,2.82,477408
GUD,20160113,7.95,8.01,7.78,7.95,399567
GVF,20160113,1.01,1.02,1.01,1.01,37475
GWA,20160113,1.855,1.92,1.83,1.915,756872
GXL,20160113,6.47,6.73,6.28,6.73,380295
GXY,20160113,0.145,0.172,0.145,0.165,17247059
GZL,20160113,2.4,2.4,2.4,2.4,250
HAS,20160113,0.068,0.069,0.068,0.069,69175
HAV,20160113,0.22,0.22,0.22,0.22,33333
HAZ,20160113,0.001,0.001,0.001,0.001,15000000
HCH,20160113,0.09,0.09,0.09,0.09,23643
HCT,20160113,0.255,0.255,0.15,0.15,4965766
HFA,20160113,2.37,2.47,2.37,2.41,14863898
HFR,20160113,1.52,1.54,1.5,1.54,296538
HGG,20160113,5.85,5.97,5.81,5.95,2708566
HGO,20160113,0.155,0.155,0.15,0.15,183698
HHV,20160113,1.145,1.15,1.125,1.14,366691
HHY,20160113,0.094,0.095,0.094,0.094,330853
HIG,20160113,0.054,0.054,0.054,0.054,56070
HIL,20160113,0.32,0.32,0.3,0.3,460531
HJB,20160113,0.016,0.016,0.014,0.014,1714090
HNG,20160113,0.43,0.43,0.43,0.43,9472
HOG,20160113,0.003,0.003,0.003,0.003,170000
HOM,20160113,0.46,0.48,0.46,0.48,4190
HOR,20160113,0.014,0.016,0.014,0.016,67500
HPI,20160113,2.59,2.62,2.59,2.62,24214
HRR,20160113,0.09,0.09,0.09,0.09,29500
HSN,20160113,3.34,3.35,3.25,3.26,435160
HSO,20160113,2.52,2.54,2.51,2.52,4445444
HTA,20160113,0.078,0.079,0.078,0.079,18010
HUB,20160113,4.16,4.16,3.95,4,273231
HUO,20160113,3.9,3.92,3.9,3.9,2049
HVN,20160113,4.18,4.38,4.18,4.37,3882394
HXG,20160113,0.056,0.058,0.056,0.058,165000
HZN,20160113,0.083,0.083,0.08,0.081,835414
HZR,20160113,0.255,0.26,0.255,0.26,27100
IAA,20160113,55.5,56.11,55.22,56.11,9792
IAF,20160113,105.8,105.8,105.65,105.72,4292
IAG,20160113,5.17,5.24,5.13,5.21,5506104
IAU,20160113,0.125,0.125,0.12,0.125,55728
IBC,20160113,0.465,0.465,0.465,0.465,9735
IBG,20160113,0.042,0.042,0.037,0.04,1655014
IBK,20160113,38,38.46,37.94,38.33,1930
ICG,20160113,0.006,0.006,0.006,0.006,243000
ICN,20160113,0.033,0.034,0.032,0.033,193615
ICQ,20160113,0.94,0.94,0.895,0.94,120458
ICS,20160113,1.82,1.82,1.71,1.71,16460
ICT,20160113,0.1,0.11,0.1,0.11,107353
IDR,20160113,2.07,2.09,2.03,2.09,61947
IDT,20160113,0.36,0.375,0.36,0.36,117030
IDX,20160113,1.63,1.63,1.6,1.62,37736
IDZ,20160113,0.4,0.4,0.4,0.4,1325
IEL,20160113,3.34,3.42,3.3,3.35,465264
IEM,20160113,42.05,42.63,42.05,42.55,13918
IEU,20160113,54.12,54.56,54,54.33,25541
IFL,20160113,8.3,8.505,8.3,8.46,1201747
IFM,20160113,0.71,0.72,0.7,0.7,1411116
IFN,20160113,0.42,0.44,0.42,0.44,368815
IGB,20160113,103.19,103.19,103.19,103.19,26
IGL,20160113,1.95,1.95,1.93,1.95,161955
IGO,20160113,2.16,2.21,2.06,2.18,2297921
IHD,20160113,12.4,12.58,12.4,12.58,26464
IHK,20160113,26.26,26.46,26.13,26.46,3648
IIL,20160113,0.2,0.2,0.19,0.19,34000
IJH,20160113,186.35,186.64,186.35,186.54,225
IJP,20160113,16.4,16.63,16.4,16.53,32338
IJR,20160113,146.86,146.86,146.39,146.39,309
IKO,20160113,67.73,67.96,67.73,67.9,246
ILB,20160113,113.35,113.35,112.86,113.01,3132
ILC,20160113,21.1,21.43,21.07,21.43,16292
ILU,20160113,5.35,5.48,5.21,5.41,3083436
IMA,20160113,0.071,0.071,0.07,0.07,66000
IMC,20160113,0.44,0.475,0.435,0.435,30660
IMD,20160113,0.205,0.21,0.205,0.21,32814
IMF,20160113,1.1,1.165,1.1,1.145,310322
IMU,20160113,0.012,0.013,0.012,0.012,14835071
INA,20160113,2.83,2.84,2.81,2.82,70932
IND,20160113,0.012,0.012,0.011,0.011,50000
INL,20160113,0.006,0.006,0.005,0.005,342225
IOF,20160113,3.83,3.895,3.83,3.86,1282029
IOO,20160113,97.76,98.55,97.7,98.13,22534
IOZ,20160113,20.62,20.85,20.57,20.82,99233
IPB,20160113,0.012,0.012,0.012,0.012,436621
IPD,20160113,1.09,1.1,1.03,1.075,519094
IPH,20160113,8.7,8.95,8.7,8.93,320202
IPL,20160113,3.44,3.48,3.39,3.45,5569978
IPP,20160113,3.94,3.96,3.94,3.95,998872
IPT,20160113,0.027,0.03,0.027,0.03,425000
IQE,20160113,0.55,0.57,0.55,0.56,111654
IRC,20160113,0.054,0.054,0.054,0.054,5000
IRE,20160113,9.27,9.5,9.26,9.45,260469
IRI,20160113,2,2.09,1.825,2.03,1316333
IRL,20160113,0.005,0.005,0.005,0.005,125000
IRU,20160113,148.49,148.53,148.2,148.53,747
ISD,20160113,4.63,4.7,4.6,4.66,334153
ISG,20160113,13.61,13.62,13.61,13.61,1191
ISO,20160113,3.67,3.68,3.67,3.67,18539
ISU,20160113,0.75,0.785,0.75,0.775,2567072
ISX,20160113,0.37,0.375,0.355,0.355,698950
ITD,20160113,0.21,0.21,0.21,0.21,12554
ITQ,20160113,3.6,3.6,3.6,3.6,17648
ITW,20160113,16.89,16.97,16.89,16.92,5338
IVC,20160113,11.7,11.91,11.67,11.9,253360
IVE,20160113,78.96,79.49,78.96,79.38,3436
IVO,20160113,0.067,0.067,0.066,0.067,1319454
IVV,20160113,277.64,278.38,277.22,278.24,13993
IVX,20160113,0.007,0.007,0.007,0.007,550000
IWG,20160113,0.14,0.14,0.14,0.14,11801
IXI,20160113,129.12,130.19,129.12,129.82,2509
IXJ,20160113,138.5,140.5,138.48,139,4982
IXP,20160113,80.26,80.38,80.26,80.3,815
IZZ,20160113,44.96,45.43,44.82,45.08,12371
JAL,20160113,0.022,0.022,0.021,0.021,100000
JBH,20160113,20.96,21.95,20.94,21.95,1110571
JHC,20160113,2.93,2.98,2.9,2.93,564066
JHL,20160113,0.25,0.26,0.25,0.25,73006
JHX,20160113,15.71,15.93,15.66,15.82,1082978
JIN,20160113,0.985,1,0.98,0.98,26410
JKL,20160113,0.18,0.195,0.175,0.195,3071628
JRV,20160113,0.054,0.054,0.05,0.05,50635
KAM,20160113,0.69,0.69,0.69,0.69,4568
KAR,20160113,1.57,1.57,1.49,1.56,785603
KAS,20160113,0.018,0.018,0.018,0.018,49500
KBL,20160113,0.025,0.025,0.024,0.024,1309233
KBU,20160113,0.105,0.105,0.105,0.105,50000
KCN,20160113,0.29,0.29,0.265,0.275,774779
KDL,20160113,0.12,0.12,0.12,0.12,5000
KGL,20160113,0.091,0.091,0.087,0.087,57857
KII,20160113,2.35,2.35,2.35,2.35,4000
KIK,20160113,0.004,0.004,0.004,0.004,4000
KIN,20160113,0.093,0.093,0.088,0.088,23500
KKL,20160113,0.006,0.006,0.005,0.005,1793327
KKO,20160113,0.041,0.041,0.041,0.041,12000
KKT,20160113,0.3,0.3,0.3,0.3,5000
KLO,20160113,0.26,0.26,0.25,0.25,110000
KMD,20160113,1.44,1.46,1.435,1.45,89286
KNL,20160113,0.155,0.155,0.15,0.155,161107
KNM,20160113,0.02,0.021,0.019,0.019,2134399
KOR,20160113,0.043,0.043,0.043,0.043,17365
KOV,20160113,2.71,2.71,2.71,2.71,806
KPL,20160113,0.11,0.11,0.11,0.11,1250
KRC,20160113,0.013,0.013,0.011,0.011,40000
KRL,20160113,0.004,0.008,0.004,0.008,328700
KRM,20160113,0.225,0.225,0.22,0.22,83084
KSC,20160113,1.365,1.365,1.36,1.36,6273
KTE,20160113,0.03,0.031,0.03,0.031,21325
LAA,20160113,0.28,0.28,0.27,0.28,138287
LAU,20160113,0.47,0.47,0.47,0.47,60821
LBL,20160113,0.1,0.1,0.1,0.1,15836
LBT,20160113,0.135,0.135,0.135,0.135,34500
LCK,20160113,0.375,0.38,0.33,0.33,116824
LCM,20160113,0.64,0.64,0.6,0.62,179340
LEP,20160113,3.78,3.83,3.77,3.77,53205
LER,20160113,0.125,0.13,0.125,0.13,228434
LGD,20160113,0.235,0.235,0.235,0.235,6191
LGR,20160113,0.105,0.11,0.105,0.11,40000
LHB,20160113,0.13,0.14,0.13,0.14,21000
LHC,20160113,3.165,3.165,2.97,2.98,203809
LIC,20160113,2.6,2.6,2.6,2.6,2429
LIN,20160113,0.001,0.001,0.001,0.001,675000
LIT,20160113,0.15,0.155,0.145,0.15,1293800
LKO,20160113,0.001,0.001,0.001,0.001,2000000
LLC,20160113,13.3,13.51,13.27,13.46,1288240
LNG,20160113,0.615,0.645,0.575,0.635,3303794
LNK,20160113,7.7,7.71,7.56,7.6,578764
LOM,20160113,0.335,0.345,0.295,0.31,793524
LOV,20160113,3.51,3.69,3.5,3.61,49877
LPE,20160113,0.035,0.035,0.032,0.032,16576691
LRS,20160113,0.006,0.007,0.006,0.006,3851237
LSR,20160113,0.031,0.031,0.031,0.031,226655
LSX,20160113,0.2,0.2,0.2,0.2,24403
LTN,20160113,0.09,0.091,0.09,0.091,599853
LVT,20160113,0.25,0.25,0.245,0.25,233320
LWP,20160113,0.007,0.007,0.007,0.007,909251
LYC,20160113,0.097,0.098,0.094,0.094,8191728
MAD,20160113,0.066,0.066,0.065,0.065,249876
MAH,20160113,0.087,0.09,0.087,0.09,2909770
MAI,20160113,0.56,0.56,0.52,0.52,5000
MAQ,20160113,8.49,8.49,8.25,8.25,2428
MAT,20160113,0.16,0.165,0.16,0.16,69730
MAX,20160113,6.2,6.2,6.2,6.2,150
MBE,20160113,0.4,0.4,0.38,0.38,604156
MCE,20160113,0.47,0.47,0.465,0.465,45000
MCP,20160113,0.705,0.705,0.68,0.68,94078
MCS,20160113,0.048,0.05,0.048,0.05,2200000
MCT,20160113,0.029,0.034,0.029,0.033,10597983
MDI,20160113,0.007,0.007,0.007,0.007,60000
MDL,20160113,0.26,0.26,0.26,0.26,220000
MDR,20160113,0.036,0.037,0.035,0.037,233335
MEA,20160113,1.81,1.83,1.785,1.79,97520
MEB,20160113,0.32,0.32,0.3,0.3,63620
MED,20160113,0.033,0.033,0.033,0.033,15000
MEI,20160113,0.022,0.022,0.022,0.022,450000
MEL,20160113,0.054,0.054,0.054,0.054,395939
MEO,20160113,0.013,0.013,0.013,0.013,151193
MEP,20160113,0.058,0.058,0.056,0.056,376737
MEU,20160113,0.026,0.027,0.024,0.024,344477
MEY,20160113,0.125,0.125,0.125,0.125,500
MEZ,20160113,2.18,2.18,2.17,2.17,129672
MFF,20160113,2.04,2.04,1.99,2.02,339373
MFG,20160113,25.78,26.27,25.7,26.03,569777
MGC,20160113,2.41,2.5,2.39,2.42,352294
MGE,20160113,2.61,2.63,2.6,2.61,414944
MGL,20160113,0.018,0.018,0.017,0.017,151500
MGR,20160113,1.865,1.89,1.86,1.885,17184758
MGT,20160113,0.029,0.031,0.028,0.028,492512
MGV,20160113,0.018,0.018,0.017,0.017,10000
MGX,20160113,0.172,0.175,0.165,0.17,1543213
MGY,20160113,0.053,0.053,0.053,0.053,10000
MHC,20160113,0.03,0.03,0.025,0.025,21000
MHG,20160113,2.35,2.35,2.35,2.35,47410
MHM,20160113,0.028,0.028,0.028,0.028,20000
MIG,20160113,0.85,0.85,0.83,0.83,16000
MIL,20160113,2.19,2.19,2.19,2.19,1445
MIN,20160113,3.67,3.72,3.57,3.61,647776
MIR,20160113,2.56,2.56,2.52,2.52,44374
MJP,20160113,0.68,0.68,0.675,0.68,8740
MKB,20160113,0.025,0.025,0.025,0.025,10000
MKO,20160113,0.026,0.026,0.026,0.026,155104
MLA,20160113,0.062,0.062,0.062,0.062,18878
MLB,20160113,2.07,2.13,2.05,2.13,41657
MLD,20160113,0.7,0.725,0.69,0.69,122961
MLM,20160113,0.063,0.063,0.063,0.063,1272
MLT,20160113,4.39,4.46,4.36,4.4,95692
MLX,20160113,1.03,1.04,1.01,1.02,1723527
MMI,20160113,0.05,0.05,0.045,0.045,223800
MML,20160113,0.365,0.375,0.35,0.35,525653
MMS,20160113,12.38,12.81,12.38,12.77,296794
MNC,20160113,0.003,0.003,0.003,0.003,1523733
MND,20160113,6.52,6.66,6.46,6.55,372242
MNF,20160113,3.71,3.71,3.6,3.61,35344
MNM,20160113,0.013,0.013,0.013,0.013,500000
MNQ,20160113,0.01,0.01,0.009,0.01,800000
MNS,20160113,0.41,0.425,0.39,0.4,2567579
MNW,20160113,0.095,0.097,0.092,0.092,266037
MNY,20160113,0.895,0.905,0.88,0.885,360308
MOC,20160113,1.86,1.885,1.83,1.83,64194
MOY,20160113,0.043,0.043,0.041,0.041,318475
MP1,20160113,3.1,3.17,3,3.15,75273
MPE,20160113,0.004,0.004,0.004,0.004,125000
MPJ,20160113,0.003,0.003,0.003,0.003,2237532
MPL,20160113,2.14,2.2,2.125,2.19,8208501
MPO,20160113,0.14,0.14,0.135,0.135,139880
MQA,20160113,3.95,4.11,3.95,4.09,1314280
MQG,20160113,75.2,76.31,75,75.95,1183021
MRD,20160113,0.012,0.013,0.012,0.012,707094
MRM,20160113,0.26,0.275,0.25,0.265,1298658
MRV,20160113,0.004,0.004,0.004,0.004,287922
MSB,20160113,1.69,1.88,1.67,1.84,770044
MSG,20160113,0.053,0.056,0.053,0.056,1377463
MSM,20160113,0.065,0.094,0.065,0.091,12017080
MSP,20160113,0.03,0.03,0.03,0.03,13000
MSV,20160113,0.02,0.02,0.02,0.02,1950000
MTA,20160113,0.055,0.055,0.051,0.051,112660
MTL,20160113,0.075,0.075,0.074,0.075,534875
MTM,20160113,0.27,0.29,0.26,0.29,50871
MTR,20160113,4.58,4.64,4.57,4.59,709774
MTS,20160113,1.54,1.565,1.527,1.565,4201478
MTU,20160113,10.76,11.1,10.7,11.07,285012
MUA,20160113,0.96,0.97,0.96,0.97,12500
MUM,20160113,0.004,0.004,0.004,0.004,176000
MUS,20160113,0.12,0.12,0.12,0.12,6251
MVA,20160113,18.21,18.21,18.2,18.2,2238
MVB,20160113,24.66,24.98,24.66,24.98,3850
MVF,20160113,1.52,1.52,1.47,1.475,278678
MVP,20160113,3.18,3.2,2.85,3.02,182816
MVR,20160113,13.22,13.24,13.22,13.24,564
MVS,20160113,15.04,15.17,15.04,15.17,1651
MVT,20160113,0.14,0.145,0.14,0.145,16000
MVW,20160113,20.17,20.42,20.16,20.41,18597
MWR,20160113,1.08,1.08,1.04,1.04,8376
MX1,20160113,0.485,0.485,0.485,0.485,6000
MXI,20160113,0.5,0.5,0.5,0.5,91962
MYE,20160113,0.21,0.21,0.21,0.21,4200
MYO,20160113,2.99,3.01,2.92,3,860608
MYR,20160113,1.065,1.105,1.062,1.105,4455924
MYS,20160113,4.71,4.71,4.62,4.68,28072
MYT,20160113,2.7,2.7,2.62,2.68,776103
MYX,20160113,1.28,1.315,1.25,1.265,1544838
MZI,20160113,0.345,0.345,0.3,0.33,2688344
MZM,20160113,0.23,0.24,0.22,0.24,21500
MZN,20160113,0.006,0.006,0.006,0.006,183963
NAB,20160113,27.5,27.7,27.33,27.68,4538334
NAE,20160113,0.004,0.004,0.004,0.004,1500000
NAG,20160113,0.125,0.14,0.12,0.12,2582056
NAM,20160113,0.35,0.35,0.33,0.33,36770
NAN,20160113,1.74,1.755,1.7,1.74,1759327
NCC,20160113,0.96,0.96,0.96,0.96,24267
NCK,20160113,4.16,4.2,4.14,4.18,19401
NCL,20160113,0.185,0.185,0.18,0.18,31246
NCM,20160113,13.05,13.1,12.55,12.56,3865812
NCR,20160113,0.003,0.003,0.003,0.003,82732
NDQ,20160113,10.72,10.78,10.72,10.77,36736
NEA,20160113,0.405,0.405,0.39,0.39,154788
NEC,20160113,1.7,1.73,1.7,1.72,2720060
NEN,20160113,0.023,0.023,0.023,0.023,95207
NEU,20160113,0.125,0.125,0.12,0.12,578909
NGE,20160113,0.018,0.018,0.017,0.017,200000
NGY,20160113,0.025,0.025,0.025,0.025,130500
NHC,20160113,1.82,1.82,1.76,1.81,24958
NHF,20160113,3.3,3.36,3.25,3.34,246606
NKP,20160113,0.07,0.071,0.068,0.071,113500
NMT,20160113,0.16,0.16,0.155,0.155,1007628
NNW,20160113,0.115,0.115,0.1,0.1,72529
NOR,20160113,0.078,0.085,0.075,0.083,15667331
NPX,20160113,4.32,4.32,4.29,4.3,2552
NRT,20160113,0.127,0.13,0.125,0.125,817827
NSL,20160113,0.006,0.006,0.006,0.006,100000
NSP,20160113,0.011,0.011,0.011,0.011,606998
NSR,20160113,1.485,1.525,1.477,1.525,535777
NST,20160113,2.69,2.7,2.51,2.52,5961053
NSX,20160113,0.27,0.27,0.27,0.27,40000
NTC,20160113,2.98,3,2.82,2.84,227647
NTL,20160113,0.006,0.006,0.006,0.006,500000
NTU,20160113,0.086,0.086,0.082,0.082,210580
NUF,20160113,7.5,7.59,7.385,7.48,724518
NVL,20160113,1.43,1.43,1.375,1.375,30076
NVT,20160113,4.34,4.37,4.33,4.37,514760
NWH,20160113,0.073,0.073,0.069,0.069,1388118
NWS,20160113,18.26,18.42,18.26,18.35,217695
NWZ,20160113,0.038,0.039,0.036,0.036,823027
NXM,20160113,0.082,0.084,0.082,0.082,10000
NXT,20160113,2.35,2.39,2.33,2.34,324955
NZO,20160113,0.395,0.395,0.395,0.395,10000
OBJ,20160113,0.053,0.053,0.05,0.05,2334130
OCC,20160113,0.63,0.64,0.57,0.575,581203
OCL,20160113,1.85,1.85,1.85,1.85,525
ODN,20160113,0.021,0.025,0.021,0.025,19284691
ODY,20160113,0.055,0.055,0.055,0.055,10697
OEC,20160113,0.5,0.5,0.5,0.5,26500
OEL,20160113,0.02,0.021,0.02,0.021,3159112
OEX,20160113,0.012,0.012,0.012,0.012,100000
OFX,20160113,3.14,3.17,3.14,3.17,582166
OGC,20160113,2.9,2.9,2.82,2.84,674545
OGX,20160113,0.175,0.175,0.17,0.17,194612
OGY,20160113,0.015,0.015,0.015,0.015,305000
OKJ,20160113,0.05,0.05,0.05,0.05,30000
OKU,20160113,0.055,0.055,0.055,0.055,32389
OML,20160113,4.4,4.48,4.38,4.45,180567
ONT,20160113,7.11,7.2,7.11,7.12,1704
OOO,20160113,12.68,12.85,12.68,12.81,85075
OPT,20160113,0.475,0.475,0.465,0.465,36467
ORA,20160113,2.13,2.18,2.09,2.17,4952863
ORE,20160113,2.3,2.41,2.28,2.38,410280
ORG,20160113,4.05,4.2,4.01,4.18,10477083
ORI,20160113,13.84,14,13.72,13.91,1236971
ORL,20160113,2.59,2.59,2.46,2.46,12001
ORR,20160113,0.12,0.12,0.12,0.12,2102
ORS,20160113,0.013,0.013,0.013,0.013,450000
ORX,20160113,0.097,0.097,0.094,0.094,21678
OSH,20160113,6.2,6.33,6.12,6.32,6954096
OSL,20160113,0.24,0.25,0.23,0.24,1319237
OSP,20160113,0.285,0.285,0.28,0.28,246717
OTC,20160113,0.17,0.17,0.17,0.17,344790
OTH,20160113,0.725,0.73,0.725,0.73,73236
OTR,20160113,0.064,0.064,0.064,0.064,30000
OVH,20160113,0.795,0.82,0.77,0.81,1520486
OVL,20160113,0.007,0.007,0.007,0.007,75000
OZB,20160113,0.005,0.005,0.005,0.005,100000
OZF,20160113,18.89,19.2,18.89,19.2,4030
OZG,20160113,0.12,0.12,0.12,0.12,385000
OZL,20160113,3.38,3.605,3.34,3.57,1687634
OZR,20160113,5.21,5.26,5.21,5.26,5070
PAA,20160113,0.1,0.1,0.095,0.095,30798
PAB,20160113,0.008,0.008,0.008,0.008,100000
PAC,20160113,7.4,7.4,7.05,7.17,16664
PAF,20160113,0.905,0.915,0.905,0.91,21474
PAI,20160113,0.985,1.05,0.985,1.01,506151
PAN,20160113,0.17,0.17,0.162,0.165,508425
PAR,20160113,0.32,0.32,0.32,0.32,7715
PBG,20160113,0.69,0.725,0.69,0.725,4759718
PBT,20160113,0.1,0.1,0.085,0.086,707767
PCL,20160113,0.004,0.004,0.004,0.004,450000
PDI,20160113,0.002,0.002,0.002,0.002,1000000
PDM,20160113,0.002,0.002,0.002,0.002,1079520
PDN,20160113,0.225,0.227,0.215,0.225,6328568
PDZ,20160113,0.175,0.175,0.175,0.175,17750
PEA,20160113,0.395,0.395,0.395,0.395,34977
PEH,20160113,0.175,0.175,0.175,0.175,174661
PEL,20160113,0.008,0.008,0.008,0.008,710874
PEN,20160113,1.04,1.04,1,1.04,137838
PEP,20160113,3.2,3.2,3.04,3.04,41180
PEZ,20160113,0.045,0.045,0.045,0.045,510000
PFG,20160113,0.095,0.095,0.095,0.095,25500
PFL,20160113,1.155,1.155,1.15,1.15,6940
PGC,20160113,0.67,0.685,0.67,0.685,109069
PGF,20160113,0.95,0.97,0.945,0.965,375068
PGH,20160113,4.51,4.61,4.51,4.58,551821
PGI,20160113,0.075,0.075,0.075,0.075,40000
PGM,20160113,0.047,0.047,0.037,0.037,467856
PGY,20160113,0.001,0.001,0.001,0.001,16319896
PIC,20160113,0.955,0.975,0.95,0.965,200801
PIL,20160113,0.025,0.025,0.024,0.024,150000
PIO,20160113,0.018,0.018,0.018,0.018,512542
PIQ,20160113,0.275,0.275,0.275,0.275,20696
PLP,20160113,0.007,0.007,0.006,0.006,15741676
PLS,20160113,0.27,0.29,0.265,0.285,4591964
PMC,20160113,1.83,1.865,1.82,1.855,97993
PME,20160113,3.09,3.13,3.07,3.11,75249
PML,20160113,0.042,0.045,0.042,0.043,95000
PMP,20160113,0.5,0.51,0.48,0.48,311985
PMV,20160113,13.03,13.18,13,13.14,181696
PNC,20160113,1.8,1.83,1.8,1.83,15052
PNL,20160113,0.26,0.26,0.26,0.26,30000
PNR,20160113,0.07,0.07,0.07,0.07,50000
PNV,20160113,0.265,0.265,0.26,0.265,213842
POH,20160113,0.011,0.011,0.011,0.011,207500
POP,20160113,0.035,0.035,0.032,0.032,788000
POS,20160113,0.045,0.045,0.039,0.039,5416760
POU,20160113,20.53,20.53,20.53,20.53,419
POZ,20160113,0.018,0.018,0.018,0.018,2800
PPC,20160113,1.04,1.065,1.02,1.045,213551
PPS,20160113,0.3,0.31,0.3,0.3,936523
PPT,20160113,41.14,42.5,41.1,42.37,226659
PRG,20160113,2.13,2.15,2.1,2.13,721579
PRO,20160113,1.91,1.91,1.85,1.88,73942
PRR,20160113,0.052,0.053,0.051,0.051,2709201
PRT,20160113,0.47,0.5,0.47,0.495,65314
PRU,20160113,0.36,0.365,0.33,0.33,1929396
PRY,20160113,2.39,2.49,2.33,2.48,4158932
PSC,20160113,0.004,0.004,0.004,0.004,125000
PSI,20160113,1.57,1.57,1.55,1.55,73999
PSM,20160113,0.015,0.016,0.015,0.015,1015000
PSQ,20160113,2.09,2.09,2.04,2.06,9470
PSY,20160113,0.12,0.12,0.115,0.115,542614
PSZ,20160113,0.97,0.995,0.965,0.995,81836
PTB,20160113,0.395,0.395,0.395,0.395,18000
PTL,20160113,0.685,0.685,0.675,0.675,182130
PTM,20160113,6.83,7.07,6.83,7.03,840907
PTR,20160113,0.004,0.004,0.004,0.004,1428230
PTX,20160113,0.086,0.09,0.085,0.086,153438
PUN,20160113,0.015,0.015,0.015,0.015,50000
PVA,20160113,5.6,5.6,5.5,5.5,2510
PVD,20160113,0.03,0.03,0.03,0.03,391188
PWH,20160113,2.8,2.87,2.75,2.84,127370
PWN,20160113,0.029,0.029,0.027,0.027,396877
PXS,20160113,0.355,0.37,0.35,0.37,315287
PYC,20160113,0.013,0.014,0.013,0.014,5517212
PYM,20160113,0.006,0.006,0.006,0.006,6093566
QAG,20160113,7.45,7.45,7.45,7.45,2055
QAN,20160113,4.1,4.14,4.065,4.11,9464659
QAU,20160113,11.42,11.42,11.4,11.4,481
QBE,20160113,11.29,11.47,11.23,11.46,2836161
QBL,20160113,0.01,0.01,0.01,0.01,1000000
QCB,20160113,8.79,8.79,8.79,8.79,166
QFN,20160113,10.5,10.62,10.48,10.59,9526
QHL,20160113,0.15,0.15,0.15,0.15,261110
QMS,20160113,1.27,1.27,1.225,1.24,164098
QOZ,20160113,10.66,10.67,10.66,10.67,5589
QRE,20160113,2.85,2.87,2.83,2.86,26769
QTG,20160113,0.006,0.006,0.006,0.006,382650
QUB,20160113,2.12,2.12,2.08,2.1,3972103
QUR,20160113,0.04,0.04,0.04,0.04,177462
QUS,20160113,26.8,26.81,26.8,26.81,5763
QVE,20160113,1.005,1.03,1.005,1.01,255412
RAD,20160113,0.043,0.047,0.043,0.043,2045249
RAP,20160113,0.15,0.16,0.125,0.125,7808396
RBX,20160113,0.005,0.005,0.004,0.004,50000
RCB,20160113,20.23,20.23,20.2,20.2,367
RCF,20160113,0.003,0.003,0.003,0.003,56974
RCG,20160113,1.55,1.6,1.515,1.58,851219
RCO,20160113,0.21,0.21,0.21,0.21,12500
RCR,20160113,1.9,1.91,1.805,1.85,74134
RCT,20160113,3.6,3.6,3.58,3.58,2957
RDS,20160113,0.007,0.009,0.007,0.009,101248
RDV,20160113,26.66,26.84,26.41,26.7,11651
REA,20160113,50.83,52.23,50.8,52.03,264995
REC,20160113,6.53,6.59,6.48,6.59,295862
RED,20160113,0.057,0.058,0.056,0.056,219435
REG,20160113,5.48,5.5,5.43,5.44,470097
REH,20160113,32.3,32.7,32,32.25,13856
RES,20160113,0.038,0.038,0.038,0.038,400
REX,20160113,0.88,0.895,0.88,0.895,5000
RFF,20160113,1.43,1.44,1.425,1.435,25246
RFG,20160113,4.38,4.44,4.36,4.4,359002
RFL,20160113,0.14,0.14,0.13,0.13,207206
RFN,20160113,0.535,0.55,0.515,0.55,277964
RFT,20160113,0.006,0.006,0.006,0.006,2451984
RFX,20160113,0.23,0.24,0.22,0.23,446000
RGP,20160113,0.083,0.083,0.081,0.081,20500
RGS,20160113,0.095,0.099,0.095,0.098,147573
RHC,20160113,64.57,64.9,63.91,64,492088
RHL,20160113,3.4,3.4,3.16,3.27,24424
RHP,20160113,1.41,1.435,1.355,1.36,181761
RIC,20160113,1.45,1.51,1.43,1.51,362391
RIE,20160113,0.009,0.01,0.009,0.01,100000
RIM,20160113,0.015,0.016,0.015,0.016,216000
RIO,20160113,38.57,40,38.23,39.55,3689865
RIS,20160113,0.2,0.2,0.2,0.2,32300
RKN,20160113,2.3,2.36,2.3,2.31,18493
RLE,20160113,0.092,0.092,0.092,0.092,200000
RMD,20160113,7.57,7.64,7.56,7.64,2813969
RMP,20160113,0.019,0.019,0.018,0.018,670961
RMR,20160113,0.001,0.001,0.001,0.001,33334
RMS,20160113,0.24,0.24,0.225,0.23,2968412
RMX,20160113,0.002,0.002,0.002,0.002,6400000
RND,20160113,1.35,1.35,1.35,1.35,20
RNI,20160113,0.014,0.014,0.014,0.014,284681
RNO,20160113,0.027,0.028,0.027,0.028,464413
RNS,20160113,0.034,0.036,0.03,0.03,531228
RNT,20160113,0.305,0.305,0.285,0.3,633291
RNY,20160113,0.27,0.27,0.27,0.27,228389
RRL,20160113,2.32,2.32,2.18,2.21,3907615
RRS,20160113,0.005,0.005,0.005,0.005,1340191
RSG,20160113,0.245,0.25,0.237,0.24,1217884
RSH,20160113,0.042,0.046,0.042,0.046,150000
RTR,20160113,0.01,0.01,0.01,0.01,476818
RUB,20160113,0.043,0.043,0.043,0.043,186400
RUL,20160113,0.45,0.49,0.45,0.48,51550
RUM,20160113,0.043,0.043,0.042,0.042,126000
RVA,20160113,0.93,0.94,0.92,0.92,163224
RVL,20160113,25.42,25.42,25.42,25.42,200
RVR,20160113,0.09,0.09,0.09,0.09,100000
RVY,20160113,0.021,0.022,0.018,0.022,845454
RWD,20160113,0.57,0.57,0.57,0.57,6147
RWH,20160113,1.265,1.28,1.265,1.27,895837
RXL,20160113,0.012,0.012,0.011,0.011,651807
RXM,20160113,0.06,0.06,0.06,0.06,10873
RXP,20160113,0.59,0.61,0.57,0.61,120424
S2R,20160113,0.125,0.135,0.125,0.13,198186
S32,20160113,0.885,0.905,0.87,0.895,25463987
SAI,20160113,3.99,4.07,3.99,4.07,312765
SAR,20160113,0.74,0.752,0.715,0.725,3450798
SAU,20160113,0.22,0.22,0.205,0.205,24619
SBM,20160113,1.64,1.737,1.615,1.69,6373043
SCG,20160113,4.15,4.22,4.12,4.21,14118763
SCP,20160113,2.05,2.08,2.05,2.06,1666908
SDA,20160113,4.4,4.4,4.3,4.39,137345
SDF,20160113,1.455,1.48,1.45,1.475,761144
SDG,20160113,1.6,1.615,1.56,1.595,210184
SDI,20160113,0.56,0.58,0.555,0.56,197000
SDM,20160113,1.07,1.075,1.07,1.07,5894241
SEA,20160113,0.15,0.155,0.14,0.15,2152682
SEH,20160113,0.07,0.07,0.067,0.067,170529
SEK,20160113,13.76,14,13.76,13.94,1022941
SEN,20160113,0.18,0.185,0.18,0.185,350941
SER,20160113,0.021,0.022,0.018,0.019,2863247
SES,20160113,0.12,0.12,0.12,0.12,40000
SFG,20160113,0.084,0.085,0.082,0.082,776076
SFH,20160113,0.555,0.555,0.54,0.54,17000
SFI,20160113,0.049,0.049,0.045,0.049,1201321
SFL,20160113,0.26,0.26,0.26,0.26,8789
SFR,20160113,4.8,4.97,4.725,4.85,802149
SFX,20160113,0.4,0.4,0.4,0.4,65000
SFY,20160113,47.05,47.74,47.05,47.74,13456
SGF,20160113,3.62,3.63,3.53,3.6,145899
SGH,20160113,0.71,0.71,0.66,0.67,4019373
SGM,20160113,6.3,6.36,6.09,6.34,1452844
SGN,20160113,0.75,0.752,0.71,0.72,302045
SGP,20160113,4.1,4.15,4.04,4.14,7112419
SGQ,20160113,0.09,0.09,0.082,0.083,943478
SGR,20160113,4.85,4.96,4.84,4.94,2338211
SGU,20160113,0.099,0.1,0.099,0.1,14000
SHJ,20160113,1.995,2,1.93,1.95,90734
SHL,20160113,17.45,17.65,17.31,17.6,1757267
SHM,20160113,0.94,0.94,0.925,0.925,51711
SHV,20160113,7.1,7.32,7.08,7.08,374006
SIH,20160113,0.015,0.015,0.014,0.014,172961
SIO,20160113,0.86,0.86,0.8,0.8,36237
SIP,20160113,0.8,0.82,0.8,0.82,875338
SIQ,20160113,4.93,5,4.78,5,167455
SIT,20160113,0.3,0.3,0.3,0.3,50000
SIV,20160113,9.1,9.1,8.87,8.93,18114
SKB,20160113,0.355,0.355,0.355,0.355,30298
SKC,20160113,3.95,3.96,3.9,3.91,710023
SKF,20160113,0.135,0.135,0.13,0.13,60218
SKI,20160113,1.83,1.84,1.805,1.83,9241659
SKT,20160113,3.92,4,3.89,4,294412
SLC,20160113,2.01,2.07,2,2.05,166931
SLF,20160113,11.54,11.85,11.54,11.85,54026
SLK,20160113,3.3,3.32,3.25,3.3,409480
SLM,20160113,0.65,0.65,0.65,0.65,9230
SLR,20160113,0.21,0.21,0.2,0.2,2808127
SLX,20160113,0.395,0.395,0.38,0.385,5199
SMA,20160113,0.058,0.06,0.057,0.057,2066510
SMI,20160113,0.01,0.01,0.01,0.01,50000
SMN,20160113,1.27,1.31,1.15,1.27,794999
SMR,20160113,0.135,0.135,0.135,0.135,60000
SMX,20160113,2.82,2.86,2.71,2.74,215213
SNC,20160113,0.85,0.85,0.85,0.85,10279
SO4,20160113,0.225,0.225,0.22,0.225,25548
SOC,20160113,0.003,0.003,0.003,0.003,572955
SOI,20160113,0.03,0.03,0.03,0.03,17857
SOL,20160113,17.41,17.5,17.25,17.45,24113
SOM,20160113,2.5,2.5,2.45,2.45,61221
SOR,20160113,0.165,0.165,0.16,0.16,120816
SPK,20160113,3.06,3.08,3.035,3.08,677475
SPL,20160113,0.7,0.715,0.695,0.705,260669
SPO,20160113,0.965,1.1,0.96,1.095,16037404
SPX,20160113,0.004,0.004,0.004,0.004,1587178
SPY,20160113,276.33,276.45,276.32,276.45,150
SPZ,20160113,0.26,0.27,0.26,0.265,191487
SRF,20160113,1.815,1.84,1.75,1.8,94303
SRH,20160113,0.15,0.15,0.15,0.15,35000
SRI,20160113,0.033,0.033,0.032,0.032,113873
SRS,20160113,0.026,0.026,0.026,0.026,2837
SRT,20160113,0.027,0.029,0.026,0.026,32750577
SRV,20160113,7.51,7.76,7.46,7.46,39880
SRX,20160113,38.2,38.42,37.8,38.06,254765
SRY,20160113,0.05,0.05,0.05,0.05,25000
SRZ,20160113,0.015,0.015,0.015,0.015,40000
SSM,20160113,0.505,0.505,0.455,0.46,807864
SSN,20160113,0.004,0.004,0.003,0.003,7626864
SSO,20160113,10.87,10.87,10.84,10.84,1175
STA,20160113,0.006,0.007,0.006,0.007,305072
STL,20160113,0.029,0.031,0.027,0.028,2692798
STO,20160113,2.96,3.14,2.89,3.11,11727914
STS,20160113,0.7,0.7,0.7,0.7,11500
STW,20160113,46.07,46.64,46.03,46.57,131700
STX,20160113,0.12,0.12,0.115,0.115,512954
SUD,20160113,0.028,0.028,0.027,0.027,113182
SUH,20160113,0.064,0.064,0.064,0.064,3689
SUL,20160113,10.72,10.955,10.72,10.94,399562
SUN,20160113,11.62,11.83,11.58,11.83,2957830
SUR,20160113,0.001,0.001,0.001,0.001,2000000
SVL,20160113,0.001,0.002,0.001,0.001,8894524
SVM,20160113,0.055,0.055,0.055,0.055,12800
SVW,20160113,5.12,5.15,5.05,5.11,261731
SWE,20160113,0.038,0.038,0.038,0.038,25000
SWJ,20160113,0.014,0.014,0.014,0.014,200000
SWK,20160113,0.125,0.125,0.115,0.115,92000
SWL,20160113,0.97,0.97,0.97,0.97,2056
SWM,20160113,0.72,0.75,0.72,0.74,1403702
SWR,20160113,0.046,0.046,0.04,0.04,772500
SXA,20160113,0.04,0.04,0.04,0.04,50000
SXL,20160113,1.055,1.095,1.055,1.08,1427628
SXX,20160113,0.003,0.003,0.003,0.003,3150582
SXY,20160113,0.13,0.14,0.13,0.14,3204351
SYA,20160113,0.018,0.018,0.013,0.016,737220
SYD,20160113,6.02,6.03,5.92,5.96,7224177
SYI,20160113,25.05,25.2,24.9,25.13,5135
SYR,20160113,3.44,3.5,3.35,3.46,461992
TAH,20160113,4.51,4.6,4.5,4.57,2721315
TAM,20160113,0.042,0.045,0.042,0.045,32730
TAP,20160113,0.135,0.135,0.125,0.127,328339
TAR,20160113,0.06,0.06,0.06,0.06,2880
TAS,20160113,0.039,0.04,0.036,0.036,187739
TAW,20160113,0.002,0.002,0.002,0.002,8827290
TBR,20160113,3.45,3.47,3.45,3.47,17
TCH,20160113,2.52,2.52,2.4,2.47,118287
TCL,20160113,10.19,10.29,10.17,10.21,5107442
TCN,20160113,0.083,0.085,0.083,0.085,91794
TFC,20160113,1.5,1.545,1.5,1.5,483087
TFL,20160113,0.295,0.33,0.295,0.33,95498
TGA,20160113,1.86,1.86,1.82,1.86,279643
TGG,20160113,1.19,1.2,1.17,1.2,362206
TGN,20160113,0.046,0.046,0.045,0.045,60000
TGP,20160113,0.925,0.935,0.91,0.935,189668
TGR,20160113,4.5,4.74,4.5,4.72,563318
TGS,20160113,0.047,0.047,0.046,0.046,357097
TGZ,20160113,0.47,0.47,0.465,0.47,30518
THX,20160113,0.073,0.073,0.069,0.069,41692
TIS,20160113,0.045,0.045,0.044,0.045,218693
TIX,20160113,2.42,2.47,2.41,2.43,285713
TKL,20160113,0.02,0.02,0.02,0.02,500000
TLG,20160113,0.295,0.295,0.285,0.285,22237
TLM,20160113,0.43,0.45,0.43,0.45,56227
TLS,20160113,5.39,5.43,5.38,5.43,16780158
TME,20160113,3.89,3.89,3.84,3.85,973125
TMK,20160113,0.004,0.004,0.004,0.004,480000
TMP,20160113,0.58,0.595,0.56,0.58,32552
TMX,20160113,0.005,0.005,0.005,0.005,648575
TND,20160113,0.038,0.038,0.038,0.038,33706
TNE,20160113,4.52,4.64,4.5,4.59,401289
TNG,20160113,0.12,0.12,0.11,0.11,1636842
TNP,20160113,0.01,0.01,0.01,0.01,100000
TNR,20160113,0.225,0.225,0.215,0.22,181376
TOE,20160113,0.066,0.069,0.064,0.064,465532
TOF,20160113,2.025,2.03,2.02,2.02,21847
TON,20160113,0.089,0.092,0.089,0.092,785425
TOP,20160113,0.56,0.56,0.55,0.55,48286
TOT,20160113,1.04,1.06,1.04,1.06,92400
TOX,20160113,2.65,2.65,2.545,2.62,89084
TPD,20160113,0.011,0.011,0.01,0.01,7029
TPE,20160113,3.7,3.7,3.6,3.61,34807
TPI,20160113,0.68,0.705,0.675,0.695,2201715
TPM,20160113,9.42,9.63,9.405,9.58,1211676
TPP,20160113,0.12,0.12,0.115,0.115,527170
TPR,20160113,0.053,0.053,0.053,0.053,37735
TPS,20160113,0.038,0.038,0.037,0.038,246842
TPW,20160113,0.75,0.75,0.73,0.73,171773
TRS,20160113,10.31,10.71,10.31,10.63,97963
TRY,20160113,0.205,0.205,0.2,0.2,454221
TSM,20160113,0.46,0.525,0.46,0.48,2431110
TSN,20160113,0.02,0.02,0.019,0.019,1246250
TSV,20160113,0.046,0.046,0.045,0.045,1272516
TTC,20160113,0.615,0.62,0.6,0.62,37130
TTI,20160113,0.028,0.028,0.028,0.028,78600
TTS,20160113,4.13,4.19,4.115,4.17,5144272
TWD,20160113,3.12,3.12,3.1,3.1,5200
TWE,20160113,7.97,8.01,7.92,8,2171582
TWR,20160113,1.75,1.75,1.71,1.75,36707
TYK,20160113,0.004,0.004,0.004,0.004,25500
TZL,20160113,0.063,0.063,0.062,0.062,198680
TZN,20160113,0.14,0.14,0.14,0.14,5600
UBI,20160113,0.455,0.455,0.44,0.44,187646
UBJ,20160113,20.17,20.17,20.17,20.17,18
UBN,20160113,0.685,0.7,0.685,0.685,25119
UGL,20160113,2.34,2.36,2.23,2.34,217724
UIL,20160113,0.04,0.04,0.04,0.04,50000
UML,20160113,0.026,0.026,0.026,0.026,2287098
UNS,20160113,0.165,0.175,0.165,0.165,3062282
UNV,20160113,0.2,0.205,0.2,0.205,562880
UOS,20160113,0.48,0.48,0.48,0.48,7502
UPD,20160113,0.26,0.26,0.245,0.26,349375
URF,20160113,2.08,2.1,2.07,2.09,36275
URI,20160113,0.63,0.63,0.63,0.63,59
USD,20160113,14.01,14.02,13.87,13.91,346938
USG,20160113,2.52,2.52,2.52,2.52,8500
USR,20160113,0.675,0.675,0.675,0.675,3483
UXC,20160113,1.215,1.22,1.205,1.21,596307
VAE,20160113,48.39,48.39,48.39,48.39,3000
VAF,20160113,49.41,49.41,49.25,49.39,21047
VAH,20160113,0.47,0.495,0.47,0.495,1153480
VAP,20160113,72.44,73.85,72.44,73.6,11743
VAR,20160113,0.021,0.021,0.021,0.021,85597
VAS,20160113,62.77,63.22,62.46,63.1,91377
VCF,20160113,50.62,50.62,50.62,50.62,294
VCX,20160113,2.72,2.76,2.7,2.75,12785101
VED,20160113,2.79,2.8,2.79,2.79,4829358
VEQ,20160113,49.14,49.14,49.12,49.12,531
VEU,20160113,58.01,58.49,58,58.11,13672
VGB,20160113,48.97,48.97,48.79,48.79,2806
VGE,20160113,47.82,48.51,47.82,48.06,1170
VGS,20160113,56.02,56.65,56.02,56.43,22186
VHY,20160113,52.34,53.42,52.34,53.42,24323
VIA,20160113,2.4,2.5,2.4,2.5,15500
VIC,20160113,0.011,0.011,0.011,0.011,7770227
VIF,20160113,50.97,50.97,50.97,50.97,382
VIT,20160113,2.56,2.68,2.54,2.67,610531
VKA,20160113,0.013,0.013,0.013,0.013,100000
VLA,20160113,0.71,0.71,0.68,0.68,296712
VLC,20160113,52.98,53.4,52.98,53.4,708
VLW,20160113,2.04,2.04,2,2.02,62350
VMS,20160113,0.02,0.02,0.02,0.02,150000
VMT,20160113,0.31,0.31,0.3,0.305,402652
VMX,20160113,0.125,0.125,0.11,0.11,80351
VOC,20160113,6.8,7.06,6.8,7.03,723417
VPC,20160113,0.058,0.068,0.058,0.068,12658165
VRL,20160113,6.63,6.84,6.57,6.84,311747
VRT,20160113,5.73,5.84,5.62,5.83,312334
VRX,20160113,0.017,0.017,0.017,0.017,180355
VSC,20160113,1.61,1.675,1.6,1.675,565621
VSO,20160113,40.7,41.1,40.7,41.1,2529
VTG,20160113,2.38,2.45,2.35,2.42,235723
VTS,20160113,140.67,141.25,140.62,141,8350
VXR,20160113,0.005,0.005,0.005,0.005,23776
WAA,20160113,1.08,1.085,1.08,1.085,15000
WAF,20160113,0.066,0.067,0.065,0.067,71350
WAM,20160113,2.13,2.14,2.1,2.11,274739
WAX,20160113,1.285,1.285,1.27,1.275,223338
WBA,20160113,1.27,1.27,1.245,1.245,58576
WBC,20160113,31.13,31.53,30.93,31.49,6205691
WCB,20160113,9.06,9.1,9.06,9.06,682
WCN,20160113,0.006,0.006,0.006,0.006,230000
WDE,20160113,0.805,0.805,0.79,0.79,191000
WEB,20160113,5.46,5.54,5.46,5.47,52793
WEC,20160113,0.105,0.12,0.105,0.12,1919
WES,20160113,39.15,40.05,39.15,39.95,1937018
WFD,20160113,9.33,9.6,9.33,9.53,5076664
WFE,20160113,0.003,0.003,0.003,0.003,99000
WHC,20160113,0.6,0.6,0.53,0.53,5744587
WHF,20160113,4.19,4.2,4.19,4.2,17900
WIC,20160113,0.82,0.82,0.8,0.8,20000
WIG,20160113,1.05,1.05,1.05,1.05,10000
WIN,20160113,0.055,0.055,0.052,0.052,14758
WKT,20160113,0.005,0.005,0.005,0.005,1355614
WLD,20160113,1.13,1.15,1.1,1.135,737823
WMC,20160113,0.47,0.49,0.44,0.44,142973
WMK,20160113,0.985,0.985,0.985,0.985,99816
WMN,20160113,0.11,0.11,0.11,0.11,27000
WOF,20160113,0.006,0.006,0.006,0.006,63000
WOR,20160113,4.17,4.35,4.13,4.35,1433050
WOW,20160113,23.01,23.26,22.81,23.25,3615932
WPG,20160113,0.031,0.032,0.03,0.031,276387
WPI,20160113,0.032,0.034,0.031,0.032,9107458
WPL,20160113,27.41,27.52,27.08,27.44,2386630
WRM,20160113,0.014,0.014,0.014,0.014,95000
WSA,20160113,2.06,2.1,1.995,2.03,1231196
WTP,20160113,1.075,1.08,1.07,1.075,176081
WTR,20160113,0.022,0.022,0.022,0.022,256281
WVL,20160113,0.01,0.01,0.01,0.01,1450000
WWI,20160113,0.022,0.022,0.022,0.022,68089
XAM,20160113,0.105,0.105,0.1,0.1,35529
XIP,20160113,3.19,3.2,3.15,3.17,23623
XPD,20160113,0.185,0.185,0.18,0.18,63700
XRO,20160113,15.99,16.19,15.99,16.14,55065
XTD,20160113,0.24,0.245,0.235,0.24,846146
XTE,20160113,0.395,0.395,0.395,0.395,7500
XTV,20160113,0.01,0.01,0.01,0.01,1230700
YAL,20160113,0.1,0.1,0.1,0.1,20045
YBR,20160113,0.27,0.27,0.265,0.27,107825
YOW,20160113,0.915,0.945,0.88,0.915,409866
YPB,20160113,0.27,0.27,0.26,0.26,27242
ZER,20160113,0.18,0.18,0.18,0.18,55555
ZEU,20160113,0.016,0.016,0.016,0.016,500000
ZGL,20160113,0.165,0.165,0.165,0.165,15000
ZGM,20160113,0.004,0.004,0.004,0.004,450000
ZIM,20160113,3,3,2.8,3,6404
ZIP,20160113,0.41,0.48,0.41,0.43,163517
ZML,20160113,0.4,0.405,0.4,0.405,28600
ZNZ,20160113,6,6.05,5.97,6.05,47163
XAF,20160113,4913.1,4979.1,4912.9,4973.5,0
XAO,20160113,4982.2,5046.1,4982.2,5041.6,0
XAT,20160113,4873.6,4939.7,4873.6,4934.8,0
XDJ,20160113,1879.1,1916.8,1879.1,1914.5,0
XEC,20160113,1064.3,1066.9,1055.8,1055.8,0
XEJ,20160113,7300.8,7468,7273.7,7460.3,0
XFJ,20160113,5820.3,5937.3,5820.3,5928.6,0
XFL,20160113,4965.3,5031.4,4965.1,5025.8,0
XGD,20160113,2718.6,2718.6,2594.8,2596.3,0
XHJ,20160113,19369.5,19492,19290.2,19460.8,0
XIJ,20160113,759.6,773.5,759.6,772.1,0
XJO,20160113,4925.1,4992.4,4925.1,4987.4,0
XJR,20160113,2134.5,2148,2095.4,2137.5,0
XKO,20160113,4885,4950.2,4885,4945.5,0
XMD,20160113,4808.9,4899.7,4808.9,4895.4,0
XMJ,20160113,6223.6,6229.8,6113,6203.1,0
XMM,20160113,1687,1687,1644,1671.4,0
XNJ,20160113,4627.1,4647,4619.3,4633.7,0
XPJ,20160113,1256.4,1278.9,1254.6,1275.7,0
XSJ,20160113,8282.4,8386.9,8276.6,8379.8,0
XSO,20160113,2036,2051.8,2033.8,2050.3,0
XTJ,20160113,1936.5,1960.7,1936.1,1960.2,0
XTL,20160113,2936.3,2983.3,2935.5,2979.4,0
XTO,20160113,4088.1,4145.1,4088.1,4140.9,0
XUJ,20160113,6709.1,6744.5,6690.7,6736.3,0
XXJ,20160113,6617,6753.7,6617,6744.3,0
