1AD,20161230,0.185,0.185,0.17,0.17,32500
1AG,20161230,0.035,0.035,0.035,0.035,200000
1PG,20161230,0.175,0.185,0.175,0.185,181266
1ST,20161230,0.062,0.062,0.062,0.062,4744
3DP,20161230,0.025,0.025,0.025,0.025,20671
3PL,20161230,1.125,1.15,1.11,1.15,45654
4DS,20161230,0.028,0.028,0.028,0.028,225888
4WD,20161230,0.96,0.96,0.95,0.95,8220
88E,20161230,0.043,0.045,0.043,0.045,3118518
8EC,20161230,1,1.01,1,1.01,82619
8IH,20161230,0.72,0.72,0.72,0.72,13000
9SP,20161230,0.16,0.16,0.16,0.16,7000
A2M,20161230,2.06,2.07,2.04,2.04,1498307
A3D,20161230,2.95,2.99,2.86,2.99,31307
AAA,20161230,50.16,50.17,50.15,50.15,8532
AAC,20161230,1.645,1.695,1.645,1.695,507199
AAD,20161230,2.34,2.36,2.33,2.34,427768
AAJ,20161230,0.01,0.01,0.01,0.01,969000
AB1,20161230,0.058,0.068,0.058,0.068,22400
ABA,20161230,5.1,5.1,5.09,5.09,1697
ABC,20161230,5.41,5.45,5.35,5.43,577561
ABP,20161230,3.01,3.06,3.01,3.02,677681
ABU,20161230,0.105,0.105,0.105,0.105,20477
ABW,20161230,0.8,0.8,0.8,0.8,9973
ABX,20161230,0.175,0.175,0.175,0.175,16119
ACB,20161230,0.075,0.077,0.075,0.077,149427
ACG,20161230,0.07,0.07,0.07,0.07,10000
ACQ,20161230,1.055,1.065,1.055,1.065,7500
ACR,20161230,0.315,0.32,0.31,0.31,48180
ACX,20161230,5.13,5.16,5.05,5.07,367244
AD1,20161230,0.35,0.35,0.35,0.35,10000
ADA,20161230,2.5,2.51,2.46,2.46,34690
ADH,20161230,1.575,1.6,1.565,1.6,42039
ADJ,20161230,0.096,0.097,0.096,0.097,74000
ADO,20161230,0.04,0.041,0.04,0.041,614306
ADR,20161230,0.24,0.24,0.24,0.24,111074
ADV,20161230,0.03,0.03,0.029,0.029,826443
ADX,20161230,0.008,0.008,0.008,0.008,1000000
AEB,20161230,0.051,0.051,0.051,0.051,134000
AEE,20161230,0.026,0.029,0.026,0.029,1583123
AEG,20161230,1,1,1,1,32000
AFG,20161230,1.185,1.19,1.18,1.18,8052
AFI,20161230,5.79,5.8,5.76,5.76,77691
AFR,20161230,0.034,0.034,0.034,0.034,50000
AFY,20161230,2.5,2.57,2.5,2.52,19355
AGD,20161230,0.15,0.165,0.14,0.165,222776
AGG,20161230,2.96,3.12,2.95,3.12,9344
AGI,20161230,2.14,2.14,2.09,2.11,145367
AGL,20161230,22.08,22.28,21.96,22.09,824448
AGO,20161230,0.028,0.028,0.027,0.027,20693194
AGS,20161230,0.086,0.087,0.086,0.087,7831
AGY,20161230,0.029,0.029,0.029,0.029,207731
AHF,20161230,0.18,0.18,0.175,0.175,165844
AHG,20161230,3.97,3.99,3.95,3.95,365398
AHK,20161230,0.16,0.195,0.16,0.19,152580
AHL,20161230,0.08,0.08,0.08,0.08,10000
AHQ,20161230,0.04,0.04,0.04,0.04,249889
AHX,20161230,1.25,1.25,1.25,1.25,610
AHY,20161230,1.475,1.49,1.46,1.48,305891
AHZ,20161230,0.365,0.365,0.36,0.36,57693
AIA,20161230,6.31,6.31,6.07,6.15,80361
AIK,20161230,0.16,0.16,0.16,0.16,5000
AIR,20161230,0.072,0.072,0.072,0.072,10000
AIV,20161230,0.06,0.06,0.06,0.06,5000
AIZ,20161230,2.09,2.1,2.08,2.1,70759
AJA,20161230,6.35,6.82,6.35,6.65,40600
AJD,20161230,1.59,1.595,1.58,1.59,41064
AJL,20161230,0.42,0.42,0.42,0.42,39194
AJM,20161230,0.14,0.14,0.135,0.135,1104147
AJX,20161230,0.6,0.61,0.595,0.61,288564
AKK,20161230,0.005,0.005,0.005,0.005,715300
AKM,20161230,0.029,0.03,0.029,0.03,210000
AKP,20161230,14.2,14.35,14,14.15,19052
ALC,20161230,0.089,0.089,0.087,0.087,790598
ALF,20161230,1.445,1.445,1.44,1.445,88783
ALI,20161230,1.675,1.675,1.66,1.675,94517
ALK,20161230,0.34,0.345,0.335,0.34,2288805
ALL,20161230,15.58,15.63,15.31,15.5,485768
ALQ,20161230,5.95,6.04,5.91,6.04,574909
ALR,20161230,1.13,1.13,1.13,1.13,25000
ALT,20161230,0.005,0.005,0.005,0.005,3727000
ALU,20161230,8.02,8.09,8,8.09,112970
ALY,20161230,0.017,0.017,0.017,0.017,3419
AMA,20161230,1,1.01,0.985,0.985,51442
AMC,20161230,15.04,15.13,14.93,14.95,1104871
AMH,20161230,0.94,0.945,0.94,0.94,31813
AMI,20161230,0.135,0.14,0.135,0.135,144020
AML,20161230,0.2,0.2,0.2,0.2,11248
AMN,20161230,0.59,0.59,0.59,0.59,3782
AMP,20161230,5.08,5.09,5.04,5.04,2936478
ANG,20161230,0.195,0.2,0.19,0.19,354246
ANL,20161230,0.048,0.05,0.046,0.049,2310724
ANN,20161230,24.99,25.02,24.55,24.71,135223
ANQ,20161230,0.003,0.003,0.003,0.003,108289
ANR,20161230,1.05,1.05,1.05,1.05,223
ANZ,20161230,30.6,30.73,30.42,30.42,3619422
AOA,20161230,0.009,0.009,0.009,0.009,30000
AOG,20161230,3.28,3.35,3.26,3.35,649365
AOK,20161230,0.046,0.046,0.045,0.045,5108
AOP,20161230,0.125,0.125,0.125,0.125,67500
AOW,20161230,0.063,0.067,0.062,0.067,526607
APA,20161230,8.53,8.66,8.53,8.57,999794
APC,20161230,0.077,0.079,0.076,0.076,1104998
APD,20161230,0.405,0.42,0.4,0.42,669943
APE,20161230,9.36,9.36,9.16,9.22,12377
API,20161230,2.08,2.08,2.03,2.06,570632
APL,20161230,1.1,1.1,1.1,1.1,99180
APN,20161230,2.87,2.88,2.83,2.84,133765
APO,20161230,5.81,5.97,5.81,5.91,225484
APW,20161230,1.525,1.525,1.525,1.525,350
APX,20161230,2.84,2.87,2.8,2.84,42796
APZ,20161230,1.11,1.13,1.11,1.125,49934
AQC,20161230,0.017,0.017,0.017,0.017,1725314
AQD,20161230,0.009,0.009,0.009,0.009,2872222
AQG,20161230,2.24,2.29,2.23,2.29,199822
AQI,20161230,0.2,0.2,0.2,0.2,11000
AQQ,20161230,0.02,0.02,0.02,0.02,700000
AQS,20161230,0.056,0.056,0.05,0.05,76161
AQX,20161230,0.025,0.027,0.025,0.027,25000
ARA,20161230,0.56,0.585,0.56,0.585,132245
ARB,20161230,17.72,17.75,17.6,17.65,38656
ARD,20161230,0.027,0.027,0.024,0.024,1976067
ARE,20161230,0.006,0.007,0.006,0.007,1253000
ARF,20161230,1.84,1.87,1.835,1.87,180278
ARG,20161230,7.46,7.48,7.45,7.46,33363
ARM,20161230,0.062,0.063,0.062,0.063,55010
ARS,20161230,0.105,0.105,0.105,0.105,18000
ARU,20161230,0.057,0.057,0.057,0.057,71714
ARV,20161230,0.002,0.002,0.002,0.002,81000
ASB,20161230,1.7,1.76,1.7,1.74,291049
ASG,20161230,2.52,2.52,2.51,2.51,518
ASL,20161230,1.29,1.29,1.255,1.26,126318
ASN,20161230,0.029,0.029,0.028,0.028,129459
ASP,20161230,0.009,0.009,0.009,0.009,500000
AST,20161230,1.57,1.59,1.565,1.58,3525536
ASX,20161230,49.68,49.85,49.38,49.74,145344
ATC,20161230,0.135,0.14,0.135,0.135,203524
ATL,20161230,1.31,1.32,1.31,1.32,72288
ATM,20161230,1.05,1.05,1.05,1.05,1000
ATU,20161230,0.53,0.53,0.51,0.51,6000
AU1,20161230,0.03,0.031,0.028,0.028,6992079
AUB,20161230,10.6,10.6,10.5,10.5,1518
AUI,20161230,7.69,7.69,7.68,7.68,1500
AUQ,20161230,0.017,0.018,0.016,0.018,444000
AUST,20161230,15.65,15.65,15.63,15.63,2181
AUZ,20161230,0.008,0.009,0.008,0.008,3570773
AVB,20161230,0.068,0.068,0.067,0.067,533317
AVD,20161230,0.026,0.026,0.026,0.026,19849
AVG,20161230,0.5,0.5,0.5,0.5,51750
AVH,20161230,0.12,0.12,0.115,0.12,247372
AVI,20161230,0.018,0.018,0.018,0.018,150000
AVJ,20161230,0.61,0.61,0.605,0.605,59634
AVL,20161230,0.017,0.017,0.017,0.017,808835
AVN,20161230,2.32,2.37,2.28,2.35,37557
AVQ,20161230,0.16,0.16,0.16,0.16,140526
AVZ,20161230,0.014,0.014,0.014,0.014,2120457
AWC,20161230,1.815,1.84,1.81,1.83,3931297
AWE,20161230,0.625,0.63,0.62,0.62,292706
AWV,20161230,0.115,0.115,0.115,0.115,40000
AXE,20161230,0.068,0.068,0.068,0.068,37000
AXP,20161230,1.18,1.18,1.165,1.17,24387
AYJ,20161230,71.05,71.86,71.05,71.86,190
AYR,20161230,0.007,0.007,0.007,0.007,680571
AYS,20161230,1.995,2.01,1.962,1.99,177118
AZJ,20161230,5.09,5.105,5.045,5.05,2527602
AZM,20161230,0.031,0.034,0.03,0.034,325966
AZS,20161230,0.02,0.023,0.02,0.022,3307821
AZV,20161230,0.091,0.091,0.085,0.085,104738
AZY,20161230,0.022,0.022,0.021,0.021,231026
BAF,20161230,1.13,1.14,1.13,1.14,42621
BAP,20161230,5.94,5.97,5.9,5.92,318746
BAR,20161230,0.05,0.053,0.05,0.053,253963
BAS,20161230,0.001,0.001,0.001,0.001,750000
BAT,20161230,0.11,0.115,0.11,0.11,165000
BAU,20161230,0.064,0.064,0.064,0.064,200000
BBG,20161230,1.265,1.285,1.22,1.255,84931
BBN,20161230,2.37,2.45,2.35,2.43,247319
BBOZ,20161230,18.57,19.34,18.54,18.73,75029
BBUS,20161230,8.55,8.56,8.55,8.55,13198
BBX,20161230,0.04,0.04,0.04,0.04,100000
BCI,20161230,0.165,0.165,0.16,0.16,861828
BCL,20161230,0.55,0.56,0.55,0.56,35368
BCN,20161230,0.003,0.003,0.003,0.003,800000
BDR,20161230,0.26,0.27,0.255,0.27,14324871
BEAR,20161230,15.26,15.28,15.26,15.28,90000
BEE,20161230,0.34,0.34,0.33,0.33,112306
BEL,20161230,0.14,0.14,0.14,0.14,81471
BEN,20161230,12.81,12.82,12.7,12.71,456025
BFC,20161230,0.32,0.33,0.315,0.315,48208
BFG,20161230,0.715,0.73,0.715,0.725,53995
BGA,20161230,4.22,4.26,4.2,4.24,163849
BHP,20161230,25.15,25.28,25.06,25.06,4920791
BID,20161230,0.061,0.061,0.061,0.061,98914
BIG,20161230,0.22,0.23,0.22,0.23,268000
BIT,20161230,0.039,0.039,0.039,0.039,22328
BKI,20161230,1.63,1.63,1.625,1.625,22177
BKL,20161230,105,106,103.36,103.36,34388
BKN,20161230,3.2,3.23,3.2,3.22,60090
BKT,20161230,0.12,0.12,0.12,0.12,28148
BKW,20161230,13.63,13.69,13.54,13.59,84867
BKY,20161230,0.9,0.91,0.895,0.895,448367
BLA,20161230,6.99,7.02,6.88,7,22952
BLD,20161230,5.45,5.46,5.405,5.41,2691453
BLG,20161230,0.275,0.28,0.275,0.28,43758
BLK,20161230,0.445,0.455,0.44,0.45,4556253
BLT,20161230,0.12,0.12,0.11,0.11,111366
BLX,20161230,1.56,1.56,1.56,1.56,10000
BLY,20161230,0.13,0.135,0.125,0.125,596012
BMN,20161230,0.03,0.031,0.029,0.03,2110515
BMZ,20161230,0.068,0.068,0.067,0.067,138000
BNO,20161230,0.33,0.33,0.33,0.33,25450
BOC,20161230,0.18,0.2,0.18,0.2,20000
BOE,20161230,0.051,0.058,0.05,0.057,793966
BOL,20161230,0.1,0.105,0.1,0.105,23000
BOND,20161230,25.45,25.45,25.45,25.45,2
BOQ,20161230,11.99,12,11.86,11.87,563272
BPF,20161230,0.255,0.255,0.245,0.25,127491
BPS,20161230,0.95,0.95,0.925,0.925,28563
BPT,20161230,0.845,0.85,0.835,0.85,1148770
BRB,20161230,0.39,0.435,0.39,0.43,148575
BRG,20161230,8.66,8.71,8.58,8.66,71041
BRK,20161230,0.011,0.011,0.011,0.011,160000
BRL,20161230,0.08,0.083,0.08,0.082,429357
BRN,20161230,0.285,0.285,0.267,0.28,4722473
BRU,20161230,0.2,0.21,0.2,0.205,63131
BSA,20161230,0.36,0.38,0.36,0.37,875344
BSE,20161230,0.2,0.2,0.2,0.2,40000
BSL,20161230,9.42,9.42,9.25,9.28,790715
BSM,20161230,0.014,0.014,0.014,0.014,1364551
BSR,20161230,0.034,0.036,0.034,0.034,989767
BTT,20161230,10.69,10.72,10.52,10.63,296575
BUD,20161230,0.062,0.062,0.06,0.06,300820
BUG,20161230,0.34,0.36,0.34,0.36,38250
BUX,20161230,0.15,0.15,0.145,0.145,146310
BUY,20161230,0.008,0.008,0.008,0.008,17217
BVS,20161230,1.375,1.39,1.375,1.39,1882
BWF,20161230,0.695,0.695,0.69,0.69,33000
BWP,20161230,2.97,3.02,2.96,2.99,977173
BWX,20161230,4.07,4.1,4.02,4.05,166798
BXB,20161230,12.41,12.51,12.32,12.4,1020510
BYE,20161230,0.145,0.145,0.145,0.145,140560
BYL,20161230,0.13,0.13,0.13,0.13,8000
CAB,20161230,3.85,3.95,3.84,3.88,33600
CAD,20161230,0.002,0.002,0.001,0.002,3944000
CAF,20161230,0.56,0.68,0.54,0.68,131449
CAJ,20161230,0.13,0.13,0.127,0.13,188793
CAM,20161230,0.88,0.88,0.88,0.88,24523
CAR,20161230,11.14,11.42,11.14,11.35,425813
CAS,20161230,0.115,0.115,0.105,0.115,269006
CAT,20161230,2.52,2.52,2.33,2.46,677122
CAV,20161230,0.008,0.008,0.008,0.008,44232
CAY,20161230,0.105,0.105,0.105,0.105,36000
CBA,20161230,83.08,83.175,82.38,82.41,1468794
CBL,20161230,3.45,3.46,3.45,3.46,320
CCE,20161230,0.06,0.062,0.06,0.061,6089226
CCJ,20161230,0.011,0.011,0.011,0.011,22669
CCL,20161230,10.05,10.15,9.97,10.12,1011145
CCP,20161230,17.8,18.02,17.77,17.94,57416
CCV,20161230,0.335,0.34,0.335,0.335,111013
CDA,20161230,2,2.03,1.96,2.02,63154
CDD,20161230,0.94,0.957,0.94,0.945,44897
CDM,20161230,1.235,1.235,1.22,1.23,14926
CDP,20161230,7.5,7.65,7.5,7.6,4168
CDU,20161230,0.45,0.52,0.45,0.52,627418
CDV,20161230,0.22,0.24,0.22,0.24,77510
CDY,20161230,0.026,0.026,0.026,0.026,52600
CEN,20161230,4.49,4.49,4.49,4.49,33500
CETF,20161230,51.56,51.56,51.56,51.56,0
CFO,20161230,0.47,0.48,0.45,0.47,229913
CGA,20161230,1.55,1.55,1.55,1.55,1000
CGC,20161230,3.46,3.48,3.43,3.44,254319
CGF,20161230,11.25,11.31,11.18,11.24,661325
CGL,20161230,4.92,4.92,4.91,4.91,19000
CGN,20161230,0.044,0.044,0.044,0.044,19015
CGO,20161230,0.16,0.16,0.15,0.15,20429
CGR,20161230,0.225,0.225,0.225,0.225,233
CGS,20161230,1.255,1.255,1.215,1.215,3910
CHC,20161230,4.7,4.78,4.69,4.74,592499
CHN,20161230,0.155,0.155,0.15,0.15,301641
CIA,20161230,0.48,0.5,0.48,0.5,31649
CIE,20161230,0.95,0.95,0.95,0.95,59410
CIM,20161230,35,35.19,34.71,34.94,148518
CIN,20161230,31.6,31.61,31.6,31.6,2124
CIO,20161230,0.025,0.025,0.024,0.024,400000
CJC,20161230,0.006,0.006,0.006,0.006,83334
CKA,20161230,0.018,0.02,0.018,0.02,2601050
CKF,20161230,6.5,6.6,6.47,6.57,36188
CL1,20161230,2.82,2.94,2.82,2.86,52083
CL8,20161230,0.02,0.02,0.02,0.02,120000
CLA,20161230,0.017,0.021,0.015,0.021,6210354
CLH,20161230,1.48,1.49,1.45,1.46,179648
CLQ,20161230,0.52,0.52,0.485,0.51,148515
CLV,20161230,0.52,0.52,0.52,0.52,23600
CLW,20161230,3.96,4.03,3.96,4.01,253994
CLX,20161230,0.88,0.88,0.88,0.88,1000
CLY,20161230,0.004,0.004,0.004,0.004,1880001
CM8,20161230,0.089,0.089,0.085,0.087,115241
CMA,20161230,2.14,2.15,2.14,2.14,15010
CMC,20161230,0.039,0.04,0.039,0.04,100000
CMM,20161230,0.1,0.105,0.098,0.105,871242
CMP,20161230,0.87,0.87,0.87,0.87,900
CMW,20161230,0.98,0.99,0.975,0.985,1107080
CMY,20161230,0.001,0.001,0.001,0.001,8661840
CNI,20161230,1.01,1.02,1.005,1.02,183297
CNU,20161230,3.79,3.85,3.79,3.83,38717
CNW,20161230,0.023,0.023,0.022,0.023,420154
COE,20161230,0.355,0.355,0.352,0.355,278463
COH,20161230,122.33,122.55,121.14,122.55,78240
COI,20161230,0.065,0.065,0.065,0.065,15000
COO,20161230,0.065,0.065,0.065,0.065,100000
CPH,20161230,0.235,0.24,0.235,0.235,66000
CPU,20161230,12.43,12.5,12.37,12.46,428810
CQR,20161230,4.21,4.25,4.19,4.23,571291
CR8,20161230,0.077,0.081,0.077,0.08,3909535
CRB,20161230,0.1,0.11,0.1,0.11,91570
CSE,20161230,0.275,0.28,0.255,0.255,16875
CSL,20161230,99.6,100.84,99.33,100.41,481916
CSR,20161230,4.63,4.64,4.55,4.62,1253405
CSS,20161230,0.034,0.035,0.034,0.035,566239
CSV,20161230,0.74,0.74,0.725,0.73,120698
CTD,20161230,18.21,18.32,18.01,18.32,167828
CTE,20161230,0.195,0.2,0.195,0.2,42323
CTM,20161230,0.007,0.007,0.007,0.007,200000
CTN,20161230,1.11,1.12,1.11,1.12,86556
CTO,20161230,0.013,0.013,0.012,0.012,669460
CTP,20161230,0.195,0.2,0.195,0.2,20000
CTX,20161230,30,30.97,30,30.46,601629
CUE,20161230,0.09,0.09,0.09,0.09,271437
CUL,20161230,0.002,0.002,0.002,0.002,500000
CUP,20161230,0.805,0.81,0.805,0.805,66154
CUV,20161230,7.45,7.45,7.4,7.45,10239
CVN,20161230,0.1,0.105,0.099,0.099,1007805
CVO,20161230,1.92,1.935,1.915,1.93,679507
CVT,20161230,0.125,0.13,0.125,0.125,522327
CVW,20161230,1.34,1.35,1.34,1.345,46871
CWN,20161230,11.6,11.7,11.55,11.58,653042
CWP,20161230,5.01,5.06,4.98,5.05,21123
CWY,20161230,1.25,1.26,1.21,1.23,1747331
CXO,20161230,0.068,0.07,0.068,0.068,351964
CXZ,20161230,0.13,0.13,0.125,0.125,7854
CYA,20161230,0.92,0.92,0.91,0.91,11500
CYB,20161230,4.8,4.83,4.78,4.82,352871
CYC,20161230,0.815,0.91,0.81,0.91,17062
CYG,20161230,0.93,0.93,0.89,0.89,149367
CYP,20161230,0.72,0.74,0.72,0.73,175797
CZI,20161230,0.048,0.048,0.048,0.048,76000
CZL,20161230,0.028,0.029,0.028,0.029,332500
CZN,20161230,0.015,0.015,0.015,0.015,1452923
CZZ,20161230,17.3,17.35,16.65,17.01,11006
DAF,20161230,0.006,0.006,0.006,0.006,360787
DCC,20161230,0.047,0.047,0.047,0.047,25000
DCG,20161230,1.05,1.07,1.03,1.035,26395
DCL,20161230,0.205,0.205,0.205,0.205,30000
DCN,20161230,2.08,2.13,2.04,2.06,271710
DDD,20161230,0.004,0.004,0.004,0.004,250000
DDR,20161230,2.25,2.26,2.23,2.26,8129
DDT,20161230,0.011,0.011,0.011,0.011,241950
DEG,20161230,0.035,0.037,0.035,0.036,344826
DFM,20161230,0.78,0.78,0.74,0.775,141864
DGR,20161230,0.092,0.092,0.092,0.092,20000
DJRE,20161230,21.31,21.42,21.31,21.42,5335
DJW,20161230,3.77,3.8,3.77,3.78,35198
DKM,20161230,0.165,0.165,0.165,0.165,28400
DKO,20161230,0.063,0.063,0.063,0.063,120281
DLX,20161230,6.23,6.29,6.21,6.24,392538
DMC,20161230,0.085,0.085,0.085,0.085,10000
DMG,20161230,0.012,0.012,0.01,0.01,217914
DMP,20161230,65.35,65.5,64.84,64.99,52799
DN8,20161230,0.21,0.21,0.21,0.21,31000
DNA,20161230,0.37,0.37,0.36,0.365,228314
DNK,20161230,0.475,0.48,0.475,0.48,5365
DOW,20161230,6.16,6.16,6.04,6.09,681815
DRA,20161230,0.21,0.215,0.21,0.21,24500
DRM,20161230,0.42,0.435,0.415,0.43,1662827
DRO,20161230,0.275,0.28,0.275,0.28,14500
DSB,20161230,0.265,0.265,0.265,0.265,6297
DSE,20161230,0.08,0.085,0.07,0.081,865127
DTI,20161230,0.385,0.385,0.375,0.375,68026
DTL,20161230,1.54,1.545,1.522,1.535,79311
DTM,20161230,0.008,0.009,0.008,0.009,218907
DTS,20161230,0.24,0.25,0.235,0.25,233976
DTZ,20161230,0.305,0.31,0.29,0.31,75160
DUB,20161230,0.4,0.41,0.4,0.41,26750
DUE,20161230,2.77,2.77,2.74,2.74,2771472
DUI,20161230,3.51,3.51,3.48,3.51,10040
DVL,20161230,0.575,0.575,0.53,0.54,41212
DWS,20161230,1.3,1.315,1.3,1.3,52485
DXS,20161230,9.6,9.68,9.55,9.62,2656334
DYE,20161230,0.225,0.225,0.225,0.225,9052
DYL,20161230,0.017,0.018,0.017,0.018,4405857
EAI,20161230,0.865,0.87,0.865,0.87,40000
EAR,20161230,0.2,0.22,0.2,0.22,140000
EAS,20161230,1.55,1.55,1.55,1.55,2000
ECG,20161230,0.2,0.21,0.2,0.21,40000
ECX,20161230,3.75,3.81,3.74,3.75,97616
EDE,20161230,0.23,0.23,0.225,0.23,501722
EEG,20161230,0.008,0.008,0.008,0.008,28000
EGH,20161230,0.68,0.69,0.675,0.69,58985
EGI,20161230,0.97,0.97,0.965,0.965,25000
EGN,20161230,0.15,0.15,0.15,0.15,11500
EGO,20161230,0.325,0.325,0.315,0.315,33157
EGS,20161230,0.245,0.295,0.245,0.29,559620
EHE,20161230,2.57,2.6,2.54,2.6,555643
ELD,20161230,3.98,3.99,3.96,3.97,83556
ELX,20161230,1.39,1.4,1.37,1.4,21731
EMC,20161230,0.93,0.93,0.885,0.92,301411
EML,20161230,1.79,1.83,1.75,1.83,89307
EMR,20161230,0.043,0.043,0.042,0.042,669560
EMU,20161230,0.09,0.09,0.09,0.09,100000
EMX,20161230,0.039,0.04,0.039,0.04,330127
ENB,20161230,0.006,0.006,0.006,0.006,400000
ENN,20161230,2.18,2.18,2.18,2.18,10001
ENR,20161230,0.095,0.11,0.095,0.11,50000
EOS,20161230,1.73,1.73,1.715,1.73,14558
EPD,20161230,0.515,0.52,0.51,0.52,34788
EPT,20161230,0.029,0.03,0.029,0.03,300330
EPW,20161230,1.28,1.295,1.27,1.285,182981
EQE,20161230,0.013,0.013,0.013,0.013,161000
EQT,20161230,17.64,17.64,17.4,17.5,509
EQX,20161230,0.43,0.43,0.43,0.43,20000
ERA,20161230,0.44,0.44,0.41,0.435,198626
ERF,20161230,1.35,1.35,1.35,1.35,22500
ERL,20161230,0.033,0.033,0.031,0.032,160000
ERM,20161230,0.125,0.135,0.125,0.13,828974
ESH,20161230,0.024,0.025,0.024,0.025,766028
ESI,20161230,0.018,0.018,0.017,0.018,2881329
ESR,20161230,0.059,0.06,0.059,0.06,146107
ETE,20161230,0.008,0.008,0.008,0.008,400000
ETF,20161230,19.41,19.41,19.41,19.41,130
ETPMAG,20161230,21.53,21.57,21.47,21.55,6383
ETPMPD,20161230,94.91,94.91,94.91,94.91,0
ETPMPM,20161230,116.76,116.76,116.76,116.76,0
ETPMPT,20161230,121.7,121.7,121.7,121.7,0
EUR,20161230,0.057,0.06,0.055,0.06,245590
EVN,20161230,2.04,2.14,2.03,2.12,10987276
EVS,20161230,0.076,0.076,0.074,0.074,240266
EVT,20161230,13.77,13.96,13.75,13.77,14589
EWC,20161230,0.255,0.262,0.252,0.26,70789
EXR,20161230,0.035,0.035,0.035,0.035,197829
EXU,20161230,0.066,0.066,0.066,0.066,100000
EYM,20161230,0.011,0.011,0.01,0.011,2335500
EZL,20161230,1.03,1.045,1.03,1.045,1503
FAR,20161230,0.073,0.077,0.073,0.075,5544387
FBR,20161230,0.1,0.1,0.098,0.1,759894
FBU,20161230,10.33,10.37,10.22,10.33,145041
FCT,20161230,0.44,0.44,0.44,0.44,32503
FDM,20161230,0.084,0.084,0.082,0.084,281709
FDV,20161230,0.43,0.49,0.43,0.49,86000
FEL,20161230,0.022,0.022,0.022,0.022,10000
FET,20161230,2.48,2.56,2.48,2.54,86118
FFC,20161230,0.14,0.14,0.13,0.13,103657
FFT,20161230,0.18,0.18,0.18,0.18,20000
FGF,20161230,0.007,0.007,0.007,0.007,200000
FGG,20161230,1.07,1.07,1.065,1.065,96883
FGR,20161230,0.1,0.1,0.1,0.1,52325
FGX,20161230,1.16,1.165,1.16,1.165,36576
FID,20161230,3.71,3.71,3.71,3.71,218
FLK,20161230,0.97,0.97,0.97,0.97,1000
FLN,20161230,1.01,1.01,1,1,42494
FLT,20161230,31.83,31.9,31.3,31.3,153289
FMG,20161230,5.95,5.955,5.87,5.89,5343182
FML,20161230,0.41,0.41,0.41,0.41,12450
FMS,20161230,0.038,0.038,0.035,0.035,1086410
FND,20161230,0.15,0.15,0.15,0.15,150000
FNP,20161230,4.38,4.4,4.38,4.4,11469
FOD,20161230,0.079,0.079,0.079,0.079,10000
FOR,20161230,1.71,1.72,1.71,1.71,18400
FPH,20161230,8.25,8.25,8.14,8.19,127671
FRI,20161230,0.94,0.94,0.925,0.925,38699
FRM,20161230,1.6,1.75,1.6,1.71,40660
FSA,20161230,1.295,1.3,1.295,1.3,13735
FSF,20161230,5.76,5.76,5.75,5.75,226
FTZ,20161230,0.1,0.1,0.1,0.1,9000
FWD,20161230,1.975,1.98,1.955,1.97,75580
FXJ,20161230,0.885,0.892,0.885,0.89,3532649
FXL,20161230,2.27,2.29,2.26,2.26,219055
FZO,20161230,0.19,0.19,0.185,0.185,28600
GAP,20161230,0.39,0.39,0.38,0.38,285803
GBT,20161230,3.84,3.85,3.76,3.76,28554
GBX,20161230,0.005,0.005,0.005,0.005,3000000
GBZ,20161230,0.015,0.015,0.015,0.015,47614
GCY,20161230,0.515,0.53,0.48,0.485,147814
GDI,20161230,0.97,0.99,0.97,0.99,65245
GDX,20161230,30.35,30.35,30.1,30.23,5445
GEAR,20161230,21.44,21.44,21.28,21.28,8654
GEG,20161230,1.11,1.11,1.11,1.11,360
GEM,20161230,3.59,3.59,3.58,3.59,377013
GER,20161230,0.051,0.051,0.051,0.051,13690
GFY,20161230,1.1,1.1,1.07,1.07,7218
GGG,20161230,0.064,0.069,0.064,0.069,1556393
GGUS,20161230,11.06,11.1,11.06,11.1,27550
GHC,20161230,1.88,1.965,1.8,1.92,92685
GLB,20161230,1,1,1,1,2457
GLF,20161230,0.009,0.009,0.009,0.009,1171687
GLL,20161230,0.105,0.105,0.105,0.105,15000
GMA,20161230,3.26,3.28,3.23,3.27,450875
GMD,20161230,0.023,0.023,0.023,0.023,385076
GMG,20161230,7.09,7.19,7.08,7.13,2840717
GMN,20161230,0.14,0.145,0.14,0.145,3342
GMR,20161230,0.009,0.009,0.009,0.009,1942775
GNC,20161230,9.54,9.56,9.36,9.56,362966
GNE,20161230,2.01,2.02,2.01,2.02,2000
GNG,20161230,1.36,1.4,1.355,1.355,60540
GNX,20161230,0.225,0.225,0.225,0.225,156228
GOLD,20161230,152.48,152.6,152.01,152.28,2214
GOR,20161230,0.57,0.6,0.55,0.575,3278619
GOVT,20161230,25.34,25.34,25.34,25.34,0
GOZ,20161230,3.27,3.32,3.25,3.28,326910
GPP,20161230,0.026,0.029,0.026,0.027,26193736
GPR,20161230,0.036,0.036,0.036,0.036,20000
GPT,20161230,4.96,5.075,4.96,5.03,2892263
GPX,20161230,0.35,0.36,0.35,0.36,17179
GRA,20161230,0.55,0.55,0.55,0.55,30000
GRB,20161230,0.048,0.051,0.048,0.05,1208773
GRR,20161230,0.14,0.145,0.14,0.14,344263
GRV,20161230,0.041,0.041,0.041,0.041,25000
GSC,20161230,0.065,0.066,0.065,0.066,98325
GTE,20161230,0.013,0.013,0.012,0.012,345596
GTK,20161230,3.29,3.43,3.29,3.43,3718
GTN,20161230,2.71,2.72,2.7,2.72,71936
GTY,20161230,2.19,2.2,2.16,2.16,172172
GUD,20161230,10.5,10.5,10.41,10.47,79200
GUL,20161230,0.011,0.014,0.011,0.014,110000
GWA,20161230,2.98,2.99,2.93,2.96,454669
GXL,20161230,6.94,6.98,6.85,6.86,99232
GXY,20161230,0.52,0.525,0.515,0.525,5981165
GZL,20161230,2.25,2.25,2.25,2.25,3300
HAR,20161230,0.003,0.003,0.003,0.003,4000
HAV,20161230,0.595,0.595,0.58,0.595,12000
HCH,20161230,0.031,0.032,0.031,0.032,317557
HEG,20161230,0.001,0.001,0.001,0.001,5000000
HFA,20161230,2.4,2.4,2.4,2.4,6981
HFR,20161230,1.34,1.345,1.28,1.33,142018
HGG,20161230,4.03,4.03,3.97,4.01,732427
HGO,20161230,0.039,0.042,0.039,0.042,877626
HHL,20161230,3.09,3.1,2.94,3.1,187008
HHV,20161230,1.19,1.225,1.175,1.225,860481
HHY,20161230,0.12,0.12,0.12,0.12,17500
HIG,20161230,0.055,0.056,0.055,0.056,183012
HIL,20161230,0.46,0.465,0.46,0.46,64658
HLO,20161230,3.62,3.8,3.62,3.8,15760
HML,20161230,1.5,1.51,1.5,1.51,28662
HMO,20161230,0.19,0.2,0.19,0.2,47300
HMX,20161230,0.04,0.04,0.04,0.04,18721
HNR,20161230,0.016,0.016,0.016,0.016,40000
HOG,20161230,0.006,0.007,0.006,0.007,8453186
HOM,20161230,0.4,0.4,0.4,0.4,10000
HOT,20161230,0.175,0.205,0.175,0.2,536722
HPI,20161230,2.78,2.86,2.76,2.84,326485
HPR,20161230,0.042,0.042,0.042,0.042,100000
HRR,20161230,0.11,0.115,0.11,0.115,115000
HSK,20161230,0.073,0.073,0.073,0.073,16906
HSN,20161230,3.92,3.94,3.9,3.92,102061
HSO,20161230,2.31,2.32,2.29,2.29,3387494
HTA,20161230,0.076,0.076,0.076,0.076,8
HUB,20161230,5.14,5.2,5.01,5.2,53224
HUO,20161230,3.8,3.8,3.8,3.8,1594
HVN,20161230,5.16,5.18,5.1,5.14,1226808
HVST,20161230,20.75,20.81,20.75,20.78,36143
HXG,20161230,0.265,0.285,0.265,0.285,462574
HZN,20161230,0.056,0.056,0.053,0.056,2157560
HZR,20161230,0.54,0.54,0.54,0.54,39508
IAA,20161230,63.84,64.79,63.49,64.29,587
IAF,20161230,105.34,105.59,105.27,105.43,3474
IAG,20161230,6.03,6.03,5.99,5.99,2187571
IAM,20161230,0.07,0.07,0.066,0.069,10645714
IAU,20161230,1.22,1.22,1.22,1.22,30116
IBG,20161230,0.085,0.086,0.081,0.085,171698
IBK,20161230,44,44,44,44,85
ICG,20161230,0.015,0.015,0.015,0.015,4012529
ICN,20161230,0.03,0.03,0.03,0.03,97000
ICQ,20161230,0.245,0.25,0.245,0.25,26974
ICU,20161230,0.059,0.059,0.059,0.059,13000
IDA,20161230,0.077,0.08,0.077,0.08,50100
IDR,20161230,2.09,2.11,2.07,2.1,157103
IDT,20161230,0.175,0.18,0.175,0.18,485000
IDX,20161230,1.23,1.23,1.215,1.215,22833
IDZ,20161230,0.4,0.4,0.4,0.4,150000
IEL,20161230,4.03,4.05,3.97,3.99,142725
IEM,20161230,48.82,49.33,48.68,48.83,4696
IEU,20161230,53.29,53.9,53.29,53.6,2945
IFL,20161230,9.12,9.21,9.09,9.21,510642
IFM,20161230,0.72,0.735,0.72,0.73,66416
IFN,20161230,0.89,0.9,0.88,0.9,395114
IGB,20161230,102.84,102.84,102.45,102.45,1431
IGL,20161230,2.05,2.06,2.05,2.06,4380
IGO,20161230,4.35,4.37,4.3,4.32,1840408
IHCB,20161230,105.4,105.4,105.26,105.26,361
IHD,20161230,13.95,13.95,13.9,13.9,1294
IHEB,20161230,104.8,104.8,104.8,104.8,190
IHHY,20161230,107.8,107.8,107.64,107.7,644
IHK,20161230,26.93,26.93,26.93,26.93,110
IHL,20161230,0.075,0.075,0.074,0.074,100000
IHOO,20161230,106.2,106.2,106,106,54
IHS,20161230,0.03,0.03,0.03,0.03,199917
IHVV,20161230,286.85,286.85,286.85,286.85,2
IIL,20161230,1.05,1.155,1.04,1.095,494461
IJH,20161230,230.05,230.05,230,230,56
IJP,20161230,68.05,68.25,67.57,67.7,4020
IJR,20161230,191.55,191.61,190.05,190.98,816
IKO,20161230,74.23,74.49,74.17,74.49,970
ILB,20161230,113.43,113.43,113.43,113.43,699
ILC,20161230,23.72,23.72,23.63,23.66,4892
ILU,20161230,7.33,7.35,7.27,7.27,898545
IMC,20161230,0.27,0.27,0.27,0.27,11850
IMD,20161230,0.59,0.59,0.575,0.575,540279
IMF,20161230,1.74,1.75,1.72,1.75,58636
IMU,20161230,0.017,0.02,0.017,0.019,15800856
INA,20161230,2.7,2.74,2.69,2.69,209170
ING,20161230,3.21,3.21,3.16,3.19,151052
INK,20161230,0.076,0.077,0.076,0.077,105000
INL,20161230,0.015,0.016,0.015,0.016,1748636
INM,20161230,44.76,45.07,44.47,44.47,86832
INV,20161230,0.29,0.29,0.29,0.29,3400
IOD,20161230,0.019,0.02,0.019,0.019,5835200
IOF,20161230,4.75,4.76,4.68,4.72,1205530
IOO,20161230,106.99,106.99,106.26,106.34,2593
IOT,20161230,0.032,0.033,0.032,0.032,601175
IOZ,20161230,23.47,23.5,23.42,23.42,10662
IP1,20161230,0.22,0.23,0.22,0.23,245000
IPD,20161230,0.99,1.045,0.99,1.03,411206
IPE,20161230,0.165,0.165,0.165,0.165,78334
IPH,20161230,5.01,5.19,5,5.12,452736
IPL,20161230,3.62,3.63,3.58,3.6,2960741
IPT,20161230,0.024,0.024,0.024,0.024,370284
IRE,20161230,11.89,11.95,11.79,11.87,126956
IRI,20161230,2.79,2.8,2.76,2.8,18972
IRU,20161230,187.5,187.5,186.71,187.15,265
ISD,20161230,2.81,2.87,2.8,2.87,335380
ISO,20161230,4.33,4.33,4.33,4.33,26884
ISU,20161230,1.87,1.895,1.855,1.89,27980
ISX,20161230,0.17,0.17,0.17,0.17,176849
ITW,20161230,41.1,41.1,40.93,41.07,757
IVC,20161230,13.72,13.87,13.71,13.87,88093
IVE,20161230,80.59,80.59,79.7,79.72,620
IVO,20161230,0.016,0.016,0.016,0.016,155310
IVR,20161230,0.027,0.027,0.027,0.027,2308
IVV,20161230,313,313,311.57,312.35,16344
IXI,20161230,127.3,128.1,127.3,128.1,536
IXJ,20161230,131.47,131.87,131.2,131.2,608
IXP,20161230,81.72,81.72,81.72,81.72,3
IZZ,20161230,48.4,48.4,48.4,48.4,84
JBH,20161230,28.14,28.14,27.75,28.04,239067
JCS,20161230,0.015,0.015,0.015,0.015,460000
JHC,20161230,2.26,2.26,2.23,2.26,278346
JHL,20161230,0.045,0.045,0.045,0.045,27462
JHX,20161230,22.15,22.15,21.97,21.97,402683
JRV,20161230,0.051,0.051,0.051,0.051,1275
K2F,20161230,0.17,0.17,0.17,0.17,30000
K2P,20161230,0.17,0.17,0.16,0.16,513259
KAI,20161230,0.029,0.031,0.029,0.03,1631743
KAR,20161230,1.81,1.81,1.78,1.795,124892
KBU,20161230,0.024,0.024,0.024,0.024,12910
KCN,20161230,0.28,0.295,0.28,0.285,1067727
KDR,20161230,0.6,0.61,0.59,0.59,1333062
KEY,20161230,0.004,0.004,0.004,0.004,366000
KFE,20161230,0.019,0.019,0.019,0.019,150000
KGN,20161230,1.345,1.345,1.33,1.34,26350
KII,20161230,2.34,2.34,2.34,2.34,4388
KKO,20161230,0.034,0.034,0.034,0.034,200000
KKT,20161230,0.65,0.68,0.65,0.68,19500
KLL,20161230,0.205,0.22,0.195,0.22,217820
KMD,20161230,1.86,1.875,1.855,1.865,4677
KME,20161230,0.32,0.32,0.32,0.32,30500
KNL,20161230,0.18,0.185,0.18,0.185,262610
KNM,20161230,0.016,0.016,0.016,0.016,154102
KOV,20161230,2.35,2.35,2.35,2.35,2170
KPO,20161230,0.086,0.088,0.086,0.088,193124
KSC,20161230,1.6,1.6,1.6,1.6,3000
KSN,20161230,0.017,0.017,0.017,0.017,1
LAA,20161230,0.19,0.19,0.19,0.19,35100
LAM,20161230,0.2,0.2,0.2,0.2,1100
LBT,20161230,0.36,0.365,0.35,0.35,347441
LCA,20161230,0.62,0.62,0.62,0.62,84677
LCD,20161230,0.04,0.04,0.04,0.04,4826
LCK,20161230,0.145,0.145,0.14,0.14,31432
LCM,20161230,0.39,0.39,0.385,0.385,45250
LCT,20161230,0.087,0.09,0.087,0.089,157000
LEG,20161230,0.01,0.01,0.01,0.01,450000
LEP,20161230,4.13,4.22,4.13,4.21,13858
LER,20161230,0.155,0.155,0.145,0.15,135000
LGD,20161230,0.22,0.22,0.22,0.22,7148
LGO,20161230,0.003,0.003,0.003,0.003,170623
LHC,20161230,2.38,2.39,2.38,2.39,9921
LHM,20161230,0.045,0.045,0.045,0.045,90000
LIC,20161230,3.79,3.98,3.79,3.97,4314
LIT,20161230,0.14,0.15,0.14,0.145,659276
LKE,20161230,0.063,0.063,0.059,0.059,125000
LKO,20161230,0.002,0.002,0.002,0.002,2700000
LLC,20161230,14.7,14.72,14.58,14.62,604837
LMG,20161230,0.026,0.026,0.026,0.026,397272
LML,20161230,0.038,0.038,0.038,0.038,20000
LNG,20161230,0.67,0.69,0.67,0.675,304603
LNK,20161230,7.57,7.6,7.52,7.57,332829
LNU,20161230,0.044,0.045,0.044,0.044,395121
LNY,20161230,0.003,0.003,0.003,0.003,809160
LOM,20161230,0.43,0.435,0.42,0.42,216528
LOV,20161230,3.9,3.92,3.76,3.9,62292
LPD,20161230,0.011,0.011,0.011,0.011,2027998
LPE,20161230,0.02,0.02,0.02,0.02,95237
LPI,20161230,0.285,0.29,0.285,0.285,133466
LRS,20161230,0.012,0.012,0.012,0.012,115000
LSR,20161230,0.009,0.009,0.009,0.009,13900
LTN,20161230,0.105,0.105,0.105,0.105,11193
LVH,20161230,0.36,0.36,0.34,0.34,333379
LVT,20161230,0.12,0.12,0.12,0.12,327000
LYC,20161230,0.071,0.073,0.07,0.073,3458745
MAH,20161230,0.1,0.1,0.1,0.1,100001
MAT,20161230,0.195,0.2,0.195,0.195,106938
MAY,20161230,0.019,0.019,0.019,0.019,80000
MBC,20161230,0.34,0.34,0.34,0.34,58438
MBE,20161230,0.155,0.155,0.145,0.15,1145532
MBK,20161230,0.04,0.04,0.039,0.04,555000
MBO,20161230,0.029,0.029,0.029,0.029,125000
MCE,20161230,0.395,0.395,0.385,0.385,5766
MCP,20161230,1.025,1.03,1.02,1.03,16610
MCR,20161230,0.215,0.215,0.205,0.21,307639
MCT,20161230,0.073,0.073,0.071,0.071,133698
MCY,20161230,2.83,2.86,2.83,2.86,40159
MDC,20161230,0.835,0.85,0.83,0.85,110905
MDI,20161230,0.023,0.025,0.023,0.025,176228
MDL,20161230,0.48,0.495,0.48,0.49,83705
MDR,20161230,0.036,0.036,0.035,0.035,1382305
MEA,20161230,0.855,0.86,0.855,0.86,65066
MED,20161230,0.015,0.015,0.015,0.015,151500
MEP,20161230,0.07,0.07,0.07,0.07,15000
MEZ,20161230,2.48,2.5,2.45,2.5,16000
MFD,20161230,1.04,1.06,1.04,1.06,30000
MFF,20161230,1.93,1.935,1.92,1.92,123846
MFG,20161230,23.9,23.92,23.64,23.77,182229
MGC,20161230,0.935,0.94,0.91,0.925,184456
MGE,20161230,2.7,2.7,2.67,2.67,76718
MGR,20161230,2.15,2.17,2.13,2.13,6286885
MGU,20161230,0.03,0.03,0.03,0.03,150000
MGV,20161230,0.076,0.078,0.075,0.078,545214
MGX,20161230,0.36,0.36,0.35,0.35,169907
MHG,20161230,2.54,2.54,2.52,2.52,7045
MHI,20161230,0.18,0.18,0.18,0.18,7
MHJ,20161230,1.295,1.295,1.23,1.265,41915
MIG,20161230,0.086,0.086,0.086,0.086,57500
MIN,20161230,12.25,12.25,11.93,12.12,330403
MIR,20161230,2.97,2.97,2.97,2.97,404
MJP,20161230,0.285,0.285,0.285,0.285,6387
MKO,20161230,0.075,0.078,0.075,0.078,170044
MLD,20161230,1.655,1.715,1.645,1.715,110267
MLM,20161230,0.05,0.05,0.05,0.05,233073
MLS,20161230,0.005,0.005,0.005,0.005,1444611
MLT,20161230,4.36,4.38,4.35,4.36,22067
MLX,20161230,0.565,0.575,0.555,0.56,1223000
MMI,20161230,0.155,0.155,0.155,0.155,12903
MMJ,20161230,0.22,0.22,0.22,0.22,1048773
MML,20161230,0.49,0.5,0.49,0.5,770091
MMR,20161230,0.024,0.024,0.024,0.024,22223
MMS,20161230,10.85,11.03,10.84,10.87,122742
MNB,20161230,0.008,0.008,0.008,0.008,2768248
MND,20161230,11.44,11.44,11.18,11.23,98283
MNF,20161230,4.7,4.75,4.64,4.75,13136
MNM,20161230,0.008,0.008,0.008,0.008,625000
MNS,20161230,0.755,0.76,0.745,0.755,539135
MNY,20161230,1.59,1.595,1.575,1.595,30598
MOAT,20161230,48.78,49.03,48.45,48.5,6647
MOC,20161230,2.38,2.39,2.37,2.39,57855
MOD,20161230,0.038,0.039,0.038,0.038,5819012
MOQ,20161230,0.345,0.345,0.345,0.345,20318
MOX,20161230,0.009,0.009,0.009,0.009,854400
MOY,20161230,0.22,0.225,0.215,0.225,3744652
MP1,20161230,2.4,2.42,2.35,2.42,37928
MPL,20161230,2.81,2.84,2.8,2.82,2664749
MPO,20161230,0.15,0.15,0.15,0.15,30000
MQA,20161230,5.02,5.05,5.01,5.05,778947
MQG,20161230,87.61,87.96,86.87,87.12,405797
MRD,20161230,0.013,0.013,0.012,0.012,639061
MRG,20161230,1.185,1.19,1.18,1.19,359704
MRM,20161230,0.27,0.28,0.27,0.27,83328
MRP,20161230,0.086,0.086,0.078,0.078,381115
MRQ,20161230,0.017,0.017,0.017,0.017,500000
MRR,20161230,0.051,0.051,0.051,0.051,148062
MRV,20161230,0.004,0.004,0.004,0.004,302342
MSB,20161230,1.45,1.455,1.425,1.43,252742
MSM,20161230,0.24,0.25,0.24,0.25,121113
MSP,20161230,0.024,0.025,0.024,0.025,299746
MSR,20161230,0.004,0.004,0.004,0.004,5520873
MTH,20161230,0.005,0.005,0.005,0.005,1000000
MTO,20161230,3.86,3.86,3.77,3.77,325
MTR,20161230,3.05,3.085,3.05,3.08,303648
MTS,20161230,2.27,2.29,2.26,2.28,669503
MUA,20161230,0.84,0.87,0.835,0.87,598608
MUS,20161230,0.022,0.022,0.02,0.02,217926
MVB,20161230,27.82,27.83,27.82,27.83,2269
MVE,20161230,23.6,23.6,23.51,23.51,3707
MVF,20161230,2.03,2.08,1.995,2.05,117136
MVP,20161230,4.42,4.47,4.42,4.42,6055
MVW,20161230,25.27,25.32,25.27,25.3,5225
MWY,20161230,2.45,2.48,2.45,2.48,30100
MXC,20161230,0.043,0.043,0.043,0.043,232100
MXI,20161230,0.52,0.52,0.515,0.515,24496
MXR,20161230,0.003,0.003,0.003,0.003,326001
MYE,20161230,0.42,0.42,0.42,0.42,10000
MYO,20161230,3.63,3.67,3.57,3.66,217268
MYR,20161230,1.365,1.385,1.365,1.38,1042177
MYS,20161230,4.42,4.5,4.42,4.43,51016
MYX,20161230,1.37,1.375,1.345,1.345,4270063
MZI,20161230,0.3,0.31,0.3,0.31,27000
MZM,20161230,0.14,0.14,0.14,0.14,25000
MZN,20161230,0.021,0.021,0.02,0.021,6600000
NAB,20161230,30.89,30.93,30.65,30.67,2117965
NAC,20161230,1.155,1.155,1.15,1.15,45000
NAE,20161230,0.03,0.031,0.03,0.03,624299
NAG,20161230,0.082,0.082,0.082,0.082,7000
NAN,20161230,3.15,3.15,3.075,3.11,328914
NBL,20161230,1.35,1.355,1.35,1.35,62000
NCK,20161230,6.19,6.19,6.15,6.15,20749
NCM,20161230,19.83,20.41,19.81,20.25,3585523
NCR,20161230,0.004,0.004,0.004,0.004,14000
NDQ,20161230,11.83,11.83,11.81,11.81,299
NEA,20161230,0.655,0.66,0.65,0.655,143570
NEC,20161230,1.075,1.075,1.05,1.065,611599
NEN,20161230,0.22,0.225,0.22,0.22,35550
NEU,20161230,0.057,0.057,0.056,0.056,294018
NGE,20161230,0.39,0.39,0.39,0.39,2000
NGY,20161230,0.05,0.05,0.05,0.05,100000
NHC,20161230,1.65,1.67,1.63,1.655,16789
NHF,20161230,4.72,4.8,4.72,4.75,166833
NIU,20161230,0.006,0.006,0.005,0.005,1417150
NMI,20161230,0.017,0.017,0.017,0.017,50000
NML,20161230,0.055,0.055,0.055,0.055,10000
NMM,20161230,0.095,0.095,0.095,0.095,50000
NMT,20161230,0.335,0.34,0.335,0.335,322060
NNW,20161230,0.087,0.087,0.087,0.087,75000
NOR,20161230,0.036,0.037,0.035,0.035,178333
NOX,20161230,0.42,0.42,0.42,0.42,9712
NRT,20161230,0.085,0.085,0.084,0.084,350679
NSL,20161230,0.037,0.04,0.037,0.039,4742653
NSR,20161230,1.495,1.505,1.48,1.495,1001230
NST,20161230,3.71,3.74,3.61,3.62,4397993
NTC,20161230,2.04,2.15,2.02,2.15,142249
NTI,20161230,0.355,0.385,0.355,0.385,51487
NUF,20161230,9.24,9.27,9.04,9.16,265280
NUH,20161230,0.092,0.093,0.091,0.091,365437
NVL,20161230,2.15,2.15,2.15,2.15,5000
NVO,20161230,0.06,0.06,0.06,0.06,100000
NVT,20161230,4.95,5,4.95,4.98,187387
NWH,20161230,0.65,0.665,0.647,0.665,572817
NWS,20161230,16.88,16.88,16.71,16.76,284201
NWZ,20161230,0.003,0.003,0.003,0.003,103836
NXM,20161230,0.11,0.11,0.11,0.11,6473
NXT,20161230,3.65,3.65,3.59,3.64,290642
NZK,20161230,1.2,1.2,1.2,1.2,4000
NZM,20161230,0.55,0.57,0.535,0.55,74074
OBJ,20161230,0.068,0.069,0.068,0.069,559197
OBL,20161230,0.004,0.004,0.004,0.004,100000
OCC,20161230,0.385,0.395,0.38,0.38,38539
OCL,20161230,1.8,1.8,1.8,1.8,29545
OCP,20161230,2.05,2.05,2.05,2.05,218
OEC,20161230,0.875,0.875,0.875,0.875,2250
OEL,20161230,0.036,0.037,0.036,0.036,68691
OEQ,20161230,0.175,0.175,0.175,0.175,404
OEX,20161230,0.007,0.007,0.007,0.007,1182522
OFW,20161230,0.2,0.205,0.19,0.2,3350000
OFX,20161230,1.66,1.7,1.655,1.68,239933
OGC,20161230,4.1,4.22,4.1,4.2,487096
OIL,20161230,0.06,0.062,0.06,0.06,198618
OMH,20161230,0.15,0.15,0.15,0.15,1000
OML,20161230,4.56,4.65,4.48,4.57,218836
ONE,20161230,6.4,6.4,6.4,6.4,450
ONT,20161230,7.56,7.56,7.56,7.56,219
OOK,20161230,0.028,0.029,0.028,0.029,240175
OOO,20161230,16.29,16.32,16.25,16.25,3730
OPT,20161230,0.82,0.845,0.82,0.845,21604
ORA,20161230,2.99,3.02,2.99,2.99,781078
ORE,20161230,4.32,4.53,4.27,4.53,1165110
ORG,20161230,6.59,6.61,6.51,6.59,1851954
ORI,20161230,17.9,17.9,17.64,17.68,302668
ORN,20161230,0.02,0.021,0.02,0.021,91000
ORR,20161230,0.395,0.4,0.395,0.4,10282
OSH,20161230,7.18,7.19,7.12,7.17,2108333
OSL,20161230,0.083,0.086,0.083,0.086,113660
OSP,20161230,0.455,0.46,0.455,0.46,2659
OTR,20161230,0.375,0.375,0.375,0.375,1250
OVH,20161230,0.51,0.525,0.5,0.52,513982
OVL,20161230,0.019,0.02,0.019,0.02,1429136
OVN,20161230,0.62,0.66,0.62,0.66,974
OZF,20161230,20.82,20.82,20.73,20.74,11914
OZL,20161230,7.91,8,7.88,7.89,568686
OZR,20161230,8.26,8.26,8.25,8.25,10835
PAA,20161230,0.058,0.058,0.057,0.058,283095
PAC,20161230,4.24,4.24,4.21,4.21,9052
PAF,20161230,0.955,0.955,0.945,0.945,19000
PAI,20161230,0.93,0.94,0.93,0.935,151896
PAK,20161230,0.105,0.105,0.105,0.105,63477
PAN,20161230,0.275,0.275,0.275,0.275,50000
PBT,20161230,0.046,0.046,0.046,0.046,85000
PBX,20161230,0.032,0.032,0.032,0.032,15000
PCH,20161230,0.011,0.011,0.011,0.011,1000247
PCL,20161230,0.004,0.004,0.004,0.004,270466
PDI,20161230,0.011,0.013,0.011,0.013,3966313
PDN,20161230,0.08,0.089,0.08,0.086,7825412
PDZ,20161230,0.38,0.38,0.38,0.38,12000
PEA,20161230,0.575,0.595,0.575,0.595,1610938
PEL,20161230,0.01,0.01,0.01,0.01,117500
PEN,20161230,0.55,0.575,0.55,0.56,118770
PEP,20161230,2.47,2.48,2.45,2.45,25516
PEX,20161230,0.17,0.17,0.17,0.17,9617
PEZ,20161230,0.019,0.019,0.019,0.019,20851
PGC,20161230,0.8,0.815,0.8,0.81,33023
PGF,20161230,0.985,0.985,0.98,0.98,128543
PGH,20161230,6.75,6.76,6.71,6.75,88497
PGI,20161230,0.075,0.075,0.074,0.074,45599
PGM,20161230,0.069,0.069,0.069,0.069,3350
PGO,20161230,0.068,0.072,0.068,0.07,265739
PGY,20161230,0.001,0.001,0.001,0.001,14000000
PHG,20161230,0.45,0.45,0.45,0.45,170840
PIC,20161230,0.99,0.995,0.99,0.99,68585
PIL,20161230,0.014,0.014,0.014,0.014,592430
PIO,20161230,0.02,0.02,0.02,0.02,532000
PIQ,20161230,0.25,0.25,0.25,0.25,12000
PKO,20161230,0.006,0.006,0.006,0.006,5000
PLG,20161230,0.77,0.78,0.76,0.78,411956
PLH,20161230,0.2,0.205,0.2,0.205,27893
PLS,20161230,0.485,0.5,0.485,0.5,1299791
PMC,20161230,1.605,1.62,1.595,1.595,28218
PME,20161230,4.74,4.8,4.74,4.8,3040
PMP,20161230,0.675,0.675,0.675,0.675,1886
PMV,20161230,14.46,14.46,14.35,14.44,48436
PMY,20161230,0.006,0.006,0.006,0.006,401865
PNC,20161230,1.92,1.93,1.92,1.93,2920
PNI,20161230,2.47,2.47,2.43,2.43,4467
PNL,20161230,0.435,0.435,0.43,0.435,120390
PNN,20161230,0.017,0.017,0.017,0.017,6000
PNR,20161230,0.175,0.18,0.17,0.18,1287089
PNV,20161230,0.29,0.295,0.29,0.29,40502
PNX,20161230,0.025,0.028,0.025,0.027,3016343
POH,20161230,0.029,0.029,0.029,0.029,225761
POP,20161230,0.028,0.028,0.028,0.028,500000
POS,20161230,0.04,0.042,0.04,0.041,232662
POU,20161230,16.8,16.82,16.78,16.8,5112
POW,20161230,0.007,0.007,0.007,0.007,1020287
POZ,20161230,0.02,0.02,0.02,0.02,20599
PPC,20161230,0.965,0.97,0.955,0.97,12888
PPH,20161230,1.35,1.35,1.32,1.32,113428
PPS,20161230,0.44,0.445,0.435,0.445,125835
PPT,20161230,48.88,48.9,48.47,48.76,40449
PRG,20161230,1.905,1.925,1.895,1.925,202166
PRL,20161230,0.013,0.013,0.013,0.013,100000
PRO,20161230,0.68,0.68,0.68,0.68,11766
PRR,20161230,0.038,0.038,0.036,0.036,2058996
PRT,20161230,0.305,0.31,0.305,0.31,94476
PRU,20161230,0.34,0.345,0.33,0.335,6829653
PRY,20161230,4.09,4.1,4.06,4.08,907026
PSA,20161230,0.17,0.17,0.17,0.17,59000
PSC,20161230,0.027,0.027,0.027,0.027,1334512
PSI,20161230,1.9,1.9,1.9,1.9,25000
PSZ,20161230,0.3,0.3,0.3,0.3,2000
PTB,20161230,0.57,0.57,0.55,0.55,88000
PTM,20161230,5.34,5.34,5.26,5.28,313829
PTR,20161230,0.028,0.028,0.028,0.028,50000
PTX,20161230,0.086,0.086,0.086,0.086,20000
PVD,20161230,0.04,0.04,0.04,0.04,247390
PVE,20161230,0.025,0.025,0.025,0.025,410000
PWH,20161230,2.39,2.49,2.39,2.47,1785
PWN,20161230,0.022,0.022,0.022,0.022,50000
PXS,20161230,0.28,0.28,0.28,0.28,20578
PYC,20161230,0.025,0.025,0.024,0.025,697143
QAG,20161230,7.29,7.29,7.28,7.28,905
QAN,20161230,3.36,3.37,3.33,3.33,2594816
QAU,20161230,12.5,12.5,12.14,12.19,9188
QBE,20161230,12.6,12.6,12.35,12.42,1836716
QCB,20161230,9.43,9.43,9.43,9.43,75
QFN,20161230,12.04,12.04,12,12,5771
QHL,20161230,0.097,0.1,0.097,0.1,344500
QIP,20161230,2.14,2.16,2.13,2.13,79942
QMIX,20161230,16.41,16.41,16.41,16.41,150
QMS,20161230,1.12,1.14,1.12,1.13,41662
QOZ,20161230,12.91,12.92,12.91,12.92,2400
QRE,20161230,4.55,4.55,4.55,4.55,22170
QUAL,20161230,19.76,19.76,19.72,19.74,5305
QUB,20161230,2.44,2.44,2.42,2.44,565027
QUR,20161230,0.013,0.014,0.013,0.014,205000
QVE,20161230,1.27,1.27,1.255,1.255,18172
RAN,20161230,1.15,1.2,1.15,1.2,217151
RAP,20161230,0.38,0.38,0.36,0.365,1157695
RARI,20161230,24.37,24.37,24.25,24.25,2317
RBL,20161230,0.87,0.87,0.86,0.87,33500
RBO,20161230,0.125,0.14,0.125,0.135,805043
RCB,20161230,20.18,20.18,20.15,20.15,2507
RCE,20161230,0.165,0.165,0.165,0.165,1947
RCG,20161230,1.485,1.495,1.48,1.485,308184
RCO,20161230,0.2,0.2,0.2,0.2,10000
RCR,20161230,2.77,2.77,2.73,2.75,6811
RDF,20161230,0.46,0.49,0.45,0.49,120799
RDM,20161230,0.11,0.11,0.11,0.11,105000
RDV,20161230,29.96,29.96,29.9,29.9,60462
REA,20161230,55.2,56.13,55.05,55.23,82404
RED,20161230,0.081,0.09,0.081,0.087,1138673
REG,20161230,4.6,4.63,4.56,4.58,375725
REH,20161230,44.15,44.85,44.1,44.85,1330518
RER,20161230,0.012,0.012,0.012,0.012,400818
RES,20161230,0.075,0.075,0.075,0.075,1438
REX,20161230,0.8,0.84,0.8,0.84,28619
RFF,20161230,1.75,1.765,1.735,1.745,151856
RFG,20161230,7.1,7.11,6.985,7.02,360122
RFL,20161230,0.093,0.093,0.093,0.093,37675
RFN,20161230,0.044,0.044,0.044,0.044,25000
RFT,20161230,0.021,0.021,0.021,0.021,117965
RFX,20161230,0.285,0.29,0.285,0.29,92016
RGS,20161230,0.185,0.185,0.165,0.165,1471974
RHC,20161230,67.68,68.75,67.57,68.3,268092
RHS,20161230,0.098,0.098,0.098,0.098,34739
RIC,20161230,1.26,1.265,1.25,1.25,34874
RIO,20161230,60.39,60.7,59.9,59.9,710680
RIR,20161230,0.017,0.017,0.017,0.017,156250
RKN,20161230,1.6,1.64,1.59,1.59,20121
RLC,20161230,0.023,0.023,0.02,0.02,5405000
RLE,20161230,0.071,0.072,0.07,0.072,22131
RMD,20161230,8.63,8.66,8.57,8.58,872853
RMP,20161230,0.019,0.02,0.019,0.02,1099006
RMS,20161230,0.51,0.525,0.5,0.5,5106910
RMX,20161230,0.033,0.037,0.033,0.036,9556032
RND,20161230,1.65,1.65,1.65,1.65,105
RNI,20161230,0.014,0.014,0.014,0.014,1200000
RNL,20161230,0.008,0.008,0.008,0.008,2851173
RNT,20161230,0.088,0.088,0.086,0.086,100000
RNU,20161230,0.03,0.031,0.03,0.031,80854
RNY,20161230,0.033,0.033,0.033,0.033,47139
RRL,20161230,2.9,3.04,2.89,2.97,4166566
RRS,20161230,0.006,0.006,0.006,0.006,192000
RSG,20161230,1.26,1.345,1.235,1.3,7671651
RTG,20161230,0.22,0.22,0.22,0.22,33000
RTR,20161230,0.019,0.019,0.018,0.018,1063314
RUB,20161230,0.059,0.059,0.059,0.059,45326
RUL,20161230,0.55,0.55,0.54,0.54,533360
RVL,20161230,29.91,29.91,29.91,29.91,100
RVR,20161230,0.195,0.2,0.19,0.2,2182000
RVY,20161230,0.023,0.023,0.023,0.023,51896
RWC,20161230,3.22,3.22,3.18,3.2,207910
RWH,20161230,1.45,1.457,1.45,1.457,87685
RXL,20161230,0.013,0.014,0.013,0.014,645848
RXP,20161230,0.97,0.985,0.97,0.98,159197
S2R,20161230,0.22,0.24,0.215,0.22,226461
S32,20161230,2.73,2.79,2.72,2.75,7432314
SAR,20161230,0.96,1.02,0.957,0.99,10621407
SAS,20161230,0.083,0.084,0.081,0.084,405528
SAU,20161230,0.315,0.33,0.315,0.33,76058
SBM,20161230,1.965,2.12,1.965,2.04,5358639
SCG,20161230,4.6,4.69,4.59,4.64,8651843
SCI,20161230,0.028,0.029,0.028,0.029,46360
SCO,20161230,2.64,2.65,2.64,2.65,9938
SCP,20161230,2.2,2.22,2.18,2.21,2134408
SDA,20161230,3.45,3.53,3.45,3.5,200977
SDF,20161230,2.22,2.22,2.19,2.21,479277
SDG,20161230,1.64,1.645,1.61,1.61,14981
SDI,20161230,0.75,0.775,0.735,0.735,46581
SDL,20161230,0.004,0.004,0.003,0.003,29176009
SE1,20161230,0.335,0.335,0.33,0.33,176501
SEA,20161230,0.22,0.22,0.21,0.22,147209
SEG,20161230,0.002,0.002,0.002,0.002,1500000
SEH,20161230,0.115,0.12,0.115,0.115,131365
SEK,20161230,14.9,14.97,14.8,14.88,425616
SEN,20161230,0.105,0.105,0.1,0.1,327381
SEQ,20161230,0.23,0.23,0.23,0.23,2000
SER,20161230,0.012,0.012,0.012,0.012,195010
SES,20161230,0.08,0.08,0.08,0.08,10000
SFC,20161230,5.55,5.99,5.55,5.99,1088
SFG,20161230,0.08,0.085,0.08,0.081,251754
SFH,20161230,0.5,0.51,0.5,0.51,31394
SFI,20161230,0.068,0.068,0.067,0.068,312315
SFL,20161230,0.215,0.215,0.215,0.215,8000
SFR,20161230,5.72,5.72,5.62,5.64,276417
SFX,20161230,0.635,0.635,0.635,0.635,17593
SFY,20161230,53.42,53.42,53.32,53.32,1165
SGC,20161230,0.068,0.068,0.065,0.065,350000
SGF,20161230,3.32,3.4,3.28,3.33,89555
SGH,20161230,0.235,0.235,0.22,0.225,2620077
SGM,20161230,12.95,12.99,12.8,12.83,126298
SGP,20161230,4.53,4.63,4.53,4.58,4225900
SGQ,20161230,0.14,0.14,0.14,0.14,47000
SGR,20161230,5.2,5.22,5.17,5.17,928362
SHJ,20161230,0.74,0.77,0.74,0.745,167450
SHL,20161230,21.05,21.48,21.05,21.4,404478
SHM,20161230,1.2,1.215,1.2,1.215,1419
SHV,20161230,6.83,6.84,6.64,6.64,137384
SIO,20161230,0.39,0.39,0.39,0.39,10000
SIP,20161230,1.29,1.295,1.285,1.29,517075
SIQ,20161230,6.25,6.34,6.25,6.28,77965
SIV,20161230,8.81,9,8.7,8.86,49572
SKB,20161230,0.61,0.61,0.61,0.61,25610
SKC,20161230,3.78,3.81,3.75,3.81,191819
SKF,20161230,0.067,0.067,0.067,0.067,40000
SKI,20161230,2.38,2.39,2.36,2.38,1411274
SKT,20161230,4.42,4.43,4.33,4.43,424421
SLC,20161230,2.71,2.75,2.71,2.74,210796
SLF,20161230,12.9,13.05,12.9,13.01,23736
SLK,20161230,4.51,4.59,4.51,4.59,13469
SLM,20161230,0.56,0.56,0.56,0.56,650
SLR,20161230,0.635,0.65,0.63,0.64,3164942
SLX,20161230,0.4,0.41,0.395,0.395,66392
SM1,20161230,3.05,3.05,3.05,3.05,4
SMA,20161230,0.012,0.012,0.011,0.012,779034
SMD,20161230,0.018,0.019,0.018,0.019,100697
SMN,20161230,1.9,1.95,1.76,1.77,111702
SMP,20161230,0.16,0.16,0.16,0.16,297062
SMR,20161230,0.52,0.52,0.52,0.52,8000
SMX,20161230,1.33,1.355,1.32,1.33,49552
SNC,20161230,0.98,0.985,0.98,0.985,6000
SO4,20161230,0.51,0.51,0.505,0.505,35000
SOC,20161230,0.032,0.032,0.03,0.03,5989344
SOL,20161230,15,15.16,15,15.13,30174
SOM,20161230,3.81,3.89,3.81,3.89,1459
SOR,20161230,0.086,0.087,0.084,0.085,376839
SPI,20161230,0.06,0.068,0.06,0.068,211111
SPK,20161230,3.31,3.31,3.28,3.29,260933
SPL,20161230,0.72,0.725,0.7,0.725,111063
SPO,20161230,0.985,1,0.98,0.99,2578136
SPZ,20161230,0.285,0.285,0.275,0.28,278782
SRF,20161230,0.18,0.18,0.175,0.175,68127
SRI,20161230,0.016,0.016,0.016,0.016,449548
SRK,20161230,0.071,0.071,0.071,0.071,2850
SRO,20161230,0.011,0.011,0.011,0.011,450000
SRS,20161230,0.027,0.027,0.027,0.027,44482
SRV,20161230,7.67,7.92,7.65,7.85,11903
SRX,20161230,14.3,14.31,14.17,14.17,337447
SSM,20161230,1.095,1.1,1.085,1.1,214411
ST1,20161230,0.032,0.034,0.032,0.034,21200
STA,20161230,0.007,0.008,0.007,0.008,2562641
STL,20161230,0.032,0.032,0.03,0.03,278234
STO,20161230,4.05,4.05,4,4.02,5609838
STW,20161230,53.11,53.14,52.91,52.92,39828
STX,20161230,0.079,0.08,0.079,0.08,142511
SUL,20161230,10.43,10.43,10.26,10.35,148548
SUN,20161230,13.59,13.6,13.49,13.52,1161677
SVH,20161230,0.2,0.2,0.2,0.2,62500
SVL,20161230,0.18,0.19,0.18,0.19,3186044
SVW,20161230,7.88,7.89,7.79,7.84,150807
SW1,20161230,0.195,0.2,0.19,0.19,115130
SWJ,20161230,0.016,0.016,0.016,0.016,123750
SWL,20161230,0.88,0.88,0.845,0.85,99085
SWM,20161230,0.81,0.81,0.8,0.805,874417
SXE,20161230,0.53,0.53,0.53,0.53,3500
SXL,20161230,1.525,1.55,1.51,1.545,550186
SXX,20161230,0.008,0.008,0.008,0.008,389453
SXY,20161230,0.265,0.272,0.262,0.265,620516
SYA,20161230,0.032,0.032,0.031,0.031,928506
SYD,20161230,6,6.01,5.98,5.99,2622335
SYI,20161230,28.89,28.89,28.89,28.89,1000
SYR,20161230,3.01,3.13,2.97,3.05,1077659
SYT,20161230,0.032,0.033,0.032,0.032,7353219
TAH,20161230,4.8,4.84,4.78,4.81,921276
TAM,20161230,0.065,0.068,0.065,0.067,886431
TAP,20161230,0.087,0.087,0.087,0.087,87000
TAS,20161230,0.165,0.175,0.165,0.175,168629
TAW,20161230,0.1,0.115,0.1,0.115,2605080
TCH,20161230,1.045,1.095,1.045,1.095,146588
TCL,20161230,10.4,10.45,10.32,10.32,3445243
TCN,20161230,0.072,0.072,0.072,0.072,52459
TDL,20161230,0.18,0.18,0.18,0.18,30000
TEG,20161230,0.034,0.034,0.034,0.034,14710
TEN,20161230,0.94,0.94,0.925,0.925,84414
TER,20161230,0.027,0.029,0.026,0.028,3464198
TFC,20161230,1.65,1.68,1.64,1.66,1189945
TFL,20161230,0.18,0.18,0.18,0.18,240000
TGA,20161230,1.945,1.945,1.89,1.92,171774
TGG,20161230,1.23,1.23,1.225,1.225,76315
TGH,20161230,1.4,1.4,1.39,1.4,41275
TGP,20161230,0.86,0.875,0.855,0.875,138220
TGR,20161230,4.14,4.16,4.1,4.15,156474
TGS,20161230,0.036,0.036,0.036,0.036,65081
TGZ,20161230,0.88,0.95,0.85,0.9,87519
THD,20161230,0.017,0.017,0.017,0.017,3843
THX,20161230,0.055,0.058,0.055,0.058,452984
TIG,20161230,0.07,0.073,0.07,0.073,333712
TIX,20161230,2.51,2.52,2.51,2.51,52905
TLG,20161230,0.295,0.295,0.29,0.29,92960
TLM,20161230,0.37,0.37,0.37,0.37,43373
TLS,20161230,5.12,5.12,5.1,5.1,12048800
TME,20161230,4.83,4.85,4.8,4.85,154677
TMP,20161230,0.15,0.15,0.15,0.15,20200
TMT,20161230,0.225,0.225,0.215,0.215,110000
TND,20161230,0.055,0.055,0.053,0.054,1094437
TNE,20161230,5.65,5.66,5.6,5.65,154547
TNG,20161230,0.14,0.14,0.135,0.135,1301192
TNK,20161230,2.22,2.22,2.19,2.22,12736
TNR,20161230,0.125,0.135,0.12,0.135,98887
TOE,20161230,0.042,0.042,0.041,0.041,175583
TOF,20161230,2.14,2.16,2.14,2.14,22852
TON,20161230,0.063,0.064,0.063,0.064,553682
TOU,20161230,0.135,0.135,0.135,0.135,33333
TOX,20161230,2.54,2.6,2.5,2.59,126208
TPC,20161230,1.65,1.65,1.6,1.6,19193
TPE,20161230,2.95,2.95,2.91,2.91,8318
TPM,20161230,6.83,6.88,6.82,6.82,745033
TPP,20161230,0.23,0.23,0.225,0.225,221802
TPS,20161230,0.026,0.026,0.026,0.026,1000000
TRS,20161230,8.48,8.5,8.38,8.48,67152
TRY,20161230,0.155,0.16,0.145,0.145,4623486
TSL,20161230,0.008,0.008,0.008,0.008,35386
TSN,20161230,0.027,0.028,0.027,0.028,440822
TTC,20161230,0.47,0.49,0.47,0.49,16000
TTS,20161230,4.52,4.52,4.465,4.48,957554
TUP,20161230,0.068,0.068,0.068,0.068,300000
TV2,20161230,0.011,0.011,0.01,0.01,17138272
TWD,20161230,3.68,3.7,3.68,3.7,4760
TWE,20161230,10.74,10.74,10.54,10.68,723043
TWR,20161230,0.795,0.825,0.795,0.795,23800
TYX,20161230,0.027,0.028,0.027,0.028,20000
TZL,20161230,0.056,0.056,0.056,0.056,24178
TZN,20161230,0.145,0.15,0.145,0.145,500310
UBA,20161230,19.02,19.02,19.02,19.02,5
UBE,20161230,18.86,18.86,18.86,18.86,54
UBI,20161230,0.31,0.31,0.31,0.31,2000
UBJ,20161230,21,21,21,21,26
UBN,20161230,0.15,0.15,0.145,0.15,162165
UBW,20161230,21.8,21.8,21.8,21.8,59
UCM,20161230,0.245,0.245,0.23,0.245,47779
UMAX,20161230,18.05,18.05,17.98,18.02,4015
UNS,20161230,0.047,0.05,0.047,0.05,1053000
UPD,20161230,0.45,0.45,0.45,0.45,23209
URI,20161230,1.81,1.81,1.81,1.81,49
USA,20161230,0.009,0.009,0.009,0.009,117500
USD,20161230,13.49,13.49,13.44,13.46,41033
UTR,20161230,0.04,0.043,0.04,0.043,265000
VAE,20161230,52.41,52.41,52.41,52.41,23
VAF,20161230,48.7,48.7,48.59,48.61,3915
VAH,20161230,0.23,0.235,0.227,0.235,1522835
VAP,20161230,81,82,81,81.8,8114
VAR,20161230,0.016,0.016,0.016,0.016,15000
VAS,20161230,72.76,72.83,72.5,72.5,20194
VCF,20161230,51.07,51.11,51.05,51.11,1262
VCX,20161230,2.97,3.01,2.96,2.99,6711109
VEC,20161230,0.003,0.003,0.003,0.003,25350
VEQ,20161230,47.98,47.98,47.7,47.7,159
VEU,20161230,61.01,61.3,61.01,61.14,4432
VGAD,20161230,56.95,57.25,56.95,57.25,783
VGB,20161230,48.99,49,48.85,48.98,2592
VGE,20161230,55.5,55.65,55.5,55.65,471
VGL,20161230,5.15,5.15,5.15,5.15,6
VGS,20161230,60.23,60.23,59.95,60.05,5693
VHT,20161230,0.635,0.635,0.635,0.635,11552
VHY,20161230,61.31,61.36,61.1,61.1,6398
VIC,20161230,0.013,0.014,0.012,0.012,1729209
VIF,20161230,51.85,51.85,51.85,51.85,1
VLA,20161230,1.2,1.22,1.19,1.19,68556
VLC,20161230,61.03,61.09,61.03,61.09,517
VLW,20161230,2.28,2.29,2.27,2.28,29535
VML,20161230,0.019,0.019,0.018,0.018,996070
VMT,20161230,0.097,0.099,0.097,0.099,518321
VMY,20161230,0.25,0.25,0.24,0.25,92131
VOC,20161230,3.94,3.94,3.87,3.87,1593942
VPC,20161230,0.018,0.018,0.018,0.018,834133
VRC,20161230,0.055,0.055,0.054,0.055,1146463
VRI,20161230,0.066,0.069,0.066,0.069,35141
VRL,20161230,4.56,4.59,4.53,4.56,68275
VRM,20161230,0.028,0.028,0.028,0.028,118000
VRS,20161230,0.24,0.24,0.235,0.24,241372
VRT,20161230,6.34,6.34,6.21,6.24,106445
VSC,20161230,1.295,1.295,1.295,1.295,396
VSO,20161230,49.75,49.89,49.75,49.89,199
VTG,20161230,3.23,3.27,3.21,3.23,181374
VTS,20161230,160.74,160.74,159.81,160.14,4050
VVR,20161230,2.4,2.42,2.38,2.4,856353
VXR,20161230,0.008,0.008,0.008,0.008,379064
WAA,20161230,1.14,1.145,1.13,1.13,22250
WAF,20161230,0.225,0.23,0.215,0.22,507892
WAM,20161230,2.41,2.43,2.41,2.41,204841
WAT,20161230,1.4,1.4,1.4,1.4,1000
WAX,20161230,1.56,1.56,1.55,1.555,94671
WBA,20161230,1.36,1.365,1.33,1.365,56118
WBC,20161230,32.78,32.8,32.56,32.6,2731100
WBT,20161230,0.03,0.031,0.03,0.031,440000
WCB,20161230,7.15,7.2,7.15,7.2,374
WCN,20161230,0.007,0.007,0.006,0.006,2115354
WDIV,20161230,18.52,18.58,18.38,18.58,18756
WEB,20161230,10.63,10.63,10.54,10.6,185574
WEC,20161230,0.06,0.06,0.06,0.06,322335
WEMG,20161230,16.97,16.97,16.97,16.97,0
WES,20161230,42.57,42.64,42.14,42.14,1471507
WFD,20161230,9.27,9.45,9.26,9.38,3560359
WFE,20161230,0.005,0.007,0.005,0.007,16000000
WGF,20161230,1.06,1.065,1.06,1.065,7000
WGX,20161230,1.55,1.65,1.54,1.65,385124
WHC,20161230,2.64,2.65,2.56,2.61,3546739
WHF,20161230,4.28,4.3,4.28,4.3,21260
WIC,20161230,0.975,0.975,0.975,0.975,70802
WKT,20161230,0.08,0.08,0.076,0.076,104479
WLD,20161230,0.23,0.23,0.225,0.225,42996
WLE,20161230,1.15,1.155,1.15,1.15,20545
WLF,20161230,0.076,0.076,0.075,0.075,32000
WMK,20161230,1.055,1.055,1.055,1.055,2135
WNR,20161230,0.34,0.34,0.34,0.34,39859
WOR,20161230,9.8,9.8,9.63,9.72,555977
WOW,20161230,24.3,24.37,24.06,24.1,1734424
WPG,20161230,0.05,0.05,0.049,0.049,1463125
WPL,20161230,31.5,31.6,31.11,31.16,1382798
WPP,20161230,1.18,1.26,1.18,1.21,608509
WRLD,20161230,10.63,10.63,10.58,10.58,17078
WSA,20161230,3.14,3.14,2.98,3.07,941516
WTC,20161230,5.69,5.69,5.65,5.65,121454
WXHG,20161230,19.3,19.36,19.29,19.32,9239
WXOZ,20161230,25.4,25.4,25.32,25.32,1361
XAM,20161230,0.21,0.21,0.21,0.21,13468
XF1,20161230,0.54,0.545,0.53,0.53,49019
XIP,20161230,2.67,2.74,2.67,2.7,4524
XPD,20161230,0.094,0.098,0.094,0.095,111915
XPE,20161230,0.033,0.033,0.032,0.032,9964970
XRF,20161230,0.17,0.18,0.17,0.18,57550
XRO,20161230,16.95,16.99,16.81,16.98,9252
XST,20161230,0.024,0.024,0.024,0.024,1304570
XTD,20161230,0.1,0.105,0.1,0.105,153468
YAL,20161230,0.47,0.5,0.47,0.49,367266
YMAX,20161230,9.41,9.43,9.37,9.38,96961
YOW,20161230,0.63,0.655,0.625,0.655,139043
YPB,20161230,0.23,0.23,0.23,0.23,2326
ZEL,20161230,7.26,7.26,6.9,7.15,1235
ZGL,20161230,0.155,0.155,0.155,0.155,20000
ZGOL,20161230,15.94,15.95,15.89,15.89,5470
ZIP,20161230,0.12,0.12,0.12,0.12,12500
ZLD,20161230,0.039,0.039,0.037,0.039,825641
ZMI,20161230,0.008,0.008,0.008,0.008,754082
ZML,20161230,0.75,0.77,0.75,0.75,21713
ZOZI,20161230,10.56,10.56,10.56,10.56,0
ZUSD,20161230,10.55,10.55,10.55,10.55,1604
ZYB,20161230,0.007,0.007,0.007,0.007,1310000
ZYUS,20161230,13.09,13.09,13.07,13.07,2040
XAF,20161230,5649.9,5649.9,5608.6,5608.6,0
XAO,20161230,5746.7,5746.7,5718.3,5719.1,0
XAT,20161230,5643.5,5643.5,5610.4,5610.4,0
XDJ,20161230,2154.3,2157.3,2145.4,2150.8,0
XEC,20161230,1307.5,1317.3,1307.5,1316,0
XEJ,20161230,9100,9101.3,9013.2,9042.6,0
XFJ,20161230,6631.8,6631.8,6557.1,6557.4,0
XFL,20161230,5704.3,5704.3,5662.4,5662.4,0
XGD,20161230,3843.5,4115.8,3843.5,4080.9,0
XHJ,20161230,19723.6,19830.1,19679.7,19780.6,0
XIJ,20161230,821.9,823.9,818.3,822.9,0
XJO,20161230,5699.1,5699.1,5665.8,5665.8,0
XJR,20161230,3370.5,3375.2,3352.1,3353.7,0
XKO,20161230,5648.8,5648.8,5617.7,5617.7,0
XMD,20161230,5812.5,5817.6,5794.3,5799.2,0
XMJ,20161230,9817.9,9835.3,9766.8,9772.1,0
XMM,20161230,2946.4,2956.8,2927.4,2936.2,0
XNJ,20161230,5192,5203.3,5176.8,5176.8,0
XPJ,20161230,1385.1,1405.1,1385.1,1395.4,0
XSJ,20161230,8974.7,8979.4,8869.5,8869.5,0
XSO,20161230,2369.1,2383.4,2369.1,2382.4,0
XTJ,20161230,1790,1790,1782.6,1782.6,0
XTL,20161230,3325.4,3325.4,3291.7,3291.7,0
XTO,20161230,4727.5,4727.5,4695.8,4695.8,0
XUJ,20161230,7894.1,7931.1,7879.4,7892,0
XXJ,20161230,7396.7,7396.7,7313.3,7313.7,0
