1AG,20160516,0.083,0.083,0.072,0.077,1068299
1AL,20160516,0.995,0.995,0.995,0.995,3000
1PG,20160516,0.725,0.8,0.725,0.765,107892
3PL,20160516,1.135,1.16,1.12,1.15,267799
4DS,20160516,0.028,0.029,0.027,0.027,516938
88E,20160516,0.039,0.04,0.037,0.037,22435340
8CO,20160516,0.17,0.17,0.17,0.17,4000
8EC,20160516,0.97,1,0.97,1,108226
A2M,20160516,1.67,1.685,1.66,1.675,1857737
AAA,20160516,50.14,50.15,50.13,50.13,52595
AAC,20160516,1.465,1.475,1.45,1.465,943395
AAD,20160516,2.25,2.27,2.23,2.25,1393800
AAI,20160516,12,12,12,12,100
AAK,20160516,0.003,0.003,0.003,0.003,1360000
AAL,20160516,0.006,0.006,0.006,0.006,100000
AAP,20160516,0.035,0.035,0.035,0.035,28144
AAR,20160516,0.016,0.016,0.013,0.014,469117
AAX,20160516,0.35,0.35,0.33,0.33,79256
AB1,20160516,0.225,0.225,0.22,0.225,495890
ABA,20160516,5.06,5.12,5,5.12,10410
ABC,20160516,5.4,5.45,5.355,5.4,1212635
ABL,20160516,0.016,0.016,0.016,0.016,32500
ABP,20160516,3.29,3.31,3.26,3.28,324068
ABT,20160516,0.82,0.83,0.82,0.82,14602
ABU,20160516,0.06,0.06,0.056,0.056,1137432
ABV,20160516,0.01,0.01,0.01,0.01,1080360
ABX,20160516,0.135,0.135,0.125,0.125,111718
ABY,20160516,0.315,0.315,0.31,0.31,17568
ACG,20160516,0.155,0.155,0.15,0.15,237645
ACL,20160516,0.011,0.012,0.011,0.012,11070
ACQ,20160516,0.88,0.885,0.88,0.885,12800
ACR,20160516,0.65,0.66,0.64,0.66,414394
ACU,20160516,0.034,0.035,0.032,0.032,140063
ACW,20160516,0.095,0.096,0.094,0.096,526961
ACX,20160516,6.21,6.21,6.05,6.06,460676
ADA,20160516,2.31,2.33,2.29,2.29,17932
ADH,20160516,2.53,2.56,2.46,2.51,45833
ADJ,20160516,0.1,0.1,0.1,0.1,1188139
ADN,20160516,0.018,0.02,0.018,0.02,661210
ADO,20160516,0.047,0.047,0.043,0.043,1900490
ADR,20160516,0.5,0.5,0.48,0.48,56979
ADV,20160516,0.045,0.047,0.041,0.041,12511030
ADX,20160516,0.009,0.009,0.008,0.008,111000
ADY,20160516,0.012,0.012,0.012,0.012,400
AEB,20160516,0.045,0.048,0.045,0.048,196315
AEE,20160516,0.016,0.016,0.016,0.016,64690
AEF,20160516,68.49,68.49,68.01,68.01,89
AEG,20160516,1.18,1.18,1.17,1.17,41052
AER,20160516,0.115,0.115,0.115,0.115,41000
AEV,20160516,0.23,0.235,0.22,0.23,275451
AFI,20160516,5.62,5.65,5.6,5.61,373886
AFY,20160516,1.4,1.4,1.27,1.345,264810
AGD,20160516,0.15,0.15,0.15,0.15,10000
AGF,20160516,0.805,0.815,0.805,0.815,410736
AGG,20160516,4.12,4.12,4.12,4.12,2000
AGI,20160516,2.56,2.58,2.37,2.49,9084370
AGL,20160516,18.74,18.955,18.73,18.79,2181074
AGO,20160516,0.018,0.018,0.016,0.016,50757763
AGR,20160516,0.11,0.12,0.1,0.11,569240
AGS,20160516,0.036,0.036,0.035,0.035,889483
AGY,20160516,0.029,0.035,0.029,0.032,23624692
AHF,20160516,0.225,0.225,0.22,0.22,839017
AHG,20160516,3.98,4.02,3.965,3.97,435250
AHL,20160516,0.335,0.345,0.335,0.34,175461
AHX,20160516,1.46,1.47,1.45,1.45,60356
AHY,20160516,1.995,2.04,1.995,2.03,1234148
AHZ,20160516,0.37,0.37,0.345,0.345,133782
AIA,20160516,6.04,6.07,6.01,6.04,78943
AIK,20160516,0.115,0.115,0.115,0.115,69676
AIO,20160516,8.86,8.9,8.85,8.88,768655
AIS,20160516,0.04,0.04,0.037,0.037,104254
AIZ,20160516,2.14,2.17,2.11,2.13,251925
AJA,20160516,6.8,6.81,6.64,6.67,81443
AJD,20160516,1.42,1.42,1.405,1.405,105889
AJL,20160516,0.195,0.21,0.185,0.21,317343
AJM,20160516,0.235,0.235,0.215,0.22,4240456
AJQ,20160516,0.076,0.078,0.076,0.076,184570
AJX,20160516,0.58,0.59,0.56,0.565,558246
AKG,20160516,0.205,0.205,0.205,0.205,5000
AKK,20160516,0.008,0.008,0.007,0.007,19549814
AKM,20160516,0.005,0.006,0.005,0.006,86736
AKP,20160516,12.51,12.8,12.51,12.7,11088
ALA,20160516,0.11,0.11,0.11,0.11,53000
ALC,20160516,0.047,0.047,0.044,0.044,61848
ALF,20160516,1.36,1.375,1.355,1.375,377613
ALI,20160516,1.84,1.85,1.825,1.825,79688
ALK,20160516,0.205,0.212,0.205,0.21,1601504
ALL,20160516,12.44,12.64,12.34,12.45,2936254
ALQ,20160516,4.26,4.31,4.17,4.22,2352690
ALR,20160516,1.035,1.035,1.035,1.035,3045
ALT,20160516,0.006,0.006,0.006,0.006,200000
ALU,20160516,6.48,6.51,6.31,6.32,308916
AMA,20160516,0.905,0.925,0.9,0.92,168118
AMC,20160516,16.2,16.33,16.125,16.22,3132331
AMH,20160516,0.925,0.93,0.925,0.925,55000
AMI,20160516,0.14,0.14,0.13,0.13,539947
AML,20160516,0.065,0.066,0.065,0.065,129826
AMP,20160516,5.44,5.53,5.41,5.53,9711084
AMT,20160516,0.11,0.13,0.11,0.13,16320
ANG,20160516,0.125,0.125,0.12,0.125,201513
ANN,20160516,18.88,19.09,18.83,18.92,466189
ANO,20160516,0.026,0.026,0.026,0.026,269997
ANP,20160516,0.059,0.059,0.059,0.059,200000
ANR,20160516,1.2,1.2,1.12,1.2,6674
ANW,20160516,0.008,0.008,0.006,0.006,171714
ANZ,20160516,24,24.385,24,24.31,5585559
AOA,20160516,0.01,0.01,0.01,0.01,1000000
AOD,20160516,0.735,0.735,0.735,0.735,2587
AOG,20160516,3.36,3.425,3.36,3.36,849664
AOH,20160516,0.11,0.115,0.11,0.11,784373
AOK,20160516,0.05,0.05,0.05,0.05,310104
AON,20160516,0.03,0.03,0.03,0.03,199333
AOP,20160516,0.09,0.093,0.09,0.093,216000
AOU,20160516,0.13,0.13,0.125,0.125,26053
AOW,20160516,0.16,0.17,0.155,0.17,69304
APA,20160516,8.9,9.14,8.9,9.11,1679328
APD,20160516,0.45,0.45,0.45,0.45,1066445
APE,20160516,10.08,10.33,10.07,10.1,32129
API,20160516,1.88,1.905,1.85,1.89,1096282
APN,20160516,0.685,0.7,0.675,0.7,4632079
APO,20160516,7.09,7.22,7.09,7.19,714684
APW,20160516,0.125,0.125,0.12,0.125,788358
APX,20160516,2,2.01,1.96,1.96,59694
APY,20160516,0.015,0.016,0.015,0.015,11998265
APZ,20160516,1.15,1.165,1.145,1.165,335216
AQC,20160516,0.018,0.019,0.018,0.018,1760328
AQD,20160516,0.015,0.016,0.015,0.016,734534
AQF,20160516,1.78,1.78,1.78,1.78,299
AQG,20160516,3.5,3.54,3.43,3.45,274002
AQI,20160516,0.13,0.15,0.13,0.145,201095
AQZ,20160516,0.43,0.43,0.43,0.43,47439
AR1,20160516,0.017,0.017,0.017,0.017,300000
ARA,20160516,0.335,0.335,0.335,0.335,56300
ARB,20160516,16,16.31,15.87,16.13,131362
ARD,20160516,0.035,0.035,0.03,0.032,2635940
ARE,20160516,0.02,0.022,0.018,0.019,27738460
ARF,20160516,2.04,2.05,2.01,2.02,220730
ARG,20160516,7.2,7.22,7.16,7.2,314849
ARM,20160516,0.048,0.048,0.048,0.048,100000
ARU,20160516,0.05,0.05,0.047,0.047,289568
ARV,20160516,0.001,0.001,0.001,0.001,1000000
ASB,20160516,1.46,1.495,1.46,1.49,840436
ASH,20160516,0.21,0.21,0.2,0.2,21000
ASL,20160516,0.425,0.44,0.415,0.44,352531
ASN,20160516,0.031,0.031,0.031,0.031,50000
AST,20160516,1.65,1.65,1.6,1.605,9095955
ASX,20160516,44.11,44.46,43.93,44.05,452670
ASY,20160516,0.022,0.023,0.022,0.023,949900
ASZ,20160516,1.06,1.06,1.015,1.015,151860
ATC,20160516,0.11,0.11,0.1,0.1,429724
ATP,20160516,0.03,0.03,0.03,0.03,140000
ATU,20160516,0.7,0.7,0.7,0.7,171412
AUB,20160516,9.295,9.4,9.295,9.35,15606
AUC,20160516,0.058,0.06,0.055,0.06,349462
AUF,20160516,1.24,1.24,1.2,1.2,49131
AUI,20160516,7.15,7.24,7.15,7.24,9232
AUQ,20160516,0.03,0.031,0.028,0.03,812517
AUST,20160516,15.18,15.18,15.17,15.18,310018
AUZ,20160516,0.013,0.014,0.013,0.013,1988619
AVB,20160516,0.062,0.063,0.061,0.062,996310
AVD,20160516,0.026,0.026,0.025,0.026,361661
AVG,20160516,0.56,0.565,0.55,0.55,40156
AVH,20160516,0.125,0.125,0.122,0.125,721015
AVJ,20160516,0.525,0.53,0.515,0.52,203028
AVL,20160516,0.01,0.01,0.009,0.009,1342423
AVN,20160516,2.19,2.22,2.18,2.2,1381501
AVQ,20160516,0.16,0.16,0.155,0.155,167936
AVZ,20160516,0.012,0.012,0.011,0.011,3006902
AWC,20160516,1.33,1.367,1.32,1.355,14341642
AWE,20160516,0.78,0.795,0.765,0.79,4820008
AWQ,20160516,1.06,1.06,1.06,1.06,50000
AWV,20160516,0.105,0.115,0.1,0.1,895405
AXE,20160516,0.11,0.11,0.1,0.1,57165
AXP,20160516,0.88,0.89,0.88,0.89,12854
AXT,20160516,0.085,0.087,0.085,0.086,49664
AYA,20160516,0.18,0.19,0.165,0.165,657272
AYB,20160516,0.027,0.029,0.026,0.029,816853
AYC,20160516,0.027,0.027,0.027,0.027,124074
AYK,20160516,55.14,55.14,55.14,55.14,1339
AYR,20160516,0.014,0.014,0.014,0.014,384077
AYS,20160516,1.84,1.87,1.82,1.83,177552
AZJ,20160516,4.44,4.51,4.42,4.5,4109325
AZM,20160516,0.06,0.06,0.059,0.059,84631
AZS,20160516,0.045,0.045,0.042,0.042,3954508
AZV,20160516,0.068,0.069,0.068,0.069,60819
AZY,20160516,0.027,0.029,0.027,0.029,8271993
BAF,20160516,1.06,1.07,1.06,1.07,23639
BAL,20160516,11.66,11.91,11.6,11.7,556145
BAP,20160516,4.88,4.93,4.86,4.89,733916
BAR,20160516,0.069,0.078,0.069,0.075,5941807
BAU,20160516,0.11,0.11,0.11,0.11,60000
BBG,20160516,1.38,1.382,1.325,1.355,252955
BBN,20160516,2.38,2.48,2.38,2.46,95788
BBOZ,20160516,23.83,23.83,23.21,23.36,80709
BBR,20160516,0.073,0.073,0.069,0.069,50000
BBUS,20160516,11.6,11.61,11.49,11.55,65323
BCI,20160516,0.165,0.165,0.16,0.16,221574
BCN,20160516,0.005,0.005,0.004,0.004,1105000
BCT,20160516,0.021,0.021,0.021,0.021,40000
BDI,20160516,0.001,0.001,0.001,0.001,44247528
BDR,20160516,0.31,0.31,0.3,0.305,4863375
BEAR,20160516,17.06,17.06,16.9,16.94,86937
BEL,20160516,0.135,0.135,0.135,0.135,100000
BEN,20160516,9.69,9.8,9.66,9.76,1089012
BFC,20160516,0.43,0.435,0.42,0.425,738115
BFG,20160516,0.545,0.545,0.535,0.535,19000
BGA,20160516,6.29,6.41,6.27,6.35,290099
BGC,20160516,0.069,0.071,0.069,0.071,10000
BGD,20160516,0.037,0.037,0.036,0.036,600000
BGG,20160516,0.052,0.052,0.052,0.052,20000
BGL,20160516,0.585,0.595,0.57,0.57,327517
BGS,20160516,0.39,0.42,0.34,0.34,3192129
BHP,20160516,18.22,18.57,18.13,18.56,5944697
BIG,20160516,0.145,0.15,0.145,0.15,82139
BIS,20160516,0.43,0.43,0.425,0.425,32621
BIT,20160516,0.063,0.064,0.061,0.062,127408
BKI,20160516,1.575,1.58,1.57,1.58,126832
BKL,20160516,179.53,180.39,169.94,172.23,191318
BKN,20160516,1.32,1.365,1.102,1.11,1836423
BKP,20160516,0.001,0.001,0.001,0.001,811673
BKT,20160516,0.052,0.052,0.052,0.052,100000
BKW,20160516,15.2,15.405,15.19,15.31,136725
BKY,20160516,0.63,0.655,0.62,0.62,235492
BLA,20160516,7.06,7.33,7.02,7.29,33094
BLD,20160516,6.74,6.77,6.67,6.71,1969523
BLG,20160516,0.25,0.27,0.245,0.265,1199970
BLK,20160516,0.51,0.545,0.51,0.53,1909103
BLT,20160516,0.115,0.115,0.11,0.11,99366
BLX,20160516,1.64,1.65,1.55,1.6,215825
BLY,20160516,0.105,0.105,0.1,0.1,366682
BLZ,20160516,0.054,0.054,0.054,0.054,133809
BML,20160516,0.003,0.004,0.003,0.004,28113725
BMN,20160516,0.032,0.032,0.03,0.03,41920
BMP,20160516,0.39,0.39,0.34,0.35,135044
BNE,20160516,0.008,0.008,0.008,0.008,162500
BNO,20160516,0.31,0.31,0.305,0.305,128935
BNR,20160516,0.063,0.064,0.063,0.064,489700
BOA,20160516,0.14,0.14,0.135,0.135,18425
BOC,20160516,0.225,0.225,0.225,0.225,10738
BOE,20160516,0.045,0.047,0.045,0.045,728208
BOL,20160516,0.068,0.068,0.067,0.067,55386
BOND,20160516,26.47,26.47,26.47,26.47,0
BOQ,20160516,11.28,11.45,11.27,11.39,1149089
BPA,20160516,6.29,6.29,6.29,6.29,200
BPF,20160516,0.405,0.405,0.38,0.385,330994
BPH,20160516,0.008,0.008,0.008,0.008,303846
BPL,20160516,0.097,0.115,0.096,0.097,1783944
BPS,20160516,0.82,0.82,0.82,0.82,36931
BPT,20160516,0.65,0.655,0.63,0.64,6177794
BRB,20160516,0.15,0.15,0.15,0.15,58847
BRC,20160516,0.135,0.135,0.135,0.135,1592
BRD,20160516,0.003,0.003,0.003,0.003,450000
BRG,20160516,8.07,8.145,8.03,8.05,119680
BRL,20160516,0.014,0.014,0.014,0.014,15650
BRN,20160516,0.145,0.145,0.145,0.145,550086
BRS,20160516,1.495,1.5,1.495,1.495,431408
BRU,20160516,0.22,0.23,0.22,0.225,933706
BSA,20160516,0.24,0.24,0.235,0.24,239748
BSE,20160516,0.058,0.058,0.058,0.058,150000
BSL,20160516,5.55,5.7,5.38,5.49,7580085
BSM,20160516,0.01,0.01,0.01,0.01,97491
BSN,20160516,0.005,0.005,0.005,0.005,4887817
BSP,20160516,0.003,0.004,0.003,0.004,4980000
BSR,20160516,0.022,0.032,0.022,0.028,33322276
BST,20160516,0.925,0.93,0.925,0.93,756
BTC,20160516,0.165,0.165,0.165,0.165,10258
BTI,20160516,1.1,1.1,1.09,1.1,104922
BTT,20160516,9.26,9.41,9.22,9.32,529868
BUG,20160516,0.38,0.38,0.375,0.38,112297
BUL,20160516,0.023,0.023,0.023,0.023,71485
BUX,20160516,0.073,0.073,0.068,0.068,300050
BUY,20160516,0.009,0.009,0.009,0.009,137500
BWP,20160516,3.61,3.65,3.6,3.62,1129852
BWR,20160516,1.55,1.55,1.55,1.55,6000
BWX,20160516,4.9,4.9,4.62,4.65,311099
BXB,20160516,13.07,13.16,12.925,12.97,2327185
BYE,20160516,0.145,0.145,0.145,0.145,10000
BYI,20160516,1.21,1.21,1.21,1.21,114
BYL,20160516,0.135,0.135,0.135,0.135,260000
BYR,20160516,0.027,0.027,0.025,0.025,2710000
CAA,20160516,0.11,0.12,0.11,0.12,1458985
CAB,20160516,3.18,3.24,3.11,3.21,131276
CAD,20160516,0.002,0.003,0.002,0.003,14090000
CAE,20160516,0.021,0.021,0.021,0.021,102500
CAF,20160516,0.385,0.385,0.385,0.385,14000
CAJ,20160516,0.175,0.185,0.175,0.18,2583744
CAM,20160516,0.78,0.78,0.78,0.78,30000
CAP,20160516,0.061,0.061,0.061,0.061,12345
CAR,20160516,12.5,12.6,12.41,12.46,528243
CAS,20160516,0.12,0.14,0.12,0.13,1056273
CAT,20160516,2.73,2.73,2.65,2.7,59678
CAV,20160516,0.021,0.021,0.017,0.017,7216264
CAY,20160516,0.087,0.087,0.085,0.085,244269
CAZ,20160516,0.08,0.08,0.065,0.067,898650
CBA,20160516,77.05,78,76.75,78,2483761
CBC,20160516,0.905,0.905,0.905,0.905,40000
CBL,20160516,2.42,2.45,2.42,2.45,7610
CBS,20160516,0.034,0.034,0.033,0.033,413556
CCL,20160516,9,9.105,8.98,9.04,3199968
CCP,20160516,12.39,12.39,12.03,12.1,219267
CCV,20160516,0.46,0.465,0.455,0.46,784954
CDA,20160516,1.16,1.16,1.12,1.12,59891
CDC,20160516,0.255,0.255,0.245,0.255,506979
CDD,20160516,0.92,0.92,0.895,0.92,149818
CDG,20160516,0.047,0.047,0.047,0.047,96802
CDM,20160516,1.315,1.36,1.315,1.34,205706
CDP,20160516,8.3,8.33,8.3,8.3,27386
CDT,20160516,0.012,0.012,0.011,0.012,3853014
CDU,20160516,0.52,0.625,0.49,0.495,2353832
CDV,20160516,0.225,0.225,0.215,0.225,287320
CDY,20160516,0.022,0.022,0.021,0.021,2057484
CEL,20160516,0.031,0.035,0.031,0.035,233500
CETF,20160516,49.83,49.83,49.83,49.83,0
CFE,20160516,0.026,0.026,0.025,0.025,1455737
CGC,20160516,2.99,3.035,2.97,3,255214
CGF,20160516,9.25,9.305,9.2,9.26,1643109
CGL,20160516,4.4,4.48,4.4,4.48,28500
CGM,20160516,0.002,0.003,0.002,0.002,7922366
CGN,20160516,0.071,0.071,0.071,0.071,69385
CGR,20160516,0.19,0.19,0.18,0.185,273643
CGS,20160516,0.77,0.77,0.72,0.72,74749
CGW,20160516,0.58,0.58,0.58,0.58,177729
CHC,20160516,5.18,5.255,5.16,5.23,895257
CHK,20160516,0.023,0.026,0.023,0.024,10071167
CHN,20160516,0.165,0.165,0.155,0.155,433000
CHP,20160516,0.003,0.003,0.003,0.003,125000
CHZ,20160516,0.031,0.031,0.031,0.031,47060
CIE,20160516,0.95,0.95,0.92,0.92,70000
CII,20160516,2.07,2.07,2.03,2.03,51932
CIM,20160516,37.9,38.01,37.59,37.78,347260
CIN,20160516,31.76,31.76,31.52,31.65,2906
CIZ,20160516,0.02,0.02,0.02,0.02,897902
CKA,20160516,0.026,0.033,0.026,0.033,1019026
CKF,20160516,4.35,4.36,4.3,4.3,261331
CL1,20160516,3.04,3.05,2.96,2.96,291299
CL8,20160516,0.018,0.019,0.018,0.019,221604
CLH,20160516,1.18,1.2,1.17,1.175,199384
CLQ,20160516,0.31,0.36,0.285,0.35,11760015
CLV,20160516,0.56,0.56,0.55,0.55,133900
CLX,20160516,0.8,0.8,0.8,0.8,4138
CLY,20160516,0.002,0.002,0.002,0.002,1000000
CM8,20160516,0.195,0.205,0.195,0.2,381405
CMA,20160516,2.17,2.18,2.17,2.18,12313
CMC,20160516,0.015,0.015,0.015,0.015,25000
CMI,20160516,0.99,0.99,0.99,0.99,3000
CMM,20160516,0.12,0.125,0.12,0.125,551778
CMP,20160516,0.375,0.38,0.375,0.375,41046
CMW,20160516,1.04,1.045,1.035,1.035,1588192
CMY,20160516,0.008,0.009,0.006,0.007,126353474
CND,20160516,0.21,0.21,0.21,0.21,49777
CNJ,20160516,0.029,0.034,0.029,0.034,2783396
CNU,20160516,3.81,3.83,3.76,3.78,152966
CNW,20160516,0.032,0.032,0.031,0.031,531250
CNX,20160516,0.011,0.011,0.01,0.01,368946
COE,20160516,0.235,0.235,0.23,0.235,100727
COH,20160516,112.16,115.66,112.095,115.63,349185
COI,20160516,0.07,0.071,0.07,0.07,216962
COM,20160516,0.019,0.019,0.019,0.019,1000000
COO,20160516,0.095,0.095,0.094,0.094,334578
CPU,20160516,10.19,10.35,10.19,10.31,1004800
CQR,20160516,4.8,4.85,4.79,4.79,1315888
CRB,20160516,0.19,0.205,0.19,0.2,526914
CSD,20160516,0.027,0.028,0.027,0.028,200000
CSE,20160516,0.385,0.39,0.375,0.39,1019366
CSL,20160516,111.38,113.89,111,112.95,752464
CSR,20160516,3.51,3.565,3.45,3.51,2748617
CSS,20160516,0.037,0.037,0.036,0.036,234345
CSV,20160516,1.39,1.495,1.39,1.455,920727
CTD,20160516,15.08,15.2,14.735,14.79,435335
CTM,20160516,0.007,0.007,0.007,0.007,1007666
CTN,20160516,0.925,0.935,0.925,0.925,135663
CTO,20160516,0.016,0.016,0.015,0.015,2128136
CTP,20160516,0.094,0.094,0.091,0.091,382356
CTX,20160516,34.23,34.48,33.82,33.9,645393
CUE,20160516,0.06,0.061,0.058,0.061,234203
CUP,20160516,0.68,0.695,0.68,0.68,213351
CUV,20160516,4.4,4.4,4.35,4.35,9376
CV1,20160516,0.325,0.325,0.29,0.29,71600
CVN,20160516,0.11,0.11,0.105,0.105,2927153
CVO,20160516,1.44,1.48,1.44,1.475,1500406
CVT,20160516,0.285,0.285,0.28,0.285,125411
CVW,20160516,0.94,0.94,0.9,0.9,24880
CWE,20160516,0.039,0.039,0.035,0.036,5730017
CWN,20160516,12.02,12.13,12,12.03,723217
CWP,20160516,4.68,4.73,4.65,4.7,49141
CWY,20160516,0.785,0.8,0.77,0.77,2217696
CXO,20160516,0.04,0.04,0.033,0.036,11425163
CXX,20160516,0.3,0.3,0.285,0.285,135332
CXZ,20160516,0.185,0.185,0.185,0.185,12500
CYA,20160516,0.79,0.795,0.79,0.79,20350
CYB,20160516,4.35,4.4,4.34,4.4,1381702
CYL,20160516,0.57,0.57,0.57,0.57,5000
CYP,20160516,0.365,0.365,0.355,0.355,136547
CYU,20160516,0.008,0.008,0.008,0.008,10000
CYY,20160516,0.038,0.043,0.038,0.04,1692365
CZI,20160516,0.041,0.048,0.041,0.044,1211510
CZL,20160516,0.043,0.045,0.043,0.043,771838
CZN,20160516,0.008,0.008,0.008,0.008,3446080
CZR,20160516,0.01,0.01,0.01,0.01,299239
CZZ,20160516,21.01,21.01,20.7,20.76,20686
D13,20160516,0.115,0.12,0.11,0.11,340700
DAF,20160516,0.01,0.01,0.01,0.01,40000
DCC,20160516,0.16,0.17,0.16,0.165,281824
DCG,20160516,0.73,0.735,0.715,0.715,243272
DCN,20160516,2.12,2.18,2.09,2.16,82003
DDR,20160516,1.85,1.9,1.85,1.9,137428
DDT,20160516,0.021,0.021,0.02,0.02,1390379
DEG,20160516,0.003,0.004,0.003,0.003,98369202
DFM,20160516,2.22,2.25,2.22,2.25,16150
DGH,20160516,0.69,0.69,0.69,0.69,103168
DGO,20160516,0.19,0.19,0.19,0.19,1430
DGX,20160516,0.01,0.01,0.01,0.01,357900
DHR,20160516,0.005,0.005,0.004,0.005,2770360
DJRE,20160516,22.32,22.35,22.28,22.28,2575
DJW,20160516,4.05,4.06,4.02,4.03,118919
DKM,20160516,0.235,0.25,0.235,0.25,184800
DKO,20160516,0.17,0.175,0.14,0.14,14548393
DLC,20160516,0.008,0.008,0.008,0.008,550800
DLX,20160516,6.37,6.48,6.37,6.41,620710
DMA,20160516,0.056,0.056,0.056,0.056,22500
DMP,20160516,68.4,68.8,67.67,67.96,363542
DNA,20160516,0.52,0.54,0.51,0.52,405995
DNK,20160516,0.31,0.315,0.29,0.3,101330
DOW,20160516,3.88,3.89,3.78,3.83,1113055
DRA,20160516,0.25,0.25,0.225,0.24,306192
DRG,20160516,0.024,0.024,0.024,0.024,100000
DRK,20160516,0.002,0.002,0.002,0.002,7399998
DRM,20160516,0.96,1,0.96,0.98,947383
DRX,20160516,0.01,0.01,0.01,0.01,354
DSB,20160516,0.11,0.11,0.11,0.11,195000
DSX,20160516,0.055,0.055,0.055,0.055,16482
DTI,20160516,0.335,0.36,0.335,0.36,168105
DTL,20160516,1.03,1.03,1,1,38873
DTM,20160516,0.011,0.011,0.01,0.01,1230000
DTX,20160516,0.44,0.44,0.44,0.44,15647
DUB,20160516,0.655,0.66,0.59,0.615,352312
DUE,20160516,2.31,2.33,2.3,2.32,6624017
DUI,20160516,3.32,3.33,3.32,3.33,14000
DVA,20160516,0.635,0.68,0.625,0.64,51669
DVI,20160516,0.018,0.018,0.018,0.018,336478
DVL,20160516,0.36,0.36,0.35,0.35,78000
DVN,20160516,0.55,0.55,0.55,0.55,1400
DWS,20160516,1.165,1.17,1.14,1.17,73629
DXF,20160516,0.765,0.81,0.75,0.77,13669
DXS,20160516,8.56,8.77,8.53,8.76,4851497
DYE,20160516,0.245,0.245,0.24,0.245,28116
DYL,20160516,0.004,0.004,0.004,0.004,100000
E88,20160516,1.2,1.2,1.12,1.2,1993
EAI,20160516,0.795,0.795,0.76,0.76,11000
EAR,20160516,0.2,0.22,0.195,0.21,1796023
EAX,20160516,1.24,1.24,1.24,1.24,58
EBO,20160516,14.52,14.52,14.52,14.52,300
ECG,20160516,0.3,0.3,0.28,0.29,43013
ECX,20160516,3.48,3.48,3.23,3.41,332115
EDE,20160516,0.32,0.335,0.31,0.315,6141722
EEG,20160516,0.016,0.016,0.015,0.015,12669
EGG,20160516,1.14,1.16,1.14,1.15,23434
EGH,20160516,0.72,0.75,0.695,0.695,279968
EGN,20160516,0.09,0.09,0.09,0.09,18091
EGO,20160516,0.31,0.31,0.31,0.31,33804
EGS,20160516,0.255,0.26,0.255,0.26,263833
EHE,20160516,5.88,5.95,5.86,5.94,918159
EHL,20160516,0.033,0.034,0.033,0.034,1200778
ELD,20160516,3.95,3.95,3.55,3.55,891883
ELM,20160516,0.19,0.19,0.19,0.19,24076
ELX,20160516,0.815,0.815,0.815,0.815,16035
EMC,20160516,0.52,0.545,0.51,0.535,381000
EMF,20160516,1.83,1.83,1.83,1.83,10642
EMG,20160516,0.013,0.013,0.013,0.013,240943
EMH,20160516,0.26,0.27,0.25,0.255,170238
EML,20160516,1.52,1.52,1.49,1.49,275213
EMX,20160516,0.041,0.041,0.04,0.04,1512368
ENC,20160516,0.355,0.355,0.355,0.355,110000
ENN,20160516,1.88,1.89,1.875,1.88,15506
ENT,20160516,0.016,0.016,0.015,0.015,221062
ENZ,20160516,0.24,0.24,0.24,0.24,8000
EOS,20160516,1.2,1.2,1.2,1.2,8647
EPD,20160516,0.37,0.38,0.37,0.38,65720
EPM,20160516,0.009,0.009,0.009,0.009,611000
EPW,20160516,1.36,1.36,1.34,1.35,319589
EPX,20160516,1.88,1.885,1.88,1.885,18946
EQT,20160516,14.1,14.25,14,14.19,47651
EQX,20160516,0.335,0.335,0.315,0.315,507089
ERA,20160516,0.345,0.345,0.335,0.335,127476
ERJ,20160516,0.022,0.022,0.022,0.022,1196978
ERL,20160516,0.025,0.026,0.02,0.02,365000
ERM,20160516,0.043,0.044,0.041,0.044,1015137
ESI,20160516,0.014,0.014,0.013,0.013,2859644
ESR,20160516,0.024,0.024,0.024,0.024,375000
ESV,20160516,0.09,0.09,0.087,0.088,13000
ETE,20160516,0.008,0.008,0.008,0.008,110000
ETPMAG,20160516,22.44,22.83,22.44,22.78,11798
ETPMPD,20160516,78.6,79.13,78.6,79.13,14
ETPMPM,20160516,124.17,124.79,124.17,124.79,206
ETPMPT,20160516,138.97,138.97,138.97,138.97,0
EVE,20160516,0.008,0.009,0.008,0.009,311111
EVN,20160516,2.26,2.28,2.205,2.24,6438763
EVT,20160516,15.43,15.5,15.01,15.14,26734
EWC,20160516,0.14,0.145,0.14,0.14,800444
EXC,20160516,0.043,0.047,0.042,0.047,3824012
EXG,20160516,0.081,0.081,0.071,0.071,2551644
EXM,20160516,0.008,0.008,0.007,0.008,526750
EXR,20160516,0.001,0.001,0.001,0.001,119666
EXU,20160516,0.054,0.06,0.054,0.06,2296485
EZL,20160516,0.79,0.79,0.78,0.78,4500
FAN,20160516,1.98,1.99,1.98,1.99,16510
FAR,20160516,0.081,0.083,0.081,0.082,7982488
FBR,20160516,0.022,0.022,0.022,0.022,55000
FBU,20160516,7.94,8.06,7.94,8.05,703990
FCR,20160516,0.007,0.007,0.006,0.006,1436192
FET,20160516,2.74,2.75,2.68,2.7,719926
FFC,20160516,0.18,0.18,0.18,0.18,6778
FFT,20160516,0.6,0.63,0.595,0.595,37768
FGF,20160516,0.007,0.009,0.007,0.009,950055
FGG,20160516,1.06,1.075,1.06,1.07,287680
FGR,20160516,0.1,0.1,0.097,0.097,224728
FGX,20160516,1.125,1.125,1.115,1.12,140391
FLK,20160516,0.875,0.875,0.875,0.875,57287
FLN,20160516,1.645,1.645,1.55,1.55,67783
FLT,20160516,37.86,38.12,37.26,37.4,392509
FMG,20160516,2.88,2.945,2.855,2.91,12081859
FML,20160516,0.42,0.445,0.42,0.44,69837
FMS,20160516,0.025,0.025,0.025,0.025,10350557
FND,20160516,0.155,0.16,0.155,0.16,218000
FNP,20160516,3.31,3.32,3.23,3.25,94182
FNT,20160516,0.032,0.032,0.031,0.031,85773
FOD,20160516,0.19,0.2,0.19,0.19,655299
FPH,20160516,8.88,8.99,8.87,8.96,353517
FRI,20160516,0.87,0.87,0.87,0.87,7059
FRM,20160516,2,2.01,1.99,1.995,74596
FRN,20160516,0.024,0.026,0.024,0.024,7762201
FRX,20160516,0.15,0.16,0.14,0.14,168000
FSA,20160516,1.04,1.04,1.035,1.035,2637
FSF,20160516,5.31,5.37,5.3,5.37,103790
FSI,20160516,1.435,1.435,1.435,1.435,6647
FTT,20160516,0.036,0.037,0.034,0.034,1871655
FWD,20160516,1.66,1.665,1.64,1.65,35699
FXJ,20160516,0.91,0.93,0.91,0.925,6450660
FXL,20160516,2.5,2.53,2.45,2.45,702862
FYI,20160516,0.065,0.07,0.065,0.07,226057
FZR,20160516,0.18,0.18,0.18,0.18,10000
G8C,20160516,0.043,0.045,0.04,0.04,7960904
GAP,20160516,0.31,0.315,0.31,0.315,34114
GBE,20160516,0.021,0.022,0.021,0.022,419572
GBG,20160516,0.02,0.021,0.02,0.02,401786
GBI,20160516,0.215,0.215,0.215,0.215,9806
GBM,20160516,0.011,0.011,0.011,0.011,200000
GBP,20160516,0.029,0.029,0.029,0.029,50334
GBT,20160516,4.95,4.95,4.83,4.93,166494
GBX,20160516,0.005,0.005,0.005,0.005,15583593
GBZ,20160516,0.014,0.014,0.014,0.014,600000
GC1,20160516,0.965,0.99,0.965,0.965,16356
GCN,20160516,0.007,0.008,0.007,0.008,200000
GCR,20160516,0.029,0.029,0.029,0.029,19199
GCS,20160516,0.405,0.405,0.39,0.405,84209
GCY,20160516,0.52,0.525,0.51,0.51,164887
GDF,20160516,0.95,0.96,0.945,0.95,285638
GDI,20160516,0.88,0.9,0.88,0.895,299966
GDX,20160516,34,34.3,34,34.25,5026
GEAR,20160516,18.5,18.8,18.5,18.67,17606
GEG,20160516,1.09,1.09,1.08,1.08,6369
GEM,20160516,4.06,4.095,3.94,3.95,1777325
GER,20160516,0.08,0.08,0.079,0.079,497896
GFI,20160516,0.29,0.29,0.29,0.29,11000
GFY,20160516,1.17,1.17,1.11,1.12,43859
GGE,20160516,0.006,0.006,0.006,0.006,138600
GGG,20160516,0.03,0.031,0.028,0.028,625865
GGUS,20160516,8.97,8.98,8.97,8.98,1660
GHC,20160516,2.24,2.28,2.21,2.23,87215
GID,20160516,0.016,0.018,0.016,0.017,1058900
GJT,20160516,2.51,2.55,2.51,2.55,47673
GLA,20160516,0.001,0.001,0.001,0.001,31000
GLF,20160516,0.009,0.009,0.009,0.009,420600
GLH,20160516,0.42,0.42,0.42,0.42,1450
GLL,20160516,0.077,0.077,0.077,0.077,76520
GMA,20160516,2.69,2.7,2.66,2.67,1256119
GMC,20160516,0.003,0.003,0.003,0.003,6718808
GMD,20160516,0.019,0.019,0.018,0.018,1318000
GME,20160516,0.034,0.034,0.034,0.034,170000
GMF,20160516,2.295,2.32,2.29,2.3,1383903
GMG,20160516,7.18,7.28,7.18,7.2,3420334
GML,20160516,0.018,0.018,0.018,0.018,5000
GMM,20160516,0.63,0.64,0.615,0.615,779838
GMN,20160516,0.038,0.038,0.038,0.038,2500
GMR,20160516,0.005,0.005,0.004,0.005,1280000
GNC,20160516,7.81,7.97,7.72,7.95,873538
GNE,20160516,1.995,2.03,1.98,1.98,37944
GNG,20160516,0.955,0.955,0.95,0.95,23453
GNX,20160516,0.16,0.16,0.155,0.16,364779
GOLD,20160516,166.68,167.58,166.52,167.58,4742
GOR,20160516,0.565,0.585,0.562,0.57,3281050
GOVT,20160516,26.39,26.39,26.39,26.39,308
GOW,20160516,3.35,3.35,3.35,3.35,5000
GOZ,20160516,3.2,3.23,3.18,3.21,112508
GPH,20160516,0.105,0.105,0.105,0.105,250772
GPP,20160516,0.007,0.007,0.007,0.007,4918667
GPT,20160516,5.17,5.26,5.17,5.25,4062508
GRB,20160516,0.048,0.052,0.048,0.05,2080000
GRR,20160516,0.099,0.099,0.096,0.096,577982
GRY,20160516,0.16,0.16,0.155,0.16,2828742
GSE,20160516,0.051,0.051,0.051,0.051,200
GSS,20160516,0.475,0.475,0.465,0.465,20000
GTE,20160516,0.017,0.019,0.017,0.019,385325
GTG,20160516,0.019,0.019,0.019,0.019,301074
GTK,20160516,2.36,2.36,2.36,2.36,700
GTY,20160516,2.81,2.82,2.77,2.8,1884703
GUD,20160516,9.29,9.38,9.25,9.3,351360
GVF,20160516,0.995,0.995,0.99,0.99,290155
GWA,20160516,2.34,2.36,2.32,2.35,581359
GXL,20160516,7.24,7.47,7.22,7.37,363968
GXY,20160516,0.43,0.435,0.382,0.39,8934723
HAS,20160516,0.09,0.09,0.09,0.09,16500
HAV,20160516,0.44,0.44,0.42,0.44,54286
HAW,20160516,0.035,0.035,0.035,0.035,139151
HCH,20160516,0.082,0.085,0.082,0.085,526228
HCT,20160516,0.19,0.195,0.19,0.19,206963
HEG,20160516,0.003,0.003,0.003,0.003,4671028
HFA,20160516,2.22,2.25,2.21,2.21,126130
HFR,20160516,1.285,1.325,1.25,1.31,205241
HGG,20160516,4.77,4.84,4.77,4.81,1040370
HGO,20160516,0.042,0.042,0.041,0.041,269333
HHL,20160516,3.09,3.09,3.09,3.09,1800
HHV,20160516,1.22,1.245,1.22,1.245,189704
HHY,20160516,0.1,0.105,0.1,0.105,29143
HIG,20160516,0.07,0.07,0.07,0.07,11321
HIL,20160516,0.36,0.395,0.35,0.36,660532
HLO,20160516,2.4,2.45,2.39,2.45,70748
HLX,20160516,0.068,0.073,0.068,0.073,4689312
HMX,20160516,0.058,0.062,0.058,0.062,154677
HNG,20160516,0.42,0.42,0.42,0.42,23495
HNR,20160516,0.016,0.016,0.013,0.015,4364419
HOG,20160516,0.004,0.004,0.004,0.004,3000000
HOR,20160516,0.015,0.017,0.015,0.017,102826
HPI,20160516,2.78,2.8,2.74,2.8,165960
HRR,20160516,0.11,0.11,0.11,0.11,151991
HSN,20160516,3.73,3.78,3.51,3.51,503524
HSO,20160516,2.84,2.895,2.83,2.85,6481276
HTA,20160516,0.08,0.082,0.08,0.082,116581
HUB,20160516,3.82,3.96,3.71,3.9,102252
HUO,20160516,3.35,3.35,3.34,3.34,1658
HVN,20160516,4.69,4.74,4.665,4.71,1342849
HVST,20160516,21.05,21.21,21.03,21.17,7578
HXG,20160516,0.078,0.079,0.077,0.078,238902
HZN,20160516,0.064,0.068,0.064,0.067,3426383
HZR,20160516,0.59,0.63,0.59,0.6,143741
IAA,20160516,55.58,56.37,55.58,56.3,2773
IAF,20160516,108.31,108.74,108.12,108.4,4683
IAG,20160516,5.8,5.89,5.8,5.85,7187658
IAU,20160516,0.125,0.13,0.125,0.125,78249
IBC,20160516,0.47,0.47,0.47,0.47,55841
IBG,20160516,0.04,0.045,0.04,0.045,1771768
IBK,20160516,39.43,39.97,39.43,39.93,2812
ICG,20160516,0.003,0.003,0.003,0.003,1250000
ICI,20160516,0.165,0.165,0.165,0.165,50000
ICN,20160516,0.04,0.04,0.036,0.038,140276
ICQ,20160516,0.9,0.9,0.89,0.9,267621
ICU,20160516,0.115,0.115,0.115,0.115,47500
IDR,20160516,2.1,2.1,2.09,2.09,42087
IDT,20160516,0.32,0.32,0.305,0.305,9954
IDX,20160516,1.52,1.525,1.505,1.525,185723
IDZ,20160516,0.45,0.45,0.435,0.435,35486
IEL,20160516,4.22,4.27,4.18,4.25,165708
IEM,20160516,44.7,44.75,44.34,44.7,50588
IEU,20160516,53.26,53.52,53.23,53.5,32645
IFL,20160516,8.99,9.08,8.96,9,760243
IFM,20160516,0.61,0.61,0.595,0.6,199210
IFN,20160516,0.86,0.862,0.82,0.845,1753611
IGB,20160516,105.64,105.64,105.6,105.6,95
IGL,20160516,2.04,2.04,2.03,2.03,52838
IGO,20160516,2.75,2.77,2.68,2.74,3861417
IHCB,20160516,104.81,104.81,104.81,104.81,0
IHD,20160516,13.1,13.24,13.1,13.21,25380
IHEB,20160516,106.6,106.6,106.6,106.6,0
IHHY,20160516,101.87,101.87,101.87,101.87,0
IHK,20160516,25.92,25.96,25.92,25.96,1034
IHOO,20160516,91.94,92.31,91.94,92.24,368
IHVV,20160516,257.88,257.88,257.88,257.88,14
IIL,20160516,0.3,0.3,0.3,0.3,23949
IJH,20160516,197.56,198.33,197.56,198.33,495
IJP,20160516,15.98,16.09,15.87,15.9,58465
IJR,20160516,153.34,153.34,152.6,152.6,265
IKO,20160516,68.55,68.73,68.42,68.42,832
ILB,20160516,115.5,115.53,114.95,114.95,1169
ILC,20160516,22.36,22.49,22.28,22.49,37949
ILU,20160516,5.81,5.88,5.75,5.79,3120204
IMA,20160516,0.08,0.08,0.08,0.08,58158
IMC,20160516,0.34,0.34,0.335,0.335,21129
IMD,20160516,0.245,0.247,0.24,0.24,152928
IMF,20160516,1.387,1.415,1.377,1.41,196908
IMU,20160516,0.011,0.011,0.01,0.01,5172267
INA,20160516,2.71,2.76,2.69,2.69,62937
IND,20160516,0.016,0.016,0.014,0.014,7150
INM,20160516,50.9,52.48,50.9,52.2,82683
IOF,20160516,4.19,4.24,4.19,4.21,2609511
IOG,20160516,0.051,0.051,0.051,0.051,500000
IOO,20160516,97.94,97.94,97.63,97.89,7885
IOT,20160516,0.14,0.14,0.11,0.11,37340763
IOZ,20160516,22.32,22.57,22.32,22.54,26232
IPD,20160516,0.895,0.895,0.875,0.88,251561
IPE,20160516,0.23,0.24,0.23,0.24,81553
IPH,20160516,7.15,7.18,7.09,7.13,736264
IPL,20160516,3.41,3.41,3.31,3.41,8847444
IPT,20160516,0.027,0.027,0.026,0.026,1558699
IRD,20160516,0.11,0.11,0.1,0.1,140000
IRE,20160516,11.84,11.93,11.72,11.78,271024
IRI,20160516,2.16,2.16,2.14,2.16,115977
IRM,20160516,0.025,0.025,0.025,0.025,120000
IRU,20160516,150.98,150.98,150.98,150.98,56
ISD,20160516,3.8,3.83,3.78,3.8,730514
ISG,20160516,14.12,14.12,14.12,14.12,14
ISO,20160516,4.21,4.21,4.18,4.18,14505
ISU,20160516,1.21,1.21,1.195,1.195,720005
ISX,20160516,0.195,0.195,0.175,0.175,787730
ITD,20160516,0.195,0.215,0.19,0.19,14000
ITQ,20160516,5.18,5.18,5.18,5.18,1500
ITW,20160516,17.1,17.16,17.1,17.13,1649
IVC,20160516,12.81,12.92,12.8,12.82,259436
IVE,20160516,78.4,78.62,78.4,78.54,871
IVO,20160516,0.032,0.032,0.032,0.032,125488
IVQ,20160516,0.1,0.1,0.095,0.095,59931
IVR,20160516,0.043,0.043,0.04,0.04,880171
IVV,20160516,282.68,283.45,282.62,283.25,9551
IVX,20160516,0.005,0.005,0.005,0.005,32425
IWG,20160516,0.08,0.084,0.08,0.08,192484
IXI,20160516,134.93,134.93,134.44,134.8,634
IXJ,20160516,134.95,135.36,134.77,135.36,2943
IXP,20160516,85.95,85.95,85.56,85.59,141
IXR,20160516,0.003,0.004,0.003,0.004,133255
IZZ,20160516,43,43.56,42.79,43.56,6972
JBH,20160516,24.29,24.4,24.07,24.3,378724
JCI,20160516,1.08,1.08,1.08,1.08,1500
JHC,20160516,2.82,2.86,2.81,2.83,1508676
JHL,20160516,0.2,0.2,0.2,0.2,5000
JHX,20160516,19.39,19.585,19.09,19.42,760996
JIN,20160516,1.5,1.5,1.48,1.48,7332
JKA,20160516,0.004,0.004,0.004,0.004,501615
JKL,20160516,0.225,0.225,0.225,0.225,136415
JRV,20160516,0.06,0.065,0.06,0.065,30602
JYC,20160516,1.045,1.045,1.045,1.045,2000
KAI,20160516,0.091,0.091,0.076,0.076,5767689
KAM,20160516,0.45,0.475,0.44,0.445,86745
KAR,20160516,1.325,1.34,1.31,1.33,865561
KAS,20160516,0.025,0.025,0.025,0.025,9000
KAT,20160516,0.81,0.81,0.81,0.81,15000
KBC,20160516,0.17,0.17,0.17,0.17,319997
KBL,20160516,0.013,0.013,0.012,0.012,1346580
KDR,20160516,0.115,0.125,0.115,0.125,7507528
KFE,20160516,0.033,0.034,0.032,0.033,866169
KGD,20160516,0.029,0.031,0.029,0.03,269126
KGL,20160516,0.165,0.17,0.15,0.15,532940
KII,20160516,2.32,2.32,2.28,2.28,38072
KIK,20160516,0.008,0.011,0.008,0.008,20485377
KIN,20160516,0.145,0.15,0.13,0.14,181426
KIS,20160516,0.07,0.07,0.07,0.07,456
KKL,20160516,0.005,0.005,0.005,0.005,1299998
KKT,20160516,0.365,0.365,0.365,0.365,17849
KMD,20160516,1.39,1.395,1.372,1.38,365093
KME,20160516,0.35,0.35,0.35,0.35,4000
KNL,20160516,0.205,0.205,0.19,0.19,1144283
KNO,20160516,0.23,0.235,0.23,0.23,113373
KOV,20160516,2.3,2.34,2.3,2.34,2200
KPT,20160516,14.9,14.9,14.9,14.9,2000
KRC,20160516,0.008,0.008,0.008,0.008,724605
KRM,20160516,0.19,0.19,0.185,0.185,108694
KRS,20160516,0.15,0.15,0.15,0.15,1311
KSC,20160516,1.45,1.45,1.45,1.45,380
KSL,20160516,0.9,0.9,0.9,0.9,18948
KSN,20160516,0.031,0.032,0.026,0.028,11524951
KTA,20160516,0.19,0.2,0.19,0.2,26578
LAA,20160516,0.28,0.3,0.28,0.3,787412
LAU,20160516,0.46,0.46,0.46,0.46,89315
LBL,20160516,0.07,0.07,0.07,0.07,7411
LBT,20160516,0.165,0.17,0.165,0.17,47625
LCD,20160516,0.046,0.053,0.046,0.052,496977
LCK,20160516,0.29,0.29,0.29,0.29,7685
LCM,20160516,0.435,0.435,0.43,0.43,20500
LCR,20160516,0.006,0.006,0.006,0.006,12048205
LCY,20160516,0.011,0.011,0.011,0.011,155500
LEG,20160516,0.008,0.008,0.008,0.008,1036034
LEP,20160516,4.44,4.47,4.44,4.46,27202
LER,20160516,0.11,0.12,0.11,0.12,32245
LGD,20160516,0.19,0.19,0.19,0.19,20000
LGR,20160516,0.125,0.125,0.115,0.115,70000
LHC,20160516,1.46,1.48,1.46,1.46,15950
LHM,20160516,0.05,0.05,0.047,0.047,69899
LIC,20160516,3.05,3.1,3.02,3.04,24635
LIN,20160516,0.002,0.002,0.002,0.002,774254
LIT,20160516,0.285,0.285,0.255,0.265,2077310
LLC,20160516,13.26,13.44,13.14,13.41,1210081
LMG,20160516,0.017,0.017,0.017,0.017,163462
LML,20160516,0.043,0.043,0.043,0.043,10000
LMW,20160516,0.535,0.535,0.535,0.535,3000
LNG,20160516,0.54,0.545,0.53,0.535,1635230
LNK,20160516,8.36,8.43,8.28,8.29,508128
LNR,20160516,5,5,4.5,4.5,315
LNU,20160516,0.081,0.081,0.07,0.077,1310664
LNY,20160516,0.005,0.005,0.004,0.004,8226011
LOM,20160516,0.375,0.38,0.362,0.365,638486
LOV,20160516,2.05,2.1,2.05,2.1,90873
LPE,20160516,0.042,0.042,0.039,0.04,3566509
LRS,20160516,0.016,0.017,0.013,0.013,59823762
LSR,20160516,0.014,0.014,0.014,0.014,1240000
LTN,20160516,0.115,0.125,0.115,0.125,129688
LTR,20160516,0.027,0.027,0.026,0.026,249700
LVT,20160516,0.23,0.23,0.22,0.22,107732
LWP,20160516,0.003,0.004,0.003,0.003,11872686
LYC,20160516,0.071,0.071,0.069,0.071,11320721
LYL,20160516,1.6,1.6,1.6,1.6,18464
M7T,20160516,0.056,0.058,0.055,0.057,619741
MAD,20160516,0.055,0.055,0.052,0.053,658631
MAH,20160516,0.098,0.099,0.098,0.098,100446
MAI,20160516,0.67,0.67,0.67,0.67,1000
MAQ,20160516,11.92,11.92,11.9,11.9,5923
MAR,20160516,0.005,0.005,0.005,0.005,396760
MAU,20160516,0.045,0.045,0.045,0.045,70000
MBE,20160516,0.355,0.365,0.355,0.36,334566
MBK,20160516,0.007,0.007,0.007,0.007,4266328
MBO,20160516,0.018,0.018,0.018,0.018,1500000
MCE,20160516,0.375,0.38,0.375,0.38,7443
MCP,20160516,0.94,0.94,0.91,0.925,65088
MCR,20160516,0.28,0.285,0.28,0.28,220836
MCT,20160516,0.069,0.074,0.068,0.072,3534934
MDC,20160516,0.265,0.265,0.26,0.265,60358
MDL,20160516,0.26,0.26,0.26,0.26,45000
MDR,20160516,0.036,0.037,0.034,0.036,6677716
MEA,20160516,1.04,1.04,1,1.02,2102629
MEB,20160516,0.215,0.235,0.21,0.235,180287
MED,20160516,0.02,0.02,0.02,0.02,265
MEI,20160516,0.011,0.012,0.011,0.011,2436571
MEL,20160516,0.057,0.057,0.056,0.056,470402
MEO,20160516,0.019,0.019,0.019,0.019,95711
MEP,20160516,0.072,0.072,0.07,0.07,834300
MEU,20160516,0.017,0.017,0.016,0.016,226391
MEY,20160516,0.22,0.24,0.22,0.24,45672
MEZ,20160516,2.55,2.55,2.55,2.55,1884
MFF,20160516,1.9,1.91,1.89,1.89,256813
MFG,20160516,22.63,23.12,22.62,22.96,434282
MGC,20160516,0.965,0.982,0.955,0.955,1735493
MGE,20160516,2.58,2.58,2.56,2.57,532640
MGL,20160516,0.04,0.04,0.04,0.04,1297
MGP,20160516,0.4,0.4,0.4,0.4,52462
MGR,20160516,1.93,1.935,1.91,1.92,12071811
MGV,20160516,0.033,0.04,0.033,0.038,2155714
MGX,20160516,0.2,0.2,0.19,0.2,2391591
MHC,20160516,0.027,0.027,0.027,0.027,50273
MHG,20160516,2.4,2.4,2.4,2.4,62823
MHI,20160516,0.18,0.18,0.18,0.18,40000
MIG,20160516,0.58,0.58,0.58,0.58,14000
MIL,20160516,1.535,1.55,1.535,1.55,31737
MIN,20160516,7.96,8.17,7.575,7.8,1392483
MIR,20160516,2.69,2.71,2.68,2.68,56007
MJP,20160516,0.39,0.395,0.39,0.395,83525
MKB,20160516,0.011,0.011,0.011,0.011,1763000
MKO,20160516,0.055,0.055,0.055,0.055,60081
MLB,20160516,1.87,1.88,1.855,1.875,64554
MLD,20160516,1.12,1.12,1.005,1.04,413848
MLM,20160516,0.037,0.038,0.036,0.036,229187
MLT,20160516,4.3,4.35,4.3,4.35,95830
MLX,20160516,1.15,1.165,1.145,1.15,617635
MMI,20160516,0.07,0.072,0.07,0.07,108726
MMJ,20160516,0.235,0.235,0.225,0.225,137641
MML,20160516,0.73,0.775,0.72,0.765,978208
MMR,20160516,0.04,0.042,0.04,0.042,190521
MMS,20160516,14.93,15.04,14.605,14.73,669440
MNB,20160516,0.007,0.007,0.006,0.006,4500752
MNC,20160516,0.004,0.004,0.004,0.004,429669
MND,20160516,7.15,7.24,7.01,7.02,197434
MNE,20160516,0.034,0.036,0.031,0.032,3550406
MNF,20160516,3.86,3.87,3.82,3.83,44554
MNM,20160516,0.018,0.018,0.015,0.017,3330000
MNQ,20160516,0.024,0.026,0.024,0.026,1368908
MNS,20160516,0.6,0.61,0.59,0.595,1514676
MNW,20160516,0.1,0.1,0.099,0.099,219495
MNY,20160516,0.93,0.96,0.915,0.915,67844
MOAT,20160516,43.54,43.64,43.54,43.54,2453
MOC,20160516,1.75,1.775,1.72,1.775,108877
MOD,20160516,0.03,0.031,0.028,0.028,4175803
MOQ,20160516,0.031,0.031,0.03,0.03,580000
MOT,20160516,0.001,0.001,0.001,0.001,5000000
MOX,20160516,0.014,0.015,0.014,0.014,4567597
MOY,20160516,0.145,0.15,0.14,0.145,1552130
MP1,20160516,1.735,1.745,1.69,1.69,76440
MPL,20160516,3.11,3.17,3.075,3.11,11298924
MPO,20160516,0.135,0.135,0.135,0.135,10000
MQA,20160516,5.25,5.27,5.095,5.14,1947296
MQG,20160516,71.6,72.28,71.09,72.08,1507815
MRC,20160516,0.13,0.13,0.13,0.13,7961
MRD,20160516,0.017,0.018,0.016,0.018,867500
MRM,20160516,0.44,0.44,0.415,0.42,918828
MRP,20160516,0.094,0.098,0.094,0.098,100000
MRV,20160516,0.004,0.004,0.004,0.004,308606
MSB,20160516,1.76,1.885,1.75,1.86,636737
MSM,20160516,0.135,0.135,0.13,0.13,208955
MSV,20160516,0.016,0.016,0.015,0.015,400000
MTA,20160516,0.064,0.064,0.06,0.061,1728158
MTH,20160516,0.017,0.019,0.017,0.018,23351409
MTL,20160516,0.071,0.071,0.071,0.071,12005
MTM,20160516,0.31,0.31,0.31,0.31,514079
MTO,20160516,2.77,2.8,2.72,2.76,44304
MTR,20160516,3.96,3.99,3.92,3.95,656066
MTS,20160516,1.735,1.795,1.735,1.79,2905783
MUA,20160516,0.825,0.825,0.77,0.77,41900
MUS,20160516,0.038,0.038,0.036,0.036,894815
MVA,20160516,20.89,20.89,20.86,20.86,533
MVB,20160516,24.99,24.99,24.99,24.99,200
MVF,20160516,1.81,1.82,1.79,1.79,349812
MVP,20160516,6.27,6.39,5.78,5.99,101559
MVS,20160516,17.52,17.52,17.49,17.49,569
MVT,20160516,0.135,0.135,0.135,0.135,150000
MVW,20160516,23.52,23.6,23.46,23.6,14414
MWR,20160516,0.85,0.85,0.85,0.85,3000
MX1,20160516,0.41,0.42,0.41,0.42,50000
MXC,20160516,0.047,0.047,0.045,0.046,4363746
MXI,20160516,0.48,0.48,0.475,0.475,47650
MXR,20160516,0.005,0.005,0.003,0.003,12128769
MYE,20160516,0.14,0.14,0.14,0.14,10000
MYO,20160516,3.33,3.33,3.185,3.21,930395
MYQ,20160516,0.064,0.064,0.06,0.06,359790
MYR,20160516,1.215,1.235,1.205,1.225,5657742
MYS,20160516,3.995,4.02,3.98,3.99,79795
MYX,20160516,1.42,1.43,1.4,1.405,866124
MZI,20160516,0.25,0.25,0.25,0.25,49847
MZM,20160516,0.215,0.215,0.215,0.215,6227
MZN,20160516,0.013,0.013,0.013,0.013,100000
NAB,20160516,28.94,29.19,28.72,29.02,6185783
NAC,20160516,1,1,1,1,96000
NAG,20160516,0.13,0.15,0.13,0.15,442510
NAN,20160516,2.31,2.35,2.25,2.28,521969
NAV,20160516,0.01,0.01,0.01,0.01,200173
NCC,20160516,1.02,1.02,1.02,1.02,3921
NCK,20160516,4.35,4.44,4.31,4.42,386141
NCM,20160516,20.93,21.33,20.85,21.1,2375064
NDO,20160516,0.16,0.16,0.16,0.16,2200
NDQ,20160516,10.33,10.36,10.31,10.34,11229
NEA,20160516,0.54,0.54,0.51,0.515,737270
NEC,20160516,1.205,1.25,1.205,1.25,3875920
NEN,20160516,0.26,0.26,0.26,0.26,15169
NEU,20160516,0.073,0.073,0.067,0.073,4148661
NGE,20160516,0.023,0.024,0.023,0.024,1826765
NHC,20160516,1.47,1.48,1.405,1.415,65499
NHF,20160516,4.42,4.45,4.34,4.34,276263
NIO,20160516,0.006,0.006,0.006,0.006,40000
NKP,20160516,0.064,0.067,0.064,0.067,225033
NMG,20160516,0.009,0.009,0.009,0.009,190
NMI,20160516,0.016,0.016,0.016,0.016,335000
NML,20160516,0.037,0.037,0.037,0.037,20000
NMS,20160516,1.01,1.01,1.01,1.01,1667
NMT,20160516,0.4,0.4,0.38,0.38,656769
NNW,20160516,0.145,0.15,0.145,0.15,45313
NOR,20160516,0.042,0.042,0.04,0.04,5106820
NOV,20160516,0.14,0.14,0.13,0.13,75000
NPX,20160516,4.98,4.99,4.98,4.99,3664
NRT,20160516,0.11,0.115,0.11,0.115,459054
NSL,20160516,0.009,0.009,0.009,0.009,2511571
NSP,20160516,0.009,0.009,0.009,0.009,656187
NSR,20160516,1.93,1.935,1.9,1.91,1071952
NST,20160516,4.8,4.82,4.67,4.7,4302069
NTC,20160516,2.86,2.86,2.79,2.82,243621
NTL,20160516,0.015,0.015,0.012,0.012,1230000
NTU,20160516,0.073,0.074,0.073,0.074,259467
NUF,20160516,7.29,7.38,7.26,7.33,694626
NUH,20160516,0.098,0.11,0.095,0.105,13826638
NVL,20160516,1.4,1.4,1.395,1.395,3780
NVT,20160516,5.45,5.48,5.42,5.46,521033
NWE,20160516,0.003,0.003,0.003,0.003,187499
NWF,20160516,0.395,0.395,0.395,0.395,14189
NWH,20160516,0.205,0.207,0.2,0.205,261796
NWS,20160516,16.65,16.67,16.52,16.58,257416
NWZ,20160516,0.013,0.013,0.013,0.013,1199438
NXT,20160516,3.11,3.145,3.07,3.1,588495
NZO,20160516,0.43,0.435,0.43,0.435,58394
OBJ,20160516,0.079,0.079,0.078,0.078,333361
OBL,20160516,0.008,0.009,0.008,0.009,950000
OCC,20160516,0.405,0.415,0.4,0.41,108167
OCL,20160516,1.86,1.87,1.845,1.87,12680
ODN,20160516,0.012,0.012,0.012,0.012,348590
OEC,20160516,0.67,0.71,0.66,0.705,70309
OEL,20160516,0.047,0.047,0.042,0.043,5282370
OFX,20160516,2.28,2.3,2.26,2.28,1626801
OGC,20160516,4.8,4.85,4.79,4.82,1683213
OGX,20160516,0.18,0.18,0.175,0.175,935205
OGY,20160516,0.012,0.012,0.012,0.012,341500
OHE,20160516,4.47,4.48,4.47,4.48,4280
OKU,20160516,0.16,0.16,0.155,0.155,1492402
OML,20160516,5.21,5.24,5.15,5.15,255767
ONE,20160516,3.95,3.95,3.92,3.95,7018
ONT,20160516,7,7.14,6.97,7.1,2069
OOK,20160516,0.034,0.034,0.032,0.034,345610
OOO,20160516,15.8,16.03,15.8,15.97,17721
OPG,20160516,0.61,0.61,0.6,0.6,63250
OPT,20160516,0.48,0.49,0.47,0.485,31150
ORA,20160516,2.74,2.79,2.73,2.75,2374669
ORE,20160516,3.83,3.9,3.815,3.83,830130
ORG,20160516,5.42,5.45,5.335,5.42,6024051
ORI,20160516,13.25,13.41,13.16,13.33,1529651
ORL,20160516,2.41,2.41,2.41,2.41,55833
ORM,20160516,0.021,0.021,0.021,0.021,2500
ORN,20160516,0.014,0.014,0.013,0.013,300000
ORR,20160516,0.31,0.31,0.3,0.3,330705
OSH,20160516,6.74,6.81,6.68,6.75,2217546
OSL,20160516,0.13,0.13,0.125,0.13,594279
OSP,20160516,0.25,0.25,0.25,0.25,16021
OTC,20160516,0.205,0.205,0.195,0.195,149620
OTH,20160516,0.795,0.795,0.79,0.79,52000
OTR,20160516,0.043,0.043,0.043,0.043,25721
OTW,20160516,1.98,2,1.98,2,35000
OVH,20160516,0.68,0.71,0.68,0.71,330561
OVL,20160516,0.007,0.007,0.007,0.007,668703
OVR,20160516,0.007,0.007,0.007,0.007,1891500
OZF,20160516,19.45,19.53,19.45,19.53,1344
OZG,20160516,0.14,0.14,0.14,0.14,50141
OZL,20160516,5.58,5.62,5.49,5.59,1443395
OZR,20160516,6.62,6.65,6.61,6.65,3314
PAA,20160516,0.096,0.096,0.096,0.096,2500
PAB,20160516,0.006,0.007,0.006,0.007,279233
PAC,20160516,4.47,4.47,4.42,4.42,30976
PAF,20160516,0.95,0.95,0.95,0.95,5530
PAI,20160516,0.93,0.93,0.92,0.92,101807
PAK,20160516,0.13,0.13,0.13,0.13,5000
PAN,20160516,0.115,0.12,0.11,0.11,661518
PAR,20160516,0.3,0.3,0.3,0.3,25000
PBG,20160516,1.14,1.14,1.135,1.135,2315918
PBP,20160516,0.46,0.46,0.46,0.46,12019
PBT,20160516,0.08,0.08,0.08,0.08,6262
PCH,20160516,0.014,0.014,0.014,0.014,306099
PCL,20160516,0.003,0.004,0.003,0.004,4615755
PDI,20160516,0.008,0.008,0.007,0.007,8576394
PDN,20160516,0.235,0.235,0.22,0.225,3773652
PDZ,20160516,0.14,0.14,0.14,0.14,2500
PEA,20160516,0.42,0.42,0.42,0.42,1750
PEH,20160516,0.105,0.105,0.1,0.1,92507
PEK,20160516,0.048,0.048,0.048,0.048,200748
PEN,20160516,0.665,0.7,0.66,0.66,60274
PEP,20160516,2.32,2.32,2.25,2.28,4990
PEX,20160516,0.145,0.145,0.14,0.14,100000
PEZ,20160516,0.056,0.057,0.056,0.057,70000
PFG,20160516,0.095,0.095,0.091,0.091,310000
PFL,20160516,1.31,1.35,1.3,1.31,84585
PGC,20160516,0.675,0.69,0.66,0.68,82274
PGF,20160516,0.92,0.925,0.905,0.92,286159
PGH,20160516,5.61,5.67,5.58,5.66,527311
PGI,20160516,0.1,0.105,0.1,0.105,52631
PGM,20160516,0.041,0.041,0.041,0.041,45000
PGO,20160516,0.064,0.064,0.06,0.062,74213
PGR,20160516,0.65,0.65,0.625,0.625,88433
PGS,20160516,0.004,0.004,0.004,0.004,1412000
PGY,20160516,0.002,0.002,0.002,0.002,74692539
PHG,20160516,0.43,0.43,0.42,0.42,64384
PHK,20160516,0.08,0.083,0.08,0.083,200000
PIC,20160516,0.92,0.92,0.92,0.92,110000
PIL,20160516,0.017,0.018,0.017,0.018,800000
PIO,20160516,0.06,0.071,0.06,0.064,66354931
PLH,20160516,0.1,0.1,0.1,0.1,138528
PLP,20160516,0.038,0.039,0.035,0.035,9976635
PLS,20160516,0.79,0.8,0.77,0.775,5060340
PMC,20160516,1.72,1.72,1.68,1.7,83583
PME,20160516,4.52,4.53,4.39,4.5,72581
PML,20160516,0.068,0.068,0.068,0.068,295000
PMP,20160516,0.56,0.565,0.555,0.56,61733
PMV,20160516,15.8,15.95,15.78,15.8,255083
PNC,20160516,1.64,1.64,1.64,1.64,1600
PNL,20160516,0.175,0.175,0.175,0.175,9047
PNN,20160516,0.018,0.021,0.018,0.021,550000
PNR,20160516,0.125,0.13,0.115,0.115,6403884
PNV,20160516,0.26,0.26,0.23,0.24,2189037
PNX,20160516,0.013,0.013,0.013,0.013,60000
POH,20160516,0.023,0.025,0.022,0.022,11213786
POP,20160516,0.059,0.059,0.055,0.055,687686
POS,20160516,0.036,0.037,0.035,0.035,2010579
POU,20160516,19.59,19.59,19.56,19.56,26002
PPC,20160516,0.91,0.92,0.89,0.9,530406
PPL,20160516,0.59,0.59,0.58,0.58,22000
PPP,20160516,0.029,0.029,0.029,0.029,2000
PPS,20160516,0.32,0.33,0.32,0.33,567605
PPT,20160516,41.75,42.17,41.745,41.9,144759
PRG,20160516,1.54,1.56,1.512,1.56,708576
PRL,20160516,0.022,0.022,0.022,0.022,100000
PRO,20160516,1.13,1.13,1.075,1.08,176100
PRR,20160516,0.045,0.047,0.045,0.045,1363868
PRT,20160516,0.325,0.327,0.31,0.325,1189593
PRU,20160516,0.6,0.61,0.59,0.595,2547035
PRY,20160516,3.4,3.51,3.39,3.47,5332246
PSA,20160516,0.145,0.145,0.14,0.14,69377
PSC,20160516,0.02,0.02,0.017,0.017,40096232
PSF,20160516,0.029,0.03,0.028,0.029,7680913
PSM,20160516,0.02,0.02,0.019,0.02,597136
PSQ,20160516,2.05,2.12,2.02,2.09,19912
PSY,20160516,0.125,0.125,0.115,0.115,966329
PSZ,20160516,0.68,0.695,0.66,0.695,36500
PTB,20160516,0.45,0.45,0.435,0.435,11163
PTL,20160516,0.63,0.63,0.63,0.63,32016
PTM,20160516,6.08,6.23,6.07,6.19,1219435
PTR,20160516,0.006,0.006,0.006,0.006,3755000
PVD,20160516,0.031,0.033,0.031,0.033,562994
PWH,20160516,2.71,2.74,2.7,2.74,30807
PWN,20160516,0.04,0.04,0.038,0.038,37815
PXS,20160516,0.255,0.26,0.25,0.26,135529
PYC,20160516,0.018,0.018,0.017,0.018,3175855
PZC,20160516,0.004,0.004,0.004,0.004,134592
QAN,20160516,3.29,3.415,3.29,3.4,11380612
QAU,20160516,13.4,13.48,13.4,13.46,5709
QBE,20160516,11.82,12.03,11.8,11.91,3798845
QBL,20160516,0.007,0.009,0.007,0.008,17075644
QCB,20160516,9.45,9.55,9.45,9.55,3928
QFN,20160516,10.7,10.7,10.7,10.7,550
QHL,20160516,0.135,0.135,0.135,0.135,109528
QMIX,20160516,15.57,15.57,15.57,15.57,0
QMN,20160516,0.004,0.004,0.004,0.004,14000
QMS,20160516,1.265,1.27,1.21,1.24,104616
QOZ,20160516,11.51,11.67,11.51,11.66,19640
QRE,20160516,3.64,3.64,3.61,3.64,17890
QSS,20160516,0.027,0.027,0.027,0.027,18803
QTG,20160516,0.003,0.003,0.003,0.003,283578
QUAL,20160516,18.89,18.96,18.89,18.96,9538
QUB,20160516,2.4,2.41,2.36,2.38,3248916
QUR,20160516,0.037,0.037,0.037,0.037,277084
QUS,20160516,27.88,27.88,27.88,27.88,1260
QVE,20160516,1.045,1.06,1.045,1.06,119926
RAD,20160516,0.05,0.05,0.048,0.049,1625028
RAP,20160516,0.255,0.255,0.24,0.25,3037087
RARI,20160516,23.46,23.46,23.46,23.46,0
RBL,20160516,1.5,1.53,1.37,1.455,2110343
RCB,20160516,20.48,20.59,20.48,20.58,3492
RCE,20160516,0.175,0.175,0.175,0.175,9210
RCG,20160516,1.39,1.39,1.355,1.375,608663
RCR,20160516,1.455,1.505,1.45,1.47,112466
RCT,20160516,3.7,3.73,3.65,3.73,4602
RDF,20160516,0.28,0.28,0.28,0.28,14667
RDG,20160516,0.012,0.012,0.012,0.012,358663
RDH,20160516,0.84,0.85,0.84,0.85,7789
RDM,20160516,0.093,0.094,0.083,0.083,617636
RDS,20160516,0.01,0.01,0.008,0.008,351252
RDV,20160516,27.96,28.07,27.96,27.99,11557
REA,20160516,55.42,55.67,54.91,55.09,294016
RED,20160516,0.088,0.09,0.088,0.09,434621
REF,20160516,0.115,0.115,0.11,0.11,430000
REG,20160516,4.89,5.03,4.88,4.98,420703
REH,20160516,37.9,37.9,36.98,36.98,152
RER,20160516,0.01,0.01,0.01,0.01,250000
RES,20160516,0.037,0.038,0.037,0.038,202551
REV,20160516,0.055,0.055,0.055,0.055,25000
REX,20160516,0.755,0.765,0.75,0.765,27382
RFF,20160516,1.54,1.555,1.5,1.505,265144
RFG,20160516,5.83,5.83,5.68,5.7,810397
RFL,20160516,0.098,0.1,0.098,0.1,537403
RFN,20160516,0.15,0.15,0.14,0.15,77808
RFT,20160516,0.008,0.009,0.008,0.008,577250
RFX,20160516,0.43,0.435,0.405,0.405,812074
RGP,20160516,0.074,0.074,0.074,0.074,7500
RGS,20160516,0.16,0.17,0.16,0.165,146881
RHC,20160516,70.7,72.77,70.44,71.2,468260
RHL,20160516,3.45,3.49,3.45,3.47,16865
RHP,20160516,0.95,0.95,0.94,0.95,15065
RHT,20160516,0.016,0.016,0.016,0.016,177676
RIC,20160516,1.32,1.33,1.302,1.315,284374
RIE,20160516,0.023,0.025,0.023,0.023,225124
RIM,20160516,0.017,0.022,0.017,0.018,10113102
RIO,20160516,44.59,45.35,44.35,45.21,1667349
RIS,20160516,0.225,0.225,0.225,0.225,5000
RKN,20160516,1.68,1.68,1.62,1.67,48611
RLC,20160516,0.006,0.006,0.006,0.006,1000000
RLE,20160516,0.105,0.105,0.105,0.105,37000
RMD,20160516,7.91,7.94,7.89,7.94,2092158
RMG,20160516,0.007,0.007,0.007,0.007,200000
RMP,20160516,0.023,0.023,0.023,0.023,24764
RMR,20160516,0.002,0.002,0.002,0.002,800000
RMS,20160516,0.43,0.455,0.43,0.445,7870712
RMX,20160516,0.001,0.001,0.001,0.001,500000
RND,20160516,2.5,2.5,2.45,2.5,9870
RNI,20160516,0.018,0.018,0.018,0.018,100000
RNL,20160516,0.013,0.014,0.013,0.014,250000
RNO,20160516,0.022,0.023,0.022,0.023,1046254
RNS,20160516,0.047,0.047,0.045,0.045,1069000
RNT,20160516,0.19,0.195,0.185,0.185,413035
RNU,20160516,0.023,0.025,0.021,0.024,3035541
RNY,20160516,0.135,0.135,0.13,0.135,172500
ROG,20160516,0.001,0.001,0.001,0.001,1000000
RRL,20160516,3.18,3.23,3.14,3.21,2897076
RRS,20160516,0.009,0.009,0.009,0.009,122000
RSG,20160516,0.965,0.98,0.89,0.9,4391868
RSM,20160516,20.86,20.86,20.8,20.8,1762
RTR,20160516,0.016,0.016,0.015,0.015,270551
RUM,20160516,0.044,0.044,0.044,0.044,24000
RVA,20160516,1.1,1.1,1.1,1.1,155100
RVL,20160516,27.05,27.05,27.03,27.03,2098
RVR,20160516,0.14,0.145,0.13,0.13,715298
RVY,20160516,0.03,0.03,0.029,0.03,708288
RWC,20160516,2.88,2.88,2.84,2.86,1510279
RWD,20160516,0.45,0.475,0.45,0.475,73889
RWH,20160516,1.04,1.05,1.03,1.04,143560
RXH,20160516,0.13,0.13,0.13,0.13,135000
RXL,20160516,0.013,0.013,0.013,0.013,2709896
RXM,20160516,0.06,0.06,0.06,0.06,210885
RXP,20160516,0.55,0.55,0.55,0.55,391593
S2R,20160516,0.285,0.285,0.28,0.28,181120
S32,20160516,1.65,1.687,1.64,1.665,13915880
SAI,20160516,3.58,3.58,3.52,3.53,590687
SAR,20160516,1.225,1.28,1.212,1.28,6267241
SAU,20160516,0.29,0.32,0.29,0.32,146667
SBB,20160516,0.023,0.025,0.023,0.025,160000
SBM,20160516,2.62,2.75,2.61,2.72,4446676
SBR,20160516,0.007,0.011,0.007,0.011,3503015
SBU,20160516,0.017,0.017,0.017,0.017,150000
SCG,20160516,4.63,4.66,4.62,4.64,8523940
SCI,20160516,0.066,0.079,0.064,0.064,12566186
SCP,20160516,2.3,2.32,2.29,2.29,1504065
SDA,20160516,4.36,4.365,4.3,4.32,25293
SDF,20160516,1.885,1.905,1.875,1.895,1621652
SDG,20160516,1.515,1.515,1.5,1.515,289256
SDI,20160516,0.54,0.55,0.515,0.55,1312663
SDL,20160516,0.003,0.003,0.003,0.003,1848462
SEA,20160516,0.165,0.17,0.155,0.165,1913434
SEG,20160516,0.004,0.004,0.003,0.003,14096929
SEH,20160516,0.096,0.097,0.094,0.096,1626229
SEK,20160516,16.34,16.49,16.22,16.29,1064654
SEN,20160516,0.11,0.11,0.105,0.105,748783
SEQ,20160516,0.002,0.002,0.002,0.002,42032352
SER,20160516,0.018,0.018,0.017,0.018,690417
SES,20160516,0.125,0.125,0.125,0.125,65000
SFC,20160516,5.01,5.01,5.01,5.01,2400
SFG,20160516,0.079,0.08,0.079,0.08,165000
SFH,20160516,0.635,0.635,0.625,0.625,20653
SFL,20160516,0.175,0.175,0.17,0.17,144680
SFR,20160516,5.6,5.69,5.56,5.6,508306
SFX,20160516,0.425,0.425,0.415,0.415,78409
SFY,20160516,51.59,51.67,51.35,51.6,4916
SGF,20160516,3.87,3.89,3.8,3.87,26135
SGH,20160516,0.38,0.38,0.345,0.35,7466814
SGM,20160516,8.31,8.39,8.15,8.2,1054034
SGN,20160516,1.205,1.23,1.177,1.185,1099666
SGP,20160516,4.62,4.62,4.54,4.55,4010913
SGQ,20160516,0.17,0.17,0.15,0.15,3443074
SGR,20160516,5.58,5.61,5.54,5.57,1662148
SGZ,20160516,0.019,0.019,0.018,0.018,405000
SHJ,20160516,1.12,1.16,1.08,1.12,211406
SHL,20160516,20.79,21.81,20.72,21.39,2311951
SHM,20160516,0.84,0.84,0.84,0.84,43095
SHP,20160516,0.006,0.006,0.006,0.006,200000
SHV,20160516,5.46,5.46,5.28,5.32,464028
SIH,20160516,0.013,0.013,0.013,0.013,109946
SIO,20160516,0.18,0.18,0.17,0.175,272390
SIP,20160516,1.16,1.18,1.14,1.155,6166891
SIQ,20160516,5.63,5.88,5.63,5.82,313604
SIV,20160516,9.69,9.76,9.55,9.7,53918
SIX,20160516,0.048,0.07,0.048,0.07,124553
SKB,20160516,0.46,0.46,0.46,0.46,4900
SKC,20160516,4.5,4.54,4.45,4.49,1559020
SKF,20160516,0.12,0.12,0.1,0.1,132892
SKI,20160516,2.2,2.21,2.17,2.18,2988692
SKP,20160516,0.09,0.095,0.09,0.094,544761
SKT,20160516,3.75,3.75,3.71,3.71,352055
SLC,20160516,2.14,2.16,2.1,2.11,120996
SLF,20160516,13.25,13.27,13.23,13.23,73971
SLK,20160516,4.6,4.65,4.52,4.53,82258
SLM,20160516,0.52,0.52,0.515,0.52,11780
SLR,20160516,0.505,0.56,0.505,0.545,9844976
SLX,20160516,0.38,0.38,0.35,0.355,31366
SM8,20160516,0.24,0.28,0.24,0.27,1120385
SMA,20160516,0.035,0.035,0.034,0.034,1944054
SMD,20160516,0.009,0.01,0.009,0.01,8570724
SMI,20160516,0.039,0.04,0.039,0.039,81330
SMN,20160516,1.91,1.92,1.815,1.84,380280
SMP,20160516,0.17,0.17,0.17,0.17,144000
SMX,20160516,1.69,1.69,1.62,1.62,94926
SNC,20160516,0.82,0.82,0.82,0.82,5000
SND,20160516,0.52,0.52,0.52,0.52,40034
SNL,20160516,2.05,2.05,2.02,2.02,630
SNY,20160516,0.05,0.05,0.048,0.048,246000
SNZ,20160516,4.14,4.14,4.14,4.14,900
SOC,20160516,0.006,0.006,0.005,0.005,6033080
SOL,20160516,15.88,16,15.87,15.89,53207
SOM,20160516,3.1,3.1,3.01,3.01,41397
SOR,20160516,0.13,0.135,0.12,0.12,775689
SPB,20160516,0.018,0.018,0.016,0.016,143000
SPI,20160516,0.021,0.022,0.02,0.022,1025400
SPK,20160516,3.38,3.38,3.34,3.35,2728758
SPL,20160516,0.7,0.745,0.7,0.72,485501
SPO,20160516,1.23,1.235,1.21,1.22,5148020
SPX,20160516,0.006,0.007,0.006,0.006,667752
SPZ,20160516,0.315,0.325,0.31,0.32,62000
SRF,20160516,0.55,0.555,0.53,0.53,281324
SRG,20160516,0.72,0.725,0.72,0.72,39037
SRI,20160516,0.021,0.021,0.02,0.02,778962
SRK,20160516,0.045,0.045,0.045,0.045,10000
SRO,20160516,0.038,0.04,0.038,0.04,387598
SRS,20160516,0.028,0.029,0.027,0.027,181000
SRT,20160516,0.021,0.021,0.02,0.021,3417227
SRV,20160516,7.15,7.17,7,7.06,26869
SRX,20160516,30.5,31.76,30.5,31.43,341171
SRZ,20160516,0.026,0.026,0.026,0.026,28985
SSM,20160516,0.8,0.825,0.8,0.82,1107149
STA,20160516,0.006,0.006,0.006,0.006,84
STL,20160516,0.045,0.046,0.038,0.039,2206994
STO,20160516,4.13,4.22,4.08,4.13,6769276
STW,20160516,50.5,51,50.5,50.84,145305
STX,20160516,0.115,0.115,0.11,0.115,870418
SUD,20160516,0.024,0.027,0.024,0.027,1701135
SUL,20160516,9.34,9.41,9.33,9.4,714464
SUM,20160516,0.045,0.045,0.045,0.045,31750
SUN,20160516,12.72,12.885,12.67,12.82,4032077
SVA,20160516,0.04,0.04,0.036,0.036,35000
SVM,20160516,0.075,0.075,0.075,0.075,101584
SVW,20160516,5.84,5.85,5.69,5.71,119743
SVY,20160516,0.14,0.14,0.13,0.13,153817
SWK,20160516,0.145,0.145,0.145,0.145,98000
SWL,20160516,0.68,0.69,0.655,0.685,64960
SWM,20160516,1.16,1.172,1.15,1.165,3349498
SXA,20160516,0.032,0.035,0.032,0.035,280159
SXE,20160516,0.47,0.47,0.465,0.47,289936
SXL,20160516,1.21,1.22,1.2,1.205,1663908
SXY,20160516,0.235,0.235,0.23,0.235,1397960
SYA,20160516,0.053,0.053,0.047,0.047,4749063
SYD,20160516,7.15,7.2,7.13,7.19,4030089
SYI,20160516,26.75,26.79,26.75,26.79,13851
SYR,20160516,5.33,5.49,5.3,5.39,949647
TAH,20160516,4.31,4.31,4.245,4.26,1965449
TAM,20160516,0.042,0.042,0.04,0.041,355093
TAP,20160516,0.095,0.097,0.095,0.097,971012
TAS,20160516,0.19,0.205,0.185,0.195,3388807
TAW,20160516,0.026,0.027,0.026,0.027,422322
TBH,20160516,0.195,0.215,0.195,0.215,194241
TCH,20160516,2.05,2.06,1.98,2,81417
TCL,20160516,12.2,12.385,12.2,12.3,3530807
TCN,20160516,0.066,0.067,0.065,0.065,105700
TCO,20160516,1.025,1.025,1.025,1.025,3250
TDL,20160516,0.21,0.22,0.21,0.22,11148
TDX,20160516,0.002,0.002,0.002,0.002,100000
TEN,20160516,1.01,1.015,0.997,1.015,72012
TER,20160516,0.004,0.004,0.004,0.004,2240227
TFC,20160516,1.53,1.54,1.5,1.5,537404
TFG,20160516,0.3,0.32,0.3,0.32,120000
TFL,20160516,0.245,0.245,0.245,0.245,1000
TGA,20160516,1.39,1.39,1.37,1.38,371906
TGG,20160516,1.21,1.215,1.2,1.21,411481
TGH,20160516,1.53,1.53,1.5,1.52,394791
TGP,20160516,0.955,0.955,0.945,0.945,16007
TGR,20160516,4.14,4.14,4.065,4.1,736943
TGS,20160516,0.046,0.047,0.045,0.046,943281
TGZ,20160516,1.14,1.165,1.14,1.165,67707
THX,20160516,0.051,0.051,0.051,0.051,365241
TIA,20160516,1,1.005,0.99,0.99,3003
TIX,20160516,2.8,2.82,2.78,2.8,368127
TKF,20160516,0.073,0.073,0.07,0.07,300000
TKL,20160516,0.033,0.034,0.032,0.034,969000
TLG,20160516,0.26,0.26,0.255,0.26,185539
TLM,20160516,0.4,0.407,0.395,0.4,474681
TLS,20160516,5.66,5.73,5.63,5.71,17617424
TME,20160516,4.28,4.31,4.265,4.29,566543
TMP,20160516,0.365,0.37,0.35,0.35,293236
TMX,20160516,0.015,0.015,0.012,0.012,6379034
TNE,20160516,5.17,5.21,5.15,5.16,478618
TNG,20160516,0.14,0.14,0.135,0.135,756102
TNK,20160516,1.55,1.6,1.55,1.59,77297
TNP,20160516,0.013,0.014,0.013,0.014,4837779
TNR,20160516,0.175,0.185,0.175,0.18,24100
TNT,20160516,0.2,0.205,0.195,0.205,91473
TOE,20160516,0.05,0.05,0.049,0.05,1516168
TOF,20160516,2.14,2.14,2.13,2.14,66723
TOM,20160516,0.07,0.07,0.07,0.07,10000
TOX,20160516,3.02,3.06,2.95,2.95,210131
TPD,20160516,0.01,0.01,0.01,0.01,113926
TPE,20160516,2.65,2.8,2.64,2.79,198458
TPM,20160516,11.7,11.76,11.57,11.61,1197572
TPP,20160516,0.27,0.275,0.24,0.25,754097
TPS,20160516,0.016,0.02,0.016,0.019,4827000
TPW,20160516,0.15,0.15,0.15,0.15,358100
TRL,20160516,0.12,0.13,0.12,0.125,300104
TRS,20160516,12.69,12.69,12.25,12.5,68088
TRY,20160516,0.725,0.76,0.725,0.75,3494666
TSM,20160516,0.465,0.48,0.465,0.48,74702
TSN,20160516,0.029,0.029,0.028,0.028,1211769
TSV,20160516,0.018,0.018,0.017,0.017,1782644
TTC,20160516,0.645,0.65,0.645,0.645,80000
TTI,20160516,0.025,0.025,0.024,0.024,117900
TTS,20160516,3.92,3.97,3.89,3.97,2021238
TTW,20160516,0.03,0.03,0.026,0.028,1007501
TUP,20160516,0.14,0.15,0.14,0.15,13880
TV2,20160516,0.033,0.046,0.031,0.046,190357714
TWD,20160516,2.95,3.02,2.93,2.93,43363
TWE,20160516,10,10.18,9.99,10.06,3037874
TWH,20160516,0.014,0.015,0.013,0.013,11358598
TWR,20160516,1.665,1.665,1.665,1.665,10
TYK,20160516,0.008,0.008,0.008,0.008,599333
TYX,20160516,0.037,0.038,0.036,0.037,2659399
TZL,20160516,0.1,0.1,0.1,0.1,20000
TZN,20160516,0.135,0.135,0.13,0.13,14403
UBE,20160516,18.8,18.8,18.8,18.8,25
UBI,20160516,0.27,0.285,0.265,0.28,111680
UBJ,20160516,19.52,19.52,19.52,19.52,61
UBN,20160516,0.4,0.4,0.4,0.4,23366
UCM,20160516,0.225,0.225,0.225,0.225,30000
UCW,20160516,0.06,0.06,0.06,0.06,254473
UEQ,20160516,0.005,0.005,0.005,0.005,207010
UGL,20160516,3.17,3.22,3.17,3.2,269844
UIL,20160516,0.064,0.064,0.064,0.064,250000
UMAX,20160516,16.97,17.04,16.97,17.03,5238
UML,20160516,0.032,0.032,0.032,0.032,800000
UNV,20160516,0.195,0.195,0.195,0.195,55000
UOS,20160516,0.475,0.475,0.46,0.46,17400
UPD,20160516,0.2,0.205,0.2,0.205,270140
UPG,20160516,1.055,1.055,1.055,1.055,1696
URF,20160516,2.24,2.25,2.24,2.24,241509
URI,20160516,2.3,2.3,2.3,2.3,301
USD,20160516,13.45,13.45,13.4,13.41,150868
USG,20160516,2.32,2.33,2.32,2.33,2682
USR,20160516,0.55,0.57,0.55,0.57,46350
VAE,20160516,48.89,48.89,48.89,48.89,4000
VAF,20160516,50.48,50.54,50.43,50.45,16113
VAH,20160516,0.28,0.285,0.28,0.28,595020
VAN,20160516,0.065,0.066,0.06,0.066,239706
VAP,20160516,83.01,83.29,82.9,83,7292
VAR,20160516,0.021,0.021,0.02,0.021,1013307
VAS,20160516,67.67,68.29,67.67,68.06,35735
VBS,20160516,1.45,1.45,1.45,1.45,500
VCF,20160516,52.56,52.56,52.31,52.55,1791
VCX,20160516,3.37,3.385,3.34,3.34,8215033
VEC,20160516,0.005,0.006,0.005,0.006,361466
VEQ,20160516,47.69,47.69,47.69,47.69,104
VEU,20160516,58.7,58.85,58.59,58.68,9869
VGAD,20160516,51.26,51.27,51.07,51.24,1780
VGB,20160516,50.47,50.47,50.12,50.31,3400
VGE,20160516,50.79,51.29,50.79,51.29,658
VGS,20160516,56.77,56.94,56.71,56.94,18002
VHY,20160516,57,57.61,57,57.61,12322
VIC,20160516,0.005,0.006,0.004,0.006,10949000
VIF,20160516,52.98,52.98,52.98,52.98,2717
VIP,20160516,0.19,0.19,0.19,0.19,40000
VIT,20160516,1.99,2,1.895,1.925,790401
VLA,20160516,0.81,0.815,0.79,0.81,301653
VLC,20160516,57.32,57.32,57.28,57.28,350
VLW,20160516,2.135,2.2,2.135,2.16,67695
VMC,20160516,0.205,0.215,0.195,0.21,536115
VML,20160516,0.021,0.022,0.02,0.021,563125
VMS,20160516,0.046,0.047,0.045,0.045,499641
VMT,20160516,0.195,0.195,0.195,0.195,172950
VMY,20160516,0.33,0.33,0.33,0.33,11000
VOC,20160516,8.93,9.14,8.9,8.97,2043957
VPC,20160516,0.043,0.044,0.042,0.043,1575056
VRC,20160516,0.051,0.053,0.049,0.051,6144453
VRL,20160516,5.15,5.24,5.105,5.23,175064
VRT,20160516,6.78,6.795,6.7,6.72,156430
VSC,20160516,1.48,1.55,1.48,1.545,16527
VSO,20160516,46.75,46.87,46.67,46.7,1321
VTG,20160516,3.4,3.6,3.35,3.53,435685
VTM,20160516,0.02,0.02,0.018,0.018,805729
VTS,20160516,143.6,143.86,143.49,143.86,8389
VXR,20160516,0.006,0.006,0.006,0.006,3650000
WAA,20160516,1.02,1.025,1.02,1.025,24800
WAF,20160516,0.205,0.205,0.19,0.195,419678
WAM,20160516,2.12,2.13,2.12,2.13,495454
WAT,20160516,1.17,1.17,1.17,1.17,15690
WAX,20160516,1.315,1.32,1.31,1.32,62985
WBA,20160516,1.07,1.09,1.07,1.08,167267
WBC,20160516,29.7,30.18,29.56,30.04,5644308
WCB,20160516,8.6,8.6,8.5,8.5,2000
WCN,20160516,0.007,0.007,0.007,0.007,19981990
WCP,20160516,0.022,0.022,0.022,0.022,5416
WDE,20160516,0.79,0.79,0.782,0.785,172000
WDIV,20160516,17.57,17.61,17.57,17.6,13849
WEB,20160516,6.14,6.14,5.95,5.99,155941
WEMG,20160516,16.14,16.14,16.14,16.14,0
WES,20160516,42.49,43.05,42.37,42.89,1278229
WFD,20160516,10.55,10.61,10.49,10.54,2969624
WFE,20160516,0.002,0.002,0.002,0.002,2692725
WGL,20160516,0.033,0.033,0.032,0.033,439608
WHC,20160516,0.725,0.74,0.705,0.73,2287848
WHF,20160516,4.3,4.3,4.28,4.28,3083
WHN,20160516,0.001,0.001,0.001,0.001,3000000
WIC,20160516,0.8,0.805,0.8,0.805,187305
WIG,20160516,1.045,1.05,1.015,1.05,111500
WIN,20160516,0.093,0.093,0.09,0.09,117102
WKT,20160516,0.005,0.007,0.005,0.005,63655356
WLC,20160516,0.003,0.003,0.003,0.003,23298
WLD,20160516,0.8,0.805,0.785,0.795,1179119
WLL,20160516,5,5,4.93,4.93,1500
WMC,20160516,0.23,0.23,0.23,0.23,17353
WMK,20160516,1.01,1.02,0.995,1,209518
WMN,20160516,0.031,0.031,0.031,0.031,3000
WNR,20160516,0.28,0.28,0.27,0.27,8500
WOR,20160516,5.79,5.89,5.73,5.77,1931950
WOW,20160516,22.42,22.68,22.32,22.46,1887601
WPG,20160516,0.084,0.084,0.082,0.082,212000
WPL,20160516,27,27.12,26.66,26.78,1752202
WRLD,20160516,10.02,10.02,10.02,10.02,0
WSA,20160516,2.06,2.06,1.937,1.97,3538133
WSG,20160516,0.012,0.015,0.01,0.015,727500
WTC,20160516,4.59,4.6,4.5,4.5,175985
WTP,20160516,0.81,0.815,0.76,0.815,370437
WWI,20160516,0.018,0.018,0.015,0.015,1114988
WXHG,20160516,17.74,17.79,17.74,17.79,3457
WXOZ,20160516,24.16,24.17,24.16,24.17,4928
XAM,20160516,0.23,0.23,0.225,0.225,307500
XF1,20160516,0.425,0.425,0.42,0.42,14290
XIP,20160516,3.75,3.75,3.75,3.75,137172
XPD,20160516,0.17,0.18,0.17,0.18,204999
XPE,20160516,0.051,0.064,0.051,0.064,77046441
XRO,20160516,15.79,16.36,15.7,16.25,98918
XST,20160516,0.014,0.016,0.014,0.015,5148784
XTD,20160516,0.235,0.235,0.225,0.23,201794
XTE,20160516,0.51,0.51,0.48,0.48,16973
XTV,20160516,0.011,0.011,0.009,0.01,14026351
YAL,20160516,0.076,0.076,0.076,0.076,1240
YBR,20160516,0.25,0.255,0.25,0.255,166932
YMAX,20160516,9.11,9.23,9.11,9.2,49156
YOW,20160516,1,1.06,1,1.06,1399543
YPB,20160516,0.265,0.265,0.265,0.265,30000
ZEL,20160516,7.7,7.7,7.69,7.69,1709
ZER,20160516,0.17,0.17,0.17,0.17,5000
ZEU,20160516,0.022,0.022,0.02,0.021,2065250
ZGL,20160516,0.17,0.17,0.17,0.17,15000
ZGM,20160516,0.004,0.004,0.004,0.004,17986
ZGOL,20160516,17.5,17.5,17.5,17.5,690
ZIP,20160516,0.235,0.28,0.235,0.28,320451
ZML,20160516,0.68,0.7,0.68,0.68,23961
ZNC,20160516,0.12,0.14,0.12,0.14,747371
ZOZI,20160516,9.86,9.86,9.86,9.86,2439
ZRL,20160516,0.013,0.025,0.013,0.021,1353671
ZUSD,20160516,10.47,10.47,10.47,10.47,0
ZYB,20160516,0.023,0.023,0.022,0.022,1095068
ZYUS,20160516,12.31,12.31,12.29,12.29,4524
XAF,20160516,5258.8,5306.1,5247.8,5295.1,0
XAO,20160516,5396.3,5434.2,5387.8,5420.3,0
XAT,20160516,5273.6,5315.6,5264.4,5303.3,0
XDJ,20160516,2069.3,2077.1,2065.1,2069.8,0
XEC,20160516,1223.2,1228.7,1213.3,1213.6,0
XEJ,20160516,8049.9,8084.3,7984.1,8010.4,0
XFJ,20160516,5982.6,6031.1,5965.6,6016.9,0
XFL,20160516,5313.8,5360.9,5302.2,5349.5,0
XGD,20160516,4375.3,4449,4370.6,4413.6,0
XHJ,20160516,20882.4,21443.3,20882.4,21298.6,0
XIJ,20160516,798.4,801.6,795.6,795.9,0
XJO,20160516,5329,5371.1,5319.8,5358.9,0
XJR,20160516,2656.7,2678.7,2648.4,2674.3,0
XKO,20160516,5289.4,5329.8,5280.4,5317.4,0
XMD,20160516,5443.9,5477.1,5437.5,5459.6,0
XMJ,20160516,7908.8,7968.9,7880.7,7968.4,0
XMM,20160516,2243.9,2268.5,2236.8,2267.8,0
XNJ,20160516,5352.5,5388.5,5344.4,5365.6,0
XPJ,20160516,1431.7,1441.3,1431.5,1435.1,0
XSJ,20160516,8688.8,8777.6,8662.8,8728.4,0
XSO,20160516,2304.4,2308,2294.4,2296.3,0
XTJ,20160516,2089.7,2107,2076.5,2099.3,0
XTL,20160516,3068.1,3098.3,3061.2,3092.4,0
XTO,20160516,4406.8,4443.8,4398.8,4434.2,0
XUJ,20160516,7302.3,7325.1,7256.2,7299.3,0
XXJ,20160516,6659.1,6715.4,6629.7,6702.2,0
