1AL,20160225,1,1,1,1,2000
1PG,20160225,2.03,2.46,2.02,2.32,1692483
3DM,20160225,0.059,0.06,0.056,0.056,684643
3PL,20160225,1.36,1.41,1.35,1.39,1130262
4DS,20160225,0.03,0.03,0.029,0.029,1000000
88E,20160225,0.033,0.037,0.033,0.035,39803502
8IH,20160225,0.91,0.915,0.91,0.915,75027
A2M,20160225,1.67,1.69,1.63,1.635,5185658
AAA,20160225,50.18,50.18,50.17,50.17,302158
AAC,20160225,1.245,1.245,1.23,1.23,2068829
AAD,20160225,1.92,1.94,1.86,1.895,1832971
AAI,20160225,11.7,12,11.7,12,98
AAX,20160225,0.215,0.215,0.215,0.215,947
AB1,20160225,0.2,0.2,0.195,0.195,186287
ABA,20160225,5.18,5.2,5.18,5.19,5032
ABC,20160225,4.98,5.09,4.78,4.79,2897601
ABP,20160225,2.95,2.96,2.87,2.87,1447169
ABU,20160225,0.068,0.07,0.067,0.067,744800
ABV,20160225,0.008,0.008,0.008,0.008,63000
ABX,20160225,0.115,0.12,0.105,0.11,532314
ACB,20160225,0.015,0.015,0.015,0.015,63334
ACG,20160225,0.16,0.16,0.14,0.14,307410
ACL,20160225,0.007,0.007,0.006,0.006,2351525
ACQ,20160225,0.795,0.795,0.79,0.795,21200
ACR,20160225,0.69,0.71,0.67,0.67,497039
ACU,20160225,0.076,0.076,0.075,0.075,114813
ACW,20160225,0.057,0.063,0.057,0.06,525500
ACX,20160225,4.9,4.9,4.75,4.8,401571
ADA,20160225,2.13,2.17,1.97,2,186613
ADH,20160225,2.64,2.68,2.63,2.64,525482
ADJ,20160225,0.084,0.085,0.084,0.084,72300
ADN,20160225,0.011,0.012,0.011,0.012,7390
ADO,20160225,0.069,0.069,0.068,0.068,486826
ADV,20160225,0.029,0.029,0.026,0.026,13642410
ADX,20160225,0.005,0.005,0.005,0.005,130000
AEE,20160225,0.017,0.018,0.016,0.018,295664
AEF,20160225,63,63,63,63,107
AEG,20160225,1.33,1.345,1.33,1.34,183874
AEV,20160225,0.115,0.115,0.115,0.115,59461
AFA,20160225,0.26,0.28,0.26,0.28,25000
AFG,20160225,1,1,0.99,1,103388
AFI,20160225,5.55,5.6,5.5,5.52,170903
AFR,20160225,0.05,0.05,0.049,0.049,304734
AGF,20160225,0.815,0.835,0.815,0.82,735949
AGG,20160225,3.3,3.35,3.3,3.33,1977
AGI,20160225,2.35,2.35,2.225,2.27,654649
AGL,20160225,18.38,18.38,18.02,18.23,2645340
AGO,20160225,0.017,0.017,0.014,0.014,42111690
AGR,20160225,0.1,0.1,0.1,0.1,1364553
AGS,20160225,0.035,0.035,0.033,0.033,789634
AGX,20160225,0.016,0.017,0.016,0.017,850000
AGY,20160225,0.005,0.005,0.005,0.005,4180664
AHF,20160225,0.255,0.255,0.255,0.255,508221
AHG,20160225,4.06,4.12,4.03,4.06,1533235
AHL,20160225,0.43,0.43,0.43,0.43,1500
AHX,20160225,1.29,1.3,1.29,1.3,135000
AHY,20160225,1.635,1.75,1.62,1.71,3205913
AHZ,20160225,0.57,0.58,0.54,0.565,120663
AIA,20160225,5.74,5.75,5.68,5.7,93523
AIK,20160225,0.11,0.11,0.11,0.11,93750
AIO,20160225,9.03,9.04,9.02,9.02,6059959
AIQ,20160225,0.105,0.105,0.105,0.105,20000
AIS,20160225,0.035,0.043,0.035,0.043,130731
AIZ,20160225,2.68,2.69,2.6,2.6,38671
AJA,20160225,5.98,5.98,5.7,5.73,95464
AJD,20160225,1.32,1.32,1.3,1.3,554685
AJL,20160225,0.32,0.32,0.295,0.295,68646
AJM,20160225,0.09,0.093,0.089,0.092,2698353
AJQ,20160225,0.098,0.098,0.097,0.098,18790
AJX,20160225,0.65,0.74,0.645,0.74,1420980
AKG,20160225,0.24,0.24,0.23,0.23,333000
AKK,20160225,0.007,0.007,0.007,0.007,1471362
AKM,20160225,0.007,0.008,0.007,0.008,166962
AKP,20160225,8.05,8.05,7.51,7.75,4656
ALF,20160225,1.5,1.53,1.49,1.53,203335
ALI,20160225,1.73,1.75,1.725,1.75,55865
ALK,20160225,0.24,0.245,0.235,0.24,136056
ALL,20160225,10.01,10.02,9.73,9.85,2678809
ALQ,20160225,3.72,3.81,3.7,3.75,1065554
ALR,20160225,0.99,0.99,0.99,0.99,7418
ALU,20160225,5.76,5.83,5.66,5.68,599798
AMA,20160225,0.84,0.84,0.8,0.825,1087399
AMB,20160225,0.215,0.215,0.2,0.2,35669
AMC,20160225,13.99,14.07,13.8,13.9,3248331
AMH,20160225,0.87,0.87,0.86,0.86,57991
AMI,20160225,0.059,0.06,0.056,0.06,466819
AML,20160225,0.036,0.045,0.036,0.045,131200
AMN,20160225,0.16,0.165,0.13,0.165,1930703
AMP,20160225,5.49,5.49,5.32,5.36,6779612
ANN,20160225,17.43,17.71,17.21,17.23,1035657
ANO,20160225,0.026,0.026,0.025,0.025,1150305
ANP,20160225,0.052,0.052,0.051,0.051,20000
ANQ,20160225,0.002,0.002,0.002,0.002,710360
ANR,20160225,1.45,1.46,1.4,1.4,79100
ANZ,20160225,22.45,22.68,21.87,22.55,11596833
AOG,20160225,3.22,3.23,3.17,3.17,1610682
AOH,20160225,0.087,0.09,0.086,0.09,1025156
AOK,20160225,0.056,0.057,0.056,0.057,100000
AOP,20160225,0.105,0.11,0.105,0.11,105100
AOU,20160225,0.105,0.105,0.105,0.105,8618
AOW,20160225,0.17,0.18,0.17,0.18,210000
APA,20160225,8.74,8.74,8.465,8.59,4020505
APD,20160225,0.43,0.43,0.415,0.415,31845
APE,20160225,11.11,11.13,10.93,11.04,42891
API,20160225,1.915,1.95,1.885,1.91,1853099
APN,20160225,0.52,0.535,0.51,0.525,3471676
APO,20160225,5.96,6.17,5.92,6.09,1319483
APW,20160225,0.12,0.122,0.12,0.122,18000
APX,20160225,1.53,1.56,1.5,1.545,45870
APY,20160225,0.008,0.008,0.008,0.008,9638203
APZ,20160225,1.18,1.18,1.17,1.175,31830
AQC,20160225,0.018,0.018,0.017,0.017,596429
AQD,20160225,0.013,0.013,0.013,0.013,400000
AQF,20160225,1.64,1.68,1.64,1.68,14895
AQG,20160225,2.71,2.75,2.67,2.71,704670
AQP,20160225,0.255,0.255,0.255,0.255,6522
AQQ,20160225,0.018,0.018,0.018,0.018,23163
AQX,20160225,0.049,0.054,0.049,0.054,341685
ARB,20160225,14.94,14.95,14.64,14.7,213315
ARD,20160225,0.023,0.024,0.023,0.024,275000
ARE,20160225,0.007,0.009,0.007,0.009,1970000
ARF,20160225,1.85,1.895,1.845,1.885,380698
ARG,20160225,7.26,7.36,7.22,7.25,123598
ARI,20160225,0.018,0.018,0.015,0.016,81044372
ARU,20160225,0.055,0.055,0.053,0.054,322700
ASB,20160225,1.22,1.235,1.187,1.21,2196327
ASH,20160225,0.14,0.145,0.14,0.145,3190153
ASL,20160225,0.235,0.245,0.23,0.235,138388
AST,20160225,1.455,1.465,1.44,1.455,2770910
ASW,20160225,0.67,0.67,0.67,0.67,2000
ASX,20160225,41.71,41.89,41.25,41.69,435426
ASZ,20160225,0.995,1.025,0.995,1.015,198292
ATC,20160225,0.1,0.1,0.1,0.1,40000
ATU,20160225,0.54,0.54,0.54,0.54,2700
AUB,20160225,9.2,9.2,8.7,8.7,2483
AUC,20160225,0.05,0.05,0.05,0.05,1031635
AUF,20160225,1.21,1.21,1.21,1.21,10875
AUI,20160225,6.87,6.95,6.87,6.93,4421
AUK,20160225,0.012,0.012,0.012,0.012,200000
AUP,20160225,5.5,5.5,5.5,5.5,8500
AUZ,20160225,0.006,0.006,0.006,0.006,125000
AVB,20160225,0.068,0.068,0.065,0.065,307500
AVG,20160225,0.43,0.475,0.43,0.45,1435520
AVH,20160225,0.1,0.1,0.094,0.094,108129
AVJ,20160225,0.54,0.54,0.535,0.535,21571
AVL,20160225,0.019,0.02,0.016,0.017,36000300
AVN,20160225,2.06,2.06,2.01,2.04,28050
AVQ,20160225,0.33,0.335,0.315,0.325,481368
AWC,20160225,1.255,1.28,1.215,1.28,16231641
AWE,20160225,0.475,0.485,0.47,0.47,3278599
AWN,20160225,0.55,0.55,0.55,0.55,50000
AWV,20160225,0.051,0.051,0.051,0.051,127991
AXE,20160225,0.075,0.075,0.073,0.073,100000
AXP,20160225,1.1,1.1,1.07,1.085,57875
AXT,20160225,0.07,0.07,0.07,0.07,100000
AYA,20160225,0.11,0.11,0.105,0.105,208000
AYB,20160225,0.048,0.049,0.045,0.046,2690920
AYF,20160225,5.75,5.75,5.75,5.75,275
AYR,20160225,0.008,0.008,0.008,0.008,175000
AYS,20160225,1.92,1.94,1.855,1.87,828413
AYZ,20160225,74.01,74.01,74.01,74.01,1358
AZJ,20160225,4.05,4.05,3.97,4.01,7532744
AZM,20160225,0.041,0.041,0.04,0.04,105384
AZS,20160225,0.037,0.037,0.034,0.035,1364193
AZV,20160225,0.068,0.068,0.065,0.067,501601
AZY,20160225,0.017,0.017,0.016,0.016,1632057
BAF,20160225,0.98,0.98,0.96,0.965,202809
BAL,20160225,12.46,12.6,11.89,11.89,1200237
BAP,20160225,4.89,4.9,4.76,4.78,1140724
BAR,20160225,0.021,0.022,0.02,0.021,2047159
BAU,20160225,0.094,0.094,0.092,0.092,17732
BBG,20160225,1.52,1.655,1.51,1.565,211875
BBN,20160225,2.42,2.43,2.37,2.37,136520
BBX,20160225,0.029,0.029,0.027,0.027,47518
BCI,20160225,0.12,0.12,0.105,0.115,806657
BCT,20160225,0.033,0.034,0.032,0.032,319130
BDI,20160225,0.001,0.001,0.001,0.001,2689225
BDR,20160225,0.235,0.25,0.23,0.24,8590040
BEAR,20160225,18.7,18.96,18.68,18.82,333505
BEL,20160225,0.135,0.135,0.135,0.135,6000
BEN,20160225,8.56,8.62,8.32,8.42,2877025
BFC,20160225,0.49,0.5,0.485,0.485,643978
BFG,20160225,0.53,0.53,0.525,0.525,243740
BGA,20160225,5.81,5.92,5.68,5.7,868032
BGL,20160225,0.77,0.785,0.77,0.77,150659
BHP,20160225,16.01,16.17,15.78,16,14839278
BIG,20160225,0.19,0.205,0.19,0.2,160000
BIT,20160225,0.059,0.062,0.059,0.059,262666
BKI,20160225,1.555,1.57,1.54,1.55,155199
BKL,20160225,166.5,176.02,153.14,157.07,225547
BKN,20160225,0.615,0.645,0.605,0.63,391965
BKT,20160225,0.047,0.05,0.046,0.05,706538
BKW,20160225,14.7,14.72,14.53,14.56,118624
BKY,20160225,0.46,0.46,0.45,0.45,74656
BLA,20160225,6.2,6.2,6.06,6.1,40605
BLD,20160225,5.82,5.89,5.79,5.83,2270868
BLG,20160225,0.063,0.063,0.063,0.063,109048
BLK,20160225,0.48,0.485,0.465,0.485,600353
BLT,20160225,0.255,0.27,0.255,0.27,120562
BLX,20160225,1.95,1.95,1.87,1.95,11062
BLY,20160225,0.062,0.068,0.062,0.064,486091
BMG,20160225,0.011,0.011,0.011,0.011,1000
BMN,20160225,0.027,0.027,0.027,0.027,745066
BNE,20160225,0.006,0.006,0.006,0.006,1000000
BNO,20160225,0.29,0.31,0.275,0.31,1559126
BNR,20160225,0.045,0.048,0.043,0.047,2274650
BOA,20160225,0.115,0.115,0.115,0.115,23500
BOC,20160225,0.21,0.21,0.21,0.21,1310
BOE,20160225,0.042,0.043,0.04,0.043,832110
BOL,20160225,0.08,0.085,0.08,0.08,9303
BOQ,20160225,10.74,10.84,10.56,10.73,2680827
BPF,20160225,0.45,0.455,0.42,0.435,692688
BPH,20160225,0.007,0.007,0.007,0.007,136000
BPL,20160225,0.025,0.025,0.025,0.025,11783
BPS,20160225,0.87,0.87,0.8,0.8,78367
BPT,20160225,0.515,0.525,0.505,0.52,3918441
BRB,20160225,0.25,0.36,0.24,0.3,2319728
BRG,20160225,6.3,6.79,6.06,6.75,876387
BRK,20160225,0.009,0.01,0.009,0.01,5922964
BRL,20160225,0.012,0.014,0.012,0.014,860000
BRN,20160225,0.26,0.26,0.24,0.24,2545400
BRS,20160225,1.12,1.13,1.095,1.125,1248927
BRU,20160225,0.23,0.23,0.215,0.22,352814
BSA,20160225,0.18,0.18,0.18,0.18,25000
BSE,20160225,0.08,0.08,0.076,0.076,358334
BSL,20160225,5.44,5.47,5.35,5.44,3723743
BSP,20160225,0.001,0.001,0.001,0.001,300000
BSR,20160225,0.011,0.011,0.011,0.011,22000
BST,20160225,0.93,0.93,0.92,0.92,10000
BTI,20160225,0.995,0.995,0.98,0.98,55100
BTT,20160225,9.3,9.32,9.03,9.07,396084
BUD,20160225,0.125,0.125,0.115,0.115,1341183
BUL,20160225,0.024,0.024,0.023,0.023,171668
BUR,20160225,0.004,0.004,0.004,0.004,2652308
BUY,20160225,0.008,0.008,0.007,0.007,2410381
BWF,20160225,0.43,0.43,0.415,0.415,72460
BWP,20160225,3.25,3.29,3.24,3.24,1557488
BWR,20160225,1.32,1.32,1.32,1.32,5944
BWX,20160225,4.08,4.1,3.86,4.07,430869
BXB,20160225,11.9,12.14,11.86,12.1,5359716
BXN,20160225,0.023,0.024,0.023,0.024,263478
BYE,20160225,0.15,0.16,0.15,0.16,130000
BYI,20160225,1.01,1.01,1,1,11293
BYL,20160225,0.2,0.2,0.185,0.19,189008
BYR,20160225,0.027,0.03,0.027,0.03,7157459
CAA,20160225,0.105,0.11,0.105,0.11,879541
CAB,20160225,3.14,3.15,3.03,3.07,220790
CAE,20160225,0.03,0.034,0.03,0.034,700000
CAF,20160225,0.36,0.36,0.35,0.35,182536
CAJ,20160225,0.14,0.145,0.137,0.145,2607286
CAM,20160225,0.775,0.775,0.77,0.77,119062
CAP,20160225,0.031,0.034,0.03,0.033,141776
CAR,20160225,11.86,11.99,11.785,11.88,677659
CAS,20160225,0.125,0.13,0.125,0.13,36000
CAT,20160225,2.4,2.46,2.31,2.4,111733
CAV,20160225,0.009,0.009,0.009,0.009,2158638
CAY,20160225,0.05,0.05,0.047,0.05,250000
CBA,20160225,71.5,71.54,70.07,71,5357879
CBL,20160225,2.16,2.16,2.05,2.05,17500
CCF,20160225,0.14,0.145,0.135,0.135,757158
CCL,20160225,8.46,8.55,8.4,8.42,2596143
CCP,20160225,9.57,9.67,9.25,9.44,197324
CCV,20160225,0.495,0.495,0.47,0.47,370061
CCZ,20160225,0.003,0.003,0.003,0.003,1799090
CDA,20160225,0.745,0.75,0.72,0.72,17318
CDB,20160225,0.009,0.009,0.008,0.008,182899
CDD,20160225,1.14,1.14,1.075,1.14,361066
CDG,20160225,0.036,0.039,0.036,0.039,163290
CDM,20160225,1.465,1.465,1.45,1.455,151630
CDP,20160225,7.4,7.5,7.39,7.5,97452
CDV,20160225,0.135,0.135,0.13,0.135,944063
CDY,20160225,0.018,0.019,0.018,0.018,1021754
CEL,20160225,0.029,0.029,0.029,0.029,85000
CFE,20160225,0.016,0.017,0.016,0.016,1067824
CGC,20160225,2.53,2.65,2.35,2.42,1549593
CGF,20160225,7.62,7.67,7.515,7.61,2672074
CGL,20160225,4.6,4.6,4.6,4.6,2
CGN,20160225,0.076,0.076,0.076,0.076,1500
CGR,20160225,0.185,0.19,0.18,0.185,31391
CGS,20160225,0.555,0.555,0.555,0.555,129285
CHC,20160225,4.49,4.55,4.42,4.46,832565
CHF,20160225,0.022,0.022,0.022,0.022,6150
CHN,20160225,0.125,0.125,0.12,0.125,337108
CHP,20160225,0.005,0.005,0.005,0.005,1481867
CHR,20160225,2.9,2.9,2.9,2.9,3543
CIA,20160225,0.15,0.15,0.14,0.14,131346
CIE,20160225,0.94,0.94,0.94,0.94,20000
CII,20160225,1.5,1.5,1.5,1.5,14575
CIM,20160225,30.98,31.5,30.72,31.22,1041723
CIN,20160225,31.56,31.56,31.52,31.55,3829
CIW,20160225,0.68,0.68,0.68,0.68,5210
CJC,20160225,0.005,0.006,0.005,0.006,699677
CKA,20160225,0.034,0.037,0.034,0.037,516440
CKF,20160225,4.9,4.9,4.65,4.7,227808
CKL,20160225,0.71,0.71,0.71,0.71,101786
CL1,20160225,2.19,2.19,2.16,2.17,58514
CL8,20160225,0.019,0.019,0.019,0.019,47520
CLH,20160225,1.06,1.09,1.06,1.07,1173796
CLQ,20160225,0.155,0.175,0.15,0.165,722207
CLV,20160225,0.295,0.295,0.28,0.295,47798
CLX,20160225,0.94,0.945,0.93,0.93,43696
CLZ,20160225,0.005,0.005,0.005,0.005,100000
CM8,20160225,0.26,0.275,0.26,0.265,888761
CMA,20160225,2.06,2.07,2.03,2.05,65259
CMI,20160225,0.955,0.98,0.955,0.98,21064
CMM,20160225,0.092,0.092,0.085,0.086,203243
CMP,20160225,0.445,0.445,0.39,0.39,157543
CMT,20160225,0.042,0.042,0.042,0.042,20000
CMW,20160225,1.01,1.02,1,1.005,4042577
CMY,20160225,0.005,0.005,0.005,0.005,4641046
CND,20160225,0.18,0.19,0.17,0.19,12689
CNU,20160225,3.67,3.67,3.57,3.62,84167
CNW,20160225,0.027,0.028,0.026,0.027,7003641
CNX,20160225,0.017,0.017,0.016,0.016,641215
COE,20160225,0.15,0.155,0.15,0.155,38600
COH,20160225,104.48,105.21,103.01,103.45,213593
COI,20160225,0.075,0.075,0.074,0.075,716666
CPU,20160225,9.04,9.16,8.92,8.96,2847367
CQR,20160225,4.25,4.36,4.22,4.33,1807177
CR8,20160225,0.019,0.019,0.019,0.019,250000
CRB,20160225,0.087,0.088,0.086,0.086,151743
CRL,20160225,0.024,0.024,0.024,0.024,100000
CSD,20160225,0.026,0.028,0.026,0.028,116200
CSE,20160225,0.295,0.305,0.295,0.3,18510
CSL,20160225,101.87,102.74,100.74,101.44,989634
CSR,20160225,2.87,2.94,2.855,2.91,2960124
CSS,20160225,0.044,0.045,0.043,0.043,983404
CSV,20160225,1.3,1.315,1.245,1.25,7771402
CTD,20160225,11.86,12.07,11.74,12,466196
CTE,20160225,0.195,0.195,0.185,0.19,127602
CTM,20160225,0.004,0.004,0.004,0.004,9323
CTN,20160225,0.91,0.91,0.9,0.9,131245
CTO,20160225,0.018,0.02,0.018,0.02,809845
CTP,20160225,0.099,0.1,0.099,0.1,376966
CTX,20160225,36.9,36.9,35.62,36.05,2761756
CUE,20160225,0.06,0.06,0.057,0.057,20000
CUL,20160225,0.003,0.003,0.003,0.003,100000
CUP,20160225,0.68,0.68,0.675,0.675,134028
CUV,20160225,3.22,3.64,3.2,3.64,7274
CV1,20160225,0.34,0.34,0.31,0.33,49000
CVN,20160225,0.072,0.072,0.07,0.07,2165346
CVO,20160225,1.6,1.635,1.545,1.57,2128199
CVT,20160225,0.41,0.415,0.39,0.415,419358
CVV,20160225,0.12,0.12,0.12,0.12,3000
CVW,20160225,0.91,0.91,0.9,0.9,841490
CWC,20160225,0.47,0.47,0.47,0.47,20000
CWE,20160225,0.037,0.038,0.037,0.038,628907
CWN,20160225,12.51,12.51,11.39,11.97,2745301
CWP,20160225,3.99,4,3.95,3.95,67769
CWY,20160225,0.82,0.83,0.8,0.81,5046997
CXM,20160225,0.075,0.075,0.075,0.075,27551
CXO,20160225,0.026,0.031,0.026,0.029,11568710
CXU,20160225,0.1,0.1,0.1,0.1,7333
CXX,20160225,0.18,0.18,0.18,0.18,1000
CXZ,20160225,0.185,0.185,0.18,0.18,41548
CYA,20160225,0.835,0.835,0.83,0.83,36836
CYB,20160225,3.58,3.65,3.58,3.64,5574531
CYC,20160225,0.635,0.635,0.635,0.635,3000
CYG,20160225,1.11,1.13,1.11,1.13,8303
CYL,20160225,0.37,0.375,0.37,0.375,20000
CYP,20160225,0.335,0.345,0.335,0.345,25203
CYY,20160225,0.023,0.023,0.023,0.023,20000
CZI,20160225,0.024,0.024,0.024,0.024,71850
CZL,20160225,0.046,0.046,0.046,0.046,619904
CZZ,20160225,19.34,19.5,19.1,19.23,17479
D13,20160225,0.068,0.073,0.068,0.073,601153
DCC,20160225,0.185,0.185,0.175,0.175,478817
DCG,20160225,0.945,0.945,0.755,0.82,2167943
DCN,20160225,1.67,1.67,1.55,1.6,338044
DDT,20160225,0.022,0.022,0.02,0.02,1868843
DEG,20160225,0.001,0.001,0.001,0.001,1497721
DFM,20160225,1.68,1.68,1.6,1.63,21536
DGR,20160225,0.026,0.026,0.026,0.026,123520
DGX,20160225,0.014,0.014,0.014,0.014,198000
DIG,20160225,0.25,0.25,0.25,0.25,270
DJW,20160225,3.94,3.94,3.85,3.85,54565
DKM,20160225,0.11,0.125,0.11,0.125,238064
DKO,20160225,0.061,0.07,0.061,0.07,7203455
DLX,20160225,6.56,6.61,6.5,6.51,3044649
DMC,20160225,0.2,0.21,0.2,0.21,93940
DMG,20160225,0.011,0.011,0.011,0.011,321447
DMP,20160225,61.03,61.25,57.64,58.26,368651
DNA,20160225,0.54,0.585,0.492,0.52,18384857
DNK,20160225,0.26,0.28,0.26,0.28,9563
DOW,20160225,3.22,3.28,3.16,3.25,2459648
DRA,20160225,0.16,0.16,0.16,0.16,36000
DRG,20160225,0.031,0.035,0.03,0.03,928988
DRM,20160225,0.805,0.83,0.795,0.82,1622470
DRX,20160225,0.015,0.018,0.015,0.015,1559739
DSX,20160225,0.053,0.053,0.052,0.052,600001
DTI,20160225,0.225,0.225,0.225,0.225,36060
DTL,20160225,1.145,1.145,1.135,1.14,3016
DTX,20160225,0.405,0.44,0.35,0.4,93000
DUB,20160225,0.59,0.635,0.587,0.61,412311
DUE,20160225,2.27,2.285,2.255,2.26,9035808
DUI,20160225,3.15,3.18,3.11,3.18,45032
DVA,20160225,0.5,0.505,0.5,0.505,21147
DVI,20160225,0.016,0.016,0.016,0.016,6799256
DVL,20160225,0.37,0.37,0.36,0.36,81900
DVN,20160225,0.5,0.53,0.5,0.5,34676
DWS,20160225,1.27,1.28,1.265,1.28,32587
DXS,20160225,7.49,7.49,7.36,7.42,2004915
DYE,20160225,0.245,0.25,0.245,0.245,30000
DYL,20160225,0.009,0.009,0.009,0.009,10445
EAI,20160225,0.845,0.845,0.845,0.845,32500
EAR,20160225,0.105,0.115,0.105,0.11,687601
EAS,20160225,1.46,1.46,1.46,1.46,33650
EAX,20160225,0.75,0.75,0.74,0.74,12500
EBO,20160225,13.3,13.3,13.3,13.3,4800
ECG,20160225,0.22,0.22,0.2,0.2,177150
ECX,20160225,2.75,2.78,2.59,2.67,1303787
EDE,20160225,0.075,0.075,0.073,0.073,778766
EEG,20160225,0.019,0.019,0.019,0.019,38126
EGH,20160225,0.57,0.575,0.57,0.575,166028
EGO,20160225,0.34,0.34,0.34,0.34,1000
EHE,20160225,6.13,6.15,5.96,5.98,569215
EHL,20160225,0.031,0.032,0.029,0.029,151279
ELD,20160225,4.14,4.17,4.1,4.12,267249
ELM,20160225,0.17,0.175,0.16,0.16,153000
ELX,20160225,0.7,0.7,0.66,0.7,47297
EMB,20160225,7,7,7,7,8300
EMC,20160225,0.215,0.22,0.215,0.215,855721
EMF,20160225,1.755,1.755,1.75,1.75,5079
EMG,20160225,0.011,0.011,0.011,0.011,500000
EMH,20160225,0.14,0.145,0.14,0.145,82546
EML,20160225,1.072,1.072,1.055,1.065,95581
EMR,20160225,0.026,0.026,0.026,0.026,755447
EMU,20160225,0.2,0.2,0.155,0.18,393355
EMX,20160225,0.044,0.044,0.044,0.044,100000
ENA,20160225,0.15,0.15,0.15,0.15,50000
ENC,20160225,0.3,0.3,0.3,0.3,30000
ENN,20160225,1.65,1.665,1.65,1.665,722661
ENR,20160225,0.07,0.07,0.07,0.07,20000
EOS,20160225,1.235,1.25,1.2,1.2,30966
EPD,20160225,0.29,0.3,0.28,0.29,447154
EPW,20160225,1.44,1.46,1.34,1.43,1424063
EPX,20160225,1.43,1.45,1.43,1.44,8000
EQT,20160225,14.6,14.65,14.5,14.5,19766
ERA,20160225,0.335,0.335,0.33,0.335,87876
ERJ,20160225,0.023,0.023,0.023,0.023,110889
ERL,20160225,0.016,0.016,0.016,0.016,50000
ERM,20160225,0.034,0.036,0.034,0.036,241090
ESI,20160225,0.014,0.016,0.014,0.016,26050559
ESK,20160225,0.25,0.25,0.25,0.25,6004
ESV,20160225,0.085,0.085,0.07,0.07,662935
ETE,20160225,0.008,0.008,0.008,0.008,250000
ETF,20160225,18.87,18.87,18.78,18.79,154764
EVE,20160225,0.007,0.008,0.007,0.008,2186000
EVM,20160225,0.105,0.105,0.105,0.105,30000
EVN,20160225,1.84,1.845,1.77,1.805,10664255
EVT,20160225,15.48,15.8,15.19,15.36,101724
EWC,20160225,0.195,0.2,0.18,0.18,884285
EXC,20160225,0.023,0.023,0.023,0.023,158697
EXG,20160225,0.135,0.135,0.13,0.13,290793
EXM,20160225,0.012,0.013,0.012,0.012,2639500
EXR,20160225,0.001,0.001,0.001,0.001,5000000
EXU,20160225,0.03,0.03,0.029,0.03,618232
EZL,20160225,0.71,0.725,0.71,0.725,10558
FAN,20160225,1.87,1.89,1.84,1.85,27508
FAR,20160225,0.083,0.085,0.083,0.084,6378720
FBR,20160225,0.022,0.025,0.022,0.025,4540242
FBU,20160225,6.4,6.54,6.4,6.47,1071774
FCN,20160225,0.019,0.02,0.019,0.019,1153421
FET,20160225,2.22,2.24,2.18,2.22,343088
FFG,20160225,0.068,0.068,0.066,0.066,145542
FFT,20160225,1.01,1.045,0.91,0.91,48061
FGG,20160225,1.12,1.14,1.12,1.135,89102
FGR,20160225,0.051,0.052,0.051,0.052,57319
FGX,20160225,1.15,1.15,1.145,1.15,90000
FID,20160225,2.29,2.29,2.29,2.29,5125
FIE,20160225,0.057,0.06,0.057,0.06,339912
FLN,20160225,1.4,1.4,1.33,1.345,229500
FLT,20160225,40,40.41,38.5,40.26,490061
FMG,20160225,2.07,2.13,1.995,2.07,23147784
FML,20160225,0.375,0.375,0.37,0.375,28042
FMS,20160225,0.007,0.007,0.007,0.007,1345078
FND,20160225,0.12,0.13,0.12,0.13,113000
FNP,20160225,3.97,3.97,3.8,3.8,59175
FOD,20160225,0.225,0.23,0.22,0.22,727353
FPH,20160225,8.43,8.54,8.35,8.35,268573
FRI,20160225,0.9,0.9,0.87,0.9,182413
FRM,20160225,1.64,1.67,1.55,1.58,23268
FRX,20160225,0.18,0.19,0.18,0.19,120000
FSA,20160225,1,1,0.92,0.97,124935
FSF,20160225,5.26,5.41,5.26,5.35,58252
FUN,20160225,0.022,0.022,0.022,0.022,744764
FWD,20160225,1.07,1.09,1.06,1.07,37473
FXJ,20160225,0.8,0.81,0.792,0.795,9524228
FXL,20160225,2.25,2.32,2.25,2.31,837329
FZR,20160225,0.19,0.19,0.19,0.19,10000
GAP,20160225,0.29,0.29,0.29,0.29,183000
GBG,20160225,0.018,0.018,0.018,0.018,208896
GBI,20160225,0.22,0.22,0.22,0.22,19785
GBT,20160225,4.44,4.5,4.42,4.45,238317
GBZ,20160225,0.019,0.02,0.019,0.02,400000
GC1,20160225,1,1,0.99,0.995,9463
GCY,20160225,0.245,0.245,0.24,0.24,296367
GDF,20160225,0.935,0.935,0.925,0.925,56136
GDI,20160225,0.855,0.855,0.832,0.84,699153
GDX,20160225,26.5,26.74,26.38,26.68,8783
GDY,20160225,0.028,0.028,0.027,0.027,130000
GEG,20160225,1.07,1.07,0.95,1.04,402949
GEM,20160225,3.36,3.39,3.34,3.36,1882773
GER,20160225,0.05,0.05,0.05,0.05,18551
GES,20160225,0.05,0.05,0.04,0.04,20000
GFY,20160225,1.2,1.235,1.17,1.235,110755
GGG,20160225,0.027,0.028,0.027,0.028,313823
GHC,20160225,1.845,1.845,1.75,1.82,190286
GID,20160225,0.02,0.02,0.02,0.02,2230
GJT,20160225,1.96,2,1.95,1.96,49525
GLF,20160225,0.011,0.011,0.011,0.011,2005063
GMA,20160225,2.17,2.18,2.08,2.14,2038252
GME,20160225,0.033,0.033,0.033,0.033,65000
GMF,20160225,2.09,2.1,2.06,2.08,118105
GMG,20160225,6.62,6.63,6.51,6.6,5133586
GMM,20160225,0.295,0.295,0.28,0.28,2278432
GMR,20160225,0.003,0.003,0.003,0.003,8128698
GNC,20160225,8.57,8.6,8.37,8.43,440585
GNE,20160225,1.74,1.75,1.73,1.75,16680
GNG,20160225,0.98,0.98,0.95,0.95,43100
GOLD,20160225,163,164.34,161.55,163.51,8355
GOR,20160225,0.52,0.525,0.5,0.525,2004942
GOW,20160225,3.09,3.11,3.08,3.11,3873
GOZ,20160225,3.18,3.18,3.1,3.1,322509
GPH,20160225,0.06,0.061,0.06,0.061,949472
GPT,20160225,5,5,4.93,4.96,3928180
GRA,20160225,0.31,0.31,0.31,0.31,15000
GRB,20160225,0.051,0.051,0.051,0.051,1472
GRR,20160225,0.092,0.092,0.09,0.09,298687
GRV,20160225,0.015,0.015,0.015,0.015,100000
GRY,20160225,0.076,0.077,0.072,0.076,857451
GSS,20160225,0.635,0.635,0.63,0.63,49100
GTG,20160225,0.02,0.02,0.019,0.019,9528392
GTK,20160225,2.05,2.05,2.05,2.05,2900
GTY,20160225,2.84,2.84,2.71,2.72,481618
GUD,20160225,6.6,6.71,6.48,6.5,539605
GVF,20160225,1.01,1.01,1.005,1.01,104698
GWA,20160225,2.26,2.335,2.22,2.23,1424183
GXL,20160225,7.35,7.45,7.31,7.4,470657
GXY,20160225,0.195,0.195,0.18,0.18,1824201
HAV,20160225,0.29,0.3,0.29,0.29,40000
HCH,20160225,0.068,0.068,0.066,0.066,50000
HCT,20160225,0.165,0.175,0.155,0.175,316049
HFA,20160225,2.35,2.41,2.34,2.37,263499
HFR,20160225,1.85,1.88,1.845,1.85,452359
HGG,20160225,4.66,4.7,4.59,4.63,4007235
HGO,20160225,0.115,0.115,0.115,0.115,11991
HHL,20160225,3.2,3.23,3.2,3.23,3622
HHV,20160225,1.11,1.125,1.11,1.12,299559
HHY,20160225,0.1,0.1,0.1,0.1,62125
HIG,20160225,0.055,0.055,0.055,0.055,55000
HIL,20160225,0.23,0.235,0.23,0.23,12110
HIT,20160225,0.35,0.35,0.335,0.335,111275
HLO,20160225,2.15,2.2,2.15,2.2,14612
HMI,20160225,0.085,0.085,0.085,0.085,7500
HML,20160225,1,1,1,1,4818
HOG,20160225,0.003,0.003,0.003,0.003,90000
HOM,20160225,0.48,0.48,0.48,0.48,31300
HPI,20160225,2.5,2.56,2.42,2.51,241928
HRR,20160225,0.1,0.105,0.1,0.105,125000
HSN,20160225,3.78,3.79,3.62,3.62,436839
HSO,20160225,2.44,2.46,2.41,2.44,14334756
HTA,20160225,0.079,0.08,0.079,0.08,72500
HUB,20160225,4.2,4.25,3.8,3.9,136610
HUO,20160225,3.92,3.95,3.92,3.95,834
HVN,20160225,4.61,4.64,4.535,4.61,2997385
HXG,20160225,0.076,0.085,0.076,0.085,700677
HZN,20160225,0.069,0.072,0.067,0.067,1142694
HZR,20160225,0.255,0.255,0.255,0.255,68999
IAA,20160225,54.73,54.8,54.14,54.2,6748
IAF,20160225,107.43,107.56,107.15,107.46,6088
IAG,20160225,5.49,5.49,5.35,5.41,12482514
IAU,20160225,0.12,0.122,0.12,0.12,71693
IBC,20160225,0.465,0.465,0.465,0.465,4716
IBG,20160225,0.04,0.04,0.039,0.039,500518
IBK,20160225,36.61,36.61,35.95,36,2503
ICG,20160225,0.004,0.004,0.004,0.004,1000000
ICN,20160225,0.03,0.03,0.03,0.03,79326
ICQ,20160225,0.93,0.93,0.87,0.885,274222
ICS,20160225,1.68,1.68,1.68,1.68,6800
ICU,20160225,0.16,0.165,0.16,0.16,39000
IDR,20160225,2.14,2.14,2.06,2.09,170525
IDT,20160225,0.275,0.275,0.27,0.27,116589
IDX,20160225,1.39,1.39,1.35,1.39,3120
IDZ,20160225,0.39,0.405,0.39,0.405,60000
IEL,20160225,4,4.04,3.95,3.95,53810
IEM,20160225,42.69,42.71,41.94,42.09,10036
IEU,20160225,50.98,51.54,50.87,51.22,21957
IFL,20160225,7.8,8.28,7.8,8.08,2060277
IFM,20160225,0.52,0.61,0.52,0.555,2314890
IFN,20160225,0.465,0.485,0.465,0.485,1524964
IGB,20160225,105.15,105.2,105.1,105.2,789
IGL,20160225,2.03,2.04,1.995,2,1661105
IGO,20160225,2.68,2.7,2.61,2.63,4325028
IHD,20160225,12.38,12.38,12.15,12.26,24556
IHK,20160225,25.16,25.3,25.16,25.3,4201
IIL,20160225,0.185,0.185,0.185,0.185,17000
IJH,20160225,183.88,184.76,183.88,184.2,313
IJP,20160225,15.25,15.95,15.21,15.41,52713
IJR,20160225,144.25,145.25,144.24,144.24,576
IKO,20160225,65.8,65.81,64.86,64.86,491
ILB,20160225,114.97,115.18,114.64,114.66,4257
ILC,20160225,20.58,20.58,20.18,20.38,37097
ILU,20160225,6.6,6.69,6.42,6.63,3518300
IMA,20160225,0.047,0.047,0.047,0.047,23000
IMC,20160225,0.39,0.39,0.34,0.34,27767
IMD,20160225,0.175,0.175,0.175,0.175,9207
IMF,20160225,1.05,1.13,1,1.1,3305939
IMU,20160225,0.01,0.01,0.01,0.01,1971867
INA,20160225,2.71,2.8,2.7,2.73,86642
IND,20160225,0.011,0.011,0.01,0.01,1215000
IOF,20160225,3.99,3.99,3.92,3.95,1359917
IOO,20160225,93.99,94.5,93.7,94,11061
IOZ,20160225,20.65,20.65,20.31,20.49,78135
IPD,20160225,0.915,0.915,0.87,0.87,682624
IPH,20160225,7.68,7.68,6.77,6.92,4207262
IPL,20160225,2.91,2.95,2.86,2.9,5933645
IPT,20160225,0.03,0.03,0.03,0.03,150000
IQ3,20160225,0.25,0.295,0.25,0.295,20000
IQE,20160225,0.29,0.29,0.29,0.29,120000
IRC,20160225,0.066,0.067,0.066,0.067,42557
IRE,20160225,9.11,9.85,9.11,9.72,1413368
IRI,20160225,2.01,2.07,1.95,2.07,157675
IRL,20160225,0.004,0.004,0.004,0.004,348984
IRU,20160225,142.37,142.67,141.71,141.71,763
ISD,20160225,3.51,3.57,3.3,3.42,3208723
ISG,20160225,13.33,13.38,13.33,13.38,1500
ISO,20160225,3.73,3.73,3.7,3.7,53096
ISU,20160225,0.87,0.885,0.85,0.85,678912
ISX,20160225,0.25,0.255,0.23,0.235,1090610
ITD,20160225,0.2,0.21,0.2,0.21,39368
ITQ,20160225,3.8,3.8,3.77,3.77,23255
ITW,20160225,17.73,17.87,17.73,17.87,1325
IVC,20160225,12.2,12.25,12.05,12.13,334696
IVE,20160225,75.14,75.14,74.54,74.76,3892
IVO,20160225,0.051,0.051,0.049,0.049,731994
IVR,20160225,0.014,0.014,0.013,0.014,1060199
IVV,20160225,270.94,272.12,270.52,271.35,12912
IVX,20160225,0.006,0.006,0.006,0.006,545102
IXI,20160225,130,130.24,129.5,129.78,2778
IXJ,20160225,131.48,132.61,131.48,131.95,2689
IXP,20160225,81.69,81.69,81.69,81.69,3
IXR,20160225,0.003,0.004,0.003,0.004,260000
IZZ,20160225,42.4,42.54,41.77,41.77,6396
JBH,20160225,21.11,22.28,21.02,22.23,1714123
JCS,20160225,0.013,0.013,0.013,0.013,33000
JHC,20160225,2.95,2.99,2.93,2.95,1244108
JHX,20160225,17.95,17.95,17.5,17.6,1989197
JIN,20160225,1.255,1.265,1.255,1.265,48892
JKA,20160225,0.004,0.004,0.004,0.004,50000
JKL,20160225,0.25,0.25,0.25,0.25,80000
JPR,20160225,0.25,0.25,0.25,0.25,45000
KAM,20160225,0.48,0.48,0.45,0.45,82297
KAR,20160225,1.525,1.525,1.425,1.435,1201910
KAS,20160225,0.018,0.022,0.018,0.022,413702
KBL,20160225,0.028,0.028,0.025,0.025,2805351
KCN,20160225,0.48,0.5,0.475,0.49,1445070
KDL,20160225,0.15,0.15,0.12,0.12,410000
KDR,20160225,0.1,0.105,0.1,0.1,136833
KFE,20160225,0.015,0.015,0.015,0.015,168306
KGD,20160225,0.034,0.036,0.034,0.034,530000
KGL,20160225,0.09,0.09,0.09,0.09,40000
KGM,20160225,0.031,0.034,0.031,0.034,85000
KII,20160225,2.22,2.23,2.19,2.23,120849
KIK,20160225,0.002,0.002,0.002,0.002,6894997
KIN,20160225,0.08,0.082,0.08,0.082,180000
KKT,20160225,0.355,0.355,0.355,0.355,77217
KLO,20160225,0.265,0.27,0.265,0.27,145700
KMD,20160225,1.43,1.445,1.395,1.395,453022
KME,20160225,0.37,0.4,0.37,0.4,67624
KNL,20160225,0.165,0.165,0.155,0.155,442726
KNO,20160225,0.27,0.27,0.265,0.265,31000
KOR,20160225,0.044,0.044,0.041,0.044,90000
KOV,20160225,2.1,2.1,2.1,2.1,4650
KPT,20160225,12.9,12.9,12.9,12.9,2000
KRC,20160225,0.01,0.01,0.008,0.008,300000
KRM,20160225,0.21,0.215,0.205,0.215,450784
KSC,20160225,1.32,1.32,1.32,1.32,5000
KSL,20160225,0.9,0.91,0.89,0.89,203014
KSM,20160225,2.35,2.35,2.35,2.35,64300
KTE,20160225,0.027,0.027,0.025,0.025,375000
LAA,20160225,0.275,0.275,0.26,0.26,432560
LAU,20160225,0.47,0.47,0.47,0.47,36667
LCD,20160225,0.04,0.04,0.04,0.04,9
LCK,20160225,0.29,0.29,0.28,0.28,67799
LCM,20160225,0.43,0.43,0.425,0.425,194638
LCT,20160225,0.053,0.054,0.053,0.054,170500
LEG,20160225,0.01,0.011,0.01,0.01,9843221
LEP,20160225,3.88,3.9,3.86,3.86,74831
LGD,20160225,0.22,0.22,0.215,0.22,103000
LGO,20160225,0.009,0.01,0.009,0.01,1497551
LHC,20160225,1.53,1.58,1.49,1.5,688444
LIC,20160225,2.61,2.65,2.6,2.61,3643
LIT,20160225,0.14,0.155,0.14,0.155,1654688
LKO,20160225,0.001,0.001,0.001,0.001,1500000
LLC,20160225,12.95,12.95,12.7,12.84,2498045
LMG,20160225,0.009,0.009,0.009,0.009,100000
LML,20160225,0.04,0.04,0.04,0.04,50001
LNG,20160225,0.59,0.595,0.565,0.575,2133939
LNK,20160225,7.41,7.54,7.23,7.28,514808
LNR,20160225,2.9,2.9,2.9,2.9,3850
LNY,20160225,0.003,0.003,0.003,0.003,2062351
LOM,20160225,0.395,0.4,0.39,0.39,411148
LOV,20160225,2.33,2.38,2.33,2.36,79961
LPE,20160225,0.03,0.031,0.03,0.03,6107727
LRS,20160225,0.004,0.004,0.003,0.003,6542399
LSR,20160225,0.03,0.03,0.026,0.026,765808
LTR,20160225,0.015,0.015,0.015,0.015,202273
LTX,20160225,0.039,0.039,0.037,0.037,1248709
LVT,20160225,0.23,0.24,0.23,0.235,220677
LWP,20160225,0.005,0.005,0.004,0.004,24868440
LYC,20160225,0.077,0.078,0.072,0.072,9386358
LYL,20160225,1.155,1.165,1.155,1.165,1600
MAD,20160225,0.052,0.054,0.051,0.053,193603
MAH,20160225,0.11,0.115,0.105,0.11,5713234
MAQ,20160225,9,9,9,9,2500
MAR,20160225,0.003,0.003,0.003,0.003,226683
MAT,20160225,0.13,0.13,0.125,0.125,83516
MBE,20160225,0.325,0.325,0.3,0.3,1188534
MCE,20160225,0.365,0.365,0.345,0.35,144400
MCP,20160225,0.92,0.92,0.86,0.87,1013497
MCR,20160225,0.175,0.18,0.16,0.175,197060
MCS,20160225,0.05,0.058,0.05,0.058,51084
MCT,20160225,0.066,0.066,0.063,0.063,2260685
MDC,20160225,0.215,0.215,0.21,0.21,141512
MDI,20160225,0.007,0.007,0.007,0.007,14500
MDL,20160225,0.27,0.27,0.27,0.27,543354
MDR,20160225,0.036,0.036,0.035,0.035,400000
MEA,20160225,1.5,1.53,1.35,1.375,963331
MEB,20160225,0.23,0.24,0.225,0.235,144246
MEO,20160225,0.01,0.01,0.01,0.01,522800
MEP,20160225,0.058,0.058,0.058,0.058,30000
MEU,20160225,0.012,0.012,0.012,0.012,1386722
MEY,20160225,0.11,0.11,0.11,0.11,500
MEZ,20160225,2.24,2.24,2.2,2.2,10285
MFF,20160225,1.85,1.87,1.835,1.845,317786
MFG,20160225,21.43,21.81,21.1,21.26,532513
MGC,20160225,2.18,2.18,2.08,2.08,317963
MGE,20160225,2.51,2.52,2.5,2.51,559860
MGR,20160225,1.855,1.855,1.83,1.835,8962173
MGT,20160225,0.025,0.025,0.024,0.024,112327
MGV,20160225,0.038,0.045,0.036,0.037,4197062
MGX,20160225,0.18,0.185,0.18,0.18,429366
MHG,20160225,2.31,2.31,2.31,2.31,26000
MHM,20160225,0.029,0.033,0.029,0.032,117775
MIG,20160225,0.35,0.53,0.35,0.5,509333
MIL,20160225,2.02,2.15,2.02,2.02,21970
MIN,20160225,5.52,5.8,5.5,5.7,1971577
MIR,20160225,2.62,2.62,2.55,2.57,55385
MJP,20160225,0.6,0.6,0.57,0.59,20591
MKB,20160225,0.011,0.011,0.011,0.011,163
MKO,20160225,0.057,0.057,0.057,0.057,178500
MLB,20160225,2.02,2.05,2.02,2.02,104531
MLD,20160225,0.78,0.81,0.78,0.795,835561
MLM,20160225,0.052,0.052,0.052,0.052,115000
MLS,20160225,0.001,0.001,0.001,0.001,250000
MLT,20160225,4.2,4.2,4.14,4.15,225632
MLX,20160225,1,1,0.98,0.98,713804
MMI,20160225,0.055,0.055,0.055,0.055,24008
MMJ,20160225,0.345,0.36,0.335,0.34,5748023
MML,20160225,0.605,0.62,0.585,0.585,953172
MMS,20160225,11.57,11.57,10.98,11.07,612326
MNB,20160225,0.005,0.005,0.005,0.005,10433332
MNC,20160225,0.004,0.004,0.003,0.003,4845000
MND,20160225,6.53,6.62,6.44,6.47,278483
MNF,20160225,3.35,3.36,3.255,3.36,150943
MNM,20160225,0.014,0.014,0.014,0.014,40000
MNQ,20160225,0.008,0.009,0.008,0.008,1080063
MNS,20160225,0.315,0.32,0.315,0.32,77979
MNW,20160225,0.075,0.077,0.075,0.076,80224
MNY,20160225,0.99,1.03,0.95,0.98,127424
MOC,20160225,1.68,1.685,1.63,1.63,131359
MOQ,20160225,0.036,0.036,0.036,0.036,125000
MOX,20160225,0.008,0.009,0.008,0.008,8897990
MOY,20160225,0.115,0.115,0.11,0.11,3057389
MOZ,20160225,0.037,0.037,0.036,0.036,552226
MP1,20160225,2.95,2.99,2.76,2.85,111187
MPE,20160225,0.003,0.003,0.003,0.003,1654833
MPJ,20160225,0.007,0.007,0.006,0.006,28473493
MPL,20160225,2.5,2.53,2.48,2.53,13733539
MPO,20160225,0.135,0.135,0.13,0.13,502327
MQA,20160225,4.32,4.47,4.31,4.36,1395447
MQG,20160225,64.65,64.81,63.19,64.16,1014649
MRC,20160225,0.1,0.1,0.1,0.1,39000
MRD,20160225,0.007,0.007,0.006,0.006,757331
MRM,20160225,0.33,0.345,0.32,0.32,801981
MRN,20160225,0.95,0.95,0.95,0.95,20000
MRP,20160225,0.1,0.105,0.1,0.105,51111
MRR,20160225,0.062,0.062,0.062,0.062,10000
MSB,20160225,1.895,1.99,1.73,1.765,1485805
MSG,20160225,0.058,0.058,0.055,0.055,1364919
MSM,20160225,0.09,0.094,0.09,0.094,425393
MSR,20160225,0.002,0.002,0.002,0.002,540000
MSV,20160225,0.018,0.018,0.018,0.018,856167
MTA,20160225,0.05,0.05,0.05,0.05,811295
MTM,20160225,0.275,0.28,0.275,0.28,176250
MTR,20160225,4.11,4.12,3.9,3.91,1632426
MTS,20160225,1.77,1.77,1.62,1.68,12421767
MUA,20160225,0.975,0.98,0.97,0.97,21994
MUS,20160225,0.105,0.105,0.105,0.105,14907
MVA,20160225,19.28,19.29,19.23,19.29,1594
MVB,20160225,21.91,22.1,21.91,22.09,15290
MVF,20160225,1.55,1.6,1.51,1.51,177435
MVP,20160225,4.43,4.43,4.28,4.4,44146
MVS,20160225,15.55,15.55,15.46,15.51,14524
MVT,20160225,0.14,0.14,0.14,0.14,7000
MVW,20160225,21.12,21.12,20.95,21,27192
MWR,20160225,0.965,0.965,0.95,0.95,5971
MX1,20160225,0.44,0.445,0.44,0.445,22300
MXC,20160225,0.036,0.036,0.03,0.031,75456110
MXI,20160225,0.54,0.55,0.535,0.55,95182
MXR,20160225,0.002,0.002,0.002,0.002,5150025
MYO,20160225,2.91,3.02,2.885,2.9,3557055
MYR,20160225,1.105,1.12,1.095,1.105,4916451
MYS,20160225,4.22,4.32,4.18,4.24,126552
MYT,20160225,2.425,2.43,2.41,2.41,45493
MYX,20160225,1.245,1.26,1.175,1.175,2254664
MZI,20160225,0.305,0.315,0.305,0.315,116582
MZM,20160225,0.22,0.22,0.22,0.22,6000
MZN,20160225,0.006,0.006,0.006,0.006,620100
NAB,20160225,24.61,24.68,24.01,24.55,9656460
NAG,20160225,0.135,0.135,0.13,0.13,104101
NAM,20160225,0.35,0.35,0.35,0.35,10000
NAN,20160225,1.87,1.87,1.84,1.85,322439
NBL,20160225,1.09,1.12,1.09,1.09,102000
NCC,20160225,0.965,0.965,0.965,0.965,6984
NCK,20160225,4.32,4.33,4.3,4.32,14407
NCM,20160225,16.58,17.12,16.45,17.09,8617848
NCR,20160225,0.002,0.002,0.002,0.002,70000
NDO,20160225,0.3,0.3,0.3,0.3,4461
NDQ,20160225,10.24,10.24,10.2,10.23,4991
NEA,20160225,0.35,0.35,0.33,0.335,257516
NEC,20160225,1.49,1.535,1.475,1.525,2075075
NEU,20160225,0.12,0.125,0.12,0.125,2314410
NGE,20160225,0.02,0.02,0.02,0.02,217323
NHC,20160225,1.4,1.4,1.385,1.4,34151
NHF,20160225,3.48,3.52,3.4,3.43,519036
NIO,20160225,0.022,0.023,0.02,0.02,1187869
NIU,20160225,0.001,0.001,0.001,0.001,817925
NKP,20160225,0.06,0.063,0.06,0.063,15875
NMT,20160225,0.26,0.27,0.255,0.26,3117758
NNW,20160225,0.095,0.095,0.095,0.095,15000
NOR,20160225,0.053,0.054,0.051,0.053,12214493
NPX,20160225,4.68,4.68,4.62,4.67,4692
NRT,20160225,0.107,0.107,0.1,0.1,755670
NSE,20160225,0.005,0.005,0.005,0.005,100000
NSL,20160225,0.008,0.01,0.008,0.01,9280775
NSP,20160225,0.008,0.008,0.008,0.008,153633
NSR,20160225,1.55,1.56,1.505,1.505,645413
NST,20160225,3.95,4.05,3.89,3.99,6662167
NTC,20160225,2.75,2.79,2.55,2.56,358352
NTU,20160225,0.065,0.065,0.065,0.065,15000
NUF,20160225,7.1,7.1,6.79,6.81,755585
NVL,20160225,1.18,1.21,1.18,1.21,49911
NVT,20160225,4.85,4.87,4.78,4.8,518429
NWH,20160225,0.235,0.265,0.222,0.245,6404926
NWS,20160225,16.17,16.21,16.06,16.06,88512
NWZ,20160225,0.027,0.028,0.025,0.028,930986
NXM,20160225,0.084,0.084,0.084,0.084,23333
NXT,20160225,2.5,2.51,2.47,2.47,670557
NZO,20160225,0.385,0.4,0.385,0.4,13995
OBJ,20160225,0.064,0.064,0.059,0.06,1642229
OCC,20160225,0.37,0.385,0.37,0.375,213441
ODN,20160225,0.014,0.014,0.011,0.013,21175643
OEC,20160225,0.46,0.46,0.46,0.46,21074
OEL,20160225,0.028,0.029,0.027,0.027,3137745
OEX,20160225,0.012,0.012,0.011,0.011,410602
OFX,20160225,1.87,1.88,1.857,1.86,1034040
OGC,20160225,3.8,3.88,3.73,3.84,973720
OGX,20160225,0.175,0.18,0.17,0.17,197468
OKJ,20160225,0.05,0.05,0.05,0.05,88523
OKU,20160225,0.075,0.075,0.073,0.075,238995
OMH,20160225,0.05,0.05,0.05,0.05,250511
OML,20160225,4.14,4.41,4.09,4.2,166761
ONT,20160225,6.75,7,6.65,6.65,6304
OOK,20160225,0.021,0.021,0.02,0.02,750000
OOO,20160225,11.95,12,11.85,12,20262
OPT,20160225,0.375,0.385,0.37,0.38,294557
ORA,20160225,2.37,2.39,2.31,2.33,2738461
ORE,20160225,2.33,2.33,2.27,2.3,265902
ORG,20160225,4.2,4.28,4.14,4.25,7193672
ORI,20160225,14.05,14.23,13.98,14.18,1654177
ORL,20160225,2.11,2.11,2.11,2.11,3071
ORN,20160225,0.012,0.012,0.012,0.012,500
ORX,20160225,0.079,0.08,0.079,0.08,24511
OSH,20160225,6.79,6.81,6.66,6.69,5495113
OSL,20160225,0.155,0.155,0.14,0.145,8648839
OSP,20160225,0.25,0.25,0.24,0.24,29000
OTC,20160225,0.18,0.18,0.175,0.175,11667
OTH,20160225,0.68,0.68,0.65,0.65,3835
OTR,20160225,0.053,0.053,0.052,0.052,199242
OTW,20160225,1.15,1.15,1.11,1.11,25401
OVH,20160225,0.67,0.685,0.66,0.67,130220
OVL,20160225,0.007,0.007,0.007,0.007,100000
OZF,20160225,17.4,17.58,17.34,17.57,8759
OZL,20160225,5.02,5.235,4.93,5.23,5502752
OZR,20160225,5.75,5.82,5.75,5.81,5259
PAA,20160225,0.11,0.11,0.11,0.11,32171
PAC,20160225,5.92,5.925,5.75,5.75,56772
PAF,20160225,0.87,0.87,0.84,0.84,95691
PAI,20160225,0.94,0.94,0.93,0.93,129629
PAK,20160225,0.06,0.063,0.06,0.062,183500
PAN,20160225,0.12,0.125,0.115,0.12,889851
PAR,20160225,0.27,0.27,0.27,0.27,4000
PBD,20160225,0.01,0.01,0.009,0.009,110000
PBG,20160225,0.92,0.922,0.872,0.88,2189869
PBP,20160225,0.51,0.525,0.47,0.49,179400
PBT,20160225,0.082,0.082,0.081,0.081,48469
PCL,20160225,0.003,0.003,0.003,0.003,150000
PDI,20160225,0.002,0.002,0.002,0.002,3351050
PDN,20160225,0.19,0.195,0.187,0.19,3503537
PDZ,20160225,0.16,0.16,0.16,0.16,20000
PEA,20160225,0.37,0.38,0.37,0.38,988251
PEH,20160225,0.16,0.16,0.15,0.15,86995
PEK,20160225,0.08,0.08,0.08,0.08,6229
PEN,20160225,0.835,0.835,0.805,0.805,29108
PEP,20160225,2.32,2.4,2.32,2.38,12125
PEX,20160225,0.14,0.14,0.135,0.135,200000
PEZ,20160225,0.05,0.051,0.05,0.051,179215
PFG,20160225,0.09,0.09,0.086,0.087,150000
PFL,20160225,1.1,1.105,1.1,1.1,23631
PGC,20160225,0.65,0.65,0.64,0.65,48068
PGF,20160225,0.86,0.875,0.86,0.87,381939
PGH,20160225,4.81,4.94,4.66,4.69,1437174
PGO,20160225,0.02,0.02,0.02,0.02,300000
PGR,20160225,0.71,0.71,0.7,0.7,130649
PGS,20160225,0.003,0.003,0.003,0.003,1258512
PGY,20160225,0.001,0.001,0.001,0.001,250000
PHA,20160225,0.05,0.05,0.05,0.05,150000
PHG,20160225,0.45,0.46,0.45,0.46,132806
PHK,20160225,0.039,0.039,0.038,0.038,42664
PIC,20160225,0.935,0.935,0.92,0.93,48768
PIL,20160225,0.015,0.015,0.015,0.015,822468
PIO,20160225,0.012,0.013,0.012,0.013,532767
PIQ,20160225,0.32,0.32,0.32,0.32,7000
PLH,20160225,0.061,0.061,0.06,0.06,280500
PLP,20160225,0.015,0.015,0.011,0.012,79783687
PLS,20160225,0.375,0.375,0.365,0.37,1440716
PMC,20160225,1.71,1.71,1.67,1.675,60186
PME,20160225,3,3,2.9,2.97,69844
PML,20160225,0.045,0.045,0.042,0.042,843255
PMP,20160225,0.47,0.47,0.465,0.47,488934
PMV,20160225,13.13,13.18,12.81,12.97,183027
PMY,20160225,0.009,0.009,0.009,0.009,888225
PNC,20160225,1.75,1.775,1.75,1.76,59535
PNL,20160225,0.235,0.24,0.23,0.23,73000
PNR,20160225,0.093,0.097,0.09,0.095,2175633
PNV,20160225,0.28,0.285,0.275,0.28,156315
POH,20160225,0.01,0.01,0.01,0.01,2164669
POS,20160225,0.042,0.042,0.04,0.04,548877
PPC,20160225,1,1.022,1,1.015,62712
PPG,20160225,0.44,0.44,0.44,0.44,4600
PPL,20160225,0.47,0.47,0.45,0.45,179476
PPS,20160225,0.31,0.32,0.31,0.32,187344
PPT,20160225,41.08,43.07,41.05,42.73,234733
PRG,20160225,1.305,1.33,1.275,1.325,1204595
PRO,20160225,1.535,1.55,1.45,1.45,129704
PRR,20160225,0.04,0.04,0.04,0.04,1583491
PRT,20160225,0.41,0.422,0.41,0.42,439369
PRU,20160225,0.365,0.405,0.36,0.4,6478975
PRY,20160225,3.24,3.38,3.23,3.32,5743999
PSA,20160225,0.095,0.095,0.092,0.092,17000
PSC,20160225,0.006,0.006,0.006,0.006,2761800
PSF,20160225,0.011,0.011,0.01,0.01,2673351
PSI,20160225,1.65,1.65,1.65,1.65,320
PSQ,20160225,1.9,1.94,1.9,1.9,10379
PSY,20160225,0.14,0.14,0.13,0.13,661225
PSZ,20160225,0.82,0.84,0.82,0.84,118461
PTB,20160225,0.4,0.4,0.4,0.4,8425
PTL,20160225,0.62,0.635,0.62,0.625,86375
PTM,20160225,6.3,6.37,6.03,6.17,1283872
PTX,20160225,0.087,0.089,0.086,0.086,21320
PVA,20160225,4,4,4,4,3000
PVD,20160225,0.027,0.027,0.027,0.027,99000
PWH,20160225,2.58,2.6,2.32,2.5,331250
PWN,20160225,0.044,0.049,0.044,0.049,552523
PXS,20160225,0.27,0.275,0.27,0.27,184070
PYM,20160225,0.004,0.004,0.004,0.004,9000000
QAN,20160225,4,4.01,3.87,3.9,10494798
QAU,20160225,12.99,12.99,12.84,12.98,31946
QBE,20160225,11.13,11.16,10.46,10.68,11918550
QBL,20160225,0.007,0.008,0.006,0.007,5656144
QHL,20160225,0.145,0.145,0.14,0.14,472806
QMS,20160225,1.232,1.265,1.22,1.25,177053
QOZ,20160225,10.49,10.49,10.49,10.49,2540
QRE,20160225,3.2,3.2,3.2,3.2,4800
QTG,20160225,0.005,0.005,0.005,0.005,107010
QTM,20160225,0.039,0.039,0.039,0.039,25000
QUB,20160225,2.25,2.26,2.16,2.21,5123275
QUR,20160225,0.052,0.053,0.05,0.052,639796
QVE,20160225,1,1.01,0.995,1,200435
RAD,20160225,0.035,0.037,0.035,0.037,792896
RAP,20160225,0.14,0.145,0.14,0.14,1325231
RBR,20160225,0.01,0.01,0.01,0.01,127458
RCB,20160225,20.28,20.36,20.28,20.36,34327
RCG,20160225,1.61,1.63,1.495,1.52,5525600
RCR,20160225,1.17,1.185,1.15,1.17,1505847
RDF,20160225,0.265,0.265,0.265,0.265,2000
RDM,20160225,0.037,0.037,0.036,0.036,121436
RDV,20160225,25.65,25.65,25.5,25.63,10177
REA,20160225,50.4,51.29,50.19,50.96,392151
REC,20160225,7,7.06,6.9,6.96,553637
RED,20160225,0.084,0.084,0.08,0.081,640422
REF,20160225,0.125,0.125,0.11,0.11,484123
REG,20160225,5.55,5.58,5.39,5.42,567223
REH,20160225,32.6,33,32,32.03,4954
RER,20160225,0.012,0.012,0.012,0.012,82087
RES,20160225,0.035,0.035,0.033,0.034,88241
REV,20160225,0.11,0.11,0.1,0.1,117258
REX,20160225,0.83,0.845,0.83,0.83,57768
RFF,20160225,1.315,1.35,1.315,1.35,108093
RFG,20160225,4.49,4.52,4.22,4.29,1510688
RFL,20160225,0.125,0.125,0.125,0.125,50000
RFN,20160225,0.43,0.45,0.43,0.43,68301
RFT,20160225,0.007,0.007,0.007,0.007,1625254
RFX,20160225,0.325,0.33,0.3,0.33,1668236
RGS,20160225,0.083,0.083,0.079,0.079,147567
RHC,20160225,64.05,65.04,62.55,63,1274126
RHL,20160225,3.36,3.36,3.35,3.36,19756
RHP,20160225,1.195,1.202,1.18,1.18,30591
RHT,20160225,0.021,0.021,0.021,0.021,24000
RIC,20160225,1.425,1.445,1.405,1.42,483841
RIM,20160225,0.015,0.015,0.015,0.015,100000
RIO,20160225,41.54,41.82,40.85,41.32,3436363
RKN,20160225,1.52,1.53,1.42,1.465,167987
RLE,20160225,0.09,0.09,0.09,0.09,33333
RMD,20160225,8.06,8.095,7.99,8,4165772
RMP,20160225,0.02,0.02,0.02,0.02,55000
RMR,20160225,0.002,0.002,0.001,0.001,1741036
RMS,20160225,0.41,0.415,0.405,0.405,2203424
RNI,20160225,0.014,0.014,0.013,0.013,662668
RNL,20160225,0.02,0.021,0.02,0.021,3560000
RNO,20160225,0.026,0.026,0.025,0.025,439897
RNS,20160225,0.033,0.033,0.033,0.033,105310
RNT,20160225,0.185,0.22,0.185,0.215,254110
RNU,20160225,0.022,0.025,0.021,0.024,4087140
RNY,20160225,0.235,0.24,0.235,0.235,109000
RRL,20160225,2.59,2.61,2.54,2.58,2654143
RSG,20160225,0.49,0.535,0.485,0.525,5621034
RSH,20160225,0.035,0.035,0.034,0.034,9577
RSM,20160225,20.92,20.92,20.92,20.92,1377
RTR,20160225,0.012,0.012,0.011,0.011,991599
RUB,20160225,0.04,0.04,0.04,0.04,95000
RUL,20160225,0.4,0.4,0.4,0.4,200000
RUM,20160225,0.042,0.045,0.042,0.045,100000
RVL,20160225,24.3,24.58,24.3,24.58,620
RVR,20160225,0.1,0.105,0.1,0.1,374157
RVY,20160225,0.025,0.025,0.024,0.024,84113
RWD,20160225,0.47,0.47,0.465,0.47,18000
RWH,20160225,1.09,1.1,1.07,1.07,284110
RXH,20160225,0.13,0.13,0.12,0.12,74500
RXL,20160225,0.011,0.012,0.011,0.012,160272
RXM,20160225,0.055,0.057,0.055,0.057,244713
RXP,20160225,0.62,0.64,0.62,0.62,190351
RYG,20160225,0.027,0.028,0.026,0.027,5747570
S2R,20160225,0.13,0.145,0.13,0.14,308801
S32,20160225,1.155,1.21,1.085,1.17,37789183
SAI,20160225,4.03,4.06,3.83,3.85,2370412
SAM,20160225,0.065,0.065,0.065,0.065,2966
SAR,20160225,1.04,1.047,0.975,1.03,4751988
SAU,20160225,0.295,0.315,0.29,0.3,70479
SBB,20160225,0.027,0.03,0.027,0.03,765000
SBM,20160225,1.825,1.88,1.805,1.855,3063924
SCG,20160225,4.46,4.475,4.41,4.44,21709800
SCI,20160225,0.017,0.017,0.017,0.017,30000
SCP,20160225,2.25,2.28,2.245,2.27,2555770
SDA,20160225,4.59,4.6,4.37,4.5,214445
SDF,20160225,1.64,1.65,1.585,1.615,5965693
SDG,20160225,1.54,1.555,1.51,1.545,139287
SDI,20160225,0.575,0.575,0.53,0.53,267314
SDL,20160225,0.005,0.005,0.004,0.004,7821854
SDM,20160225,0.95,0.95,0.945,0.945,192453
SEA,20160225,0.079,0.079,0.075,0.076,2454428
SEG,20160225,0.001,0.001,0.001,0.001,3333334
SEH,20160225,0.049,0.053,0.049,0.05,3175956
SEK,20160225,14.1,14.75,13.94,14.38,4789436
SEN,20160225,0.11,0.11,0.105,0.105,915754
SER,20160225,0.02,0.02,0.02,0.02,450000
SFC,20160225,5.24,5.24,5.24,5.24,2300
SFG,20160225,0.077,0.08,0.076,0.076,375748
SFH,20160225,0.61,0.615,0.59,0.605,260371
SFI,20160225,0.044,0.048,0.044,0.048,862860
SFL,20160225,0.28,0.28,0.265,0.265,35000
SFR,20160225,6,6,5.81,5.95,1058102
SFY,20160225,46.42,46.73,46.21,46.68,9354
SGC,20160225,0.033,0.033,0.033,0.033,159000
SGF,20160225,3.73,3.75,3.3,3.49,871319
SGM,20160225,6.86,6.87,6.69,6.77,1110851
SGN,20160225,0.96,0.96,0.905,0.915,900679
SGP,20160225,4.28,4.28,4.195,4.23,11155576
SGQ,20160225,0.096,0.1,0.096,0.1,216511
SGR,20160225,5.28,5.28,5.18,5.21,1890744
SHJ,20160225,0.7,0.73,0.68,0.69,1336975
SHK,20160225,0.003,0.003,0.003,0.003,35000
SHL,20160225,18.03,18.33,18,18.1,1086980
SHM,20160225,0.95,0.95,0.92,0.94,2953263
SHV,20160225,5.51,5.6,4.78,4.83,2908393
SIO,20160225,0.375,0.375,0.355,0.355,76650
SIP,20160225,0.82,0.845,0.82,0.82,1718353
SIQ,20160225,4.55,4.64,4.27,4.32,310973
SIT,20160225,0.25,0.25,0.25,0.25,69940
SIV,20160225,9.5,9.6,9.42,9.5,64000
SKC,20160225,4.19,4.19,4.13,4.17,466704
SKF,20160225,0.14,0.14,0.12,0.12,121239
SKI,20160225,1.995,2.05,1.98,2.03,7964512
SKT,20160225,4.25,4.3,4.195,4.23,158683
SLC,20160225,2.1,2.1,1.95,2.02,131964
SLF,20160225,12.38,12.45,12.34,12.45,96815
SLK,20160225,3.97,4,3.86,3.86,72942
SLR,20160225,0.33,0.33,0.31,0.32,4183206
SLX,20160225,0.34,0.34,0.33,0.33,248173
SMA,20160225,0.045,0.045,0.044,0.044,1463407
SMN,20160225,1.425,1.44,1.385,1.4,131084
SMP,20160225,0.105,0.105,0.1,0.1,300000
SMX,20160225,2.02,2.05,1.98,1.985,123270
SNL,20160225,2.11,2.11,2.11,2.11,1500
SNV,20160225,0.001,0.001,0.001,0.001,16875
SNY,20160225,0.05,0.05,0.05,0.05,200000
SO4,20160225,0.31,0.33,0.31,0.33,392421
SOC,20160225,0.003,0.003,0.003,0.003,850077
SOI,20160225,0.03,0.03,0.028,0.028,22988
SOL,20160225,15.91,15.91,15.62,15.64,30266
SOM,20160225,2.62,2.65,2.62,2.65,5146
SOR,20160225,0.135,0.135,0.135,0.135,112660
SPI,20160225,0.006,0.006,0.005,0.005,970685
SPK,20160225,3.18,3.24,3.175,3.21,1014279
SPL,20160225,0.6,0.6,0.57,0.575,350699
SPO,20160225,1.22,1.22,1.2,1.205,3441514
SPY,20160225,270.1,270.1,270.1,270.1,18
SPZ,20160225,0.27,0.27,0.27,0.27,137598
SRF,20160225,1.79,1.79,0.99,1.14,7052522
SRI,20160225,0.026,0.026,0.024,0.024,1418517
SRK,20160225,0.046,0.046,0.046,0.046,19900
SRO,20160225,0.03,0.03,0.025,0.025,3775094
SRS,20160225,0.034,0.034,0.033,0.033,175435
SRT,20160225,0.019,0.02,0.019,0.02,4441135
SRV,20160225,6.9,7.04,6.89,6.99,48766
SRX,20160225,33.77,34.48,31,32.13,1027018
SRZ,20160225,0.016,0.018,0.016,0.018,135000
SSM,20160225,0.59,0.595,0.565,0.565,421971
SSO,20160225,10.96,10.96,10.96,10.96,567
STA,20160225,0.008,0.009,0.008,0.008,1873118
STO,20160225,3.16,3.21,3.12,3.19,15405919
STS,20160225,0.72,0.72,0.72,0.72,120000
STW,20160225,46.08,46.17,45.5,45.83,78133
STX,20160225,0.105,0.11,0.105,0.11,94500
SUD,20160225,0.028,0.028,0.028,0.028,60000
SUL,20160225,10.24,10.24,9.96,10.05,1234947
SUM,20160225,0.069,0.073,0.067,0.073,1020000
SUN,20160225,11.41,11.48,11.18,11.2,4931706
SVW,20160225,5.67,5.67,5.52,5.62,492057
SWJ,20160225,0.012,0.012,0.012,0.012,500000
SWL,20160225,0.81,0.81,0.79,0.79,61280
SWM,20160225,0.94,0.95,0.93,0.945,7526186
SWR,20160225,0.035,0.035,0.035,0.035,12500
SXE,20160225,0.37,0.37,0.36,0.36,222085
SXL,20160225,1.155,1.165,1.125,1.13,2850957
SXX,20160225,0.003,0.003,0.003,0.003,600000
SXY,20160225,0.16,0.165,0.155,0.16,2761533
SYA,20160225,0.015,0.015,0.015,0.015,293651
SYD,20160225,6.47,6.51,6.4,6.44,3859094
SYI,20160225,24.38,24.46,24.21,24.46,13640
SYR,20160225,3.96,4.05,3.94,3.97,1077558
TAH,20160225,4.37,4.39,4.27,4.32,4396394
TAM,20160225,0.045,0.045,0.044,0.045,714493
TAP,20160225,0.091,0.091,0.088,0.09,467428
TAR,20160225,0.064,0.064,0.064,0.064,12800
TAS,20160225,0.049,0.049,0.049,0.049,39875
TCH,20160225,2.5,2.58,2.5,2.55,163928
TCL,20160225,11.3,11.35,11.21,11.32,3647790
TCN,20160225,0.083,0.085,0.083,0.085,103883
TDO,20160225,0.024,0.024,0.024,0.024,27000
TEN,20160225,1.025,1.082,1.007,1.02,509233
TER,20160225,0.007,0.007,0.007,0.007,11200
TFC,20160225,1.37,1.38,1.33,1.335,535527
TFG,20160225,0.34,0.34,0.34,0.34,49760
TFL,20160225,0.295,0.31,0.295,0.31,193903
TGA,20160225,1.73,1.73,1.705,1.71,323260
TGG,20160225,1.075,1.08,1.065,1.065,53577
TGN,20160225,0.04,0.04,0.04,0.04,100000
TGP,20160225,0.95,0.95,0.94,0.94,35762
TGR,20160225,4.02,4.07,3.94,3.97,902951
TGS,20160225,0.045,0.046,0.045,0.045,829725
TGZ,20160225,0.575,0.59,0.555,0.59,75311
TIS,20160225,0.04,0.04,0.04,0.04,150000
TIX,20160225,2.45,2.45,2.41,2.41,563060
TKL,20160225,0.018,0.018,0.018,0.018,30000
TLG,20160225,0.3,0.3,0.295,0.295,182588
TLM,20160225,0.435,0.44,0.435,0.435,72134
TLS,20160225,5.23,5.26,5.17,5.21,31684320
TME,20160225,4.02,4.03,3.99,4.02,694135
TMP,20160225,0.665,0.67,0.65,0.65,124434
TND,20160225,0.055,0.057,0.052,0.052,1164101
TNE,20160225,4.62,4.69,4.55,4.56,886014
TNG,20160225,0.16,0.16,0.15,0.15,659720
TNK,20160225,1.05,1.05,1.04,1.04,70760
TNR,20160225,0.24,0.24,0.23,0.235,56097
TNT,20160225,0.22,0.22,0.21,0.21,253256
TOE,20160225,0.062,0.062,0.059,0.059,1061320
TOF,20160225,1.98,1.99,1.975,1.98,58460
TOM,20160225,0.1,0.1,0.1,0.1,210000
TON,20160225,0.053,0.055,0.052,0.054,4269495
TOP,20160225,0.55,0.55,0.535,0.54,88849
TOU,20160225,0.07,0.07,0.07,0.07,112000
TOX,20160225,2.47,2.51,2.37,2.45,322368
TPD,20160225,0.009,0.009,0.009,0.009,267885
TPE,20160225,3.4,3.4,3.39,3.39,5470
TPM,20160225,10.24,10.31,10.08,10.1,1058043
TPP,20160225,0.145,0.145,0.135,0.145,527000
TPS,20160225,0.033,0.033,0.033,0.033,600000
TPW,20160225,0.35,0.35,0.19,0.205,23318183
TRL,20160225,0.087,0.1,0.087,0.096,1783357
TRS,20160225,14.22,14.23,13.61,13.78,106082
TRY,20160225,0.435,0.435,0.415,0.425,2867399
TSM,20160225,0.49,0.5,0.455,0.455,287173
TSN,20160225,0.023,0.023,0.022,0.023,1872000
TSV,20160225,0.025,0.026,0.025,0.025,564439
TTC,20160225,0.56,0.6,0.56,0.595,24400
TTE,20160225,0.014,0.014,0.014,0.014,112742
TTI,20160225,0.023,0.023,0.023,0.023,782894
TTS,20160225,4.09,4.09,3.99,4.05,4724338
TTW,20160225,0.024,0.024,0.024,0.024,286104
TV2,20160225,0.018,0.02,0.018,0.019,27499410
TWD,20160225,3.05,3.05,3.02,3.02,3423
TWE,20160225,9.49,9.605,9.39,9.43,4569932
TWH,20160225,0.006,0.006,0.006,0.006,1137815
TWR,20160225,1.5,1.5,1.495,1.5,1017
TYK,20160225,0.008,0.008,0.008,0.008,1550000
TZL,20160225,0.062,0.062,0.06,0.061,215000
UBA,20160225,16.16,16.16,16.16,16.16,17
UBE,20160225,18.01,18.01,17.96,17.96,7200
UBI,20160225,0.365,0.375,0.365,0.375,136679
UBJ,20160225,18.79,18.79,18.79,18.79,600
UBN,20160225,0.61,0.61,0.6,0.6,344799
UBW,20160225,19.42,19.42,19.42,19.42,1000
UGL,20160225,2.8,2.87,2.78,2.83,1395836
UIL,20160225,0.04,0.04,0.039,0.039,178000
UML,20160225,0.029,0.029,0.028,0.028,1179305
UNS,20160225,0.205,0.215,0.205,0.205,1710969
UNV,20160225,0.2,0.2,0.195,0.2,304237
UPD,20160225,0.23,0.23,0.22,0.22,310000
URF,20160225,2.14,2.14,2.14,2.14,74767
URI,20160225,0.34,0.34,0.34,0.34,54
USD,20160225,13.6,13.65,13.59,13.64,138500
VAF,20160225,50.08,50.21,50.04,50.15,24068
VAH,20160225,0.465,0.47,0.45,0.45,370788
VAN,20160225,0.019,0.019,0.018,0.018,421247
VAP,20160225,77.37,78.12,77.34,77.85,10423
VAS,20160225,62.34,62.73,61.8,62.3,31259
VBS,20160225,1.515,1.515,1.515,1.515,1000
VCF,20160225,51.08,51.08,51.08,51.08,2937
VCX,20160225,3.09,3.15,3.075,3.14,21465662
VEQ,20160225,45.5,45.69,45.5,45.69,306
VEU,20160225,55.8,56.1,55.5,55.69,19969
VGB,20160225,49.8,49.8,49.71,49.74,1840
VGE,20160225,48.38,48.42,48.04,48.04,1507
VGS,20160225,53.91,54.39,53.85,54.2,12695
VHY,20160225,52.65,52.65,51.74,52.17,16892
VIC,20160225,0.009,0.009,0.009,0.009,2163951
VIF,20160225,52.37,52.39,52.35,52.35,6998
VIP,20160225,0.06,0.067,0.06,0.067,165960
VIT,20160225,2.11,2.125,1.745,1.85,2152317
VLA,20160225,0.66,0.66,0.65,0.66,23411
VLC,20160225,51.61,51.91,51.61,51.91,1229
VLW,20160225,2.05,2.1,2.05,2.05,159516
VMC,20160225,0.16,0.16,0.155,0.155,163925
VMS,20160225,0.021,0.022,0.021,0.022,259302
VMT,20160225,0.325,0.325,0.315,0.315,112751
VMX,20160225,0.13,0.13,0.13,0.13,26013
VMY,20160225,0.3,0.3,0.3,0.3,10000
VOC,20160225,7.28,7.31,6.99,7.01,4012227
VPC,20160225,0.057,0.057,0.051,0.054,1834033
VRL,20160225,6.86,6.87,5.86,5.93,729739
VRT,20160225,6.11,6.11,6,6.07,260779
VRX,20160225,0.019,0.02,0.017,0.02,330001
VSC,20160225,1.36,1.4,1.36,1.4,41466
VSO,20160225,42.09,42.34,41.99,42.02,2491
VTG,20160225,2.67,2.67,2.54,2.6,640581
VTS,20160225,136.72,137.45,136.6,137.12,7809
WAA,20160225,1.1,1.14,1.08,1.08,35647
WAF,20160225,0.058,0.062,0.057,0.062,759505
WAM,20160225,2.18,2.2,2.18,2.2,349796
WAX,20160225,1.385,1.385,1.36,1.36,145628
WBA,20160225,1.15,1.15,1.14,1.14,140309
WBC,20160225,28.5,28.78,27.83,28.63,9123084
WCN,20160225,0.008,0.008,0.007,0.008,10527574
WCP,20160225,0.018,0.018,0.018,0.018,135555
WDE,20160225,0.8,0.8,0.8,0.8,57805
WEB,20160225,6.07,6.09,6,6.02,245554
WEC,20160225,0.084,0.084,0.08,0.081,115206
WES,20160225,41.4,41.5,39.79,40.38,6292868
WFD,20160225,9.85,9.95,9.77,9.84,5993678
WFE,20160225,0.002,0.002,0.002,0.002,160000
WGO,20160225,0.012,0.012,0.012,0.012,44587
WHC,20160225,0.535,0.57,0.525,0.55,12614204
WHF,20160225,4.12,4.12,4.09,4.09,22715
WHN,20160225,0.001,0.001,0.001,0.001,49591622
WIC,20160225,0.735,0.735,0.725,0.725,38900
WIG,20160225,1,1,0.95,0.95,68882
WKT,20160225,0.003,0.004,0.003,0.004,1408761
WLD,20160225,1.13,1.13,1.05,1.08,290051
WMC,20160225,0.35,0.38,0.345,0.36,32803
WMK,20160225,1.03,1.035,1.03,1.035,237520
WMN,20160225,0.135,0.135,0.135,0.135,13235
WNR,20160225,0.22,0.22,0.195,0.195,335999
WOR,20160225,3.83,4.2,3.83,3.99,3204246
WOW,20160225,22.4,22.41,21.72,21.89,6843003
WPG,20160225,0.058,0.068,0.057,0.067,3783681
WPI,20160225,0.021,0.021,0.02,0.02,711188
WPL,20160225,27.28,27.37,26.42,26.78,3873850
WRM,20160225,0.01,0.01,0.01,0.01,500000
WSA,20160225,2.12,2.15,2.03,2.11,1952539
WTP,20160225,0.965,0.985,0.96,0.985,109522
WTR,20160225,0.07,0.074,0.07,0.074,632021
WWI,20160225,0.015,0.02,0.015,0.018,315564
XAM,20160225,0.093,0.093,0.093,0.093,1
XF1,20160225,0.5,0.52,0.49,0.495,427751
XIP,20160225,3.55,3.55,3.47,3.47,23400
XPD,20160225,0.155,0.155,0.155,0.155,100000
XRO,20160225,14.14,14.14,13.71,13.8,26979
XTD,20160225,0.305,0.31,0.3,0.305,286738
XTE,20160225,0.38,0.39,0.37,0.37,74741
XTV,20160225,0.008,0.008,0.008,0.008,1150000
YAL,20160225,0.086,0.086,0.086,0.086,11454
YBR,20160225,0.22,0.225,0.21,0.22,127197
YOW,20160225,0.69,0.72,0.67,0.71,739623
YPB,20160225,0.275,0.275,0.275,0.275,20000
ZER,20160225,0.13,0.13,0.13,0.13,2000
ZEU,20160225,0.014,0.014,0.014,0.014,100000
ZIM,20160225,3.25,3.25,3.25,3.25,8625
ZIP,20160225,0.42,0.44,0.415,0.44,73033
ZML,20160225,0.35,0.35,0.3,0.33,191295
ZNC,20160225,0.05,0.051,0.05,0.051,140000
ZNZ,20160225,5.77,5.77,5.74,5.74,4195
ZRL,20160225,0.014,0.014,0.014,0.014,35000
XAF,20160225,4831.1,4851.4,4787.1,4833.7,0
XAO,20160225,4943.3,4969.2,4914,4944.7,0
XAT,20160225,4824.9,4851,4793.3,4830.1,0
XDJ,20160225,1918.6,1932.7,1901.4,1912.9,0
XEC,20160225,1066.6,1073.2,1066.7,1069.3,0
XEJ,20160225,7384.9,7530.2,7384.9,7463.5,0
XFJ,20160225,5488.2,5518.2,5427.7,5497.9,0
XFL,20160225,4878.5,4900.2,4835.7,4883.1,0
XGD,20160225,3467.5,3544.2,3449.8,3530.3,0
XHJ,20160225,19121.4,19459.3,19121.4,19204.2,0
XIJ,20160225,696.8,717,696.8,704.3,0
XJO,20160225,4875,4902,4844.3,4881.2,0
XJR,20160225,2341.8,2357.9,2315.5,2350.2,0
XKO,20160225,4836.9,4862.2,4806.2,4840.9,0
XMD,20160225,4923.8,4979.1,4923.7,4949.8,0
XMJ,20160225,6895.5,6938.3,6823.3,6907.2,0
XMM,20160225,1926.6,1937.7,1893.4,1927.4,0
XNJ,20160225,4893.1,4962,4893.1,4946.1,0
XPJ,20160225,1328,1343.5,1328,1336,0
XSJ,20160225,8450.2,8478.3,8211.7,8274.6,0
XSO,20160225,2065.4,2080.9,2052.4,2053.2,0
XTJ,20160225,1883.2,1915,1883.2,1895.3,0
XTL,20160225,2821.2,2831.8,2787,2817.9,0
XTO,20160225,4038.3,4059.2,4008.8,4044.3,0
XUJ,20160225,7007.6,7007.6,6901.8,6959.5,0
XXJ,20160225,6093.6,6122,6005.6,6098.6,0
