1AG,20160411,0.11,0.11,0.1,0.1,129457
1PG,20160411,0.935,0.99,0.9,0.95,1989972
1ST,20160411,0.06,0.06,0.059,0.06,76668
3DM,20160411,0.063,0.063,0.062,0.063,361986
3PL,20160411,1.32,1.345,1.32,1.325,55710
4DS,20160411,0.023,0.024,0.023,0.024,2296625
88E,20160411,0.051,0.053,0.049,0.049,40770785
8CO,20160411,0.18,0.18,0.18,0.18,5000
8IH,20160411,0.88,0.88,0.85,0.85,111906
A2M,20160411,1.725,1.735,1.68,1.705,5170170
AAA,20160411,50.12,50.12,50.11,50.11,45776
AAC,20160411,1.275,1.3,1.245,1.25,847133
AAD,20160411,2.03,2.16,2.03,2.12,1905059
AAJ,20160411,0.008,0.009,0.008,0.009,200000
AAK,20160411,0.003,0.003,0.003,0.003,200000
AAP,20160411,0.042,0.042,0.042,0.042,336787
AAR,20160411,0.015,0.015,0.014,0.015,516667
AAX,20160411,0.23,0.23,0.22,0.22,27904
AB1,20160411,0.21,0.22,0.2,0.215,811125
ABA,20160411,5.2,5.2,5.15,5.2,5408
ABC,20160411,5.17,5.17,5.09,5.1,733646
ABP,20160411,3.01,3.01,2.98,2.99,355880
ABU,20160411,0.046,0.047,0.043,0.043,152278
ABY,20160411,0.195,0.195,0.195,0.195,7542
ACB,20160411,0.017,0.017,0.017,0.017,120000
ACG,20160411,0.175,0.18,0.17,0.18,5154
ACK,20160411,0.4,0.4,0.4,0.4,2800
ACL,20160411,0.014,0.014,0.013,0.013,237925
ACQ,20160411,0.8,0.805,0.8,0.8,77707
ACR,20160411,0.595,0.61,0.59,0.605,170472
ACU,20160411,0.047,0.047,0.045,0.045,87195
ACW,20160411,0.072,0.072,0.07,0.07,477751
ACX,20160411,6.46,6.51,6.38,6.51,973654
ADA,20160411,2.15,2.2,2.12,2.15,44108
ADH,20160411,2.47,2.47,2.415,2.42,44988
ADJ,20160411,0.094,0.094,0.089,0.089,784569
ADN,20160411,0.011,0.012,0.011,0.012,459890
ADO,20160411,0.052,0.053,0.05,0.05,1497811
ADR,20160411,0.51,0.515,0.49,0.515,20000
ADV,20160411,0.035,0.038,0.034,0.036,22449497
ADX,20160411,0.006,0.006,0.006,0.006,100000
ADY,20160411,0.011,0.011,0.011,0.011,20000
AEB,20160411,0.051,0.051,0.05,0.05,61503
AEE,20160411,0.015,0.015,0.015,0.015,15000
AEF,20160411,61.5,62.1,61.5,62.1,21183
AEG,20160411,1.15,1.2,1.15,1.2,185112
AEI,20160411,0.445,0.445,0.445,0.445,66800
AEV,20160411,0.185,0.19,0.18,0.19,269768
AFA,20160411,0.29,0.31,0.29,0.31,48457
AFG,20160411,0.98,1,0.97,0.98,51725
AFI,20160411,5.53,5.55,5.49,5.55,158507
AFR,20160411,0.044,0.045,0.044,0.044,285999
AGD,20160411,0.15,0.15,0.15,0.15,25000
AGF,20160411,0.785,0.8,0.78,0.8,202442
AGG,20160411,3.74,3.8,3.74,3.8,3873
AGI,20160411,2.37,2.37,2.32,2.34,156298
AGL,20160411,18.34,18.37,18.2,18.24,874061
AGO,20160411,0.022,0.022,0.021,0.021,3073708
AGR,20160411,0.09,0.09,0.09,0.09,6900
AGS,20160411,0.033,0.033,0.033,0.033,320000
AGX,20160411,0.01,0.011,0.01,0.011,100000
AGY,20160411,0.013,0.013,0.011,0.011,2573597
AHF,20160411,0.305,0.305,0.28,0.285,1822343
AHG,20160411,3.88,3.89,3.78,3.8,950665
AHL,20160411,0.36,0.36,0.35,0.36,77456
AHX,20160411,1.385,1.4,1.35,1.35,25838
AHY,20160411,1.86,1.87,1.84,1.85,856931
AHZ,20160411,0.475,0.485,0.455,0.455,203109
AIA,20160411,5.83,5.83,5.73,5.76,48669
AIK,20160411,0.105,0.105,0.105,0.105,206500
AIO,20160411,8.74,8.75,8.72,8.73,2476640
AIZ,20160411,2.7,2.75,2.7,2.73,14301
AJA,20160411,6.4,6.49,6.39,6.49,48293
AJC,20160411,0.003,0.003,0.003,0.003,400000
AJD,20160411,1.385,1.4,1.385,1.4,37144
AJL,20160411,0.215,0.215,0.215,0.215,4000
AJM,20160411,0.245,0.26,0.23,0.235,19888613
AJQ,20160411,0.073,0.075,0.071,0.075,101050
AJX,20160411,0.685,0.695,0.675,0.69,376372
AKG,20160411,0.2,0.2,0.2,0.2,10000
AKK,20160411,0.007,0.007,0.005,0.006,8374211
AKM,20160411,0.008,0.01,0.006,0.006,2585394
AKP,20160411,8.95,9,8.94,9,5686
ALA,20160411,0.12,0.125,0.12,0.125,454372
ALC,20160411,0.054,0.054,0.05,0.053,1266547
ALF,20160411,1.41,1.44,1.4,1.44,266693
ALI,20160411,1.76,1.8,1.76,1.8,73298
ALK,20160411,0.22,0.222,0.215,0.215,234584
ALL,20160411,9.75,9.77,9.68,9.72,1216305
ALQ,20160411,3.75,3.91,3.75,3.91,1149108
ALR,20160411,1.02,1.02,1.01,1.01,31050
ALT,20160411,0.003,0.003,0.003,0.003,319608
ALU,20160411,6.07,6.11,6.06,6.08,477575
ALY,20160411,0.014,0.014,0.014,0.014,600000
AMA,20160411,0.945,0.945,0.905,0.91,338509
AMB,20160411,0.215,0.22,0.215,0.215,81726
AMC,20160411,14.59,14.6,14.39,14.53,1702655
AMH,20160411,0.88,0.9,0.87,0.9,40467
AMI,20160411,0.066,0.066,0.063,0.063,187028
AMN,20160411,0.135,0.15,0.135,0.15,505000
AMP,20160411,5.5,5.5,5.41,5.44,5332296
ANB,20160411,0.02,0.02,0.018,0.018,311000
ANG,20160411,0.17,0.17,0.165,0.165,8500
ANN,20160411,17.37,17.44,17.23,17.36,316727
ANP,20160411,0.034,0.034,0.034,0.034,500
ANQ,20160411,0.002,0.002,0.002,0.002,500000
ANR,20160411,1.3,1.3,1.26,1.3,13853
ANW,20160411,0.005,0.005,0.004,0.004,1612000
ANZ,20160411,22.35,22.46,22.11,22.25,5543161
AOD,20160411,0.69,0.69,0.69,0.69,14700
AOG,20160411,3.3,3.3,3.26,3.3,1094932
AOH,20160411,0.093,0.093,0.09,0.093,557194
AOK,20160411,0.05,0.052,0.05,0.052,162651
AON,20160411,0.025,0.025,0.022,0.022,28000
AOP,20160411,0.09,0.091,0.085,0.085,282143
AOU,20160411,0.11,0.11,0.11,0.11,75000
AOW,20160411,0.185,0.19,0.185,0.185,276501
APA,20160411,8.72,8.72,8.6,8.62,914232
APD,20160411,0.395,0.405,0.395,0.4,270000
APE,20160411,9.56,9.61,9.34,9.35,87045
APG,20160411,0.004,0.004,0.004,0.004,2160000
API,20160411,1.89,1.905,1.86,1.875,506264
APN,20160411,0.57,0.575,0.555,0.56,1144526
APO,20160411,7,7,6.78,6.93,315365
APW,20160411,0.11,0.11,0.11,0.11,112768
APX,20160411,1.68,1.8,1.68,1.7,567679
APZ,20160411,1.135,1.18,1.135,1.15,92709
AQC,20160411,0.01,0.01,0.009,0.009,126531
AQD,20160411,0.015,0.015,0.014,0.015,205668
AQG,20160411,2.66,2.78,2.66,2.77,233845
AQI,20160411,0.1,0.1,0.096,0.096,250000
AQQ,20160411,0.024,0.024,0.023,0.024,801667
AQX,20160411,0.057,0.057,0.052,0.052,529500
AR1,20160411,0.015,0.015,0.014,0.014,500000
ARB,20160411,15.13,15.16,14.95,15.05,113974
ARD,20160411,0.04,0.04,0.035,0.039,2820175
ARE,20160411,0.017,0.02,0.016,0.018,19472130
ARF,20160411,1.935,1.96,1.88,1.925,660657
ARG,20160411,7.29,7.29,7.22,7.25,101760
ARM,20160411,0.037,0.037,0.037,0.037,120000
ARU,20160411,0.049,0.05,0.049,0.049,143677
ARV,20160411,0.001,0.001,0.001,0.001,500000
ASB,20160411,1.46,1.465,1.395,1.4,734403
ASL,20160411,0.43,0.45,0.42,0.435,509302
AST,20160411,1.465,1.48,1.46,1.46,2194590
ASX,20160411,41.49,41.51,40.9,41.25,319107
ASY,20160411,0.02,0.021,0.02,0.021,181086
ASZ,20160411,1.145,1.155,1.125,1.155,288022
ATA,20160411,0.033,0.033,0.031,0.031,11500
ATC,20160411,0.086,0.088,0.086,0.088,150439
ATP,20160411,0.034,0.035,0.034,0.035,53315
ATR,20160411,0.21,0.21,0.21,0.21,20000
ATU,20160411,0.48,0.5,0.48,0.5,61045
AUB,20160411,8.5,8.5,8.3,8.3,6820
AUC,20160411,0.05,0.05,0.048,0.05,360000
AUF,20160411,1.24,1.24,1.24,1.24,10129
AUI,20160411,6.88,6.89,6.85,6.87,20111
AUQ,20160411,0.017,0.017,0.017,0.017,679450
AUZ,20160411,0.024,0.025,0.021,0.021,20803722
AVB,20160411,0.072,0.072,0.068,0.07,882152
AVG,20160411,0.58,0.59,0.58,0.585,473085
AVH,20160411,0.14,0.145,0.13,0.135,1708038
AVJ,20160411,0.535,0.535,0.525,0.525,299796
AVL,20160411,0.014,0.016,0.014,0.015,10914162
AVN,20160411,2.05,2.05,2.035,2.04,67177
AVQ,20160411,0.19,0.19,0.14,0.155,4136792
AVX,20160411,0.025,0.025,0.025,0.025,1120
AWC,20160411,1.26,1.265,1.19,1.225,9523137
AWE,20160411,0.605,0.61,0.575,0.585,5111457
AWV,20160411,0.08,0.083,0.08,0.08,2354933
AWY,20160411,0.002,0.002,0.002,0.002,1750000
AXE,20160411,0.08,0.085,0.08,0.085,82500
AXP,20160411,1.07,1.13,1.07,1.13,45224
AXT,20160411,0.07,0.07,0.07,0.07,60000
AYA,20160411,0.155,0.16,0.15,0.16,215734
AYB,20160411,0.036,0.038,0.036,0.037,281143
AYC,20160411,0.032,0.032,0.032,0.032,62500
AYF,20160411,5.76,5.76,5.74,5.74,800
AYR,20160411,0.013,0.014,0.013,0.014,746676
AYS,20160411,1.85,1.89,1.845,1.88,191886
AZJ,20160411,3.87,3.87,3.81,3.85,3151217
AZM,20160411,0.038,0.041,0.038,0.041,561283
AZS,20160411,0.031,0.034,0.03,0.034,4176805
AZV,20160411,0.07,0.07,0.07,0.07,30500
AZY,20160411,0.021,0.021,0.019,0.02,3186088
BAF,20160411,1.01,1.015,1.005,1.015,198012
BAL,20160411,10.04,10.1,9.95,9.95,887548
BAP,20160411,4.68,4.7,4.61,4.64,789820
BAR,20160411,0.026,0.031,0.026,0.03,7185833
BBG,20160411,1.5,1.54,1.465,1.54,162724
BBL,20160411,0.4,0.4,0.4,0.4,2550
BBN,20160411,2.29,2.29,2.23,2.26,93602
BBX,20160411,0.026,0.03,0.026,0.028,400718
BCI,20160411,0.145,0.15,0.145,0.15,230497
BCT,20160411,0.028,0.028,0.026,0.027,396570
BDI,20160411,0.001,0.001,0.001,0.001,2964882
BDR,20160411,0.3,0.327,0.295,0.325,19361798
BEAR,20160411,18.48,18.54,18.45,18.49,12810
BEN,20160411,8.38,8.4,8.3,8.36,1038436
BFC,20160411,0.42,0.435,0.41,0.41,1654028
BFG,20160411,0.5,0.5,0.49,0.49,8923
BGA,20160411,5.98,5.99,5.7,5.72,247253
BGL,20160411,0.612,0.635,0.602,0.62,269324
BGS,20160411,0.245,0.245,0.2,0.215,2486280
BHP,20160411,16.39,16.57,16.25,16.55,6306573
BIG,20160411,0.16,0.16,0.155,0.155,376411
BIQ,20160411,0.72,0.72,0.72,0.72,2000
BIS,20160411,0.35,0.35,0.35,0.35,37200
BIT,20160411,0.06,0.062,0.06,0.062,257441
BKI,20160411,1.57,1.58,1.565,1.58,161551
BKL,20160411,200.5,201,175.98,176.96,278601
BKN,20160411,0.6,0.605,0.58,0.6,299329
BKT,20160411,0.048,0.048,0.044,0.044,234846
BKW,20160411,15.46,15.57,15.34,15.54,151770
BKY,20160411,0.49,0.5,0.48,0.48,114946
BLA,20160411,7.19,7.19,7.1,7.15,40802
BLD,20160411,6.33,6.35,6.295,6.32,1556688
BLG,20160411,0.18,0.18,0.16,0.165,431235
BLK,20160411,0.4,0.44,0.395,0.43,2181133
BLT,20160411,0.115,0.115,0.11,0.11,305962
BLX,20160411,2.02,2.05,2.01,2.04,25408
BLY,20160411,0.08,0.088,0.08,0.085,514571
BLZ,20160411,0.06,0.061,0.058,0.061,443727
BMH,20160411,0.2,0.2,0.2,0.2,20000
BML,20160411,0.002,0.002,0.002,0.002,473038
BMN,20160411,0.03,0.031,0.029,0.031,232119
BMP,20160411,0.2,0.205,0.2,0.205,19076
BNE,20160411,0.007,0.008,0.007,0.007,2802800
BNO,20160411,0.33,0.33,0.315,0.315,291806
BNR,20160411,0.055,0.057,0.055,0.057,142000
BOA,20160411,0.12,0.14,0.12,0.14,32605
BOC,20160411,0.22,0.22,0.22,0.22,1580
BOE,20160411,0.04,0.041,0.039,0.04,948553
BOL,20160411,0.066,0.066,0.066,0.066,10195
BOQ,20160411,11.01,11.03,10.78,10.87,2640818
BPA,20160411,5.25,5.25,5.25,5.25,620
BPF,20160411,0.425,0.425,0.415,0.42,111548
BPL,20160411,0.048,0.058,0.048,0.054,1973664
BPS,20160411,0.82,0.82,0.82,0.82,5941
BPT,20160411,0.645,0.65,0.63,0.64,2837392
BRB,20160411,0.25,0.26,0.25,0.25,59000
BRC,20160411,0.14,0.14,0.135,0.14,21371
BRD,20160411,0.002,0.003,0.002,0.003,1250000
BRG,20160411,7.51,7.54,7.38,7.46,39132
BRK,20160411,0.009,0.01,0.009,0.01,497764
BRL,20160411,0.014,0.014,0.014,0.014,315913
BRN,20160411,0.18,0.185,0.175,0.18,548889
BRS,20160411,1.24,1.24,1.22,1.225,714342
BRU,20160411,0.19,0.2,0.19,0.19,542556
BSA,20160411,0.215,0.24,0.215,0.24,1265999
BSE,20160411,0.061,0.061,0.058,0.059,171180
BSL,20160411,6.09,6.14,6.01,6.03,3250821
BSM,20160411,0.011,0.011,0.011,0.011,300000
BSN,20160411,0.004,0.005,0.004,0.005,1900000
BSR,20160411,0.012,0.012,0.012,0.012,579644
BTC,20160411,0.165,0.165,0.165,0.165,17000
BTI,20160411,1,1.01,1,1,92425
BTT,20160411,9.31,9.5,9.14,9.41,799528
BUD,20160411,0.12,0.16,0.12,0.155,24522636
BUL,20160411,0.023,0.023,0.022,0.022,20158
BUX,20160411,0.06,0.061,0.06,0.061,92350
BUY,20160411,0.01,0.01,0.01,0.01,45000
BWP,20160411,3.39,3.39,3.34,3.37,524085
BWR,20160411,1.39,1.39,1.39,1.39,700
BWX,20160411,4.68,5,4.68,4.88,535264
BXB,20160411,12.09,12.1,11.905,11.98,1319946
BYI,20160411,1.125,1.125,1.11,1.11,5098
BYR,20160411,0.025,0.026,0.025,0.026,756136
CAA,20160411,0.1,0.105,0.1,0.105,325875
CAB,20160411,3.18,3.19,3.08,3.11,278990
CAF,20160411,0.34,0.35,0.34,0.345,36807
CAJ,20160411,0.12,0.125,0.12,0.125,1283623
CAM,20160411,0.77,0.77,0.765,0.765,29518
CAP,20160411,0.048,0.05,0.048,0.048,103128
CAQ,20160411,0.14,0.14,0.14,0.14,10000
CAR,20160411,11.37,11.395,11.235,11.29,805146
CAS,20160411,0.105,0.11,0.105,0.11,338132
CAT,20160411,2.28,2.29,2.23,2.26,36112
CAV,20160411,0.01,0.013,0.01,0.012,8158359
CAY,20160411,0.065,0.065,0.065,0.065,180000
CBA,20160411,71,71.07,70.32,70.7,2349021
CBC,20160411,0.88,0.89,0.88,0.89,8400
CCJ,20160411,0.005,0.005,0.005,0.005,12500
CCL,20160411,8.47,8.48,8.36,8.45,1050191
CCP,20160411,9.87,9.92,9.75,9.86,108782
CCV,20160411,0.52,0.54,0.52,0.535,280009
CDA,20160411,0.82,0.885,0.82,0.845,59727
CDB,20160411,0.007,0.009,0.007,0.009,371849
CDC,20160411,0.255,0.35,0.255,0.35,3938467
CDD,20160411,1.06,1.06,1.005,1.035,86574
CDG,20160411,0.036,0.04,0.036,0.039,869312
CDM,20160411,1.395,1.415,1.385,1.415,274747
CDP,20160411,7.62,7.65,7.62,7.65,20431
CDV,20160411,0.145,0.15,0.145,0.15,319212
CDY,20160411,0.021,0.022,0.02,0.022,4651224
CEL,20160411,0.035,0.035,0.033,0.035,108000
CFE,20160411,0.021,0.022,0.02,0.021,3116317
CGC,20160411,2.86,2.92,2.85,2.89,334832
CGF,20160411,8.55,8.65,8.52,8.59,2574512
CGL,20160411,4.52,4.52,4.45,4.45,640
CGO,20160411,0.26,0.26,0.26,0.26,2872
CGW,20160411,0.535,0.55,0.535,0.55,66759
CHC,20160411,4.56,4.59,4.53,4.57,753007
CHF,20160411,0.011,0.011,0.011,0.011,554546
CHN,20160411,0.12,0.13,0.12,0.13,685777
CHP,20160411,0.004,0.004,0.004,0.004,973000
CHZ,20160411,0.034,0.034,0.034,0.034,12753
CIA,20160411,0.19,0.19,0.185,0.185,50001
CIE,20160411,0.925,0.955,0.925,0.955,36200
CII,20160411,1.89,1.89,1.89,1.89,3259
CIM,20160411,35.33,35.99,35.01,35.62,352023
CIN,20160411,31.25,31.34,31.25,31.34,4693
CIZ,20160411,0.023,0.024,0.022,0.024,2291043
CJC,20160411,0.006,0.006,0.006,0.006,4652
CKF,20160411,4.04,4.04,3.9,3.96,510338
CKL,20160411,0.7,0.705,0.7,0.705,46259
CL1,20160411,2.45,2.45,2.4,2.45,96879
CL8,20160411,0.02,0.02,0.019,0.019,989664
CLH,20160411,0.97,0.99,0.97,0.985,464618
CLQ,20160411,0.145,0.15,0.145,0.145,608315
CLV,20160411,0.42,0.42,0.41,0.41,68032
CLX,20160411,0.835,0.835,0.835,0.835,875
CLY,20160411,0.009,0.009,0.004,0.007,4790445
CM8,20160411,0.225,0.225,0.215,0.225,546727
CMA,20160411,2.09,2.1,2.09,2.09,53201
CMC,20160411,0.015,0.015,0.015,0.015,78494
CMI,20160411,1.13,1.13,1.13,1.13,10038
CMM,20160411,0.13,0.14,0.13,0.14,73808
CMP,20160411,0.4,0.4,0.39,0.39,9900
CMW,20160411,1.035,1.035,1.025,1.025,1764248
CND,20160411,0.18,0.18,0.18,0.18,2237
CNI,20160411,0.995,0.995,0.99,0.99,29693
CNJ,20160411,0.02,0.024,0.02,0.024,330000
CNQ,20160411,0.022,0.022,0.021,0.021,49456
CNU,20160411,3.635,3.68,3.62,3.64,28672
CNW,20160411,0.033,0.033,0.029,0.029,1747855
CNX,20160411,0.014,0.014,0.014,0.014,100000
COE,20160411,0.24,0.245,0.24,0.245,42590
COH,20160411,103.84,103.86,102.5,102.74,111019
COM,20160411,0.018,0.018,0.018,0.018,22746
COO,20160411,0.1,0.1,0.1,0.1,21720
CPU,20160411,9.49,9.54,9.45,9.54,1047253
CQC,20160411,0.007,0.007,0.007,0.007,80000
CQR,20160411,4.54,4.555,4.5,4.53,553191
CR8,20160411,0.028,0.028,0.027,0.027,285715
CSD,20160411,0.025,0.026,0.025,0.025,365397
CSE,20160411,0.25,0.27,0.25,0.27,47912
CSL,20160411,101.49,101.49,99.97,100.19,680556
CSR,20160411,3.2,3.24,3.17,3.23,982965
CSS,20160411,0.035,0.035,0.034,0.035,368857
CSV,20160411,1.285,1.317,1.255,1.27,386051
CTD,20160411,13.75,13.88,13.72,13.79,231417
CTM,20160411,0.005,0.006,0.005,0.006,761286
CTN,20160411,0.94,0.96,0.94,0.96,330950
CTO,20160411,0.017,0.017,0.015,0.016,2608358
CTP,20160411,0.085,0.085,0.08,0.081,1593210
CTX,20160411,34.74,34.8,34.14,34.4,1577157
CUE,20160411,0.062,0.062,0.062,0.062,35300
CUL,20160411,0.004,0.004,0.003,0.003,17950000
CUP,20160411,0.635,0.64,0.635,0.635,243309
CUV,20160411,4,4.07,4,4.07,13633
CV1,20160411,0.305,0.31,0.305,0.31,12239
CVE,20160411,0.007,0.007,0.007,0.007,75000
CVN,20160411,0.081,0.081,0.079,0.08,1110685
CVO,20160411,1.42,1.43,1.395,1.42,755038
CVT,20160411,0.34,0.36,0.34,0.34,1001695
CVV,20160411,0.09,0.09,0.09,0.09,62273
CVW,20160411,0.95,0.95,0.95,0.95,2500
CWC,20160411,0.7,0.715,0.7,0.71,121000
CWE,20160411,0.04,0.04,0.039,0.039,849574
CWN,20160411,12,12.05,11.36,11.44,1567911
CWP,20160411,4.45,4.45,4.25,4.28,21339
CWY,20160411,0.76,0.77,0.745,0.755,664949
CXM,20160411,0.071,0.071,0.069,0.07,460647
CXO,20160411,0.044,0.046,0.043,0.043,5978648
CXU,20160411,0.085,0.085,0.085,0.085,3620
CXX,20160411,0.26,0.26,0.26,0.26,80000
CYA,20160411,0.785,0.785,0.785,0.785,17000
CYB,20160411,3.92,3.98,3.92,3.97,1298882
CYC,20160411,0.59,0.59,0.59,0.59,13000
CYP,20160411,0.39,0.395,0.385,0.385,63900
CYY,20160411,0.02,0.02,0.02,0.02,1382
CZL,20160411,0.042,0.042,0.042,0.042,100000
CZN,20160411,0.004,0.007,0.004,0.006,10527638
CZZ,20160411,21.5,21.6,20,21.28,28449
D13,20160411,0.11,0.115,0.105,0.115,934923
DAU,20160411,0.025,0.025,0.025,0.025,40000
DCC,20160411,0.165,0.17,0.165,0.17,101559
DCG,20160411,0.675,0.72,0.66,0.71,478606
DCN,20160411,1.8,1.86,1.79,1.85,266507
DDD,20160411,0.003,0.003,0.003,0.003,7656190
DDR,20160411,1.56,1.56,1.51,1.51,42079
DDT,20160411,0.019,0.019,0.018,0.019,621549
DEG,20160411,0.002,0.002,0.002,0.002,295000
DFM,20160411,1.995,2.02,1.995,2.02,13698
DGR,20160411,0.03,0.03,0.029,0.029,1070999
DHR,20160411,0.004,0.004,0.004,0.004,2007500
DIG,20160411,0.25,0.25,0.25,0.25,5444
DIV,20160411,18.66,18.66,18.58,18.58,1026
DJW,20160411,4.04,4.09,4.01,4.02,81640
DKM,20160411,0.14,0.17,0.14,0.165,1008171
DKO,20160411,0.14,0.16,0.125,0.125,13158172
DLC,20160411,0.004,0.004,0.004,0.004,180000
DLX,20160411,6.12,6.12,6.01,6.03,740105
DMC,20160411,0.16,0.16,0.14,0.14,106000
DMP,20160411,56,56.46,55.37,56.44,311244
DNA,20160411,0.5,0.515,0.477,0.51,309329
DNK,20160411,0.215,0.22,0.215,0.22,5951
DOW,20160411,3.52,3.53,3.38,3.43,1597938
DRA,20160411,0.23,0.25,0.22,0.245,252082
DRG,20160411,0.025,0.028,0.024,0.025,172004
DRM,20160411,0.85,0.87,0.85,0.86,590412
DRX,20160411,0.015,0.015,0.014,0.014,133334
DSX,20160411,0.053,0.053,0.048,0.05,233160
DTI,20160411,0.34,0.34,0.33,0.34,46100
DTL,20160411,1.09,1.1,1.09,1.09,42827
DTX,20160411,0.39,0.39,0.37,0.37,14364
DUB,20160411,0.56,0.58,0.56,0.56,162189
DUE,20160411,2.24,2.25,2.235,2.24,7757741
DUI,20160411,3.17,3.17,3.14,3.14,39425
DVA,20160411,0.53,0.53,0.52,0.52,6180
DVI,20160411,0.024,0.024,0.024,0.024,440850
DVN,20160411,0.55,0.55,0.55,0.55,67940
DWS,20160411,1.165,1.165,1.12,1.16,37576
DXF,20160411,0.65,0.67,0.65,0.67,5000
DXS,20160411,7.91,7.92,7.83,7.9,2539348
DYE,20160411,0.24,0.25,0.24,0.25,47259
DYL,20160411,0.007,0.007,0.007,0.007,624920
E88,20160411,1.7,1.78,1.7,1.75,28688
EAI,20160411,0.82,0.82,0.8,0.8,29500
EAL,20160411,0.097,0.097,0.09,0.09,78000
EAR,20160411,0.135,0.135,0.135,0.135,17223
EAS,20160411,1.745,1.75,1.745,1.75,3119
ECG,20160411,0.27,0.27,0.245,0.245,37000
ECO,20160411,0.009,0.009,0.009,0.009,85785
ECX,20160411,3.03,3.04,2.9,2.95,188465
EDE,20160411,0.175,0.195,0.17,0.17,13099247
EEG,20160411,0.017,0.019,0.017,0.018,193968
EER,20160411,0.005,0.005,0.005,0.005,400000
EGG,20160411,1.15,1.2,1.15,1.195,41415
EGH,20160411,0.63,0.635,0.62,0.62,132959
EGI,20160411,0.94,0.95,0.94,0.95,28600
EGL,20160411,0.013,0.013,0.013,0.013,13333
EGN,20160411,0.085,0.09,0.085,0.09,6250
EGO,20160411,0.42,0.42,0.41,0.41,16805
EGS,20160411,0.2,0.2,0.185,0.195,1530200
EHE,20160411,5.53,5.56,5.46,5.49,455823
EHL,20160411,0.033,0.034,0.032,0.034,388622
ELD,20160411,3.86,3.91,3.8,3.82,102861
ELK,20160411,0.079,0.079,0.079,0.079,269060
ELX,20160411,0.83,0.85,0.83,0.83,150676
EMC,20160411,0.42,0.48,0.4,0.455,850418
EMF,20160411,1.76,1.76,1.76,1.76,10285
EMG,20160411,0.014,0.014,0.014,0.014,725000
EMH,20160411,0.25,0.27,0.235,0.25,2781537
EML,20160411,1.54,1.54,1.46,1.47,306954
EMU,20160411,0.06,0.06,0.06,0.06,52000
EMX,20160411,0.043,0.043,0.04,0.04,728480
ENA,20160411,0.16,0.16,0.155,0.155,60000
ENC,20160411,0.25,0.25,0.245,0.245,20000
ENN,20160411,1.87,1.95,1.87,1.95,16223
ENR,20160411,0.11,0.11,0.11,0.11,63549
ENU,20160411,0.085,0.085,0.08,0.08,8104
EOR,20160411,0.01,0.01,0.01,0.01,2200000
EOS,20160411,1.24,1.24,1.22,1.225,62660
EPD,20160411,0.345,0.38,0.345,0.35,734593
EPW,20160411,1.325,1.335,1.3,1.31,343822
EPX,20160411,1.88,1.88,1.88,1.88,40000
EQT,20160411,14.55,15.04,14.05,14.37,8298
EQX,20160411,0.285,0.285,0.285,0.285,94000
ERA,20160411,0.34,0.35,0.335,0.345,189774
ERJ,20160411,0.023,0.024,0.023,0.023,238044
ERL,20160411,0.015,0.015,0.015,0.015,100000
ERM,20160411,0.038,0.039,0.038,0.039,459042
ESI,20160411,0.014,0.014,0.013,0.013,6500465
ESM,20160411,0.023,0.023,0.023,0.023,13918
ESR,20160411,0.02,0.02,0.02,0.02,120000
ESV,20160411,0.105,0.105,0.105,0.105,102000
ETE,20160411,0.007,0.007,0.007,0.007,125000
EUM,20160411,0.04,0.04,0.028,0.029,148800
EVE,20160411,0.007,0.009,0.007,0.008,12693215
EVM,20160411,0.086,0.086,0.086,0.086,109000
EVN,20160411,1.69,1.735,1.685,1.725,10241327
EVT,20160411,15.19,15.28,15.06,15.24,24019
EWC,20160411,0.205,0.215,0.205,0.205,94769
EXC,20160411,0.024,0.025,0.023,0.024,2963000
EXG,20160411,0.1,0.11,0.1,0.1,436782
EXM,20160411,0.009,0.01,0.008,0.009,2914112
EXR,20160411,0.001,0.001,0.001,0.001,5076000
EXU,20160411,0.034,0.034,0.031,0.034,121715
EYM,20160411,0.003,0.003,0.003,0.003,593350
EZL,20160411,0.73,0.73,0.715,0.715,99438
FAN,20160411,1.955,1.955,1.935,1.94,150481
FAR,20160411,0.099,0.099,0.095,0.096,4586880
FBR,20160411,0.026,0.026,0.025,0.025,1039980
FBU,20160411,6.96,7.01,6.94,6.97,396184
FCN,20160411,0.016,0.016,0.016,0.016,181313
FET,20160411,2.35,2.35,2.3,2.31,111846
FFC,20160411,0.215,0.215,0.215,0.215,1000
FFG,20160411,0.055,0.055,0.055,0.055,84300
FFT,20160411,0.75,0.75,0.75,0.75,11091
FGG,20160411,1.09,1.09,1.08,1.085,41802
FGI,20160411,0.105,0.105,0.105,0.105,329989
FGR,20160411,0.06,0.062,0.058,0.06,1388225
FGX,20160411,1.12,1.13,1.12,1.13,266918
FID,20160411,1.99,1.99,1.98,1.98,12082
FLK,20160411,0.83,0.835,0.79,0.82,30399
FLN,20160411,1.35,1.51,1.34,1.51,389579
FLT,20160411,41.93,42.19,41.5,41.7,241048
FMG,20160411,2.7,2.855,2.695,2.85,14238832
FML,20160411,0.345,0.37,0.345,0.37,14807
FMS,20160411,0.014,0.014,0.013,0.014,5743687
FND,20160411,0.145,0.145,0.135,0.14,164525
FNP,20160411,3.6,3.69,3.52,3.55,45961
FNT,20160411,0.019,0.019,0.018,0.018,99007
FOD,20160411,0.26,0.26,0.25,0.25,409705
FPH,20160411,8.81,8.83,8.73,8.8,96973
FRE,20160411,0.001,0.001,0.001,0.001,250000
FRI,20160411,0.89,0.892,0.88,0.89,374171
FRM,20160411,1.64,1.665,1.64,1.66,40222
FRN,20160411,0.023,0.024,0.022,0.024,3573000
FSA,20160411,0.96,0.96,0.96,0.96,9279
FSF,20160411,5,5.16,5,5.03,41963
FSI,20160411,1.385,1.39,1.38,1.39,19392
FUN,20160411,0.018,0.018,0.016,0.017,2075842
FWD,20160411,1.5,1.52,1.4,1.495,79674
FXJ,20160411,0.78,0.79,0.775,0.78,2934158
FXL,20160411,2.54,2.57,2.51,2.51,495705
G8C,20160411,0.038,0.043,0.038,0.042,4682669
GAP,20160411,0.29,0.305,0.285,0.285,342418
GBE,20160411,0.021,0.021,0.02,0.02,741700
GBG,20160411,0.019,0.02,0.019,0.02,488137
GBP,20160411,0.03,0.03,0.03,0.03,200000
GBT,20160411,4.2,4.33,4.18,4.3,156506
GBX,20160411,0.004,0.004,0.004,0.004,11815046
GBZ,20160411,0.012,0.013,0.012,0.013,3062041
GC1,20160411,0.955,0.955,0.95,0.95,86000
GCR,20160411,0.03,0.03,0.026,0.026,195498
GCS,20160411,0.45,0.45,0.45,0.45,3029
GCY,20160411,0.39,0.44,0.39,0.44,2452736
GDF,20160411,0.94,0.94,0.925,0.925,137278
GDI,20160411,0.855,0.855,0.842,0.845,550287
GDX,20160411,28.52,28.92,28.52,28.84,19332
GDY,20160411,0.027,0.027,0.026,0.026,103865
GEG,20160411,1.11,1.14,1.1,1.1,23987
GEM,20160411,3.75,3.76,3.71,3.74,760959
GER,20160411,0.055,0.055,0.055,0.055,87258
GFY,20160411,1.08,1.08,1.05,1.05,58803
GGE,20160411,0.005,0.005,0.005,0.005,400000
GGG,20160411,0.03,0.03,0.028,0.029,1654338
GGX,20160411,0.003,0.003,0.003,0.003,10988
GHC,20160411,2.02,2.02,1.97,2,53389
GID,20160411,0.02,0.02,0.019,0.019,467235
GJT,20160411,2.41,2.44,2.41,2.42,46815
GLF,20160411,0.009,0.009,0.008,0.009,2548947
GLN,20160411,0.005,0.006,0.005,0.006,387365
GMA,20160411,2.45,2.455,2.38,2.39,1229904
GMD,20160411,0.017,0.019,0.017,0.019,3395470
GMF,20160411,2.24,2.25,2.23,2.24,128628
GMG,20160411,6.65,6.65,6.57,6.59,1769113
GMM,20160411,0.6,0.61,0.52,0.55,5203771
GMR,20160411,0.006,0.006,0.005,0.005,7088012
GNC,20160411,7.68,7.77,7.53,7.61,468818
GNE,20160411,1.87,1.87,1.82,1.825,89530
GNG,20160411,0.93,0.93,0.91,0.91,22000
GNX,20160411,0.115,0.115,0.115,0.115,60000
GOLD,20160411,156.9,158.16,156.9,157.59,5377
GOR,20160411,0.485,0.525,0.485,0.52,2242504
GOW,20160411,3.15,3.15,3.15,3.15,10979
GOZ,20160411,3.27,3.28,3.16,3.2,326928
GPH,20160411,0.09,0.094,0.09,0.094,888444
GPP,20160411,0.005,0.005,0.005,0.005,694693
GPR,20160411,0.038,0.038,0.037,0.037,16000
GPT,20160411,4.93,4.95,4.905,4.93,3303938
GRA,20160411,0.36,0.36,0.34,0.34,9500
GRB,20160411,0.059,0.059,0.058,0.058,315376
GRY,20160411,0.074,0.074,0.072,0.072,409081
GSS,20160411,0.57,0.57,0.55,0.55,41960
GTG,20160411,0.021,0.022,0.021,0.022,212881
GTK,20160411,2.17,2.17,2.14,2.16,819774
GTY,20160411,2.66,2.7,2.64,2.69,336978
GUD,20160411,7.01,7.11,6.97,7.1,180731
GVF,20160411,0.995,1.005,0.995,1,511800
GWA,20160411,2.2,2.22,2.17,2.22,588348
GXL,20160411,7.19,7.3,7.12,7.28,195619
GXY,20160411,0.345,0.37,0.335,0.345,32785668
HAO,20160411,0.15,0.165,0.15,0.165,80000
HAS,20160411,0.085,0.095,0.085,0.095,574131
HAV,20160411,0.395,0.4,0.385,0.385,127300
HCT,20160411,0.15,0.165,0.15,0.165,29000
HFA,20160411,2.24,2.28,2.21,2.25,571291
HFR,20160411,1.265,1.36,1.265,1.335,856189
HGG,20160411,4.63,4.68,4.61,4.61,1286626
HGO,20160411,0.042,0.046,0.042,0.045,739511
HHL,20160411,2.96,3.03,2.95,3,47807
HHM,20160411,0.015,0.015,0.015,0.015,38000
HHV,20160411,1.165,1.165,1.15,1.16,85542
HHY,20160411,0.094,0.094,0.093,0.094,69110
HIG,20160411,0.064,0.072,0.064,0.068,832599
HIL,20160411,0.19,0.19,0.14,0.145,2504370
HIT,20160411,0.31,0.31,0.31,0.31,18750
HLO,20160411,2.01,2.01,2.01,2.01,833
HLS,20160411,0.008,0.008,0.008,0.008,75000
HMX,20160411,0.05,0.054,0.045,0.054,117063
HNR,20160411,0.009,0.014,0.009,0.014,30500291
HOM,20160411,0.475,0.475,0.445,0.445,11000
HPI,20160411,2.79,2.79,2.67,2.67,108872
HPR,20160411,0.064,0.064,0.064,0.064,10000
HRL,20160411,0.145,0.145,0.135,0.135,131602
HRR,20160411,0.09,0.091,0.09,0.091,13062
HSN,20160411,3.72,3.75,3.67,3.67,125849
HSO,20160411,2.62,2.66,2.61,2.66,3584651
HTA,20160411,0.076,0.078,0.076,0.078,56097
HUB,20160411,3.75,3.92,3.75,3.92,34143
HUO,20160411,3.21,3.21,3.16,3.16,6275
HVN,20160411,4.34,4.35,4.31,4.31,1354122
HXG,20160411,0.077,0.078,0.075,0.078,150000
HZN,20160411,0.071,0.076,0.07,0.072,4723376
HZR,20160411,0.42,0.53,0.4,0.53,779987
IAA,20160411,60,60,55.76,56.22,5659
IAF,20160411,107.35,107.35,106.83,106.9,3265
IAG,20160411,5.42,5.45,5.35,5.37,4970707
IAU,20160411,0.12,0.13,0.12,0.125,55616
IBC,20160411,0.46,0.46,0.46,0.46,54346
IBG,20160411,0.036,0.036,0.034,0.034,792389
IBK,20160411,38.64,39.14,38.64,39.14,1196
ICG,20160411,0.005,0.005,0.005,0.005,1736996
ICN,20160411,0.031,0.032,0.031,0.031,30185
ICQ,20160411,0.9,0.9,0.89,0.9,286629
ICS,20160411,1.59,1.59,1.59,1.59,3500
ICU,20160411,0.15,0.15,0.13,0.13,84019
IDR,20160411,2.07,2.07,2.06,2.07,31394
IDT,20160411,0.27,0.285,0.27,0.285,1082900
IDX,20160411,1.36,1.36,1.33,1.33,395264
IEL,20160411,4.56,4.58,4.46,4.47,340898
IEM,20160411,44,44.44,44,44.39,8402
IEU,20160411,51.07,51.29,50.99,51.25,19986
IFL,20160411,8.11,8.24,8.11,8.2,506555
IFM,20160411,0.59,0.632,0.59,0.62,774618
IFN,20160411,0.7,0.71,0.69,0.7,1709152
IGB,20160411,104.42,104.71,104.42,104.71,44
IGL,20160411,2,2,1.99,1.995,35939
IGO,20160411,2.74,2.86,2.74,2.85,2070209
IHD,20160411,12.25,12.25,12.16,12.2,39036
IHK,20160411,25.65,25.95,25.6,25.95,1304
IIL,20160411,0.165,0.165,0.165,0.165,15843
IJH,20160411,188.9,188.98,188.11,188.78,165
IJP,20160411,15.01,15.01,14.81,14.9,32063
IJR,20160411,146.38,146.38,145.85,145.85,557
IKO,20160411,68,68.62,68,68.62,90
ILB,20160411,115.17,115.35,115.17,115.29,1411
ILC,20160411,20.58,20.58,20.31,20.37,7218
ILU,20160411,5.73,5.76,5.59,5.66,3638496
IMA,20160411,0.105,0.11,0.105,0.105,214090
IMC,20160411,0.35,0.36,0.34,0.36,18527
IMF,20160411,1.385,1.42,1.37,1.385,368595
IMU,20160411,0.009,0.01,0.009,0.01,482000
INA,20160411,2.7,2.77,2.69,2.69,42550
IND,20160411,0.011,0.012,0.011,0.012,512059
IOF,20160411,4.13,4.15,4.04,4.08,3293835
IOG,20160411,0.06,0.06,0.058,0.058,130000
IOO,20160411,94.69,94.81,94.47,94.6,13161
IOT,20160411,0.021,0.021,0.02,0.021,3365000
IOZ,20160411,20.67,20.68,20.55,20.65,60798
IPB,20160411,0.012,0.012,0.012,0.012,30000
IPD,20160411,0.79,0.795,0.765,0.77,522003
IPE,20160411,0.29,0.295,0.29,0.295,67979
IPH,20160411,6.7,6.75,6.64,6.69,677676
IPL,20160411,2.89,2.98,2.875,2.97,3860569
IPT,20160411,0.028,0.03,0.028,0.03,312788
IQE,20160411,0.355,0.355,0.355,0.355,145000
IRD,20160411,0.14,0.14,0.14,0.14,5105
IRE,20160411,11.39,11.44,11.23,11.43,219367
IRI,20160411,2.12,2.2,2.12,2.18,188613
IRL,20160411,0.003,0.003,0.003,0.003,1255547
IRM,20160411,0.013,0.014,0.013,0.014,898549
IRU,20160411,144.4,144.4,144.14,144.2,531
ISD,20160411,3.47,3.51,3.43,3.44,487966
ISO,20160411,3.89,3.89,3.86,3.87,12194
ISU,20160411,1.04,1.05,0.98,1.04,518458
ISX,20160411,0.23,0.23,0.22,0.225,335362
ITQ,20160411,4.56,4.85,4.56,4.8,15079
ITW,20160411,17.79,17.79,17.6,17.67,7120
IVC,20160411,11.98,12.05,11.86,11.92,128835
IVE,20160411,74.42,74.83,74.33,74.8,2672
IVO,20160411,0.036,0.036,0.033,0.034,2319240
IVR,20160411,0.022,0.025,0.022,0.025,2328395
IVV,20160411,272.47,272.47,271.15,271.91,14368
IVX,20160411,0.006,0.006,0.006,0.006,115032
IXI,20160411,129.5,129.5,128.99,129.47,603
IXJ,20160411,131.33,131.33,130.32,130.8,5233
IXP,20160411,81.61,81.61,81.61,81.61,491
IXR,20160411,0.005,0.005,0.004,0.004,3821236
IZZ,20160411,43.27,44.06,43.27,43.96,1932
JBH,20160411,22.6,22.71,22.16,22.21,383470
JCI,20160411,1.045,1.045,1.045,1.045,500
JHC,20160411,2.81,2.825,2.77,2.81,625845
JHL,20160411,0.2,0.205,0.2,0.205,230005
JHX,20160411,18.39,18.5,18.23,18.45,662503
JIN,20160411,1.31,1.42,1.3,1.42,52230
JKA,20160411,0.005,0.005,0.005,0.005,150000
JKL,20160411,0.24,0.24,0.24,0.24,137158
JPR,20160411,0.25,0.25,0.25,0.25,5334
JRL,20160411,0.17,0.17,0.17,0.17,1284
JRV,20160411,0.055,0.056,0.055,0.056,18450
KAM,20160411,0.415,0.415,0.41,0.41,30000
KAR,20160411,1.28,1.28,1.225,1.245,797756
KAS,20160411,0.027,0.027,0.024,0.024,59175
KBL,20160411,0.014,0.014,0.013,0.013,3293975
KBU,20160411,0.16,0.16,0.15,0.15,155903
KCN,20160411,0.34,0.35,0.335,0.35,1313644
KDL,20160411,0.1,0.1,0.1,0.1,42000
KDR,20160411,0.082,0.087,0.082,0.087,1735331
KFE,20160411,0.016,0.017,0.016,0.016,287646
KGD,20160411,0.03,0.032,0.03,0.032,299685
KGL,20160411,0.12,0.125,0.12,0.125,62352
KGM,20160411,0.027,0.027,0.027,0.027,30000
KII,20160411,2.27,2.27,2.27,2.27,11652
KIK,20160411,0.008,0.008,0.007,0.007,12902534
KLO,20160411,0.245,0.25,0.245,0.25,60000
KMD,20160411,1.5,1.54,1.5,1.54,274236
KNL,20160411,0.16,0.16,0.155,0.16,314947
KNM,20160411,0.014,0.016,0.014,0.015,2422214
KNO,20160411,0.26,0.27,0.26,0.27,7575
KOR,20160411,0.051,0.051,0.049,0.049,50499
KOV,20160411,2.2,2.25,2.2,2.25,9108
KRC,20160411,0.008,0.008,0.008,0.008,166666
KRM,20160411,0.215,0.22,0.215,0.22,324446
KSC,20160411,1.745,1.75,1.72,1.75,120676
KSL,20160411,0.9,0.92,0.9,0.92,32447
KSM,20160411,2.38,2.38,2.38,2.38,20473
KSN,20160411,0.016,0.019,0.016,0.016,748000
KTA,20160411,0.17,0.17,0.17,0.17,97052
LAA,20160411,0.26,0.26,0.24,0.25,460029
LAU,20160411,0.46,0.46,0.46,0.46,6749
LBT,20160411,0.14,0.14,0.14,0.14,35750
LCD,20160411,0.04,0.04,0.04,0.04,13868
LCK,20160411,0.365,0.365,0.33,0.35,137410
LCM,20160411,0.425,0.43,0.425,0.425,8507
LCR,20160411,0.003,0.003,0.003,0.003,68153
LCT,20160411,0.055,0.058,0.055,0.058,411332
LEP,20160411,4.17,4.2,4.06,4.08,68925
LER,20160411,0.13,0.14,0.125,0.14,14977
LGD,20160411,0.225,0.225,0.225,0.225,2000
LGO,20160411,0.008,0.008,0.008,0.008,91000
LGR,20160411,0.1,0.105,0.1,0.105,120000
LHB,20160411,0.14,0.145,0.14,0.145,55000
LHC,20160411,1.375,1.375,1.32,1.37,47484
LHM,20160411,0.05,0.05,0.05,0.05,9456
LIC,20160411,2.44,2.45,2.41,2.42,82653
LIO,20160411,0.045,0.045,0.045,0.045,50000
LIT,20160411,0.225,0.27,0.225,0.25,8503053
LKO,20160411,0.001,0.001,0.001,0.001,170000
LLC,20160411,13.27,13.29,12.96,13.04,1617665
LLO,20160411,0.36,0.36,0.36,0.36,2208
LMG,20160411,0.018,0.019,0.018,0.019,2181905
LNG,20160411,0.485,0.495,0.475,0.475,1533481
LNK,20160411,7.46,7.63,7.46,7.61,54359280
LNR,20160411,4.1,4.34,4.1,4.3,9019
LNY,20160411,0.003,0.003,0.003,0.003,2100000
LOM,20160411,0.36,0.36,0.33,0.345,1397355
LOV,20160411,2.16,2.25,2.13,2.2,26546
LPE,20160411,0.033,0.033,0.032,0.032,3920811
LSR,20160411,0.016,0.017,0.016,0.016,1647358
LTR,20160411,0.025,0.026,0.025,0.025,8243114
LTX,20160411,0.061,0.061,0.057,0.058,612680
LVT,20160411,0.28,0.285,0.27,0.275,100077
LWP,20160411,0.003,0.003,0.003,0.003,6563185
LYC,20160411,0.081,0.082,0.079,0.08,4063049
MAD,20160411,0.068,0.068,0.067,0.068,269426
MAH,20160411,0.115,0.12,0.115,0.115,91706
MAI,20160411,0.62,0.62,0.61,0.61,22326
MAQ,20160411,9.48,9.5,9.4,9.4,8295
MAR,20160411,0.004,0.006,0.004,0.006,7526379
MAT,20160411,0.125,0.125,0.125,0.125,29584
MAU,20160411,0.046,0.046,0.046,0.046,555
MBE,20160411,0.32,0.32,0.315,0.315,487320
MBO,20160411,0.012,0.012,0.012,0.012,83333
MCE,20160411,0.335,0.335,0.335,0.335,13423
MCP,20160411,0.87,0.87,0.82,0.85,20089
MCR,20160411,0.19,0.19,0.185,0.185,191578
MCT,20160411,0.059,0.059,0.054,0.054,2280889
MDC,20160411,0.225,0.225,0.205,0.205,7239
MDL,20160411,0.3,0.3,0.295,0.295,39617
MDR,20160411,0.03,0.031,0.03,0.03,899630
MEA,20160411,1.315,1.375,1.31,1.31,100734
MEB,20160411,0.225,0.235,0.205,0.215,423357
MEI,20160411,0.011,0.011,0.011,0.011,32080
MEL,20160411,0.055,0.055,0.055,0.055,10000
MEO,20160411,0.02,0.021,0.02,0.02,1443577
MEP,20160411,0.055,0.06,0.054,0.06,90700
MEU,20160411,0.018,0.018,0.018,0.018,23000
MEY,20160411,0.115,0.115,0.115,0.115,5313
MFF,20160411,1.88,1.88,1.85,1.855,260205
MFG,20160411,21.98,22.59,21.98,22.57,445120
MGC,20160411,2.22,2.22,2.1,2.19,840398
MGE,20160411,2.53,2.54,2.52,2.53,661885
MGL,20160411,0.022,0.022,0.022,0.022,19871
MGR,20160411,1.91,1.92,1.89,1.9,5691162
MGT,20160411,0.018,0.018,0.018,0.018,545000
MGV,20160411,0.026,0.026,0.026,0.026,168089
MGX,20160411,0.19,0.195,0.185,0.185,1310342
MHG,20160411,2.44,2.44,2.44,2.44,10330
MIG,20160411,0.75,0.755,0.735,0.755,14195
MIN,20160411,6.11,6.31,6.03,6.29,1105961
MIR,20160411,2.67,2.7,2.65,2.68,52120
MJP,20160411,0.49,0.49,0.46,0.46,50415
MKB,20160411,0.018,0.018,0.015,0.017,3014264
MKO,20160411,0.05,0.05,0.048,0.048,113750
MLB,20160411,2,2.01,1.99,2,134134
MLD,20160411,0.965,0.97,0.94,0.965,190901
MLM,20160411,0.029,0.03,0.029,0.03,874067
MLS,20160411,0.001,0.001,0.001,0.001,1440000
MLT,20160411,4.24,4.24,4.18,4.23,52126
MLX,20160411,0.94,0.945,0.92,0.92,1694222
MMI,20160411,0.064,0.065,0.064,0.065,73637
MMJ,20160411,0.26,0.262,0.25,0.255,565614
MML,20160411,0.79,0.815,0.765,0.8,1894095
MMR,20160411,0.03,0.03,0.03,0.03,39980
MMS,20160411,12.26,12.26,11.92,12.09,394506
MNB,20160411,0.005,0.005,0.005,0.005,406519
MNC,20160411,0.004,0.004,0.004,0.004,160000
MND,20160411,6.61,6.85,6.61,6.65,451155
MNE,20160411,0.022,0.022,0.022,0.022,100000
MNF,20160411,3.58,3.61,3.52,3.61,44621
MNM,20160411,0.014,0.014,0.012,0.012,547318
MNQ,20160411,0.008,0.013,0.008,0.013,3948396
MNS,20160411,0.38,0.41,0.38,0.41,1278262
MNY,20160411,1.04,1.05,1.025,1.04,119944
MOC,20160411,1.77,1.77,1.73,1.745,75152
MOD,20160411,0.026,0.027,0.022,0.024,16291241
MOQ,20160411,0.033,0.033,0.032,0.032,400000
MOX,20160411,0.016,0.016,0.015,0.016,2239188
MOY,20160411,0.13,0.14,0.122,0.135,9119557
MP1,20160411,1.89,1.95,1.88,1.89,161310
MPJ,20160411,0.009,0.011,0.008,0.008,284089295
MPL,20160411,2.93,2.945,2.9,2.93,6074852
MPP,20160411,1.54,1.54,1.54,1.54,128159
MQA,20160411,4.73,4.76,4.67,4.7,1144143
MQG,20160411,62.42,62.54,61.37,61.74,799616
MRC,20160411,0.13,0.13,0.13,0.13,10000
MRM,20160411,0.37,0.375,0.355,0.365,515387
MRP,20160411,0.105,0.11,0.1,0.1,182103
MRQ,20160411,0.051,0.051,0.051,0.051,100000
MRR,20160411,0.05,0.05,0.05,0.05,3000
MSB,20160411,2.5,2.53,2.46,2.49,283170
MSM,20160411,0.095,0.1,0.095,0.1,143527
MSP,20160411,0.029,0.029,0.029,0.029,2977
MSR,20160411,0.002,0.002,0.002,0.002,9500000
MTA,20160411,0.067,0.075,0.065,0.065,1490022
MTB,20160411,0.01,0.01,0.008,0.01,66725
MTH,20160411,0.009,0.009,0.007,0.007,16030328
MTL,20160411,0.065,0.07,0.064,0.07,124865
MTM,20160411,0.335,0.335,0.32,0.33,242955
MTR,20160411,4.35,4.38,4.3,4.36,346566
MTS,20160411,1.645,1.66,1.607,1.615,2079050
MUA,20160411,0.99,0.99,0.945,0.95,93035
MUM,20160411,0.005,0.006,0.005,0.006,3557040
MUS,20160411,0.065,0.065,0.065,0.065,26000
MVA,20160411,19.6,19.6,19.54,19.55,32689
MVB,20160411,22.04,22.04,22.03,22.03,5925
MVF,20160411,1.79,1.795,1.765,1.77,611507
MVP,20160411,5.78,5.8,5.45,5.62,86202
MVR,20160411,15.28,15.28,15.28,15.28,36
MVS,20160411,16.14,16.14,16.12,16.14,3227
MVT,20160411,0.14,0.14,0.135,0.14,93444
MVW,20160411,21.86,21.86,21.76,21.84,42655
MWR,20160411,0.9,0.9,0.9,0.9,298
MXC,20160411,0.032,0.032,0.031,0.031,3836916
MXI,20160411,0.48,0.48,0.475,0.475,55601
MXR,20160411,0.004,0.004,0.004,0.004,1420000
MYE,20160411,0.17,0.17,0.17,0.17,2000
MYO,20160411,3.11,3.18,3.11,3.17,598758
MYR,20160411,1.075,1.08,1.055,1.07,5023632
MYS,20160411,4.34,4.34,4.26,4.26,76779
MYT,20160411,2.62,2.62,2.58,2.58,3382
MYX,20160411,1.48,1.48,1.435,1.435,1770728
MZI,20160411,0.31,0.31,0.295,0.295,79778
MZM,20160411,0.17,0.19,0.17,0.18,12072
MZN,20160411,0.01,0.012,0.01,0.011,5202845
N1H,20160411,0.205,0.205,0.195,0.2,220000
NAB,20160411,25,25.12,24.88,24.93,5848308
NAC,20160411,0.985,1.02,0.985,1.02,96145
NAG,20160411,0.11,0.11,0.105,0.105,284254
NAM,20160411,0.34,0.34,0.34,0.34,5000
NAN,20160411,2.18,2.22,2.16,2.22,1174012
NAV,20160411,0.01,0.011,0.01,0.011,193329
NCK,20160411,4.18,4.2,4.15,4.16,194460
NCL,20160411,0.12,0.12,0.12,0.12,20000
NCM,20160411,17.74,18.18,17.67,18.13,4403311
NDO,20160411,0.18,0.18,0.18,0.18,3200
NDQ,20160411,10.31,10.32,10.27,10.27,25013
NEA,20160411,0.35,0.365,0.35,0.365,266628
NEC,20160411,1.105,1.115,1.055,1.1,8957380
NEN,20160411,0.255,0.255,0.23,0.23,18700
NEU,20160411,0.115,0.12,0.11,0.115,1898880
NGE,20160411,0.025,0.025,0.024,0.024,232378
NGY,20160411,0.029,0.029,0.029,0.029,61250
NHC,20160411,1.31,1.325,1.305,1.32,27650
NHF,20160411,3.84,3.84,3.74,3.81,197076
NHH,20160411,1.875,1.875,1.875,1.875,531
NIO,20160411,0.006,0.006,0.006,0.006,1200000
NKP,20160411,0.048,0.048,0.048,0.048,15495
NMT,20160411,0.4,0.42,0.395,0.42,1982323
NOR,20160411,0.05,0.05,0.045,0.046,6847612
NPX,20160411,4.73,4.9,4.63,4.73,6383
NRT,20160411,0.12,0.12,0.12,0.12,140714
NSE,20160411,0.008,0.008,0.008,0.008,282742
NSL,20160411,0.009,0.009,0.009,0.009,210029
NSR,20160411,1.57,1.59,1.57,1.59,304486
NST,20160411,3.71,3.8,3.7,3.8,5899315
NTC,20160411,3.25,3.4,3.22,3.36,961028
NTU,20160411,0.065,0.065,0.065,0.065,200929
NUF,20160411,6.75,6.85,6.74,6.81,505682
NUH,20160411,0.038,0.039,0.037,0.037,934368
NVL,20160411,1.405,1.405,1.4,1.4,25120
NVT,20160411,4.92,4.97,4.91,4.92,360801
NWE,20160411,0.004,0.004,0.004,0.004,700000
NWH,20160411,0.185,0.185,0.155,0.165,2625677
NWS,20160411,16.92,16.92,16.79,16.81,70137
NXM,20160411,0.115,0.12,0.115,0.12,30000
NXT,20160411,2.8,2.8,2.78,2.8,488836
NYO,20160411,0.002,0.002,0.001,0.001,2417000
NZO,20160411,0.425,0.425,0.425,0.425,3500
OBJ,20160411,0.08,0.08,0.079,0.08,1092970
OBL,20160411,0.001,0.001,0.001,0.001,10001626
OCC,20160411,0.4,0.415,0.4,0.41,128470
OCP,20160411,1.4,1.42,1.4,1.42,11430
ODN,20160411,0.013,0.015,0.013,0.014,10256872
ODY,20160411,0.06,0.06,0.06,0.06,142
OEC,20160411,0.61,0.63,0.6,0.61,462180
OEL,20160411,0.03,0.03,0.03,0.03,169470
OEX,20160411,0.015,0.015,0.014,0.014,2192751
OFX,20160411,2.01,2.06,1.995,2.04,943256
OGC,20160411,4,4.09,3.99,4.05,624749
OGX,20160411,0.17,0.17,0.16,0.16,782119
OGY,20160411,0.012,0.012,0.012,0.012,140000
OHE,20160411,3.7,3.7,3.7,3.7,1000
OKU,20160411,0.165,0.17,0.16,0.16,781411
OLV,20160411,0.07,0.07,0.07,0.07,113830
OMH,20160411,0.045,0.05,0.045,0.05,961543
OML,20160411,4.74,4.86,4.74,4.78,609772
OMT,20160411,0.035,0.035,0.035,0.035,45033
ONE,20160411,3.95,3.95,3.95,3.95,15937
ONT,20160411,6.72,7.03,6.7,7.03,3340
OOK,20160411,0.034,0.035,0.034,0.035,973427
OOO,20160411,14.16,14.16,14,14,10020
OPT,20160411,0.38,0.4,0.38,0.4,18168
ORA,20160411,2.5,2.54,2.5,2.51,2980029
ORE,20160411,3.1,3.24,3.05,3.17,1971175
ORG,20160411,4.64,4.67,4.55,4.65,6842675
ORI,20160411,14.48,14.63,14.35,14.6,712339
ORL,20160411,2.75,2.77,2.75,2.76,9963
ORN,20160411,0.011,0.011,0.011,0.011,400000
ORR,20160411,0.25,0.25,0.245,0.25,159325
OSH,20160411,6.58,6.645,6.53,6.6,5107246
OSL,20160411,0.155,0.155,0.15,0.15,900480
OTC,20160411,0.18,0.18,0.18,0.18,41792
OTH,20160411,0.785,0.795,0.782,0.795,8641
OTR,20160411,0.04,0.04,0.04,0.04,2065400
OTW,20160411,1.4,1.4,1.4,1.4,49943
OVH,20160411,0.71,0.72,0.685,0.72,133074
OVL,20160411,0.007,0.007,0.007,0.007,500000
OXX,20160411,0.03,0.03,0.03,0.03,3700
OZF,20160411,17.68,17.68,17.68,17.68,821
OZL,20160411,4.95,5.07,4.95,5.04,807537
OZR,20160411,6.07,6.1,6.07,6.1,83600
PAA,20160411,0.125,0.13,0.12,0.13,30293
PAB,20160411,0.007,0.007,0.006,0.007,510044
PAC,20160411,4.63,4.8,4.56,4.6,23149
PAF,20160411,0.88,0.885,0.87,0.885,145600
PAI,20160411,0.935,0.935,0.91,0.92,172559
PAN,20160411,0.11,0.11,0.1,0.105,187325
PAR,20160411,0.33,0.33,0.305,0.32,295000
PBG,20160411,0.99,0.995,0.96,0.98,2089363
PBP,20160411,0.48,0.48,0.48,0.48,5000
PBT,20160411,0.069,0.071,0.069,0.071,446097
PCH,20160411,0.032,0.032,0.031,0.031,1080000
PCL,20160411,0.008,0.008,0.007,0.007,10357363
PDI,20160411,0.005,0.006,0.005,0.005,11629000
PDN,20160411,0.235,0.255,0.23,0.255,6319952
PDZ,20160411,0.17,0.17,0.17,0.17,51000
PEA,20160411,0.39,0.39,0.375,0.375,61299
PEG,20160411,0.06,0.06,0.055,0.055,108500
PEH,20160411,0.12,0.12,0.115,0.115,172640
PEK,20160411,0.077,0.077,0.077,0.077,8055
PEP,20160411,2.38,2.42,2.32,2.41,5706
PEX,20160411,0.135,0.135,0.13,0.13,102200
PEZ,20160411,0.051,0.051,0.051,0.051,50000
PFL,20160411,1.09,1.12,1.09,1.1,38380
PGC,20160411,0.6,0.61,0.6,0.61,42585
PGF,20160411,0.875,0.895,0.875,0.88,371350
PGH,20160411,4.96,5,4.94,4.99,380163
PGI,20160411,0.105,0.105,0.105,0.105,30000
PGM,20160411,0.034,0.034,0.034,0.034,111000
PGR,20160411,0.625,0.66,0.625,0.66,46087
PGS,20160411,0.003,0.003,0.003,0.003,500000
PGY,20160411,0.003,0.003,0.002,0.003,11477000
PHG,20160411,0.425,0.44,0.42,0.44,37080
PHK,20160411,0.08,0.095,0.068,0.085,3745623
PIC,20160411,0.92,0.93,0.915,0.915,84021
PIL,20160411,0.018,0.018,0.017,0.017,456255
PIO,20160411,0.013,0.015,0.012,0.015,32296976
PIQ,20160411,0.245,0.255,0.245,0.255,10091
PKA,20160411,0.07,0.07,0.07,0.07,50000
PLH,20160411,0.1,0.1,0.1,0.1,60000
PLP,20160411,0.016,0.017,0.016,0.017,5647060
PLS,20160411,0.61,0.68,0.56,0.575,21470485
PMC,20160411,1.72,1.745,1.72,1.745,152809
PME,20160411,3.9,3.98,3.8,3.85,44873
PML,20160411,0.078,0.08,0.078,0.08,182552
PMP,20160411,0.52,0.535,0.52,0.52,666828
PMV,20160411,16,16.06,15.73,15.8,457321
PMY,20160411,0.004,0.004,0.004,0.004,2000000
PNE,20160411,0.08,0.08,0.075,0.08,786119
PNL,20160411,0.185,0.185,0.175,0.175,44313
PNR,20160411,0.083,0.089,0.082,0.089,2046607
PNV,20160411,0.29,0.295,0.285,0.29,717768
POH,20160411,0.011,0.011,0.01,0.01,600000
POP,20160411,0.043,0.043,0.043,0.043,100000
POS,20160411,0.036,0.036,0.035,0.036,1367878
POW,20160411,0.016,0.017,0.015,0.016,1600734
POZ,20160411,0.026,0.03,0.026,0.03,146300
PPC,20160411,0.955,0.96,0.905,0.96,1606074
PPG,20160411,0.45,0.45,0.43,0.43,21400
PPL,20160411,0.48,0.48,0.45,0.45,160900
PPS,20160411,0.345,0.345,0.33,0.34,435618
PPT,20160411,41.39,41.4,40.84,41.19,119593
PRG,20160411,1.41,1.48,1.4,1.48,1219715
PRL,20160411,0.023,0.023,0.023,0.023,60000
PRO,20160411,1.73,1.73,1.66,1.7,155083
PRR,20160411,0.043,0.043,0.039,0.04,2592217
PRT,20160411,0.36,0.36,0.35,0.35,388035
PRU,20160411,0.42,0.435,0.415,0.42,4881206
PRY,20160411,3.69,3.7,3.63,3.66,3224061
PSA,20160411,0.14,0.14,0.14,0.14,100000
PSC,20160411,0.006,0.006,0.006,0.006,205000
PSF,20160411,0.033,0.033,0.031,0.032,6174146
PSM,20160411,0.023,0.026,0.018,0.019,6090016
PSY,20160411,0.1,0.105,0.1,0.105,114431
PSZ,20160411,0.7,0.71,0.69,0.695,171268
PTL,20160411,0.68,0.695,0.68,0.68,84200
PTM,20160411,6.05,6.19,6.05,6.11,987785
PTR,20160411,0.007,0.007,0.007,0.007,190000
PTX,20160411,0.1,0.105,0.1,0.1,430624
PVA,20160411,3.86,3.86,3.81,3.81,568
PVD,20160411,0.029,0.03,0.029,0.03,580848
PWH,20160411,2.49,2.55,2.46,2.5,102793
PWN,20160411,0.032,0.032,0.027,0.027,1174646
PXS,20160411,0.24,0.26,0.24,0.245,253482
PYC,20160411,0.014,0.015,0.014,0.014,3232230
PYM,20160411,0.006,0.006,0.006,0.006,100000
QAN,20160411,3.98,4.01,3.96,3.99,5902875
QAU,20160411,13.13,13.2,13.13,13.2,8413
QBE,20160411,10.76,10.88,10.72,10.77,2834250
QBL,20160411,0.006,0.006,0.006,0.006,3300000
QCB,20160411,9.07,9.07,9.07,9.07,5512
QHL,20160411,0.155,0.155,0.155,0.155,213058
QMS,20160411,1.265,1.272,1.25,1.25,99472
QOZ,20160411,10.68,10.7,10.66,10.7,4550
QTG,20160411,0.004,0.004,0.004,0.004,200000
QUB,20160411,2.32,2.32,2.29,2.3,1871626
QUR,20160411,0.03,0.03,0.022,0.027,946511
QUS,20160411,26.62,26.62,26.62,26.62,895
QVE,20160411,1,1.02,1,1.005,274180
RAD,20160411,0.048,0.049,0.048,0.048,576768
RAP,20160411,0.265,0.285,0.25,0.275,6307114
RAW,20160411,0.04,0.04,0.04,0.04,27640
RCB,20160411,20.35,20.36,20.23,20.23,12077
RCE,20160411,0.29,0.29,0.28,0.28,58570
RCG,20160411,1.535,1.545,1.49,1.51,1292760
RCO,20160411,0.215,0.215,0.215,0.215,8000
RCR,20160411,1.36,1.38,1.325,1.325,114404
RCT,20160411,3.5,3.5,3.5,3.5,5000
RDG,20160411,0.008,0.008,0.008,0.008,850000
RDM,20160411,0.059,0.061,0.059,0.061,523750
RDS,20160411,0.007,0.007,0.007,0.007,1125000
RDV,20160411,25.78,25.78,25.54,25.61,7350
REA,20160411,52.86,52.94,52.27,52.7,215091
REC,20160411,7.95,8.01,7.95,8,1140793
RED,20160411,0.079,0.083,0.078,0.081,1490332
REF,20160411,0.105,0.11,0.105,0.105,202205
REG,20160411,5,5.02,4.95,4.99,640082
REH,20160411,33.55,33.55,33.2,33.37,133
RES,20160411,0.037,0.038,0.036,0.036,510513
REV,20160411,0.075,0.075,0.075,0.075,57000
REX,20160411,0.73,0.73,0.72,0.72,11432
REY,20160411,0.02,0.02,0.02,0.02,4495
REZ,20160411,0.1,0.1,0.1,0.1,135000
RFF,20160411,1.52,1.545,1.52,1.545,534441
RFG,20160411,5.24,5.38,5.2,5.3,544434
RFX,20160411,0.38,0.38,0.35,0.35,986351
RGB,20160411,21.68,21.71,21.6,21.6,2465
RGS,20160411,0.18,0.18,0.17,0.17,17872
RHC,20160411,61.8,61.85,61.08,61.54,260369
RHL,20160411,3.35,3.35,3.28,3.28,11296
RHP,20160411,1.235,1.25,1.205,1.205,14417
RHS,20160411,0.11,0.11,0.11,0.11,75000
RHT,20160411,0.017,0.017,0.017,0.017,165000
RIC,20160411,1.26,1.29,1.255,1.28,1194780
RIE,20160411,0.025,0.025,0.023,0.023,600000
RIM,20160411,0.014,0.014,0.014,0.014,8709
RIO,20160411,43.7,44.44,43.51,44.28,2125304
RKN,20160411,1.55,1.56,1.51,1.55,21451
RLC,20160411,0.005,0.005,0.005,0.005,50000
RLE,20160411,0.1,0.105,0.1,0.1,117144
RMD,20160411,7.78,7.78,7.67,7.7,1069889
RMG,20160411,0.008,0.009,0.008,0.009,5428105
RMS,20160411,0.435,0.44,0.41,0.425,4347703
RMX,20160411,0.001,0.002,0.001,0.002,29674922
RND,20160411,1.75,1.91,1.75,1.91,51000
RNI,20160411,0.014,0.014,0.013,0.013,2132889
RNL,20160411,0.017,0.017,0.017,0.017,35000
RNO,20160411,0.024,0.024,0.023,0.023,441667
RNT,20160411,0.155,0.155,0.15,0.155,189389
RNU,20160411,0.018,0.018,0.015,0.015,3528122
RRL,20160411,2.38,2.45,2.38,2.43,4647227
RSG,20160411,0.65,0.71,0.647,0.69,4642540
RSH,20160411,0.032,0.032,0.032,0.032,140000
RSM,20160411,20.64,20.65,20.56,20.65,6648
RTG,20160411,0.56,0.56,0.54,0.55,126012
RTR,20160411,0.015,0.015,0.014,0.014,193334
RUL,20160411,0.41,0.41,0.405,0.405,1235
RUM,20160411,0.042,0.043,0.042,0.043,65000
RVA,20160411,1.09,1.09,1.05,1.07,79000
RVL,20160411,24.59,24.59,24.59,24.59,466
RVR,20160411,0.115,0.12,0.105,0.11,948689
RVY,20160411,0.033,0.033,0.025,0.028,2597273
RWD,20160411,0.41,0.41,0.4,0.4,22538
RWH,20160411,1.055,1.055,1.05,1.05,3230
RXH,20160411,0.105,0.11,0.105,0.11,72835
RXL,20160411,0.011,0.012,0.011,0.011,1958448
RXM,20160411,0.068,0.068,0.067,0.067,59179
RXP,20160411,0.57,0.58,0.55,0.57,251619
S2R,20160411,0.165,0.165,0.16,0.16,391799
S32,20160411,1.485,1.485,1.44,1.45,8081451
SAI,20160411,3.53,3.54,3.495,3.51,483610
SAR,20160411,1.065,1.117,1.065,1.1,3954674
SAU,20160411,0.29,0.29,0.275,0.28,55000
SBB,20160411,0.025,0.027,0.025,0.027,742716
SBM,20160411,2.36,2.48,2.34,2.46,4293639
SBR,20160411,0.008,0.008,0.008,0.008,250000
SCG,20160411,4.41,4.45,4.4,4.44,16814235
SCI,20160411,0.023,0.024,0.023,0.023,90683
SCP,20160411,2.21,2.23,2.2,2.22,1099195
SCU,20160411,0.022,0.022,0.022,0.022,100000
SDA,20160411,4.45,4.46,4.4,4.4,344937
SDF,20160411,1.745,1.77,1.725,1.76,1554206
SDG,20160411,1.52,1.55,1.52,1.53,47125
SDI,20160411,0.49,0.49,0.49,0.49,12157
SDL,20160411,0.003,0.003,0.003,0.003,5725762
SEA,20160411,0.175,0.18,0.165,0.165,1593345
SEG,20160411,0.002,0.002,0.002,0.002,3626685
SEH,20160411,0.076,0.079,0.075,0.075,1768389
SEK,20160411,15.45,15.5,15.31,15.47,368082
SEN,20160411,0.115,0.12,0.11,0.115,407058
SES,20160411,0.085,0.085,0.085,0.085,69661
SFG,20160411,0.074,0.075,0.071,0.071,334500
SFH,20160411,0.645,0.645,0.645,0.645,20896
SFI,20160411,0.051,0.052,0.05,0.051,1721804
SFR,20160411,5.37,5.42,5.22,5.29,1298243
SFX,20160411,0.4,0.4,0.4,0.4,4445
SFY,20160411,47.21,47.27,46.96,47.19,6004
SGC,20160411,0.028,0.028,0.028,0.028,500
SGF,20160411,3.49,3.5,3.44,3.45,189296
SGH,20160411,0.245,0.245,0.21,0.22,8786677
SGM,20160411,8.73,8.86,8.72,8.75,764876
SGN,20160411,0.96,0.965,0.95,0.965,133651
SGP,20160411,4.28,4.31,4.24,4.26,4314377
SGQ,20160411,0.091,0.105,0.091,0.1,3665881
SGR,20160411,5.73,5.76,5.68,5.71,1547811
SGU,20160411,0.12,0.12,0.12,0.12,202844
SGZ,20160411,0.013,0.013,0.013,0.013,6500
SHJ,20160411,0.81,0.835,0.81,0.82,164084
SHK,20160411,0.003,0.003,0.003,0.003,300000
SHL,20160411,18.41,18.52,18.11,18.16,964868
SHM,20160411,0.83,0.845,0.83,0.84,102787
SHV,20160411,4.11,4.18,4.06,4.11,809805
SIH,20160411,0.019,0.019,0.019,0.019,80000
SIP,20160411,1.05,1.06,1.03,1.04,1789690
SIQ,20160411,4.76,4.8,4.69,4.7,451632
SIT,20160411,0.22,0.22,0.215,0.22,9545
SIV,20160411,9.06,9.07,9,9.03,13528
SIX,20160411,0.05,0.08,0.05,0.08,139514
SKB,20160411,0.37,0.37,0.36,0.36,65112
SKC,20160411,4.28,4.32,4.22,4.28,735481
SKF,20160411,0.135,0.135,0.135,0.135,35000
SKI,20160411,2.01,2.04,2,2.02,2122109
SKT,20160411,4.16,4.16,4.11,4.14,271735
SLC,20160411,1.96,1.99,1.935,1.99,60920
SLF,20160411,12.51,12.51,12.37,12.46,47877
SLK,20160411,4.4,4.42,4.36,4.4,135020
SLM,20160411,0.59,0.6,0.58,0.58,14619
SLR,20160411,0.33,0.365,0.33,0.365,4355546
SLX,20160411,0.55,0.645,0.55,0.645,785209
SMA,20160411,0.05,0.051,0.048,0.048,9918332
SMC,20160411,0.028,0.028,0.028,0.028,97535
SMD,20160411,0.004,0.004,0.003,0.004,127229
SMI,20160411,0.039,0.04,0.038,0.038,155321
SMN,20160411,1.88,2,1.865,2,417625
SMP,20160411,0.16,0.16,0.16,0.16,8571
SMR,20160411,0.23,0.23,0.225,0.225,82164
SMX,20160411,1.86,1.86,1.815,1.815,108526
SNC,20160411,0.85,0.85,0.84,0.845,65170
SND,20160411,0.54,0.54,0.54,0.54,18520
SNL,20160411,2.09,2.09,2.08,2.08,2500
SNY,20160411,0.05,0.05,0.05,0.05,42000
SO4,20160411,0.37,0.37,0.36,0.36,122720
SOC,20160411,0.003,0.003,0.002,0.002,20912070
SOI,20160411,0.032,0.033,0.032,0.033,98633
SOL,20160411,16.21,16.37,16.21,16.32,41830
SOM,20160411,2.55,2.55,2.515,2.52,11494
SOR,20160411,0.15,0.16,0.15,0.15,218435
SPK,20160411,3.17,3.19,3.15,3.15,295432
SPL,20160411,0.75,0.75,0.73,0.745,113595
SPO,20160411,1.18,1.195,1.17,1.195,8084984
SPX,20160411,0.006,0.006,0.006,0.006,2381
SPZ,20160411,0.285,0.29,0.28,0.29,282415
SRF,20160411,1.34,1.37,1.32,1.37,286038
SRI,20160411,0.016,0.017,0.016,0.016,621323
SRK,20160411,0.042,0.042,0.042,0.042,101739
SRO,20160411,0.022,0.025,0.022,0.025,1542888
SRS,20160411,0.026,0.027,0.026,0.027,423509
SRV,20160411,6.95,7.1,6.91,7.06,25025
SRX,20160411,31.25,31.25,30.35,30.55,176138
SRY,20160411,0.049,0.049,0.049,0.049,30400
SRZ,20160411,0.019,0.019,0.019,0.019,374249
SSM,20160411,0.725,0.75,0.715,0.745,1139775
SSN,20160411,0.006,0.006,0.006,0.006,100000
SST,20160411,16.9,16.9,16.9,16.9,30
STA,20160411,0.005,0.005,0.005,0.005,4421132
STL,20160411,0.034,0.034,0.031,0.032,238235
STO,20160411,3.95,3.985,3.91,3.95,6283517
STS,20160411,0.77,0.77,0.77,0.77,12758
STW,20160411,46.77,46.77,46.42,46.58,62949
STX,20160411,0.11,0.115,0.11,0.11,181223
SUD,20160411,0.023,0.023,0.022,0.022,376126
SUL,20160411,8.1,8.2,8.05,8.1,593297
SUM,20160411,0.051,0.051,0.049,0.049,136282
SUN,20160411,11.71,11.76,11.64,11.74,2644746
SVA,20160411,0.041,0.042,0.04,0.04,99538
SVL,20160411,0.002,0.002,0.001,0.001,9969575
SVM,20160411,0.05,0.05,0.05,0.05,55000
SVW,20160411,5.12,5.12,5.03,5.04,76430
SWE,20160411,0.034,0.035,0.034,0.035,50000
SWJ,20160411,0.011,0.011,0.01,0.01,201000
SWK,20160411,0.17,0.175,0.17,0.175,35000
SWL,20160411,0.85,0.87,0.85,0.87,23209
SWM,20160411,0.93,0.94,0.917,0.93,1493124
SXA,20160411,0.055,0.055,0.055,0.055,36363
SXL,20160411,1.055,1.055,1.01,1.02,1662119
SXY,20160411,0.275,0.275,0.265,0.27,2928081
SYA,20160411,0.029,0.032,0.026,0.028,8445474
SYD,20160411,6.75,6.88,6.73,6.85,7157866
SYI,20160411,24.72,24.72,24.48,24.58,1547
SYR,20160411,3.65,3.92,3.65,3.91,966731
TAH,20160411,4.53,4.53,4.43,4.48,2467411
TAM,20160411,0.042,0.042,0.04,0.04,894400
TAP,20160411,0.06,0.064,0.06,0.064,379170
TAR,20160411,0.041,0.041,0.041,0.041,48569
TAS,20160411,0.13,0.14,0.12,0.13,4397897
TBR,20160411,5.12,5.35,5.03,5.29,28309
TCH,20160411,2.05,2.15,2.05,2.09,27970
TCL,20160411,11.17,11.25,11.14,11.18,4448009
TCN,20160411,0.07,0.07,0.066,0.07,246000
TEG,20160411,0.001,0.001,0.001,0.001,2307862
TEN,20160411,0.95,0.955,0.945,0.955,300392
TER,20160411,0.007,0.007,0.007,0.007,23600
TFC,20160411,1.61,1.62,1.55,1.575,555738
TFG,20160411,0.28,0.3,0.28,0.29,47389
TFL,20160411,0.27,0.275,0.26,0.26,220000
TGA,20160411,1.76,1.76,1.71,1.71,218965
TGG,20160411,1.17,1.175,1.15,1.15,53808
TGR,20160411,3.6,3.7,3.53,3.64,1118933
TGS,20160411,0.051,0.051,0.048,0.048,744419
TGZ,20160411,0.78,0.82,0.78,0.82,56392
THX,20160411,0.058,0.06,0.056,0.057,274374
TIG,20160411,0.033,0.033,0.033,0.033,450
TIS,20160411,0.038,0.038,0.038,0.038,65517
TIX,20160411,2.53,2.565,2.51,2.55,263237
TKL,20160411,0.02,0.024,0.02,0.021,2796718
TLG,20160411,0.3,0.3,0.28,0.29,174857
TLM,20160411,0.45,0.45,0.435,0.435,80129
TLS,20160411,5.16,5.18,5.13,5.15,16995978
TME,20160411,3.88,3.88,3.83,3.88,245353
TMK,20160411,0.003,0.003,0.003,0.003,10553334
TMP,20160411,0.45,0.45,0.395,0.41,31527
TND,20160411,0.047,0.047,0.045,0.045,487743
TNE,20160411,4.85,4.88,4.78,4.85,377998
TNG,20160411,0.14,0.15,0.137,0.14,1209949
TNK,20160411,1.32,1.36,1.32,1.35,129849
TNP,20160411,0.011,0.012,0.011,0.012,1350000
TNR,20160411,0.17,0.185,0.17,0.18,152148
TNT,20160411,0.16,0.17,0.16,0.17,93450
TOE,20160411,0.056,0.056,0.055,0.056,317010
TOF,20160411,2.01,2.03,2.01,2.03,53021
TOM,20160411,0.08,0.08,0.08,0.08,8620
TOP,20160411,0.545,0.55,0.545,0.55,9597
TOT,20160411,1.15,1.16,1.15,1.15,284500
TOX,20160411,3,3.02,2.95,3,141934
TPE,20160411,2.6,2.62,2.51,2.59,34742
TPM,20160411,11.18,11.21,11.065,11.13,720895
TPP,20160411,0.23,0.245,0.225,0.245,786498
TPR,20160411,0.08,0.08,0.075,0.075,239530
TPS,20160411,0.026,0.026,0.025,0.025,380384
TPW,20160411,0.265,0.28,0.265,0.28,52000
TRL,20160411,0.09,0.09,0.09,0.09,927395
TRS,20160411,13.45,13.45,13.16,13.24,60976
TRY,20160411,0.6,0.64,0.59,0.64,2490654
TSM,20160411,0.47,0.48,0.46,0.46,78607
TSN,20160411,0.036,0.036,0.033,0.033,7574946
TSV,20160411,0.016,0.016,0.016,0.016,452411
TTC,20160411,0.585,0.585,0.53,0.53,19277
TTE,20160411,0.009,0.009,0.009,0.009,221019
TTI,20160411,0.02,0.021,0.02,0.021,38000
TTS,20160411,3.77,3.8,3.72,3.75,1752638
TTW,20160411,0.023,0.023,0.023,0.023,132051
TV2,20160411,0.016,0.016,0.016,0.016,1139231
TWD,20160411,3.07,3.07,3.03,3.05,10500
TWE,20160411,9.05,9.1,8.91,8.92,2016365
TWR,20160411,1.58,1.58,1.58,1.58,3
TYK,20160411,0.006,0.006,0.006,0.006,1352383
TZL,20160411,0.089,0.089,0.085,0.085,33749
UBA,20160411,16.5,16.5,16.41,16.41,95
UBE,20160411,18.01,18.01,18.01,18.01,19
UBI,20160411,0.295,0.295,0.295,0.295,43017
UBJ,20160411,18.2,18.2,18.2,18.2,166
UBN,20160411,0.38,0.38,0.38,0.38,13000
UBU,20160411,20.18,20.18,20.18,20.18,1238
UBW,20160411,19.53,19.53,19.53,19.53,64
UCM,20160411,0.21,0.21,0.21,0.21,5000
UCW,20160411,0.053,0.053,0.05,0.05,837500
UGL,20160411,3.06,3.08,2.95,3,152283
UML,20160411,0.03,0.03,0.029,0.029,33333
UNS,20160411,0.14,0.14,0.135,0.135,387626
UNV,20160411,0.21,0.21,0.2,0.2,258478
UOS,20160411,0.49,0.49,0.475,0.475,95939
UPD,20160411,0.18,0.18,0.165,0.18,214930
UPG,20160411,1.05,1.05,1,1.01,13682
URF,20160411,2.14,2.17,2.14,2.17,2541
URI,20160411,2.65,2.65,2.65,2.65,8646
USD,20160411,12.94,12.99,12.9,12.94,463857
USG,20160411,2.25,2.25,2.25,2.25,5000
VAF,20160411,49.85,49.88,49.79,49.8,13931
VAH,20160411,0.365,0.375,0.365,0.365,523907
VAN,20160411,0.027,0.032,0.027,0.031,226881
VAP,20160411,78.46,78.46,77.65,78.02,16734
VAR,20160411,0.026,0.026,0.026,0.026,15000
VAS,20160411,62.8,63,62.24,62.44,52226
VCF,20160411,52.2,52.2,52.19,52.19,544
VCX,20160411,3.16,3.19,3.135,3.16,5181246
VEC,20160411,0.008,0.008,0.008,0.008,8500000
VEU,20160411,56.63,56.63,56.16,56.28,10714
VGB,20160411,49.77,49.79,49.66,49.66,2345
VGE,20160411,50.03,50.6,49.83,49.83,2696
VGL,20160411,4.78,4.83,4.78,4.83,8100
VGS,20160411,54.39,54.41,54.07,54.41,3886
VHY,20160411,52.92,53.24,52.62,52.95,9582
VIC,20160411,0.006,0.007,0.006,0.007,27603888
VIF,20160411,52.7,52.73,52.47,52.47,3061
VII,20160411,0.22,0.22,0.22,0.22,26800
VIP,20160411,0.23,0.255,0.23,0.25,737000
VIT,20160411,1.71,1.715,1.66,1.675,392732
VLA,20160411,0.665,0.665,0.63,0.63,229967
VLC,20160411,51.89,52.06,51.89,52.06,538
VLW,20160411,2.07,2.12,2.06,2.1,154363
VMC,20160411,0.245,0.26,0.23,0.255,563296
VML,20160411,0.01,0.011,0.01,0.011,885000
VMS,20160411,0.026,0.026,0.026,0.026,100000
VMT,20160411,0.235,0.235,0.225,0.225,310685
VMY,20160411,0.33,0.345,0.33,0.345,11297
VOC,20160411,8.6,8.73,8.6,8.69,1439281
VPC,20160411,0.049,0.05,0.046,0.048,1396213
VRC,20160411,0.035,0.04,0.035,0.04,6191520
VRL,20160411,5.09,5.12,5.09,5.1,128792
VRT,20160411,6.44,6.62,6.37,6.62,286331
VSC,20160411,1.75,1.75,1.74,1.74,3178
VSO,20160411,43.9,43.9,43.48,43.65,810
VTG,20160411,3.19,3.19,3.1,3.12,241585
VTM,20160411,0.025,0.025,0.023,0.023,480882
VTS,20160411,138.21,138.21,137.42,137.71,6022
WAA,20160411,1.085,1.085,1.085,1.085,6600
WAF,20160411,0.15,0.155,0.145,0.15,793115
WAM,20160411,2.24,2.26,2.23,2.24,437450
WAX,20160411,1.36,1.37,1.34,1.355,502199
WBA,20160411,1.15,1.15,1.12,1.12,399916
WBC,20160411,28.5,28.66,28.155,28.42,4604855
WCB,20160411,8.55,8.55,8.55,8.55,90
WCN,20160411,0.007,0.007,0.007,0.007,2031571
WCP,20160411,0.017,0.017,0.016,0.016,260000
WDE,20160411,0.79,0.79,0.79,0.79,1300
WEB,20160411,5.94,5.98,5.82,5.92,136194
WES,20160411,40.05,40.3,39.75,40.02,1481917
WFD,20160411,9.9,9.94,9.86,9.89,5858539
WFE,20160411,0.002,0.002,0.002,0.002,1000000
WGL,20160411,0.036,0.036,0.035,0.035,1129215
WGO,20160411,0.009,0.009,0.009,0.009,137700
WHC,20160411,0.6,0.615,0.58,0.6,2253266
WHF,20160411,4.15,4.15,4.15,4.15,8173
WHN,20160411,0.001,0.001,0.001,0.001,6550000
WIC,20160411,0.76,0.76,0.76,0.76,36606
WIG,20160411,0.95,0.95,0.95,0.95,10000
WIN,20160411,0.074,0.074,0.074,0.074,25253
WKT,20160411,0.004,0.004,0.004,0.004,6350000
WLD,20160411,0.735,0.75,0.72,0.73,1175232
WLF,20160411,0.14,0.14,0.14,0.14,253600
WLL,20160411,5.05,5.05,5.05,5.05,587
WMC,20160411,0.3,0.3,0.3,0.3,9600
WMK,20160411,1.04,1.04,1.03,1.04,327971
WMN,20160411,0.046,0.047,0.045,0.045,313254
WOR,20160411,5.5,5.59,5.44,5.58,1648552
WOW,20160411,21.07,21.1,20.69,20.82,3620293
WPG,20160411,0.084,0.085,0.084,0.085,537116
WPL,20160411,25.35,25.49,24.98,25.05,1640749
WRR,20160411,0.26,0.26,0.255,0.255,45847
WSA,20160411,2.02,2.07,2.01,2.05,1686070
WSG,20160411,0.013,0.013,0.013,0.013,187500
WTC,20160411,3.41,3.89,3.41,3.89,3373476
WTP,20160411,0.845,0.855,0.84,0.84,63786
WVL,20160411,0.006,0.006,0.006,0.006,837500
XAM,20160411,0.145,0.15,0.145,0.145,79000
XF1,20160411,0.4,0.4,0.34,0.35,41540
XIP,20160411,3.93,3.93,3.73,3.81,46529
XPD,20160411,0.155,0.16,0.155,0.155,164577
XPE,20160411,0.031,0.038,0.03,0.034,99147219
XRO,20160411,14.85,14.9,14.65,14.9,21524
XST,20160411,0.006,0.006,0.006,0.006,50000
XTD,20160411,0.265,0.27,0.255,0.255,277795
XTE,20160411,0.35,0.35,0.35,0.35,10000
XTV,20160411,0.008,0.008,0.008,0.008,138380
YBR,20160411,0.28,0.28,0.275,0.275,10819
YOW,20160411,0.605,0.61,0.58,0.605,255247
ZIP,20160411,0.365,0.385,0.36,0.36,84000
ZML,20160411,0.42,0.43,0.42,0.43,46623
ZNC,20160411,0.11,0.115,0.105,0.105,457525
ZRL,20160411,0.011,0.011,0.011,0.011,30000
ZTA,20160411,0.06,0.06,0.06,0.06,3885
ZYB,20160411,0.026,0.026,0.025,0.025,2092661
XAF,20160411,4862.6,4868.6,4835.9,4857.8,0
XAO,20160411,5018.2,5024.7,4993.8,5013.2,0
XAT,20160411,4886.2,4892,4859.5,4880.2,0
XDJ,20160411,1928.1,1929.4,1905.3,1909.6,0
XEC,20160411,1137,1149.1,1132.2,1148.1,0
XEJ,20160411,7447,7628,7447,7566.4,0
XFJ,20160411,5544.8,5548.8,5500,5524.2,0
XFL,20160411,4913.9,4920.1,4886.8,4909.4,0
XGD,20160411,3569,3715.1,3569,3710.6,0
XHJ,20160411,19352.8,19358.8,19139.1,19187.9,0
XIJ,20160411,742.8,747.8,741.9,747.5,0
XJO,20160411,4937.6,4943.2,4910.8,4931.5,0
XJR,20160411,2406,2454.1,2406,2453.4,0
XKO,20160411,4902.6,4908.8,4877.1,4897.2,0
XMD,20160411,5115.7,5118,5083.6,5096.9,0
XMJ,20160411,7174.3,7279.8,7174.3,7278.6,0
XMM,20160411,2005.3,2049.8,2005.3,2049.3,0
XNJ,20160411,5019,5034.4,4998.2,5026.6,0
XPJ,20160411,1355.9,1356.1,1343.8,1350.5,0
XSJ,20160411,8214.1,8214.1,8065.4,8096.6,0
XSO,20160411,2139.4,2147.5,2133.2,2141,0
XTJ,20160411,1910.7,1917.8,1900.9,1908.1,0
XTL,20160411,2827.6,2832.9,2808.9,2821.9,0
XTO,20160411,4083.8,4088.4,4061.3,4078.6,0
XUJ,20160411,6984,6998.7,6948.3,6957.9,0
XXJ,20160411,6141.8,6150.2,6093.1,6119.2,0
