1AD,20161018,0.205,0.205,0.205,0.205,11976
1AG,20161018,0.044,0.046,0.044,0.045,230250
1PG,20161018,0.205,0.21,0.195,0.195,620267
1ST,20161018,0.053,0.053,0.053,0.053,7000
3DP,20161018,0.03,0.031,0.03,0.03,747868
3PL,20161018,1.065,1.07,1.045,1.045,75255
88E,20161018,0.047,0.048,0.046,0.046,23199801
8EC,20161018,1.04,1.04,1.04,1.04,9615
8IH,20161018,0.76,0.76,0.75,0.75,23568
9SP,20161018,0.17,0.175,0.17,0.17,306131
A2M,20161018,1.85,1.875,1.835,1.84,1791985
A3D,20161018,1.05,1.1,1.05,1.055,29835
AAA,20161018,50.11,50.12,50.11,50.12,67109
AAC,20161018,1.92,1.945,1.915,1.935,908084
AAD,20161018,2.62,2.64,2.56,2.62,1438715
AAJ,20161018,0.01,0.01,0.01,0.01,271500
AAR,20161018,0.019,0.019,0.018,0.018,1000530
AAU,20161018,0.017,0.017,0.017,0.017,20000
AB1,20161018,0.145,0.145,0.145,0.145,54817
ABA,20161018,5.05,5.1,5.02,5.02,7891
ABC,20161018,5.31,5.365,5.27,5.35,1306537
ABP,20161018,2.76,2.78,2.73,2.75,1273648
ABT,20161018,0.74,0.74,0.74,0.74,13200
ABU,20161018,0.07,0.071,0.07,0.071,79119
ABV,20161018,0.008,0.008,0.008,0.008,846973
ABW,20161018,0.82,0.825,0.82,0.825,45125
ABX,20161018,0.2,0.2,0.175,0.185,937938
ACB,20161018,0.06,0.06,0.06,0.06,303718
ACG,20161018,0.093,0.093,0.092,0.092,467525
ACQ,20161018,1.02,1.03,1.02,1.03,102944
ACR,20161018,0.345,0.345,0.335,0.335,377403
ACU,20161018,0.022,0.023,0.021,0.021,1388053
ACW,20161018,0.05,0.05,0.048,0.048,61583
ACX,20161018,5.8,5.83,5.67,5.69,1357853
AD1,20161018,0.325,0.33,0.325,0.33,7500
ADA,20161018,3.07,3.08,3.05,3.05,209570
ADH,20161018,2.71,2.71,2.61,2.62,165129
ADJ,20161018,0.12,0.12,0.115,0.115,551906
ADN,20161018,0.016,0.017,0.016,0.016,318512
ADO,20161018,0.054,0.056,0.053,0.055,705917
ADR,20161018,0.38,0.38,0.38,0.38,15000
ADV,20161018,0.031,0.032,0.029,0.03,8948016
ADX,20161018,0.005,0.005,0.005,0.005,100000
ADY,20161018,0.01,0.01,0.009,0.01,227569
AEB,20161018,0.05,0.05,0.05,0.05,70000
AEE,20161018,0.027,0.029,0.026,0.026,1340657
AEF,20161018,89,89,88.97,89,348
AEG,20161018,1.075,1.075,1.01,1.06,146025
AEI,20161018,0.4,0.4,0.4,0.4,467234
AER,20161018,0.075,0.075,0.075,0.075,40000
AEV,20161018,0.2,0.2,0.195,0.195,6630
AFG,20161018,1.22,1.235,1.22,1.22,3577
AFI,20161018,5.81,5.84,5.79,5.83,276707
AFR,20161018,0.044,0.044,0.044,0.044,18000
AFY,20161018,2.63,2.78,2.63,2.73,44271
AGD,20161018,0.19,0.19,0.19,0.19,6238
AGF,20161018,0.44,0.44,0.435,0.44,359780
AGG,20161018,3.5,3.5,3.45,3.45,3491
AGI,20161018,2.1,2.12,2.065,2.09,399205
AGL,20161018,19.13,19.16,18.9,19.13,1934035
AGO,20161018,0.01,0.01,0.009,0.01,12636367
AGS,20161018,0.043,0.045,0.043,0.044,2082465
AGX,20161018,0.043,0.045,0.042,0.042,168613
AGY,20161018,0.024,0.024,0.024,0.024,1909744
AHF,20161018,0.175,0.175,0.17,0.172,202223
AHG,20161018,4.05,4.1,3.985,3.99,1099473
AHK,20161018,0.17,0.17,0.17,0.17,10000
AHL,20161018,0.1,0.1,0.1,0.1,110000
AHX,20161018,1.61,1.61,1.605,1.605,22740
AHY,20161018,1.475,1.53,1.475,1.5,2238495
AHZ,20161018,0.515,0.535,0.435,0.435,18864297
AIA,20161018,6.11,6.12,6.09,6.1,45557
AIK,20161018,0.145,0.145,0.145,0.145,1312438
AIQ,20161018,0.099,0.099,0.099,0.099,9914
AIS,20161018,0.044,0.045,0.041,0.041,30368
AIV,20161018,0.021,0.025,0.02,0.02,514000
AIZ,20161018,1.665,1.72,1.665,1.71,770165
AJA,20161018,6.8,6.83,6.75,6.8,79485
AJC,20161018,0.004,0.005,0.004,0.005,2353405
AJD,20161018,1.52,1.525,1.505,1.505,93349
AJL,20161018,0.45,0.46,0.44,0.45,58182
AJM,20161018,0.125,0.13,0.125,0.125,1718288
AJQ,20161018,0.078,0.084,0.078,0.084,38124
AKG,20161018,0.165,0.18,0.165,0.175,101681
AKK,20161018,0.006,0.006,0.005,0.005,1750000
AKM,20161018,0.04,0.045,0.039,0.039,12672790
AKP,20161018,20.3,21.69,20.11,20.12,16194
ALC,20161018,0.068,0.068,0.063,0.065,3279600
ALF,20161018,1.455,1.455,1.435,1.45,80997
ALI,20161018,1.71,1.75,1.71,1.75,16385
ALK,20161018,0.45,0.49,0.45,0.485,1888681
ALL,20161018,15.9,15.9,15.75,15.8,1443081
ALQ,20161018,6.23,6.24,6.07,6.08,2244071
ALR,20161018,1.095,1.095,1.095,1.095,5687
ALU,20161018,8.21,8.23,8.1,8.12,300832
ALY,20161018,0.025,0.025,0.025,0.025,29000
AMA,20161018,1.05,1.065,1.03,1.055,299369
AMC,20161018,15.7,15.73,15.47,15.51,2294282
AME,20161018,0.13,0.13,0.13,0.13,34615
AMH,20161018,0.955,0.955,0.945,0.955,8349
AMI,20161018,0.15,0.16,0.145,0.16,702633
AML,20161018,0.15,0.15,0.15,0.15,50000
AMO,20161018,0.135,0.135,0.135,0.135,1
AMP,20161018,5.29,5.31,5.26,5.28,7134610
ANG,20161018,0.2,0.22,0.185,0.19,12484807
ANN,20161018,23.06,23.175,22.805,22.85,389065
ANO,20161018,0.021,0.021,0.021,0.021,453485
ANP,20161018,0.045,0.045,0.043,0.043,70000
ANQ,20161018,0.004,0.005,0.004,0.005,12847769
ANR,20161018,1.2,1.32,1.2,1.32,39448
ANW,20161018,0.011,0.011,0.011,0.011,996357
ANZ,20161018,27.7,27.96,27.61,27.83,4926560
AOA,20161018,0.009,0.01,0.009,0.009,527857
AOD,20161018,0.71,0.71,0.71,0.71,845
AOF,20161018,2.12,2.12,2.12,2.12,11042
AOG,20161018,3.29,3.29,3.22,3.25,759910
AOH,20161018,0.115,0.115,0.115,0.115,201569
AON,20161018,0.13,0.13,0.13,0.13,28121
AOP,20161018,0.15,0.15,0.14,0.14,110000
AOU,20161018,0.1,0.1,0.095,0.095,220000
AOW,20161018,0.094,0.094,0.09,0.092,344572
APA,20161018,7.9,8.02,7.78,8.02,4367958
APD,20161018,0.42,0.435,0.415,0.43,4468338
APE,20161018,9.96,9.99,9.89,9.98,39815
APG,20161018,0.007,0.007,0.007,0.007,148417
API,20161018,1.91,1.91,1.875,1.9,701131
APL,20161018,1.08,1.08,1.045,1.075,1152260
APN,20161018,3.45,3.49,3.4,3.43,253545
APO,20161018,4.75,4.84,4.7,4.75,1984543
APW,20161018,1.32,1.32,1.315,1.315,230601
APX,20161018,3.01,3.04,2.99,3.01,158496
APY,20161018,0.009,0.009,0.008,0.008,278000
AQC,20161018,0.027,0.027,0.026,0.026,3029448
AQG,20161018,2.93,2.98,2.89,2.95,404319
AQI,20161018,0.275,0.28,0.265,0.28,501622
AQQ,20161018,0.026,0.027,0.026,0.026,1061996
AQS,20161018,0.06,0.06,0.06,0.06,2350
AQX,20161018,0.043,0.043,0.038,0.038,50977
AQZ,20161018,0.79,0.79,0.79,0.79,5038
AR1,20161018,0.013,0.013,0.013,0.013,200000
ARA,20161018,0.38,0.38,0.38,0.38,500
ARB,20161018,17.71,17.71,17.35,17.55,86997
ARD,20161018,0.026,0.026,0.024,0.024,281374
ARE,20161018,0.008,0.008,0.008,0.008,627405
ARF,20161018,2,2.03,2,2,125037
ARG,20161018,7.29,7.33,7.27,7.3,117255
ARM,20161018,0.063,0.063,0.063,0.063,86650
ARU,20161018,0.069,0.069,0.064,0.066,532184
ARV,20161018,0.001,0.001,0.001,0.001,600000
ARX,20161018,0.58,0.6,0.565,0.6,7956
ASB,20161018,1.57,1.58,1.525,1.54,410204
ASL,20161018,1.425,1.425,1.27,1.3,1962555
AST,20161018,1.52,1.525,1.505,1.51,5960195
ASW,20161018,0.77,0.77,0.77,0.77,11000
ASX,20161018,47.54,47.82,47.18,47.68,457718
ASZ,20161018,1.6,1.6,1.595,1.595,1251630
ATC,20161018,0.12,0.12,0.11,0.11,355495
ATP,20161018,0.047,0.047,0.047,0.047,250000
ATR,20161018,0.16,0.16,0.16,0.16,1876
ATS,20161018,0.24,0.24,0.235,0.24,226924
ATU,20161018,0.755,0.79,0.755,0.79,105904
AUB,20161018,10.15,10.34,10.15,10.24,9261
AUC,20161018,0.04,0.04,0.04,0.04,326
AUF,20161018,1.27,1.27,1.27,1.27,15750
AUI,20161018,7.3,7.3,7.3,7.3,9283
AUP,20161018,5.41,5.41,5.41,5.41,897
AUQ,20161018,0.017,0.018,0.017,0.018,411764
AUST,20161018,15.12,15.17,15.11,15.16,141419
AUZ,20161018,0.013,0.013,0.012,0.012,3203181
AVB,20161018,0.057,0.057,0.053,0.053,2984181
AVG,20161018,0.55,0.55,0.54,0.54,236343
AVH,20161018,0.115,0.115,0.115,0.115,215253
AVI,20161018,0.027,0.028,0.025,0.025,5224901
AVJ,20161018,0.61,0.615,0.61,0.61,207528
AVL,20161018,0.015,0.015,0.014,0.014,4687323
AVN,20161018,2.36,2.39,2.35,2.37,266594
AVQ,20161018,0.19,0.19,0.175,0.18,1604027
AVZ,20161018,0.012,0.012,0.012,0.012,5587219
AWC,20161018,1.5,1.515,1.485,1.5,8729612
AWE,20161018,0.62,0.62,0.6,0.6,1151951
AWN,20161018,0.7,0.7,0.7,0.7,12000
AWV,20161018,0.15,0.15,0.15,0.15,626726
AWY,20161018,0.002,0.002,0.002,0.002,692525
AXE,20161018,0.064,0.064,0.064,0.064,37000
AXP,20161018,1.34,1.345,1.22,1.25,209267
AXZ,20161018,0.25,0.25,0.25,0.25,10000
AYC,20161018,0.03,0.03,0.03,0.03,416666
AYF,20161018,6,6,6,6,1681
AYR,20161018,0.008,0.008,0.008,0.008,62500
AYS,20161018,2.19,2.22,2.17,2.21,282649
AZJ,20161018,4.87,4.9,4.755,4.79,7656373
AZM,20161018,0.042,0.043,0.042,0.043,111638
AZS,20161018,0.031,0.032,0.031,0.032,634847
AZV,20161018,0.1,0.1,0.1,0.1,99963
AZY,20161018,0.031,0.032,0.031,0.031,940438
BAF,20161018,1.155,1.155,1.13,1.135,362598
BAL,20161018,12.05,12.19,11.97,12.16,324805
BAP,20161018,5.47,5.54,5.45,5.46,970290
BAR,20161018,0.042,0.042,0.042,0.042,277754
BAU,20161018,0.058,0.058,0.058,0.058,20000
BBG,20161018,1.28,1.28,1.215,1.245,246734
BBN,20161018,2.68,2.77,2.65,2.77,201928
BBOZ,20161018,21.85,21.92,21.64,21.72,102101
BBR,20161018,0.06,0.06,0.06,0.06,20000
BBUS,20161018,10.12,10.12,10.04,10.04,76400
BBX,20161018,0.046,0.046,0.046,0.046,163000
BCI,20161018,0.175,0.175,0.17,0.17,476016
BCK,20161018,0.017,0.017,0.017,0.017,10800
BCT,20161018,0.03,0.03,0.03,0.03,50000
BD1,20161018,0.036,0.037,0.035,0.035,2043362
BDI,20161018,0.001,0.001,0.001,0.001,600000
BDR,20161018,0.41,0.435,0.41,0.435,3954601
BEAR,20161018,16.28,16.3,16.22,16.22,20056
BEE,20161018,0.465,0.61,0.46,0.5,2084485
BEN,20161018,11.02,11.05,10.89,10.91,1622645
BFC,20161018,0.36,0.367,0.355,0.36,422661
BFG,20161018,0.715,0.715,0.69,0.715,160605
BGA,20161018,6.48,6.53,6.44,6.48,141538
BGH,20161018,0.03,0.03,0.03,0.03,311500
BGL,20161018,1.015,1.035,1.01,1.025,592222
BGS,20161018,0.32,0.335,0.305,0.335,1475407
BHP,20161018,22.3,22.66,22.24,22.64,7468994
BID,20161018,0.08,0.08,0.08,0.08,49109
BIG,20161018,0.105,0.105,0.105,0.105,166983
BIQ,20161018,0.12,0.125,0.12,0.125,77102
BIS,20161018,0.45,0.465,0.45,0.465,25947
BIT,20161018,0.047,0.048,0.047,0.047,207750
BKI,20161018,1.56,1.57,1.56,1.56,185681
BKL,20161018,116.85,116.85,112.45,112.89,234173
BKN,20161018,3.22,3.24,3.22,3.23,1006385
BKT,20161018,0.155,0.16,0.15,0.16,372105
BKW,20161018,13.89,13.89,13.76,13.82,187227
BKY,20161018,0.8,0.8,0.76,0.775,591241
BLA,20161018,6.78,7.12,6.78,7.07,105527
BLD,20161018,6.6,6.68,6.6,6.65,1359155
BLG,20161018,0.385,0.385,0.38,0.38,115165
BLK,20161018,0.71,0.74,0.695,0.735,2753373
BLT,20161018,0.09,0.093,0.09,0.093,151906
BLX,20161018,1.775,1.802,1.75,1.75,24124
BLY,20161018,0.14,0.145,0.14,0.145,178924
BLZ,20161018,0.049,0.053,0.048,0.053,1830425
BML,20161018,0.002,0.002,0.002,0.002,44442
BMN,20161018,0.032,0.032,0.032,0.032,133434
BMP,20161018,0.42,0.42,0.42,0.42,701
BMT,20161018,0.255,0.255,0.25,0.25,125409
BNO,20161018,0.41,0.435,0.41,0.43,492714
BNR,20161018,0.026,0.026,0.026,0.026,6660
BOA,20161018,0.165,0.17,0.16,0.17,93300
BOE,20161018,0.062,0.062,0.056,0.056,3747107
BOL,20161018,0.125,0.125,0.125,0.125,27812
BOND,20161018,26.18,26.18,26.15,26.15,2108
BOQ,20161018,11.09,11.09,10.97,11.05,1665735
BOT,20161018,0.046,0.051,0.046,0.05,1868107
BPF,20161018,0.27,0.275,0.27,0.27,289863
BPH,20161018,0.004,0.004,0.004,0.004,7500
BPL,20161018,0.086,0.086,0.082,0.084,540868
BPS,20161018,0.915,0.915,0.915,0.915,70550
BPT,20161018,0.76,0.76,0.745,0.75,3632105
BRB,20161018,0.625,0.64,0.61,0.63,267636
BRC,20161018,0.115,0.115,0.115,0.115,4400
BRG,20161018,9.39,9.4,9.26,9.3,96604
BRK,20161018,0.011,0.011,0.011,0.011,300000
BRL,20161018,0.049,0.05,0.047,0.049,1404339
BRN,20161018,0.275,0.275,0.245,0.255,4192814
BRU,20161018,0.21,0.22,0.205,0.205,166112
BSA,20161018,0.305,0.31,0.3,0.31,151229
BSE,20161018,0.16,0.18,0.16,0.175,1298358
BSL,20161018,7.75,7.88,7.7,7.81,3981206
BSM,20161018,0.017,0.018,0.016,0.016,13321825
BSR,20161018,0.019,0.019,0.019,0.019,130483
BTI,20161018,1.08,1.085,1.08,1.085,10250
BTT,20161018,9.53,9.7,9.48,9.62,753337
BUD,20161018,0.088,0.088,0.086,0.087,337721
BUG,20161018,0.4,0.4,0.4,0.4,2223
BUL,20161018,0.026,0.026,0.026,0.026,368807
BUX,20161018,0.087,0.087,0.087,0.087,176000
BWF,20161018,0.68,0.69,0.66,0.69,52510
BWP,20161018,3.05,3.09,3.05,3.05,767072
BWR,20161018,1.22,1.22,1.22,1.22,9049
BWX,20161018,5.18,5.18,5.05,5.1,157619
BXB,20161018,12.02,12.12,11.96,12.09,2499102
BYE,20161018,0.13,0.13,0.13,0.13,2000
BYI,20161018,1.235,1.25,1.235,1.25,4000
BYL,20161018,0.09,0.09,0.09,0.09,25292
BYR,20161018,0.069,0.072,0.067,0.071,1476878
CAA,20161018,0.18,0.185,0.18,0.185,366456
CAB,20161018,3.59,3.62,3.52,3.62,159132
CAD,20161018,0.004,0.004,0.004,0.004,4075000
CAE,20161018,0.014,0.014,0.014,0.014,35550
CAF,20161018,0.54,0.54,0.53,0.53,46747
CAJ,20161018,0.135,0.14,0.13,0.135,384494
CAM,20161018,0.83,0.83,0.82,0.82,9718
CAR,20161018,12.04,12.1,11.94,12.03,681135
CAS,20161018,0.12,0.12,0.12,0.12,222567
CAT,20161018,3.51,3.57,3.49,3.52,114936
CAV,20161018,0.012,0.012,0.011,0.011,762567
CAY,20161018,0.115,0.115,0.115,0.115,125120
CAZ,20161018,0.076,0.076,0.075,0.075,250666
CBA,20161018,74.4,74.67,73.81,74.59,2662749
CBL,20161018,3.6,3.65,3.54,3.54,59093
CBQ,20161018,0.005,0.005,0.005,0.005,218478
CCA,20161018,0.56,0.56,0.56,0.56,20000
CCL,20161018,9.96,10,9.87,9.98,1532372
CCP,20161018,18.98,20.16,18.97,19.89,622143
CCV,20161018,0.345,0.345,0.335,0.34,264932
CDA,20161018,1.485,1.565,1.46,1.565,413704
CDC,20161018,0.165,0.165,0.16,0.16,140208
CDD,20161018,1.115,1.125,1.035,1.035,1527515
CDM,20161018,1.235,1.25,1.215,1.23,277813
CDP,20161018,7.95,7.95,7.86,7.95,15075
CDV,20161018,0.635,0.66,0.632,0.66,851595
CDY,20161018,0.035,0.035,0.034,0.035,986963
CETF,20161018,50.98,50.98,50.98,50.98,0
CFE,20161018,0.017,0.018,0.017,0.018,535151
CGA,20161018,1.69,1.7,1.68,1.68,14731
CGC,20161018,2.87,2.94,2.87,2.92,294338
CGF,20161018,10.25,10.765,10.25,10.62,3678438
CGL,20161018,5.27,5.4,5.25,5.4,23624
CGM,20161018,0.013,0.013,0.012,0.012,680251
CGN,20161018,0.048,0.048,0.048,0.048,25000
CGR,20161018,0.255,0.255,0.255,0.255,35000
CGS,20161018,1.05,1.07,1.05,1.065,150346
CHC,20161018,4.96,5,4.935,4.94,2020771
CHK,20161018,0.015,0.015,0.015,0.015,122000
CHN,20161018,0.15,0.155,0.15,0.155,32191
CHZ,20161018,0.043,0.043,0.043,0.043,19029
CIE,20161018,0.965,0.97,0.965,0.97,54937
CII,20161018,2.29,2.29,2.29,2.29,10000
CIM,20161018,28.01,28.17,27.66,27.69,516158
CIN,20161018,31.83,31.83,31.83,31.83,159
CIW,20161018,0.65,0.68,0.65,0.68,136619
CJC,20161018,0.006,0.006,0.006,0.006,1233381
CKA,20161018,0.047,0.047,0.046,0.046,596725
CKF,20161018,4.99,5.08,4.98,5.02,720352
CL1,20161018,3.38,3.44,3.34,3.41,125361
CL8,20161018,0.018,0.019,0.018,0.019,965404
CLH,20161018,1.3,1.317,1.29,1.3,112706
CLQ,20161018,0.38,0.395,0.325,0.395,4839494
CLT,20161018,0.25,0.25,0.25,0.25,6594
CLV,20161018,0.595,0.595,0.58,0.595,890513
CLX,20161018,0.82,0.82,0.8,0.8,15552
CLY,20161018,0.003,0.003,0.003,0.003,605628
CLZ,20161018,0.005,0.005,0.004,0.004,400000
CM8,20161018,0.15,0.155,0.15,0.155,221877
CMA,20161018,2.18,2.18,2.16,2.16,58424
CMC,20161018,0.031,0.031,0.02,0.03,289809
CMI,20161018,1.12,1.12,1.07,1.1,112947
CMM,20161018,0.115,0.115,0.115,0.115,102460
CMP,20161018,0.68,0.69,0.68,0.69,68546
CMW,20161018,0.905,0.912,0.9,0.905,3217326
CMY,20161018,0.003,0.003,0.002,0.002,832136
CND,20161018,0.115,0.125,0.115,0.125,9000
CNI,20161018,1.05,1.05,1.05,1.05,11443
CNJ,20161018,0.031,0.031,0.029,0.029,956693
CNQ,20161018,0.024,0.025,0.024,0.025,92394
CNU,20161018,3.38,3.42,3.37,3.4,120705
CNW,20161018,0.03,0.03,0.028,0.028,510877
CNX,20161018,0.013,0.013,0.013,0.013,500000
COE,20161018,0.37,0.37,0.355,0.36,149298
COH,20161018,136.5,137.37,135.67,136.9,135972
COI,20161018,0.056,0.056,0.054,0.054,172289
COO,20161018,0.075,0.075,0.075,0.075,40000
COY,20161018,0.01,0.013,0.01,0.013,100001
CPU,20161018,10.9,10.94,10.63,10.81,1695866
CQR,20161018,4.19,4.205,4.16,4.2,1104762
CRB,20161018,0.18,0.18,0.175,0.177,428923
CRL,20161018,0.053,0.053,0.053,0.053,12525
CSE,20161018,0.295,0.295,0.295,0.295,6450
CSL,20161018,104.52,105.41,103.7,105.28,1072671
CSR,20161018,3.72,3.74,3.69,3.72,2762319
CSS,20161018,0.045,0.045,0.044,0.044,249801
CSV,20161018,1.39,1.415,1.362,1.4,786921
CTD,20161018,17.39,17.57,17.02,17.47,285338
CTM,20161018,0.009,0.009,0.008,0.009,3575306
CTN,20161018,1.1,1.105,1.09,1.095,218622
CTO,20161018,0.012,0.012,0.011,0.011,1867130
CTP,20161018,0.125,0.135,0.125,0.125,946779
CTX,20161018,34.29,34.85,32.62,32.87,2447054
CUE,20161018,0.089,0.09,0.088,0.089,457707
CUL,20161018,0.003,0.003,0.003,0.003,209338
CUP,20161018,0.82,0.82,0.815,0.82,80454
CUV,20161018,6.9,7,6.8,6.96,25513
CV1,20161018,0.14,0.14,0.13,0.13,197029
CVC,20161018,1.63,1.63,1.63,1.63,11842
CVO,20161018,1.4,1.415,1.385,1.39,855355
CVT,20161018,0.125,0.13,0.12,0.12,356600
CVW,20161018,1.135,1.15,1.13,1.13,79077
CWE,20161018,0.037,0.037,0.035,0.037,342026
CWN,20161018,11.41,11.49,11.21,11.34,6792595
CWP,20161018,4.6,4.64,4.59,4.61,52141
CWY,20161018,1.13,1.135,1.11,1.11,1331933
CXM,20161018,0.068,0.068,0.068,0.068,120000
CXO,20161018,0.096,0.12,0.096,0.12,33770284
CXX,20161018,0.28,0.28,0.28,0.28,164528
CXZ,20161018,0.11,0.11,0.105,0.105,115451
CYB,20161018,4.15,4.22,4.15,4.21,1052954
CYC,20161018,1.11,1.16,1.11,1.16,531350
CYG,20161018,0.9,0.905,0.9,0.905,12322
CYP,20161018,0.57,0.58,0.56,0.565,66005
CYU,20161018,0.007,0.008,0.007,0.008,75000
CYY,20161018,0.019,0.02,0.018,0.019,675750
CZA,20161018,0.06,0.06,0.06,0.06,34116
CZI,20161018,0.048,0.05,0.048,0.05,108478
CZL,20161018,0.034,0.036,0.032,0.034,606187
CZN,20161018,0.018,0.018,0.016,0.016,7510134
CZZ,20161018,19.07,19.08,18.75,19,8777
D13,20161018,0.115,0.12,0.115,0.12,604680
DAF,20161018,0.012,0.012,0.012,0.012,50000
DCC,20161018,0.086,0.086,0.085,0.085,36254
DCG,20161018,1.18,1.185,1.175,1.185,165036
DCN,20161018,3.27,3.33,3.27,3.3,122150
DDR,20161018,2.25,2.32,2.24,2.28,66537
DDT,20161018,0.016,0.017,0.016,0.017,90000
DEG,20161018,0.002,0.003,0.002,0.003,1727500
DFM,20161018,0.95,0.955,0.937,0.955,66490
DGR,20161018,0.073,0.074,0.073,0.074,334320
DHR,20161018,0.011,0.011,0.01,0.011,597600
DJRE,20161018,20.36,20.41,20.34,20.39,45581
DJW,20161018,3.65,3.66,3.62,3.63,77954
DKM,20161018,0.245,0.25,0.245,0.25,445328
DKO,20161018,0.069,0.069,0.066,0.069,423923
DLC,20161018,0.006,0.006,0.006,0.006,1000000
DLE,20161018,0.016,0.017,0.016,0.016,2484050
DLX,20161018,6.38,6.43,6.32,6.41,1365107
DMC,20161018,0.12,0.12,0.12,0.12,12500
DME,20161018,0.33,0.34,0.33,0.34,15000
DMP,20161018,67.34,67.5,66.54,66.96,257342
DNA,20161018,0.42,0.42,0.405,0.41,782609
DNK,20161018,0.37,0.37,0.37,0.37,5330
DOW,20161018,5.7,5.72,5.62,5.65,1568067
DRM,20161018,0.605,0.63,0.595,0.62,784289
DRO,20161018,0.195,0.2,0.195,0.2,12030
DRX,20161018,0.012,0.014,0.01,0.014,338086
DTI,20161018,0.495,0.5,0.495,0.5,18000
DTL,20161018,1.57,1.57,1.54,1.56,135271
DTM,20161018,0.012,0.012,0.012,0.012,389973
DTX,20161018,0.395,0.395,0.395,0.395,10000
DUB,20161018,0.59,0.59,0.54,0.55,234438
DUE,20161018,2.36,2.43,2.36,2.43,9845740
DUI,20161018,3.32,3.33,3.31,3.31,17000
DVL,20161018,0.49,0.49,0.49,0.49,16733
DWS,20161018,1.25,1.25,1.235,1.235,163506
DXB,20161018,0.01,0.01,0.009,0.01,4594105
DXF,20161018,0.65,0.68,0.65,0.68,87426
DXS,20161018,8.74,8.79,8.72,8.74,2795301
DYE,20161018,0.225,0.225,0.225,0.225,53778
DYL,20161018,0.004,0.005,0.004,0.005,633732
EAI,20161018,0.86,0.87,0.855,0.86,190909
EAR,20161018,0.235,0.24,0.235,0.24,341702
EBO,20161018,16.86,16.86,16.8,16.8,227
ECX,20161018,4.02,4.02,3.92,3.97,344412
EDE,20161018,0.215,0.225,0.215,0.22,3226103
EEG,20161018,0.015,0.015,0.014,0.014,929900
EER,20161018,0.015,0.015,0.015,0.015,125000
EGA,20161018,0.3,0.315,0.3,0.315,42889
EGG,20161018,1.155,1.155,1.08,1.08,63474
EGH,20161018,0.715,0.715,0.71,0.715,19664
EGI,20161018,1,1,0.99,0.99,72102
EGN,20161018,0.14,0.14,0.14,0.14,8500
EGO,20161018,0.31,0.32,0.31,0.31,30434
EHE,20161018,2.66,2.7,2.63,2.64,566897
EHL,20161018,0.07,0.07,0.068,0.07,1236405
ELD,20161018,3.92,3.94,3.82,3.91,242796
ELK,20161018,0.067,0.067,0.067,0.067,100000
ELM,20161018,0.165,0.17,0.165,0.17,111000
ELT,20161018,0.007,0.007,0.007,0.007,200000
ELX,20161018,1.265,1.265,1.24,1.24,25000
EMC,20161018,0.985,0.99,0.88,0.92,2123719
EMG,20161018,0.01,0.01,0.01,0.01,328716
EMH,20161018,0.475,0.495,0.455,0.495,47971
EML,20161018,1.94,1.99,1.82,1.855,643235
EMR,20161018,0.042,0.047,0.042,0.047,2108779
EMU,20161018,0.085,0.085,0.085,0.085,3500
EMX,20161018,0.043,0.045,0.043,0.045,1149286
ENA,20161018,0.19,0.19,0.19,0.19,140000
ENC,20161018,0.245,0.245,0.245,0.245,20000
ENN,20161018,2.16,2.17,2.14,2.16,55639
ENR,20161018,0.1,0.1,0.1,0.1,85900
ENT,20161018,0.017,0.017,0.017,0.017,60000
ENZ,20161018,0.145,0.145,0.145,0.145,3500
EOS,20161018,1.125,1.125,1.1,1.1,25972
EPD,20161018,0.485,0.485,0.475,0.475,114953
EPM,20161018,0.006,0.006,0.006,0.006,1018236
EPW,20161018,1.12,1.135,1.12,1.13,63153
EQE,20161018,0.011,0.011,0.011,0.011,217298
EQT,20161018,19,19.63,19,19.3,4046
EQU,20161018,0.022,0.022,0.022,0.022,126961
EQX,20161018,0.43,0.435,0.425,0.435,102007
ERA,20161018,0.34,0.345,0.34,0.34,38168
ERL,20161018,0.035,0.035,0.033,0.034,690172
ERM,20161018,0.125,0.13,0.125,0.125,214934
ESI,20161018,0.017,0.017,0.016,0.016,2312605
ESK,20161018,0.27,0.33,0.27,0.305,119000
ESV,20161018,0.125,0.125,0.12,0.12,21150
ETF,20161018,19.53,19.61,19.53,19.59,2189
ETPMAG,20161018,22,22.13,21.96,22.09,8323
ETPMPD,20161018,89.51,89.51,89.51,89.51,0
ETPMPM,20161018,118.96,118.96,118.96,118.96,0
ETPMPT,20161018,118.64,118.64,118.64,118.64,0
EVE,20161018,0.009,0.009,0.009,0.009,1000000
EVN,20161018,2.15,2.2,2.14,2.17,6138581
EVT,20161018,14.65,14.76,14.6,14.64,14923
EWC,20161018,0.21,0.225,0.202,0.225,177756
EXC,20161018,0.072,0.073,0.072,0.073,137820
EXG,20161018,0.031,0.031,0.028,0.028,2144672
EXR,20161018,0.035,0.035,0.032,0.032,264547
EXU,20161018,0.079,0.079,0.077,0.077,482566
EYM,20161018,0.009,0.01,0.009,0.009,2982393
EZL,20161018,1.05,1.05,1.05,1.05,1541
FAN,20161018,3.45,3.46,3.45,3.46,34888
FAR,20161018,0.08,0.082,0.079,0.082,6645017
FBR,20161018,0.135,0.145,0.135,0.135,4559948
FBU,20161018,9.74,9.74,9.56,9.61,779604
FCT,20161018,0.59,0.59,0.58,0.58,287587
FET,20161018,2.5,2.61,2.4,2.53,509933
FFC,20161018,0.16,0.16,0.16,0.16,5000
FFT,20161018,0.19,0.19,0.185,0.185,107700
FGG,20161018,1.07,1.08,1.065,1.075,125910
FGR,20161018,0.12,0.125,0.115,0.125,921863
FGX,20161018,1.15,1.16,1.15,1.155,415352
FID,20161018,3.17,3.17,3.14,3.15,6259
FLK,20161018,0.95,0.95,0.925,0.95,247208
FLN,20161018,1.48,1.48,1.46,1.47,19431
FLT,20161018,35.04,35.24,34.17,34.3,630889
FMG,20161018,5.05,5.14,5.015,5.13,13944011
FML,20161018,0.5,0.5,0.48,0.48,26099
FMS,20161018,0.018,0.018,0.018,0.018,16196
FND,20161018,0.175,0.175,0.175,0.175,30000
FNP,20161018,4.92,4.92,4.735,4.75,101071
FNT,20161018,0.045,0.045,0.042,0.043,111686
FOD,20161018,0.105,0.11,0.105,0.11,52367
FPH,20161018,8.69,8.705,8.65,8.66,798471
FRI,20161018,0.86,0.89,0.86,0.89,43593
FRM,20161018,1.745,1.745,1.73,1.73,22484
FRN,20161018,0.023,0.023,0.022,0.022,1422545
FSA,20161018,1.14,1.145,1.14,1.145,39000
FSF,20161018,5.53,5.58,5.52,5.52,18192
FSI,20161018,1.6,1.6,1.6,1.6,6000
FTT,20161018,0.071,0.073,0.071,0.071,1124974
FUN,20161018,0.019,0.02,0.019,0.02,464050
FWD,20161018,1.945,1.96,1.93,1.945,14440
FXJ,20161018,0.895,0.905,0.88,0.88,7565070
FXL,20161018,2.27,2.28,2.22,2.26,993941
FZO,20161018,0.25,0.255,0.24,0.245,228000
G8C,20161018,0.034,0.035,0.034,0.035,1768287
GAP,20161018,0.415,0.415,0.415,0.415,48589
GBG,20161018,0.018,0.018,0.018,0.018,33131
GBI,20161018,0.18,0.19,0.18,0.19,150000
GBM,20161018,0.008,0.008,0.008,0.008,107471
GBT,20161018,3.94,3.95,3.9,3.92,99172
GBX,20161018,0.004,0.004,0.004,0.004,2000000
GBZ,20161018,0.019,0.023,0.019,0.023,1357472
GC1,20161018,1,1,0.98,0.995,194251
GCM,20161018,0.98,0.98,0.98,0.98,10000
GCS,20161018,0.46,0.48,0.46,0.48,43645
GCY,20161018,0.59,0.595,0.585,0.59,1954519
GDF,20161018,1.02,1.04,1.005,1.04,114594
GDI,20161018,0.975,0.975,0.965,0.97,297401
GDX,20161018,30.72,30.85,30.66,30.83,36258
GDY,20161018,0.015,0.015,0.015,0.015,143582
GEAR,20161018,18.87,19.02,18.87,18.98,45744
GEG,20161018,1.4,1.42,1.35,1.35,57669
GEM,20161018,3.07,3.1,3.06,3.07,1010080
GER,20161018,0.067,0.067,0.06,0.06,11667
GES,20161018,0.02,0.03,0.02,0.03,230000
GFI,20161018,0.295,0.295,0.295,0.295,3046
GFL,20161018,1.46,1.46,1.4,1.4,15587
GFY,20161018,0.785,0.84,0.785,0.835,198754
GGG,20161018,0.072,0.078,0.068,0.072,7535432
GGL,20161018,0.04,0.04,0.038,0.04,492994
GGUS,20161018,9.79,9.79,9.79,9.79,0
GGX,20161018,0.003,0.003,0.003,0.003,1520000
GHC,20161018,1.895,1.915,1.895,1.915,294571
GLF,20161018,0.009,0.009,0.008,0.008,1012700
GLH,20161018,0.47,0.47,0.47,0.47,20000
GMA,20161018,2.69,2.72,2.67,2.69,806203
GMC,20161018,0.027,0.028,0.025,0.025,9900499
GMD,20161018,0.03,0.03,0.028,0.028,624959
GME,20161018,0.025,0.025,0.022,0.022,106478
GMG,20161018,6.86,6.955,6.85,6.9,2939229
GMN,20161018,0.14,0.14,0.135,0.14,125785
GMR,20161018,0.009,0.009,0.009,0.009,1536315
GNC,20161018,8.03,8.07,7.94,7.94,279999
GNE,20161018,1.89,1.9,1.85,1.865,31217
GNG,20161018,1.93,1.95,1.9,1.935,173408
GNX,20161018,0.235,0.235,0.225,0.225,104000
GOLD,20161018,156.66,157.54,156.04,157.54,7508
GOR,20161018,0.56,0.58,0.56,0.575,1546902
GOVT,20161018,26.12,26.27,26.04,26.04,6240
GOZ,20161018,3.21,3.25,3.16,3.21,287177
GPH,20161018,0.08,0.08,0.079,0.08,416328
GPP,20161018,0.012,0.012,0.01,0.011,70699382
GPR,20161018,0.04,0.042,0.04,0.042,153329
GPT,20161018,4.72,4.83,4.72,4.78,5443037
GPX,20161018,0.435,0.435,0.42,0.42,79648
GRA,20161018,0.655,0.69,0.655,0.69,5459
GRB,20161018,0.039,0.039,0.037,0.037,2063739
GRR,20161018,0.12,0.12,0.117,0.12,1337542
GSC,20161018,0.06,0.06,0.06,0.06,100000
GSS,20161018,0.545,0.55,0.53,0.55,79086
GTE,20161018,0.015,0.016,0.015,0.016,859428
GTK,20161018,3.29,3.29,3.21,3.25,125649
GTN,20161018,3.37,3.47,3.35,3.47,30609
GTY,20161018,2.33,2.33,2.29,2.3,692642
GUD,20161018,10.66,10.69,10.52,10.62,169944
GVF,20161018,1.055,1.065,1.055,1.065,128100
GWA,20161018,2.9,2.9,2.82,2.85,770635
GXL,20161018,6.85,6.88,6.74,6.76,262593
GXY,20161018,0.325,0.335,0.32,0.325,6403894
GZL,20161018,2.5,2.5,2.5,2.5,250
HAS,20161018,0.095,0.095,0.095,0.095,100000
HAV,20161018,0.675,0.675,0.675,0.675,17000
HAW,20161018,0.04,0.04,0.04,0.04,22956
HCH,20161018,0.042,0.042,0.042,0.042,13517
HCT,20161018,0.13,0.13,0.13,0.13,2834
HEG,20161018,0.002,0.002,0.002,0.002,1000000
HFA,20161018,2.26,2.28,2.26,2.28,364134
HFR,20161018,1.18,1.19,1.13,1.13,210805
HGG,20161018,3.97,4.01,3.94,3.99,5743431
HGO,20161018,0.062,0.062,0.06,0.06,92459
HHL,20161018,3.55,3.67,3.55,3.67,10457
HHV,20161018,1.34,1.355,1.34,1.34,101890
HIG,20161018,0.059,0.059,0.059,0.059,74718
HIL,20161018,0.64,0.655,0.64,0.645,1022670
HIT,20161018,0.52,0.52,0.52,0.52,1600
HLO,20161018,4.68,4.68,4.68,4.68,421
HLX,20161018,0.075,0.075,0.073,0.073,191301
HNR,20161018,0.019,0.019,0.018,0.019,841486
HOM,20161018,0.495,0.495,0.47,0.47,24958
HOR,20161018,0.016,0.016,0.016,0.016,1000000
HOT,20161018,0.205,0.21,0.2,0.21,681670
HPI,20161018,2.86,2.86,2.82,2.82,332176
HRR,20161018,0.135,0.14,0.135,0.14,147101
HSK,20161018,0.061,0.061,0.061,0.061,200000
HSN,20161018,4.29,4.3,4.2,4.27,209453
HSO,20161018,2.95,2.96,2.88,2.93,5009689
HT8,20161018,0.105,0.105,0.105,0.105,18000
HTA,20161018,0.083,0.083,0.08,0.08,10006
HUB,20161018,5.08,5.19,5.03,5.08,53413
HVN,20161018,5.24,5.27,5.15,5.15,2279349
HVST,20161018,20.03,20.13,20.01,20.09,48447
HXG,20161018,0.295,0.295,0.275,0.28,804342
HZN,20161018,0.037,0.038,0.037,0.038,507050
HZR,20161018,0.56,0.56,0.55,0.55,42244
IAA,20161018,64.4,64.58,63.94,64.06,4028
IAF,20161018,107.09,107.21,106.85,106.86,10400
IAG,20161018,5.57,5.58,5.54,5.56,6374882
IAM,20161018,0.032,0.034,0.032,0.032,9856136
IBC,20161018,0.47,0.475,0.47,0.475,28206
IBG,20161018,0.071,0.073,0.071,0.073,278151
IBK,20161018,44.75,44.75,44.57,44.57,2225
ICG,20161018,0.011,0.011,0.01,0.01,18770761
ICN,20161018,0.029,0.033,0.029,0.033,2478805
ICQ,20161018,0.305,0.315,0.305,0.315,102720
ICS,20161018,1.65,1.65,1.6,1.6,1725
ICT,20161018,0.037,0.037,0.035,0.035,90591
IDA,20161018,0.11,0.11,0.11,0.11,4550
IDR,20161018,2.07,2.09,2.06,2.09,50026
IDT,20161018,0.215,0.225,0.215,0.225,582568
IDX,20161018,1.595,1.64,1.55,1.64,14399
IDZ,20161018,0.44,0.44,0.44,0.44,5100
IEC,20161018,0.015,0.015,0.015,0.015,191000
IEL,20161018,4.34,4.66,4.34,4.6,36577
IEM,20161018,48.45,50,48.22,48.4,21401
IEU,20161018,50.11,50.14,49.86,49.86,12642
IFL,20161018,8.4,8.45,8.35,8.37,682931
IFM,20161018,0.78,0.78,0.765,0.78,137991
IFN,20161018,0.805,0.875,0.805,0.87,5236040
IFT,20161018,2.85,2.85,2.85,2.85,3000
IGB,20161018,105.06,105.06,104.92,104.92,1327
IGL,20161018,2.15,2.15,2.12,2.12,36200
IGO,20161018,3.92,3.94,3.85,3.86,2352766
IHCB,20161018,107.73,107.73,107.58,107.58,734
IHD,20161018,13.11,13.14,13.07,13.1,19165
IHEB,20161018,108.2,108.2,108.2,108.2,240
IHHY,20161018,106.25,106.25,106.25,106.25,120
IHOO,20161018,98.99,99.2,98.99,99.02,784
IHVV,20161018,269.48,271.21,269.48,271.21,250
IIL,20161018,0.685,0.72,0.685,0.705,824678
IJH,20161018,198.6,198.6,198.47,198.51,295
IJP,20161018,16.2,16.24,16.13,16.18,14373
IJR,20161018,159,159,158.33,158.34,630
IKO,20161018,73.3,73.3,73.1,73.25,8443
IKW,20161018,0.008,0.008,0.008,0.008,150000
ILB,20161018,115.05,115.77,114.96,114.96,3403
ILC,20161018,21.89,22.03,21.89,22.03,2745
ILU,20161018,5.52,5.64,5.49,5.61,3567695
IMC,20161018,0.36,0.365,0.35,0.355,211451
IMD,20161018,0.515,0.54,0.475,0.54,898244
IMF,20161018,1.76,1.81,1.76,1.795,140185
IMU,20161018,0.008,0.008,0.007,0.008,2947032
INA,20161018,2.78,2.79,2.75,2.75,84148
INL,20161018,0.015,0.015,0.013,0.013,1805643
INM,20161018,44.88,44.93,44.45,44.65,64963
INV,20161018,0.32,0.33,0.32,0.33,33334
IOD,20161018,0.019,0.02,0.019,0.02,146998
IOF,20161018,4.26,4.31,4.26,4.26,1237508
IOG,20161018,0.05,0.05,0.05,0.05,166000
IOO,20161018,97.84,97.84,96.82,96.84,11341
IOT,20161018,0.025,0.026,0.025,0.025,1662905
IOZ,20161018,22.1,22.18,22.06,22.17,60983
IPB,20161018,0.016,0.016,0.016,0.016,49500
IPD,20161018,1.55,1.6,1.54,1.585,262942
IPE,20161018,0.23,0.23,0.23,0.23,31131
IPH,20161018,5.58,5.58,5.46,5.46,549019
IPL,20161018,2.89,2.9,2.77,2.78,6812182
IPT,20161018,0.029,0.03,0.029,0.029,626655
IQE,20161018,0.067,0.067,0.061,0.061,104000
IRC,20161018,0.105,0.105,0.1,0.105,422832
IRD,20161018,0.12,0.13,0.12,0.13,60569
IRE,20161018,11.79,11.8,11.41,11.5,415979
IRI,20161018,2.33,2.34,2.3,2.3,103753
IRM,20161018,0.045,0.045,0.041,0.041,312500
IRU,20161018,158.75,158.75,157.54,157.54,773
ISD,20161018,3.7,3.7,3.6,3.62,1318645
ISG,20161018,13.7,13.7,13.54,13.54,1475
ISO,20161018,4.31,4.32,4.31,4.32,16344
ISU,20161018,1.8,1.87,1.8,1.86,121713
ISX,20161018,0.185,0.19,0.18,0.18,504126
ITD,20161018,0.225,0.225,0.225,0.225,27121
ITQ,20161018,6.99,6.99,6.98,6.98,3080
ITW,20161018,20.5,20.5,20.15,20.2,1210
IVC,20161018,13.92,13.93,13.72,13.81,127831
IVE,20161018,75.39,75.61,75.24,75.25,11513
IVO,20161018,0.018,0.018,0.018,0.018,12000
IVR,20161018,0.036,0.036,0.036,0.036,10000
IVV,20161018,280.32,280.32,279.41,279.49,10883
IXI,20161018,126.79,126.79,125.75,125.76,1812
IXJ,20161018,127.6,127.6,126.7,126.7,3793
IXP,20161018,78.9,78.9,78.54,78.54,273
IZZ,20161018,49.5,49.58,48.67,49.03,3481
JAL,20161018,0.07,0.07,0.07,0.07,100000
JBH,20161018,28.7,29.26,28.61,28.79,883885
JCS,20161018,0.015,0.015,0.014,0.014,4006566
JHC,20161018,1.845,1.89,1.84,1.88,1278154
JHL,20161018,0.058,0.058,0.054,0.054,224761
JHX,20161018,20.18,20.355,20.03,20.11,828254
JIN,20161018,1.74,1.74,1.72,1.72,10842
JKA,20161018,0.004,0.004,0.004,0.004,3676009
JKL,20161018,0.21,0.21,0.2,0.21,278593
JRV,20161018,0.047,0.047,0.047,0.047,100000
JYC,20161018,1.5,1.51,1.5,1.51,5000
KAI,20161018,0.047,0.047,0.046,0.046,269800
KAM,20161018,0.355,0.375,0.355,0.375,230824
KAR,20161018,1.895,1.895,1.815,1.83,879173
KAS,20161018,0.023,0.024,0.023,0.024,202531
KAT,20161018,0.755,0.755,0.75,0.75,8424
KBU,20161018,0.03,0.03,0.028,0.028,450000
KCN,20161018,0.255,0.26,0.24,0.255,2232749
KDL,20161018,0.055,0.06,0.055,0.06,108500
KDR,20161018,0.545,0.605,0.54,0.59,10944887
KFE,20161018,0.019,0.019,0.019,0.019,815005
KGD,20161018,0.03,0.03,0.03,0.03,58299
KGL,20161018,0.245,0.25,0.245,0.245,48747
KGN,20161018,1.485,1.525,1.48,1.48,56094
KII,20161018,2.3,2.33,2.3,2.33,1429
KKL,20161018,0.005,0.005,0.005,0.005,8136753
KKO,20161018,0.032,0.032,0.032,0.032,200000
KLR,20161018,0.05,0.05,0.05,0.05,900
KMD,20161018,1.84,1.84,1.795,1.81,208654
KME,20161018,0.355,0.37,0.35,0.37,102773
KNL,20161018,0.22,0.22,0.205,0.205,862229
KNM,20161018,0.014,0.015,0.014,0.015,367188
KOV,20161018,2.22,2.22,2.22,2.22,4196
KPC,20161018,0.075,0.075,0.073,0.073,61000
KPO,20161018,0.087,0.089,0.087,0.087,130412
KRC,20161018,0.009,0.009,0.008,0.008,467778
KRL,20161018,0.007,0.007,0.007,0.007,128556
KRM,20161018,0.135,0.135,0.13,0.13,54480
KSC,20161018,1.37,1.37,1.365,1.365,44000
KSL,20161018,1,1,1,1,9782
KSN,20161018,0.022,0.023,0.021,0.023,10671121
LAA,20161018,0.24,0.245,0.24,0.245,90625
LAU,20161018,0.44,0.445,0.43,0.43,54075
LBL,20161018,0.13,0.13,0.13,0.13,132962
LBT,20161018,0.72,0.875,0.65,0.825,13919416
LCD,20161018,0.047,0.047,0.045,0.046,347407
LCE,20161018,0.28,0.28,0.28,0.28,3000
LCK,20161018,0.12,0.125,0.12,0.125,161194
LCM,20161018,0.43,0.43,0.425,0.43,21750
LCT,20161018,0.086,0.087,0.084,0.085,351124
LCY,20161018,0.005,0.005,0.005,0.005,9873233
LEG,20161018,0.01,0.011,0.01,0.011,8659909
LEP,20161018,4.44,4.52,4.43,4.51,342583
LER,20161018,0.15,0.15,0.15,0.15,351700
LGD,20161018,0.23,0.23,0.21,0.21,50708
LHC,20161018,1.86,1.95,1.86,1.875,34795
LIC,20161018,3.86,3.87,3.8,3.84,109776
LIN,20161018,0.002,0.002,0.002,0.002,76961936
LIT,20161018,0.185,0.19,0.185,0.185,308927
LKE,20161018,0.065,0.065,0.065,0.065,115000
LKO,20161018,0.001,0.001,0.001,0.001,1350000
LLC,20161018,13.8,14.13,13.8,14.02,1479520
LMG,20161018,0.026,0.027,0.026,0.027,1300655
LML,20161018,0.045,0.045,0.045,0.045,105677
LMW,20161018,0.67,0.67,0.67,0.67,2500
LNG,20161018,0.575,0.595,0.555,0.56,3845574
LNK,20161018,7.67,7.69,7.55,7.67,1081417
LNU,20161018,0.065,0.065,0.061,0.064,773069
LNY,20161018,0.002,0.003,0.002,0.003,3565434
LOM,20161018,0.49,0.49,0.472,0.475,1713232
LOV,20161018,3.54,3.54,3.35,3.35,57470
LPE,20161018,0.027,0.027,0.026,0.027,1107608
LPI,20161018,0.4,0.4,0.38,0.38,229716
LRS,20161018,0.014,0.015,0.014,0.014,2448849
LSN,20161018,0.05,0.05,0.05,0.05,10000
LSR,20161018,0.011,0.011,0.011,0.011,259902
LTN,20161018,0.096,0.1,0.096,0.1,31548
LTR,20161018,0.034,0.038,0.033,0.037,11683297
LVH,20161018,0.2,0.235,0.2,0.21,477500
LVT,20161018,0.15,0.15,0.14,0.15,64886
LWP,20161018,0.001,0.002,0.001,0.002,2010000
LYC,20161018,0.055,0.055,0.054,0.054,5505970
LYL,20161018,2.67,2.67,2.66,2.66,1000
M7T,20161018,0.043,0.043,0.043,0.043,40000
MA1,20161018,0.905,0.905,0.9,0.9,18736
MAD,20161018,0.098,0.098,0.09,0.09,1248644
MAH,20161018,0.105,0.105,0.1,0.1,1653150
MAI,20161018,0.66,0.67,0.66,0.67,12000
MAQ,20161018,11.8,11.8,11.8,11.8,100
MAR,20161018,0.002,0.002,0.002,0.002,200100
MAT,20161018,0.18,0.18,0.17,0.17,74070
MAU,20161018,0.09,0.09,0.082,0.082,120000
MBC,20161018,0.36,0.37,0.36,0.365,47432
MBE,20161018,0.25,0.26,0.25,0.255,1273132
MBK,20161018,0.036,0.036,0.036,0.036,543000
MCE,20161018,0.41,0.41,0.41,0.41,40000
MCP,20161018,1.05,1.085,1.05,1.06,183394
MCR,20161018,0.34,0.345,0.34,0.345,40600
MCT,20161018,0.048,0.049,0.047,0.048,211161
MCX,20161018,0.04,0.04,0.04,0.04,700
MCY,20161018,2.76,2.76,2.75,2.75,6662
MDC,20161018,0.6,0.61,0.59,0.6,247768
MDL,20161018,0.375,0.41,0.375,0.41,124666
MEA,20161018,1.1,1.1,1.08,1.08,157309
MEB,20161018,0.485,0.485,0.415,0.44,854889
MED,20161018,0.024,0.024,0.024,0.024,398114
MEL,20161018,0.065,0.065,0.064,0.065,296756
MEO,20161018,0.031,0.032,0.031,0.032,540290
MEP,20161018,0.097,0.099,0.096,0.096,190205
MEU,20161018,0.015,0.015,0.015,0.015,1000000
MEZ,20161018,2.51,2.51,2.46,2.48,70063
MFF,20161018,1.7,1.7,1.68,1.695,198173
MFG,20161018,21.86,22.07,21.65,21.82,485918
MGC,20161018,1.215,1.23,1.18,1.18,224920
MGE,20161018,2.5,2.5,2.48,2.49,639868
MGL,20161018,0.037,0.037,0.037,0.037,50000
MGP,20161018,0.31,0.33,0.305,0.33,67894
MGR,20161018,2.1,2.145,2.1,2.13,10929785
MGT,20161018,0.04,0.04,0.04,0.04,163501
MGV,20161018,0.096,0.105,0.096,0.1,2464905
MGX,20161018,0.285,0.29,0.285,0.285,201131
MHJ,20161018,1.64,1.66,1.63,1.64,271640
MIG,20161018,0.23,0.23,0.22,0.22,131598
MIL,20161018,1.215,1.215,1.18,1.195,62325
MIN,20161018,10.77,10.975,10.76,10.92,394699
MIR,20161018,2.86,2.9,2.85,2.88,61238
MJP,20161018,0.405,0.405,0.4,0.4,20102
MKO,20161018,0.086,0.086,0.086,0.086,17950
MLA,20161018,0.05,0.05,0.05,0.05,15000
MLB,20161018,1.96,1.975,1.955,1.97,324417
MLD,20161018,1.865,1.865,1.715,1.755,700623
MLM,20161018,0.042,0.042,0.04,0.04,440192
MLT,20161018,4.2,4.2,4.19,4.2,146460
MLX,20161018,1.265,1.325,1.265,1.315,1573904
MMI,20161018,0.12,0.12,0.12,0.12,20000
MMJ,20161018,0.23,0.25,0.23,0.24,484663
MML,20161018,0.65,0.655,0.627,0.645,312056
MMR,20161018,0.021,0.021,0.021,0.021,125000
MMS,20161018,11.62,11.73,11.285,11.4,547688
MNB,20161018,0.005,0.005,0.005,0.005,11000000
MND,20161018,9.5,9.71,9.49,9.65,234882
MNE,20161018,0.017,0.018,0.017,0.018,289000
MNF,20161018,4.74,4.82,4.72,4.74,35582
MNM,20161018,0.01,0.01,0.01,0.01,4284973
MNS,20161018,0.795,0.84,0.787,0.835,1134413
MNW,20161018,0.068,0.068,0.068,0.068,109687
MNY,20161018,1.75,1.75,1.66,1.71,545231
MOAT,20161018,43.36,43.49,43.36,43.46,1772
MOC,20161018,2.04,2.055,2.04,2.05,391810
MOD,20161018,0.033,0.034,0.032,0.032,1390689
MOQ,20161018,0.265,0.265,0.265,0.265,42500
MOX,20161018,0.014,0.014,0.013,0.013,5772441
MOY,20161018,0.27,0.287,0.265,0.275,2596586
MP1,20161018,2.7,2.72,2.68,2.7,45377
MPE,20161018,0.001,0.001,0.001,0.001,3188200
MPL,20161018,2.58,2.6,2.56,2.57,9454096
MPO,20161018,0.14,0.14,0.14,0.14,1109069
MQA,20161018,4.44,4.52,4.36,4.5,3137243
MQG,20161018,82.07,82.59,81.52,81.93,866800
MRC,20161018,0.1,0.1,0.1,0.1,3570
MRD,20161018,0.013,0.013,0.012,0.012,5599230
MRM,20161018,0.33,0.33,0.315,0.32,654762
MRP,20161018,0.095,0.095,0.091,0.091,47000
MRQ,20161018,0.015,0.016,0.015,0.016,2780467
MSB,20161018,1.125,1.15,1.12,1.12,469653
MSG,20161018,0.03,0.03,0.029,0.029,222590
MSM,20161018,0.23,0.24,0.23,0.24,395546
MSP,20161018,0.019,0.02,0.016,0.019,839546
MSR,20161018,0.004,0.004,0.004,0.004,3375000
MSV,20161018,0.036,0.043,0.036,0.039,4646359
MTA,20161018,0.086,0.086,0.078,0.08,2323043
MTB,20161018,0.018,0.021,0.018,0.021,336600
MTL,20161018,0.04,0.04,0.04,0.04,50000
MTO,20161018,3.76,3.88,3.76,3.8,99770
MTR,20161018,3.33,3.36,3.325,3.33,3781507
MTS,20161018,2.11,2.14,2.105,2.12,1750420
MUA,20161018,1,1.01,0.995,1.005,53007
MUS,20161018,0.035,0.035,0.035,0.035,306452
MVA,20161018,19.82,19.82,19.82,19.82,31
MVB,20161018,25.51,25.65,25.49,25.65,21747
MVF,20161018,2.29,2.34,2.275,2.29,716111
MVP,20161018,5.33,5.43,5.26,5.3,130419
MVS,20161018,17.86,17.89,17.86,17.89,322
MVT,20161018,0.165,0.165,0.16,0.16,160241
MVW,20161018,24.02,24.19,24.02,24.19,52594
MWR,20161018,0.6,0.6,0.6,0.6,16647
MX1,20161018,0.44,0.44,0.44,0.44,55454
MXC,20161018,0.048,0.048,0.046,0.046,3971670
MXI,20161018,0.59,0.59,0.59,0.59,42101
MYE,20161018,0.265,0.285,0.265,0.285,56485
MYO,20161018,3.7,3.71,3.6,3.69,894451
MYR,20161018,1.19,1.202,1.185,1.195,4178552
MYS,20161018,4.02,4.03,3.98,4,107239
MYX,20161018,1.82,1.83,1.802,1.82,8360176
MZI,20161018,0.345,0.345,0.34,0.34,204783
NAB,20161018,27.62,27.845,27.52,27.7,4205102
NAC,20161018,1.115,1.155,1.105,1.155,880186
NAE,20161018,0.016,0.016,0.013,0.015,12859207
NAG,20161018,0.115,0.12,0.115,0.115,147150
NAM,20161018,0.46,0.46,0.46,0.46,812
NAN,20161018,3.12,3.135,3,3.12,959074
NBL,20161018,1.87,1.87,1.85,1.85,7200
NCC,20161018,1.4,1.4,1.4,1.4,50826
NCK,20161018,5.65,5.7,5.63,5.64,15741
NCM,20161018,21,21.485,20.88,21.4,3653574
NCR,20161018,0.008,0.008,0.007,0.007,2014946
NDO,20161018,0.075,0.075,0.075,0.075,180
NDQ,20161018,10.93,10.93,10.87,10.88,181365
NEA,20161018,0.76,0.915,0.76,0.915,10453002
NEC,20161018,0.925,0.93,0.91,0.91,1351428
NEN,20161018,0.235,0.235,0.235,0.235,9000
NET,20161018,0.039,0.039,0.037,0.039,391856
NEU,20161018,0.048,0.048,0.047,0.047,55278
NHC,20161018,2.05,2.05,1.9,1.965,370139
NHF,20161018,4.72,4.76,4.69,4.71,234282
NIU,20161018,0.006,0.006,0.006,0.006,2441324
NMG,20161018,0.009,0.009,0.009,0.009,145151
NMI,20161018,0.013,0.013,0.012,0.012,79371
NML,20161018,0.033,0.037,0.033,0.037,1774224
NMM,20161018,0.105,0.105,0.105,0.105,10000
NMS,20161018,1,1,1,1,734
NMT,20161018,0.34,0.345,0.335,0.34,263705
NNW,20161018,0.125,0.125,0.12,0.12,240000
NOR,20161018,0.021,0.021,0.019,0.02,5527846
NOV,20161018,0.17,0.17,0.17,0.17,25000
NOX,20161018,0.175,0.185,0.175,0.185,582376
NRT,20161018,0.098,0.098,0.097,0.097,40000
NSL,20161018,0.04,0.04,0.037,0.037,7843740
NSR,20161018,1.48,1.52,1.48,1.5,972183
NST,20161018,3.8,3.88,3.795,3.87,3156547
NTC,20161018,2.45,2.45,2.41,2.43,144993
NTL,20161018,0.005,0.005,0.005,0.005,430000
NTM,20161018,0.076,0.085,0.075,0.077,1263863
NTU,20161018,0.145,0.145,0.14,0.145,525326
NUF,20161018,8.88,8.9,8.75,8.87,371196
NUH,20161018,0.063,0.063,0.061,0.061,827744
NVL,20161018,2.05,2.05,2,2.01,20316
NVO,20161018,0.1,0.1,0.1,0.1,141459
NVT,20161018,5.28,5.38,5.27,5.34,613390
NWE,20161018,0.003,0.004,0.003,0.003,1004220
NWF,20161018,0.295,0.295,0.295,0.295,4000
NWH,20161018,0.54,0.55,0.53,0.54,179300
NWS,20161018,17.91,17.99,17.9,17.92,144734
NWZ,20161018,0.006,0.006,0.005,0.005,467000
NXM,20161018,0.135,0.14,0.135,0.14,107039
NXT,20161018,3.49,3.61,3.4,3.6,1831258
NZM,20161018,0.63,0.64,0.63,0.635,523335
OBJ,20161018,0.069,0.071,0.069,0.07,2488505
OCC,20161018,0.42,0.42,0.41,0.41,82629
OCL,20161018,1.72,1.75,1.69,1.75,25836
OCP,20161018,2.2,2.4,2.2,2.36,14679
ODY,20161018,0.084,0.084,0.082,0.082,120000
OEC,20161018,0.92,0.92,0.85,0.9,79417
OEL,20161018,0.044,0.044,0.043,0.043,238011
OEX,20161018,0.008,0.008,0.008,0.008,1959137
OFX,20161018,1.695,1.7,1.67,1.675,1289843
OGC,20161018,3.78,4.02,3.78,3.92,1077958
OHE,20161018,3.12,3.12,3.05,3.05,2525
OIL,20161018,0.041,0.052,0.041,0.05,1208244
OKU,20161018,0.13,0.13,0.125,0.13,77690
OLV,20161018,0.05,0.055,0.05,0.055,374800
OMH,20161018,0.075,0.075,0.075,0.075,20000
OML,20161018,4.8,4.81,4.7,4.7,432364
ONT,20161018,7.4,7.69,7.4,7.69,1986
OOK,20161018,0.025,0.026,0.025,0.026,445751
OOO,20161018,15.9,15.9,15.79,15.83,6120
OPG,20161018,0.545,0.545,0.545,0.545,32892
OPT,20161018,0.66,0.695,0.655,0.695,47013
ORA,20161018,3.01,3.03,2.985,3,3426125
ORE,20161018,3.16,3.22,3.105,3.19,1136029
ORG,20161018,5.56,5.67,5.53,5.67,3118013
ORI,20161018,16.11,16.43,16.03,16.41,1258014
ORL,20161018,2.23,2.24,2.23,2.23,12309
ORR,20161018,0.505,0.505,0.48,0.48,38176
OSH,20161018,7.08,7.225,7.04,7.17,2872192
OSL,20161018,0.125,0.125,0.12,0.12,855939
OSP,20161018,0.385,0.385,0.385,0.385,40716
OTC,20161018,0.305,0.31,0.3,0.3,442580
OTH,20161018,0.85,0.85,0.845,0.845,21608
OVH,20161018,0.62,0.64,0.61,0.64,222388
OVL,20161018,0.022,0.022,0.021,0.021,996541
OVN,20161018,0.76,0.78,0.75,0.75,36092
OVR,20161018,0.007,0.007,0.007,0.007,100000
OZF,20161018,19.35,19.43,19.35,19.43,20000
OZG,20161018,0.16,0.16,0.16,0.16,150000
OZL,20161018,5.78,5.81,5.67,5.77,1680489
OZR,20161018,7.56,7.62,7.56,7.62,40320
PAB,20161018,0.008,0.008,0.008,0.008,3655758
PAC,20161018,3.8,3.8,3.51,3.67,97858
PAF,20161018,0.93,0.935,0.93,0.935,52067
PAI,20161018,0.945,0.96,0.94,0.945,225749
PAK,20161018,0.12,0.125,0.115,0.115,244607
PAN,20161018,0.225,0.225,0.22,0.22,137250
PAR,20161018,0.53,0.55,0.53,0.55,23500
PBP,20161018,0.51,0.51,0.5,0.5,3544
PBT,20161018,0.073,0.073,0.071,0.072,301997
PCH,20161018,0.01,0.01,0.01,0.01,100000
PCL,20161018,0.005,0.005,0.004,0.005,2070000
PDI,20161018,0.012,0.012,0.012,0.012,1277875
PDN,20161018,0.16,0.165,0.157,0.16,3790425
PDZ,20161018,0.35,0.37,0.34,0.34,461964
PEA,20161018,0.61,0.635,0.61,0.615,224653
PEH,20161018,0.1,0.1,0.1,0.1,521078
PEK,20161018,0.07,0.07,0.07,0.07,45000
PEL,20161018,0.01,0.01,0.01,0.01,1500000
PEN,20161018,0.56,0.56,0.56,0.56,27978
PEP,20161018,2.55,2.55,2.5,2.5,307540
PEX,20161018,0.155,0.16,0.145,0.145,41500
PGC,20161018,0.81,0.82,0.785,0.8,331080
PGF,20161018,0.85,0.85,0.83,0.845,426933
PGH,20161018,6.78,6.82,6.65,6.69,723020
PGM,20161018,0.094,0.094,0.09,0.09,84763
PGO,20161018,0.089,0.09,0.086,0.086,386428
PGR,20161018,0.77,0.77,0.77,0.77,36113
PGY,20161018,0.002,0.002,0.002,0.002,1500000
PHG,20161018,0.33,0.33,0.315,0.32,163841
PHK,20161018,0.097,0.098,0.097,0.098,346040
PIC,20161018,0.96,0.96,0.945,0.95,255774
PIL,20161018,0.019,0.019,0.019,0.019,30000
PIO,20161018,0.022,0.022,0.019,0.019,10328308
PIQ,20161018,0.27,0.29,0.27,0.29,22000
PLG,20161018,0.72,0.735,0.72,0.735,6371694
PLP,20161018,0.017,0.017,0.016,0.016,4844255
PLS,20161018,0.425,0.455,0.425,0.455,9512267
PMC,20161018,1.44,1.5,1.44,1.5,230436
PME,20161018,5.33,5.33,5.14,5.19,73985
PMP,20161018,0.655,0.655,0.63,0.645,354093
PMV,20161018,15.38,15.39,15.17,15.19,244036
PMY,20161018,0.01,0.01,0.008,0.008,1938402
PNC,20161018,1.755,1.755,1.72,1.72,50912
PNI,20161018,2.06,2.06,2.05,2.05,12613
PNL,20161018,0.33,0.345,0.32,0.34,907355
PNN,20161018,0.018,0.018,0.017,0.017,158917
PNR,20161018,0.155,0.165,0.15,0.165,940502
PNV,20161018,0.32,0.32,0.3,0.305,639480
PNX,20161018,0.024,0.024,0.023,0.023,189098
POH,20161018,0.029,0.029,0.029,0.029,361910
POP,20161018,0.036,0.036,0.036,0.036,450000
POS,20161018,0.051,0.052,0.05,0.052,1986455
POU,20161018,15.83,15.84,15.78,15.79,7083
POW,20161018,0.011,0.011,0.01,0.011,338950
POZ,20161018,0.026,0.026,0.026,0.026,75000
PPC,20161018,0.96,0.96,0.92,0.955,136562
PPH,20161018,1.82,1.83,1.79,1.79,30406
PPL,20161018,0.44,0.44,0.44,0.44,23416
PPS,20161018,0.51,0.515,0.5,0.51,355748
PPT,20161018,46.05,46.26,45.24,46.03,160498
PPY,20161018,0.006,0.006,0.006,0.006,8800
PRG,20161018,1.535,1.555,1.535,1.545,373779
PRL,20161018,0.01,0.011,0.01,0.011,427015
PRO,20161018,0.99,0.99,0.95,0.95,3348
PRR,20161018,0.037,0.037,0.037,0.037,267483
PRT,20161018,0.28,0.285,0.275,0.275,105236
PRU,20161018,0.48,0.505,0.48,0.5,4041796
PRY,20161018,3.92,4.02,3.91,4.02,1156939
PSA,20161018,0.18,0.18,0.18,0.18,6321
PSC,20161018,0.044,0.046,0.043,0.043,3134777
PSI,20161018,2.23,2.24,2.02,2.06,29146
PSM,20161018,0.02,0.022,0.02,0.02,1247980
PSQ,20161018,2.3,2.35,2.3,2.35,7878
PSY,20161018,0.088,0.09,0.087,0.087,588472
PSZ,20161018,0.365,0.38,0.36,0.375,141193
PTL,20161018,0.59,0.59,0.59,0.59,41650
PTM,20161018,5,5.03,4.98,5.01,1219161
PTR,20161018,0.005,0.005,0.005,0.005,1295758
PTX,20161018,0.115,0.15,0.115,0.13,4766010
PVA,20161018,3.08,3.08,3.05,3.07,13605
PVD,20161018,0.05,0.05,0.045,0.045,1247602
PVE,20161018,0.017,0.017,0.015,0.015,1095323
PVL,20161018,0.855,0.855,0.85,0.85,25800
PWH,20161018,3.2,3.22,3.13,3.22,17796
PWN,20161018,0.028,0.028,0.028,0.028,600000
PXS,20161018,0.27,0.27,0.265,0.265,103043
PYC,20161018,0.017,0.017,0.017,0.017,51065
PZC,20161018,0.009,0.009,0.009,0.009,100000
QAN,20161018,3.18,3.235,3.14,3.14,9239015
QAU,20161018,13.3,13.3,13.19,13.27,5760
QBE,20161018,10.05,10.09,9.93,10,2299618
QBL,20161018,0.007,0.007,0.007,0.007,90000
QHL,20161018,0.11,0.11,0.11,0.11,107650
QIP,20161018,2.33,2.35,2.29,2.35,125467
QMIX,20161018,15.11,15.11,15.11,15.11,0
QMS,20161018,1.19,1.22,1.185,1.205,10711
QOZ,20161018,11.95,12.01,11.95,12,16292
QRE,20161018,4.15,4.17,4.15,4.17,26914
QTM,20161018,0.019,0.019,0.018,0.018,78000
QUAL,20161018,18.31,18.32,18.28,18.28,32421
QUB,20161018,2.28,2.28,2.22,2.25,3559805
QUR,20161018,0.018,0.018,0.017,0.017,4144151
QVE,20161018,1.215,1.22,1.195,1.2,388557
RAC,20161018,0.23,0.24,0.23,0.235,122154
RAN,20161018,1.35,1.36,1.33,1.36,45851
RAP,20161018,0.45,0.45,0.415,0.445,5614416
RARI,20161018,23.15,23.15,23.15,23.15,850
RBL,20161018,0.97,0.98,0.97,0.97,11652
RBX,20161018,0.01,0.01,0.01,0.01,100000
RCB,20161018,20.46,20.47,20.38,20.47,8081
RCE,20161018,0.195,0.195,0.195,0.195,2500
RCG,20161018,1.59,1.615,1.565,1.615,478530
RCR,20161018,2.72,2.8,2.71,2.77,210098
RCT,20161018,3.61,3.61,3.61,3.61,2000
RDH,20161018,0.855,0.855,0.855,0.855,15
RDM,20161018,0.12,0.12,0.11,0.11,211294
RDV,20161018,28.12,28.12,27.9,28.09,3229
REA,20161018,53.3,53.7,52.81,53.12,218128
RED,20161018,0.099,0.1,0.098,0.1,1349925
REF,20161018,0.105,0.105,0.105,0.105,38404
REG,20161018,3.99,4.09,3.98,4,458782
REH,20161018,43,43.22,43,43.22,114
RER,20161018,0.014,0.014,0.014,0.014,3555613
RES,20161018,0.165,0.185,0.165,0.175,113550
REX,20161018,0.82,0.82,0.82,0.82,4692
RFF,20161018,1.64,1.64,1.625,1.625,143631
RFG,20161018,6.87,6.93,6.83,6.83,416864
RFL,20161018,0.115,0.12,0.115,0.115,311864
RFN,20161018,0.067,0.067,0.067,0.067,89027
RFT,20161018,0.033,0.034,0.03,0.032,3747513
RFX,20161018,0.445,0.46,0.44,0.45,367636
RGB,20161018,21.48,21.48,21.47,21.47,3162
RGP,20161018,0.06,0.06,0.06,0.06,18500
RGS,20161018,0.14,0.145,0.13,0.14,457231
RHC,20161018,78.33,79.295,78.26,78.54,316760
RHL,20161018,3.2,3.2,3.18,3.18,4549
RHP,20161018,0.945,0.945,0.925,0.935,15564
RIC,20161018,1.255,1.295,1.252,1.275,2225244
RIM,20161018,0.021,0.021,0.02,0.02,74568
RIO,20161018,50.5,50.775,50.27,50.61,1976463
RKN,20161018,1.61,1.61,1.585,1.585,54233
RLE,20161018,0.081,0.081,0.081,0.081,40000
RMD,20161018,8.44,8.46,8.4,8.45,2687133
RMP,20161018,0.019,0.019,0.019,0.019,150000
RMR,20161018,0.001,0.002,0.001,0.001,3625000
RMS,20161018,0.455,0.46,0.445,0.455,1510349
RMX,20161018,0.011,0.011,0.011,0.011,757375
RNI,20161018,0.012,0.012,0.011,0.012,4175169
RNO,20161018,0.019,0.019,0.019,0.019,658374
RNT,20161018,0.13,0.13,0.125,0.125,5004
RNU,20161018,0.03,0.031,0.03,0.03,958728
RRL,20161018,3.28,3.36,3.26,3.29,4282193
RRS,20161018,0.007,0.007,0.007,0.007,800000
RSG,20161018,1.62,1.665,1.61,1.65,5989429
RSH,20161018,0.058,0.058,0.056,0.058,769029
RSM,20161018,20.62,20.69,20.62,20.67,2162
RTG,20161018,0.365,0.37,0.34,0.34,792660
RUL,20161018,0.545,0.55,0.54,0.54,262680
RUM,20161018,0.02,0.02,0.02,0.02,19850
RVR,20161018,0.165,0.167,0.155,0.162,869074
RVY,20161018,0.02,0.02,0.02,0.02,452393
RWC,20161018,3.06,3.07,3.015,3.02,1038810
RWH,20161018,1.285,1.285,1.285,1.285,1000
RXM,20161018,0.049,0.049,0.049,0.049,108566
RXP,20161018,0.85,0.875,0.83,0.87,232458
S2R,20161018,0.455,0.48,0.45,0.465,211715
S32,20161018,2.48,2.5,2.46,2.47,15348396
SAI,20161018,4.66,4.67,4.66,4.66,3359441
SAR,20161018,1.155,1.17,1.145,1.15,4598712
SAS,20161018,0.042,0.042,0.04,0.04,2635193
SAU,20161018,0.35,0.365,0.33,0.345,192072
SAY,20161018,0.005,0.005,0.005,0.005,200
SBB,20161018,0.023,0.023,0.023,0.023,50000
SBM,20161018,2.51,2.61,2.51,2.56,3422334
SBR,20161018,0.012,0.013,0.012,0.013,115000
SCG,20161018,4.39,4.455,4.375,4.42,12913465
SCI,20161018,0.025,0.029,0.025,0.029,372959
SCO,20161018,3.75,3.86,3.7,3.75,120136
SCP,20161018,2.22,2.24,2.21,2.22,1198139
SDA,20161018,3.86,3.9,3.83,3.86,243721
SDF,20161018,2.36,2.375,2.32,2.35,1425431
SDG,20161018,1.52,1.535,1.51,1.51,56786
SDI,20161018,1.015,1.04,0.99,1.025,316559
SDL,20161018,0.002,0.003,0.002,0.002,2226500
SEA,20161018,0.185,0.185,0.18,0.18,2098174
SEG,20161018,0.003,0.003,0.003,0.003,7385718
SEH,20161018,0.093,0.097,0.093,0.095,1102484
SEK,20161018,15.46,15.54,15.36,15.52,808774
SEN,20161018,0.125,0.125,0.12,0.125,2197518
SFG,20161018,0.09,0.09,0.089,0.089,271164
SFH,20161018,0.54,0.56,0.535,0.545,78914
SFI,20161018,0.057,0.062,0.057,0.062,3580436
SFR,20161018,4.98,4.99,4.92,4.95,1075805
SFX,20161018,0.6,0.6,0.57,0.58,128601
SFY,20161018,50.45,50.63,50.45,50.61,1989
SGF,20161018,4.38,4.41,4.36,4.37,92950
SGH,20161018,0.38,0.39,0.38,0.385,918833
SGM,20161018,9.58,9.77,9.58,9.66,893510
SGP,20161018,4.51,4.575,4.49,4.55,6837496
SGQ,20161018,0.125,0.125,0.125,0.125,194109
SGR,20161018,5.52,5.54,5.24,5.49,13831278
SGZ,20161018,0.008,0.008,0.008,0.008,1329405
SHJ,20161018,1.45,1.49,1.445,1.48,56269
SHL,20161018,21.5,21.9,21.3,21.83,1080387
SHM,20161018,1.28,1.32,1.28,1.31,175276
SHV,20161018,6.34,6.34,6.16,6.25,252597
SIO,20161018,0.42,0.435,0.41,0.435,244663
SIP,20161018,1.45,1.465,1.435,1.44,3128473
SIQ,20161018,6.5,6.7,6.49,6.7,154337
SIV,20161018,11.43,11.47,11.05,11.13,18878
SKB,20161018,0.62,0.625,0.62,0.625,9530
SKC,20161018,4.12,4.13,4.09,4.11,1114141
SKF,20161018,0.065,0.065,0.065,0.065,53037
SKI,20161018,2.21,2.26,2.2,2.24,4184179
SKP,20161018,0.093,0.097,0.093,0.097,498228
SKT,20161018,4.46,4.48,4.39,4.4,171052
SLC,20161018,2.85,2.94,2.84,2.9,339982
SLF,20161018,12.45,12.61,12.45,12.58,84592
SLK,20161018,4.3,4.37,4.27,4.34,277553
SLM,20161018,0.48,0.49,0.48,0.49,7543
SLR,20161018,0.505,0.52,0.505,0.52,1430486
SLX,20161018,0.295,0.3,0.295,0.3,120841
SM8,20161018,0.165,0.175,0.16,0.175,21300
SMA,20161018,0.028,0.029,0.028,0.029,1024066
SMD,20161018,0.028,0.03,0.028,0.03,733783
SMI,20161018,0.055,0.055,0.055,0.055,100000
SMN,20161018,2.3,2.42,2.2,2.35,381504
SMR,20161018,0.815,0.815,0.735,0.745,455817
SMX,20161018,1.58,1.615,1.56,1.59,122731
SNC,20161018,0.925,0.925,0.925,0.925,42128
SND,20161018,0.565,0.565,0.56,0.56,11500
SOC,20161018,0.005,0.006,0.005,0.006,4502896
SOL,20161018,16.01,16.03,15.98,15.99,75239
SOM,20161018,3.53,3.85,3.53,3.85,72622
SOR,20161018,0.125,0.13,0.125,0.125,104750
SP1,20161018,0.065,0.073,0.065,0.07,2925973
SPB,20161018,0.041,0.041,0.04,0.04,846107
SPI,20161018,0.055,0.059,0.055,0.055,345098
SPK,20161018,3.27,3.29,3.23,3.23,650123
SPL,20161018,0.61,0.625,0.61,0.61,508164
SPO,20161018,1.115,1.12,1.1,1.1,3821327
SPZ,20161018,0.295,0.315,0.29,0.295,563180
SRF,20161018,0.175,0.175,0.175,0.175,523737
SRG,20161018,1.51,1.53,1.35,1.485,300608
SRI,20161018,0.017,0.017,0.017,0.017,650000
SRO,20161018,0.025,0.025,0.021,0.022,6496149
SRS,20161018,0.027,0.029,0.026,0.026,544248
SRV,20161018,8.07,8.09,8.02,8.04,252666
SRX,20161018,29.46,29.61,29.15,29.5,257114
SRZ,20161018,0.043,0.045,0.042,0.045,91000
SSG,20161018,1.13,1.135,1.13,1.13,135661
SSM,20161018,1.16,1.18,1.14,1.17,2241769
SSO,20161018,12.75,12.76,12.75,12.76,2932
SST,20161018,22.5,22.5,22.5,22.5,377
ST1,20161018,0.028,0.028,0.026,0.026,554348
STA,20161018,0.006,0.006,0.006,0.006,500000
STL,20161018,0.037,0.037,0.035,0.035,1214622
STO,20161018,3.62,3.69,3.61,3.66,5394660
STW,20161018,50.43,50.64,50.36,50.61,140981
STX,20161018,0.099,0.105,0.099,0.1,201387
SUD,20161018,0.022,0.022,0.022,0.022,148117
SUH,20161018,0.03,0.03,0.03,0.03,50000
SUL,20161018,10.36,10.39,10.22,10.26,625890
SUM,20161018,0.025,0.027,0.025,0.027,94280
SUN,20161018,12.37,12.46,12.33,12.36,2360820
SUR,20161018,0.011,0.011,0.011,0.011,211300
SVA,20161018,0.051,0.051,0.051,0.051,18025
SVL,20161018,0.185,0.19,0.185,0.19,990717
SVM,20161018,0.125,0.125,0.125,0.125,286400
SVW,20161018,8.91,8.93,8.82,8.83,259562
SVY,20161018,0.21,0.21,0.21,0.21,3309
SW1,20161018,0.24,0.245,0.23,0.23,122789
SWJ,20161018,0.015,0.015,0.013,0.014,1883837
SWL,20161018,0.86,0.86,0.805,0.815,89946
SWM,20161018,0.75,0.76,0.742,0.745,2292969
SXE,20161018,0.645,0.645,0.62,0.62,32000
SXL,20161018,1.555,1.565,1.52,1.535,1768822
SXY,20161018,0.26,0.275,0.255,0.275,55178880
SYA,20161018,0.025,0.025,0.025,0.025,1518567
SYD,20161018,6.4,6.44,6.37,6.38,7477995
SYI,20161018,27.25,27.25,27.2,27.21,4029
SYR,20161018,3.86,3.88,3.6,3.67,1451368
SYT,20161018,0.038,0.038,0.036,0.038,7610751
TAM,20161018,0.09,0.091,0.088,0.09,314692
TAP,20161018,0.09,0.091,0.088,0.088,297989
TAS,20161018,0.165,0.17,0.16,0.17,489028
TAW,20161018,0.14,0.14,0.135,0.135,358102
TBH,20161018,0.105,0.105,0.1,0.105,496627
TBR,20161018,6.25,6.26,6.13,6.25,17350
TCH,20161018,2,2.02,1.97,2,654874
TCL,20161018,10.62,10.64,10.53,10.58,6213909
TEN,20161018,1.46,1.475,1.425,1.44,253283
TER,20161018,0.047,0.047,0.041,0.043,14342089
TFC,20161018,1.51,1.515,1.5,1.51,229288
TFL,20161018,0.245,0.245,0.23,0.23,164097
TGA,20161018,1.78,1.785,1.715,1.715,461219
TGG,20161018,1.165,1.17,1.165,1.165,223811
TGH,20161018,1.4,1.42,1.36,1.415,120475
TGP,20161018,0.91,0.925,0.905,0.925,24863
TGR,20161018,3.93,3.93,3.9,3.9,396380
TGZ,20161018,1.025,1.05,1.025,1.04,162997
THD,20161018,0.023,0.023,0.02,0.02,876723
THR,20161018,0.001,0.001,0.001,0.001,1075000
THX,20161018,0.046,0.048,0.045,0.048,402033
TIA,20161018,0.675,0.675,0.675,0.675,15000
TIX,20161018,2.52,2.525,2.44,2.49,633782
TKF,20161018,0.054,0.057,0.05,0.055,1532674
TKL,20161018,0.021,0.021,0.021,0.021,1771670
TLG,20161018,0.307,0.32,0.305,0.32,198342
TLM,20161018,0.38,0.38,0.375,0.375,172159
TLS,20161018,5.03,5.05,5.015,5.03,23068589
TME,20161018,4.86,4.89,4.82,4.86,669811
TMP,20161018,0.26,0.26,0.26,0.26,44788
TMX,20161018,0.009,0.009,0.009,0.009,200000
TND,20161018,0.029,0.03,0.029,0.029,700000
TNE,20161018,5.55,5.59,5.54,5.57,265899
TNG,20161018,0.185,0.19,0.175,0.175,1476959
TNK,20161018,2.1,2.1,2.08,2.09,73732
TNR,20161018,0.17,0.17,0.165,0.165,168941
TNT,20161018,0.16,0.16,0.16,0.16,70000
TOE,20161018,0.043,0.043,0.042,0.042,2013168
TOF,20161018,2.11,2.2,2.11,2.2,82627
TOP,20161018,0.72,0.75,0.72,0.73,453600
TOU,20161018,0.14,0.14,0.14,0.14,64364
TOX,20161018,2.46,2.47,2.42,2.42,59089
TPE,20161018,2.9,2.9,2.9,2.9,9882
TPM,20161018,7.45,7.62,7.43,7.53,1777738
TPP,20161018,0.255,0.255,0.255,0.255,45250
TPW,20161018,0.15,0.15,0.15,0.15,4786
TRL,20161018,0.078,0.078,0.071,0.072,935959
TRS,20161018,9.51,9.63,9.41,9.45,102372
TRY,20161018,0.345,0.355,0.335,0.355,528639
TSM,20161018,0.33,0.335,0.33,0.33,51605
TSN,20161018,0.025,0.025,0.024,0.024,2543854
TSV,20161018,0.009,0.009,0.009,0.009,125000
TTA,20161018,0.028,0.028,0.028,0.028,9006
TTC,20161018,0.53,0.53,0.53,0.53,7200
TTL,20161018,0.029,0.029,0.029,0.029,225000
TTW,20161018,0.03,0.03,0.03,0.03,6391
TV2,20161018,0.017,0.017,0.017,0.017,9179960
TWD,20161018,3.99,3.99,3.93,3.93,17260
TWE,20161018,11.33,11.57,11.305,11.48,1990810
TWH,20161018,0.01,0.01,0.009,0.01,838505
TWR,20161018,0.845,0.86,0.845,0.86,40321
TYK,20161018,0.007,0.007,0.007,0.007,399998
TYX,20161018,0.041,0.041,0.038,0.039,2216855
TZL,20161018,0.071,0.071,0.071,0.071,7270
TZN,20161018,0.1,0.1,0.091,0.091,277451
UBE,20161018,17.5,17.5,17.5,17.5,28
UBI,20161018,0.335,0.34,0.335,0.34,41250
UBJ,20161018,19.62,19.62,19.62,19.62,84
UBN,20161018,0.16,0.175,0.155,0.175,20148
UCM,20161018,0.255,0.26,0.255,0.26,38000
UGL,20161018,3.21,3.23,3.2,3.22,351482
UIL,20161018,0.05,0.05,0.05,0.05,71099
UMAX,20161018,16.42,16.43,16.33,16.38,19595
UNV,20161018,0.16,0.16,0.155,0.155,780320
UOS,20161018,0.6,0.6,0.58,0.58,31500
UPD,20161018,0.56,0.57,0.55,0.57,124302
UPG,20161018,0.435,0.435,0.43,0.43,32345
URF,20161018,1.99,1.995,1.99,1.99,10823
USD,20161018,12.79,12.79,12.71,12.72,69466
USR,20161018,0.47,0.47,0.465,0.465,35000
VAF,20161018,49.5,49.5,49.37,49.38,28898
VAH,20161018,0.232,0.235,0.23,0.23,955604
VAP,20161018,77.69,78.73,77.69,78.4,12113
VAR,20161018,0.021,0.022,0.021,0.022,728364
VAS,20161018,68.58,68.87,68.46,68.82,46689
VCF,20161018,51.73,51.99,51.73,51.99,2653
VCX,20161018,2.97,3.02,2.97,2.98,8642210
VEC,20161018,0.002,0.002,0.002,0.002,950000
VEQ,20161018,44.49,44.49,44.23,44.23,435
VEU,20161018,58.41,58.95,58.1,58.31,17075
VGAD,20161018,53.65,53.89,53.48,53.89,23147
VGB,20161018,50,50,49.8,49.86,1936
VGE,20161018,55.03,55.03,54.5,54.87,1511
VGS,20161018,54.68,54.72,54.55,54.55,7144
VHT,20161018,0.65,0.65,0.63,0.64,115264
VHY,20161018,57.71,57.89,57.35,57.53,18981
VIF,20161018,52.88,52.88,52.54,52.84,5731
VIT,20161018,2.09,2.095,2.08,2.08,487452
VLA,20161018,1.215,1.26,1.215,1.25,147707
VLC,20161018,57.02,57.05,57.02,57.04,1074
VLT,20161018,0.037,0.037,0.036,0.036,662525
VLW,20161018,2.22,2.26,2.22,2.24,112079
VMC,20161018,0.15,0.16,0.15,0.16,54654
VML,20161018,0.022,0.022,0.02,0.02,14051159
VMT,20161018,0.115,0.115,0.115,0.115,106373
VMY,20161018,0.24,0.24,0.24,0.24,50000
VOC,20161018,5.6,5.76,5.59,5.68,4694956
VPC,20161018,0.023,0.023,0.022,0.022,1483723
VRC,20161018,0.077,0.077,0.071,0.074,5460439
VRI,20161018,0.08,0.086,0.079,0.081,863477
VRL,20161018,5.09,5.16,5.09,5.14,106610
VRT,20161018,7.1,7.18,7.04,7.15,578425
VRX,20161018,0.021,0.021,0.021,0.021,25000
VSC,20161018,1.45,1.45,1.45,1.45,7967
VSO,20161018,48.5,48.5,48.31,48.5,1461
VTG,20161018,4.8,4.86,4.77,4.8,411592
VTS,20161018,143.38,143.38,142.62,142.72,3867
VVR,20161018,2.37,2.37,2.32,2.36,885189
VXR,20161018,0.009,0.009,0.008,0.008,5210000
WAA,20161018,1.15,1.16,1.15,1.15,30758
WAF,20161018,0.33,0.33,0.32,0.32,479362
WAM,20161018,2.34,2.34,2.3,2.3,1448463
WAX,20161018,1.615,1.63,1.6,1.6,178753
WBA,20161018,1.15,1.15,1.135,1.145,105501
WBC,20161018,30.3,30.47,30.07,30.37,3720190
WBT,20161018,0.026,0.027,0.026,0.026,481859
WCB,20161018,6.6,6.61,6.55,6.61,1733
WCN,20161018,0.009,0.009,0.008,0.008,6865167
WCP,20161018,0.085,0.085,0.081,0.084,568000
WDE,20161018,0.775,0.795,0.775,0.795,177216
WDIV,20161018,17.19,17.24,17.18,17.19,37780
WEB,20161018,11.47,11.89,11.44,11.76,350882
WEL,20161018,0.087,0.087,0.087,0.087,45403
WEMG,20161018,17.07,17.07,17.07,17.07,3000
WES,20161018,45.54,45.8,45.21,45.3,2124240
WFD,20161018,9.3,9.48,9.29,9.4,15181722
WFE,20161018,0.004,0.004,0.004,0.004,2000000
WHC,20161018,3,3.02,2.85,2.97,8390631
WHF,20161018,4.31,4.31,4.3,4.3,9798
WIC,20161018,0.915,0.915,0.915,0.915,59000
WIN,20161018,0.19,0.19,0.19,0.19,387347
WKT,20161018,0.003,0.003,0.003,0.003,2634000
WLD,20161018,0.26,0.265,0.25,0.25,531909
WLE,20161018,1.15,1.15,1.145,1.145,265001
WMK,20161018,1.05,1.06,1.05,1.06,75493
WMN,20161018,0.001,0.001,0.001,0.001,5000000
WOR,20161018,9.04,9.255,9.01,9.19,1146412
WOW,20161018,24.37,24.5,24.25,24.36,3134241
WPG,20161018,0.077,0.078,0.076,0.077,1601088
WPL,20161018,29.2,29.24,29.03,29.23,1425800
WPP,20161018,0.93,0.96,0.92,0.94,661752
WRLD,20161018,9.73,9.77,9.73,9.77,17125
WRM,20161018,0.015,0.015,0.015,0.015,738000
WSA,20161018,2.51,2.51,2.43,2.45,2027059
WSG,20161018,0.011,0.011,0.011,0.011,287000
WTC,20161018,5.41,5.55,5.35,5.48,45181
WTP,20161018,0.9,0.9,0.88,0.89,28586
WVL,20161018,0.008,0.008,0.006,0.006,151885
WXHG,20161018,18.12,18.14,18.12,18.14,3750
WXOZ,20161018,23.12,23.12,23.04,23.04,9698
XAM,20161018,0.19,0.19,0.19,0.19,6050
XF1,20161018,0.55,0.55,0.53,0.54,27178
XIP,20161018,3.39,3.4,3.3,3.3,24079
XPD,20161018,0.12,0.13,0.12,0.13,138461
XPE,20161018,0.04,0.04,0.038,0.039,5911116
XRF,20161018,0.18,0.18,0.18,0.18,24500
XRO,20161018,16.65,16.87,16.6,16.8,26190
XST,20161018,0.015,0.015,0.015,0.015,400000
XTD,20161018,0.15,0.155,0.125,0.145,868575
XTE,20161018,0.34,0.34,0.34,0.34,27505
YAL,20161018,0.4,0.55,0.4,0.55,1074630
YBR,20161018,0.14,0.145,0.14,0.145,31838
YMAX,20161018,8.94,8.95,8.9,8.95,73127
YOW,20161018,0.66,0.665,0.63,0.63,362150
YPB,20161018,0.17,0.17,0.165,0.165,174787
ZEL,20161018,7.2,7.29,7.2,7.26,9409
ZEU,20161018,0.017,0.017,0.016,0.016,250000
ZGOL,20161018,16.36,16.36,16.36,16.36,123
ZIP,20161018,0.175,0.175,0.16,0.16,55000
ZMI,20161018,0.012,0.012,0.01,0.011,18521641
ZML,20161018,0.82,0.85,0.81,0.85,144894
ZNC,20161018,0.13,0.13,0.13,0.13,50142
ZOZI,20161018,10.04,10.04,10.04,10.04,0
ZUSD,20161018,9.96,9.96,9.96,9.96,144
ZYUS,20161018,11.89,11.89,11.88,11.88,5103
XAF,20161018,5302.7,5333.3,5300,5326.9,0
XAO,20161018,5470.9,5498.7,5468.7,5492,0
XAT,20161018,5332.7,5361.9,5330.5,5355,0
XDJ,20161018,2131.4,2137.4,2124.7,2127.1,0
XEC,20161018,1397.4,1400.5,1392.6,1399.6,0
XEJ,20161018,8607.3,8631.4,8551,8607.8,0
XFJ,20161018,5990.4,6033,5974.1,6017,0
XFL,20161018,5350.1,5381.1,5347.3,5374.7,0
XGD,20161018,4292,4426.6,4292,4411.2,0
XHJ,20161018,21086.7,21258.8,21039.3,21239.7,0
XIJ,20161018,806.4,806.4,795,801.6,0
XJO,20161018,5388.7,5417.5,5386.1,5410.8,0
XJR,20161018,3051.5,3075.2,3044.6,3073.2,0
XKO,20161018,5353.2,5381.5,5350.6,5375,0
XMD,20161018,5618.4,5648.7,5618.4,5642.5,0
XMJ,20161018,8944.8,9002.9,8929.1,8993.3,0
XMM,20161018,2639.7,2671,2632,2667.9,0
XNJ,20161018,5125.9,5138,5106.8,5108.2,0
XPJ,20161018,1340.3,1362.8,1340.3,1356,0
XSJ,20161018,9268.4,9335.3,9260.4,9276.6,0
XSO,20161018,2378.3,2383.9,2371.4,2377.8,0
XTJ,20161018,1792.9,1802.8,1790.4,1795.1,0
XTL,20161018,3088.3,3106.7,3085.4,3103.5,0
XTO,20161018,4451.5,4476.7,4450.4,4471.8,0
XUJ,20161018,7007.2,7125.4,6995.5,7125.4,0
XXJ,20161018,6681.3,6728.9,6663.1,6711,0
