1AG,20160602,0.066,0.066,0.065,0.065,50000
1AL,20160602,0.99,0.99,0.99,0.99,5000
1PG,20160602,0.545,0.545,0.44,0.47,3400880
1ST,20160602,0.056,0.056,0.053,0.053,309000
3PL,20160602,0.69,0.765,0.625,0.75,6960214
4DS,20160602,0.024,0.024,0.024,0.024,488200
88E,20160602,0.036,0.036,0.035,0.035,9736649
8CO,20160602,0.165,0.175,0.165,0.175,6400
8EC,20160602,0.97,0.97,0.97,0.97,20000
8IH,20160602,0.85,0.865,0.85,0.85,26500
A2M,20160602,1.455,1.465,1.415,1.43,2224397
AAA,20160602,50.08,50.09,50.08,50.09,94309
AAC,20160602,1.815,1.815,1.785,1.8,2244781
AAD,20160602,2.25,2.27,2.23,2.24,520308
AAK,20160602,0.003,0.003,0.003,0.003,1400000
AAX,20160602,0.34,0.345,0.34,0.34,36640
AB1,20160602,0.21,0.22,0.195,0.22,461422
ABA,20160602,5.07,5.1,5.07,5.08,9686
ABC,20160602,5.51,5.54,5.42,5.44,1070704
ABL,20160602,0.016,0.016,0.016,0.016,8500
ABP,20160602,3.22,3.295,3.21,3.23,439204
ABT,20160602,0.84,0.84,0.82,0.82,12655
ABU,20160602,0.058,0.065,0.058,0.063,1671814
ABX,20160602,0.15,0.15,0.145,0.15,297915
ABY,20160602,0.295,0.295,0.295,0.295,40000
ACB,20160602,0.025,0.026,0.024,0.025,1475274
ACG,20160602,0.135,0.14,0.135,0.14,41000
ACQ,20160602,0.885,0.885,0.88,0.88,205900
ACR,20160602,0.77,0.795,0.76,0.785,465841
ACU,20160602,0.036,0.036,0.036,0.036,20000
ACW,20160602,0.084,0.087,0.084,0.087,227100
ACX,20160602,6.48,6.53,6.325,6.36,536844
ADA,20160602,2.59,2.65,2.47,2.51,270694
ADH,20160602,2.41,2.42,2.35,2.42,110304
ADJ,20160602,0.125,0.13,0.12,0.125,3073442
ADN,20160602,0.019,0.019,0.019,0.019,1000
ADO,20160602,0.046,0.046,0.044,0.044,308376
ADR,20160602,0.49,0.49,0.49,0.49,38000
ADV,20160602,0.035,0.037,0.034,0.035,5929195
ADX,20160602,0.008,0.008,0.007,0.007,1930000
ADY,20160602,0.01,0.012,0.01,0.012,71430
AEB,20160602,0.054,0.054,0.054,0.054,32000
AEE,20160602,0.015,0.015,0.015,0.015,79000
AEF,20160602,86,87.5,84.25,84.25,468
AEG,20160602,1.15,1.15,1.15,1.15,28638
AEI,20160602,0.44,0.44,0.44,0.44,10000
AER,20160602,0.105,0.105,0.105,0.105,8000
AEV,20160602,0.22,0.225,0.215,0.22,240181
AFG,20160602,1.03,1.035,1.02,1.03,92883
AFI,20160602,5.61,5.62,5.58,5.6,339928
AFY,20160602,1.475,1.475,1.4,1.4,57502
AGD,20160602,0.18,0.18,0.18,0.18,11288
AGE,20160602,0.012,0.012,0.012,0.012,115000
AGF,20160602,0.83,0.832,0.827,0.83,133795
AGG,20160602,3.8,3.8,3.7,3.7,3160
AGI,20160602,2.39,2.4,2.38,2.38,138499
AGL,20160602,18.41,18.5,18.4,18.4,1457076
AGO,20160602,0.015,0.015,0.014,0.014,7524804
AGR,20160602,0.105,0.105,0.105,0.105,10000
AGS,20160602,0.036,0.038,0.036,0.038,1292561
AGX,20160602,0.009,0.009,0.009,0.009,400
AGY,20160602,0.04,0.044,0.037,0.037,7457865
AHF,20160602,0.185,0.19,0.185,0.185,209552
AHG,20160602,3.86,3.89,3.8,3.85,1128783
AHL,20160602,0.27,0.27,0.24,0.26,61000
AHX,20160602,1.455,1.455,1.45,1.45,4927
AHY,20160602,2.05,2.09,2.05,2.05,1407079
AHZ,20160602,0.365,0.38,0.36,0.375,501379
AIA,20160602,5.89,5.91,5.85,5.9,27786
AIO,20160602,8.87,8.88,8.85,8.87,1362850
AIQ,20160602,0.11,0.11,0.11,0.11,5390
AIR,20160602,0.065,0.075,0.065,0.075,15955
AIS,20160602,0.038,0.038,0.038,0.038,380
AIZ,20160602,2.1,2.1,2.06,2.08,19867
AJA,20160602,6.95,6.98,6.95,6.97,12065
AJC,20160602,0.003,0.003,0.003,0.003,1000000
AJD,20160602,1.435,1.435,1.405,1.405,18923
AJL,20160602,0.19,0.19,0.19,0.19,100000
AJQ,20160602,0.071,0.074,0.067,0.074,581000
AJX,20160602,0.82,0.905,0.82,0.865,2164039
AKK,20160602,0.008,0.008,0.007,0.007,5897313
AKP,20160602,20.25,22.5,20,21.5,89039
ALC,20160602,0.051,0.052,0.046,0.048,1758312
ALF,20160602,1.415,1.42,1.41,1.415,241290
ALI,20160602,1.91,1.92,1.88,1.92,70408
ALK,20160602,0.205,0.205,0.2,0.2,216778
ALL,20160602,12.98,13.285,12.91,13.07,3000424
ALQ,20160602,5.2,5.375,5.07,5.15,11079814
ALR,20160602,1.1,1.1,1.1,1.1,16827
ALT,20160602,0.006,0.007,0.006,0.007,1629356
ALU,20160602,6.42,6.5,6.41,6.43,362077
ALY,20160602,0.013,0.014,0.013,0.014,82302
AMA,20160602,0.905,0.92,0.905,0.92,412082
AMB,20160602,0.18,0.18,0.18,0.18,11000
AMC,20160602,16.05,16.27,15.96,16,3672852
AME,20160602,0.07,0.07,0.07,0.07,7171
AMH,20160602,0.93,0.94,0.93,0.94,326139
AMI,20160602,0.145,0.145,0.135,0.14,402673
AML,20160602,0.08,0.08,0.074,0.074,197858
AMN,20160602,0.19,0.21,0.19,0.21,161040
AMP,20160602,5.66,5.67,5.52,5.54,6419629
ANG,20160602,0.112,0.115,0.105,0.11,1241593
ANN,20160602,19,19.18,18.68,18.89,687845
ANO,20160602,0.026,0.027,0.026,0.026,235881
ANP,20160602,0.04,0.041,0.04,0.04,185000
ANQ,20160602,0.003,0.003,0.002,0.002,2550000
ANR,20160602,1.28,1.28,1.25,1.25,65000
ANW,20160602,0.006,0.006,0.006,0.006,1140000
ANZ,20160602,25.33,25.33,24.72,24.76,7310566
AOG,20160602,3.34,3.355,3.3,3.3,1277095
AOH,20160602,0.135,0.135,0.12,0.12,7045623
AOK,20160602,0.059,0.06,0.057,0.057,74443
AOP,20160602,0.087,0.087,0.085,0.085,291851
AOU,20160602,0.14,0.14,0.14,0.14,15226
AOW,20160602,0.185,0.185,0.185,0.185,75000
APA,20160602,8.71,8.735,8.64,8.67,1613451
APD,20160602,0.45,0.455,0.445,0.445,36103
APE,20160602,11.56,11.8,11.5,11.56,27309
APG,20160602,0.003,0.004,0.003,0.004,2716838
API,20160602,1.845,1.85,1.775,1.79,945193
APN,20160602,0.665,0.68,0.65,0.665,4182621
APO,20160602,7.05,7.24,7.05,7.23,1259759
APW,20160602,0.125,0.13,0.125,0.13,406800
APX,20160602,2.3,2.41,2.23,2.35,645448
APY,20160602,0.011,0.012,0.011,0.012,326935
APZ,20160602,1.175,1.19,1.175,1.19,108575
AQC,20160602,0.019,0.019,0.017,0.017,4392067
AQD,20160602,0.014,0.014,0.014,0.014,126650
AQF,20160602,1.78,1.78,1.78,1.78,5618
AQG,20160602,3.11,3.12,3.06,3.08,89295
AQI,20160602,0.115,0.125,0.115,0.12,1058875
AQZ,20160602,0.48,0.48,0.48,0.48,8520
AR1,20160602,0.015,0.015,0.015,0.015,7143
ARA,20160602,0.345,0.345,0.345,0.345,8744
ARB,20160602,16.34,16.59,16.23,16.3,92465
ARD,20160602,0.027,0.027,0.026,0.027,1185012
ARE,20160602,0.018,0.018,0.017,0.017,4667094
ARF,20160602,1.985,2.04,1.96,1.965,263073
ARG,20160602,7.21,7.25,7.2,7.23,153855
ARM,20160602,0.041,0.049,0.041,0.048,562838
ARO,20160602,0.006,0.008,0.006,0.008,454810
ARU,20160602,0.049,0.05,0.048,0.048,255490
ASB,20160602,1.31,1.322,1.285,1.29,797385
ASH,20160602,0.22,0.22,0.195,0.21,391691
ASL,20160602,0.625,0.695,0.625,0.695,1230781
ASN,20160602,0.036,0.036,0.035,0.035,108000
AST,20160602,1.54,1.555,1.53,1.53,4643796
ASW,20160602,0.62,0.62,0.6,0.6,91678
ASX,20160602,44.55,44.83,44.25,44.74,553524
ASY,20160602,0.02,0.022,0.02,0.022,558696
ASZ,20160602,1.06,1.065,1.025,1.03,210881
ATA,20160602,0.04,0.04,0.04,0.04,155590
ATC,20160602,0.11,0.11,0.11,0.11,59191
AUB,20160602,9.7,9.78,9.545,9.74,274548
AUI,20160602,7.2,7.2,7.1,7.13,17953
AUK,20160602,0.015,0.015,0.011,0.011,407200
AUP,20160602,5.75,5.75,5.75,5.75,4394
AUQ,20160602,0.03,0.03,0.029,0.029,247757
AUST,20160602,15.11,15.11,15.11,15.11,3694
AUZ,20160602,0.013,0.014,0.013,0.013,3505314
AVB,20160602,0.059,0.059,0.057,0.058,2197596
AVD,20160602,0.023,0.023,0.023,0.023,63
AVG,20160602,0.62,0.63,0.61,0.62,423937
AVH,20160602,0.105,0.11,0.1,0.1,127459
AVJ,20160602,0.53,0.54,0.53,0.53,106596
AVL,20160602,0.011,0.011,0.011,0.011,535000
AVN,20160602,2.25,2.27,2.24,2.26,213003
AVQ,20160602,0.155,0.155,0.15,0.15,300665
AVX,20160602,0.018,0.018,0.018,0.018,375
AVZ,20160602,0.01,0.01,0.009,0.009,2000000
AWC,20160602,1.4,1.4,1.302,1.35,22784156
AWE,20160602,0.87,0.87,0.83,0.85,6920171
AWN,20160602,0.45,0.45,0.45,0.45,1428
AWV,20160602,0.098,0.115,0.098,0.11,2400251
AXE,20160602,0.089,0.093,0.086,0.093,96237
AXP,20160602,0.85,0.86,0.85,0.85,159925
AXT,20160602,0.093,0.093,0.09,0.09,288805
AYF,20160602,5.8,5.8,5.8,5.8,7900
AYK,20160602,54.71,54.71,54.71,54.71,517
AYR,20160602,0.011,0.011,0.011,0.011,81161
AYS,20160602,1.885,1.885,1.84,1.84,544904
AZJ,20160602,4.58,4.61,4.52,4.59,6491227
AZM,20160602,0.05,0.053,0.05,0.053,107188
AZS,20160602,0.038,0.038,0.037,0.037,3055747
AZV,20160602,0.059,0.059,0.04,0.045,2646175
AZY,20160602,0.039,0.039,0.036,0.037,5369052
BAF,20160602,1.14,1.16,1.14,1.15,309758
BAL,20160602,11.04,11.1,10.72,10.74,540146
BAP,20160602,5.32,5.34,5.25,5.25,570269
BAR,20160602,0.066,0.068,0.06,0.066,2654670
BAS,20160602,0.001,0.001,0.001,0.001,24100
BAU,20160602,0.105,0.105,0.105,0.105,115456
BBG,20160602,1.46,1.46,1.39,1.41,156908
BBN,20160602,2.39,2.39,2.35,2.37,38863
BBOZ,20160602,23.6,24.2,23.55,24.14,113024
BBR,20160602,0.076,0.076,0.076,0.076,10000
BBUS,20160602,10.83,10.88,10.83,10.88,28735
BBX,20160602,0.015,0.015,0.015,0.015,20000
BCI,20160602,0.13,0.135,0.13,0.135,180393
BCK,20160602,0.014,0.014,0.014,0.014,50000
BCN,20160602,0.004,0.004,0.004,0.004,592618
BCT,20160602,0.023,0.023,0.022,0.022,750000
BDI,20160602,0.001,0.001,0.001,0.001,1000000
BDR,20160602,0.29,0.302,0.287,0.3,3532952
BEAR,20160602,17.01,17.19,17.01,17.17,30842
BEL,20160602,0.14,0.14,0.135,0.135,69656
BEN,20160602,9.95,9.99,9.41,9.43,3605834
BFC,20160602,0.42,0.42,0.41,0.415,197591
BFG,20160602,0.56,0.56,0.56,0.56,15000
BGA,20160602,6.09,6.18,6,6.05,393828
BGD,20160602,0.036,0.036,0.036,0.036,300000
BGG,20160602,0.038,0.038,0.038,0.038,30000
BGH,20160602,0.018,0.025,0.018,0.025,4378246
BGL,20160602,0.64,0.645,0.64,0.645,134703
BGS,20160602,0.3,0.31,0.3,0.3,1167145
BHP,20160602,18.35,18.435,18.21,18.24,7870296
BIG,20160602,0.13,0.13,0.13,0.13,18000
BIQ,20160602,0.6,0.6,0.6,0.6,16460
BIS,20160602,0.38,0.38,0.375,0.375,16508
BIT,20160602,0.07,0.07,0.068,0.07,102611
BKI,20160602,1.555,1.56,1.555,1.56,129212
BKL,20160602,148.01,149.65,146.26,147.19,103333
BKN,20160602,1.255,1.31,1.25,1.3,877168
BKP,20160602,0.001,0.001,0.001,0.001,330000
BKT,20160602,0.048,0.048,0.042,0.042,414605
BKW,20160602,15.1,15.1,14.63,14.63,71383
BKY,20160602,0.65,0.65,0.63,0.64,265987
BLA,20160602,8,8.37,7.95,8.24,70343
BLD,20160602,6.68,6.74,6.62,6.64,2392068
BLG,20160602,0.195,0.22,0.195,0.22,675919
BLK,20160602,0.455,0.455,0.44,0.455,621704
BLT,20160602,0.1,0.1,0.097,0.097,552645
BLX,20160602,1.3,1.31,1.275,1.3,317102
BLY,20160602,0.1,0.1,0.094,0.094,921516
BLZ,20160602,0.053,0.053,0.053,0.053,130000
BMH,20160602,0.21,0.21,0.21,0.21,28100
BMN,20160602,0.028,0.028,0.027,0.027,60350
BMP,20160602,0.5,0.5,0.49,0.5,31623
BNE,20160602,0.008,0.008,0.008,0.008,1000000
BNO,20160602,0.295,0.305,0.295,0.305,328385
BNR,20160602,0.07,0.07,0.068,0.068,316673
BOC,20160602,0.21,0.21,0.21,0.21,4150
BOE,20160602,0.047,0.047,0.045,0.045,5578053
BOL,20160602,0.071,0.073,0.071,0.072,400257
BOND,20160602,26.5,26.54,26.5,26.54,8141
BOQ,20160602,11.25,11.26,10.965,10.99,2361903
BPF,20160602,0.435,0.435,0.42,0.425,152513
BPH,20160602,0.007,0.007,0.007,0.007,500000
BPL,20160602,0.096,0.096,0.09,0.092,663817
BPS,20160602,1,1,1,1,85129
BPT,20160602,0.655,0.667,0.65,0.66,4611930
BRB,20160602,0.165,0.17,0.165,0.17,99883
BRD,20160602,0.003,0.003,0.003,0.003,1027012
BRG,20160602,7.7,7.75,7.5,7.52,174970
BRL,20160602,0.013,0.014,0.013,0.014,751000
BRN,20160602,0.175,0.185,0.16,0.16,1771424
BRU,20160602,0.24,0.24,0.23,0.23,158046
BSA,20160602,0.245,0.245,0.245,0.245,5000
BSE,20160602,0.11,0.11,0.105,0.105,404337
BSL,20160602,6.27,6.435,6.21,6.27,3777967
BSM,20160602,0.013,0.018,0.013,0.014,13800901
BSN,20160602,0.005,0.005,0.005,0.005,50000
BSP,20160602,0.004,0.005,0.004,0.005,500000
BSR,20160602,0.026,0.027,0.026,0.026,2612643
BTI,20160602,1.205,1.205,1.17,1.17,55000
BTT,20160602,9.67,9.68,9.41,9.42,578474
BUD,20160602,0.12,0.12,0.115,0.115,730443
BUL,20160602,0.027,0.027,0.027,0.027,1240595
BUX,20160602,0.1,0.105,0.096,0.096,2190219
BWF,20160602,0.63,0.64,0.63,0.64,2000
BWP,20160602,3.62,3.65,3.57,3.6,784853
BWR,20160602,1.55,1.55,1.5,1.5,12156
BWX,20160602,4.51,4.65,4.45,4.55,529492
BXB,20160602,12.79,12.88,12.625,12.7,2225878
BYE,20160602,0.145,0.145,0.135,0.135,190000
BYI,20160602,1.205,1.205,1.2,1.2,14000
BYL,20160602,0.115,0.13,0.115,0.125,164938
BYR,20160602,0.024,0.025,0.023,0.023,2289900
BZL,20160602,0.002,0.002,0.002,0.002,10000
CAA,20160602,0.12,0.12,0.12,0.12,233409
CAB,20160602,3.3,3.34,3.24,3.29,85894
CAD,20160602,0.004,0.004,0.003,0.004,10787524
CAE,20160602,0.025,0.025,0.025,0.025,118000
CAJ,20160602,0.18,0.18,0.175,0.175,787439
CAM,20160602,0.785,0.79,0.785,0.785,190404
CAP,20160602,0.062,0.062,0.062,0.062,39500
CAR,20160602,12.64,12.8,12.55,12.7,716805
CAS,20160602,0.13,0.13,0.13,0.13,78066
CAT,20160602,2.7,2.7,2.6,2.61,29130
CAV,20160602,0.015,0.015,0.015,0.015,100000
CAY,20160602,0.115,0.135,0.11,0.11,758814
CAZ,20160602,0.067,0.073,0.067,0.073,585757
CBA,20160602,76.99,76.99,75.31,75.58,2038099
CBC,20160602,0.88,0.885,0.88,0.885,11500
CBL,20160602,2.44,2.44,2.44,2.44,12545
CBS,20160602,0.031,0.031,0.031,0.031,4000000
CCJ,20160602,0.005,0.005,0.005,0.005,60000
CCL,20160602,8.79,8.79,8.64,8.72,1199927
CCP,20160602,12.15,12.21,12.07,12.16,131722
CCV,20160602,0.39,0.4,0.38,0.4,582099
CCZ,20160602,0.017,0.017,0.016,0.016,250000
CDA,20160602,1,1.01,0.99,0.99,86931
CDC,20160602,0.215,0.22,0.21,0.21,371676
CDG,20160602,0.066,0.068,0.066,0.068,1383903
CDM,20160602,1.28,1.28,1.27,1.27,116408
CDP,20160602,8.5,8.55,8.5,8.55,20480
CDU,20160602,0.64,0.65,0.62,0.635,340389
CDV,20160602,0.2,0.2,0.19,0.2,198396
CDY,20160602,0.027,0.027,0.027,0.027,793173
CETF,20160602,50.3,50.3,50.3,50.3,0
CFE,20160602,0.022,0.022,0.022,0.022,209328
CGC,20160602,3,3.1,3,3.07,445751
CGF,20160602,9.5,9.51,9.34,9.38,2338488
CGL,20160602,4.7,4.72,4.65,4.65,6000
CGN,20160602,0.061,0.062,0.061,0.062,90418
CGR,20160602,0.19,0.195,0.18,0.18,285815
CGS,20160602,0.78,0.78,0.77,0.77,32482
CGW,20160602,0.58,0.58,0.575,0.575,1198136
CHC,20160602,5.26,5.305,5.22,5.26,436513
CHF,20160602,0.013,0.013,0.011,0.011,50000
CHK,20160602,0.023,0.024,0.022,0.023,4277080
CHN,20160602,0.15,0.15,0.15,0.15,11009
CHP,20160602,0.003,0.003,0.003,0.003,648950
CIE,20160602,0.94,0.94,0.92,0.92,85663
CII,20160602,2.15,2.15,2.12,2.14,7500
CIM,20160602,37.6,38.16,37.24,37.24,678643
CIN,20160602,31.6,31.6,31.6,31.6,859
CIW,20160602,0.66,0.66,0.66,0.66,40023
CIZ,20160602,0.021,0.022,0.021,0.021,3520000
CJC,20160602,0.004,0.004,0.004,0.004,13589
CKF,20160602,4.97,5.08,4.95,5.02,398683
CL1,20160602,2.95,2.99,2.92,2.95,116786
CL8,20160602,0.017,0.018,0.017,0.018,63122
CLH,20160602,1.17,1.18,1.16,1.18,234725
CLQ,20160602,0.425,0.47,0.425,0.445,1497045
CLV,20160602,0.42,0.425,0.41,0.415,141997
CM8,20160602,0.175,0.18,0.175,0.18,190749
CMA,20160602,2.16,2.18,2.15,2.16,83518
CMI,20160602,1,1,1,1,4981
CMM,20160602,0.145,0.16,0.14,0.155,2312484
CMP,20160602,0.42,0.42,0.42,0.42,14620
CMW,20160602,1.05,1.055,1.04,1.045,1286302
CMY,20160602,0.007,0.007,0.006,0.006,24254217
CND,20160602,0.195,0.195,0.195,0.195,50000
CNI,20160602,1.11,1.11,1.095,1.1,23622
CNJ,20160602,0.032,0.032,0.03,0.03,630000
CNQ,20160602,0.026,0.026,0.023,0.023,25000
CNU,20160602,3.87,3.97,3.85,3.91,423815
CNW,20160602,0.033,0.033,0.033,0.033,376877
CNX,20160602,0.01,0.01,0.01,0.01,68232
COE,20160602,0.225,0.245,0.225,0.24,1258341
COH,20160602,120.91,123.06,120.52,121.18,310815
COI,20160602,0.06,0.06,0.06,0.06,207500
COO,20160602,0.093,0.094,0.093,0.094,22270
COY,20160602,0.009,0.009,0.009,0.009,39000
CPD,20160602,0.06,0.06,0.059,0.059,110000
CPU,20160602,10.7,10.76,10.5,10.53,880235
CQC,20160602,0.011,0.011,0.011,0.011,800000
CQR,20160602,4.75,4.805,4.725,4.75,854574
CRB,20160602,0.18,0.185,0.18,0.185,75048
CSE,20160602,0.46,0.47,0.45,0.46,603817
CSL,20160602,116.71,117.08,115.84,116.32,868931
CSR,20160602,3.44,3.455,3.33,3.36,2570113
CSS,20160602,0.037,0.037,0.037,0.037,274600
CSV,20160602,1.6,1.645,1.555,1.575,68547
CTD,20160602,14.41,14.53,14.17,14.33,313746
CTE,20160602,0.185,0.185,0.185,0.185,20000
CTN,20160602,0.95,0.96,0.945,0.95,291453
CTO,20160602,0.015,0.016,0.015,0.016,201124
CTP,20160602,0.093,0.096,0.091,0.093,882391
CTX,20160602,32.6,33.04,32.36,32.98,1072322
CUE,20160602,0.06,0.06,0.06,0.06,13433
CUL,20160602,0.004,0.004,0.003,0.003,1100000
CUP,20160602,0.8,0.8,0.8,0.8,1900
CUV,20160602,4.74,4.74,4.68,4.68,26419
CV1,20160602,0.2,0.2,0.195,0.195,233540
CVN,20160602,0.094,0.097,0.094,0.095,735701
CVO,20160602,1.52,1.525,1.47,1.475,1689900
CVT,20160602,0.26,0.26,0.255,0.255,438973
CVW,20160602,0.92,0.93,0.92,0.93,1721
CWE,20160602,0.034,0.035,0.034,0.034,1777842
CWN,20160602,11.99,12.01,11.83,11.93,1175174
CWP,20160602,4.31,4.34,4.3,4.3,71674
CWY,20160602,0.78,0.79,0.77,0.775,2458390
CXM,20160602,0.075,0.075,0.075,0.075,5000
CXO,20160602,0.028,0.029,0.027,0.027,2928136
CXX,20160602,0.3,0.315,0.295,0.305,351456
CXZ,20160602,0.155,0.155,0.14,0.155,52377
CYA,20160602,0.805,0.805,0.8,0.8,50905
CYB,20160602,5.45,5.64,5.43,5.5,8326414
CYC,20160602,0.71,0.71,0.71,0.71,1300
CYG,20160602,1.07,1.075,1.07,1.07,43000
CYL,20160602,0.53,0.54,0.53,0.54,78200
CYP,20160602,0.345,0.345,0.345,0.345,8000
CYU,20160602,0.008,0.008,0.008,0.008,90000
CZI,20160602,0.042,0.042,0.042,0.042,250000
CZL,20160602,0.039,0.04,0.039,0.039,751945
CZN,20160602,0.007,0.007,0.006,0.006,754300
CZZ,20160602,21.4,21.98,21.05,21.5,15939
D13,20160602,0.155,0.165,0.14,0.145,8468826
DAF,20160602,0.013,0.013,0.013,0.013,22000
DAU,20160602,0.028,0.029,0.028,0.029,65811
DCC,20160602,0.15,0.15,0.15,0.15,46495
DCG,20160602,0.805,0.81,0.795,0.8,69254
DCN,20160602,1.98,2.02,1.975,2,241295
DDR,20160602,1.86,1.86,1.85,1.86,117963
DDT,20160602,0.02,0.02,0.02,0.02,60000
DEG,20160602,0.003,0.003,0.002,0.002,12226000
DFM,20160602,2.18,2.21,2.04,2.14,148102
DGH,20160602,0.715,0.715,0.69,0.69,133837
DGO,20160602,0.2,0.2,0.2,0.2,290
DGR,20160602,0.028,0.028,0.027,0.027,75000
DGX,20160602,0.012,0.012,0.012,0.012,200000
DHR,20160602,0.005,0.005,0.005,0.005,150000
DIG,20160602,0.27,0.27,0.27,0.27,2225
DJRE,20160602,22.35,22.35,22.27,22.3,16852
DJW,20160602,4.11,4.13,4.08,4.11,78177
DKM,20160602,0.215,0.215,0.215,0.215,100000
DKO,20160602,0.145,0.145,0.14,0.14,1825201
DLX,20160602,6.33,6.4,6.29,6.29,1042021
DM1,20160602,0.053,0.053,0.05,0.05,119441
DMA,20160602,0.058,0.058,0.058,0.058,44286
DMP,20160602,68.93,69.13,67.05,67.05,570742
DNA,20160602,0.415,0.42,0.41,0.41,144176
DNK,20160602,0.29,0.29,0.29,0.29,138419
DOW,20160602,3.84,3.925,3.82,3.89,1083961
DRA,20160602,0.24,0.25,0.24,0.25,74350
DRK,20160602,0.002,0.003,0.002,0.002,13337051
DRM,20160602,0.88,0.92,0.88,0.9,737438
DRX,20160602,0.013,0.013,0.013,0.013,332000
DSX,20160602,0.05,0.05,0.048,0.048,41667
DTI,20160602,0.4,0.41,0.4,0.41,99628
DTL,20160602,1.1,1.1,1.075,1.1,28694
DTM,20160602,0.01,0.01,0.009,0.009,500000
DTX,20160602,0.63,0.65,0.59,0.6,130573
DUB,20160602,0.6,0.6,0.54,0.555,163103
DUE,20160602,2.34,2.35,2.33,2.33,5943340
DUI,20160602,3.31,3.33,3.31,3.33,2591
DVA,20160602,0.675,0.745,0.675,0.71,376266
DVI,20160602,0.017,0.017,0.017,0.017,300000
DVL,20160602,0.36,0.36,0.34,0.34,42629
DWS,20160602,1.11,1.125,1.11,1.11,47300
DXB,20160602,0.007,0.007,0.007,0.007,136
DXS,20160602,8.75,8.78,8.62,8.62,6672720
DYE,20160602,0.235,0.24,0.23,0.24,21836
DYL,20160602,0.004,0.004,0.004,0.004,1480053
E88,20160602,0.7,0.83,0.7,0.83,21700
EAI,20160602,0.78,0.78,0.76,0.76,98192
EAR,20160602,0.2,0.2,0.19,0.195,425239
ECG,20160602,0.29,0.3,0.29,0.29,108494
ECX,20160602,3.62,3.73,3.61,3.7,940055
EDE,20160602,0.225,0.24,0.215,0.23,6761978
EER,20160602,0.003,0.003,0.003,0.003,10000
EEU,20160602,15.12,15.12,15.12,15.12,330
EGG,20160602,1.195,1.2,1.19,1.19,21118
EGH,20160602,0.755,0.755,0.73,0.73,221204
EGI,20160602,0.94,0.94,0.92,0.94,80303
EGO,20160602,0.29,0.3,0.29,0.3,26622
EGS,20160602,0.35,0.36,0.34,0.355,4659678
EHE,20160602,5.64,5.65,5.27,5.32,5023870
EHL,20160602,0.031,0.032,0.031,0.032,18610
ELD,20160602,3.86,3.9,3.84,3.86,139795
ELK,20160602,0.093,0.098,0.093,0.098,18150
ELM,20160602,0.17,0.17,0.17,0.17,7058
ELT,20160602,0.006,0.006,0.006,0.006,44386
ELX,20160602,0.98,0.995,0.95,0.99,107616
EMC,20160602,0.86,0.9,0.8,0.86,846239
EMH,20160602,0.37,0.37,0.34,0.355,764715
EML,20160602,1.445,1.47,1.44,1.45,68209
EMR,20160602,0.041,0.049,0.041,0.047,3328359
EMX,20160602,0.044,0.044,0.043,0.044,2428916
ENC,20160602,0.27,0.27,0.26,0.26,16850
ENN,20160602,1.9,1.91,1.9,1.91,30825
EOR,20160602,0.01,0.01,0.01,0.01,75000
EOS,20160602,1.84,1.98,1.78,1.8,374767
EPD,20160602,0.4,0.415,0.4,0.4,353377
EPW,20160602,1.41,1.425,1.375,1.41,391688
EQT,20160602,14.21,14.46,14.21,14.33,19156
EQX,20160602,0.355,0.355,0.34,0.34,91042
ERA,20160602,0.347,0.355,0.345,0.355,93080
ERJ,20160602,0.025,0.026,0.025,0.025,579922
ERM,20160602,0.053,0.054,0.052,0.054,202446
ESI,20160602,0.012,0.012,0.012,0.012,684717
ESM,20160602,0.012,0.014,0.012,0.012,2645643
ESV,20160602,0.1,0.1,0.097,0.097,64500
ETF,20160602,20.75,20.75,20.75,20.75,224
ETPMAG,20160602,21.1,21.21,21.1,21.2,4872
ETPMPD,20160602,79.13,79.13,79.13,79.13,0
ETPMPM,20160602,120.05,120.05,120.05,120.05,0
ETPMPT,20160602,135.75,135.75,135.75,135.75,0
EVN,20160602,2.06,2.1,2.04,2.04,2744218
EVT,20160602,14.99,15.03,14.97,14.97,22134
EWC,20160602,0.19,0.24,0.19,0.205,2120323
EXC,20160602,0.039,0.04,0.039,0.04,520048
EXM,20160602,0.006,0.006,0.006,0.006,1460700
EXR,20160602,0.001,0.001,0.001,0.001,233334
EXU,20160602,0.058,0.06,0.058,0.058,625234
EZL,20160602,0.76,0.76,0.76,0.76,55000
FAN,20160602,1.95,1.95,1.95,1.95,5000
FAR,20160602,0.081,0.081,0.08,0.08,4855194
FBR,20160602,0.023,0.026,0.023,0.026,4713885
FBU,20160602,8.22,8.25,8.15,8.17,442296
FCG,20160602,0.11,0.11,0.11,0.11,100000
FCT,20160602,0.22,0.24,0.22,0.24,218600
FET,20160602,2.63,2.665,2.6,2.65,705351
FGF,20160602,0.008,0.008,0.008,0.008,250
FGG,20160602,1.08,1.09,1.08,1.09,176659
FGR,20160602,0.09,0.09,0.089,0.089,537297
FGX,20160602,1.12,1.125,1.115,1.115,117970
FLK,20160602,0.87,0.87,0.855,0.855,51001
FLN,20160602,1.51,1.54,1.495,1.495,46312
FLT,20160602,31.15,31.22,30.57,30.62,1141616
FMG,20160602,2.92,3.04,2.91,3,18073671
FML,20160602,0.445,0.45,0.445,0.45,20390
FMS,20160602,0.025,0.025,0.025,0.025,2044973
FND,20160602,0.16,0.16,0.16,0.16,99949
FNP,20160602,3.98,3.98,3.82,3.86,105619
FNT,20160602,0.03,0.034,0.03,0.034,206601
FOD,20160602,0.225,0.225,0.21,0.21,8200
FPH,20160602,10.06,10.1,9.89,9.89,393589
FRE,20160602,0.001,0.001,0.001,0.001,300000
FRI,20160602,0.85,0.85,0.85,0.85,2000
FRM,20160602,2.02,2.06,1.99,1.99,77427
FRN,20160602,0.021,0.021,0.021,0.021,45452
FRX,20160602,0.145,0.145,0.145,0.145,40000
FSA,20160602,1.03,1.03,1.025,1.025,177233
FSF,20160602,5.39,5.39,5.31,5.35,2401
FSI,20160602,1.465,1.52,1.45,1.45,36478
FTT,20160602,0.035,0.036,0.034,0.036,180469
FTZ,20160602,0.15,0.2,0.15,0.2,191902
FUN,20160602,0.023,0.023,0.021,0.021,795663
FWD,20160602,1.66,1.74,1.62,1.73,36721
FXJ,20160602,0.905,0.92,0.905,0.905,3046074
FXL,20160602,1.995,2,1.902,1.955,6689439
G8C,20160602,0.041,0.042,0.041,0.041,286300
GAP,20160602,0.32,0.32,0.31,0.32,173283
GBG,20160602,0.018,0.018,0.018,0.018,158507
GBI,20160602,0.215,0.215,0.215,0.215,5000
GBM,20160602,0.011,0.011,0.011,0.011,100000
GBT,20160602,5.45,5.47,5.335,5.37,124837
GBX,20160602,0.005,0.005,0.005,0.005,2434792
GC1,20160602,0.96,0.96,0.96,0.96,3000
GCN,20160602,0.006,0.006,0.006,0.006,300000
GCS,20160602,0.375,0.38,0.375,0.38,35029
GCY,20160602,0.455,0.455,0.39,0.415,1061223
GDF,20160602,0.97,0.97,0.96,0.96,34794
GDI,20160602,0.915,0.915,0.905,0.91,339710
GDX,20160602,31.38,31.55,31.3,31.42,9729
GDY,20160602,0.027,0.027,0.026,0.026,243469
GEAR,20160602,18.42,18.44,18.14,18.16,28022
GEG,20160602,1.13,1.13,1.13,1.13,45000
GEM,20160602,4.07,4.12,3.86,3.94,3247393
GER,20160602,0.072,0.072,0.07,0.07,71077
GES,20160602,0.06,0.06,0.06,0.06,70000
GFY,20160602,1.12,1.12,1.05,1.095,116351
GGG,20160602,0.028,0.03,0.027,0.027,4500633
GGL,20160602,0.035,0.037,0.034,0.034,1090594
GGUS,20160602,9.53,9.53,9.53,9.53,500
GGX,20160602,0.002,0.004,0.002,0.004,298400
GHC,20160602,2.2,2.24,2.2,2.24,67300
GID,20160602,0.03,0.031,0.03,0.031,3735394
GJT,20160602,2.57,2.57,2.54,2.56,32475
GLA,20160602,0.002,0.002,0.002,0.002,10000
GLF,20160602,0.01,0.01,0.01,0.01,4150000
GLN,20160602,0.008,0.009,0.007,0.007,1500000
GMA,20160602,2.63,2.765,2.6,2.67,1120839
GMC,20160602,0.004,0.004,0.004,0.004,704112
GMD,20160602,0.018,0.018,0.018,0.018,119100
GMF,20160602,2.36,2.37,2.36,2.36,147137
GMG,20160602,7.09,7.11,7.015,7.03,5261726
GMM,20160602,0.805,0.83,0.752,0.765,1849098
GMR,20160602,0.005,0.006,0.005,0.006,7620437
GNC,20160602,8.73,8.81,8.64,8.74,500957
GNE,20160602,1.975,1.975,1.95,1.95,71548
GNG,20160602,0.955,0.97,0.955,0.965,135989
GNX,20160602,0.2,0.21,0.2,0.21,105200
GOLD,20160602,159.35,159.98,158.91,159.74,4675
GOR,20160602,0.56,0.595,0.56,0.585,3808703
GOVT,20160602,26.31,26.31,26.31,26.31,0
GOW,20160602,3.23,3.23,3.23,3.23,1276
GOZ,20160602,3.25,3.3,3.23,3.23,197255
GPH,20160602,0.095,0.1,0.095,0.1,739361
GPR,20160602,0.028,0.029,0.028,0.029,413442
GPT,20160602,5.4,5.42,5.32,5.34,7900519
GRA,20160602,0.32,0.32,0.32,0.32,3125
GRB,20160602,0.06,0.06,0.054,0.06,280853
GRR,20160602,0.092,0.092,0.092,0.092,104592
GRY,20160602,0.125,0.125,0.12,0.125,197784
GTE,20160602,0.016,0.016,0.015,0.015,404814
GTG,20160602,0.021,0.021,0.02,0.02,2114400
GTK,20160602,2.66,2.67,2.65,2.67,132369
GTN,20160602,2.14,2.21,2.1,2.12,1680389
GTY,20160602,2.88,2.88,2.83,2.86,930330
GUD,20160602,8.8,8.86,8.7,8.71,166711
GVF,20160602,1.01,1.035,1.01,1.035,295974
GWA,20160602,2.29,2.35,2.285,2.3,692074
GXL,20160602,7.77,7.85,7.68,7.73,146327
GXY,20160602,0.515,0.515,0.47,0.485,12883206
HAS,20160602,0.087,0.087,0.087,0.087,5000
HAV,20160602,0.4,0.4,0.385,0.39,35577
HAW,20160602,0.027,0.027,0.027,0.027,100000
HCT,20160602,0.185,0.185,0.18,0.18,142028
HFA,20160602,2.41,2.44,2.33,2.33,97937
HFR,20160602,1.5,1.51,1.465,1.475,870118
HGG,20160602,5.13,5.2,5.13,5.15,2831349
HGO,20160602,0.029,0.03,0.028,0.03,1335043
HHL,20160602,3.45,3.48,3.27,3.31,8862
HHV,20160602,1.27,1.28,1.26,1.26,331441
HHY,20160602,0.105,0.11,0.105,0.11,110000
HIG,20160602,0.053,0.055,0.053,0.055,108000
HIL,20160602,0.315,0.32,0.295,0.3,167349
HIT,20160602,0.26,0.26,0.255,0.255,12000
HLO,20160602,2.9,2.9,2.87,2.9,49489
HLX,20160602,0.086,0.09,0.086,0.09,1268923
HMI,20160602,0.085,0.085,0.081,0.081,119295
HMX,20160602,0.074,0.076,0.074,0.076,10000
HNR,20160602,0.015,0.015,0.014,0.014,1075380
HOM,20160602,0.435,0.435,0.435,0.435,1500
HOR,20160602,0.017,0.017,0.017,0.017,91000
HPI,20160602,3.08,3.1,2.98,3,89575
HRL,20160602,0.12,0.12,0.12,0.12,5924
HRR,20160602,0.12,0.12,0.12,0.12,479200
HSN,20160602,3.72,3.89,3.705,3.87,369848
HSO,20160602,2.95,2.97,2.905,2.91,4513772
HTA,20160602,0.079,0.079,0.079,0.079,104
HUB,20160602,3.85,3.89,3.76,3.8,55330
HUO,20160602,3.16,3.2,3.14,3.15,57497
HVN,20160602,4.52,4.53,4.4,4.42,2367105
HVST,20160602,21.01,21.19,20.86,20.89,80077
HXG,20160602,0.125,0.13,0.12,0.125,1575591
HZN,20160602,0.054,0.055,0.053,0.054,979425
HZR,20160602,0.495,0.495,0.465,0.47,278021
IAA,20160602,59.1,59.47,59.1,59.39,4457
IAF,20160602,108.28,108.34,108.2,108.3,3723
IAG,20160602,5.79,5.81,5.69,5.7,8249657
IBC,20160602,0.47,0.47,0.47,0.47,80000
IBG,20160602,0.041,0.045,0.041,0.045,4361244
IBK,20160602,40.54,40.56,40.54,40.56,325
ICG,20160602,0.004,0.004,0.004,0.004,9415785
ICN,20160602,0.032,0.032,0.032,0.032,84059
ICQ,20160602,0.855,0.88,0.85,0.88,82225
ICS,20160602,1.84,1.84,1.81,1.81,12246
ICT,20160602,0.036,0.038,0.035,0.038,132250
ICU,20160602,0.115,0.115,0.115,0.115,10000
IDR,20160602,2.11,2.12,2.1,2.1,3046
IDT,20160602,0.29,0.29,0.28,0.28,76156
IDX,20160602,1.57,1.62,1.57,1.62,35342
IEL,20160602,4.6,4.64,4.58,4.6,547014
IEM,20160602,45.5,45.78,45.49,45.67,10653
IEU,20160602,54.99,55.28,54.86,55,22206
IFL,20160602,8.16,8.195,8.06,8.06,957507
IFM,20160602,0.585,0.585,0.57,0.575,1481975
IFN,20160602,1.08,1.09,1.07,1.085,1923388
IGB,20160602,106.04,106.04,105.98,105.98,49
IGL,20160602,2.26,2.3,2.23,2.24,27854
IGO,20160602,2.81,2.84,2.735,2.77,1590776
IHCB,20160602,104.69,104.7,104.68,104.68,234
IHD,20160602,13.12,13.12,12.9,12.91,51394
IHEB,20160602,105.96,105.96,105.96,105.96,189
IHHY,20160602,102.96,102.96,102.96,102.96,194
IHK,20160602,27.11,27.31,27.11,27.31,74
IHOO,20160602,94.84,95,94.84,95,284
IHVV,20160602,264.57,264.57,264.08,264.08,287
IIL,20160602,0.3,0.31,0.27,0.27,67094
IJH,20160602,206.35,206.85,206.35,206.85,310
IJP,20160602,16.21,16.24,16.06,16.06,28527
IJR,20160602,161,161.35,161,161.35,17
IKO,20160602,69.07,69.51,69.07,69.51,379
ILB,20160602,115.5,115.94,115.5,115.84,957
ILC,20160602,22.24,22.24,22.03,22.03,5581
ILU,20160602,6.32,6.405,6.31,6.35,3855696
IMC,20160602,0.255,0.26,0.255,0.255,52252
IMD,20160602,0.22,0.24,0.22,0.225,40224
IMF,20160602,1.475,1.49,1.412,1.435,702450
INA,20160602,2.8,2.85,2.78,2.84,130620
IND,20160602,0.012,0.012,0.012,0.012,350000
INK,20160602,0.061,0.061,0.061,0.061,4175
INM,20160602,50,50.49,50,50.44,61679
IOF,20160602,4.22,4.27,4.22,4.25,836293
IOG,20160602,0.054,0.054,0.053,0.053,109000
IOO,20160602,100.78,101.03,100.48,100.77,10769
IOT,20160602,0.11,0.11,0.1,0.1,7102285
IOZ,20160602,22.45,22.45,22.22,22.24,25013
IPB,20160602,0.011,0.011,0.011,0.011,30000
IPD,20160602,0.94,0.977,0.932,0.955,224010
IPE,20160602,0.235,0.24,0.235,0.235,261000
IPH,20160602,7.05,7.065,6.87,6.9,620514
IPL,20160602,3.38,3.42,3.325,3.37,4092280
IPT,20160602,0.028,0.028,0.027,0.027,1557858
IRC,20160602,0.105,0.105,0.1,0.1,196841
IRE,20160602,12.26,12.4,12.2,12.29,240495
IRI,20160602,2.01,2.07,2.01,2.02,79448
IRL,20160602,0.003,0.003,0.003,0.003,245000
IRM,20160602,0.019,0.02,0.018,0.02,1001934
IRU,20160602,159.3,159.67,159.3,159.55,115
ISD,20160602,3.91,3.96,3.84,3.85,558040
ISG,20160602,14.38,14.38,14.37,14.37,6658
ISO,20160602,4.21,4.21,4.18,4.18,3010
ISU,20160602,1.065,1.095,1.05,1.075,400342
ISX,20160602,0.225,0.225,0.22,0.225,656850
ITD,20160602,0.175,0.175,0.175,0.175,6500
ITQ,20160602,5.83,5.94,5.83,5.83,17526
ITW,20160602,18.62,18.65,18.57,18.57,1459
IVC,20160602,12.66,12.8,12.55,12.6,141732
IVE,20160602,80.33,80.46,80.12,80.13,4291
IVR,20160602,0.033,0.033,0.03,0.03,630929
IVV,20160602,291.52,291.94,290.61,291.38,15903
IWG,20160602,0.063,0.067,0.063,0.067,236611
IXI,20160602,135.56,135.62,134.57,135.43,915
IXJ,20160602,139.93,139.93,139.42,139.64,4211
IXR,20160602,0.004,0.004,0.004,0.004,10593429
IZZ,20160602,45.99,46.24,45.94,46.11,13063
JAL,20160602,0.032,0.032,0.032,0.032,10000
JBH,20160602,22.98,23.2,22.37,22.49,1171975
JHC,20160602,2.67,2.67,2.41,2.43,5028649
JHL,20160602,0.175,0.175,0.17,0.17,115985
JHX,20160602,21.24,21.42,21.07,21.17,1513867
JIN,20160602,1.42,1.42,1.41,1.41,22316
JKA,20160602,0.003,0.003,0.003,0.003,787500
JKL,20160602,0.21,0.21,0.205,0.21,124817
JRL,20160602,0.225,0.225,0.225,0.225,15000
JRV,20160602,0.067,0.067,0.067,0.067,13036
JVG,20160602,0.002,0.002,0.002,0.002,2275000
KAI,20160602,0.07,0.07,0.063,0.064,1124132
KAM,20160602,0.43,0.435,0.425,0.425,84476
KAR,20160602,1.4,1.41,1.365,1.38,664588
KAS,20160602,0.026,0.026,0.026,0.026,60000
KAT,20160602,0.78,0.78,0.78,0.78,48156
KBC,20160602,0.165,0.165,0.165,0.165,6000
KBL,20160602,0.01,0.011,0.01,0.011,1836133
KBU,20160602,0.09,0.09,0.09,0.09,21231
KDL,20160602,0.085,0.085,0.085,0.085,50000
KDR,20160602,0.135,0.15,0.12,0.135,16709816
KEY,20160602,0.004,0.004,0.004,0.004,10345
KGD,20160602,0.029,0.03,0.029,0.029,231700
KGL,20160602,0.15,0.15,0.15,0.15,25000
KII,20160602,2.3,2.34,2.3,2.34,19521
KIN,20160602,0.15,0.18,0.145,0.18,823231
KIS,20160602,0.055,0.055,0.055,0.055,45000
KKL,20160602,0.007,0.007,0.007,0.007,1121813
KKT,20160602,0.365,0.365,0.365,0.365,32788
KMD,20160602,1.46,1.46,1.375,1.425,191607
KNL,20160602,0.225,0.23,0.22,0.225,616948
KNO,20160602,0.2,0.2,0.2,0.2,25000
KOR,20160602,0.037,0.037,0.037,0.037,515000
KPL,20160602,0.093,0.1,0.093,0.1,105000
KPO,20160602,0.069,0.069,0.069,0.069,22000
KRM,20160602,0.17,0.17,0.17,0.17,41469
KSL,20160602,1.06,1.08,1.05,1.05,61560
KSN,20160602,0.022,0.022,0.022,0.022,564000
KTA,20160602,0.185,0.185,0.185,0.185,18000
KTE,20160602,0.026,0.026,0.026,0.026,50660
LAA,20160602,0.285,0.285,0.28,0.285,24700
LAU,20160602,0.46,0.47,0.46,0.47,104471
LBT,20160602,0.15,0.15,0.15,0.15,41650
LCD,20160602,0.056,0.056,0.056,0.056,120000
LCK,20160602,0.265,0.265,0.25,0.265,86082
LCM,20160602,0.425,0.44,0.425,0.44,39549
LCT,20160602,0.051,0.054,0.05,0.05,593000
LEG,20160602,0.009,0.009,0.009,0.009,1000000
LEP,20160602,4.39,4.44,4.35,4.44,32534
LGD,20160602,0.22,0.22,0.22,0.22,22680
LGO,20160602,0.008,0.008,0.008,0.008,2861121
LHB,20160602,0.1,0.1,0.1,0.1,300
LHC,20160602,1.795,1.795,1.7,1.75,99769
LIT,20160602,0.245,0.255,0.24,0.25,1625270
LKE,20160602,0.032,0.035,0.03,0.03,230000
LKO,20160602,0.001,0.001,0.001,0.001,3000000
LLC,20160602,13.54,13.54,13.16,13.19,1003593
LLO,20160602,0.6,0.6,0.6,0.6,224
LMG,20160602,0.019,0.019,0.017,0.017,1376400
LMW,20160602,0.555,0.555,0.555,0.555,10000
LNG,20160602,0.57,0.585,0.57,0.575,6684865
LNK,20160602,8.64,8.73,8.64,8.69,2261675
LNR,20160602,5.4,5.7,5.3,5.7,9379
LNU,20160602,0.065,0.065,0.065,0.065,25000
LNY,20160602,0.004,0.004,0.004,0.004,9016983
LOM,20160602,0.335,0.35,0.335,0.345,421693
LOV,20160602,2.06,2.08,2.03,2.06,412731
LPE,20160602,0.044,0.045,0.044,0.044,3151506
LRS,20160602,0.015,0.015,0.012,0.012,13613851
LSR,20160602,0.022,0.023,0.018,0.02,3677859
LTR,20160602,0.023,0.023,0.022,0.022,450000
LVT,20160602,0.19,0.19,0.18,0.18,177000
LWP,20160602,0.005,0.005,0.005,0.005,5515500
LYC,20160602,0.068,0.068,0.067,0.067,4609054
LYL,20160602,2.11,2.15,2.11,2.15,5714
M7T,20160602,0.051,0.052,0.05,0.05,652178
MA1,20160602,0.96,0.97,0.96,0.965,92947
MAD,20160602,0.06,0.06,0.057,0.06,843067
MAH,20160602,0.105,0.105,0.1,0.1,475431
MAI,20160602,0.65,0.65,0.65,0.65,18999
MAQ,20160602,11.79,11.79,11.78,11.79,4144
MAT,20160602,0.13,0.15,0.13,0.15,138451
MBC,20160602,0.055,0.055,0.051,0.051,114000
MBO,20160602,0.034,0.036,0.034,0.036,37582
MCE,20160602,0.43,0.43,0.42,0.42,19174
MCP,20160602,0.905,0.915,0.9,0.9,133527
MCR,20160602,0.28,0.312,0.28,0.3,514232
MCT,20160602,0.07,0.078,0.069,0.073,6605046
MDC,20160602,0.46,0.475,0.44,0.46,130372
MDI,20160602,0.041,0.042,0.041,0.041,1197820
MDL,20160602,0.24,0.24,0.24,0.24,41388
MDR,20160602,0.036,0.037,0.034,0.036,3022193
MEA,20160602,1.045,1.055,1.025,1.055,194620
MEB,20160602,0.295,0.32,0.29,0.31,916217
MEL,20160602,0.059,0.061,0.059,0.06,4503905
MEO,20160602,0.016,0.017,0.016,0.017,739372
MEP,20160602,0.075,0.078,0.075,0.078,1097499
MEU,20160602,0.016,0.016,0.016,0.016,173486
MEY,20160602,0.22,0.22,0.22,0.22,8000
MEZ,20160602,2.53,2.53,2.53,2.53,12036
MFF,20160602,1.925,1.935,1.902,1.91,312377
MFG,20160602,24,24.29,23.51,23.57,300320
MGC,20160602,1,1,0.965,0.965,616681
MGE,20160602,2.64,2.65,2.63,2.65,667566
MGL,20160602,0.036,0.036,0.033,0.033,159148
MGP,20160602,0.4,0.4,0.4,0.4,119156
MGR,20160602,1.935,1.942,1.92,1.935,12182848
MGT,20160602,0.028,0.028,0.028,0.028,114000
MGV,20160602,0.052,0.052,0.05,0.05,60000
MGX,20160602,0.19,0.192,0.19,0.19,459341
MHC,20160602,0.032,0.032,0.032,0.032,41605
MHG,20160602,2.45,2.45,2.45,2.45,64969
MIG,20160602,0.51,0.575,0.5,0.57,219450
MIL,20160602,1.45,1.45,1.45,1.45,17291
MIN,20160602,8.57,8.66,8.455,8.61,1768591
MIR,20160602,2.79,2.79,2.77,2.77,35689
MJP,20160602,0.635,0.64,0.625,0.625,26879
MKB,20160602,0.009,0.009,0.009,0.009,550000
MKO,20160602,0.046,0.046,0.046,0.046,4500
MLB,20160602,1.78,1.795,1.77,1.78,93054
MLD,20160602,1.065,1.08,1.04,1.08,157742
MLM,20160602,0.03,0.035,0.03,0.031,714820
MLT,20160602,4.2,4.24,4.2,4.24,60907
MLX,20160602,1.09,1.092,1.045,1.06,1098746
MMI,20160602,0.07,0.07,0.07,0.07,135000
MMJ,20160602,0.22,0.22,0.215,0.215,194114
MML,20160602,0.65,0.665,0.645,0.65,450974
MMS,20160602,14.8,14.98,14.56,14.71,369324
MNC,20160602,0.004,0.004,0.004,0.004,3500000
MND,20160602,7.09,7.26,7.05,7.24,374085
MNF,20160602,3.89,3.93,3.86,3.88,39652
MNM,20160602,0.015,0.015,0.015,0.015,1200000
MNQ,20160602,0.017,0.018,0.017,0.017,1054366
MNS,20160602,0.785,0.785,0.74,0.745,1896436
MNW,20160602,0.1,0.1,0.098,0.099,837927
MNY,20160602,1.04,1.06,1.02,1.04,495474
MOAT,20160602,45.85,45.89,45.85,45.88,248
MOC,20160602,1.72,1.72,1.67,1.68,125452
MOD,20160602,0.022,0.024,0.022,0.024,4549404
MOQ,20160602,0.295,0.295,0.295,0.295,10000
MOT,20160602,0.001,0.001,0.001,0.001,2500000
MOX,20160602,0.012,0.012,0.011,0.011,450000
MOY,20160602,0.13,0.135,0.13,0.13,494878
MP1,20160602,1.895,2.02,1.89,2,102168
MPL,20160602,3.2,3.275,3.19,3.21,11530804
MPO,20160602,0.125,0.125,0.115,0.12,322785
MQA,20160602,5.2,5.25,5.185,5.19,1019668
MQG,20160602,73.7,74.18,72.54,73.06,1168584
MRC,20160602,0.14,0.14,0.14,0.14,351650
MRD,20160602,0.022,0.023,0.021,0.023,2904371
MRM,20160602,0.435,0.445,0.43,0.43,601063
MRV,20160602,0.004,0.004,0.004,0.004,1140000
MSG,20160602,0.037,0.04,0.037,0.04,75250
MSM,20160602,0.13,0.14,0.125,0.14,1045360
MSR,20160602,0.002,0.002,0.002,0.002,1725000
MSV,20160602,0.015,0.016,0.015,0.015,270084
MTA,20160602,0.066,0.066,0.06,0.063,1160277
MTH,20160602,0.007,0.007,0.007,0.007,3220000
MTL,20160602,0.065,0.071,0.065,0.07,456209
MTM,20160602,0.32,0.32,0.32,0.32,15625
MTO,20160602,2.75,2.77,2.74,2.77,29398
MTR,20160602,3.86,3.91,3.84,3.87,3153966
MTS,20160602,1.935,1.945,1.902,1.93,3514592
MUA,20160602,1.015,1.015,1.01,1.01,15000
MUS,20160602,0.042,0.042,0.041,0.041,253572
MVA,20160602,20.71,20.71,20.66,20.66,1925
MVB,20160602,25.06,25.06,24.66,24.71,31899
MVF,20160602,1.8,1.84,1.79,1.83,529238
MVP,20160602,6.2,6.21,6.1,6.12,41435
MVR,20160602,16.24,16.24,16.24,16.24,240
MVS,20160602,17.21,17.21,17.17,17.17,525
MVT,20160602,0.14,0.14,0.14,0.14,181668
MVW,20160602,23.5,23.5,23.33,23.39,24645
MXC,20160602,0.058,0.059,0.056,0.056,6105379
MXI,20160602,0.46,0.465,0.46,0.465,13069
MXR,20160602,0.004,0.004,0.003,0.003,4200000
MYE,20160602,0.15,0.15,0.15,0.15,6000
MYO,20160602,3.36,3.435,3.33,3.4,441527
MYQ,20160602,0.08,0.08,0.077,0.077,278744
MYR,20160602,1.14,1.165,1.12,1.155,16991124
MYS,20160602,4.14,4.25,4.12,4.16,49013
MYT,20160602,2.8,2.84,2.8,2.82,5318
MYX,20160602,1.54,1.56,1.52,1.535,4095149
MZI,20160602,0.275,0.28,0.275,0.28,41814
MZM,20160602,0.175,0.185,0.175,0.185,25000
MZN,20160602,0.011,0.011,0.01,0.01,4160902
NAB,20160602,26.84,26.84,26.19,26.34,6181536
NAE,20160602,0.01,0.012,0.01,0.012,740000
NAG,20160602,0.24,0.24,0.205,0.225,2213167
NAN,20160602,2.46,2.49,2.41,2.45,669791
NAV,20160602,0.009,0.009,0.009,0.009,97082
NCC,20160602,1.02,1.02,1.02,1.02,10000
NCK,20160602,4.5,4.59,4.485,4.5,47210
NCM,20160602,19.65,19.65,19.24,19.4,2190220
NDQ,20160602,10.84,10.88,10.83,10.85,23051
NEA,20160602,0.45,0.45,0.435,0.44,739235
NEC,20160602,1.19,1.195,1.16,1.17,1967838
NEN,20160602,0.26,0.26,0.255,0.255,7940
NEU,20160602,0.068,0.068,0.057,0.063,4388629
NGE,20160602,0.023,0.023,0.023,0.023,1000000
NHC,20160602,1.47,1.48,1.43,1.475,48539
NHF,20160602,4.65,4.68,4.58,4.68,277701
NKP,20160602,0.067,0.067,0.066,0.066,83770
NME,20160602,0.006,0.006,0.005,0.005,60000
NMG,20160602,0.01,0.01,0.01,0.01,921570
NMT,20160602,0.485,0.49,0.465,0.485,1932691
NNW,20160602,0.12,0.12,0.115,0.115,44672
NOR,20160602,0.035,0.038,0.033,0.035,4175142
NPX,20160602,4.98,4.98,4.98,4.98,213
NRT,20160602,0.11,0.11,0.11,0.11,576283
NSL,20160602,0.012,0.012,0.011,0.011,1649616
NSP,20160602,0.007,0.007,0.006,0.006,2000000
NSR,20160602,1.86,1.88,1.84,1.86,940257
NST,20160602,4.27,4.33,4.25,4.29,3027495
NTC,20160602,2.78,2.85,2.78,2.83,91461
NTL,20160602,0.005,0.005,0.005,0.005,560000
NTM,20160602,0.01,0.01,0.01,0.01,521558
NTU,20160602,0.076,0.077,0.076,0.076,534408
NUF,20160602,7.79,7.82,7.61,7.61,1013804
NUH,20160602,0.086,0.09,0.086,0.088,1548335
NVL,20160602,1.38,1.38,1.33,1.36,117121
NVT,20160602,5.38,5.39,5.3,5.32,656473
NWH,20160602,0.19,0.19,0.19,0.19,2458
NWS,20160602,17,17.09,16.99,17.01,80906
NWZ,20160602,0.011,0.011,0.011,0.011,1191830
NXM,20160602,0.075,0.077,0.075,0.076,857536
NXT,20160602,3.5,3.54,3.49,3.53,679443
OBJ,20160602,0.082,0.088,0.082,0.087,6771137
OBL,20160602,0.006,0.006,0.006,0.006,268450
OCC,20160602,0.37,0.38,0.37,0.375,110753
OCP,20160602,1.67,1.67,1.67,1.67,10000
ODN,20160602,0.008,0.008,0.008,0.008,199722
ODY,20160602,0.065,0.065,0.065,0.065,250000
OEC,20160602,0.79,0.795,0.75,0.795,52905
OEL,20160602,0.043,0.043,0.042,0.042,421801
OEX,20160602,0.008,0.008,0.007,0.007,3935500
OFX,20160602,2.35,2.37,2.27,2.27,2076449
OGC,20160602,4.18,4.18,4.1,4.13,370637
OGX,20160602,0.215,0.215,0.21,0.215,193343
OGY,20160602,0.011,0.011,0.011,0.011,450000
OHE,20160602,4.8,4.88,4.8,4.88,10334
OKJ,20160602,0.051,0.051,0.051,0.051,10000
OKU,20160602,0.155,0.16,0.155,0.157,320000
OLV,20160602,0.07,0.07,0.07,0.07,101250
OML,20160602,5,5.06,4.97,4.97,713034
OMT,20160602,0.038,0.038,0.036,0.036,402000
ONE,20160602,4.44,4.44,4.35,4.35,8700
ONT,20160602,7.02,7.02,7.02,7.02,21
OOK,20160602,0.031,0.037,0.029,0.033,3037239
OOO,20160602,16.43,16.46,16.39,16.4,19933
OPT,20160602,0.47,0.48,0.47,0.48,7258
ORA,20160602,2.73,2.765,2.71,2.72,3356301
ORE,20160602,4.68,4.68,4.235,4.36,3424610
ORG,20160602,5.59,5.67,5.425,5.49,4580483
ORI,20160602,13.26,13.4,13.04,13.11,1529693
ORL,20160602,2.3,2.3,2.3,2.3,3537
ORN,20160602,0.011,0.011,0.011,0.011,4813893
ORR,20160602,0.27,0.27,0.265,0.27,500651
OSH,20160602,6.7,6.76,6.59,6.68,5482129
OSL,20160602,0.145,0.15,0.145,0.15,1173599
OSP,20160602,0.24,0.24,0.225,0.23,109166
OTC,20160602,0.185,0.185,0.18,0.18,336564
OTH,20160602,0.79,0.79,0.79,0.79,57398
OTW,20160602,2.5,2.5,2.4,2.45,25352
OVH,20160602,0.695,0.695,0.655,0.655,148867
OVL,20160602,0.007,0.007,0.007,0.007,200000
OVR,20160602,0.008,0.008,0.008,0.008,471000
OXX,20160602,0.031,0.031,0.031,0.031,21340
OZF,20160602,19.46,19.46,19.27,19.27,3246
OZG,20160602,0.135,0.135,0.135,0.135,298597
OZL,20160602,5.45,5.47,5.31,5.4,1216152
OZR,20160602,6.55,6.55,6.5,6.51,8164
PAA,20160602,0.083,0.091,0.083,0.091,187000
PAC,20160602,4.5,4.5,4.26,4.35,86184
PAF,20160602,0.94,0.94,0.94,0.94,72814
PAI,20160602,0.935,0.94,0.92,0.935,236686
PAK,20160602,0.1,0.11,0.095,0.095,116008
PAN,20160602,0.12,0.125,0.12,0.125,576402
PBG,20160602,1.14,1.145,1.14,1.14,1489241
PBT,20160602,0.085,0.088,0.082,0.088,202681
PCH,20160602,0.019,0.02,0.018,0.02,532965
PCL,20160602,0.004,0.004,0.004,0.004,170000
PDI,20160602,0.004,0.005,0.004,0.004,944000
PDN,20160602,0.215,0.217,0.205,0.21,4369614
PDZ,20160602,0.165,0.18,0.165,0.18,112775
PEC,20160602,0.042,0.042,0.042,0.042,1
PEH,20160602,0.09,0.09,0.09,0.09,159000
PEK,20160602,0.046,0.051,0.045,0.047,572700
PEN,20160602,0.65,0.66,0.6,0.6,145445
PEP,20160602,2.23,2.23,2.23,2.23,1
PEX,20160602,0.155,0.155,0.155,0.155,340947
PEZ,20160602,0.046,0.046,0.046,0.046,200000
PFL,20160602,1.68,1.7,1.675,1.69,1877416
PGC,20160602,0.68,0.695,0.68,0.69,49687
PGF,20160602,0.93,0.935,0.915,0.915,348755
PGH,20160602,5.6,5.65,5.55,5.56,335916
PGI,20160602,0.091,0.091,0.09,0.09,50000
PGM,20160602,0.067,0.072,0.064,0.071,636469
PGO,20160602,0.06,0.06,0.059,0.059,157500
PGR,20160602,0.62,0.62,0.61,0.615,28000
PGY,20160602,0.002,0.002,0.002,0.002,554999
PHG,20160602,0.26,0.265,0.26,0.26,92122
PHK,20160602,0.075,0.08,0.075,0.078,513757
PIC,20160602,0.94,0.945,0.94,0.945,157221
PIL,20160602,0.015,0.015,0.014,0.014,115217
PIO,20160602,0.039,0.039,0.037,0.037,6301124
PIQ,20160602,0.235,0.235,0.21,0.21,57500
PKO,20160602,0.002,0.002,0.002,0.002,50000
PLP,20160602,0.025,0.028,0.023,0.026,9591549
PLS,20160602,0.665,0.665,0.64,0.645,4620871
PMC,20160602,1.635,1.65,1.625,1.64,110134
PME,20160602,4.75,4.89,4.75,4.87,21296
PMP,20160602,0.53,0.53,0.525,0.53,16242
PMV,20160602,15.17,15.41,15.08,15.18,198275
PMY,20160602,0.006,0.006,0.005,0.005,1378680
PNC,20160602,1.62,1.62,1.615,1.62,46623
PNL,20160602,0.195,0.195,0.195,0.195,10000
PNR,20160602,0.105,0.11,0.105,0.105,454814
PNV,20160602,0.28,0.305,0.28,0.285,1772455
POH,20160602,0.016,0.017,0.016,0.017,3647719
POP,20160602,0.05,0.05,0.05,0.05,80000
POS,20160602,0.053,0.053,0.049,0.052,3009713
POU,20160602,19.74,19.8,19.74,19.8,7065
POW,20160602,0.012,0.012,0.012,0.012,64666
PPC,20160602,0.91,0.912,0.9,0.9,180
PPL,20160602,0.54,0.54,0.54,0.54,14000
PPS,20160602,0.335,0.335,0.315,0.315,514468
PPT,20160602,43,43,42.03,42.04,119537
PRG,20160602,1.815,1.885,1.807,1.82,948012
PRL,20160602,0.02,0.02,0.019,0.019,25000
PRO,20160602,1.195,1.2,1.17,1.2,69414
PRR,20160602,0.046,0.048,0.046,0.048,2154110
PRT,20160602,0.335,0.34,0.33,0.33,289673
PRU,20160602,0.485,0.52,0.482,0.51,3829017
PRY,20160602,3.84,3.88,3.77,3.83,1448066
PSA,20160602,0.19,0.19,0.17,0.17,185601
PSC,20160602,0.016,0.016,0.016,0.016,5189604
PSI,20160602,1.7,1.7,1.65,1.66,29403
PSM,20160602,0.022,0.037,0.022,0.035,11982352
PSQ,20160602,2.12,2.12,2.1,2.1,8420
PSY,20160602,0.12,0.12,0.115,0.115,130112
PSZ,20160602,0.62,0.64,0.615,0.64,88715
PTB,20160602,0.46,0.46,0.45,0.45,5309
PTL,20160602,0.61,0.615,0.575,0.575,97153
PTM,20160602,6.5,6.51,6.36,6.38,937896
PTR,20160602,0.005,0.005,0.005,0.005,200000
PTX,20160602,0.098,0.1,0.091,0.091,425000
PVA,20160602,5,5,5,5,100
PVD,20160602,0.027,0.027,0.027,0.027,76023
PWH,20160602,2.87,2.94,2.87,2.91,109847
PWN,20160602,0.029,0.029,0.023,0.023,2035000
PXS,20160602,0.26,0.27,0.26,0.26,153922
PYC,20160602,0.014,0.014,0.014,0.014,1506608
PZC,20160602,0.003,0.003,0.003,0.003,369000
QAN,20160602,3.07,3.09,2.98,3,15985992
QAU,20160602,12.78,12.81,12.74,12.81,4246
QBE,20160602,12.25,12.3,12.14,12.26,4001214
QBL,20160602,0.007,0.007,0.007,0.007,1650857
QHL,20160602,0.14,0.14,0.14,0.14,295374
QMIX,20160602,15.91,15.91,15.91,15.91,38
QMS,20160602,1.24,1.245,1.235,1.24,641863
QOZ,20160602,11.71,11.71,11.51,11.54,21241
QRE,20160602,3.55,3.57,3.55,3.57,9583
QSS,20160602,0.03,0.03,0.03,0.03,50000
QTG,20160602,0.003,0.003,0.003,0.003,27310
QTM,20160602,0.036,0.036,0.036,0.036,52000
QUAL,20160602,19.35,19.4,19.3,19.36,57814
QUB,20160602,2.31,2.335,2.29,2.29,2350482
QUR,20160602,0.024,0.027,0.023,0.027,615223
QUS,20160602,28.65,28.65,28.65,28.65,115
QVE,20160602,1.065,1.065,1.06,1.06,73272
RAP,20160602,0.345,0.345,0.315,0.325,6206322
RARI,20160602,22.5,22.5,22.5,22.5,1000
RBL,20160602,1.18,1.25,1.175,1.21,534065
RCB,20160602,20.6,20.6,20.49,20.49,19213
RCE,20160602,0.28,0.3,0.28,0.29,61601
RCG,20160602,1.34,1.375,1.32,1.33,887585
RCR,20160602,1.63,1.64,1.525,1.585,151508
RCT,20160602,3.7,3.72,3.7,3.72,4740
RDF,20160602,0.28,0.3,0.28,0.3,31000
RDG,20160602,0.01,0.01,0.01,0.01,397396
RDH,20160602,0.8,0.8,0.8,0.8,12
RDM,20160602,0.097,0.098,0.097,0.098,218547
RDV,20160602,27.99,27.99,27.55,27.55,8878
REA,20160602,55.06,55.55,54.8,54.98,213454
RED,20160602,0.087,0.087,0.087,0.087,216510
REG,20160602,4.75,4.75,4.32,4.4,2447072
REH,20160602,37.99,37.99,37.97,37.97,575
RER,20160602,0.011,0.011,0.01,0.01,3150000
RES,20160602,0.038,0.04,0.038,0.04,385550
REV,20160602,0.05,0.05,0.05,0.05,125000
REY,20160602,0.05,0.05,0.05,0.05,100000
RFF,20160602,1.58,1.615,1.58,1.61,260287
RFG,20160602,5.5,5.51,5.45,5.45,779854
RFL,20160602,0.1,0.105,0.1,0.105,315184
RFN,20160602,0.13,0.135,0.13,0.13,250733
RFT,20160602,0.008,0.009,0.008,0.009,3523480
RFX,20160602,0.585,0.66,0.585,0.615,3329799
RGS,20160602,0.165,0.165,0.165,0.165,294644
RGU,20160602,0.01,0.01,0.01,0.01,218000
RHC,20160602,72.26,72.43,71.08,71.55,659293
RHL,20160602,3.42,3.42,3.35,3.35,14912
RHP,20160602,1,1,0.97,1,163987
RHS,20160602,0.15,0.15,0.15,0.15,50000
RHT,20160602,0.021,0.021,0.021,0.021,320000
RIC,20160602,1.44,1.44,1.43,1.43,145810
RIE,20160602,0.026,0.026,0.023,0.023,471842
RIM,20160602,0.017,0.018,0.017,0.018,728582
RIO,20160602,43.4,43.4,42.81,42.9,2362616
RIS,20160602,0.25,0.25,0.25,0.25,6060
RKN,20160602,1.58,1.6,1.57,1.57,61175
RLE,20160602,0.13,0.14,0.125,0.14,135251
RMD,20160602,8.17,8.21,8.13,8.15,1925460
RMG,20160602,0.006,0.006,0.006,0.006,1212
RMI,20160602,0.006,0.006,0.006,0.006,297
RMP,20160602,0.022,0.023,0.022,0.023,997830
RMR,20160602,0.002,0.002,0.002,0.002,1501334
RMS,20160602,0.385,0.385,0.37,0.38,1034102
RMX,20160602,0.001,0.001,0.001,0.001,1500000
RND,20160602,2.3,2.3,2.3,2.3,2000
RNI,20160602,0.015,0.015,0.015,0.015,545816
RNO,20160602,0.024,0.025,0.023,0.023,648498
RNS,20160602,0.049,0.05,0.048,0.05,700000
RNT,20160602,0.16,0.17,0.155,0.17,1174674
RNU,20160602,0.022,0.022,0.018,0.018,1133091
RNY,20160602,0.13,0.13,0.13,0.13,360000
RRL,20160602,2.99,3.02,2.96,2.98,2455339
RRP,20160602,0.002,0.002,0.002,0.002,250000
RSG,20160602,0.96,0.985,0.952,0.98,2377228
RSH,20160602,0.031,0.031,0.031,0.031,33908
RSM,20160602,20.8,20.8,20.8,20.8,677
RTG,20160602,0.45,0.45,0.42,0.42,43800
RUB,20160602,0.045,0.045,0.045,0.045,732
RUL,20160602,0.35,0.35,0.34,0.34,405664
RUM,20160602,0.021,0.023,0.021,0.021,705323
RVA,20160602,1.1,1.1,1.055,1.07,750746
RVL,20160602,27.04,27.04,26.86,26.86,956
RVR,20160602,0.14,0.14,0.135,0.14,430707
RVY,20160602,0.028,0.028,0.026,0.026,88930
RWC,20160602,3.12,3.12,3.05,3.05,822587
RWD,20160602,0.55,0.55,0.505,0.515,45820
RWH,20160602,1.095,1.175,1.095,1.135,17473
RXH,20160602,0.105,0.11,0.095,0.11,42363
RXL,20160602,0.027,0.03,0.025,0.025,57350906
RXM,20160602,0.067,0.067,0.067,0.067,22000
RXP,20160602,0.55,0.55,0.54,0.54,264097
S2R,20160602,0.25,0.26,0.25,0.255,85382
S32,20160602,1.5,1.505,1.442,1.45,19366015
SAI,20160602,3.39,3.41,3.33,3.35,629926
SAR,20160602,1.18,1.195,1.15,1.175,3499161
SAS,20160602,0.024,0.025,0.024,0.025,11125172
SAU,20160602,0.26,0.265,0.26,0.265,6734
SBB,20160602,0.024,0.024,0.024,0.024,25000
SBM,20160602,2.6,2.66,2.6,2.63,2548361
SCG,20160602,4.59,4.645,4.57,4.59,14772877
SCI,20160602,0.048,0.048,0.044,0.044,125486
SCP,20160602,2.26,2.275,2.24,2.27,1664801
SDA,20160602,3.98,3.98,3.95,3.98,47425
SDF,20160602,1.98,2,1.97,1.985,1263313
SDG,20160602,1.43,1.45,1.43,1.45,5449
SDI,20160602,0.52,0.52,0.51,0.51,22000
SDL,20160602,0.004,0.004,0.003,0.003,3223828
SEA,20160602,0.14,0.145,0.135,0.145,4917945
SEG,20160602,0.002,0.003,0.002,0.003,4272185
SEH,20160602,0.125,0.13,0.12,0.125,7783823
SEK,20160602,16.24,16.33,15.56,15.67,1348863
SEN,20160602,0.11,0.112,0.107,0.11,3224274
SEQ,20160602,0.002,0.002,0.002,0.002,2000000
SER,20160602,0.017,0.017,0.017,0.017,270000
SES,20160602,0.105,0.105,0.095,0.095,195433
SFI,20160602,0.069,0.072,0.069,0.069,2390415
SFL,20160602,0.2,0.2,0.19,0.19,30714
SFR,20160602,5.55,5.58,5.49,5.5,448175
SFX,20160602,0.44,0.44,0.44,0.44,79935
SFY,20160602,51,51.15,50.68,50.71,13643
SGF,20160602,3.88,3.93,3.84,3.9,226180
SGH,20160602,0.445,0.445,0.43,0.435,2308654
SGM,20160602,8.24,8.33,8.12,8.16,941874
SGP,20160602,4.59,4.6,4.515,4.55,7719807
SGQ,20160602,0.17,0.19,0.17,0.18,1722272
SGR,20160602,5.59,5.645,5.52,5.54,1537168
SGU,20160602,0.1,0.1,0.1,0.1,25000
SHJ,20160602,1.22,1.23,1.205,1.22,75260
SHL,20160602,21.32,21.71,21.13,21.18,1241490
SHM,20160602,0.84,0.84,0.84,0.84,2065
SHP,20160602,0.005,0.005,0.005,0.005,1163670
SHV,20160602,7.07,7.605,7.05,7.41,1277440
SIH,20160602,0.01,0.01,0.009,0.009,1443003
SIO,20160602,0.275,0.275,0.27,0.27,128362
SIP,20160602,1.22,1.235,1.17,1.18,3310209
SIQ,20160602,5.75,5.925,5.75,5.85,111073
SIV,20160602,10.36,10.46,10.36,10.46,13754
SIX,20160602,0.33,0.33,0.3,0.3,50010
SKB,20160602,0.47,0.47,0.465,0.465,10000
SKC,20160602,4.45,4.48,4.35,4.38,1476014
SKF,20160602,0.1,0.1,0.1,0.1,9000
SKI,20160602,2.26,2.27,2.24,2.25,2834942
SKS,20160602,0.43,0.43,0.43,0.43,1792
SKT,20160602,4.33,4.38,4.33,4.36,605345
SLC,20160602,2.65,2.65,2.48,2.5,192401
SLF,20160602,13.28,13.28,13.09,13.09,35077
SLK,20160602,4.52,4.64,4.5,4.64,54988
SLM,20160602,0.505,0.51,0.505,0.51,18145
SLR,20160602,0.445,0.455,0.44,0.445,1821187
SLX,20160602,0.335,0.345,0.33,0.33,84525
SM8,20160602,0.2,0.21,0.2,0.21,57019
SMA,20160602,0.041,0.042,0.04,0.04,3578147
SMG,20160602,0.32,0.32,0.32,0.32,50000
SMI,20160602,0.048,0.048,0.043,0.043,125000
SMN,20160602,1.81,1.895,1.81,1.835,173645
SMP,20160602,0.215,0.215,0.2,0.205,203355
SMR,20160602,0.315,0.315,0.315,0.315,34000
SMX,20160602,1.65,1.8,1.615,1.8,377664
SNC,20160602,0.815,0.815,0.815,0.815,19394
SND,20160602,0.54,0.55,0.53,0.55,55000
SNY,20160602,0.048,0.048,0.048,0.048,127849
SO4,20160602,0.345,0.345,0.325,0.33,162799
SOC,20160602,0.005,0.005,0.005,0.005,123642
SOL,20160602,16.03,16.08,15.95,16,59646
SOM,20160602,3.27,3.29,3.2,3.21,14989
SOR,20160602,0.165,0.18,0.165,0.17,1670895
SPK,20160602,3.45,3.49,3.445,3.46,676216
SPL,20160602,0.71,0.725,0.7,0.725,172149
SPO,20160602,1.15,1.16,1.1,1.1,6392455
SPZ,20160602,0.295,0.3,0.295,0.295,60000
SRF,20160602,0.445,0.46,0.43,0.46,2473314
SRG,20160602,0.755,0.755,0.755,0.755,752
SRI,20160602,0.028,0.028,0.023,0.025,3293717
SRO,20160602,0.037,0.037,0.037,0.037,11112
SRS,20160602,0.027,0.028,0.027,0.027,370965
SRT,20160602,0.028,0.029,0.027,0.027,13966261
SRV,20160602,7.18,7.21,7,7.18,19330
SRX,20160602,29.54,29.98,29.21,29.5,852791
SRZ,20160602,0.029,0.029,0.029,0.029,121000
STA,20160602,0.006,0.006,0.005,0.006,883342
STO,20160602,4.35,4.42,4.24,4.25,6447744
STW,20160602,50.67,50.69,50.14,50.2,100389
STX,20160602,0.11,0.11,0.105,0.11,437303
SUD,20160602,0.022,0.024,0.021,0.024,750250
SUH,20160602,0.025,0.025,0.025,0.025,50000
SUL,20160602,9.04,9.11,8.87,8.95,401067
SUN,20160602,12.86,12.88,12.68,12.7,2741590
SVA,20160602,0.053,0.053,0.053,0.053,19324
SVW,20160602,5.57,5.7,5.53,5.56,199024
SW1,20160602,0.185,0.26,0.185,0.235,3700725
SWK,20160602,0.145,0.145,0.145,0.145,987
SWL,20160602,0.665,0.69,0.665,0.67,23091
SWM,20160602,1.065,1.082,1.055,1.065,2350378
SXA,20160602,0.03,0.03,0.03,0.03,150000
SXE,20160602,0.51,0.515,0.51,0.515,16552
SXL,20160602,1.24,1.247,1.217,1.24,2361029
SXY,20160602,0.285,0.29,0.285,0.29,1434107
SYA,20160602,0.035,0.036,0.033,0.034,1423025
SYD,20160602,7.09,7.135,7.04,7.06,3256526
SYI,20160602,26.41,26.41,26.2,26.21,16450
SYR,20160602,5.69,5.81,5.68,5.72,1463741
TAH,20160602,4.45,4.57,4.44,4.47,5189535
TAM,20160602,0.042,0.042,0.042,0.042,1331988
TAP,20160602,0.092,0.092,0.09,0.091,826598
TAS,20160602,0.165,0.175,0.165,0.17,269158
TAW,20160602,0.025,0.025,0.023,0.023,350000
TBR,20160602,7.05,7.05,6.85,6.85,7300
TCH,20160602,2,2.04,1.87,1.88,155435
TCL,20160602,11.9,11.96,11.77,11.82,4852410
TDO,20160602,0.025,0.025,0.025,0.025,25000
TEG,20160602,0.001,0.001,0.001,0.001,41852
TEN,20160602,1.04,1.055,1.032,1.045,293138
TFC,20160602,1.435,1.46,1.43,1.455,953559
TFG,20160602,0.3,0.3,0.3,0.3,30000
TGA,20160602,1.44,1.44,1.385,1.385,717497
TGG,20160602,1.24,1.24,1.215,1.215,69375
TGH,20160602,1.555,1.585,1.555,1.575,98600
TGP,20160602,0.93,0.93,0.93,0.93,34707
TGR,20160602,4.07,4.12,4.03,4.04,412994
TGS,20160602,0.044,0.044,0.041,0.042,3034552
TGZ,20160602,0.98,0.985,0.97,0.97,33370
THR,20160602,0.001,0.001,0.001,0.001,1100000
THX,20160602,0.054,0.055,0.053,0.054,764242
TIA,20160602,0.815,0.815,0.81,0.81,43145
TIG,20160602,0.027,0.027,0.027,0.027,37037
TIX,20160602,2.71,2.75,2.685,2.74,512503
TKF,20160602,0.085,0.095,0.085,0.095,352781
TKL,20160602,0.026,0.026,0.025,0.025,457950
TLG,20160602,0.27,0.28,0.26,0.275,999189
TLM,20160602,0.42,0.42,0.41,0.42,109910
TLS,20160602,5.53,5.55,5.5,5.53,18543687
TME,20160602,4.43,4.46,4.385,4.4,499072
TMP,20160602,0.4,0.42,0.385,0.4,347722
TMX,20160602,0.009,0.01,0.009,0.009,1497782
TND,20160602,0.045,0.045,0.04,0.04,427590
TNE,20160602,5.36,5.47,5.31,5.37,494952
TNG,20160602,0.145,0.145,0.14,0.14,176696
TNK,20160602,1.62,1.675,1.585,1.62,46663
TNR,20160602,0.155,0.155,0.155,0.155,1084
TNT,20160602,0.175,0.18,0.17,0.18,54000
TOE,20160602,0.05,0.051,0.05,0.05,310537
TOF,20160602,2.2,2.29,2.2,2.29,110765
TOM,20160602,0.062,0.065,0.058,0.065,275256
TOP,20160602,0.535,0.54,0.535,0.535,78006
TOT,20160602,1.065,1.08,1.06,1.08,79160
TOU,20160602,0.065,0.07,0.065,0.07,75500
TOX,20160602,2.75,2.81,2.75,2.81,186499
TPE,20160602,3.19,3.2,3.1,3.12,66332
TPM,20160602,12.21,12.28,12.09,12.11,1442865
TPP,20160602,0.245,0.245,0.24,0.245,63820
TPW,20160602,0.16,0.16,0.155,0.155,321090
TRL,20160602,0.14,0.14,0.13,0.135,804993
TRS,20160602,12.14,12.25,12.14,12.22,56301
TRY,20160602,0.585,0.585,0.56,0.57,379388
TSN,20160602,0.026,0.026,0.025,0.026,1152551
TSV,20160602,0.018,0.018,0.016,0.016,890400
TTE,20160602,0.007,0.007,0.007,0.007,530000
TTS,20160602,3.99,4.02,3.83,3.95,4996815
TUP,20160602,0.13,0.13,0.13,0.13,30000
TV2,20160602,0.046,0.053,0.046,0.046,121140019
TWD,20160602,3,3,2.95,2.95,6550
TWE,20160602,10.23,10.4,10.21,10.28,2606534
TWH,20160602,0.012,0.013,0.011,0.012,3616813
TWR,20160602,1.45,1.45,1.45,1.45,18037
TYK,20160602,0.007,0.007,0.007,0.007,1400100
TYX,20160602,0.033,0.033,0.033,0.033,113600
TZL,20160602,0.1,0.1,0.1,0.1,194124
UBA,20160602,17.94,17.94,17.79,17.79,618
UBE,20160602,19.46,19.46,19.46,19.46,39
UBI,20160602,0.275,0.275,0.255,0.27,106945
UBJ,20160602,19.67,19.67,19.67,19.67,31
UBN,20160602,0.45,0.45,0.45,0.45,1500
UBW,20160602,21,21,20.92,20.98,1508
UCM,20160602,0.23,0.24,0.23,0.24,468324
UGL,20160602,3.49,3.69,3.46,3.67,440829
UMAX,20160602,17.4,17.41,17.35,17.36,3478
UNS,20160602,0.08,0.08,0.079,0.079,1126683
UNV,20160602,0.195,0.195,0.195,0.195,495925
UOS,20160602,0.48,0.48,0.48,0.48,41902
UPD,20160602,0.225,0.23,0.225,0.23,126802
UPG,20160602,1.06,1.075,1.06,1.075,2975
URF,20160602,2.26,2.26,2.26,2.26,54503
USA,20160602,0.017,0.017,0.017,0.017,1450000
USD,20160602,13.46,13.51,13.45,13.47,121478
USR,20160602,0.57,0.57,0.57,0.57,12925
VAE,20160602,50.7,50.7,50.5,50.5,636
VAF,20160602,50.5,50.55,50.39,50.39,30398
VAH,20160602,0.305,0.305,0.29,0.295,928387
VAN,20160602,0.053,0.055,0.053,0.055,106902
VAP,20160602,83.32,83.42,82.31,82.54,20663
VAS,20160602,68.02,68.02,67.21,67.23,91666
VCF,20160602,52.4,52.62,52.4,52.61,2049
VCX,20160602,3.23,3.255,3.22,3.23,7912826
VEC,20160602,0.004,0.004,0.004,0.004,125000
VEQ,20160602,49.27,49.27,49.27,49.27,1010
VEU,20160602,60.5,60.56,60.05,60.08,22752
VGAD,20160602,52.72,52.72,52.44,52.44,12894
VGB,20160602,50.41,50.43,50.25,50.28,6675
VGE,20160602,52.25,52.45,52.25,52.4,1239
VGS,20160602,58.31,58.53,58.25,58.3,10265
VHT,20160602,0.45,0.45,0.42,0.45,18500
VHY,20160602,57.3,57.3,56.21,56.26,17898
VIC,20160602,0.004,0.006,0.004,0.005,8566112
VIF,20160602,53.09,53.1,52.72,53.09,18320
VIT,20160602,1.685,1.725,1.65,1.695,534049
VLA,20160602,0.9,0.9,0.875,0.89,68311
VLC,20160602,56.47,56.59,56.47,56.59,179
VLW,20160602,2.14,2.14,2.12,2.13,84839
VMC,20160602,0.19,0.205,0.19,0.195,69005
VML,20160602,0.013,0.014,0.013,0.013,4110998
VMS,20160602,0.038,0.038,0.038,0.038,55000
VMT,20160602,0.165,0.17,0.165,0.17,174429
VOC,20160602,9.35,9.455,9.285,9.31,2136851
VPC,20160602,0.039,0.039,0.034,0.039,2420189
VRC,20160602,0.09,0.09,0.079,0.08,7766141
VRL,20160602,5.24,5.29,5.2,5.26,184260
VRT,20160602,6.91,7.04,6.82,6.83,428302
VSC,20160602,1.42,1.42,1.41,1.42,3965
VSO,20160602,47.05,47.05,46.79,46.98,24824
VTG,20160602,4.01,4.01,3.85,3.92,372089
VTS,20160602,148.36,148.69,147.99,148.19,8116
VXR,20160602,0.007,0.007,0.007,0.007,894802
WAA,20160602,1.015,1.015,1.015,1.015,2795
WAF,20160602,0.155,0.165,0.155,0.165,227264
WAM,20160602,2.14,2.15,2.13,2.15,280348
WAX,20160602,1.34,1.345,1.335,1.345,51708
WBA,20160602,1.12,1.135,1.09,1.09,118251
WBC,20160602,30.41,30.44,29.8,29.92,3957790
WCB,20160602,8.15,8.2,8.15,8.2,204
WCN,20160602,0.008,0.008,0.007,0.007,13527800
WDE,20160602,0.785,0.8,0.78,0.8,135197
WDIV,20160602,18.01,18.09,18.01,18.05,6474
WEB,20160602,6.39,6.47,6.39,6.44,37878
WEC,20160602,0.091,0.095,0.09,0.09,102057
WEL,20160602,0.075,0.075,0.075,0.075,16999
WEMG,20160602,16.5,16.5,16.5,16.5,0
WES,20160602,40.43,40.64,40.05,40.06,1780136
WFD,20160602,10.7,10.74,10.495,10.61,6270175
WFE,20160602,0.001,0.001,0.001,0.001,250000
WGL,20160602,0.043,0.049,0.042,0.048,13078296
WHC,20160602,0.855,0.935,0.85,0.935,4090765
WHF,20160602,4.21,4.21,4.21,4.21,33190
WIC,20160602,0.835,0.835,0.83,0.83,24600
WIG,20160602,1.37,1.395,1.37,1.395,50000
WIN,20160602,0.094,0.094,0.09,0.09,58338
WKT,20160602,0.007,0.008,0.005,0.006,115460495
WLD,20160602,0.71,0.715,0.67,0.68,888145
WLE,20160602,1.075,1.08,1.07,1.075,769929
WLL,20160602,4.88,4.88,4.84,4.84,103351
WMC,20160602,0.26,0.26,0.25,0.25,23112
WMK,20160602,1.01,1.02,1.005,1.015,199985
WMN,20160602,0.03,0.03,0.03,0.03,33333
WOR,20160602,6.89,7.06,6.77,6.94,2388553
WOW,20160602,21.75,21.83,21.51,21.57,1823946
WPL,20160602,27,27.195,26.5,26.75,1724232
WPP,20160602,1.11,1.185,1.105,1.165,1017450
WRLD,20160602,10.28,10.28,10.28,10.28,0
WRR,20160602,0.21,0.21,0.21,0.21,25500
WSA,20160602,1.975,2.02,1.96,2.02,1900286
WTC,20160602,4.4,4.45,4.39,4.39,11855
WTP,20160602,0.772,0.79,0.765,0.79,136859
WXHG,20160602,18.3,18.3,18.25,18.25,5274
WXOZ,20160602,24.84,24.84,24.84,24.84,12
XAM,20160602,0.22,0.22,0.22,0.22,168636
XF1,20160602,0.55,0.55,0.55,0.55,39090
XIP,20160602,4.2,4.2,4.1,4.19,6602
XPD,20160602,0.175,0.18,0.175,0.18,77777
XPE,20160602,0.093,0.093,0.082,0.084,69383437
XRO,20160602,17.11,17.69,17.11,17.52,46882
XST,20160602,0.013,0.013,0.013,0.013,1100000
XTD,20160602,0.22,0.22,0.22,0.22,105000
XTE,20160602,0.4,0.425,0.4,0.41,57313
XTV,20160602,0.011,0.011,0.01,0.011,3349027
YAL,20160602,0.078,0.078,0.072,0.074,141600
YBR,20160602,0.215,0.215,0.215,0.215,30201
YMAX,20160602,9.12,9.15,9.05,9.05,146787
YNB,20160602,0.035,0.035,0.035,0.035,40000
YOW,20160602,1.005,1.02,1,1.015,444037
YPB,20160602,0.25,0.25,0.245,0.25,285381
ZEL,20160602,7.86,7.89,7.86,7.89,434
ZEU,20160602,0.021,0.021,0.021,0.021,100000
ZGL,20160602,0.165,0.165,0.165,0.165,23000
ZGOL,20160602,16.72,16.75,16.72,16.75,5713
ZIM,20160602,3.45,3.45,3.45,3.45,200
ZIP,20160602,0.21,0.215,0.205,0.21,175796
ZNC,20160602,0.12,0.13,0.12,0.13,124380
ZOZI,20160602,9.73,9.73,9.73,9.73,822
ZRL,20160602,0.015,0.015,0.015,0.015,5000
ZUSD,20160602,10.55,10.59,10.55,10.59,20250
ZYB,20160602,0.023,0.024,0.02,0.024,2295600
ZYUS,20160602,12.43,12.47,12.43,12.45,7293
XAF,20160602,5239.2,5242.6,5182.1,5190.9,0
XAO,20160602,5395.2,5400.9,5346.8,5354.2,0
XAT,20160602,5263.4,5267.9,5211.1,5219.4,0
XDJ,20160602,2055.8,2069.2,2045.7,2047.3,0
XEC,20160602,1252.8,1263,1252.8,1261.9,0
XEJ,20160602,8105,8176.5,8010.6,8067,0
XFJ,20160602,5994,6002.7,5913.3,5924.2,0
XFL,20160602,5291.3,5294.7,5232.6,5241.6,0
XGD,20160602,4076.2,4111.4,4052.6,4077.1,0
XHJ,20160602,21890.4,21949.5,21694,21736.1,0
XIJ,20160602,825.4,830.3,818.3,820.3,0
XJO,20160602,5323.2,5327.8,5270.9,5278.9,0
XJR,20160602,2643.2,2643.2,2612.2,2618.5,0
XKO,20160602,5285.4,5290.1,5234.8,5243,0
XMD,20160602,5544,5563.7,5514,5528.8,0
XMJ,20160602,7872.5,7872.5,7791.8,7796,0
XMM,20160602,2218.5,2218.5,2191.8,2193.9,0
XNJ,20160602,5267.4,5290.9,5221.6,5259.2,0
XPJ,20160602,1431.4,1436.3,1422.9,1425.6,0
XSJ,20160602,8416.1,8439.3,8352.1,8358,0
XSO,20160602,2313.9,2321,2301.5,2306.1,0
XTJ,20160602,2047.8,2056.9,2041.4,2050.4,0
XTL,20160602,3058.5,3059.7,3019.8,3025.6,0
XTO,20160602,4401.2,4404.1,4356.6,4363.7,0
XUJ,20160602,7168.9,7170,7132.3,7135.6,0
XXJ,20160602,6674.9,6684.3,6572,6585.9,0
