1AD,20161201,0.21,0.21,0.21,0.21,3500
1AG,20161201,0.042,0.043,0.042,0.042,897000
1AL,20161201,0.98,0.98,0.955,0.955,12000
1PG,20161201,0.165,0.165,0.155,0.16,857260
1ST,20161201,0.057,0.057,0.056,0.056,430000
3DP,20161201,0.028,0.028,0.028,0.028,211488
3PL,20161201,1.16,1.185,1.145,1.16,1547154
4DS,20161201,0.035,0.037,0.035,0.036,1385774
88E,20161201,0.038,0.041,0.037,0.039,24231421
8EC,20161201,1.015,1.02,1.015,1.02,80010
8IH,20161201,0.735,0.735,0.735,0.735,10000
9SP,20161201,0.145,0.155,0.145,0.155,119594
A2M,20161201,2.43,2.48,2.39,2.46,9477547
A3D,20161201,3.75,3.8,3.3,3.3,487033
AAA,20161201,50.08,50.08,50.07,50.07,490254
AAC,20161201,1.655,1.685,1.65,1.68,1499203
AAD,20161201,2.11,2.16,2.085,2.15,3585782
AAJ,20161201,0.012,0.014,0.012,0.012,43095851
AAP,20161201,0.032,0.032,0.032,0.032,67170
AAR,20161201,0.018,0.018,0.018,0.018,501
AB1,20161201,0.096,0.096,0.095,0.095,175584
ABA,20161201,5.06,5.06,5,5,22543
ABC,20161201,5.14,5.14,5.08,5.13,1728872
ABP,20161201,2.96,2.96,2.88,2.91,1317628
ABT,20161201,0.59,0.59,0.58,0.58,69167
ABU,20161201,0.15,0.15,0.13,0.135,442461
ABV,20161201,0.008,0.008,0.008,0.008,230000
ABW,20161201,0.825,0.825,0.825,0.825,40000
ABX,20161201,0.195,0.195,0.195,0.195,8383
ACB,20161201,0.058,0.058,0.057,0.057,250343
ACG,20161201,0.063,0.064,0.062,0.062,239523
ACK,20161201,0.475,0.475,0.475,0.475,7121
ACL,20161201,0.009,0.01,0.009,0.01,110000
ACQ,20161201,1.04,1.04,1.04,1.04,26119
ACR,20161201,0.315,0.32,0.315,0.315,186232
ACU,20161201,0.03,0.03,0.028,0.029,2744326
ACW,20161201,0.051,0.058,0.051,0.055,1755820
ACX,20161201,4.58,4.64,4.24,4.3,2431641
AD1,20161201,0.35,0.35,0.35,0.35,13000
ADA,20161201,2.45,2.49,2.4,2.44,245326
ADH,20161201,1.65,1.68,1.61,1.65,100664
ADJ,20161201,0.092,0.094,0.091,0.092,2880240
ADN,20161201,0.014,0.014,0.013,0.013,452888
ADO,20161201,0.047,0.048,0.046,0.048,1719867
ADR,20161201,0.33,0.33,0.32,0.32,16000
ADV,20161201,0.034,0.035,0.032,0.032,9687131
ADX,20161201,0.006,0.007,0.006,0.007,12265943
AEB,20161201,0.052,0.052,0.051,0.051,97000
AEE,20161201,0.026,0.026,0.025,0.025,904487
AEF,20161201,89,89.2,89,89,210
AEG,20161201,1.05,1.05,1.04,1.04,47904
AEI,20161201,0.37,0.37,0.37,0.37,1786
AEV,20161201,0.14,0.14,0.125,0.125,88000
AFG,20161201,1.235,1.24,1.17,1.18,111000
AFI,20161201,5.75,5.78,5.73,5.75,283656
AFR,20161201,0.035,0.035,0.035,0.035,15355
AFY,20161201,2.99,2.99,2.87,2.9,162708
AGF,20161201,0.34,0.345,0.34,0.342,100222
AGI,20161201,1.785,1.785,1.755,1.775,164783
AGL,20161201,20.97,21.06,20.45,21.06,3134091
AGO,20161201,0.018,0.019,0.017,0.018,31697094
AGR,20161201,0.09,0.09,0.087,0.09,922714
AGY,20161201,0.025,0.025,0.024,0.024,1376783
AHF,20161201,0.19,0.19,0.185,0.185,374657
AHG,20161201,3.67,3.7,3.6,3.63,1449761
AHL,20161201,0.09,0.09,0.09,0.09,9272
AHQ,20161201,0.04,0.043,0.04,0.043,519398
AHX,20161201,1.12,1.18,1.05,1.18,537470
AHY,20161201,1.565,1.57,1.53,1.55,1706172
AHZ,20161201,0.365,0.37,0.36,0.37,301306
AIA,20161201,5.94,6.1,5.93,6.09,124484
AIK,20161201,0.175,0.175,0.17,0.17,957509
AIR,20161201,0.07,0.07,0.07,0.07,136000
AIS,20161201,0.049,0.049,0.049,0.049,75002
AIZ,20161201,2.02,2.08,2.01,2.07,290464
AJA,20161201,6.64,6.65,6.5,6.58,26068
AJC,20161201,0.004,0.005,0.004,0.005,1065000
AJD,20161201,1.445,1.45,1.44,1.45,80094
AJL,20161201,0.435,0.44,0.43,0.43,73050
AJM,20161201,0.14,0.15,0.135,0.15,5769456
AJQ,20161201,0.08,0.08,0.08,0.08,125000
AJX,20161201,0.57,0.585,0.557,0.575,535874
AKG,20161201,0.165,0.165,0.165,0.165,160000
AKK,20161201,0.006,0.006,0.006,0.006,29353546
AKM,20161201,0.032,0.032,0.03,0.03,483028
AKP,20161201,18.01,19,18.01,18.85,15623
ALC,20161201,0.135,0.135,0.13,0.13,1968099
ALF,20161201,1.415,1.44,1.415,1.44,213496
ALI,20161201,1.655,1.68,1.64,1.68,115478
ALK,20161201,0.33,0.34,0.31,0.33,2609521
ALL,20161201,15.16,15.52,15.08,15.47,4970137
ALQ,20161201,6.33,6.51,6.22,6.49,3762692
ALR,20161201,1.095,1.105,1.095,1.105,69300
ALU,20161201,8.52,8.67,8.42,8.64,436089
ALY,20161201,0.02,0.02,0.019,0.019,686189
AMA,20161201,0.99,0.995,0.965,0.965,136941
AMC,20161201,14.46,14.46,14.19,14.38,3925123
AME,20161201,0.12,0.12,0.12,0.12,40000
AMH,20161201,0.94,0.95,0.935,0.935,162445
AMI,20161201,0.13,0.135,0.13,0.135,189965
AMP,20161201,4.73,4.73,4.63,4.65,12304235
AMT,20161201,0.14,0.14,0.14,0.14,5500
ANG,20161201,0.225,0.225,0.205,0.21,2034861
ANN,20161201,23,23.71,22.84,23.67,705086
ANO,20161201,0.025,0.025,0.025,0.025,279708
ANP,20161201,0.048,0.048,0.043,0.043,39000
ANQ,20161201,0.005,0.005,0.005,0.005,997000
ANW,20161201,0.009,0.01,0.009,0.01,770572
ANZ,20161201,28.48,28.7,28.21,28.68,7006079
AOA,20161201,0.01,0.01,0.01,0.01,1104500
AOD,20161201,0.7,0.7,0.7,0.7,4000
AOF,20161201,2.05,2.05,2.02,2.02,56235
AOG,20161201,3.1,3.1,3.04,3.06,1025031
AOH,20161201,0.13,0.13,0.125,0.125,437493
AOK,20161201,0.049,0.05,0.048,0.049,483650
AON,20161201,0.13,0.13,0.13,0.13,59813
AOP,20161201,0.145,0.145,0.135,0.135,1354336
AOU,20161201,0.13,0.13,0.13,0.13,286920
AOW,20161201,0.087,0.087,0.087,0.087,30430
APA,20161201,8,8,7.75,7.89,4381933
APC,20161201,0.076,0.08,0.073,0.08,683265
APD,20161201,0.41,0.415,0.4,0.4,245731
APE,20161201,9.12,9.16,9.03,9.07,25690
API,20161201,1.91,1.95,1.88,1.945,2291506
APL,20161201,1.07,1.07,1.055,1.07,263236
APN,20161201,2.66,2.67,2.59,2.65,1157429
APO,20161201,5.36,5.44,5.25,5.4,1168201
APW,20161201,1.555,1.56,1.55,1.55,5425
APX,20161201,2.53,2.58,2.52,2.54,415711
APY,20161201,0.01,0.01,0.01,0.01,150000
APZ,20161201,1.02,1.02,1.01,1.01,53393
AQC,20161201,0.021,0.023,0.021,0.023,1336888
AQD,20161201,0.008,0.008,0.008,0.008,469153
AQF,20161201,1.83,1.83,1.83,1.83,37543
AQG,20161201,2.45,2.52,2.45,2.5,286675
AQI,20161201,0.19,0.215,0.19,0.215,38135
AQQ,20161201,0.018,0.018,0.018,0.018,1208097
AQX,20161201,0.034,0.034,0.034,0.034,20000
AQZ,20161201,0.72,0.72,0.69,0.69,118153
AR1,20161201,0.015,0.015,0.015,0.015,35000
ARA,20161201,0.365,0.365,0.365,0.365,110000
ARB,20161201,17.26,17.39,16.61,17.39,155582
ARD,20161201,0.02,0.021,0.02,0.021,929328
ARE,20161201,0.007,0.007,0.006,0.006,736085
ARF,20161201,1.8,1.81,1.8,1.81,90897
ARG,20161201,7.3,7.4,7.29,7.34,163645
ARS,20161201,0.1,0.1,0.1,0.1,5700
ARV,20161201,0.002,0.002,0.002,0.002,7983023
ASB,20161201,1.9,1.9,1.855,1.88,666073
ASG,20161201,2.36,2.4,2.35,2.38,69354
ASL,20161201,1.2,1.215,1.165,1.19,362716
ASN,20161201,0.025,0.025,0.025,0.025,300000
AST,20161201,1.49,1.49,1.445,1.46,11458369
ASX,20161201,48.98,48.98,48.27,48.96,446189
ASZ,20161201,1.615,1.625,1.615,1.615,374218
ATC,20161201,0.125,0.125,0.115,0.115,235614
ATL,20161201,1.325,1.37,1.325,1.34,226833
ATS,20161201,0.25,0.25,0.25,0.25,139000
ATU,20161201,0.555,0.555,0.55,0.55,23736
AUB,20161201,10.06,10.34,10.06,10.34,5025
AUC,20161201,0.033,0.033,0.033,0.033,16130
AUF,20161201,1.245,1.25,1.21,1.21,238254
AUI,20161201,7.35,7.35,7.32,7.35,66185
AUP,20161201,5.1,5.22,5.1,5.22,12050
AUQ,20161201,0.02,0.02,0.02,0.02,29674
AUST,20161201,15.22,15.29,15.22,15.29,2996
AVB,20161201,0.071,0.072,0.071,0.072,1164827
AVG,20161201,0.5,0.5,0.495,0.495,17973
AVH,20161201,0.135,0.135,0.13,0.13,337947
AVI,20161201,0.023,0.023,0.023,0.023,41628
AVJ,20161201,0.635,0.635,0.625,0.625,65000
AVL,20161201,0.014,0.014,0.014,0.014,284663
AVN,20161201,2.21,2.27,2.21,2.21,626543
AVQ,20161201,0.19,0.2,0.19,0.19,334375
AVX,20161201,0.026,0.026,0.026,0.026,75000
AVZ,20161201,0.016,0.017,0.016,0.016,5011589
AWC,20161201,1.665,1.705,1.647,1.66,16042930
AWE,20161201,0.65,0.665,0.64,0.65,4688546
AWN,20161201,0.6,0.6,0.59,0.59,64820
AWQ,20161201,0.95,0.965,0.95,0.965,36718
AWV,20161201,0.15,0.15,0.14,0.14,315527
AWY,20161201,0.002,0.002,0.002,0.002,3000000
AXE,20161201,0.079,0.08,0.075,0.075,87805
AXI,20161201,0.054,0.055,0.054,0.055,151110
AXP,20161201,1.11,1.14,1.085,1.13,138005
AYC,20161201,0.024,0.024,0.023,0.023,528952
AYR,20161201,0.008,0.008,0.007,0.007,2065000
AYS,20161201,2.01,2.01,1.825,1.86,2361315
AYZ,20161201,74.26,74.28,74.26,74.28,593
AZJ,20161201,5.01,5.01,4.89,4.95,6473968
AZM,20161201,0.036,0.036,0.035,0.035,779662
AZS,20161201,0.026,0.026,0.026,0.026,3464007
AZV,20161201,0.09,0.091,0.09,0.091,164998
AZY,20161201,0.023,0.024,0.023,0.024,543293
BAF,20161201,1.15,1.18,1.15,1.18,254288
BAL,20161201,12.28,12.29,12.02,12.13,438583
BAP,20161201,4.97,5.04,4.95,5.04,868024
BAR,20161201,0.045,0.046,0.045,0.046,240528
BBG,20161201,1.235,1.235,1.195,1.21,142520
BBL,20161201,0.435,0.435,0.435,0.435,4725
BBN,20161201,2.45,2.5,2.44,2.45,257047
BBOZ,20161201,20.46,20.61,20.26,20.26,81146
BBR,20161201,0.052,0.053,0.052,0.053,88676
BBUS,20161201,9.08,9.11,9.06,9.06,43270
BBX,20161201,0.038,0.038,0.038,0.038,450000
BCI,20161201,0.17,0.175,0.165,0.175,847817
BCN,20161201,0.003,0.003,0.003,0.003,1000000
BCT,20161201,0.038,0.038,0.038,0.038,50000
BD1,20161201,0.036,0.036,0.035,0.035,568230
BDA,20161201,0.2,0.205,0.2,0.2,258676
BDR,20161201,0.315,0.32,0.3,0.305,11586637
BEAR,20161201,15.9,15.91,15.83,15.84,44445
BEE,20161201,0.365,0.365,0.335,0.335,418303
BEL,20161201,0.13,0.13,0.13,0.13,14731
BEN,20161201,12.05,12.31,12.01,12.3,2002382
BFC,20161201,0.33,0.335,0.33,0.33,69252
BFG,20161201,0.71,0.73,0.705,0.705,89171
BGA,20161201,4.95,4.96,4.82,4.95,314223
BGH,20161201,0.03,0.03,0.029,0.029,118000
BGL,20161201,0.96,0.97,0.95,0.95,604584
BGS,20161201,0.305,0.325,0.305,0.325,817083
BHL,20161201,0.205,0.205,0.18,0.18,50000
BHP,20161201,25.51,25.715,25.305,25.61,14943997
BID,20161201,0.074,0.076,0.074,0.074,290824
BIG,20161201,0.2,0.202,0.18,0.19,1400530
BIS,20161201,0.41,0.41,0.385,0.385,108925
BIT,20161201,0.047,0.047,0.045,0.045,621479
BKI,20161201,1.61,1.62,1.6,1.62,120611
BKL,20161201,118.75,118.77,114.19,114.5,89741
BKN,20161201,3.19,3.2,3.19,3.19,122018
BKT,20161201,0.145,0.145,0.14,0.14,153203
BKW,20161201,12.5,12.6,12.36,12.6,365258
BKY,20161201,0.765,0.77,0.76,0.76,220180
BLA,20161201,7.72,7.75,7.08,7.25,356840
BLD,20161201,5,5.02,4.93,5.02,15238959
BLG,20161201,0.365,0.39,0.365,0.37,1141697
BLK,20161201,0.49,0.5,0.42,0.455,4336438
BLT,20161201,0.095,0.095,0.095,0.095,17470
BLX,20161201,1.54,1.565,1.53,1.54,52106
BLY,20161201,0.125,0.13,0.125,0.13,129500
BLZ,20161201,0.031,0.031,0.03,0.03,179678
BML,20161201,0.002,0.002,0.002,0.002,1000000
BMN,20161201,0.025,0.026,0.025,0.025,1399444
BNO,20161201,0.365,0.365,0.355,0.36,255041
BOC,20161201,0.16,0.16,0.15,0.15,48617
BOE,20161201,0.046,0.047,0.045,0.045,246960
BOL,20161201,0.11,0.11,0.11,0.11,40460
BOND,20161201,25.79,25.79,25.79,25.79,0
BOQ,20161201,11.26,11.57,11.25,11.51,2640474
BOT,20161201,0.046,0.057,0.046,0.057,4603667
BPA,20161201,6.2,6.2,6.2,6.2,6000
BPF,20161201,0.25,0.25,0.25,0.25,257592
BPH,20161201,0.006,0.006,0.006,0.006,4566668
BPL,20161201,0.05,0.05,0.047,0.05,306068
BPS,20161201,1.005,1.005,0.98,0.98,6446
BPT,20161201,0.885,0.915,0.875,0.89,12801632
BRB,20161201,0.38,0.38,0.345,0.35,89899
BRD,20161201,0.002,0.002,0.002,0.002,350000
BRG,20161201,8.88,8.98,8.705,8.97,193339
BRK,20161201,0.01,0.01,0.01,0.01,1067614
BRL,20161201,0.08,0.081,0.08,0.08,1216603
BRN,20161201,0.19,0.19,0.185,0.185,883517
BRU,20161201,0.2,0.21,0.19,0.19,337225
BSA,20161201,0.34,0.35,0.34,0.35,1346013
BSE,20161201,0.215,0.22,0.215,0.215,446169
BSL,20161201,9.09,9.37,9.04,9.29,3258856
BSM,20161201,0.016,0.016,0.014,0.014,9568549
BSR,20161201,0.042,0.043,0.037,0.039,5145100
BTI,20161201,1.075,1.075,1.06,1.075,144006
BTT,20161201,11,11.22,10.81,11.11,1191220
BUD,20161201,0.083,0.083,0.08,0.08,339129
BUG,20161201,0.36,0.36,0.36,0.36,25000
BUL,20161201,0.036,0.036,0.033,0.033,510354
BUX,20161201,0.14,0.155,0.14,0.145,681142
BUY,20161201,0.008,0.008,0.007,0.007,792731
BVS,20161201,1.395,1.395,1.36,1.395,2542
BWF,20161201,0.66,0.695,0.66,0.695,2521
BWP,20161201,2.87,2.89,2.81,2.85,1844000
BWX,20161201,4.2,4.25,4.12,4.22,550838
BXB,20161201,11.87,11.88,11.66,11.8,5519335
BYE,20161201,0.125,0.125,0.125,0.125,105150
BYI,20161201,1.12,1.12,1.1,1.1,18800
BYL,20161201,0.145,0.145,0.14,0.14,146200
BYR,20161201,0.056,0.056,0.053,0.055,776644
CAA,20161201,0.165,0.165,0.165,0.165,146150
CAB,20161201,3.71,3.72,3.6,3.67,76326
CAD,20161201,0.003,0.003,0.002,0.002,2505016
CAF,20161201,0.62,0.62,0.62,0.62,775
CAJ,20161201,0.115,0.115,0.11,0.115,306672
CAM,20161201,0.81,0.82,0.81,0.815,96339
CAP,20161201,0.055,0.055,0.055,0.055,8000
CAR,20161201,10.55,10.63,10.305,10.39,1910637
CAS,20161201,0.12,0.12,0.12,0.12,35500
CAT,20161201,3.3,3.43,3.21,3.21,384052
CAV,20161201,0.008,0.009,0.008,0.009,300000
CAY,20161201,0.1,0.102,0.095,0.095,164912
CAZ,20161201,0.068,0.068,0.068,0.068,40000
CBA,20161201,78.8,79.53,78.55,79.53,3388408
CBC,20161201,0.89,0.89,0.89,0.89,20000
CBL,20161201,3.4,3.4,3.4,3.4,260863
CBQ,20161201,0.004,0.004,0.004,0.004,1299000
CCA,20161201,0.575,0.58,0.575,0.58,39121
CCJ,20161201,0.011,0.011,0.01,0.011,967200
CCL,20161201,9.64,9.71,9.49,9.68,2217097
CCP,20161201,17.89,18.12,17.46,17.99,186987
CCV,20161201,0.325,0.34,0.325,0.325,347856
CCZ,20161201,0.022,0.023,0.022,0.023,119500
CDA,20161201,1.71,1.795,1.69,1.765,294337
CDC,20161201,0.155,0.155,0.155,0.155,120000
CDD,20161201,0.95,0.97,0.95,0.955,256689
CDM,20161201,1.195,1.2,1.18,1.185,324761
CDP,20161201,7.6,7.6,7.56,7.56,12874
CDT,20161201,0.015,0.015,0.014,0.014,120000
CDU,20161201,0.425,0.43,0.415,0.42,149607
CDV,20161201,0.235,0.24,0.225,0.235,841113
CDY,20161201,0.029,0.029,0.027,0.028,3084669
CEN,20161201,4.41,4.41,4.41,4.41,54602
CETF,20161201,55.5,55.5,55.5,55.5,190
CFE,20161201,0.014,0.014,0.014,0.014,1336274
CFO,20161201,0.535,0.56,0.52,0.56,506393
CGA,20161201,1.62,1.62,1.59,1.59,21374
CGC,20161201,3.15,3.19,3.07,3.17,1417190
CGF,20161201,10.8,10.89,10.64,10.82,2289602
CGL,20161201,5.2,5.3,5.2,5.2,19877
CGM,20161201,0.01,0.011,0.01,0.011,519021
CGN,20161201,0.044,0.044,0.044,0.044,7825
CGS,20161201,1.095,1.095,1.07,1.07,44000
CHC,20161201,4.46,4.48,4.38,4.43,2057227
CIA,20161201,0.48,0.495,0.47,0.48,518785
CIE,20161201,0.955,0.955,0.955,0.955,54688
CII,20161201,1.86,1.9,1.83,1.83,14207
CIM,20161201,31,31.3,30.82,31.3,384621
CIN,20161201,31.29,31.69,31.25,31.31,3083
CIW,20161201,0.51,0.515,0.51,0.515,22000
CKF,20161201,5.97,6.34,5.93,6.06,1003028
CL1,20161201,3.12,3.16,3.1,3.1,63629
CL8,20161201,0.02,0.021,0.02,0.021,530952
CLH,20161201,1.49,1.51,1.48,1.495,256179
CLQ,20161201,0.495,0.54,0.47,0.485,1467545
CLT,20161201,0.27,0.27,0.255,0.255,157485
CLV,20161201,0.545,0.555,0.545,0.555,20596
CLW,20161201,3.85,3.85,3.76,3.83,121670
CLX,20161201,0.82,0.82,0.81,0.81,12625
CM8,20161201,0.095,0.096,0.094,0.096,140253
CMA,20161201,2.15,2.15,2.14,2.14,70211
CMM,20161201,0.097,0.097,0.092,0.092,473061
CMP,20161201,0.76,0.78,0.74,0.78,114567
CMW,20161201,0.92,0.92,0.91,0.915,2374514
CMY,20161201,0.002,0.002,0.001,0.001,11800000
CND,20161201,0.094,0.094,0.094,0.094,36827
CNI,20161201,1.03,1.04,1.03,1.035,61923
CNJ,20161201,0.034,0.037,0.034,0.037,613156
CNU,20161201,3.8,3.81,3.79,3.8,291311
CNW,20161201,0.021,0.021,0.02,0.02,2183470
COE,20161201,0.33,0.35,0.33,0.33,2212774
COH,20161201,119.89,119.89,117.78,118.12,357211
COI,20161201,0.07,0.07,0.067,0.07,514624
COM,20161201,0.011,0.011,0.011,0.011,10466884
CPH,20161201,0.24,0.25,0.24,0.24,357500
CPU,20161201,11.6,11.96,11.56,11.86,2366531
CQR,20161201,4.27,4.28,4.15,4.18,1476680
CR8,20161201,0.061,0.077,0.059,0.069,21636142
CRB,20161201,0.12,0.14,0.12,0.13,382203
CSE,20161201,0.23,0.25,0.23,0.25,21353
CSL,20161201,99.1,99.45,98.1,99.22,1195898
CSR,20161201,4.08,4.21,4.03,4.2,5373825
CSS,20161201,0.034,0.035,0.034,0.035,1471236
CSV,20161201,0.705,0.715,0.69,0.7,2536489
CT1,20161201,0.035,0.035,0.035,0.035,69240
CTD,20161201,17.8,17.92,17.49,17.92,250576
CTM,20161201,0.009,0.01,0.008,0.008,4642412
CTN,20161201,1.11,1.115,1.102,1.11,329991
CTO,20161201,0.011,0.011,0.011,0.011,42262
CTP,20161201,0.18,0.18,0.175,0.175,858266
CTX,20161201,30.79,30.79,30.24,30.33,1987257
CUE,20161201,0.084,0.088,0.081,0.088,162000
CUL,20161201,0.002,0.002,0.002,0.002,300000
CUP,20161201,0.805,0.805,0.79,0.8,194343
CUV,20161201,7.99,7.99,7.85,7.96,7904
CV1,20161201,0.083,0.086,0.081,0.085,512662
CVC,20161201,1.6,1.6,1.6,1.6,11162
CVN,20161201,0.11,0.11,0.11,0.11,1423198
CVO,20161201,1.31,1.35,1.29,1.3,899323
CVT,20161201,0.089,0.115,0.089,0.115,2232630
CVW,20161201,1.17,1.2,1.17,1.2,22891
CWE,20161201,0.041,0.042,0.04,0.041,1889183
CWN,20161201,11.78,12.005,11.62,11.99,2429246
CWP,20161201,4.92,4.95,4.815,4.95,88473
CWY,20161201,1.11,1.155,1.095,1.155,4860505
CXM,20161201,0.064,0.064,0.062,0.063,257670
CXO,20161201,0.078,0.082,0.077,0.079,5041087
CXX,20161201,0.275,0.295,0.27,0.27,286710
CXZ,20161201,0.11,0.11,0.105,0.105,87363
CYA,20161201,0.895,0.9,0.89,0.9,66180
CYB,20161201,4.74,4.82,4.74,4.78,5144992
CYC,20161201,0.95,0.95,0.95,0.95,200
CYG,20161201,0.93,0.95,0.92,0.92,172952
CYL,20161201,0.5,0.5,0.5,0.5,4000
CYP,20161201,0.735,0.735,0.69,0.7,240880
CZI,20161201,0.054,0.054,0.052,0.052,430449
CZL,20161201,0.032,0.032,0.032,0.032,122500
CZN,20161201,0.022,0.026,0.022,0.024,14142440
CZZ,20161201,17.6,17.9,17.5,17.5,16052
D13,20161201,0.099,0.099,0.095,0.095,433066
D2O,20161201,0.98,0.98,0.96,0.96,15067
DCG,20161201,1.09,1.12,1.07,1.1,62659
DCL,20161201,0.285,0.285,0.27,0.27,93057
DDD,20161201,0.004,0.004,0.004,0.004,197486
DDR,20161201,2.34,2.35,2.27,2.29,66290
DDT,20161201,0.014,0.014,0.014,0.014,599201
DEG,20161201,0.002,0.002,0.002,0.002,38861631
DFM,20161201,0.905,0.91,0.89,0.91,16196
DGR,20161201,0.089,0.09,0.089,0.089,567887
DHR,20161201,0.01,0.01,0.01,0.01,1767626
DIV,20161201,19.15,19.15,19.07,19.07,2295
DJRE,20161201,20.4,20.43,20.36,20.4,42328
DJW,20161201,3.58,3.6,3.57,3.59,51807
DKM,20161201,0.175,0.175,0.165,0.17,109118
DKO,20161201,0.064,0.065,0.06,0.065,2903022
DLE,20161201,0.016,0.018,0.016,0.017,3153218
DLX,20161201,5.91,5.94,5.85,5.9,1745293
DMA,20161201,0.058,0.058,0.058,0.058,300000
DMC,20161201,0.095,0.095,0.095,0.095,30000
DME,20161201,0.22,0.22,0.22,0.22,5000
DMG,20161201,0.011,0.011,0.01,0.011,220799
DMP,20161201,67.97,68.75,67.58,68.64,258644
DNA,20161201,0.4,0.405,0.4,0.405,496492
DNK,20161201,0.39,0.395,0.39,0.39,225792
DOW,20161201,5.79,6.09,5.74,6.08,3403135
DRA,20161201,0.23,0.245,0.23,0.23,43732
DRM,20161201,0.495,0.495,0.47,0.47,1505200
DRO,20161201,0.24,0.24,0.21,0.23,109460
DRX,20161201,0.01,0.01,0.01,0.01,33303
DSB,20161201,0.24,0.26,0.24,0.24,231596
DSX,20161201,0.049,0.049,0.049,0.049,35000
DTI,20161201,0.4,0.4,0.395,0.4,99200
DTL,20161201,1.65,1.705,1.65,1.68,100052
DTM,20161201,0.007,0.007,0.007,0.007,173000
DTR,20161201,0.015,0.015,0.015,0.015,275000
DTX,20161201,0.34,0.34,0.32,0.32,7531
DTZ,20161201,0.45,0.47,0.43,0.44,590551
DUB,20161201,0.47,0.47,0.47,0.47,6351
DUE,20161201,2.38,2.38,2.31,2.36,7942629
DUI,20161201,3.34,3.35,3.34,3.34,45461
DVL,20161201,0.475,0.49,0.475,0.49,42802
DVN,20161201,0.44,0.45,0.44,0.44,2003
DWS,20161201,1.345,1.345,1.325,1.34,77565
DXB,20161201,0.008,0.009,0.008,0.008,1048800
DXF,20161201,0.485,0.485,0.455,0.455,100041
DXS,20161201,9.02,9.1,8.84,8.89,5837995
DYE,20161201,0.23,0.23,0.22,0.23,40000
DYL,20161201,0.011,0.012,0.01,0.012,3296536
EAI,20161201,0.835,0.85,0.835,0.85,212700
EAL,20161201,0.075,0.075,0.069,0.069,72041
EAR,20161201,0.18,0.215,0.18,0.215,95000
EAS,20161201,1.45,1.45,1.4,1.45,20000
EBO,20161201,15.74,15.79,15.74,15.79,16
ECG,20161201,0.2,0.22,0.2,0.2,41000
ECX,20161201,3.91,3.97,3.86,3.91,758076
EDE,20161201,0.24,0.24,0.23,0.23,846909
EEG,20161201,0.015,0.015,0.015,0.015,736316
EER,20161201,0.015,0.015,0.015,0.015,15000
EGA,20161201,0.295,0.3,0.29,0.29,436211
EGG,20161201,0.88,0.88,0.88,0.88,2073
EGH,20161201,0.715,0.715,0.69,0.69,487995
EGI,20161201,0.985,0.985,0.985,0.985,17500
EGN,20161201,0.14,0.145,0.14,0.145,1055495
EGO,20161201,0.32,0.32,0.32,0.32,1600
EGS,20161201,0.215,0.225,0.21,0.225,508064
EHE,20161201,2.67,2.68,2.6,2.65,1004209
EHL,20161201,0.077,0.079,0.076,0.076,269331
ELD,20161201,3.91,3.98,3.91,3.96,147739
ELK,20161201,0.063,0.063,0.063,0.063,552226
ELT,20161201,0.008,0.008,0.008,0.008,1158300
ELX,20161201,1.57,1.57,1.53,1.55,122353
EMB,20161201,8.4,8.4,8.4,8.4,3000
EMC,20161201,0.945,0.945,0.905,0.905,219561
EMF,20161201,1.81,1.81,1.81,1.81,44194
EMG,20161201,0.01,0.011,0.01,0.011,91980
EMH,20161201,0.61,0.63,0.6,0.62,149560
EML,20161201,1.89,1.89,1.875,1.875,122016
EMR,20161201,0.043,0.043,0.041,0.042,923427
EMX,20161201,0.039,0.039,0.039,0.039,38356
ENB,20161201,0.006,0.006,0.006,0.006,84000
ENN,20161201,2.04,2.05,2.03,2.04,43686
ENR,20161201,0.086,0.086,0.086,0.086,50000
ENT,20161201,0.015,0.015,0.015,0.015,109000
ENZ,20161201,0.14,0.14,0.14,0.14,21000
EOS,20161201,1.395,1.395,1.325,1.34,80267
EPD,20161201,0.48,0.505,0.475,0.475,352139
EPM,20161201,0.005,0.005,0.005,0.005,500000
EPT,20161201,0.038,0.041,0.038,0.04,5012695
EPW,20161201,1.14,1.15,1.125,1.15,250693
EQE,20161201,0.014,0.014,0.014,0.014,394700
EQT,20161201,17.2,17.58,17.2,17.5,4817
EQU,20161201,0.053,0.055,0.05,0.055,5738857
EQX,20161201,0.405,0.405,0.395,0.395,7255
ERA,20161201,0.35,0.35,0.33,0.33,430657
ERL,20161201,0.032,0.032,0.031,0.031,311158
ERM,20161201,0.135,0.14,0.125,0.13,3275934
ESH,20161201,0.028,0.028,0.026,0.026,2124200
ESI,20161201,0.02,0.02,0.02,0.02,4112297
ESR,20161201,0.047,0.048,0.046,0.046,535282
ESV,20161201,0.11,0.11,0.11,0.11,26043
ETE,20161201,0.007,0.007,0.006,0.006,3212264
ETF,20161201,19.01,19.01,18.99,18.99,3681
ETPMAG,20161201,21.49,21.49,21.23,21.3,11621
ETPMPD,20161201,94.13,94.13,94.13,94.13,0
ETPMPM,20161201,120.53,120.53,120.53,120.53,0
ETPMPT,20161201,118.44,118.44,118.44,118.44,0
EUR,20161201,0.057,0.057,0.05,0.053,1220000
EVN,20161201,1.87,1.895,1.8,1.805,14226296
EVO,20161201,1,1,1,1,4548
EVT,20161201,13.86,14.06,13.83,14.06,131324
EWC,20161201,0.265,0.27,0.255,0.26,319810
EXC,20161201,0.057,0.057,0.054,0.054,15000
EXG,20161201,0.027,0.027,0.026,0.026,346339
EXO,20161201,0.003,0.003,0.003,0.003,548625
EXR,20161201,0.03,0.03,0.03,0.03,26837
EXU,20161201,0.077,0.077,0.074,0.074,253137
EYM,20161201,0.014,0.015,0.012,0.012,53708687
EZL,20161201,1.015,1.02,1.01,1.01,33456
FAN,20161201,3.48,3.49,3.48,3.49,28335
FAR,20161201,0.069,0.07,0.067,0.067,14296593
FBR,20161201,0.11,0.11,0.105,0.105,1566050
FBU,20161201,9.96,10.07,9.9,10,1193627
FCT,20161201,0.48,0.505,0.48,0.505,188283
FDM,20161201,0.082,0.088,0.081,0.084,1423715
FDV,20161201,0.49,0.49,0.49,0.49,5389
FET,20161201,2.42,2.47,2.41,2.42,73606
FFC,20161201,0.14,0.14,0.14,0.14,6500
FFT,20161201,0.225,0.225,0.225,0.225,27196
FGG,20161201,1.06,1.065,1.045,1.045,257959
FGR,20161201,0.11,0.115,0.11,0.115,899842
FGX,20161201,1.16,1.165,1.155,1.165,182856
FID,20161201,3.46,3.46,3.4,3.4,4650
FIG,20161201,0.38,0.382,0.37,0.375,3450561
FLK,20161201,0.945,0.95,0.945,0.95,33193
FLN,20161201,0.995,1.045,0.99,0.99,66504
FLT,20161201,33.74,33.75,32.94,33.3,298999
FMG,20161201,6.01,6.35,5.975,6.35,30082929
FML,20161201,0.48,0.48,0.48,0.48,25500
FMS,20161201,0.024,0.024,0.024,0.024,60000
FND,20161201,0.16,0.16,0.157,0.157,180000
FNP,20161201,4.8,4.9,4.57,4.66,69151
FOD,20161201,0.105,0.115,0.105,0.105,61000
FPH,20161201,7.85,7.92,7.84,7.87,1349206
FRI,20161201,0.87,0.87,0.87,0.87,35000
FRM,20161201,1.65,1.65,1.55,1.6,50884
FRN,20161201,0.02,0.02,0.019,0.02,1273153
FSA,20161201,1.22,1.23,1.22,1.23,3000
FSF,20161201,5.67,5.7,5.635,5.68,93097
FSI,20161201,1.55,1.55,1.55,1.55,14100
FTT,20161201,0.077,0.077,0.077,0.077,123946
FTZ,20161201,0.096,0.096,0.095,0.095,53160
FUN,20161201,0.014,0.014,0.014,0.014,8588
FWD,20161201,1.92,1.94,1.915,1.94,16132
FXJ,20161201,0.81,0.835,0.805,0.835,7769489
FXL,20161201,2.31,2.4,2.29,2.39,1089296
FZO,20161201,0.2,0.2,0.2,0.2,100000
G8C,20161201,0.026,0.026,0.025,0.025,219853
GAP,20161201,0.345,0.355,0.345,0.345,83700
GBE,20161201,0.019,0.019,0.019,0.019,220000
GBG,20161201,0.028,0.028,0.027,0.028,1638366
GBI,20161201,0.29,0.29,0.29,0.29,5000
GBR,20161201,0.165,0.165,0.165,0.165,55177
GBT,20161201,3.79,3.79,3.63,3.69,123674
GBZ,20161201,0.015,0.015,0.012,0.013,939000
GC1,20161201,0.985,0.99,0.97,0.99,71003
GCM,20161201,0.91,0.91,0.905,0.905,25000
GCS,20161201,0.5,0.51,0.5,0.5,376248
GCY,20161201,0.515,0.515,0.47,0.49,190311
GDF,20161201,1,1,0.99,1,20325
GDI,20161201,0.98,0.98,0.965,0.97,371316
GDX,20161201,28.12,28.2,27.67,28.16,13776
GEAR,20161201,19.69,19.85,19.62,19.84,25488
GED,20161201,0.008,0.008,0.008,0.008,26400
GEG,20161201,1.08,1.11,1.08,1.11,2014865
GEM,20161201,3.21,3.31,3.2,3.3,1422234
GER,20161201,0.06,0.061,0.06,0.06,469200
GFL,20161201,1.555,1.555,1.555,1.555,6559
GFY,20161201,1.01,1.02,1.01,1.02,82010
GGE,20161201,0.007,0.008,0.007,0.008,6176426
GGG,20161201,0.058,0.06,0.056,0.059,1733864
GGL,20161201,0.028,0.028,0.028,0.028,94429
GGUS,20161201,10.55,10.56,10.55,10.56,31412
GHC,20161201,1.77,1.77,1.735,1.75,31434
GLF,20161201,0.008,0.008,0.008,0.008,15000
GLL,20161201,0.12,0.12,0.12,0.12,10000
GMA,20161201,3.04,3.05,3,3.03,1764932
GMC,20161201,0.031,0.031,0.03,0.031,4354050
GMD,20161201,0.028,0.028,0.027,0.027,535000
GME,20161201,0.026,0.026,0.025,0.025,673600
GMG,20161201,6.63,6.67,6.46,6.49,6654096
GMR,20161201,0.009,0.009,0.009,0.009,2551000
GNC,20161201,8.75,8.89,8.67,8.71,1876480
GNE,20161201,1.945,1.95,1.94,1.94,152536
GNG,20161201,1.3,1.32,1.295,1.3,209665
GNX,20161201,0.265,0.275,0.265,0.275,88819
GOLD,20161201,151,152,150,150.4,10127
GOO,20161201,0.19,0.195,0.19,0.19,120000
GOR,20161201,0.615,0.63,0.6,0.63,3060149
GOVT,20161201,25.55,25.55,25.51,25.51,3995
GOW,20161201,3.5,3.5,3.5,3.5,5705
GOZ,20161201,3.08,3.09,3.04,3.09,378861
GPP,20161201,0.032,0.034,0.028,0.029,72046429
GPR,20161201,0.034,0.036,0.034,0.036,111753
GPT,20161201,4.78,4.8,4.67,4.72,9756504
GPX,20161201,0.34,0.34,0.34,0.34,2000
GRB,20161201,0.042,0.043,0.041,0.042,1957027
GRR,20161201,0.13,0.135,0.13,0.13,818078
GRV,20161201,0.036,0.042,0.036,0.042,200000
GSC,20161201,0.067,0.07,0.067,0.07,27032
GSS,20161201,0.46,0.49,0.45,0.49,54260
GTE,20161201,0.016,0.017,0.015,0.016,4148728
GTG,20161201,0.018,0.02,0.018,0.018,4793523
GTK,20161201,3.4,3.4,3.28,3.35,58965
GTN,20161201,3.28,3.43,3.28,3.36,100037
GTY,20161201,2.29,2.305,2.26,2.29,675565
GUD,20161201,10.3,10.48,10.16,10.39,245486
GVF,20161201,1.08,1.08,1.075,1.08,129702
GWA,20161201,2.83,2.83,2.77,2.78,919470
GXL,20161201,6.7,6.74,6.62,6.7,428840
GXY,20161201,0.44,0.477,0.437,0.465,24400824
HAS,20161201,0.08,0.08,0.08,0.08,5423
HAV,20161201,0.645,0.67,0.635,0.67,49361
HAW,20161201,0.033,0.033,0.03,0.03,52905
HCH,20161201,0.037,0.037,0.037,0.037,161298
HEG,20161201,0.001,0.001,0.001,0.001,1000000
HFA,20161201,2.09,2.12,2.09,2.09,29910
HFR,20161201,1.29,1.32,1.25,1.3,163831
HGG,20161201,3.89,3.96,3.88,3.95,3772904
HGO,20161201,0.059,0.059,0.052,0.053,1725684
HHL,20161201,3.65,3.68,3.65,3.65,5700
HHV,20161201,1.34,1.355,1.34,1.345,411626
HHY,20161201,0.125,0.125,0.125,0.125,400
HIL,20161201,0.385,0.39,0.35,0.36,601806
HIT,20161201,0.625,0.625,0.59,0.625,62500
HLX,20161201,0.049,0.05,0.044,0.044,770415
HML,20161201,1.22,1.35,1.22,1.285,66670
HMX,20161201,0.05,0.05,0.048,0.048,281453
HNR,20161201,0.018,0.018,0.018,0.018,750000
HOG,20161201,0.005,0.006,0.004,0.006,8988069
HOM,20161201,0.41,0.41,0.41,0.41,9273
HOT,20161201,0.22,0.22,0.22,0.22,450000
HPI,20161201,2.69,2.75,2.69,2.7,64594
HRR,20161201,0.135,0.135,0.135,0.135,93027
HSN,20161201,4.37,4.39,4.26,4.28,281176
HSO,20161201,2.25,2.27,2.215,2.26,8587459
HT8,20161201,0.12,0.12,0.12,0.12,4500
HUB,20161201,6.02,6.02,5.8,5.8,43334
HUO,20161201,3.7,3.71,3.65,3.65,51233
HVN,20161201,4.8,4.8,4.715,4.77,3572874
HVST,20161201,20.16,20.24,20.11,20.24,59081
HXG,20161201,0.27,0.275,0.27,0.27,216700
HZN,20161201,0.047,0.049,0.046,0.046,7793538
HZR,20161201,0.48,0.49,0.475,0.49,182098
IAA,20161201,65.6,65.85,65.33,65.43,4600
IAF,20161201,105.79,105.79,105.26,105.27,5784
IAG,20161201,5.63,5.64,5.59,5.63,8673778
IAM,20161201,0.059,0.068,0.059,0.062,23758227
IAU,20161201,1.27,1.27,1.25,1.25,15475
IBG,20161201,0.098,0.105,0.096,0.105,1363909
IBK,20161201,44.61,44.79,44.55,44.79,1190
IBN,20161201,0.01,0.01,0.009,0.01,2365706
ICG,20161201,0.016,0.016,0.015,0.015,14947888
ICN,20161201,0.03,0.031,0.027,0.028,1026756
ICQ,20161201,0.28,0.29,0.28,0.285,383359
ICT,20161201,0.03,0.03,0.03,0.03,470000
ICU,20161201,0.075,0.075,0.07,0.07,2000000
IDA,20161201,0.083,0.083,0.083,0.083,34000
IDO,20161201,0.009,0.009,0.009,0.009,15851
IDR,20161201,2.05,2.06,2.04,2.06,131832
IDT,20161201,0.19,0.19,0.18,0.18,480687
IDX,20161201,1.17,1.175,1.17,1.17,28711
IEC,20161201,0.015,0.015,0.015,0.015,3129
IEL,20161201,4.15,4.21,4.1,4.17,52456
IEM,20161201,47.6,48.4,47.6,48.17,11530
IEU,20161201,50.07,50.59,50.07,50.33,53295
IFL,20161201,8.8,8.88,8.8,8.84,1028862
IFM,20161201,0.73,0.75,0.72,0.75,203040
IFN,20161201,0.915,0.915,0.88,0.89,3378311
IGB,20161201,102.58,102.58,102.58,102.58,16
IGL,20161201,2.06,2.1,2.06,2.07,230662
IGO,20161201,4.34,4.43,4.23,4.27,6713399
IHCB,20161201,104.88,104.88,104.88,104.88,137
IHD,20161201,13.51,13.51,13.4,13.45,41435
IHEB,20161201,102.95,102.95,102.95,102.95,241
IHHY,20161201,105.17,105.17,105.17,105.17,0
IHL,20161201,0.081,0.081,0.081,0.081,60000
IHOO,20161201,100.73,101.65,100.73,101.65,1544
IHS,20161201,0.034,0.034,0.034,0.034,246469
IHVV,20161201,279.91,280.16,279.14,280.16,2567
IIL,20161201,0.77,0.79,0.76,0.79,99365
IJH,20161201,219,223.95,219,220.05,1715
IJP,20161201,67,67.7,67,67.11,8607
IJR,20161201,181.5,181.64,180.67,180.78,479
IKO,20161201,72.94,72.94,72.23,72.51,691
ILB,20161201,112.3,112.48,112.3,112.3,2418
ILC,20161201,22.77,22.81,22.75,22.81,700
ILU,20161201,6.2,6.67,6.18,6.56,3606217
IMA,20161201,0.052,0.06,0.052,0.056,171344
IMC,20161201,0.33,0.33,0.32,0.32,77937
IMD,20161201,0.575,0.585,0.57,0.58,98425
IMF,20161201,1.68,1.68,1.56,1.605,431250
IMU,20161201,0.011,0.012,0.011,0.012,18829669
INA,20161201,2.74,2.74,2.68,2.71,65348
ING,20161201,3.15,3.15,3.13,3.15,326994
INK,20161201,0.069,0.069,0.068,0.068,70200
INL,20161201,0.011,0.011,0.011,0.011,675193
INM,20161201,45.05,45.5,44.54,44.8,103228
IOD,20161201,0.019,0.02,0.019,0.02,500000
IOF,20161201,4.35,4.41,4.31,4.38,4432397
IOO,20161201,101.99,101.99,99.92,101.12,7758
IOT,20161201,0.04,0.042,0.038,0.038,16775924
IOZ,20161201,22.6,22.68,22.51,22.67,58479
IPB,20161201,0.013,0.013,0.013,0.013,4000
IPD,20161201,1.25,1.25,1.175,1.195,868425
IPE,20161201,0.17,0.17,0.165,0.165,162745
IPH,20161201,5.04,5.045,4.98,5.02,507921
IPL,20161201,3.21,3.345,3.2,3.34,11444738
IPT,20161201,0.027,0.027,0.026,0.026,319847
IQE,20161201,0.05,0.05,0.048,0.048,41300
IRE,20161201,11.59,11.67,11.25,11.62,496224
IRI,20161201,2.4,2.49,2.4,2.47,94086
IRU,20161201,178.17,178.68,178.07,178.68,297
ISD,20161201,2.57,2.65,2.54,2.65,1896390
ISG,20161201,28.36,28.76,28.36,28.76,45
ISH,20161201,0.045,0.045,0.045,0.045,30000
ISO,20161201,4.22,4.22,4.2,4.22,39916
ISU,20161201,1.92,1.93,1.9,1.91,240478
ISX,20161201,0.165,0.165,0.16,0.165,321144
ITD,20161201,0.27,0.27,0.26,0.265,17599
ITQ,20161201,7.12,7.13,7.11,7.12,16176
ITW,20161201,40,41.81,40,41.73,1034
IVC,20161201,12.95,13.06,12.84,13.05,221749
IVE,20161201,77.65,77.65,76.7,76.85,4706
IVO,20161201,0.017,0.017,0.016,0.016,1551547
IVR,20161201,0.027,0.028,0.027,0.028,316296
IVV,20161201,298.67,300.24,298.67,299.41,9775
IVX,20161201,0.003,0.003,0.003,0.003,4184850
IXI,20161201,122.77,122.77,122.35,122.5,1404
IXJ,20161201,128.3,128.3,127,127,2517
IXP,20161201,77.49,77.49,77.49,77.49,156
IZZ,20161201,51.06,51.17,50.85,50.85,845
JAL,20161201,0.105,0.105,0.092,0.092,204757
JBH,20161201,27.75,27.75,27.06,27.61,1091383
JCS,20161201,0.015,0.017,0.015,0.017,1834047
JHC,20161201,1.95,2.01,1.925,1.965,781835
JHL,20161201,0.052,0.053,0.052,0.053,45625
JHX,20161201,21.02,21.15,20.81,21.1,2237544
JIN,20161201,1.7,1.7,1.7,1.7,269496
JKA,20161201,0.004,0.004,0.004,0.004,200000
JKL,20161201,0.21,0.215,0.21,0.215,184419
JPR,20161201,0.25,0.25,0.25,0.25,534
JRV,20161201,0.047,0.047,0.045,0.045,383035
K2F,20161201,0.17,0.18,0.17,0.18,56666
K2P,20161201,0.16,0.16,0.16,0.16,32500
KAI,20161201,0.041,0.041,0.039,0.04,4281766
KAM,20161201,0.37,0.38,0.37,0.38,28000
KAR,20161201,2,2.03,1.94,1.985,1871536
KAS,20161201,0.026,0.026,0.026,0.026,73949
KCN,20161201,0.25,0.25,0.24,0.25,114324
KDL,20161201,0.01,0.01,0.01,0.01,205082
KDR,20161201,0.4,0.415,0.395,0.4,1393802
KFE,20161201,0.018,0.018,0.018,0.018,133301
KGD,20161201,0.022,0.022,0.022,0.022,22551
KGM,20161201,0.01,0.01,0.01,0.01,49268
KGN,20161201,1.35,1.36,1.325,1.36,80254
KII,20161201,2.3,2.31,2.3,2.31,17028
KIN,20161201,0.23,0.23,0.225,0.225,193309
KMD,20161201,1.785,1.795,1.747,1.78,170299
KNL,20161201,0.175,0.18,0.17,0.18,512929
KNM,20161201,0.015,0.015,0.015,0.015,7943
KPL,20161201,0.073,0.073,0.073,0.073,14726
KPO,20161201,0.1,0.1,0.098,0.1,636046
KPT,20161201,25.43,25.5,25.11,25.25,6474
KRC,20161201,0.008,0.008,0.008,0.008,1790244
KRL,20161201,0.01,0.01,0.01,0.01,50840
KRM,20161201,0.105,0.105,0.1,0.1,497104
KSC,20161201,1.5,1.5,1.5,1.5,1183
KSL,20161201,1.045,1.06,1.02,1.06,202965
KSN,20161201,0.02,0.021,0.02,0.021,2471671
KYK,20161201,0.245,0.245,0.24,0.245,33963
LAA,20161201,0.2,0.2,0.2,0.2,56366
LAU,20161201,0.395,0.395,0.395,0.395,32000
LCM,20161201,0.375,0.38,0.375,0.38,17840
LCT,20161201,0.096,0.097,0.087,0.089,824224
LEG,20161201,0.012,0.012,0.012,0.012,651000
LEP,20161201,4.24,4.3,4.24,4.3,70573
LER,20161201,0.15,0.16,0.15,0.16,380800
LGO,20161201,0.003,0.003,0.003,0.003,500000
LHB,20161201,0.1,0.1,0.1,0.1,2315
LHC,20161201,2.35,2.36,2.345,2.35,70664
LIC,20161201,3.51,3.54,3.5,3.5,25584
LIO,20161201,0.08,0.08,0.08,0.08,75000
LIT,20161201,0.165,0.17,0.165,0.165,629395
LKE,20161201,0.08,0.08,0.076,0.076,1324053
LKO,20161201,0.001,0.002,0.001,0.002,1537814
LLC,20161201,13.67,13.85,13.54,13.79,4848174
LLO,20161201,0.86,0.86,0.825,0.825,12000
LMG,20161201,0.028,0.028,0.028,0.028,82658
LNG,20161201,0.695,0.73,0.675,0.7,6406223
LNK,20161201,7.5,7.53,7.44,7.48,1215175
LNU,20161201,0.042,0.042,0.042,0.042,213054
LNY,20161201,0.003,0.003,0.002,0.002,2020000
LOM,20161201,0.45,0.45,0.435,0.44,713036
LOV,20161201,3.43,3.47,3.36,3.4,14819
LPD,20161201,0.014,0.014,0.013,0.013,1294991
LPE,20161201,0.022,0.022,0.021,0.021,2298148
LPI,20161201,0.27,0.29,0.265,0.27,925477
LRS,20161201,0.013,0.013,0.012,0.012,3582326
LSR,20161201,0.01,0.011,0.01,0.011,1600000
LTR,20161201,0.017,0.017,0.016,0.016,1034392
LVH,20161201,0.3,0.3,0.295,0.3,213579
LWP,20161201,0.002,0.002,0.001,0.001,3750805
LYC,20161201,0.067,0.067,0.065,0.065,5996979
LYL,20161201,2.72,2.72,2.72,2.72,9000
M7T,20161201,0.042,0.042,0.041,0.041,161600
MA1,20161201,0.94,0.94,0.92,0.92,12985
MAH,20161201,0.1,0.1,0.099,0.1,821424
MAQ,20161201,11.25,11.26,11,11,11300
MAR,20161201,0.003,0.003,0.003,0.003,200000
MAT,20161201,0.215,0.22,0.215,0.22,39302
MAU,20161201,0.08,0.08,0.08,0.08,125000
MAY,20161201,0.023,0.025,0.023,0.024,713910
MBC,20161201,0.29,0.29,0.29,0.29,10000
MBE,20161201,0.135,0.135,0.125,0.125,1060999
MBK,20161201,0.032,0.033,0.029,0.029,4098345
MCE,20161201,0.39,0.42,0.39,0.4,276845
MCP,20161201,1.03,1.035,1,1,52901
MCR,20161201,0.297,0.305,0.285,0.295,181795
MCT,20161201,0.077,0.08,0.074,0.077,4359462
MCY,20161201,2.86,2.86,2.86,2.86,4045
MDC,20161201,0.875,0.88,0.85,0.875,143182
MDI,20161201,0.058,0.058,0.05,0.053,948210
MDL,20161201,0.41,0.42,0.405,0.42,174951
MDR,20161201,0.038,0.038,0.038,0.038,891940
MEA,20161201,0.915,0.92,0.87,0.89,247257
MEB,20161201,0.405,0.405,0.395,0.395,413283
MED,20161201,0.019,0.019,0.014,0.015,5878268
MEL,20161201,0.049,0.049,0.048,0.048,238500
MEM,20161201,0.005,0.005,0.005,0.005,400000
MEP,20161201,0.076,0.076,0.075,0.075,170558
MEZ,20161201,2.48,2.5,2.41,2.5,142181
MFD,20161201,1.12,1.12,1.08,1.1,172768
MFF,20161201,1.815,1.855,1.815,1.83,236043
MFG,20161201,23,23.05,22.76,23.04,392577
MGC,20161201,1.05,1.05,1,1,740282
MGE,20161201,2.59,2.59,2.58,2.58,478747
MGL,20161201,0.04,0.04,0.039,0.039,25896
MGP,20161201,0.35,0.35,0.35,0.35,434
MGR,20161201,2.03,2.055,1.995,2,19440479
MGT,20161201,0.045,0.045,0.045,0.045,200000
MGU,20161201,0.035,0.035,0.035,0.035,50000
MGV,20161201,0.073,0.073,0.067,0.067,674792
MGX,20161201,0.325,0.335,0.32,0.335,1536016
MHC,20161201,0.032,0.032,0.032,0.032,120000
MHJ,20161201,1.52,1.525,1.33,1.355,389599
MIG,20161201,0.185,0.185,0.18,0.185,20540
MIL,20161201,1.5,1.55,1.5,1.55,153460
MIN,20161201,12.4,12.59,12.08,12.32,1861027
MIR,20161201,2.87,2.88,2.84,2.85,33327
MJP,20161201,0.33,0.34,0.33,0.34,13296
MKO,20161201,0.076,0.078,0.076,0.077,1214940
MLA,20161201,0.051,0.051,0.051,0.051,6694
MLB,20161201,1.91,1.94,1.9,1.94,80111
MLD,20161201,1.57,1.575,1.525,1.55,357908
MLM,20161201,0.045,0.046,0.045,0.046,205453
MLT,20161201,4.25,4.27,4.25,4.26,223737
MLX,20161201,0.645,0.66,0.615,0.615,4008166
MMI,20161201,0.135,0.135,0.13,0.13,852489
MMJ,20161201,0.205,0.205,0.2,0.205,124387
MML,20161201,0.555,0.557,0.525,0.535,583644
MMS,20161201,9.9,9.98,9.82,9.9,1846072
MNB,20161201,0.008,0.008,0.008,0.008,1885555
MNC,20161201,0.003,0.003,0.003,0.003,250000
MND,20161201,10.71,11.08,10.71,11,485895
MNE,20161201,0.021,0.022,0.02,0.022,1686805
MNF,20161201,4.63,4.69,4.51,4.52,59119
MNM,20161201,0.009,0.009,0.009,0.009,920736
MNS,20161201,0.675,0.695,0.65,0.67,1361575
MNY,20161201,1.515,1.562,1.47,1.51,681780
MOAT,20161201,47.56,47.63,47.18,47.18,11107
MOC,20161201,2.16,2.21,2.15,2.21,21118
MOQ,20161201,0.36,0.36,0.36,0.36,3637764
MOT,20161201,0.055,0.055,0.055,0.055,41817
MOX,20161201,0.011,0.011,0.011,0.011,981277
MOY,20161201,0.22,0.22,0.2,0.205,4568085
MP1,20161201,2.6,2.6,2.41,2.41,44640
MPL,20161201,2.56,2.64,2.53,2.64,14881055
MPO,20161201,0.165,0.165,0.165,0.165,93701
MQA,20161201,4.68,4.69,4.575,4.66,2119784
MQG,20161201,84.59,84.98,83.96,84.98,1077920
MRC,20161201,0.105,0.105,0.105,0.105,169323
MRD,20161201,0.008,0.009,0.008,0.009,2138000
MRM,20161201,0.29,0.3,0.29,0.295,423475
MRN,20161201,0.88,0.88,0.88,0.88,23838
MRP,20161201,0.088,0.093,0.088,0.093,3446
MRQ,20161201,0.018,0.019,0.018,0.019,2475228
MSB,20161201,1.24,1.24,1.19,1.19,357308
MSG,20161201,0.03,0.03,0.03,0.03,486666
MSM,20161201,0.215,0.235,0.215,0.235,304687
MSP,20161201,0.029,0.034,0.029,0.03,4280779
MSR,20161201,0.004,0.004,0.004,0.004,14348433
MSV,20161201,0.045,0.045,0.042,0.042,1282320
MTA,20161201,0.11,0.11,0.105,0.11,241760
MTH,20161201,0.006,0.006,0.006,0.006,1000000
MTL,20161201,0.048,0.048,0.048,0.048,27000
MTO,20161201,3.9,3.9,3.8,3.8,9700
MTR,20161201,3.15,3.2,3.14,3.15,1765094
MTS,20161201,2.06,2.1,2.02,2.1,5948040
MUA,20161201,0.85,0.85,0.82,0.82,169363
MUS,20161201,0.027,0.027,0.026,0.026,515671
MVA,20161201,19.28,19.28,18.94,18.94,3842
MVB,20161201,26.5,26.71,26.5,26.69,12299
MVE,20161201,22.86,22.86,22.86,22.86,25
MVF,20161201,1.95,1.975,1.93,1.975,372933
MVP,20161201,4.43,4.48,4.25,4.3,57235
MVR,20161201,19.23,19.38,19.23,19.31,26423
MVT,20161201,0.175,0.175,0.175,0.175,44000
MVW,20161201,24.2,24.32,24.19,24.32,5967
MWR,20161201,0.705,0.705,0.705,0.705,6034
MX1,20161201,0.525,0.54,0.52,0.53,118118
MXC,20161201,0.048,0.05,0.047,0.047,9110632
MXI,20161201,0.585,0.585,0.585,0.585,10000
MXR,20161201,0.003,0.003,0.002,0.003,11171014
MYE,20161201,0.475,0.475,0.45,0.45,193530
MYO,20161201,3.48,3.54,3.42,3.49,1304247
MYR,20161201,1.27,1.28,1.255,1.28,4329997
MYS,20161201,4.25,4.25,4.18,4.18,65367
MYX,20161201,1.61,1.61,1.557,1.59,6594954
MZI,20161201,0.3,0.3,0.3,0.3,69317
MZM,20161201,0.13,0.13,0.13,0.13,202000
MZN,20161201,0.016,0.016,0.015,0.015,4082048
NAB,20161201,29.05,29.45,28.91,29.38,6736795
NAC,20161201,1.16,1.195,1.155,1.195,73700
NAE,20161201,0.023,0.023,0.02,0.02,2924709
NAG,20161201,0.095,0.095,0.095,0.095,261163
NAN,20161201,3.37,3.37,3.28,3.33,490668
NAV,20161201,0.009,0.009,0.009,0.009,28163
NBL,20161201,1.45,1.45,1.45,1.45,70911
NCC,20161201,1.335,1.355,1.335,1.355,20130
NCK,20161201,6.29,6.3,6.21,6.21,106758
NCM,20161201,19.27,19.36,18.93,18.98,4883518
NDO,20161201,0.061,0.061,0.061,0.061,1900
NDQ,20161201,11.31,11.34,11.29,11.29,47719
NEA,20161201,0.64,0.665,0.635,0.655,1359346
NEC,20161201,0.93,0.95,0.925,0.95,1181773
NEN,20161201,0.22,0.23,0.22,0.23,222600
NET,20161201,0.022,0.022,0.022,0.022,25000
NEU,20161201,0.065,0.065,0.06,0.065,1317079
NGE,20161201,0.4,0.405,0.4,0.405,230126
NHC,20161201,1.635,1.665,1.62,1.63,217946
NHF,20161201,4.86,4.9,4.765,4.9,248433
NIU,20161201,0.006,0.006,0.006,0.006,23901
NMG,20161201,0.009,0.009,0.009,0.009,29800
NMI,20161201,0.015,0.015,0.015,0.015,34561
NML,20161201,0.052,0.053,0.048,0.049,2660368
NMS,20161201,1.18,1.18,1.18,1.18,6189
NMT,20161201,0.325,0.33,0.31,0.325,1205133
NNW,20161201,0.1,0.11,0.1,0.11,103750
NOR,20161201,0.029,0.03,0.028,0.028,3930636
NOX,20161201,0.585,0.585,0.55,0.56,411241
NRT,20161201,0.087,0.105,0.087,0.099,2198656
NSL,20161201,0.042,0.043,0.04,0.041,6850677
NSR,20161201,1.515,1.535,1.497,1.535,1170374
NST,20161201,3.52,3.57,3.43,3.44,5918052
NTC,20161201,2.28,2.37,2.28,2.32,157909
NTI,20161201,0.42,0.47,0.4,0.46,976495
NTM,20161201,0.063,0.069,0.061,0.069,908876
NTU,20161201,0.12,0.12,0.12,0.12,195449
NUF,20161201,8.39,9.07,8.3,9.03,2167606
NUH,20161201,0.064,0.066,0.062,0.064,2280069
NVL,20161201,1.96,1.96,1.855,1.87,114884
NVT,20161201,5.18,5.26,5.16,5.25,994733
NWE,20161201,0.003,0.003,0.003,0.003,500000
NWF,20161201,0.315,0.315,0.315,0.315,7000
NWH,20161201,0.54,0.55,0.54,0.55,806431
NWS,20161201,15.85,16.18,15.81,16.06,176470
NWZ,20161201,0.004,0.004,0.004,0.004,125000
NXT,20161201,3.17,3.17,3.01,3.06,1823077
NZM,20161201,0.52,0.535,0.52,0.53,7034099
OBJ,20161201,0.07,0.071,0.069,0.069,398305
OCC,20161201,0.45,0.45,0.43,0.43,35898
OEC,20161201,0.88,0.88,0.85,0.85,64736
OEL,20161201,0.04,0.04,0.038,0.038,1384538
OEQ,20161201,0.15,0.17,0.15,0.17,47000
OEX,20161201,0.007,0.007,0.007,0.007,1167200
OFX,20161201,1.655,1.7,1.65,1.665,1538003
OGC,20161201,3.74,3.79,3.66,3.71,572593
OHE,20161201,1.76,1.78,1.68,1.68,26489
OIL,20161201,0.056,0.057,0.056,0.056,259962
OKU,20161201,0.125,0.125,0.12,0.125,422067
OLV,20161201,0.055,0.055,0.055,0.055,100000
OMH,20161201,0.135,0.135,0.13,0.135,80000
OML,20161201,4.25,4.4,4.25,4.37,686967
ONE,20161201,6.54,6.68,6.4,6.65,4447
ONT,20161201,7.76,7.78,7.7,7.78,4479
OOK,20161201,0.024,0.024,0.023,0.024,1390985
OOO,20161201,15.3,15.34,15.13,15.33,118559
OPG,20161201,0.485,0.49,0.485,0.485,143946
OPN,20161201,0.165,0.165,0.16,0.16,80091
OPT,20161201,0.73,0.73,0.73,0.73,9590
ORA,20161201,2.8,2.84,2.76,2.84,4153876
ORE,20161201,4.6,4.73,4.52,4.69,1824420
ORG,20161201,6.27,6.46,6.26,6.46,9195402
ORI,20161201,17.51,17.69,17.35,17.56,2188770
ORL,20161201,2.35,2.35,2.3,2.3,5259
ORM,20161201,0.014,0.014,0.014,0.014,20000
ORN,20161201,0.024,0.024,0.024,0.024,191043
ORR,20161201,0.445,0.445,0.43,0.43,102940
OSH,20161201,6.92,7.14,6.82,7.04,14206733
OSL,20161201,0.099,0.099,0.096,0.096,222828
OSP,20161201,0.44,0.44,0.425,0.435,22693
OTR,20161201,0.4,0.4,0.39,0.39,100000
OTW,20161201,2.34,2.34,2.34,2.34,3250
OVH,20161201,0.67,0.67,0.645,0.645,540881
OVL,20161201,0.018,0.018,0.015,0.018,5598618
OVN,20161201,0.67,0.67,0.65,0.67,15708
OVR,20161201,0.009,0.009,0.009,0.009,5508896
OZF,20161201,20.42,20.59,20.42,20.59,2120
OZL,20161201,8.07,8.2,7.98,8.18,1877600
OZR,20161201,8.22,8.32,8.22,8.32,12350
PAA,20161201,0.049,0.05,0.049,0.05,72114
PAB,20161201,0.006,0.006,0.006,0.006,400000
PAC,20161201,4.2,4.27,4.2,4.2,37851
PAF,20161201,0.935,0.945,0.935,0.945,36743
PAI,20161201,0.93,0.94,0.92,0.93,179751
PAK,20161201,0.1,0.1,0.097,0.1,22000
PAN,20161201,0.34,0.34,0.32,0.32,822190
PAR,20161201,0.435,0.435,0.405,0.405,24151
PBP,20161201,0.52,0.52,0.52,0.52,45000
PBT,20161201,0.059,0.059,0.058,0.058,186685
PCL,20161201,0.006,0.006,0.006,0.006,1180487
PDI,20161201,0.012,0.013,0.012,0.013,430542
PDN,20161201,0.08,0.081,0.064,0.065,63526446
PDZ,20161201,0.345,0.365,0.345,0.365,15434
PEA,20161201,0.565,0.59,0.565,0.59,267122
PEH,20161201,0.081,0.081,0.081,0.081,55706
PEK,20161201,0.068,0.068,0.066,0.066,39438
PEN,20161201,0.56,0.575,0.55,0.55,253900
PEP,20161201,2.5,2.5,2.46,2.46,20788
PEX,20161201,0.175,0.18,0.175,0.18,66860
PFG,20161201,0.115,0.115,0.115,0.115,37480
PGC,20161201,0.85,0.855,0.83,0.855,159008
PGF,20161201,0.945,0.97,0.945,0.97,590550
PGH,20161201,6.57,6.67,6.5,6.67,908031
PGM,20161201,0.077,0.082,0.077,0.082,252223
PGO,20161201,0.066,0.068,0.066,0.068,244065
PGR,20161201,0.71,0.71,0.7,0.7,57815
PHG,20161201,0.445,0.445,0.44,0.44,1031285
PHK,20161201,0.096,0.096,0.095,0.095,200000
PIC,20161201,0.97,0.975,0.965,0.97,137002
PIL,20161201,0.014,0.015,0.013,0.014,3460482
PIO,20161201,0.019,0.02,0.019,0.019,2624208
PLG,20161201,0.73,0.73,0.715,0.72,1317766
PLH,20161201,0.18,0.19,0.18,0.19,275000
PLS,20161201,0.55,0.59,0.54,0.59,11695637
PMC,20161201,1.585,1.61,1.555,1.56,169364
PME,20161201,5.37,5.42,5.25,5.41,24313
PMP,20161201,0.785,0.79,0.75,0.785,45130
PMV,20161201,13.88,13.88,13.49,13.64,271848
PNC,20161201,1.89,1.915,1.89,1.89,95885
PNI,20161201,2.47,2.5,2.47,2.48,42442
PNL,20161201,0.44,0.5,0.44,0.485,162711
PNR,20161201,0.18,0.19,0.177,0.19,2987174
PNV,20161201,0.285,0.285,0.275,0.285,102305
PNW,20161201,0.29,0.295,0.29,0.295,31250
PNX,20161201,0.022,0.022,0.022,0.022,964577
POP,20161201,0.024,0.024,0.024,0.024,439185
POS,20161201,0.05,0.05,0.049,0.049,163580
POU,20161201,16.75,16.77,16.75,16.75,9123
POW,20161201,0.008,0.008,0.008,0.008,25000
PPC,20161201,0.95,0.95,0.925,0.925,46682
PPG,20161201,0.45,0.45,0.44,0.44,7940
PPH,20161201,1.65,1.65,1.57,1.61,36322
PPL,20161201,0.38,0.4,0.38,0.4,43697
PPP,20161201,0.029,0.029,0.029,0.029,40000
PPS,20161201,0.435,0.435,0.42,0.43,135788
PPT,20161201,47.8,47.8,47.22,47.41,252193
PRG,20161201,1.6,1.62,1.56,1.57,846534
PRL,20161201,0.011,0.011,0.011,0.011,472836
PRO,20161201,0.755,0.755,0.725,0.725,10875
PRR,20161201,0.038,0.038,0.037,0.037,344874
PRT,20161201,0.3,0.3,0.29,0.29,99306
PRU,20161201,0.565,0.58,0.555,0.565,12861279
PRY,20161201,3.7,3.77,3.68,3.72,1086718
PSA,20161201,0.145,0.165,0.145,0.165,168527
PSC,20161201,0.023,0.024,0.023,0.023,767844
PSI,20161201,2,2.1,2,2.1,4638
PSQ,20161201,2.17,2.17,2.1,2.17,898
PSY,20161201,0.067,0.067,0.064,0.064,564421
PSZ,20161201,0.32,0.32,0.32,0.32,21166
PTL,20161201,0.6,0.6,0.6,0.6,10000
PTM,20161201,5.5,5.55,5.47,5.52,1168414
PTR,20161201,0.027,0.027,0.027,0.027,5675
PTX,20161201,0.093,0.093,0.09,0.09,18000
PVD,20161201,0.05,0.051,0.048,0.048,621997
PWH,20161201,2.63,2.66,2.63,2.63,243605
PWN,20161201,0.026,0.026,0.025,0.025,128620
PXS,20161201,0.27,0.272,0.27,0.27,182364
QAN,20161201,3.18,3.25,3.18,3.22,8848357
QAU,20161201,12.3,12.3,12.2,12.23,22153
QBE,20161201,11.26,11.64,11.25,11.64,8828649
QBL,20161201,0.007,0.007,0.007,0.007,4539078
QCB,20161201,9.23,9.71,9.23,9.71,1108
QFN,20161201,11.45,11.5,11.45,11.49,2441
QHL,20161201,0.11,0.11,0.105,0.105,294384
QIP,20161201,2.22,2.22,2.15,2.17,19012
QMIX,20161201,15.54,15.54,15.54,15.54,0
QMS,20161201,1.142,1.142,1.115,1.115,1205209
QOZ,20161201,12.43,12.61,12.43,12.61,9286
QRE,20161201,4.51,4.55,4.5,4.55,13000
QUAL,20161201,18.86,19.59,18.79,19.59,9827
QUB,20161201,2.36,2.395,2.33,2.39,2737788
QUR,20161201,0.014,0.014,0.014,0.014,192063
QUS,20161201,30.06,30.06,30.02,30.02,3649
QVE,20161201,1.255,1.32,1.24,1.3,228767
RAC,20161201,0.215,0.215,0.215,0.215,35000
RAN,20161201,1.16,1.16,1.145,1.15,368423
RAP,20161201,0.36,0.36,0.35,0.36,1269902
RARI,20161201,23.7,23.7,23.7,23.7,0
RBL,20161201,0.835,0.88,0.82,0.88,217104
RBX,20161201,0.009,0.009,0.009,0.009,220000
RCB,20161201,20.39,20.39,20.35,20.37,109342
RCG,20161201,1.35,1.365,1.32,1.34,633737
RCR,20161201,2.49,2.57,2.47,2.54,213173
RCT,20161201,3.86,3.86,3.85,3.86,8845
RDG,20161201,0.034,0.034,0.034,0.034,53929
RDM,20161201,0.105,0.11,0.105,0.105,150734
RDS,20161201,0.008,0.008,0.008,0.008,100000
RDV,20161201,28.8,28.8,28.77,28.77,181
REA,20161201,51.75,51.75,51.03,51.6,314670
RED,20161201,0.1,0.1,0.095,0.095,1457480
REF,20161201,0.1,0.1,0.1,0.1,41150
REG,20161201,4,4.09,3.95,4.05,528139
REH,20161201,43.99,44.88,43.72,44.88,3071
RER,20161201,0.014,0.014,0.014,0.014,2967672
RES,20161201,0.093,0.093,0.09,0.09,702998
REV,20161201,0.052,0.052,0.05,0.05,61691
REX,20161201,0.8,0.8,0.755,0.8,32114
REZ,20161201,0.1,0.1,0.1,0.1,400000
RFF,20161201,1.6,1.605,1.59,1.605,103092
RFG,20161201,6.24,6.32,6.2,6.29,846005
RFL,20161201,0.099,0.099,0.098,0.098,570000
RFN,20161201,0.04,0.04,0.04,0.04,12000
RFT,20161201,0.028,0.028,0.027,0.027,208012
RFX,20161201,0.28,0.285,0.265,0.27,866039
RGS,20161201,0.18,0.18,0.16,0.16,175555
RHC,20161201,71.03,71.17,69.51,69.96,544426
RHL,20161201,3.07,3.07,3.04,3.05,5915
RHP,20161201,0.66,0.705,0.66,0.685,53242
RHT,20161201,0.023,0.027,0.023,0.025,2785952
RIC,20161201,1.245,1.255,1.21,1.21,2873226
RIE,20161201,0.009,0.009,0.009,0.009,50000
RIM,20161201,0.021,0.022,0.021,0.022,1862279
RIO,20161201,58.45,59.25,58.15,58.7,3310408
RKN,20161201,1.52,1.55,1.52,1.53,95459
RLC,20161201,0.023,0.03,0.023,0.024,16155828
RMD,20161201,8.31,8.36,8.24,8.32,4127847
RMR,20161201,0.029,0.029,0.028,0.028,219548
RMS,20161201,0.49,0.495,0.47,0.48,2323465
RMX,20161201,0.039,0.04,0.035,0.036,19194204
RNE,20161201,0.015,0.015,0.015,0.015,101775
RNI,20161201,0.012,0.014,0.012,0.014,17150387
RNL,20161201,0.007,0.007,0.007,0.007,1275750
RNO,20161201,0.017,0.017,0.016,0.016,1109970
RNT,20161201,0.1,0.1,0.1,0.1,607540
RNU,20161201,0.033,0.04,0.033,0.035,8024518
RNY,20161201,0.037,0.037,0.037,0.037,300000
RRL,20161201,2.8,2.84,2.74,2.79,6411808
RRS,20161201,0.005,0.006,0.005,0.006,515000
RSG,20161201,1.19,1.22,1.16,1.165,9344504
RSH,20161201,0.053,0.06,0.053,0.06,2222274
RSM,20161201,20.56,20.56,20.49,20.49,3012
RTG,20161201,0.26,0.265,0.26,0.265,52402
RTR,20161201,0.015,0.015,0.015,0.015,100770
RUL,20161201,0.51,0.51,0.5,0.5,8200
RUM,20161201,0.023,0.023,0.023,0.023,386109
RVA,20161201,1.1,1.1,1.09,1.09,7310
RVY,20161201,0.024,0.024,0.022,0.022,2216507
RWC,20161201,3.16,3.17,3.06,3.08,1577539
RWH,20161201,1.4,1.4,1.4,1.4,185
RXH,20161201,0.04,0.04,0.039,0.04,40015
RXL,20161201,0.015,0.015,0.015,0.015,451328
RXM,20161201,0.057,0.057,0.057,0.057,10000
RXP,20161201,1.035,1.04,0.99,1,221923
S2R,20161201,0.282,0.282,0.26,0.27,757673
S32,20161201,2.78,2.9,2.77,2.88,31545276
SAI,20161201,4.72,4.74,4.72,4.74,497284
SAR,20161201,0.94,0.96,0.885,0.89,13233712
SAS,20161201,0.087,0.089,0.086,0.086,4131989
SAU,20161201,0.26,0.26,0.26,0.26,16200
SBB,20161201,0.017,0.017,0.016,0.016,225000
SBM,20161201,2.17,2.19,2.1,2.15,3328316
SBU,20161201,0.011,0.011,0.011,0.011,100000
SCG,20161201,4.25,4.25,4.105,4.13,18144215
SCO,20161201,2.27,2.35,2.27,2.33,241383
SCP,20161201,2.11,2.13,2.095,2.13,3605821
SDA,20161201,3.14,3.2,3.12,3.14,680602
SDF,20161201,2.08,2.09,2.06,2.09,3620659
SDG,20161201,1.52,1.52,1.51,1.515,25381
SDI,20161201,0.74,0.74,0.725,0.73,241918
SDL,20161201,0.003,0.003,0.003,0.003,1900000
SEA,20161201,0.205,0.215,0.195,0.2,17472318
SEG,20161201,0.002,0.002,0.001,0.002,105935400
SEH,20161201,0.105,0.105,0.1,0.1,1680560
SEK,20161201,14.99,15.14,14.92,15.04,1518944
SEN,20161201,0.115,0.115,0.11,0.11,596165
SEQ,20161201,0.225,0.225,0.215,0.22,156491
SES,20161201,0.071,0.071,0.07,0.07,160000
SFC,20161201,5.45,5.45,5.35,5.45,5008
SFG,20161201,0.085,0.085,0.079,0.079,317500
SFH,20161201,0.505,0.505,0.49,0.49,38249
SFI,20161201,0.062,0.072,0.062,0.071,13005431
SFL,20161201,0.2,0.205,0.195,0.195,27000
SFR,20161201,5.94,5.98,5.86,5.97,1194269
SFX,20161201,0.6,0.61,0.6,0.61,283168
SFY,20161201,51.93,52.01,51.82,52.01,3620
SGC,20161201,0.06,0.06,0.06,0.06,145000
SGF,20161201,3.3,3.31,3.16,3.25,517161
SGH,20161201,0.325,0.325,0.32,0.32,298001
SGM,20161201,12.65,12.84,12.56,12.73,1136117
SGP,20161201,4.34,4.34,4.18,4.23,10839002
SGQ,20161201,0.14,0.145,0.14,0.145,310251
SGR,20161201,5.3,5.335,5.25,5.32,3284340
SGU,20161201,0.072,0.072,0.07,0.07,100000
SHJ,20161201,1.105,1.105,1.06,1.1,106108
SHK,20161201,0.003,0.003,0.003,0.003,300000
SHL,20161201,21.95,22.04,21.71,21.95,1317338
SHM,20161201,1.2,1.205,1.185,1.2,129385
SHU,20161201,0.185,0.185,0.185,0.185,9000
SHV,20161201,6.41,6.63,6.41,6.53,403469
SIH,20161201,0.021,0.021,0.021,0.021,53847
SIO,20161201,0.335,0.335,0.33,0.33,192351
SIP,20161201,1.225,1.23,1.195,1.22,3127551
SIQ,20161201,5.9,5.97,5.83,5.91,270182
SIV,20161201,9.2,9.32,9.2,9.2,25346
SKB,20161201,0.6,0.6,0.6,0.6,201165
SKC,20161201,3.81,3.82,3.75,3.78,1030326
SKI,20161201,2.24,2.25,2.19,2.24,8945983
SKP,20161201,0.061,0.061,0.06,0.06,223202
SKT,20161201,4.56,4.61,4.52,4.56,473536
SLC,20161201,2.69,2.69,2.63,2.68,314520
SLF,20161201,12.27,12.27,11.91,11.95,63519
SLK,20161201,4.05,4.06,3.99,4.02,72087
SLM,20161201,0.52,0.52,0.52,0.52,1000
SLR,20161201,0.575,0.58,0.547,0.565,3364437
SLX,20161201,0.395,0.4,0.39,0.395,274519
SM8,20161201,0.165,0.165,0.15,0.15,21169
SMA,20161201,0.013,0.013,0.012,0.012,5501866
SMD,20161201,0.024,0.024,0.024,0.024,25500
SMI,20161201,0.05,0.052,0.05,0.052,1190000
SMN,20161201,1.77,1.77,1.68,1.685,338401
SMP,20161201,0.165,0.165,0.16,0.165,1230000
SMR,20161201,0.65,0.67,0.65,0.665,171565
SMX,20161201,1.18,1.185,1.15,1.15,139644
SNC,20161201,0.97,0.97,0.97,0.97,3019
SND,20161201,0.55,0.56,0.54,0.54,909912
SNL,20161201,1.86,1.86,1.86,1.86,2200
SO4,20161201,0.5,0.52,0.5,0.52,57014
SOC,20161201,0.003,0.003,0.002,0.003,800000
SOL,20161201,14.75,14.84,14.72,14.73,167496
SOM,20161201,3.55,3.55,3.5,3.5,40307
SOR,20161201,0.11,0.11,0.11,0.11,305845
SP1,20161201,0.043,0.049,0.043,0.049,273502
SPI,20161201,0.068,0.068,0.068,0.068,20444
SPK,20161201,3.45,3.45,3.36,3.39,1645018
SPL,20161201,0.67,0.69,0.66,0.68,143746
SPO,20161201,0.95,0.95,0.905,0.91,10204969
SPY,20161201,298,298.2,298,298.2,303
SPZ,20161201,0.25,0.25,0.25,0.25,111805
SRF,20161201,0.165,0.165,0.16,0.16,107552
SRG,20161201,1.72,1.75,1.65,1.75,39809
SRI,20161201,0.017,0.017,0.016,0.016,1192525
SRK,20161201,0.044,0.044,0.044,0.044,150000
SRS,20161201,0.024,0.026,0.023,0.024,618086
SRV,20161201,7.7,7.7,7.61,7.63,27136
SRX,20161201,27.69,28.05,27.3,27.84,196859
SRY,20161201,0.057,0.057,0.057,0.057,19125
SRZ,20161201,0.04,0.04,0.04,0.04,40000
SSG,20161201,1,1,1,1,15000
SSM,20161201,0.96,0.975,0.93,0.97,778641
SSN,20161201,0.005,0.005,0.004,0.004,1080000
SSO,20161201,12.47,12.47,12.47,12.47,2049
SST,20161201,22,22,22,22,180
ST1,20161201,0.029,0.03,0.029,0.03,105884
STA,20161201,0.007,0.007,0.007,0.007,250110
STL,20161201,0.034,0.036,0.034,0.034,995108
STO,20161201,4.3,4.45,4.29,4.39,30831308
STW,20161201,51.54,51.8,51.38,51.8,183287
STX,20161201,0.076,0.08,0.076,0.076,322375
SUD,20161201,0.021,0.021,0.02,0.02,2260256
SUL,20161201,9.64,9.86,9.55,9.81,1080956
SUM,20161201,0.029,0.029,0.027,0.027,300000
SUN,20161201,12.62,12.85,12.52,12.85,3720359
SUR,20161201,0.01,0.01,0.009,0.01,534127
SVL,20161201,0.185,0.19,0.175,0.175,593565
SVM,20161201,0.115,0.115,0.115,0.115,100000
SVW,20161201,8.6,8.78,8.6,8.71,426377
SVY,20161201,0.19,0.195,0.185,0.185,301764
SW1,20161201,0.235,0.24,0.235,0.24,112710
SWK,20161201,0.265,0.27,0.265,0.265,311760
SWL,20161201,0.835,0.855,0.83,0.83,44001
SWM,20161201,0.685,0.725,0.68,0.725,5883665
SXA,20161201,0.075,0.075,0.075,0.075,20000
SXE,20161201,0.505,0.545,0.505,0.545,172629
SXL,20161201,1.325,1.432,1.32,1.42,3711871
SXX,20161201,0.007,0.007,0.007,0.007,2812524
SXY,20161201,0.26,0.262,0.255,0.26,6275034
SYA,20161201,0.025,0.028,0.024,0.028,1704863
SYD,20161201,6.25,6.25,6.05,6.14,8882793
SYI,20161201,28.02,28.2,28.02,28.2,2825
SYR,20161201,2.8,2.84,2.73,2.76,2156769
SYT,20161201,0.035,0.036,0.035,0.035,2403939
T3D,20161201,0.028,0.03,0.022,0.022,16389405
TAH,20161201,4.69,4.73,4.635,4.73,3352900
TAM,20161201,0.071,0.076,0.071,0.076,100000
TAP,20161201,0.085,0.088,0.085,0.088,261610
TAR,20161201,0.032,0.032,0.032,0.032,100000
TAS,20161201,0.185,0.185,0.185,0.185,99016
TAW,20161201,0.1,0.11,0.1,0.11,1863855
TBH,20161201,0.22,0.275,0.21,0.27,11740186
TBR,20161201,5.9,6,5.79,5.9,10662
TCH,20161201,1.895,1.925,1.88,1.92,47708
TCL,20161201,10.43,10.45,10.1,10.13,10129362
TCN,20161201,0.072,0.072,0.072,0.072,139838
TDL,20161201,0.195,0.195,0.195,0.195,2082
TEG,20161201,0.002,0.002,0.002,0.002,5165025
TEN,20161201,1.01,1.03,1.01,1.03,177123
TER,20161201,0.035,0.036,0.035,0.036,4443392
TFC,20161201,1.525,1.602,1.515,1.57,1296054
TFL,20161201,0.24,0.24,0.24,0.24,25000
TGA,20161201,1.7,1.775,1.695,1.715,972055
TGG,20161201,1.19,1.19,1.175,1.175,14329
TGH,20161201,1.4,1.44,1.4,1.435,5496
TGN,20161201,0.039,0.039,0.039,0.039,12500
TGP,20161201,0.895,0.9,0.89,0.89,81987
TGR,20161201,3.82,3.9,3.805,3.9,731862
TGS,20161201,0.037,0.037,0.036,0.036,2078990
TGZ,20161201,0.84,0.84,0.83,0.84,27615
THX,20161201,0.05,0.05,0.05,0.05,162465
TIL,20161201,3.19,3.19,3.19,3.19,6450
TIX,20161201,2.45,2.52,2.42,2.52,725071
TKF,20161201,0.053,0.054,0.053,0.054,30148
TLG,20161201,0.275,0.28,0.275,0.275,270245
TLM,20161201,0.39,0.4,0.39,0.4,55000
TLS,20161201,5.06,5.06,4.975,5,49101203
TME,20161201,4.61,4.72,4.61,4.67,989306
TMM,20161201,1.645,1.645,1.645,1.645,6115
TMP,20161201,0.185,0.185,0.185,0.185,10000
TMX,20161201,0.01,0.013,0.01,0.012,23955240
TMZ,20161201,0.075,0.075,0.075,0.075,18000
TND,20161201,0.049,0.051,0.045,0.045,13054397
TNE,20161201,5.87,5.87,5.765,5.86,555709
TNG,20161201,0.145,0.145,0.14,0.14,2908831
TNK,20161201,2.35,2.35,2.3,2.3,30722
TNT,20161201,0.135,0.135,0.13,0.13,190700
TOE,20161201,0.038,0.038,0.038,0.038,25000
TOF,20161201,2.16,2.18,2.14,2.15,98681
TOP,20161201,0.735,0.74,0.735,0.74,66480
TOU,20161201,0.125,0.125,0.125,0.125,20000
TOX,20161201,2.39,2.46,2.37,2.42,1013006
TPC,20161201,1.2,1.2,1.2,1.2,3050
TPE,20161201,3,3,2.96,3,63455
TPM,20161201,7.2,7.22,7.1,7.18,2949550
TPP,20161201,0.215,0.23,0.215,0.23,41646
TPS,20161201,0.024,0.024,0.024,0.024,1193425
TPW,20161201,0.145,0.145,0.145,0.145,55683
TRL,20161201,0.049,0.05,0.049,0.049,45909
TRS,20161201,8.25,8.33,8.16,8.29,109927
TRY,20161201,0.285,0.29,0.28,0.28,1037663
TSM,20161201,0.345,0.355,0.345,0.355,422493
TSN,20161201,0.029,0.033,0.029,0.031,13427874
TTC,20161201,0.495,0.495,0.49,0.49,46614
TTE,20161201,0.004,0.004,0.003,0.004,43574105
TTL,20161201,0.03,0.03,0.03,0.03,200000
TTS,20161201,4.19,4.22,4.15,4.16,4494564
TUP,20161201,0.078,0.078,0.078,0.078,100000
TWD,20161201,3.57,3.6,3.57,3.6,2220
TWE,20161201,10.77,11.08,10.75,11.06,1900326
TWR,20161201,0.675,0.69,0.675,0.69,18000
TYK,20161201,0.007,0.009,0.007,0.008,11831077
TYX,20161201,0.033,0.033,0.033,0.033,64100
TZL,20161201,0.06,0.06,0.06,0.06,100000
TZN,20161201,0.11,0.11,0.105,0.105,36381
UBE,20161201,17.64,17.64,17.64,17.64,2000
UBI,20161201,0.295,0.33,0.29,0.32,2092054
UBJ,20161201,20.05,20.3,20.05,20.29,10000
UBN,20161201,0.14,0.14,0.14,0.14,6283
UBW,20161201,20.85,20.85,20.85,20.85,100
UCM,20161201,0.22,0.22,0.215,0.22,50507
UCW,20161201,0.04,0.04,0.04,0.04,100000
UGL,20161201,3.15,3.16,3.15,3.15,91648
UIL,20161201,0.044,0.044,0.044,0.044,8807
UMAX,20161201,17.4,17.52,17.4,17.51,3058
UNS,20161201,0.056,0.056,0.055,0.056,340562
UNV,20161201,0.14,0.15,0.14,0.15,70345
UOS,20161201,0.565,0.565,0.565,0.565,10000
UPD,20161201,0.495,0.52,0.49,0.5,213475
URF,20161201,2.02,2.02,2.02,2.02,16181
URI,20161201,1.68,1.68,1.68,1.68,278
USD,20161201,13.19,13.2,13.15,13.15,149548
VAE,20161201,52.24,52.74,52.24,52.74,153
VAF,20161201,48.63,48.67,48.6,48.64,33552
VAH,20161201,0.225,0.225,0.22,0.225,376234
VAN,20161201,0.047,0.047,0.047,0.047,106000
VAP,20161201,76.4,76.67,74.3,74.43,15655
VAR,20161201,0.018,0.018,0.018,0.018,388843
VAS,20161201,69.99,70.27,69.82,70.22,28856
VCF,20161201,50.98,51.1,50.97,51,2308
VCX,20161201,2.91,2.91,2.8,2.84,22825311
VEC,20161201,0.002,0.002,0.002,0.002,1360016
VEE,20161201,0.62,0.62,0.62,0.62,69689
VEQ,20161201,44.84,44.84,44.75,44.75,1146
VEU,20161201,58.83,59.25,58.83,59.11,13289
VGAD,20161201,55.42,55.5,55.14,55.47,14749
VGB,20161201,49.12,49.18,48.87,48.98,2817
VGE,20161201,55.27,55.27,54.94,55.07,2167
VGS,20161201,57.17,57.4,57.12,57.32,14534
VHT,20161201,0.615,0.63,0.615,0.62,243939
VHY,20161201,58.28,58.55,58.07,58.55,8765
VIC,20161201,0.02,0.02,0.019,0.02,1083683
VIF,20161201,51.7,51.9,51.7,51.87,2068
VIT,20161201,2.21,2.22,2.21,2.21,1610032
VKA,20161201,0.023,0.023,0.023,0.023,220000
VLA,20161201,1.14,1.155,1.13,1.15,137922
VLC,20161201,58.81,59.2,58.79,59.2,2811
VLT,20161201,0.033,0.035,0.033,0.035,1105217
VLW,20161201,2.23,2.26,2.22,2.25,145959
VMC,20161201,0.145,0.145,0.13,0.14,137304
VMG,20161201,0.002,0.002,0.002,0.002,3250000
VML,20161201,0.019,0.019,0.017,0.017,1879697
VMS,20161201,0.033,0.033,0.033,0.033,3000
VMT,20161201,0.077,0.077,0.073,0.075,814444
VMY,20161201,0.26,0.26,0.26,0.26,27022
VOC,20161201,4.2,4.24,4.07,4.16,8033029
VPC,20161201,0.018,0.019,0.018,0.019,1107768
VRC,20161201,0.07,0.073,0.07,0.073,1659100
VRI,20161201,0.073,0.081,0.07,0.081,2584886
VRL,20161201,4.45,4.45,4.36,4.38,198212
VRS,20161201,0.255,0.265,0.255,0.255,82004
VRT,20161201,5.76,5.91,5.75,5.91,950191
VRX,20161201,0.023,0.023,0.02,0.02,555305
VSC,20161201,1.26,1.26,1.25,1.25,6568
VSO,20161201,48.01,49,47.9,49,1377
VTG,20161201,2.88,2.92,2.81,2.82,805029
VTS,20161201,153.01,154.08,153.01,153.72,7775
VVR,20161201,2.2,2.21,2.11,2.18,3174700
VXR,20161201,0.008,0.008,0.008,0.008,450000
WAA,20161201,1.135,1.135,1.135,1.135,5335
WAF,20161201,0.24,0.245,0.24,0.24,564335
WAM,20161201,2.36,2.38,2.34,2.37,691721
WAT,20161201,1.5,1.5,1.5,1.5,10000
WAX,20161201,1.54,1.565,1.535,1.54,163110
WBA,20161201,1.37,1.38,1.34,1.35,131022
WBC,20161201,31.66,31.8,31.43,31.65,7448579
WBT,20161201,0.034,0.037,0.034,0.035,1530951
WCN,20161201,0.007,0.007,0.007,0.007,550000
WCP,20161201,0.079,0.079,0.078,0.078,57000
WDE,20161201,0.775,0.775,0.775,0.775,47700
WDIV,20161201,17.51,17.53,17.5,17.51,13022
WEB,20161201,10.09,10.7,10.07,10.65,557706
WEC,20161201,0.065,0.068,0.065,0.068,32000
WEL,20161201,0.079,0.079,0.079,0.079,100000
WEMG,20161201,16.99,16.99,16.99,16.99,1575
WES,20161201,41.86,41.92,41.12,41.51,3412343
WFD,20161201,9.07,9.07,8.82,8.85,10269339
WFE,20161201,0.003,0.003,0.003,0.003,1000000
WHC,20161201,2.83,2.9,2.77,2.89,7408528
WHF,20161201,4.27,4.27,4.23,4.23,3483
WIC,20161201,0.965,0.97,0.965,0.97,37625
WLC,20161201,0.008,0.008,0.008,0.008,800000
WLD,20161201,0.205,0.215,0.205,0.215,100907
WLE,20161201,1.125,1.135,1.12,1.13,294193
WLL,20161201,5.43,5.43,5.43,5.43,8000
WMK,20161201,1.04,1.045,1.04,1.045,66500
WNR,20161201,0.33,0.33,0.325,0.33,161866
WOF,20161201,0.019,0.019,0.019,0.019,47552
WOR,20161201,9.51,9.65,9.28,9.51,7338169
WOW,20161201,22.8,23.16,22.67,23.14,3663849
WPG,20161201,0.075,0.075,0.074,0.075,528479
WPL,20161201,31.15,31.62,31.15,31.54,5734974
WPP,20161201,0.96,0.972,0.935,0.97,618653
WRLD,20161201,10.15,10.16,10.14,10.14,9159
WSA,20161201,3.06,3.19,3.04,3.1,3855532
WSI,20161201,0.027,0.027,0.027,0.027,30000
WTC,20161201,5.8,5.8,5.68,5.75,127093
WTP,20161201,0.88,0.9,0.87,0.9,62487
WTR,20161201,0.055,0.055,0.055,0.055,8000
WWI,20161201,0.025,0.025,0.023,0.023,700000
WXHG,20161201,18.6,18.71,18.6,18.71,3594
WXOZ,20161201,24.16,24.27,24.16,24.24,5471
XAM,20161201,0.18,0.19,0.18,0.19,17523
XF1,20161201,0.43,0.43,0.43,0.43,7373
XIP,20161201,2.67,2.68,2.63,2.68,25461
XPD,20161201,0.1,0.1,0.1,0.1,136399
XPE,20161201,0.033,0.034,0.031,0.031,10599373
XRO,20161201,17,17.29,16.98,17,24966
XST,20161201,0.017,0.017,0.015,0.015,443854
XTD,20161201,0.135,0.135,0.135,0.135,4260
XTE,20161201,0.34,0.34,0.34,0.34,5500
YAL,20161201,0.4,0.4,0.39,0.39,59678
YMAX,20161201,9.07,9.17,9.07,9.15,45509
YNB,20161201,0.076,0.08,0.075,0.078,394908
YOW,20161201,0.55,0.555,0.55,0.555,124609
YPB,20161201,0.15,0.155,0.15,0.155,352483
ZEL,20161201,6.79,6.79,6.79,6.79,100
ZEU,20161201,0.015,0.015,0.015,0.015,86318
ZGOL,20161201,15.82,15.82,15.7,15.74,1619
ZIP,20161201,0.12,0.12,0.11,0.115,99949
ZLD,20161201,0.032,0.033,0.03,0.03,6258243
ZMI,20161201,0.012,0.012,0.012,0.012,304000
ZML,20161201,0.805,0.84,0.805,0.84,4705
ZOZI,20161201,10.18,10.18,10.18,10.18,0
ZUSD,20161201,10.34,10.34,10.32,10.33,5147
ZYB,20161201,0.007,0.008,0.007,0.007,9745303
ZYUS,20161201,12.58,12.58,12.57,12.57,4302
XAF,20161201,5379.8,5435.6,5379.8,5435.6,0
XAO,20161201,5502.4,5560.4,5502.4,5560.4,0
XAT,20161201,5384.5,5443.6,5384.5,5443.6,0
XDJ,20161201,2070.8,2097.5,2069.7,2097.5,0
XEC,20161201,1313.8,1319.9,1306.6,1309.9,0
XEJ,20161201,8523.7,9157.5,8523.7,9137.9,0
XFJ,20161201,6215.2,6296.1,6215.2,6295.1,0
XFL,20161201,5431.9,5488.9,5431.9,5488.9,0
XGD,20161201,3951.5,3951.5,3804.3,3815.1,0
XHJ,20161201,19609.7,19780.1,19609.7,19763.7,0
XIJ,20161201,782,786.6,778.9,785.1,0
XJO,20161201,5440.5,5500.2,5440.5,5500.2,0
XJR,20161201,3230.1,3368.6,3230.1,3368.1,0
XKO,20161201,5396.3,5454.1,5396.3,5454.1,0
XMD,20161201,5582.1,5669.6,5582.1,5669.6,0
XMJ,20161201,9404.8,9675.6,9404.8,9675.6,0
XMM,20161201,2852.4,2943.6,2852.4,2943.6,0
XNJ,20161201,5106.7,5118.3,5037.7,5068,0
XPJ,20161201,1326.4,1326.4,1287.9,1294,0
XSJ,20161201,8713.2,8743.4,8629.6,8740.2,0
XSO,20161201,2306.9,2322,2304.7,2322,0
XTJ,20161201,1775.1,1778.9,1750.5,1758.8,0
XTL,20161201,3153.3,3188.7,3153.3,3188.7,0
XTO,20161201,4506.7,4557.1,4506.7,4557.1,0
XUJ,20161201,7345.7,7345.7,7178.9,7313.1,0
XXJ,20161201,6932,7022.2,6932,7021.1,0
