1AG,20160606,0.06,0.063,0.055,0.06,537850
1AL,20160606,0.99,0.99,0.99,0.99,5000
1PG,20160606,0.5,0.51,0.455,0.475,1624794
1ST,20160606,0.053,0.053,0.052,0.052,153608
3PL,20160606,0.69,0.745,0.68,0.73,1027460
4DS,20160606,0.022,0.022,0.022,0.022,735000
88E,20160606,0.036,0.036,0.035,0.035,6460167
8CO,20160606,0.18,0.185,0.18,0.185,4000
8EC,20160606,0.98,0.98,0.98,0.98,3905
8IH,20160606,0.83,0.83,0.8,0.8,103900
A2M,20160606,1.435,1.435,1.365,1.375,5133460
AAA,20160606,50.1,50.1,50.09,50.09,54867
AAC,20160606,1.88,1.93,1.85,1.93,2307019
AAD,20160606,2.25,2.26,2.23,2.24,491161
AAL,20160606,0.005,0.005,0.005,0.005,7276
AAX,20160606,0.34,0.345,0.34,0.34,64296
AB1,20160606,0.21,0.215,0.205,0.21,139251
ABA,20160606,5.07,5.08,5.07,5.08,2592
ABC,20160606,5.47,5.535,5.44,5.51,915864
ABP,20160606,3.26,3.3,3.25,3.29,349587
ABT,20160606,0.8,0.8,0.76,0.76,34512
ABU,20160606,0.064,0.067,0.064,0.065,1326992
ABV,20160606,0.008,0.008,0.008,0.008,185000
ABX,20160606,0.145,0.15,0.145,0.15,367424
ABY,20160606,0.295,0.325,0.295,0.32,125791
ACB,20160606,0.03,0.032,0.027,0.03,1402001
ACG,20160606,0.135,0.14,0.135,0.14,289575
ACL,20160606,0.01,0.01,0.01,0.01,10000
ACQ,20160606,0.9,0.9,0.89,0.89,28894
ACR,20160606,0.735,0.76,0.735,0.755,228391
ACU,20160606,0.037,0.037,0.037,0.037,18106
ACW,20160606,0.088,0.088,0.084,0.085,1014658
ACX,20160606,6.34,6.38,6.3,6.34,161910
ADA,20160606,2.59,2.6,2.53,2.55,132884
ADD,20160606,0.035,0.035,0.035,0.035,14573
ADH,20160606,2.42,2.5,2.42,2.5,248475
ADJ,20160606,0.125,0.125,0.125,0.125,1396774
ADN,20160606,0.02,0.022,0.02,0.021,904741
ADO,20160606,0.046,0.047,0.044,0.044,2280037
ADR,20160606,0.49,0.49,0.49,0.49,5021
ADV,20160606,0.037,0.037,0.034,0.035,6939789
ADY,20160606,0.012,0.012,0.01,0.01,79800
AEB,20160606,0.055,0.055,0.052,0.052,155600
AEE,20160606,0.014,0.014,0.014,0.014,1316667
AEF,20160606,83,83,82.5,82.5,42
AEG,20160606,1.17,1.175,1.17,1.17,35739
AEI,20160606,0.425,0.425,0.425,0.425,99484
AER,20160606,0.12,0.12,0.12,0.12,2500
AEV,20160606,0.23,0.23,0.22,0.225,187481
AFG,20160606,1.03,1.05,1.03,1.03,52285
AFI,20160606,5.66,5.67,5.62,5.62,405249
AFR,20160606,0.052,0.052,0.052,0.052,33075
AFY,20160606,1.4,1.42,1.395,1.415,74562
AGD,20160606,0.18,0.18,0.18,0.18,4125
AGF,20160606,0.83,0.84,0.83,0.83,192677
AGG,20160606,4.1,4.39,4.1,4.3,12288
AGI,20160606,2.35,2.4,2.33,2.4,259977
AGL,20160606,18.7,19,18.5,18.92,2297903
AGO,20160606,0.013,0.014,0.013,0.013,15503755
AGR,20160606,0.105,0.13,0.105,0.125,1336000
AGS,20160606,0.04,0.041,0.04,0.04,522095
AGX,20160606,0.01,0.01,0.01,0.01,447105
AGY,20160606,0.038,0.042,0.038,0.041,7871136
AHF,20160606,0.185,0.2,0.185,0.19,740433
AHG,20160606,3.83,3.85,3.8,3.82,552081
AHY,20160606,2.05,2.07,2.04,2.07,377333
AHZ,20160606,0.395,0.395,0.38,0.38,314429
AIA,20160606,5.91,5.97,5.85,5.94,59183
AIK,20160606,0.115,0.115,0.115,0.115,20000
AIO,20160606,8.87,8.89,8.86,8.86,976631
AIR,20160606,0.05,0.075,0.05,0.075,25511
AIS,20160606,0.038,0.038,0.038,0.038,27209
AIY,20160606,0.03,0.03,0.03,0.03,50000
AIZ,20160606,2.12,2.12,2.07,2.1,16141
AJA,20160606,6.97,7.04,6.92,7.02,43427
AJC,20160606,0.003,0.003,0.003,0.003,1114011
AJD,20160606,1.42,1.425,1.415,1.415,11388
AJL,20160606,0.18,0.18,0.18,0.18,53500
AJQ,20160606,0.068,0.07,0.068,0.07,87086
AJX,20160606,0.81,0.835,0.79,0.805,715946
AKG,20160606,0.23,0.23,0.23,0.23,1500
AKK,20160606,0.008,0.008,0.008,0.008,17025302
AKP,20160606,20,20.45,19.5,20,28958
ALA,20160606,0.1,0.12,0.1,0.12,219668
ALC,20160606,0.05,0.05,0.045,0.047,2121012
ALF,20160606,1.41,1.415,1.405,1.415,200767
ALI,20160606,1.92,1.965,1.9,1.9,51152
ALK,20160606,0.2,0.202,0.195,0.195,2541220
ALL,20160606,13.22,13.24,13.02,13.1,1994616
ALQ,20160606,5.05,5.18,4.9,5.13,3168901
ALT,20160606,0.008,0.009,0.008,0.008,1956005
ALU,20160606,6.43,6.43,6.31,6.37,281177
ALY,20160606,0.014,0.014,0.014,0.014,632779
AMA,20160606,0.92,0.92,0.9,0.9,507383
AMC,20160606,16.17,16.21,16.05,16.13,2571790
AMH,20160606,0.94,0.94,0.93,0.94,229800
AMI,20160606,0.145,0.15,0.135,0.14,771139
AML,20160606,0.084,0.085,0.084,0.085,481658
AMP,20160606,5.52,5.555,5.49,5.52,5240068
ANG,20160606,0.105,0.105,0.097,0.105,591588
ANN,20160606,19.13,19.17,19.04,19.1,360805
ANP,20160606,0.039,0.039,0.036,0.036,27450
ANQ,20160606,0.002,0.002,0.002,0.002,766666
ANR,20160606,1.2,1.2,1.2,1.2,1226
ANZ,20160606,24.99,25.12,24.85,24.96,7951362
AOG,20160606,3.33,3.345,3.31,3.33,691381
AOH,20160606,0.125,0.125,0.122,0.125,1231361
AOK,20160606,0.059,0.059,0.058,0.058,8857
AOP,20160606,0.084,0.084,0.083,0.083,100000
AOW,20160606,0.185,0.185,0.185,0.185,107000
APA,20160606,8.71,8.77,8.67,8.72,2486050
APD,20160606,0.435,0.445,0.435,0.445,153076
APE,20160606,11.73,11.73,11.46,11.58,31141
APG,20160606,0.003,0.003,0.003,0.003,20000
API,20160606,1.75,1.785,1.74,1.74,1213849
APN,20160606,0.68,0.685,0.667,0.675,2902105
APO,20160606,7.2,7.26,7.1,7.11,619061
APX,20160606,2.32,2.39,2.32,2.34,187237
APY,20160606,0.011,0.011,0.011,0.011,1876375
APZ,20160606,1.17,1.18,1.17,1.18,282438
AQC,20160606,0.017,0.018,0.017,0.018,523747
AQD,20160606,0.015,0.015,0.015,0.015,745328
AQF,20160606,1.78,1.78,1.78,1.78,19597
AQG,20160606,3.18,3.26,3.18,3.23,404065
AQI,20160606,0.13,0.13,0.125,0.125,62000
AQQ,20160606,0.026,0.026,0.026,0.026,74001
AQX,20160606,0.035,0.035,0.035,0.035,100000
ARA,20160606,0.35,0.355,0.35,0.355,29000
ARB,20160606,16.7,16.7,16.33,16.56,81972
ARD,20160606,0.03,0.031,0.03,0.031,1045653
ARE,20160606,0.017,0.017,0.016,0.016,7517443
ARF,20160606,1.96,2,1.96,1.98,138920
ARG,20160606,7.25,7.28,7.24,7.25,154779
ARM,20160606,0.049,0.05,0.049,0.049,76268
ARO,20160606,0.01,0.01,0.01,0.01,10000
ARU,20160606,0.05,0.052,0.049,0.049,318544
ASB,20160606,1.32,1.327,1.3,1.3,594795
ASH,20160606,0.21,0.225,0.21,0.225,256505
ASL,20160606,0.7,0.75,0.695,0.745,3122236
AST,20160606,1.525,1.57,1.525,1.555,4488433
ASX,20160606,45.94,45.94,45.14,45.52,522509
ASZ,20160606,1.035,1.07,0.99,0.99,244087
ATA,20160606,0.038,0.038,0.038,0.038,3200
ATC,20160606,0.165,0.2,0.16,0.175,3966885
ATP,20160606,0.029,0.029,0.029,0.029,15550
ATU,20160606,0.55,0.55,0.55,0.55,5000
AUB,20160606,9.74,9.74,9.33,9.67,19981
AUC,20160606,0.051,0.055,0.051,0.055,278000
AUF,20160606,1.32,1.32,1.32,1.32,400
AUI,20160606,7.18,7.3,7.18,7.3,27943
AUQ,20160606,0.028,0.028,0.027,0.027,807363
AUST,20160606,15.2,15.22,15.2,15.22,2826
AUZ,20160606,0.016,0.016,0.015,0.016,8856637
AVB,20160606,0.057,0.057,0.056,0.056,1156493
AVD,20160606,0.022,0.022,0.022,0.022,50000
AVG,20160606,0.635,0.66,0.62,0.65,324295
AVH,20160606,0.11,0.11,0.11,0.11,5175341
AVJ,20160606,0.54,0.555,0.54,0.54,197787
AVL,20160606,0.011,0.012,0.01,0.011,7618207
AVN,20160606,2.27,2.28,2.24,2.27,355506
AVQ,20160606,0.15,0.155,0.15,0.15,356582
AVX,20160606,0.018,0.018,0.017,0.017,164522
AVZ,20160606,0.011,0.011,0.011,0.011,1338334
AWC,20160606,1.36,1.46,1.355,1.455,18813147
AWE,20160606,0.91,0.915,0.865,0.885,2311123
AWN,20160606,0.48,0.48,0.48,0.48,19306
AWV,20160606,0.13,0.13,0.125,0.13,4595765
AXE,20160606,0.094,0.095,0.09,0.09,258130
AYC,20160606,0.024,0.026,0.024,0.026,134334
AYJ,20160606,71.55,71.55,71.55,71.55,15
AYR,20160606,0.011,0.011,0.011,0.011,423839
AYS,20160606,1.84,1.86,1.8,1.8,108598
AZJ,20160606,4.62,4.63,4.57,4.59,5105567
AZM,20160606,0.053,0.055,0.053,0.054,527106
AZS,20160606,0.038,0.039,0.038,0.038,2365677
AZV,20160606,0.047,0.047,0.045,0.045,364633
AZY,20160606,0.036,0.037,0.036,0.037,4042160
BAF,20160606,1.165,1.21,1.165,1.2,214551
BAL,20160606,10.99,11,10.89,10.97,308842
BAP,20160606,5.35,5.35,5.22,5.32,515477
BAR,20160606,0.062,0.064,0.06,0.061,1632964
BAU,20160606,0.11,0.11,0.11,0.11,90909
BBG,20160606,1.44,1.452,1.417,1.45,173631
BBN,20160606,2.4,2.41,2.35,2.37,21684
BBOZ,20160606,23.69,23.83,23.08,23.26,73224
BBR,20160606,0.072,0.072,0.072,0.072,217580
BBUS,20160606,10.85,10.86,10.82,10.84,41379
BCI,20160606,0.13,0.14,0.13,0.13,481885
BCK,20160606,0.014,0.014,0.014,0.014,400
BCN,20160606,0.004,0.004,0.004,0.004,140000
BCT,20160606,0.022,0.022,0.022,0.022,490000
BDI,20160606,0.001,0.001,0.001,0.001,750000
BDR,20160606,0.315,0.33,0.315,0.325,8917197
BEAR,20160606,17.05,17.07,16.84,16.91,23236
BEL,20160606,0.14,0.14,0.14,0.14,5260
BEN,20160606,9.3,9.42,9.2,9.39,1339477
BFC,20160606,0.425,0.43,0.405,0.41,189739
BFG,20160606,0.565,0.565,0.54,0.54,185465
BGA,20160606,5.97,6.02,5.97,6,280446
BGD,20160606,0.036,0.038,0.036,0.037,747103
BGH,20160606,0.022,0.026,0.022,0.026,1703246
BGL,20160606,0.62,0.63,0.612,0.62,250362
BGS,20160606,0.3,0.315,0.29,0.29,916068
BHP,20160606,19.02,19.38,18.93,19.22,10845403
BIG,20160606,0.135,0.135,0.13,0.13,85000
BIS,20160606,0.375,0.38,0.375,0.38,10000
BIT,20160606,0.068,0.068,0.065,0.065,193845
BKI,20160606,1.56,1.575,1.55,1.56,189106
BKL,20160606,149,152.51,147.07,152.03,104223
BKN,20160606,1.35,1.35,1.235,1.25,646757
BKT,20160606,0.055,0.055,0.05,0.051,1069397
BKW,20160606,14.55,14.63,14.44,14.61,91241
BKY,20160606,0.645,0.66,0.63,0.65,156904
BLA,20160606,8.2,8.3,8.06,8.19,59164
BLD,20160606,6.56,6.63,6.505,6.6,2921787
BLG,20160606,0.215,0.215,0.19,0.19,73944
BLK,20160606,0.48,0.49,0.48,0.48,1384419
BLT,20160606,0.097,0.1,0.096,0.097,83406
BLX,20160606,1.315,1.33,1.3,1.315,169011
BLY,20160606,0.096,0.099,0.095,0.095,292713
BLZ,20160606,0.052,0.052,0.05,0.05,180000
BMN,20160606,0.028,0.028,0.027,0.027,146000
BMP,20160606,0.48,0.48,0.425,0.425,40500
BNO,20160606,0.3,0.33,0.3,0.33,520755
BNR,20160606,0.07,0.07,0.07,0.07,370647
BOC,20160606,0.245,0.25,0.245,0.25,16500
BOE,20160606,0.046,0.046,0.046,0.046,10891
BOL,20160606,0.082,0.092,0.082,0.092,1543259
BOND,20160606,26.54,26.54,26.54,26.54,0
BOQ,20160606,11,11,10.88,10.97,1208351
BPA,20160606,6,6,6,6,18
BPF,20160606,0.42,0.435,0.42,0.435,109085
BPL,20160606,0.092,0.099,0.092,0.099,162108
BPS,20160606,1,1.04,1,1.035,177586
BPT,20160606,0.67,0.675,0.655,0.675,5792977
BRB,20160606,0.155,0.155,0.155,0.155,149103
BRG,20160606,7.62,7.645,7.34,7.54,157325
BRK,20160606,0.01,0.01,0.01,0.01,60000
BRL,20160606,0.013,0.013,0.013,0.013,2015148
BRN,20160606,0.16,0.16,0.15,0.15,664309
BRU,20160606,0.245,0.26,0.245,0.25,846695
BSA,20160606,0.235,0.245,0.235,0.245,83264
BSE,20160606,0.11,0.11,0.1,0.1,87000
BSL,20160606,6.32,6.595,6.3,6.47,3441687
BSM,20160606,0.018,0.018,0.015,0.017,1434616
BSP,20160606,0.005,0.005,0.005,0.005,4895139
BSR,20160606,0.028,0.029,0.028,0.029,3105356
BST,20160606,0.93,0.94,0.93,0.94,61445
BTI,20160606,1.18,1.18,1.16,1.16,38743
BTT,20160606,9.5,9.51,9.36,9.41,388999
BUD,20160606,0.115,0.115,0.115,0.115,571233
BUG,20160606,0.35,0.36,0.345,0.345,58857
BUL,20160606,0.029,0.029,0.027,0.027,885774
BUX,20160606,0.1,0.1,0.097,0.097,364055
BWP,20160606,3.6,3.64,3.59,3.63,987031
BWR,20160606,1.46,1.47,1.4,1.4,43015
BWX,20160606,4.84,5.05,4.82,4.9,563595
BXB,20160606,12.84,12.86,12.72,12.77,2518126
BXN,20160606,0.023,0.023,0.023,0.023,100000
BYL,20160606,0.125,0.125,0.125,0.125,196907
BYR,20160606,0.026,0.027,0.026,0.027,2688123
CAA,20160606,0.12,0.125,0.12,0.12,940418
CAB,20160606,3.28,3.305,3.2,3.22,73705
CAD,20160606,0.004,0.004,0.003,0.003,6850733
CAJ,20160606,0.19,0.19,0.18,0.18,2672114
CAM,20160606,0.785,0.785,0.78,0.78,268885
CAP,20160606,0.067,0.067,0.067,0.067,20000
CAR,20160606,12.66,12.74,12.59,12.7,448979
CAS,20160606,0.13,0.13,0.125,0.13,192000
CAT,20160606,2.78,2.79,2.75,2.79,55036
CAV,20160606,0.016,0.016,0.015,0.015,2685533
CAY,20160606,0.115,0.125,0.115,0.125,320252
CAZ,20160606,0.072,0.074,0.069,0.072,632000
CBA,20160606,75.73,76.74,75.44,76.6,1807334
CBL,20160606,2.47,2.5,2.44,2.45,5265
CBS,20160606,0.032,0.032,0.03,0.03,120000
CCL,20160606,8.65,8.78,8.63,8.75,1250790
CCP,20160606,12.2,12.29,12.05,12.19,92750
CCV,20160606,0.4,0.4,0.39,0.39,181155
CDA,20160606,1.04,1.05,1.04,1.04,86825
CDC,20160606,0.205,0.21,0.205,0.205,65327
CDD,20160606,0.745,0.745,0.54,0.575,2004617
CDG,20160606,0.068,0.074,0.068,0.073,951195
CDM,20160606,1.28,1.28,1.275,1.28,223667
CDP,20160606,8.64,8.71,8.64,8.69,6137
CDU,20160606,0.655,0.66,0.605,0.61,603900
CDV,20160606,0.21,0.21,0.205,0.21,955578
CDY,20160606,0.026,0.027,0.026,0.026,944761
CEL,20160606,0.029,0.031,0.029,0.031,478695
CEN,20160606,5.1,5.1,5.1,5.1,654
CETF,20160606,51.84,51.84,51.84,51.84,500
CFE,20160606,0.024,0.025,0.022,0.023,1754483
CGC,20160606,3.12,3.13,3.09,3.11,323067
CGF,20160606,9.35,9.39,9.26,9.32,1471525
CGL,20160606,4.76,4.86,4.75,4.85,66896
CGN,20160606,0.065,0.07,0.065,0.069,234595
CGR,20160606,0.18,0.18,0.18,0.18,73852
CGS,20160606,0.78,0.795,0.78,0.795,19179
CGW,20160606,0.575,0.575,0.57,0.575,258371
CHC,20160606,5.24,5.28,5.2,5.22,1283416
CHF,20160606,0.013,0.013,0.013,0.013,46000
CHK,20160606,0.024,0.028,0.024,0.026,11488614
CHN,20160606,0.15,0.155,0.15,0.155,437927
CHP,20160606,0.004,0.004,0.004,0.004,12350000
CHR,20160606,3.26,3.26,3.26,3.26,1800
CIE,20160606,0.935,0.935,0.935,0.935,31500
CII,20160606,2.2,2.25,2.2,2.25,22000
CIM,20160606,37.7,38.53,37.7,37.94,545309
CIN,20160606,31.65,31.75,31.6,31.75,3876
CIZ,20160606,0.021,0.021,0.02,0.02,561772
CJC,20160606,0.004,0.004,0.004,0.004,313250
CKF,20160606,5.08,5.09,4.97,4.98,218711
CL1,20160606,2.95,2.99,2.93,2.94,101691
CLH,20160606,1.17,1.17,1.125,1.14,489712
CLQ,20160606,0.48,0.49,0.465,0.465,1492879
CLV,20160606,0.39,0.39,0.37,0.38,329811
CLX,20160606,0.78,0.78,0.78,0.78,3698
CM8,20160606,0.19,0.195,0.19,0.19,310336
CMA,20160606,2.18,2.18,2.16,2.16,153998
CMI,20160606,1,1,0.98,0.98,12000
CMM,20160606,0.155,0.155,0.15,0.15,737885
CMW,20160606,1.045,1.05,1.04,1.04,2962293
CMY,20160606,0.007,0.007,0.006,0.007,2111249
CND,20160606,0.19,0.19,0.19,0.19,26229
CNI,20160606,1.095,1.095,1.045,1.045,27356
CNJ,20160606,0.031,0.031,0.031,0.031,50000
CNU,20160606,3.95,3.98,3.89,3.92,83232
CNW,20160606,0.034,0.034,0.032,0.032,1271715
CNX,20160606,0.009,0.009,0.009,0.009,96616
COE,20160606,0.255,0.255,0.247,0.25,1354036
COH,20160606,121.66,123.07,121,122.79,200365
COI,20160606,0.055,0.055,0.055,0.055,38997
COO,20160606,0.093,0.093,0.093,0.093,17000
COY,20160606,0.012,0.012,0.012,0.012,267888
CPD,20160606,0.06,0.06,0.06,0.06,1649166
CPU,20160606,10.55,10.62,10.45,10.5,1150598
CQC,20160606,0.019,0.019,0.019,0.019,98333
CQR,20160606,4.78,4.85,4.78,4.84,716527
CRB,20160606,0.185,0.2,0.185,0.19,545397
CSE,20160606,0.47,0.5,0.46,0.495,1035634
CSL,20160606,116.21,117.58,115.08,117.26,971821
CSR,20160606,3.35,3.37,3.33,3.35,2006209
CSS,20160606,0.037,0.038,0.037,0.037,849047
CSV,20160606,1.64,1.64,1.57,1.595,137049
CTD,20160606,14.45,14.64,14.42,14.55,213400
CTM,20160606,0.006,0.006,0.006,0.006,403938
CTN,20160606,0.955,0.965,0.95,0.955,251343
CTO,20160606,0.015,0.016,0.015,0.016,205584
CTP,20160606,0.096,0.097,0.094,0.094,468747
CTX,20160606,33.03,33.03,32.1,32.67,1453520
CUL,20160606,0.004,0.004,0.004,0.004,3386262
CUP,20160606,0.765,0.765,0.74,0.74,128087
CUV,20160606,4.52,4.64,4.5,4.64,6953
CV1,20160606,0.2,0.2,0.2,0.2,24999
CVC,20160606,1.73,1.73,1.73,1.73,578
CVN,20160606,0.094,0.095,0.088,0.092,4827420
CVO,20160606,1.44,1.45,1.42,1.445,921629
CVT,20160606,0.255,0.26,0.25,0.255,723743
CVW,20160606,0.94,0.96,0.94,0.96,199996
CWE,20160606,0.034,0.035,0.034,0.034,1216958
CWN,20160606,11.79,11.82,11.68,11.75,1154218
CWP,20160606,4.32,4.335,4.26,4.32,71592
CWY,20160606,0.77,0.79,0.77,0.785,3392732
CXO,20160606,0.027,0.031,0.026,0.027,5490721
CXU,20160606,0.07,0.07,0.07,0.07,23500
CXX,20160606,0.31,0.32,0.31,0.31,154813
CXZ,20160606,0.145,0.145,0.145,0.145,94290
CYA,20160606,0.8,0.8,0.8,0.8,106680
CYB,20160606,5.53,5.54,5.44,5.5,1645765
CYC,20160606,0.71,0.71,0.71,0.71,1304
CYG,20160606,1.055,1.055,1,1.05,51709
CYL,20160606,0.535,0.6,0.535,0.6,119100
CYP,20160606,0.35,0.35,0.35,0.35,231128
CZA,20160606,0.081,0.09,0.081,0.09,19015
CZI,20160606,0.04,0.04,0.038,0.038,339456
CZL,20160606,0.049,0.049,0.045,0.046,3212703
CZZ,20160606,21.2,21.3,20.9,21.1,8024
D13,20160606,0.135,0.135,0.13,0.135,770496
DAF,20160606,0.016,0.016,0.016,0.016,100000
DAU,20160606,0.028,0.028,0.028,0.028,150000
DCC,20160606,0.16,0.16,0.155,0.155,11419
DCG,20160606,0.79,0.79,0.76,0.76,223484
DCN,20160606,2.16,2.23,2.16,2.22,355474
DDR,20160606,1.87,1.885,1.85,1.86,212577
DDT,20160606,0.019,0.019,0.019,0.019,371333
DEG,20160606,0.003,0.003,0.002,0.002,900000
DFM,20160606,2.1,2.1,2.03,2.07,128887
DGO,20160606,0.2,0.2,0.2,0.2,1250
DGR,20160606,0.025,0.025,0.025,0.025,855841
DIG,20160606,0.27,0.27,0.27,0.27,4280
DIV,20160606,19.71,19.71,19.71,19.71,3051
DJRE,20160606,22.36,22.36,22.29,22.31,7316
DJW,20160606,4.08,4.1,4.06,4.06,142846
DKO,20160606,0.14,0.14,0.125,0.125,2228251
DLC,20160606,0.007,0.007,0.007,0.007,4000
DLX,20160606,6.28,6.31,6.25,6.29,716557
DM1,20160606,0.05,0.05,0.046,0.046,160000
DMA,20160606,0.056,0.056,0.056,0.056,8950
DMI,20160606,0.07,0.07,0.07,0.07,8690
DMP,20160606,66.52,67.16,66.17,66.9,360452
DNA,20160606,0.4,0.405,0.385,0.385,318497
DNK,20160606,0.29,0.29,0.29,0.29,69729
DOW,20160606,3.83,3.905,3.82,3.87,1234007
DRA,20160606,0.27,0.275,0.26,0.26,74790
DRG,20160606,0.025,0.025,0.025,0.025,42000
DRM,20160606,0.955,0.98,0.94,0.94,1266615
DRX,20160606,0.012,0.013,0.012,0.013,104000
DSB,20160606,0.09,0.09,0.09,0.09,11250
DTI,20160606,0.42,0.45,0.42,0.435,321744
DTL,20160606,1.105,1.11,1.09,1.11,67720
DUB,20160606,0.54,0.545,0.49,0.525,254823
DUE,20160606,2.34,2.35,2.33,2.35,9422524
DUI,20160606,3.33,3.33,3.29,3.31,62080
DVA,20160606,0.72,0.72,0.7,0.7,71783
DVL,20160606,0.34,0.34,0.34,0.34,2882
DVN,20160606,0.525,0.525,0.52,0.52,23199
DWS,20160606,1.11,1.115,1.1,1.105,197339
DXB,20160606,0.008,0.008,0.008,0.008,4504322
DXF,20160606,0.8,0.8,0.8,0.8,2000
DXS,20160606,8.69,8.86,8.69,8.86,1833032
DYE,20160606,0.235,0.235,0.23,0.235,246685
EAI,20160606,0.77,0.77,0.77,0.77,30000
EAL,20160606,0.065,0.07,0.065,0.07,50734
EAR,20160606,0.2,0.2,0.175,0.19,678457
EAS,20160606,1.38,1.4,1.38,1.4,10100
EBO,20160606,15.1,15.1,15.1,15.1,9255
ECO,20160606,0.004,0.004,0.004,0.004,3160000
ECX,20160606,3.64,3.68,3.54,3.64,365622
EDE,20160606,0.245,0.245,0.225,0.225,4642979
EEG,20160606,0.018,0.019,0.018,0.018,745851
EEU,20160606,15.15,15.16,15.15,15.16,739
EGG,20160606,1.18,1.19,1.17,1.19,81522
EGH,20160606,0.75,0.75,0.735,0.735,87989
EGI,20160606,0.96,0.97,0.92,0.92,307759
EGN,20160606,0.092,0.092,0.092,0.092,100000
EGO,20160606,0.3,0.33,0.3,0.3,239026
EGS,20160606,0.42,0.47,0.42,0.45,2032552
EHE,20160606,5.4,5.4,5.255,5.28,1317919
EHL,20160606,0.033,0.033,0.031,0.031,603747
ELD,20160606,3.84,3.87,3.81,3.86,50106
ELK,20160606,0.085,0.09,0.084,0.09,275000
ELM,20160606,0.165,0.175,0.16,0.16,66548
ELT,20160606,0.007,0.007,0.007,0.007,1633
ELX,20160606,1.015,1.06,0.98,0.98,266917
EMC,20160606,0.855,0.86,0.77,0.81,897888
EMH,20160606,0.37,0.375,0.365,0.37,70661
EML,20160606,1.45,1.46,1.41,1.45,1584457
EMR,20160606,0.046,0.047,0.042,0.043,3418046
EMU,20160606,0.075,0.075,0.075,0.075,31542
EMX,20160606,0.049,0.052,0.048,0.051,4479699
ENN,20160606,1.9,1.92,1.9,1.92,93771
ENR,20160606,0.14,0.14,0.14,0.14,45216
ENT,20160606,0.014,0.015,0.014,0.015,134000
ENZ,20160606,0.205,0.205,0.2,0.2,28100
EOS,20160606,1.83,2,1.83,2,508322
EPD,20160606,0.395,0.395,0.39,0.395,115692
EPM,20160606,0.009,0.009,0.009,0.009,222222
EPW,20160606,1.445,1.46,1.43,1.45,366166
EQE,20160606,0.009,0.009,0.009,0.009,7500
EQT,20160606,14.76,14.98,14.71,14.94,45564
EQX,20160606,0.345,0.345,0.335,0.345,50500
ERA,20160606,0.35,0.355,0.347,0.355,75816
ERJ,20160606,0.027,0.028,0.027,0.028,206187
ERL,20160606,0.017,0.017,0.016,0.016,123200
ERM,20160606,0.054,0.057,0.053,0.054,4406612
ESI,20160606,0.012,0.013,0.012,0.012,6201016
ESM,20160606,0.013,0.013,0.013,0.013,68181
ESV,20160606,0.097,0.098,0.097,0.098,91064
ETPMAG,20160606,21.5,21.7,21.5,21.6,28137
ETPMPD,20160606,79.13,79.13,79.13,79.13,0
ETPMPM,20160606,120.05,120.05,120.05,120.05,0
ETPMPT,20160606,135.75,135.75,135.75,135.75,0
EVE,20160606,0.008,0.008,0.008,0.008,1496000
EVN,20160606,2.17,2.31,2.17,2.28,14257306
EVO,20160606,0.87,0.87,0.87,0.87,8000
EVT,20160606,15,15,14.79,14.9,33549
EVZ,20160606,0.011,0.011,0.011,0.011,6000
EWC,20160606,0.195,0.195,0.19,0.19,453966
EXC,20160606,0.038,0.038,0.028,0.036,8321145
EXU,20160606,0.067,0.068,0.065,0.068,779933
EYM,20160606,0.002,0.002,0.002,0.002,492525
EZL,20160606,0.75,0.755,0.75,0.755,14613
FAN,20160606,1.98,2.01,1.98,1.99,45607
FAR,20160606,0.08,0.08,0.078,0.079,8542483
FBR,20160606,0.025,0.025,0.025,0.025,1997935
FBU,20160606,8.26,8.29,8.22,8.28,273656
FCR,20160606,0.005,0.006,0.005,0.006,166335
FCT,20160606,0.245,0.245,0.22,0.24,280305
FET,20160606,2.64,2.64,2.62,2.62,207198
FFI,20160606,3.31,3.31,3.29,3.29,11000
FFT,20160606,0.56,0.56,0.56,0.56,3000
FGF,20160606,0.009,0.009,0.009,0.009,95000
FGG,20160606,1.075,1.085,1.06,1.06,206621
FGR,20160606,0.092,0.092,0.09,0.091,476281
FGX,20160606,1.12,1.12,1.115,1.115,144098
FID,20160606,2.33,2.35,2.33,2.35,16621
FLK,20160606,0.88,0.885,0.88,0.88,175000
FLN,20160606,1.46,1.46,1.41,1.42,120714
FLT,20160606,31.3,31.44,30.91,30.91,682471
FMG,20160606,3.14,3.27,3.13,3.21,21288437
FML,20160606,0.45,0.465,0.45,0.45,51064
FMS,20160606,0.025,0.026,0.025,0.025,10519758
FND,20160606,0.16,0.16,0.16,0.16,153226
FNP,20160606,3.9,3.91,3.85,3.86,68036
FOD,20160606,0.2,0.2,0.2,0.2,178000
FPH,20160606,9.95,10.16,9.93,10.07,301295
FRI,20160606,0.85,0.85,0.85,0.85,43798
FRM,20160606,1.99,1.995,1.9,1.995,14218
FRN,20160606,0.021,0.021,0.021,0.021,241700
FRX,20160606,0.145,0.15,0.13,0.13,297393
FSA,20160606,1.02,1.03,1.02,1.03,60281
FSF,20160606,5.38,5.38,5.22,5.3,20018
FTT,20160606,0.036,0.036,0.035,0.035,690385
FTZ,20160606,0.18,0.18,0.18,0.18,30000
FUN,20160606,0.02,0.02,0.019,0.02,714723
FWD,20160606,1.66,1.66,1.63,1.63,46836
FXJ,20160606,0.915,0.937,0.915,0.93,6705770
FXL,20160606,1.94,1.95,1.89,1.915,2753380
FYI,20160606,0.048,0.048,0.048,0.048,3334
G8C,20160606,0.041,0.041,0.04,0.041,818434
GAP,20160606,0.32,0.325,0.32,0.32,801573
GBE,20160606,0.023,0.023,0.021,0.021,670000
GBG,20160606,0.019,0.019,0.018,0.018,6919
GBI,20160606,0.215,0.215,0.21,0.21,128184
GBM,20160606,0.011,0.011,0.011,0.011,125000
GBT,20160606,5.43,5.43,5.2,5.28,60456
GBX,20160606,0.005,0.005,0.004,0.005,1151632
GC1,20160606,0.98,0.99,0.98,0.98,37000
GCN,20160606,0.006,0.006,0.006,0.006,50000
GCR,20160606,0.026,0.026,0.026,0.026,37334
GCY,20160606,0.44,0.46,0.44,0.44,654877
GDF,20160606,0.995,1.01,0.995,1.01,135672
GDI,20160606,0.91,0.915,0.895,0.895,621662
GDX,20160606,34.2,34.6,34.2,34.53,17402
GDY,20160606,0.026,0.027,0.026,0.026,903680
GEAR,20160606,18.63,18.88,18.59,18.84,31664
GED,20160606,0.009,0.009,0.009,0.009,8000
GEG,20160606,1.08,1.15,1.08,1.15,2601850
GEM,20160606,4.12,4.19,4.1,4.13,2149553
GER,20160606,0.07,0.07,0.069,0.069,70290
GFY,20160606,1.095,1.095,1.02,1.05,75865
GGG,20160606,0.028,0.028,0.026,0.027,2649113
GGL,20160606,0.036,0.036,0.035,0.036,276500
GGUS,20160606,9.53,9.53,9.53,9.53,0
GHC,20160606,2.23,2.25,2.21,2.25,21041
GID,20160606,0.03,0.031,0.03,0.031,536667
GJT,20160606,2.55,2.59,2.55,2.57,28922
GLF,20160606,0.01,0.01,0.009,0.009,2578005
GLH,20160606,0.42,0.42,0.42,0.42,10000
GLL,20160606,0.055,0.055,0.055,0.055,2500
GLN,20160606,0.007,0.007,0.007,0.007,397649
GMA,20160606,2.8,2.815,2.68,2.69,1123377
GMC,20160606,0.003,0.003,0.003,0.003,82999
GMD,20160606,0.02,0.02,0.02,0.02,252847
GME,20160606,0.028,0.028,0.028,0.028,100000
GMF,20160606,2.37,2.38,2.365,2.37,186038
GMG,20160606,7.15,7.24,7.135,7.21,6076137
GML,20160606,0.026,0.026,0.026,0.026,36550
GMM,20160606,0.77,0.77,0.74,0.74,697901
GMN,20160606,0.039,0.041,0.039,0.041,20000
GMR,20160606,0.006,0.006,0.005,0.005,12831072
GNC,20160606,8.6,8.83,8.6,8.83,406816
GNE,20160606,1.955,2,1.955,2,7673
GNG,20160606,0.965,0.965,0.95,0.95,59901
GNX,20160606,0.21,0.23,0.21,0.225,252273
GOLD,20160606,162,162,161.04,161.41,8937
GOR,20160606,0.62,0.625,0.6,0.615,2435182
GOVT,20160606,26.51,26.51,26.51,26.51,190
GOZ,20160606,3.23,3.29,3.23,3.28,100996
GPH,20160606,0.105,0.105,0.1,0.105,440434
GPP,20160606,0.006,0.006,0.006,0.006,130000
GPT,20160606,5.37,5.47,5.36,5.45,6543616
GRB,20160606,0.057,0.063,0.056,0.06,237196
GRR,20160606,0.092,0.093,0.091,0.093,474344
GRY,20160606,0.13,0.135,0.125,0.125,1480182
GSC,20160606,0.028,0.033,0.021,0.033,33163656
GSE,20160606,0.051,0.051,0.051,0.051,120
GSS,20160606,0.5,0.505,0.47,0.47,231268
GTG,20160606,0.02,0.02,0.02,0.02,30000
GTK,20160606,2.67,2.72,2.67,2.69,10650
GTN,20160606,2.08,2.08,2,2.04,28754
GTY,20160606,2.84,2.86,2.82,2.84,245118
GUD,20160606,8.76,8.87,8.75,8.81,248260
GUL,20160606,0.018,0.018,0.018,0.018,4000
GVF,20160606,1.035,1.04,1.035,1.04,141487
GWA,20160606,2.3,2.395,2.3,2.35,575859
GWR,20160606,0.044,0.046,0.044,0.046,74515
GXL,20160606,7.9,7.99,7.89,7.98,739601
GXY,20160606,0.48,0.485,0.465,0.47,9553067
GZL,20160606,2.2,2.21,2.2,2.21,7500
HAS,20160606,0.087,0.087,0.087,0.087,12000
HAV,20160606,0.405,0.405,0.38,0.38,187000
HAW,20160606,0.027,0.027,0.027,0.027,261873
HCH,20160606,0.076,0.076,0.071,0.071,76311
HFA,20160606,2.31,2.38,2.29,2.32,132237
HFR,20160606,1.48,1.54,1.475,1.5,1731602
HGG,20160606,5.12,5.19,5.11,5.15,2621894
HGO,20160606,0.026,0.03,0.026,0.03,3871404
HHL,20160606,3.39,3.39,3.38,3.39,8097
HHV,20160606,1.285,1.3,1.27,1.3,321855
HHY,20160606,0.11,0.11,0.105,0.105,92905
HIG,20160606,0.057,0.057,0.057,0.057,30000
HIL,20160606,0.28,0.285,0.26,0.275,766586
HIT,20160606,0.265,0.275,0.265,0.275,6696
HJB,20160606,0.008,0.008,0.008,0.008,1068286
HLO,20160606,3,3,3,3,1440
HLX,20160606,0.09,0.09,0.085,0.087,163565
HMX,20160606,0.078,0.078,0.077,0.077,9000
HNG,20160606,0.42,0.42,0.42,0.42,28429
HNR,20160606,0.015,0.015,0.014,0.015,1083952
HOG,20160606,0.004,0.004,0.004,0.004,30000
HOM,20160606,0.42,0.42,0.42,0.42,15300
HOR,20160606,0.021,0.021,0.021,0.021,270000
HPI,20160606,3.08,3.11,3.07,3.1,91374
HRL,20160606,0.12,0.125,0.12,0.12,108881
HRR,20160606,0.135,0.15,0.135,0.145,3307260
HSN,20160606,3.88,3.88,3.76,3.79,170418
HSO,20160606,2.91,2.95,2.89,2.9,4920937
HTA,20160606,0.079,0.08,0.079,0.08,7369
HUB,20160606,3.8,3.87,3.79,3.79,28696
HUO,20160606,3.2,3.21,3.18,3.2,124735
HVN,20160606,4.32,4.45,4.32,4.41,2719247
HVST,20160606,21.05,21.12,21,21.12,83776
HXG,20160606,0.14,0.15,0.14,0.145,1680129
HZN,20160606,0.058,0.058,0.055,0.056,431260
HZR,20160606,0.46,0.485,0.45,0.485,212275
IAA,20160606,59.88,59.89,59.28,59.36,9818
IAF,20160606,108.7,108.76,108.52,108.73,2864
IAG,20160606,5.69,5.75,5.65,5.72,9231971
IAU,20160606,0.13,0.132,0.13,0.13,307001
IBC,20160606,0.475,0.475,0.475,0.475,95831
IBG,20160606,0.047,0.052,0.047,0.048,6132888
ICG,20160606,0.004,0.004,0.004,0.004,1156666
ICN,20160606,0.032,0.032,0.031,0.031,871534
ICQ,20160606,0.865,0.88,0.86,0.865,71941
ICT,20160606,0.038,0.04,0.038,0.04,277184
IDR,20160606,2.11,2.14,2.11,2.12,62121
IDT,20160606,0.28,0.28,0.28,0.28,33780
IDX,20160606,1.6,1.6,1.555,1.595,24843
IDZ,20160606,0.44,0.44,0.44,0.44,11111
IEL,20160606,4.5,4.55,4.46,4.47,165105
IEM,20160606,46,46.19,45.97,46.1,19172
IEU,20160606,54.44,54.78,54.44,54.61,14814
IFL,20160606,8.18,8.18,8.07,8.1,649729
IFM,20160606,0.6,0.61,0.59,0.595,618537
IFN,20160606,1.09,1.09,1.065,1.08,1222077
IFT,20160606,3.11,3.11,3.11,3.11,3215
IGB,20160606,106.61,106.61,106.6,106.6,183
IGL,20160606,2.24,2.29,2.24,2.25,74001
IGO,20160606,2.8,3.075,2.79,3.02,5647064
IHCB,20160606,105.63,105.63,105.63,105.63,95
IHD,20160606,13.05,13.1,13.02,13.05,129103
IHEB,20160606,106.85,106.85,106.85,106.85,75
IHHY,20160606,103.07,103.07,103,103.05,1412
IHK,20160606,27.22,27.22,27.22,27.22,200
IHOO,20160606,93.94,94.81,93.94,94.81,117
IHVV,20160606,264.3,264.6,264.3,264.51,249
IIL,20160606,0.28,0.28,0.28,0.28,53089
IJH,20160606,215,215,204.25,204.97,1146
IJP,20160606,16,16.16,16,16.1,39481
IJR,20160606,164,164,158.4,158.74,326
IKO,20160606,69.79,69.8,69.6,69.6,1981
IKW,20160606,0.002,0.002,0.002,0.002,70000
ILB,20160606,115.96,116.16,115.95,116.1,755
ILC,20160606,22.34,22.41,22.33,22.33,1730
ILU,20160606,6.16,6.48,6.16,6.4,2738133
IMA,20160606,0.1,0.1,0.088,0.1,433211
IMC,20160606,0.25,0.27,0.25,0.27,120047
IMD,20160606,0.23,0.23,0.225,0.225,28110
IMF,20160606,1.44,1.44,1.415,1.44,296326
IMU,20160606,0.01,0.01,0.01,0.01,3845087
INA,20160606,2.84,2.96,2.84,2.91,340335
IND,20160606,0.012,0.012,0.012,0.012,550000
INK,20160606,0.069,0.069,0.068,0.068,69700
INL,20160606,0.005,0.005,0.005,0.005,38510
INM,20160606,49.84,50.35,49.68,49.86,180099
IOF,20160606,4.24,4.29,4.24,4.29,1297871
IOG,20160606,0.055,0.055,0.052,0.052,188500
IOO,20160606,100.5,100.5,99.5,99.99,13269
IOT,20160606,0.105,0.105,0.087,0.087,13803679
IOZ,20160606,22.4,22.59,22.4,22.57,13110
IPB,20160606,0.012,0.012,0.012,0.012,3076
IPD,20160606,1.01,1.02,0.985,1,615105
IPE,20160606,0.235,0.235,0.235,0.235,67000
IPH,20160606,6.7,6.83,6.65,6.78,629697
IPL,20160606,3.36,3.39,3.31,3.37,5199328
IPT,20160606,0.028,0.028,0.027,0.028,1899249
IQE,20160606,0.35,0.36,0.35,0.36,240000
IRC,20160606,0.105,0.105,0.1,0.105,101170
IRD,20160606,0.095,0.095,0.095,0.095,146875
IRE,20160606,12.2,12.31,12.19,12.24,151022
IRI,20160606,1.98,2.02,1.93,2.02,130115
IRL,20160606,0.003,0.003,0.001,0.002,15018141
IRM,20160606,0.019,0.019,0.019,0.019,463157
IRU,20160606,160,160,157.92,157.92,94
ISD,20160606,3.9,3.91,3.83,3.87,365173
ISO,20160606,4.24,4.24,4.22,4.22,4233
ISU,20160606,1.085,1.1,1.077,1.095,2880270
ISX,20160606,0.24,0.24,0.22,0.225,1579501
ITD,20160606,0.175,0.2,0.175,0.2,18910
ITQ,20160606,5.9,5.9,5.83,5.83,9311
ITW,20160606,18.49,18.65,18.49,18.55,2311
IVC,20160606,12.68,12.84,12.57,12.77,121020
IVE,20160606,80.2,80.45,79.44,80.25,2819
IVO,20160606,0.029,0.03,0.028,0.028,480491
IVQ,20160606,0.09,0.1,0.09,0.1,14674
IVR,20160606,0.034,0.036,0.031,0.033,881667
IVV,20160606,287.76,288.66,287.44,288.59,8100
IVX,20160606,0.005,0.005,0.005,0.005,349245
IWG,20160606,0.065,0.066,0.062,0.064,347018
IXI,20160606,135.95,135.95,134.85,135.54,2052
IXJ,20160606,141.08,141.08,139.4,139.9,1923
IXP,20160606,85.23,85.6,85.2,85.25,503
IXR,20160606,0.003,0.003,0.003,0.003,2000000
IZZ,20160606,46,46,45.89,45.89,946
JAL,20160606,0.032,0.032,0.032,0.032,195000
JBH,20160606,22.41,22.61,22.27,22.58,299006
JCI,20160606,1.02,1.03,1.02,1.03,3000
JCS,20160606,0.009,0.009,0.009,0.009,214721
JHC,20160606,2.48,2.48,2.44,2.48,1491331
JHL,20160606,0.165,0.165,0.155,0.155,165625
JHX,20160606,21.56,21.56,21.21,21.35,924978
JIN,20160606,1.38,1.38,1.32,1.355,30537
JKA,20160606,0.003,0.003,0.003,0.003,1500000
JKL,20160606,0.205,0.205,0.205,0.205,12650
JRL,20160606,0.225,0.225,0.225,0.225,25000
JRV,20160606,0.062,0.082,0.062,0.082,1682121
KAI,20160606,0.069,0.069,0.06,0.063,3154524
KAM,20160606,0.425,0.425,0.425,0.425,1200
KAR,20160606,1.405,1.415,1.37,1.38,463928
KAS,20160606,0.026,0.026,0.026,0.026,6923
KAT,20160606,0.78,0.78,0.78,0.78,5000
KBC,20160606,0.175,0.175,0.175,0.175,150000
KDL,20160606,0.105,0.105,0.105,0.105,3300
KDR,20160606,0.125,0.165,0.125,0.16,26469466
KFE,20160606,0.019,0.031,0.019,0.031,1405000
KGD,20160606,0.03,0.031,0.03,0.031,272700
KGL,20160606,0.145,0.155,0.13,0.15,467767
KGM,20160606,0.028,0.028,0.028,0.028,57251
KII,20160606,2.31,2.31,2.28,2.28,120000
KIN,20160606,0.17,0.175,0.165,0.165,190630
KIS,20160606,0.065,0.065,0.065,0.065,15000
KKL,20160606,0.007,0.007,0.007,0.007,1198187
KMD,20160606,1.365,1.385,1.365,1.38,159975
KNH,20160606,0.15,0.15,0.15,0.15,12000
KNL,20160606,0.265,0.287,0.265,0.275,3017877
KNO,20160606,0.235,0.25,0.235,0.25,45290
KOR,20160606,0.036,0.036,0.034,0.034,605517
KOV,20160606,2.27,2.27,2.27,2.27,8046
KPC,20160606,0.05,0.062,0.05,0.062,20284
KRC,20160606,0.007,0.007,0.006,0.007,366200
KRL,20160606,0.007,0.007,0.007,0.007,460000
KRM,20160606,0.17,0.175,0.165,0.165,856719
KSC,20160606,1.37,1.37,1.36,1.36,26000
KSL,20160606,1.07,1.095,1.06,1.09,185267
KSN,20160606,0.022,0.022,0.022,0.022,19000
KTE,20160606,0.026,0.026,0.026,0.026,10000
LAA,20160606,0.285,0.3,0.285,0.29,546683
LAU,20160606,0.47,0.47,0.46,0.47,366238
LBT,20160606,0.165,0.175,0.165,0.17,173500
LCD,20160606,0.05,0.05,0.05,0.05,357897
LCK,20160606,0.29,0.29,0.255,0.275,297186
LCM,20160606,0.42,0.42,0.41,0.41,232109
LCT,20160606,0.052,0.052,0.049,0.05,1220500
LCY,20160606,0.008,0.008,0.008,0.008,72000
LEG,20160606,0.01,0.01,0.009,0.009,515708
LEP,20160606,4.42,4.42,4.33,4.36,14052
LER,20160606,0.105,0.125,0.105,0.11,144285
LGD,20160606,0.215,0.225,0.215,0.225,135587
LGO,20160606,0.007,0.007,0.007,0.007,55000
LGR,20160606,0.105,0.105,0.105,0.105,20000
LHC,20160606,1.725,1.77,1.72,1.75,53176
LIC,20160606,2.95,3.1,2.89,3,36794
LIN,20160606,0.002,0.002,0.002,0.002,1451566
LIO,20160606,0.032,0.032,0.032,0.032,2516776
LIT,20160606,0.25,0.25,0.235,0.245,896908
LKE,20160606,0.025,0.032,0.025,0.03,256678
LKO,20160606,0.002,0.002,0.001,0.001,4450000
LLC,20160606,13.6,13.66,13.4,13.48,945046
LLO,20160606,0.6,0.6,0.6,0.6,1263
LMG,20160606,0.019,0.019,0.018,0.018,171000
LML,20160606,0.051,0.063,0.05,0.06,860368
LNG,20160606,0.63,0.727,0.622,0.725,10354573
LNK,20160606,8.62,8.74,8.59,8.61,513674
LNR,20160606,5.73,5.73,5.73,5.73,90
LNU,20160606,0.07,0.071,0.07,0.07,710446
LNY,20160606,0.005,0.005,0.004,0.004,3528000
LOM,20160606,0.34,0.345,0.335,0.34,349991
LOV,20160606,2.04,2.05,2,2,29332
LPE,20160606,0.044,0.046,0.042,0.043,2482747
LRS,20160606,0.014,0.014,0.013,0.013,14281699
LSN,20160606,0.043,0.043,0.041,0.043,185000
LSR,20160606,0.021,0.021,0.021,0.021,651326
LSX,20160606,0.32,0.325,0.32,0.325,54054
LTN,20160606,0.12,0.12,0.11,0.11,311005
LTR,20160606,0.025,0.025,0.024,0.024,742161
LVT,20160606,0.2,0.21,0.195,0.195,270421
LWP,20160606,0.006,0.006,0.005,0.006,19695917
LYC,20160606,0.065,0.067,0.065,0.066,3511690
LYL,20160606,2.23,2.23,2.13,2.15,12459
M7T,20160606,0.05,0.05,0.049,0.05,548564
MA1,20160606,0.97,0.975,0.97,0.975,89635
MAD,20160606,0.059,0.06,0.056,0.059,892264
MAH,20160606,0.1,0.1,0.1,0.1,217517
MAI,20160606,0.7,0.7,0.7,0.7,52892
MAQ,20160606,11.7,11.9,11.7,11.9,3449
MAT,20160606,0.15,0.15,0.14,0.14,45464
MAU,20160606,0.046,0.05,0.045,0.045,266256
MBC,20160606,0.065,0.065,0.065,0.065,10000
MBE,20160606,0.315,0.32,0.3,0.31,1697746
MBK,20160606,0.016,0.022,0.016,0.019,86000353
MCE,20160606,0.41,0.41,0.38,0.38,30350
MCP,20160606,0.935,0.94,0.925,0.925,55375
MCR,20160606,0.305,0.315,0.3,0.31,615813
MCT,20160606,0.087,0.09,0.078,0.08,44012522
MDC,20160606,0.47,0.47,0.45,0.45,125271
MDI,20160606,0.045,0.046,0.045,0.046,1252144
MDL,20160606,0.24,0.24,0.24,0.24,38957
MDR,20160606,0.034,0.042,0.034,0.041,19269453
MEA,20160606,1.06,1.06,1.035,1.035,91365
MEB,20160606,0.315,0.315,0.3,0.3,498409
MED,20160606,0.016,0.017,0.016,0.017,36000
MEI,20160606,0.01,0.01,0.01,0.01,1200000
MEL,20160606,0.06,0.061,0.059,0.059,4420578
MEO,20160606,0.018,0.019,0.018,0.019,505059
MEP,20160606,0.078,0.079,0.078,0.079,356101
MEY,20160606,0.225,0.225,0.225,0.225,5372
MEZ,20160606,2.55,2.65,2.55,2.57,5515
MFF,20160606,1.905,1.91,1.87,1.9,286007
MFG,20160606,23.75,24.06,23.62,24,278332
MGC,20160606,1,1,0.99,1,422307
MGE,20160606,2.6,2.61,2.59,2.59,730701
MGL,20160606,0.032,0.032,0.032,0.032,20912
MGR,20160606,1.97,2.03,1.96,2.02,20727879
MGT,20160606,0.029,0.034,0.029,0.032,784714
MGV,20160606,0.054,0.064,0.053,0.054,3283194
MGX,20160606,0.192,0.195,0.19,0.19,729901
MGZ,20160606,0.029,0.029,0.029,0.029,55000
MHM,20160606,0.032,0.032,0.03,0.03,152500
MIG,20160606,0.51,0.56,0.505,0.525,35989
MIL,20160606,1.48,1.48,1.45,1.45,8398
MIN,20160606,8.85,8.98,8.635,8.83,1504388
MIR,20160606,2.78,2.78,2.78,2.78,7359
MJP,20160606,0.63,0.64,0.62,0.63,52361
MKB,20160606,0.009,0.009,0.009,0.009,2383751
MLA,20160606,0.049,0.049,0.049,0.049,50000
MLB,20160606,1.79,1.81,1.785,1.79,18640
MLD,20160606,1.09,1.12,1.08,1.1,187182
MLM,20160606,0.035,0.039,0.034,0.035,6472564
MLS,20160606,0.002,0.002,0.002,0.002,200000
MLT,20160606,4.27,4.3,4.24,4.25,170630
MLX,20160606,1.07,1.17,1.065,1.17,2068079
MMI,20160606,0.072,0.072,0.072,0.072,10000
MMJ,20160606,0.215,0.215,0.21,0.21,146055
MML,20160606,0.685,0.715,0.685,0.715,1029586
MMR,20160606,0.033,0.033,0.033,0.033,14905
MMS,20160606,14.55,14.9,14.55,14.73,148679
MNB,20160606,0.005,0.005,0.005,0.005,2209716
MNC,20160606,0.004,0.004,0.004,0.004,1502200
MND,20160606,7.14,7.29,7.13,7.21,201917
MNF,20160606,3.97,4.12,3.97,4.08,118436
MNM,20160606,0.013,0.013,0.013,0.013,1321200
MNQ,20160606,0.017,0.017,0.017,0.017,1786149
MNS,20160606,0.825,0.912,0.825,0.86,5725424
MNW,20160606,0.1,0.1,0.1,0.1,75356
MNY,20160606,1.01,1.01,0.965,0.99,151766
MOAT,20160606,45.36,45.36,45.36,45.36,550
MOC,20160606,1.67,1.73,1.665,1.67,157247
MOD,20160606,0.024,0.024,0.023,0.023,849895
MOQ,20160606,0.29,0.3,0.29,0.3,50000
MOT,20160606,0.001,0.001,0.001,0.001,10000000
MOX,20160606,0.011,0.012,0.011,0.011,72850
MOY,20160606,0.14,0.14,0.13,0.13,3734025
MP1,20160606,2.26,2.26,2.18,2.19,182168
MPL,20160606,3.23,3.25,3.195,3.23,8081626
MPO,20160606,0.125,0.125,0.12,0.12,337237
MQA,20160606,5.32,5.37,5.26,5.36,687447
MQG,20160606,73.57,74.31,73.2,73.5,1254369
MRD,20160606,0.021,0.021,0.02,0.021,3567068
MRM,20160606,0.43,0.43,0.405,0.41,766481
MRP,20160606,0.1,0.1,0.099,0.099,42500
MSI,20160606,0.007,0.007,0.007,0.007,10000
MSM,20160606,0.132,0.132,0.125,0.13,785220
MSR,20160606,0.001,0.002,0.001,0.001,16190000
MSV,20160606,0.016,0.016,0.015,0.015,250563
MTA,20160606,0.063,0.066,0.063,0.066,869000
MTB,20160606,0.008,0.008,0.008,0.008,128570
MTH,20160606,0.007,0.007,0.006,0.006,1222008
MTL,20160606,0.072,0.072,0.072,0.072,20625
MTM,20160606,0.315,0.315,0.315,0.315,43633
MTO,20160606,2.77,2.85,2.77,2.85,44562
MTR,20160606,3.91,3.95,3.88,3.93,750252
MTS,20160606,1.945,2.02,1.935,1.995,2345595
MUA,20160606,1.01,1.01,0.98,0.98,12981
MUM,20160606,0.004,0.004,0.004,0.004,1100000
MUS,20160606,0.041,0.041,0.04,0.04,408828
MVA,20160606,20.93,21.15,20.93,21.15,104999
MVB,20160606,24.92,24.92,24.87,24.87,2358
MVF,20160606,1.86,1.875,1.85,1.865,320067
MVP,20160606,5.95,6.1,5.95,5.96,83887
MVR,20160606,16.88,16.88,16.88,16.88,78
MVS,20160606,17.46,17.46,17.46,17.46,998
MVT,20160606,0.14,0.145,0.14,0.145,833302
MVW,20160606,23.71,23.79,23.71,23.75,72172
MWR,20160606,0.75,0.795,0.75,0.795,10758
MX1,20160606,0.39,0.39,0.385,0.385,10000
MXC,20160606,0.056,0.056,0.052,0.052,8047661
MXI,20160606,0.455,0.455,0.44,0.44,180776
MXR,20160606,0.003,0.003,0.003,0.003,2701662
MYE,20160606,0.15,0.16,0.15,0.16,6500
MYO,20160606,3.36,3.39,3.34,3.35,456875
MYQ,20160606,0.065,0.065,0.058,0.06,980020
MYR,20160606,1.155,1.165,1.145,1.145,3499691
MYS,20160606,4.205,4.26,4.205,4.25,176414
MYT,20160606,2.79,2.91,2.79,2.91,20162
MYX,20160606,1.55,1.58,1.535,1.56,1567790
MZI,20160606,0.265,0.265,0.265,0.265,1066
MZM,20160606,0.18,0.18,0.17,0.175,79000
MZN,20160606,0.012,0.012,0.011,0.011,1737174
NAB,20160606,26.57,26.76,26.44,26.62,4028140
NAE,20160606,0.011,0.011,0.011,0.011,40000
NAG,20160606,0.22,0.23,0.21,0.225,792926
NAM,20160606,0.33,0.345,0.33,0.345,66000
NAN,20160606,2.42,2.48,2.42,2.46,248811
NCK,20160606,4.47,4.49,4.44,4.48,16421
NCL,20160606,0.13,0.13,0.13,0.13,5000
NCM,20160606,21.18,22.285,21.165,22.06,8887135
NDO,20160606,0.15,0.15,0.15,0.15,7612
NDQ,20160606,10.7,10.74,10.7,10.71,53068
NEA,20160606,0.45,0.45,0.435,0.44,269488
NEC,20160606,1.16,1.2,1.16,1.185,895308
NEN,20160606,0.255,0.255,0.25,0.25,42747
NEU,20160606,0.062,0.065,0.062,0.063,1603882
NGE,20160606,0.022,0.022,0.022,0.022,428150
NHC,20160606,1.48,1.48,1.43,1.43,90109
NHF,20160606,4.59,4.62,4.52,4.54,213508
NIO,20160606,0.009,0.011,0.009,0.011,146349
NKP,20160606,0.068,0.068,0.064,0.064,77050
NMG,20160606,0.009,0.01,0.009,0.009,867526
NMI,20160606,0.016,0.016,0.016,0.016,52087
NMT,20160606,0.465,0.47,0.455,0.455,2154135
NNW,20160606,0.13,0.13,0.13,0.13,10000
NOR,20160606,0.052,0.052,0.043,0.043,25699670
NOV,20160606,0.145,0.145,0.145,0.145,20000
NPX,20160606,4.95,4.96,4.95,4.96,745
NRT,20160606,0.11,0.11,0.105,0.11,277557
NSE,20160606,0.005,0.005,0.005,0.005,31236
NSL,20160606,0.011,0.012,0.011,0.011,1386507
NSR,20160606,1.88,1.895,1.862,1.865,572037
NST,20160606,4.5,4.9,4.5,4.85,7926799
NTC,20160606,2.84,2.88,2.77,2.86,115788
NTL,20160606,0.005,0.005,0.005,0.005,134171
NTM,20160606,0.018,0.062,0.017,0.05,73970000
NTU,20160606,0.076,0.076,0.075,0.075,982449
NUF,20160606,7.73,7.8,7.71,7.75,401230
NVL,20160606,1.325,1.38,1.32,1.32,60987
NVT,20160606,5.26,5.39,5.26,5.37,865955
NWE,20160606,0.003,0.004,0.003,0.003,7146818
NWH,20160606,0.185,0.19,0.185,0.185,148024
NWS,20160606,16.76,16.92,16.73,16.88,103398
NWZ,20160606,0.011,0.011,0.011,0.011,124850
NXT,20160606,3.58,3.66,3.565,3.66,988970
OBJ,20160606,0.094,0.102,0.094,0.099,17279624
OCC,20160606,0.38,0.39,0.38,0.39,73748
OCL,20160606,1.82,1.82,1.81,1.81,12000
OCP,20160606,1.665,1.665,1.665,1.665,572
ODN,20160606,0.009,0.009,0.009,0.009,66666
ODY,20160606,0.061,0.061,0.061,0.061,250000
OEC,20160606,0.78,0.78,0.78,0.78,1700
OEL,20160606,0.041,0.041,0.041,0.041,862690
OEX,20160606,0.008,0.008,0.008,0.008,879229
OFX,20160606,2.14,2.145,2.1,2.12,2230567
OGC,20160606,4.53,4.58,4.51,4.53,1079102
OGX,20160606,0.23,0.235,0.23,0.23,2080492
OKU,20160606,0.16,0.17,0.16,0.165,1136793
OLV,20160606,0.067,0.07,0.067,0.07,279888
OMH,20160606,0.1,0.1,0.09,0.09,201200
OML,20160606,5,5,4.9,4.95,361260
ONE,20160606,4.35,4.45,4.3,4.3,36472
ONT,20160606,7.08,7.1,7.03,7.1,4171
OOK,20160606,0.034,0.035,0.025,0.025,8686546
OOO,20160606,16.4,16.51,16.4,16.5,8498
OPG,20160606,0.45,0.46,0.45,0.46,1210
ORA,20160606,2.77,2.795,2.76,2.78,1580353
ORE,20160606,4.3,4.43,4.245,4.35,2182065
ORG,20160606,5.56,5.8,5.5,5.71,4395472
ORI,20160606,13.2,13.4,13.18,13.27,2004885
ORL,20160606,2.26,2.26,2.22,2.25,19844
ORN,20160606,0.012,0.014,0.012,0.014,4311994
ORR,20160606,0.27,0.275,0.27,0.275,508265
OSH,20160606,6.6,6.695,6.57,6.65,7884443
OSL,20160606,0.16,0.16,0.145,0.15,1684348
OSP,20160606,0.23,0.24,0.23,0.24,58617
OTC,20160606,0.18,0.185,0.175,0.185,340137
OTH,20160606,0.79,0.8,0.77,0.79,271023
OTR,20160606,0.042,0.042,0.041,0.041,50000
OTW,20160606,2.4,2.4,2.26,2.26,16933
OVH,20160606,0.665,0.67,0.66,0.66,41720
OVR,20160606,0.008,0.008,0.008,0.008,1099631
OZF,20160606,19.44,19.44,19.44,19.44,160
OZG,20160606,0.135,0.135,0.13,0.135,1501131
OZL,20160606,5.51,5.67,5.45,5.65,2772956
OZR,20160606,6.77,6.79,6.77,6.79,1500
PAA,20160606,0.099,0.1,0.099,0.099,93406
PAB,20160606,0.006,0.006,0.006,0.006,3235400
PAC,20160606,4.49,4.5,4.41,4.48,78031
PAF,20160606,0.94,0.945,0.94,0.945,66140
PAI,20160606,0.935,0.94,0.925,0.935,126137
PAK,20160606,0.105,0.135,0.1,0.135,1102907
PAN,20160606,0.115,0.12,0.115,0.12,232720
PBG,20160606,1.14,1.145,1.14,1.14,2891355
PBP,20160606,0.505,0.51,0.505,0.51,37863
PBT,20160606,0.085,0.085,0.081,0.081,65635
PCH,20160606,0.029,0.029,0.025,0.025,1688525
PCL,20160606,0.004,0.004,0.003,0.004,7190361
PDI,20160606,0.006,0.006,0.006,0.006,83322
PDN,20160606,0.22,0.225,0.21,0.215,7207136
PDZ,20160606,0.19,0.19,0.175,0.185,97500
PEG,20160606,0.035,0.039,0.031,0.039,180000
PEH,20160606,0.086,0.091,0.086,0.09,405400
PEK,20160606,0.048,0.048,0.048,0.048,72825
PEN,20160606,0.66,0.67,0.63,0.65,110959
PEP,20160606,2.3,2.32,2.3,2.31,9627
PEX,20160606,0.15,0.15,0.15,0.15,224025
PEZ,20160606,0.048,0.048,0.045,0.045,80851
PFG,20160606,0.095,0.095,0.095,0.095,10000
PFL,20160606,1.675,1.68,1.67,1.68,1029177
PGC,20160606,0.685,0.685,0.65,0.65,402517
PGF,20160606,0.925,0.935,0.915,0.93,359368
PGH,20160606,5.56,5.6,5.53,5.57,296355
PGI,20160606,0.096,0.1,0.095,0.095,668906
PGM,20160606,0.135,0.175,0.13,0.145,2510719
PGO,20160606,0.065,0.068,0.065,0.068,390500
PGR,20160606,0.615,0.615,0.615,0.615,19334
PGS,20160606,0.004,0.004,0.004,0.004,450050
PHG,20160606,0.245,0.245,0.225,0.23,565502
PIC,20160606,0.945,0.95,0.94,0.945,259865
PIL,20160606,0.016,0.016,0.016,0.016,1050000
PIO,20160606,0.038,0.038,0.035,0.037,9519456
PLH,20160606,0.094,0.095,0.094,0.094,430000
PLS,20160606,0.65,0.665,0.635,0.645,6185752
PMC,20160606,1.65,1.665,1.63,1.64,87215
PME,20160606,4.77,4.77,4.6,4.72,44103
PML,20160606,0.08,0.084,0.077,0.084,143554
PMP,20160606,0.525,0.53,0.52,0.525,80033
PMV,20160606,15.16,15.24,15.11,15.16,138402
PNC,20160606,1.615,1.615,1.6,1.6,3000
PNL,20160606,0.19,0.19,0.19,0.19,50000
PNN,20160606,0.018,0.018,0.018,0.018,100000
PNR,20160606,0.115,0.12,0.112,0.12,6024644
PNV,20160606,0.3,0.3,0.295,0.3,279426
POH,20160606,0.016,0.016,0.016,0.016,6271839
POP,20160606,0.052,0.052,0.052,0.052,240000
POS,20160606,0.064,0.087,0.063,0.087,13663790
POU,20160606,19.51,19.52,19.51,19.52,520
POW,20160606,0.012,0.012,0.011,0.011,2271071
POZ,20160606,0.021,0.021,0.021,0.021,250000
PPC,20160606,0.925,0.925,0.91,0.925,181723
PPL,20160606,0.53,0.53,0.51,0.51,77918
PPS,20160606,0.315,0.32,0.315,0.32,252103
PPT,20160606,42.33,42.48,42.02,42.38,128845
PRG,20160606,1.88,1.895,1.85,1.865,637058
PRL,20160606,0.02,0.02,0.02,0.02,521234
PRO,20160606,1.2,1.21,1.19,1.19,67561
PRR,20160606,0.047,0.047,0.045,0.046,2015173
PRT,20160606,0.34,0.345,0.33,0.33,538609
PRU,20160606,0.53,0.542,0.522,0.54,8137620
PRY,20160606,3.79,3.9,3.77,3.9,1213405
PSA,20160606,0.17,0.175,0.17,0.175,37411
PSC,20160606,0.018,0.018,0.017,0.017,8687951
PSI,20160606,1.66,1.7,1.66,1.7,4610
PSM,20160606,0.034,0.035,0.033,0.033,764785
PSQ,20160606,2.09,2.1,1.97,2,47150
PSY,20160606,0.115,0.12,0.115,0.12,213934
PSZ,20160606,0.64,0.64,0.63,0.635,80628
PTB,20160606,0.45,0.45,0.42,0.42,8695
PTL,20160606,0.595,0.6,0.595,0.6,19000
PTM,20160606,6.38,6.39,6.3,6.38,664521
PTX,20160606,0.095,0.099,0.095,0.095,138000
PVD,20160606,0.027,0.027,0.026,0.026,123000
PVE,20160606,0.009,0.009,0.009,0.009,100000
PWH,20160606,2.95,3,2.93,2.97,159692
PWN,20160606,0.028,0.028,0.024,0.024,2908153
PXS,20160606,0.265,0.27,0.265,0.27,107491
PYC,20160606,0.014,0.014,0.014,0.014,1000000
QAG,20160606,8.57,8.57,8.53,8.57,3450
QAN,20160606,2.91,2.96,2.88,2.92,11895751
QAU,20160606,12.98,13.15,12.98,13.08,40545
QBE,20160606,12.28,12.32,11.98,12.21,4621702
QBL,20160606,0.007,0.007,0.007,0.007,7596828
QCB,20160606,9.84,9.9,9.84,9.9,1569
QFN,20160606,10.7,10.7,10.7,10.7,917
QHL,20160606,0.135,0.15,0.135,0.15,1735635
QMIX,20160606,15.91,15.91,15.91,15.91,0
QMN,20160606,0.004,0.004,0.004,0.004,100000
QMS,20160606,1.25,1.26,1.23,1.245,121848
QOZ,20160606,11.73,11.73,11.72,11.72,480
QST,20160606,0.11,0.11,0.11,0.11,7700
QUAL,20160606,19.13,19.43,19.13,19.18,25753
QUB,20160606,2.3,2.33,2.29,2.33,1146048
QUR,20160606,0.026,0.027,0.026,0.027,55000
QUS,20160606,28.39,28.39,28.39,28.39,1740
QVE,20160606,1.05,1.06,1.05,1.06,44725
RAP,20160606,0.35,0.41,0.35,0.405,10344831
RARI,20160606,23.55,23.55,23.55,23.55,134
RAW,20160606,0.031,0.031,0.031,0.031,1010000
RBL,20160606,1.205,1.25,1.205,1.21,35474
RCB,20160606,20.52,20.64,20.52,20.53,4201
RCE,20160606,0.29,0.29,0.28,0.28,55486
RCG,20160606,1.33,1.33,1.25,1.265,1065799
RCO,20160606,0.2,0.2,0.2,0.2,50000
RCR,20160606,1.555,1.557,1.505,1.515,193206
RCT,20160606,3.7,3.76,3.7,3.74,12362
RCU,20160606,0.037,0.038,0.037,0.038,43967
RDM,20160606,0.096,0.1,0.094,0.095,259958
RDS,20160606,0.009,0.009,0.009,0.009,22770
RDV,20160606,27.84,27.94,27.68,27.85,12167
REA,20160606,56,56.21,55.5,55.88,166013
RED,20160606,0.088,0.09,0.084,0.09,6131771
REF,20160606,0.115,0.115,0.115,0.115,98861
REG,20160606,4.5,4.66,4.5,4.62,910519
RER,20160606,0.01,0.01,0.01,0.01,534
RES,20160606,0.039,0.039,0.038,0.038,382173
REV,20160606,0.052,0.052,0.052,0.052,50000
REY,20160606,0.045,0.05,0.045,0.05,138500
RFF,20160606,1.65,1.65,1.58,1.65,210350
RFG,20160606,5.51,5.53,5.49,5.51,423069
RFN,20160606,0.13,0.13,0.125,0.125,41575
RFT,20160606,0.009,0.009,0.009,0.009,120000
RFX,20160606,0.675,0.68,0.63,0.635,1485845
RGS,20160606,0.165,0.165,0.16,0.16,80000
RGU,20160606,0.008,0.008,0.008,0.008,574979
RHC,20160606,71.99,73.39,71.64,73.26,276212
RHL,20160606,3.36,3.48,3.36,3.38,18158
RHP,20160606,1.015,1.04,1,1,48736
RHT,20160606,0.02,0.02,0.02,0.02,110000
RIC,20160606,1.42,1.42,1.352,1.37,235981
RIE,20160606,0.023,0.023,0.023,0.023,58641
RIM,20160606,0.016,0.018,0.016,0.018,2166880
RIO,20160606,44.47,45.48,44.32,45.22,3531516
RKN,20160606,1.56,1.56,1.515,1.52,50278
RLE,20160606,0.13,0.145,0.13,0.145,160361
RMD,20160606,8.1,8.17,8.08,8.17,955416
RMI,20160606,0.006,0.006,0.006,0.006,34300
RMP,20160606,0.023,0.023,0.023,0.023,390532
RMR,20160606,0.003,0.003,0.002,0.002,202324
RMS,20160606,0.405,0.412,0.395,0.4,3682908
RMX,20160606,0.001,0.002,0.001,0.001,10989345
RNI,20160606,0.016,0.016,0.016,0.016,3040000
RNL,20160606,0.01,0.01,0.01,0.01,572166
RNO,20160606,0.023,0.023,0.022,0.022,2031882
RNS,20160606,0.045,0.053,0.045,0.052,1473412
RNT,20160606,0.155,0.16,0.155,0.16,125717
RNY,20160606,0.13,0.13,0.13,0.13,16000
RRL,20160606,3.16,3.39,3.16,3.35,6544281
RSG,20160606,1.04,1.155,1.04,1.14,7563137
RSH,20160606,0.032,0.032,0.032,0.032,869545
RSM,20160606,20.85,20.85,20.85,20.85,1075
RTR,20160606,0.014,0.014,0.014,0.014,150000
RUB,20160606,0.044,0.044,0.044,0.044,250000
RUL,20160606,0.355,0.37,0.355,0.37,48208
RUM,20160606,0.022,0.023,0.021,0.021,741674
RVA,20160606,1.09,1.09,1.025,1.05,2225509
RVL,20160606,27.16,27.16,27.16,27.16,130
RVR,20160606,0.15,0.165,0.15,0.16,3887414
RVY,20160606,0.027,0.027,0.026,0.026,43624
RWC,20160606,3.03,3.1,3.02,3.03,326410
RWD,20160606,0.51,0.51,0.51,0.51,1800
RWH,20160606,1.19,1.19,1.125,1.185,49613
RXH,20160606,0.105,0.125,0.105,0.125,35000
RXL,20160606,0.024,0.025,0.024,0.024,5467089
RXM,20160606,0.067,0.067,0.065,0.067,225971
RXP,20160606,0.54,0.54,0.51,0.525,42761
S2R,20160606,0.27,0.28,0.27,0.275,642802
S32,20160606,1.515,1.575,1.515,1.555,15592982
SAI,20160606,3.32,3.36,3.3,3.32,970327
SAR,20160606,1.23,1.307,1.23,1.265,6569915
SAS,20160606,0.025,0.025,0.023,0.023,4525849
SAU,20160606,0.275,0.275,0.27,0.27,30000
SBB,20160606,0.024,0.024,0.024,0.024,30000
SBM,20160606,2.75,3.09,2.74,3.02,13199555
SBR,20160606,0.013,0.014,0.013,0.014,50000
SCG,20160606,4.64,4.69,4.6,4.67,7574968
SCI,20160606,0.061,0.064,0.052,0.057,5125509
SCP,20160606,2.3,2.33,2.28,2.32,1511688
SDA,20160606,3.9,3.98,3.9,3.92,76701
SDF,20160606,1.985,1.99,1.95,1.965,1371071
SDG,20160606,1.465,1.465,1.45,1.45,6129
SDI,20160606,0.53,0.535,0.53,0.535,50475
SDL,20160606,0.004,0.004,0.003,0.003,44290366
SEA,20160606,0.14,0.14,0.135,0.135,428029
SEG,20160606,0.003,0.003,0.003,0.003,3166750
SEH,20160606,0.12,0.125,0.11,0.12,4496917
SEK,20160606,15.75,15.8,15.54,15.75,691094
SEN,20160606,0.11,0.11,0.107,0.11,2298585
SER,20160606,0.017,0.017,0.017,0.017,145000
SES,20160606,0.1,0.115,0.1,0.115,46940
SFC,20160606,5.05,5.05,5.05,5.05,1980
SFG,20160606,0.07,0.076,0.07,0.075,2906437
SFH,20160606,0.59,0.59,0.585,0.585,50697
SFI,20160606,0.067,0.068,0.063,0.064,1540093
SFL,20160606,0.2,0.2,0.2,0.2,29000
SFR,20160606,5.46,5.66,5.45,5.64,649430
SFY,20160606,51.62,51.67,51.24,51.5,12578
SGF,20160606,3.93,3.95,3.86,3.89,70529
SGH,20160606,0.46,0.47,0.445,0.445,2155136
SGM,20160606,8.24,8.39,8.23,8.31,770936
SGP,20160606,4.59,4.64,4.56,4.64,8889235
SGQ,20160606,0.185,0.185,0.177,0.18,314440
SGR,20160606,5.58,5.625,5.52,5.59,1651422
SGU,20160606,0.1,0.1,0.095,0.095,28200
SHH,20160606,0.017,0.017,0.017,0.017,80000
SHJ,20160606,1.19,1.2,1.175,1.175,27078
SHL,20160606,21.55,21.65,21.39,21.61,541572
SHM,20160606,0.81,0.84,0.81,0.83,240216
SHP,20160606,0.005,0.005,0.005,0.005,550000
SHV,20160606,7.25,7.4,7.15,7.28,722947
SIH,20160606,0.01,0.01,0.01,0.01,12000
SIO,20160606,0.27,0.27,0.25,0.25,339222
SIP,20160606,1.185,1.207,1.18,1.205,748899
SIQ,20160606,5.84,5.84,5.63,5.8,76730
SIV,20160606,10.4,10.64,10.4,10.56,16476
SKB,20160606,0.48,0.48,0.47,0.47,99031
SKC,20160606,4.35,4.39,4.34,4.37,376677
SKF,20160606,0.085,0.1,0.085,0.1,260388
SKI,20160606,2.26,2.31,2.25,2.31,5709386
SKP,20160606,0.068,0.068,0.068,0.068,1248
SKT,20160606,4.36,4.37,4.28,4.31,248466
SLC,20160606,2.54,2.63,2.53,2.55,614250
SLF,20160606,13.34,13.4,13.25,13.4,109164
SLK,20160606,4.6,4.6,4.55,4.57,90219
SLM,20160606,0.465,0.485,0.455,0.47,74326
SLR,20160606,0.505,0.515,0.485,0.49,6802266
SLX,20160606,0.32,0.33,0.315,0.33,63380
SM8,20160606,0.21,0.24,0.21,0.24,201323
SMA,20160606,0.041,0.042,0.04,0.04,2078607
SMG,20160606,0.32,0.32,0.32,0.32,40000
SMN,20160606,1.825,1.825,1.725,1.77,120702
SMP,20160606,0.205,0.205,0.195,0.2,32994
SMR,20160606,0.32,0.32,0.31,0.315,98368
SMX,20160606,1.755,1.795,1.74,1.745,108211
SNC,20160606,0.815,0.82,0.81,0.82,95560
SND,20160606,0.53,0.53,0.53,0.53,34608
SOC,20160606,0.006,0.006,0.006,0.006,6580000
SOL,20160606,16.08,16.14,15.95,15.99,86362
SOM,20160606,3.2,3.35,3.2,3.35,37931
SOP,20160606,0.017,0.017,0.017,0.017,35000
SOR,20160606,0.175,0.175,0.16,0.16,613800
SPK,20160606,3.46,3.5,3.44,3.45,305154
SPL,20160606,0.71,0.715,0.695,0.71,296632
SPO,20160606,1.14,1.145,1.12,1.125,5124322
SPY,20160606,286.66,286.66,286.66,286.66,104
SPZ,20160606,0.295,0.295,0.295,0.295,26045
SRF,20160606,0.425,0.425,0.405,0.405,1031372
SRG,20160606,0.81,0.89,0.8,0.89,104522
SRI,20160606,0.023,0.023,0.023,0.023,55000
SRO,20160606,0.037,0.04,0.037,0.039,1231220
SRS,20160606,0.027,0.028,0.027,0.027,127509
SRT,20160606,0.028,0.028,0.025,0.026,11587019
SRV,20160606,7.1,7.17,7.1,7.15,42423
SRX,20160606,28.84,28.89,28.5,28.65,464318
SRZ,20160606,0.031,0.031,0.031,0.031,80000
SSN,20160606,0.004,0.004,0.004,0.004,2371444
SSO,20160606,12.51,12.55,12.49,12.54,14552
STA,20160606,0.006,0.006,0.005,0.005,559465
STL,20160606,0.038,0.038,0.037,0.038,193568
STO,20160606,4.34,4.48,4.34,4.44,5114257
STW,20160606,50.61,51.15,50.49,50.98,160309
STX,20160606,0.11,0.11,0.105,0.105,176000
SUD,20160606,0.019,0.02,0.018,0.02,385066
SUH,20160606,0.025,0.025,0.025,0.025,6695
SUL,20160606,8.91,9,8.85,8.94,341953
SUM,20160606,0.04,0.04,0.036,0.039,182501
SUN,20160606,12.59,12.62,12.42,12.56,4919303
SVA,20160606,0.053,0.053,0.048,0.048,116000
SVW,20160606,5.51,5.55,5.43,5.43,272912
SW1,20160606,0.22,0.225,0.215,0.22,610861
SWK,20160606,0.15,0.15,0.145,0.145,21815
SWL,20160606,0.75,0.75,0.705,0.75,19283
SWM,20160606,1.1,1.11,1.095,1.1,2031560
SXE,20160606,0.51,0.51,0.505,0.505,13500
SXL,20160606,1.255,1.28,1.255,1.27,568106
SXX,20160606,0.003,0.003,0.003,0.003,3486381
SXY,20160606,0.285,0.287,0.267,0.27,3476611
SYA,20160606,0.034,0.035,0.034,0.034,916355
SYD,20160606,7.15,7.25,7.1,7.22,4422295
SYI,20160606,26.46,26.6,26.37,26.6,4077
SYR,20160606,5.82,6.06,5.82,6,1337456
TAH,20160606,4.35,4.45,4.32,4.41,1749708
TAM,20160606,0.041,0.045,0.041,0.045,1020544
TAP,20160606,0.09,0.091,0.09,0.091,446854
TAR,20160606,0.035,0.035,0.035,0.035,642
TAS,20160606,0.17,0.172,0.165,0.165,492903
TAW,20160606,0.023,0.023,0.022,0.022,277457
TBH,20160606,0.195,0.2,0.195,0.2,40000
TBR,20160606,7.5,7.5,7.3,7.3,13278
TCH,20160606,1.87,1.87,1.725,1.735,262960
TCL,20160606,11.91,12.02,11.905,11.93,6089528
TCN,20160606,0.067,0.067,0.065,0.065,125411
TCO,20160606,1.075,1.075,1.07,1.07,7000
TDL,20160606,0.21,0.21,0.2,0.2,15000
TDO,20160606,0.026,0.026,0.026,0.026,400000
TEG,20160606,0.001,0.001,0.001,0.001,90000
TEN,20160606,1.07,1.072,1.04,1.065,268080
TER,20160606,0.005,0.005,0.004,0.005,3932848
TEX,20160606,0.001,0.001,0.001,0.001,100000
TFC,20160606,1.375,1.405,1.355,1.395,723988
TFG,20160606,0.3,0.3,0.3,0.3,5000
TGA,20160606,1.405,1.44,1.405,1.42,571141
TGG,20160606,1.24,1.245,1.225,1.235,297134
TGH,20160606,1.62,1.62,1.59,1.59,105790
TGP,20160606,0.92,0.925,0.92,0.92,131962
TGR,20160606,4.16,4.24,4.11,4.21,498568
TGS,20160606,0.043,0.043,0.04,0.041,3548263
TGZ,20160606,1.095,1.095,1.06,1.06,6172
THX,20160606,0.054,0.055,0.053,0.054,259610
TIX,20160606,2.71,2.75,2.71,2.73,102868
TKF,20160606,0.09,0.095,0.09,0.094,392222
TKL,20160606,0.025,0.025,0.024,0.024,288050
TLG,20160606,0.265,0.27,0.25,0.252,606764
TLM,20160606,0.405,0.41,0.4,0.41,163732
TLS,20160606,5.56,5.61,5.545,5.58,18381193
TME,20160606,4.38,4.44,4.33,4.41,195320
TMK,20160606,0.004,0.004,0.003,0.003,2000000
TMP,20160606,0.385,0.39,0.375,0.375,105831
TMX,20160606,0.008,0.008,0.008,0.008,150000
TND,20160606,0.043,0.044,0.043,0.044,400000
TNE,20160606,5.39,5.45,5.38,5.41,347076
TNG,20160606,0.145,0.145,0.135,0.135,1094473
TNK,20160606,1.6,1.61,1.585,1.6,18238
TNP,20160606,0.013,0.013,0.013,0.013,495165
TNT,20160606,0.175,0.175,0.175,0.175,25000
TOE,20160606,0.05,0.051,0.049,0.051,398638
TOF,20160606,2.25,2.29,2.25,2.29,4942
TOP,20160606,0.535,0.55,0.535,0.54,195322
TOT,20160606,1.08,1.1,1.08,1.1,22000
TOU,20160606,0.065,0.067,0.065,0.065,131168
TOX,20160606,2.75,2.79,2.75,2.79,97763
TPE,20160606,3.11,3.25,3.1,3.25,38350
TPM,20160606,12.33,12.37,12.24,12.3,1352287
TPP,20160606,0.24,0.25,0.235,0.24,460740
TPR,20160606,0.063,0.063,0.063,0.063,26500
TPS,20160606,0.02,0.02,0.02,0.02,236666
TPW,20160606,0.15,0.16,0.15,0.16,85091
TRL,20160606,0.145,0.145,0.14,0.145,309640
TRS,20160606,12.2,12.3,12.06,12.12,72196
TRY,20160606,0.605,0.615,0.595,0.6,1394345
TSM,20160606,0.46,0.46,0.46,0.46,34890
TSN,20160606,0.026,0.027,0.025,0.027,1917408
TSV,20160606,0.017,0.017,0.017,0.017,108902
TTC,20160606,0.62,0.62,0.58,0.58,391436
TTE,20160606,0.007,0.007,0.007,0.007,30000
TTI,20160606,0.024,0.025,0.024,0.025,863333
TTS,20160606,3.9,3.95,3.89,3.95,2626542
TTW,20160606,0.026,0.026,0.026,0.026,23000
TV2,20160606,0.042,0.042,0.037,0.038,56009351
TWD,20160606,2.97,2.97,2.96,2.96,53090
TWE,20160606,10.05,10.425,10.03,10.36,2447541
TWH,20160606,0.013,0.013,0.012,0.012,1087439
TWR,20160606,1.48,1.495,1.44,1.495,33827
TYX,20160606,0.035,0.035,0.034,0.034,300000
TZL,20160606,0.1,0.115,0.1,0.115,318354
TZN,20160606,0.13,0.13,0.125,0.125,2274
UBA,20160606,18.09,18.09,18.09,18.09,138
UBI,20160606,0.265,0.285,0.265,0.285,184000
UBJ,20160606,19.58,19.58,19.58,19.58,23
UBN,20160606,0.42,0.445,0.41,0.43,117000
UBW,20160606,20.81,20.81,20.81,20.81,118
UCM,20160606,0.23,0.23,0.23,0.23,10000
UCW,20160606,0.059,0.059,0.059,0.059,331000
UGL,20160606,3.05,3.05,2.24,2.3,4523660
UMAX,20160606,17.2,17.23,17.2,17.23,4978
UNS,20160606,0.078,0.08,0.077,0.08,672574
UNV,20160606,0.195,0.195,0.19,0.19,286832
UOS,20160606,0.48,0.48,0.48,0.48,60781
UPD,20160606,0.22,0.225,0.22,0.225,190265
UPG,20160606,1.075,1.075,1.075,1.075,8143
URF,20160606,2.29,2.29,2.29,2.29,2000
USD,20160606,13.25,13.35,13.25,13.32,117601
USR,20160606,0.57,0.57,0.57,0.57,15412
VAF,20160606,50.59,50.71,50.55,50.7,19571
VAH,20160606,0.295,0.295,0.29,0.29,552256
VAN,20160606,0.053,0.053,0.053,0.053,49000
VAP,20160606,83.69,84.06,83.18,83.93,18262
VAR,20160606,0.022,0.022,0.019,0.019,2543121
VAS,20160606,67.85,68.51,67.8,68.29,22654
VBS,20160606,1.36,1.36,1.36,1.36,14950
VCF,20160606,52.89,52.89,52.89,52.89,225
VCX,20160606,3.28,3.3,3.25,3.27,6501453
VEQ,20160606,48.91,49.01,48.91,49.01,2506
VEU,20160606,60.44,64,59.94,60.12,14364
VGAD,20160606,52.58,52.68,52.45,52.68,1522
VGB,20160606,50.65,50.65,50.36,50.52,37185
VGE,20160606,52.6,53.04,52.48,52.87,3020
VGS,20160606,57.82,58,57.8,57.8,9127
VHT,20160606,0.43,0.43,0.42,0.42,18817
VHY,20160606,57,57.57,56.68,57.34,15113
VIC,20160606,0.006,0.006,0.006,0.006,3257837
VIF,20160606,53.35,53.36,53.35,53.36,171
VIT,20160606,1.78,1.79,1.71,1.715,246324
VKA,20160606,0.02,0.02,0.02,0.02,15000
VLA,20160606,0.89,0.925,0.86,0.925,542379
VLC,20160606,56.78,57.19,56.75,57.19,1352
VLW,20160606,2.17,2.18,2.14,2.17,64482
VMC,20160606,0.2,0.205,0.2,0.2,47900
VML,20160606,0.013,0.013,0.012,0.013,1911954
VMS,20160606,0.039,0.04,0.039,0.04,73519
VMT,20160606,0.17,0.17,0.165,0.165,363099
VOC,20160606,9.33,9.36,9.27,9.28,1007093
VPC,20160606,0.037,0.04,0.036,0.038,1173502
VRC,20160606,0.088,0.097,0.087,0.093,9304296
VRL,20160606,5.3,5.37,5.25,5.27,158073
VRT,20160606,6.77,6.815,6.74,6.78,219208
VSC,20160606,1.395,1.4,1.395,1.395,42244
VSO,20160606,47.36,47.73,47.36,47.73,4994
VTG,20160606,3.99,4.2,3.98,4.08,577628
VTM,20160606,0.019,0.019,0.019,0.019,44112
VTS,20160606,146.74,147.1,146.52,147,30767
VXR,20160606,0.008,0.01,0.008,0.008,11949106
WAA,20160606,1.015,1.025,1.01,1.01,133927
WAF,20160606,0.17,0.17,0.155,0.17,1740099
WAL,20160606,0.005,0.009,0.005,0.009,416702
WAM,20160606,2.15,2.16,2.15,2.15,349875
WAX,20160606,1.34,1.34,1.33,1.33,120444
WBA,20160606,1.22,1.28,1.17,1.185,317561
WBC,20160606,30,30.54,29.94,30.26,4334691
WDE,20160606,0.795,0.795,0.777,0.78,175963
WDIV,20160606,18.06,18.13,18.03,18.11,34174
WEC,20160606,0.09,0.09,0.088,0.088,19780
WEMG,20160606,16.5,16.5,16.5,16.5,2000
WES,20160606,40.42,40.94,40.14,40.73,1406084
WFD,20160606,10.66,10.84,10.66,10.78,4688029
WFE,20160606,0.001,0.001,0.001,0.001,18965
WGL,20160606,0.052,0.053,0.05,0.051,8886520
WHC,20160606,0.95,0.982,0.94,0.95,2436922
WHF,20160606,4.15,4.19,4.15,4.15,41526
WIG,20160606,1.42,1.425,1.42,1.42,111654
WIN,20160606,0.093,0.098,0.085,0.098,178067
WKT,20160606,0.007,0.007,0.006,0.006,3705463
WLD,20160606,0.66,0.675,0.615,0.615,1520984
WLE,20160606,1.075,1.08,1.07,1.08,554897
WLL,20160606,4.7,4.71,4.6,4.6,41610
WMC,20160606,0.25,0.25,0.25,0.25,5000
WMK,20160606,1.015,1.02,1.015,1.02,187844
WMN,20160606,0.025,0.025,0.025,0.025,16960
WOR,20160606,7.2,7.43,7.12,7.2,2070992
WOW,20160606,21.6,22.03,21.51,21.81,1907165
WPG,20160606,0.085,0.086,0.082,0.083,848619
WPL,20160606,26.75,27.22,26.63,27.05,1274264
WPP,20160606,1.135,1.17,1.13,1.135,160913
WRLD,20160606,10.15,10.15,10.13,10.14,159118
WRR,20160606,0.25,0.25,0.25,0.25,11201
WSA,20160606,2,2.04,1.99,2.04,1373879
WTC,20160606,4.45,4.45,4.39,4.41,14957
WTP,20160606,0.79,0.79,0.765,0.77,48223
WWI,20160606,0.018,0.018,0.018,0.018,550000
WXHG,20160606,18.2,18.27,18.2,18.27,5124
WXOZ,20160606,24.57,24.66,24.57,24.66,4278
XAM,20160606,0.21,0.21,0.205,0.205,224491
XF1,20160606,0.65,0.65,0.6,0.6,101500
XIP,20160606,4.23,4.23,4.15,4.2,8883
XPD,20160606,0.185,0.185,0.175,0.175,323858
XPE,20160606,0.082,0.09,0.081,0.084,36043535
XRF,20160606,0.17,0.19,0.17,0.19,62000
XRO,20160606,17.78,17.78,17.35,17.6,29886
XST,20160606,0.011,0.012,0.011,0.012,198500
XTD,20160606,0.215,0.22,0.215,0.22,37290
XTE,20160606,0.38,0.39,0.38,0.38,128486
XTV,20160606,0.01,0.01,0.009,0.009,8591221
YAL,20160606,0.08,0.095,0.08,0.095,100000
YBR,20160606,0.21,0.22,0.21,0.22,56786
YMAX,20160606,9.15,9.22,9.13,9.17,98851
YNB,20160606,0.035,0.035,0.034,0.034,57350
YOW,20160606,1.015,1.015,1,1.005,537747
YPB,20160606,0.245,0.245,0.24,0.245,303833
ZAM,20160606,0.057,0.057,0.057,0.057,50000
ZEL,20160606,8.3,8.3,7.87,7.87,10575
ZGL,20160606,0.155,0.155,0.155,0.155,11500
ZGOL,20160606,16.72,16.72,16.72,16.72,0
ZIM,20160606,3.45,3.45,3.37,3.37,175
ZIP,20160606,0.2,0.2,0.175,0.19,569175
ZML,20160606,0.71,0.71,0.67,0.68,296540
ZNC,20160606,0.12,0.125,0.12,0.12,267039
ZOZI,20160606,9.73,9.73,9.73,9.73,0
ZUSD,20160606,10.57,10.57,10.57,10.57,0
ZYB,20160606,0.021,0.022,0.02,0.02,2214725
ZYUS,20160606,12.44,12.48,12.43,12.43,37668
XAF,20160606,5233.2,5290.6,5232.8,5274.4,0
XAO,20160606,5392.5,5445.2,5391.6,5431,0
XAT,20160606,5258.9,5314.7,5257.4,5300.2,0
XDJ,20160606,2057.4,2059.4,2045.5,2056,0
XEC,20160606,1263.6,1284.5,1263.7,1278.3,0
XEJ,20160606,8159.8,8252.5,8098.6,8204.4,0
XFJ,20160606,5965.6,6002.3,5945.9,5985.7,0
XFL,20160606,5284.4,5341.9,5284.2,5325.8,0
XGD,20160606,4099.7,4623.1,4099.7,4585.7,0
XHJ,20160606,21891.6,21995.9,21625.6,21951.7,0
XIJ,20160606,824.4,824.4,816.1,817.8,0
XJO,20160606,5318.9,5374.9,5317.1,5360.4,0
XJR,20160606,2650.9,2770.8,2650.9,2756.6,0
XKO,20160606,5281.4,5335.8,5280.1,5321.5,0
XMD,20160606,5552.1,5583.8,5528.5,5574.5,0
XMJ,20160606,7879.7,8214.2,7879.7,8178.9,0
XMM,20160606,2219.7,2357.3,2219.7,2342.6,0
XNJ,20160606,5288.4,5318.5,5273.3,5295.9,0
XPJ,20160606,1434.9,1454.6,1434.3,1452.2,0
XSJ,20160606,8415.2,8518.1,8357.1,8477.7,0
XSO,20160606,2316.3,2343.3,2314.9,2339.6,0
XTJ,20160606,2072,2078.8,2058.3,2067.8,0
XTL,20160606,3049.3,3079.8,3045.5,3067.6,0
XTO,20160606,4397.1,4441.8,4395.4,4429.3,0
XUJ,20160606,7168.7,7281.9,7155.5,7262,0
XXJ,20160606,6632.5,6662.2,6602.1,6641.9,0
