1AG,20160705,0.052,0.054,0.052,0.052,170000
1PG,20160705,0.64,0.67,0.605,0.605,6417102
1ST,20160705,0.055,0.055,0.054,0.054,142500
3PL,20160705,0.745,0.81,0.74,0.805,708090
4DS,20160705,0.022,0.022,0.022,0.022,1447667
88E,20160705,0.032,0.032,0.031,0.031,8261836
8EC,20160705,1.01,1.01,1.01,1.01,315
8IH,20160705,0.795,0.795,0.77,0.77,62515
9SP,20160705,0.15,0.16,0.15,0.15,514926
A2M,20160705,1.765,1.775,1.735,1.735,2125114
AAA,20160705,50.1,50.1,50.09,50.09,710941
AAC,20160705,1.88,1.887,1.84,1.84,1230335
AAD,20160705,2,2.02,1.91,1.91,1810654
AAR,20160705,0.014,0.014,0.014,0.014,60000
AAX,20160705,0.38,0.385,0.375,0.375,913972
AB1,20160705,0.21,0.21,0.205,0.205,537664
ABA,20160705,5.18,5.19,5.18,5.19,112
ABC,20160705,5.58,5.59,5.5,5.53,1187522
ABP,20160705,3.24,3.25,3.15,3.16,516055
ABT,20160705,0.95,0.95,0.9,0.9,96364
ABU,20160705,0.08,0.081,0.079,0.08,682004
ABV,20160705,0.011,0.011,0.01,0.01,415751
ABX,20160705,0.185,0.205,0.185,0.195,1470433
ABY,20160705,0.4,0.4,0.365,0.365,68500
ACB,20160705,0.039,0.039,0.039,0.039,7341
ACG,20160705,0.13,0.135,0.13,0.135,116083
ACL,20160705,0.008,0.008,0.008,0.008,13000
ACQ,20160705,0.9,0.91,0.9,0.91,21607
ACR,20160705,0.735,0.75,0.735,0.735,239563
ACU,20160705,0.028,0.028,0.028,0.028,34158
ACW,20160705,0.07,0.07,0.069,0.069,599385
ACX,20160705,7.94,8.14,7.79,8.07,1285179
AD1,20160705,0.37,0.385,0.36,0.365,432509
ADA,20160705,3.01,3.07,2.98,3.01,107126
ADH,20160705,2.43,2.49,2.43,2.46,61328
ADJ,20160705,0.12,0.12,0.115,0.115,408572
ADN,20160705,0.023,0.024,0.022,0.023,726349
ADO,20160705,0.041,0.041,0.04,0.04,369052
ADV,20160705,0.027,0.027,0.026,0.027,6661488
AEE,20160705,0.02,0.02,0.018,0.018,3664598
AEF,20160705,91.5,92.3,91.5,91.7,332
AEG,20160705,1.19,1.195,1.185,1.19,54376
AEI,20160705,0.415,0.415,0.415,0.415,165000
AEV,20160705,0.195,0.2,0.195,0.195,17855
AFG,20160705,0.975,0.975,0.975,0.975,8213
AFI,20160705,5.64,5.68,5.62,5.64,280591
AFR,20160705,0.044,0.044,0.044,0.044,58500
AFY,20160705,1.57,1.62,1.57,1.6,54912
AGD,20160705,0.18,0.18,0.175,0.175,38571
AGF,20160705,0.895,0.9,0.892,0.895,202961
AGG,20160705,5.01,5.06,5,5,2846
AGI,20160705,2.13,2.19,2.06,2.08,742413
AGL,20160705,19.88,19.95,19.605,19.91,3258338
AGO,20160705,0.012,0.012,0.011,0.011,85234400
AGR,20160705,0.12,0.125,0.12,0.12,280000
AGS,20160705,0.044,0.044,0.043,0.043,545633
AGY,20160705,0.034,0.034,0.031,0.031,2918309
AHF,20160705,0.185,0.19,0.18,0.18,326730
AHG,20160705,3.9,3.9,3.78,3.8,695345
AHK,20160705,0.14,0.14,0.14,0.14,210
AHL,20160705,0.17,0.185,0.17,0.185,53174
AHX,20160705,1.51,1.51,1.495,1.495,46098
AHY,20160705,2.1,2.11,2.06,2.06,970692
AHZ,20160705,0.32,0.325,0.32,0.325,124263
AIA,20160705,6.51,6.59,6.5,6.57,45859
AIK,20160705,0.12,0.12,0.12,0.12,674424
AIO,20160705,8.9,8.9,8.8,8.8,971200
AIS,20160705,0.035,0.039,0.035,0.039,199807
AIY,20160705,0.045,0.045,0.045,0.045,2
AIZ,20160705,2.03,2.08,2.03,2.08,95567
AJA,20160705,6.9,6.9,6.8,6.86,64519
AJC,20160705,0.003,0.003,0.003,0.003,276538
AJD,20160705,1.51,1.51,1.495,1.495,50211
AJL,20160705,0.2,0.2,0.19,0.2,91616
AJM,20160705,0.21,0.215,0.195,0.195,4979180
AJQ,20160705,0.057,0.057,0.057,0.057,7000
AJX,20160705,0.71,0.715,0.67,0.67,772346
AKK,20160705,0.007,0.007,0.006,0.006,1451744
AKM,20160705,0.02,0.02,0.018,0.018,1838541
AKP,20160705,23.05,23.1,22.55,23.1,14211
ALC,20160705,0.045,0.048,0.045,0.047,2176092
ALF,20160705,1.43,1.44,1.42,1.44,198835
ALI,20160705,1.81,1.86,1.81,1.86,56565
ALK,20160705,0.235,0.24,0.227,0.23,598896
ALL,20160705,13.63,13.63,12.975,13.04,3075710
ALQ,20160705,5.08,5.08,4.98,5.01,771998
ALR,20160705,1.07,1.07,1.07,1.07,770
ALU,20160705,6.38,6.51,6.38,6.5,343620
ALY,20160705,0.026,0.026,0.025,0.025,191728
AMA,20160705,0.855,0.885,0.855,0.87,161947
AMC,20160705,15.11,15.11,14.82,14.88,1661638
AME,20160705,0.095,0.1,0.095,0.1,690400
AMH,20160705,0.97,0.97,0.96,0.97,22106
AMI,20160705,0.14,0.14,0.14,0.14,164537
AML,20160705,0.088,0.088,0.086,0.086,25000
AMO,20160705,0.13,0.13,0.13,0.13,24520
AMP,20160705,5.26,5.26,5.14,5.17,3933849
ANG,20160705,0.083,0.085,0.082,0.083,758310
ANN,20160705,18.84,18.96,18.6,18.63,275472
ANO,20160705,0.022,0.022,0.022,0.022,300000
ANP,20160705,0.036,0.036,0.032,0.032,185477
ANQ,20160705,0.002,0.002,0.002,0.002,2880000
ANR,20160705,1.24,1.24,1.17,1.197,19343
ANW,20160705,0.011,0.02,0.01,0.011,66585511
ANZ,20160705,23.66,23.75,23.3,23.4,5641149
AOD,20160705,0.705,0.705,0.705,0.705,48000
AOF,20160705,2.13,2.13,2.125,2.13,179492
AOG,20160705,3.21,3.22,3.1,3.15,1274144
AOH,20160705,0.145,0.145,0.14,0.14,1110211
AOK,20160705,0.053,0.053,0.052,0.052,110500
AON,20160705,0.065,0.065,0.065,0.065,7389
AOP,20160705,0.086,0.088,0.085,0.085,453830
AOU,20160705,0.1,0.105,0.1,0.1,439499
AOW,20160705,0.155,0.16,0.15,0.15,299552
APA,20160705,9.5,9.52,9.37,9.5,1995717
APD,20160705,0.525,0.525,0.515,0.515,380001
APE,20160705,11.95,12.05,11.95,12,14644
API,20160705,1.725,1.725,1.685,1.695,806984
APN,20160705,3.95,4,3.91,3.93,2169492
APO,20160705,7,7.28,6.955,7.26,908265
APW,20160705,0.125,0.125,0.125,0.125,810600
APX,20160705,2.76,2.94,2.71,2.71,638034
APZ,20160705,1.185,1.215,1.185,1.205,8801
AQC,20160705,0.017,0.017,0.017,0.017,30000
AQD,20160705,0.012,0.012,0.011,0.011,218126
AQG,20160705,3.6,3.75,3.6,3.63,1217718
AQI,20160705,0.185,0.185,0.17,0.17,220842
AQQ,20160705,0.028,0.028,0.028,0.028,150692
AQZ,20160705,0.5,0.5,0.5,0.5,83860
AR1,20160705,0.015,0.016,0.015,0.016,500000
ARB,20160705,17.27,17.3,17.05,17.13,65052
ARD,20160705,0.035,0.035,0.034,0.034,927307
ARE,20160705,0.014,0.014,0.013,0.013,1343020
ARF,20160705,2.02,2.04,2.01,2.01,54234
ARG,20160705,7.4,7.42,7.34,7.39,100570
ARM,20160705,0.058,0.058,0.058,0.058,23800
ARO,20160705,0.02,0.02,0.015,0.015,99120
ARS,20160705,0.17,0.17,0.17,0.17,5000
ARU,20160705,0.051,0.051,0.049,0.05,245703
ARX,20160705,0.45,0.45,0.45,0.45,50000
ASB,20160705,1.14,1.165,1.09,1.095,2257309
ASH,20160705,0.2,0.2,0.2,0.2,10000
ASL,20160705,0.75,0.775,0.75,0.765,516084
ASN,20160705,0.03,0.03,0.03,0.03,36480
AST,20160705,1.66,1.66,1.64,1.655,4446132
ASX,20160705,46.5,46.76,45.86,46.21,317386
ASY,20160705,0.02,0.02,0.02,0.02,100000
ASZ,20160705,0.935,0.96,0.935,0.96,19247
ATA,20160705,0.025,0.025,0.025,0.025,52820
ATC,20160705,0.17,0.17,0.17,0.17,332844
ATP,20160705,0.032,0.034,0.032,0.034,135000
ATR,20160705,0.16,0.16,0.16,0.16,6047
ATU,20160705,0.53,0.53,0.52,0.52,40000
AUB,20160705,10.06,10.1,9.77,9.81,11283
AUC,20160705,0.055,0.056,0.055,0.055,395072
AUF,20160705,1.26,1.26,1.26,1.26,36464
AUI,20160705,7.25,7.3,7.25,7.28,34550
AUQ,20160705,0.027,0.027,0.026,0.026,4664955
AUST,20160705,14.94,14.94,14.9,14.92,39656
AUZ,20160705,0.01,0.01,0.009,0.01,2264850
AVB,20160705,0.069,0.07,0.063,0.063,3148669
AVG,20160705,0.56,0.565,0.51,0.52,1074730
AVH,20160705,0.1,0.1,0.098,0.099,231365
AVJ,20160705,0.585,0.585,0.58,0.585,170745
AVL,20160705,0.011,0.011,0.011,0.011,779000
AVN,20160705,2.4,2.48,2.34,2.36,154435
AVQ,20160705,0.225,0.235,0.225,0.225,2120199
AVX,20160705,0.03,0.03,0.03,0.03,66666
AVZ,20160705,0.012,0.014,0.012,0.014,4569995
AWC,20160705,1.37,1.375,1.337,1.345,5371716
AWE,20160705,0.89,0.92,0.88,0.905,2009082
AWQ,20160705,1.03,1.04,1.03,1.04,61999
AWV,20160705,0.14,0.15,0.14,0.145,1750508
AXP,20160705,0.9,0.91,0.9,0.91,284908
AYC,20160705,0.032,0.032,0.03,0.031,5368634
AYK,20160705,54.95,54.95,54.95,54.95,1000
AYR,20160705,0.013,0.013,0.013,0.013,200000
AYS,20160705,1.755,1.78,1.705,1.75,136778
AZJ,20160705,4.96,4.96,4.85,4.91,4626964
AZM,20160705,0.05,0.05,0.048,0.048,867357
AZS,20160705,0.039,0.041,0.039,0.039,7547584
AZV,20160705,0.06,0.065,0.06,0.06,48865
AZY,20160705,0.059,0.059,0.056,0.057,2188815
BAF,20160705,1.2,1.2,1.195,1.2,141481
BAL,20160705,10.22,10.225,10.05,10.18,505822
BAP,20160705,5.5,5.54,5.38,5.41,1203696
BAR,20160705,0.065,0.067,0.06,0.064,2610000
BAS,20160705,0.002,0.002,0.002,0.002,400000
BAU,20160705,0.06,0.061,0.06,0.06,130643
BBG,20160705,1.22,1.24,1.22,1.23,118898
BBN,20160705,2.33,2.38,2.31,2.35,44503
BBOZ,20160705,24.01,24.7,23.88,24.67,87251
BBUS,20160705,10.6,10.66,10.58,10.62,61831
BBX,20160705,0.022,0.026,0.022,0.023,221253
BCI,20160705,0.14,0.175,0.14,0.17,1775542
BD1,20160705,0.021,0.022,0.021,0.022,442000
BDR,20160705,0.435,0.442,0.41,0.415,11162372
BEAR,20160705,16.9,17.12,16.9,17.12,44632
BEN,20160705,9.7,9.7,9.53,9.56,1318932
BFC,20160705,0.43,0.43,0.42,0.42,372727
BFG,20160705,0.6,0.6,0.595,0.6,35970
BGA,20160705,5.67,5.67,5.56,5.59,138971
BGG,20160705,0.026,0.026,0.026,0.026,10000
BGH,20160705,0.024,0.024,0.024,0.024,313734
BGL,20160705,0.68,0.685,0.67,0.67,432186
BGS,20160705,0.31,0.31,0.3,0.3,926996
BHP,20160705,19.57,19.64,19.43,19.45,12696503
BIG,20160705,0.105,0.105,0.105,0.105,30000
BIS,20160705,0.365,0.365,0.36,0.36,15000
BIT,20160705,0.057,0.057,0.057,0.057,84116
BKI,20160705,1.58,1.585,1.575,1.58,220587
BKL,20160705,136,136,131.14,131.85,74808
BKN,20160705,1.03,1.035,0.985,1.01,941603
BKT,20160705,0.074,0.084,0.074,0.084,6066842
BKW,20160705,14.48,14.48,14.22,14.35,129858
BKY,20160705,0.67,0.69,0.665,0.69,106296
BLA,20160705,7.84,7.84,7.59,7.67,27891
BLD,20160705,6.16,6.17,6.095,6.1,2126537
BLG,20160705,0.195,0.22,0.195,0.22,83037
BLK,20160705,0.83,0.84,0.8,0.82,1541558
BLT,20160705,0.094,0.094,0.093,0.094,78363
BLX,20160705,1.35,1.41,1.335,1.39,140174
BLY,20160705,0.1,0.101,0.096,0.098,470265
BLZ,20160705,0.075,0.077,0.074,0.074,310000
BMG,20160705,0.008,0.008,0.008,0.008,2500
BML,20160705,0.004,0.004,0.004,0.004,9379998
BMN,20160705,0.026,0.026,0.025,0.025,110500
BMP,20160705,0.36,0.36,0.36,0.36,17799
BNO,20160705,0.31,0.31,0.3,0.3,84111
BNR,20160705,0.073,0.077,0.073,0.077,109998
BOC,20160705,0.255,0.255,0.255,0.255,7776
BOE,20160705,0.041,0.041,0.04,0.04,624092
BOL,20160705,0.088,0.088,0.082,0.084,768761
BOND,20160705,26.57,26.57,26.56,26.56,1153
BOQ,20160705,10.4,10.4,10.215,10.26,1442093
BPA,20160705,6,6,6,6,2
BPF,20160705,0.415,0.415,0.4,0.4,94889
BPH,20160705,0.009,0.009,0.009,0.009,1672310
BPL,20160705,0.09,0.09,0.09,0.09,50000
BPS,20160705,0.92,0.98,0.905,0.905,52903
BPT,20160705,0.615,0.627,0.6,0.615,9172670
BRB,20160705,0.175,0.195,0.175,0.18,720388
BRD,20160705,0.002,0.002,0.002,0.002,750000
BRG,20160705,7.6,7.61,7.33,7.41,467741
BRK,20160705,0.009,0.009,0.009,0.009,293238
BRN,20160705,0.145,0.145,0.14,0.14,211089
BRU,20160705,0.245,0.255,0.245,0.25,127683
BSA,20160705,0.25,0.25,0.245,0.245,116125
BSE,20160705,0.135,0.135,0.13,0.135,60578
BSL,20160705,6.85,6.995,6.73,6.87,4097654
BSN,20160705,0.003,0.003,0.003,0.003,1297779
BSR,20160705,0.02,0.022,0.02,0.022,7647765
BST,20160705,0.91,0.92,0.91,0.91,20279
BTC,20160705,0.11,0.11,0.11,0.11,5000
BTI,20160705,1.12,1.12,1.105,1.105,18567
BTT,20160705,7.8,7.83,7.46,7.47,1435844
BUL,20160705,0.023,0.023,0.023,0.023,41800
BUX,20160705,0.095,0.096,0.093,0.093,171691
BUY,20160705,0.008,0.01,0.008,0.01,992596
BWF,20160705,0.6,0.6,0.6,0.6,11600
BWP,20160705,3.71,3.71,3.65,3.66,811203
BWR,20160705,1.21,1.21,1.205,1.205,11769
BWX,20160705,4.83,4.85,4.74,4.8,46309
BXB,20160705,12.46,12.49,12.35,12.46,2746086
BYE,20160705,0.155,0.16,0.155,0.16,40000
BYL,20160705,0.092,0.092,0.092,0.092,8764
CAA,20160705,0.155,0.16,0.155,0.155,392925
CAB,20160705,3.31,3.38,3.27,3.31,189958
CAD,20160705,0.003,0.004,0.003,0.004,14887403
CAJ,20160705,0.17,0.18,0.17,0.18,1552425
CAM,20160705,0.755,0.755,0.75,0.755,110170
CAP,20160705,0.051,0.051,0.051,0.051,1000
CAR,20160705,12.54,12.57,12.26,12.3,785891
CAS,20160705,0.16,0.17,0.16,0.165,245493
CAT,20160705,3.3,3.37,3.23,3.3,588913
CAV,20160705,0.02,0.021,0.019,0.02,3738622
CAY,20160705,0.13,0.145,0.13,0.135,228528
CAZ,20160705,0.075,0.076,0.074,0.075,814254
CBA,20160705,73.3,73.35,72.395,72.56,2719389
CBL,20160705,2.63,2.63,2.6,2.6,40452
CBQ,20160705,0.002,0.002,0.002,0.002,504000
CCA,20160705,0.59,0.59,0.475,0.475,288526
CCL,20160705,8.3,8.3,8.13,8.13,1592498
CCP,20160705,12.46,12.46,12.245,12.32,183413
CCV,20160705,0.43,0.43,0.415,0.42,317037
CDA,20160705,1.2,1.2,1.17,1.17,204451
CDC,20160705,0.19,0.205,0.19,0.2,326752
CDD,20160705,0.6,0.625,0.59,0.6,436317
CDG,20160705,0.053,0.053,0.052,0.052,112062
CDM,20160705,1.185,1.185,1.17,1.175,378297
CDP,20160705,8.62,8.62,8.6,8.6,1533
CDT,20160705,0.014,0.014,0.014,0.014,200000
CDU,20160705,0.535,0.55,0.53,0.55,178798
CDV,20160705,0.305,0.315,0.3,0.31,818582
CDY,20160705,0.032,0.033,0.031,0.031,4236083
CETF,20160705,50.09,50.09,50.09,50.09,1000
CFE,20160705,0.022,0.022,0.021,0.022,542858
CGC,20160705,2.84,2.84,2.69,2.72,957843
CGF,20160705,8.8,8.8,8.57,8.6,1426644
CGL,20160705,5.2,5.25,5.19,5.2,37227
CGN,20160705,0.068,0.068,0.065,0.065,303505
CGR,20160705,0.18,0.18,0.18,0.18,149328
CGS,20160705,0.8,0.8,0.8,0.8,2000
CHC,20160705,5.29,5.29,5.155,5.2,636580
CHK,20160705,0.018,0.018,0.016,0.016,2267853
CHN,20160705,0.18,0.18,0.17,0.17,941726
CHP,20160705,0.003,0.003,0.003,0.003,200001
CHZ,20160705,0.03,0.03,0.03,0.03,60000
CIE,20160705,0.945,0.945,0.935,0.94,135875
CII,20160705,2.4,2.45,2.4,2.45,29000
CIM,20160705,36.19,36.28,34.91,35.53,507123
CIN,20160705,31.7,31.7,31.6,31.65,5033
CIW,20160705,0.65,0.65,0.65,0.65,5079
CIZ,20160705,0.02,0.02,0.02,0.02,150000
CJC,20160705,0.004,0.005,0.004,0.005,242848
CKA,20160705,0.019,0.023,0.018,0.022,1470850
CKF,20160705,4.18,4.2,4.1,4.1,569533
CL1,20160705,3.45,3.53,3.43,3.49,154538
CL8,20160705,0.021,0.023,0.021,0.023,1159327
CLH,20160705,1.13,1.13,1.12,1.125,101162
CLQ,20160705,0.475,0.485,0.47,0.48,804369
CLV,20160705,0.4,0.4,0.4,0.4,16000
CM8,20160705,0.145,0.145,0.145,0.145,92766
CMA,20160705,2.17,2.17,2.17,2.17,5107
CMI,20160705,0.915,0.915,0.905,0.905,14266
CMM,20160705,0.14,0.14,0.135,0.14,1071698
CMP,20160705,0.39,0.39,0.375,0.375,35000
CMW,20160705,1.025,1.027,1.015,1.015,2174793
CMY,20160705,0.005,0.005,0.004,0.005,6145219
CND,20160705,0.192,0.192,0.192,0.192,32863
CNI,20160705,1.08,1.1,1.05,1.1,69906
CNJ,20160705,0.04,0.04,0.035,0.039,1098250
CNU,20160705,4.18,4.19,4.04,4.05,117536
CNW,20160705,0.027,0.028,0.027,0.028,204948
CNX,20160705,0.014,0.014,0.013,0.013,11335850
COE,20160705,0.205,0.212,0.205,0.21,199417
COH,20160705,123.8,124.58,121.29,121.74,128435
COM,20160705,0.016,0.016,0.016,0.016,250000
COO,20160705,0.115,0.115,0.11,0.11,93700
CPU,20160705,9.4,9.4,9.2,9.25,1495691
CQR,20160705,4.86,4.86,4.75,4.79,865120
CRB,20160705,0.175,0.185,0.165,0.17,254550
CSE,20160705,0.47,0.48,0.46,0.46,154084
CSL,20160705,112.96,113,110.56,111.25,640947
CSR,20160705,3.72,3.74,3.685,3.73,2064468
CSS,20160705,0.044,0.044,0.041,0.042,3160373
CSV,20160705,1.415,1.46,1.37,1.45,727562
CTD,20160705,14.04,14.04,13.8,13.92,265124
CTM,20160705,0.009,0.009,0.008,0.008,1735398
CTN,20160705,1.02,1.04,1.017,1.02,256341
CTO,20160705,0.015,0.015,0.014,0.014,1881715
CTP,20160705,0.1,0.1,0.099,0.099,319251
CTX,20160705,32.04,32.07,31.53,31.66,1021674
CUE,20160705,0.073,0.073,0.073,0.073,13308
CUL,20160705,0.004,0.004,0.003,0.003,3550000
CUP,20160705,0.8,0.82,0.8,0.82,31171
CUV,20160705,4.1,4.33,4.1,4.33,1304
CVN,20160705,0.1,0.105,0.1,0.105,797891
CVO,20160705,1.275,1.285,1.227,1.24,2962321
CVT,20160705,0.22,0.225,0.21,0.21,1052588
CVV,20160705,0.085,0.085,0.08,0.08,17500
CVW,20160705,0.93,0.98,0.93,0.93,155517
CWE,20160705,0.03,0.03,0.03,0.03,183669
CWN,20160705,12.45,12.45,12.07,12.15,1092596
CWP,20160705,4.38,4.43,4.37,4.38,29498
CWY,20160705,0.805,0.805,0.795,0.795,921549
CXM,20160705,0.069,0.07,0.069,0.07,11003
CXO,20160705,0.029,0.031,0.028,0.03,4501969
CXU,20160705,0.07,0.071,0.07,0.071,15000
CXX,20160705,0.28,0.285,0.265,0.28,293459
CXZ,20160705,0.13,0.14,0.13,0.14,7000
CYA,20160705,0.82,0.82,0.82,0.82,49924
CYB,20160705,3.98,3.98,3.86,3.87,3443261
CYC,20160705,0.98,1,0.98,1,31267
CYG,20160705,1.06,1.06,1.06,1.06,14370
CYL,20160705,0.59,0.59,0.59,0.59,1991
CYP,20160705,0.305,0.315,0.305,0.305,161415
CYY,20160705,0.06,0.06,0.056,0.058,1490458
CZA,20160705,0.065,0.065,0.065,0.065,21801
CZI,20160705,0.029,0.029,0.028,0.028,139391
CZL,20160705,0.042,0.042,0.04,0.04,1093508
CZN,20160705,0.009,0.009,0.008,0.008,2456202
CZZ,20160705,21.36,21.39,21.08,21.18,14186
D13,20160705,0.12,0.13,0.115,0.13,1772528
DCC,20160705,0.13,0.13,0.13,0.13,103259
DCG,20160705,0.745,0.76,0.73,0.735,104751
DCN,20160705,3.16,3.3,3.15,3.22,608601
DDR,20160705,1.76,1.76,1.74,1.74,82724
DDT,20160705,0.02,0.021,0.02,0.021,520206
DEG,20160705,0.002,0.002,0.002,0.002,17586896
DFM,20160705,1.56,1.56,1.505,1.51,68507
DGR,20160705,0.029,0.029,0.027,0.027,343539
DHR,20160705,0.005,0.005,0.005,0.005,96000
DIV,20160705,19.23,19.23,19.15,19.15,3529
DJRE,20160705,22.18,22.18,21.8,21.87,12002
DJW,20160705,4.1,4.14,4.09,4.14,84065
DKM,20160705,0.195,0.195,0.195,0.195,178824
DKO,20160705,0.105,0.105,0.098,0.099,1708156
DLE,20160705,0.002,0.002,0.002,0.002,50000
DLX,20160705,6.38,6.39,6.3,6.35,843863
DMA,20160705,0.06,0.06,0.058,0.058,20000
DMG,20160705,0.023,0.023,0.023,0.023,244085
DMI,20160705,0.062,0.062,0.062,0.062,10000
DMP,20160705,69.4,69.4,66.66,67.32,325140
DNA,20160705,0.42,0.427,0.42,0.42,247842
DNK,20160705,0.43,0.44,0.42,0.42,200076
DOW,20160705,3.92,3.92,3.83,3.86,1312269
DRA,20160705,0.29,0.29,0.275,0.28,45000
DRM,20160705,1.14,1.15,1.105,1.11,1675620
DRO,20160705,0.245,0.255,0.245,0.255,44000
DRX,20160705,0.012,0.012,0.012,0.012,42000
DSB,20160705,0.091,0.091,0.09,0.09,68786
DSX,20160705,0.048,0.048,0.048,0.048,33334
DTI,20160705,0.41,0.41,0.41,0.41,7000
DTL,20160705,1.07,1.08,1.065,1.08,65334
DTX,20160705,0.38,0.42,0.38,0.42,7245
DUB,20160705,0.405,0.43,0.405,0.425,110671
DUE,20160705,2.47,2.485,2.46,2.47,6729896
DUI,20160705,3.31,3.31,3.26,3.26,46345
DVA,20160705,0.69,0.69,0.66,0.67,39447
DVI,20160705,0.014,0.015,0.014,0.015,149601
DWS,20160705,1.1,1.112,1.09,1.1,141844
DXB,20160705,0.007,0.007,0.007,0.007,11421715
DXS,20160705,9.32,9.36,9.14,9.2,2008170
DYE,20160705,0.205,0.205,0.2,0.205,73427
DYL,20160705,0.004,0.005,0.004,0.005,440000
EAI,20160705,0.79,0.79,0.785,0.785,50000
EAL,20160705,0.07,0.07,0.07,0.07,41572
EAR,20160705,0.22,0.225,0.215,0.225,166200
EAX,20160705,1.15,1.15,1.11,1.11,8660
ECG,20160705,0.3,0.3,0.28,0.28,73000
ECX,20160705,3.66,3.67,3.55,3.57,595796
EDE,20160705,0.25,0.255,0.242,0.245,1864197
EEG,20160705,0.017,0.017,0.017,0.017,37926
EEU,20160705,14.47,14.47,14.47,14.47,2871
EGG,20160705,1.24,1.24,1.22,1.24,30387
EGH,20160705,0.78,0.78,0.77,0.77,72625
EGI,20160705,0.92,0.93,0.92,0.93,64989
EGO,20160705,0.39,0.395,0.39,0.395,12751
EGS,20160705,0.45,0.46,0.45,0.46,1993868
EHE,20160705,4.75,4.755,4.58,4.6,667256
EHL,20160705,0.031,0.034,0.031,0.032,488783
ELD,20160705,3.75,3.79,3.69,3.7,385968
ELK,20160705,0.071,0.071,0.067,0.067,23500
ELM,20160705,0.16,0.17,0.16,0.16,237320
ELT,20160705,0.008,0.008,0.008,0.008,63000
ELX,20160705,0.985,0.99,0.985,0.985,14715
EMB,20160705,8.04,8.1,8,8.1,1133
EMC,20160705,0.835,0.84,0.8,0.835,379016
EMF,20160705,1.76,1.76,1.76,1.76,14205
EMG,20160705,0.011,0.011,0.011,0.011,1000000
EMH,20160705,0.41,0.42,0.405,0.41,299968
EML,20160705,1.23,1.23,1.16,1.18,2413986
EMR,20160705,0.047,0.048,0.046,0.047,2102147
EMX,20160705,0.05,0.05,0.049,0.05,468840
ENA,20160705,0.15,0.15,0.15,0.15,130000
ENN,20160705,1.9,1.9,1.87,1.9,15983
ENZ,20160705,0.18,0.18,0.18,0.18,428571
EOS,20160705,1.95,1.97,1.89,1.93,77958
EPD,20160705,0.315,0.33,0.315,0.33,85650
EPW,20160705,0.905,0.94,0.905,0.915,1098672
EQE,20160705,0.008,0.008,0.008,0.008,3000
EQT,20160705,16.36,16.4,16,16.03,7625
EQU,20160705,0.019,0.022,0.019,0.022,779116
EQX,20160705,0.33,0.335,0.33,0.335,140200
ERA,20160705,0.355,0.355,0.34,0.345,9112402
ERJ,20160705,0.023,0.024,0.023,0.023,261630
ERM,20160705,0.064,0.077,0.061,0.069,27665829
ESI,20160705,0.011,0.011,0.011,0.011,381881
ESR,20160705,0.019,0.019,0.019,0.019,55650
ETPMAG,20160705,26.25,26.25,25.38,25.6,46210
ETPMPD,20160705,77,77,77,77,0
ETPMPM,20160705,129.37,129.37,129.37,129.37,386
ETPMPT,20160705,129.79,129.79,129.79,129.79,0
EVE,20160705,0.009,0.011,0.009,0.011,11404231
EVN,20160705,2.95,2.96,2.72,2.77,9296808
EVT,20160705,14.5,14.75,14.44,14.45,37618
EWC,20160705,0.2,0.22,0.19,0.195,1701087
EXC,20160705,0.046,0.05,0.046,0.047,2936716
EXG,20160705,0.059,0.061,0.059,0.06,858500
EXM,20160705,0.006,0.006,0.005,0.005,3588309
EXU,20160705,0.075,0.076,0.074,0.075,3089836
EYM,20160705,0.002,0.002,0.002,0.002,214970
FAN,20160705,2.25,2.25,2.24,2.24,760
FAR,20160705,0.079,0.079,0.077,0.077,8828895
FBR,20160705,0.024,0.025,0.023,0.023,1321222
FBU,20160705,8.28,8.29,8.235,8.24,652332
FCT,20160705,0.24,0.24,0.24,0.24,2200
FET,20160705,2.61,2.71,2.585,2.71,144343
FFC,20160705,0.14,0.155,0.14,0.155,37222
FFI,20160705,3.5,3.5,3.5,3.5,1766
FFT,20160705,0.5,0.5,0.5,0.5,85000
FGG,20160705,1.065,1.075,1.05,1.065,133663
FGR,20160705,0.1,0.1,0.097,0.099,819498
FGX,20160705,1.115,1.12,1.115,1.115,180240
FID,20160705,2.42,2.42,2.42,2.42,14
FLN,20160705,1.59,1.595,1.56,1.58,49191
FLT,20160705,31.62,31.66,30.75,30.96,362069
FMG,20160705,3.85,3.88,3.81,3.83,12179873
FML,20160705,0.46,0.49,0.455,0.49,141801
FMS,20160705,0.025,0.026,0.025,0.026,247447
FND,20160705,0.165,0.165,0.165,0.165,5992
FNP,20160705,4.44,4.5,4.34,4.5,53179
FNT,20160705,0.029,0.029,0.029,0.029,59519
FOD,20160705,0.175,0.175,0.175,0.175,52002
FPH,20160705,9.85,9.93,9.84,9.87,183826
FRC,20160705,0.019,0.019,0.018,0.018,540000
FRI,20160705,0.83,0.83,0.83,0.83,14052
FRM,20160705,2.6,2.64,2.58,2.61,154409
FRN,20160705,0.022,0.022,0.022,0.022,300000
FSA,20160705,1.03,1.03,1.02,1.02,67800
FSF,20160705,5.26,5.36,5.22,5.33,10707
FTT,20160705,0.037,0.039,0.037,0.038,131864
FWD,20160705,1.91,1.93,1.91,1.915,25066
FXJ,20160705,0.88,0.885,0.87,0.875,15450421
FXL,20160705,1.83,1.835,1.77,1.77,2051561
G8C,20160705,0.032,0.032,0.03,0.03,1085873
GAP,20160705,0.375,0.375,0.37,0.37,110000
GBG,20160705,0.017,0.018,0.017,0.018,327185
GBI,20160705,0.2,0.23,0.2,0.23,22000
GBM,20160705,0.012,0.012,0.01,0.012,1967095
GBP,20160705,0.029,0.029,0.029,0.029,771
GBT,20160705,4.24,4.25,4.15,4.18,101542
GBX,20160705,0.005,0.005,0.005,0.005,400000
GBZ,20160705,0.013,0.013,0.013,0.013,483557
GCN,20160705,0.007,0.011,0.007,0.009,36219839
GCS,20160705,0.375,0.375,0.375,0.375,2700
GCY,20160705,0.575,0.585,0.57,0.585,427022
GDF,20160705,1.05,1.055,1.05,1.05,36736
GDI,20160705,0.9,0.905,0.89,0.89,245025
GDX,20160705,38.17,39.68,38.09,38.89,25644
GDY,20160705,0.025,0.026,0.025,0.025,120493
GEAR,20160705,17.85,17.85,17.5,17.5,19921
GEG,20160705,1.14,1.14,1.14,1.14,532593
GEM,20160705,3.85,3.85,3.75,3.76,1294299
GFL,20160705,1.375,1.375,1.36,1.36,6337
GFY,20160705,1.07,1.07,1.05,1.05,109559
GGE,20160705,0.004,0.004,0.004,0.004,105000
GGG,20160705,0.029,0.03,0.029,0.03,208758
GGH,20160705,0.002,0.002,0.002,0.002,2500000
GGL,20160705,0.043,0.043,0.04,0.04,384100
GGUS,20160705,9.45,9.45,9.41,9.41,7177
GGX,20160705,0.003,0.003,0.003,0.003,642974
GHC,20160705,2.2,2.23,2.19,2.2,46732
GJT,20160705,2.55,2.55,2.5,2.51,24947
GLF,20160705,0.009,0.009,0.009,0.009,400000
GLN,20160705,0.006,0.006,0.006,0.006,3772853
GMA,20160705,2.72,2.73,2.66,2.66,753122
GMC,20160705,0.004,0.005,0.003,0.004,20218752
GMD,20160705,0.02,0.02,0.019,0.019,318300
GME,20160705,0.029,0.029,0.029,0.029,100000
GMF,20160705,2.45,2.47,2.44,2.45,509710
GMG,20160705,7.18,7.18,7.09,7.13,2723444
GML,20160705,0.026,0.026,0.026,0.026,123698
GMM,20160705,0.83,0.845,0.79,0.795,852770
GMR,20160705,0.004,0.005,0.004,0.005,11201543
GNC,20160705,8.68,8.68,8.53,8.54,370437
GNE,20160705,2.07,2.07,2.02,2.03,34498
GNG,20160705,1.11,1.16,1.11,1.11,461832
GNX,20160705,0.155,0.16,0.155,0.16,188722
GOLD,20160705,171.05,171.43,169.6,170.35,5005
GOR,20160705,0.73,0.73,0.702,0.705,1514098
GOVT,20160705,26.64,26.64,26.56,26.56,522
GOW,20160705,3.34,3.34,3.3,3.3,780
GOZ,20160705,3.12,3.13,3.11,3.11,643135
GPH,20160705,0.12,0.12,0.115,0.115,425182
GPP,20160705,0.005,0.005,0.005,0.005,464000
GPR,20160705,0.025,0.026,0.025,0.026,241199
GPT,20160705,5.52,5.55,5.445,5.47,2989753
GPX,20160705,0.565,0.57,0.55,0.56,198266
GRA,20160705,0.35,0.35,0.35,0.35,18522
GRB,20160705,0.051,0.052,0.051,0.051,118000
GRR,20160705,0.095,0.1,0.095,0.099,2690035
GRY,20160705,0.19,0.19,0.185,0.19,1730491
GSC,20160705,0.057,0.057,0.051,0.051,3502585
GTE,20160705,0.019,0.02,0.019,0.019,148148
GTG,20160705,0.019,0.019,0.019,0.019,25000
GTK,20160705,2.64,2.65,2.62,2.62,121453
GTN,20160705,2.02,2.03,2.02,2.03,88461
GTY,20160705,2.86,2.86,2.83,2.86,167568
GUD,20160705,9.25,9.33,9.23,9.3,175584
GVF,20160705,1.05,1.05,1.05,1.05,210623
GWA,20160705,2.02,2.05,1.99,2,518657
GXL,20160705,6.33,6.33,6.22,6.26,441991
GXY,20160705,0.53,0.535,0.495,0.505,7360978
HAO,20160705,0.135,0.135,0.135,0.135,6296
HAV,20160705,0.4,0.4,0.395,0.4,175000
HAW,20160705,0.03,0.03,0.03,0.03,22663
HEG,20160705,0.001,0.002,0.001,0.002,1000000
HFA,20160705,2.31,2.31,2.24,2.25,132755
HFR,20160705,1.425,1.45,1.385,1.39,113832
HGG,20160705,3.65,3.67,3.61,3.64,15994150
HGO,20160705,0.1,0.11,0.091,0.095,599374
HHL,20160705,3.73,3.83,3.69,3.82,24341
HHV,20160705,1.33,1.34,1.33,1.34,105721
HHY,20160705,0.115,0.115,0.115,0.115,12500
HIG,20160705,0.063,0.067,0.063,0.065,1583538
HIL,20160705,0.26,0.265,0.235,0.235,266759
HLO,20160705,3.12,3.21,3.12,3.21,95380
HLX,20160705,0.076,0.078,0.076,0.078,566745
HMI,20160705,0.063,0.063,0.063,0.063,25000
HNR,20160705,0.015,0.015,0.014,0.015,1301606
HOM,20160705,0.42,0.42,0.42,0.42,17982
HOR,20160705,0.026,0.028,0.025,0.025,345400
HPI,20160705,3.05,3.07,3.02,3.04,74717
HRL,20160705,0.115,0.115,0.115,0.115,31626
HRR,20160705,0.155,0.16,0.155,0.155,868581
HSN,20160705,3.76,3.8,3.7,3.8,305903
HSO,20160705,2.88,2.88,2.82,2.85,1979272
HTA,20160705,0.078,0.078,0.076,0.076,56901
HUB,20160705,3.57,3.58,3.49,3.55,33903
HUO,20160705,3.43,3.52,3.43,3.49,15596
HVN,20160705,4.57,4.57,4.34,4.39,2540964
HVST,20160705,21.43,21.43,21.12,21.18,52324
HXG,20160705,0.15,0.15,0.15,0.15,448544
HZN,20160705,0.045,0.046,0.045,0.046,1841340
HZR,20160705,0.52,0.52,0.495,0.495,104017
IAA,20160705,59.11,59.8,59.1,59.37,7527
IAF,20160705,108.6,108.61,108.16,108.44,3366
IAG,20160705,5.59,5.59,5.44,5.48,9935435
IAU,20160705,0.127,0.13,0.127,0.13,40202
IBC,20160705,0.46,0.48,0.46,0.48,15773
IBG,20160705,0.05,0.05,0.048,0.049,459330
IBK,20160705,40.88,40.88,40.43,40.43,5424
ICG,20160705,0.004,0.005,0.004,0.005,2834000
ICN,20160705,0.029,0.03,0.029,0.03,159196
ICQ,20160705,0.845,0.85,0.84,0.84,86295
ICS,20160705,1.78,1.81,1.78,1.81,17745
ICT,20160705,0.039,0.039,0.037,0.037,119888
IDA,20160705,0.12,0.13,0.12,0.13,78860
IDR,20160705,2.14,2.16,2.14,2.14,39168
IDT,20160705,0.24,0.245,0.24,0.24,148901
IDX,20160705,1.43,1.5,1.43,1.46,18928
IDZ,20160705,0.415,0.415,0.415,0.415,22211
IEC,20160705,0.008,0.008,0.008,0.008,255318
IEL,20160705,4.2,4.2,4.05,4.09,338122
IEM,20160705,46.26,46.26,45.68,45.72,8207
IEU,20160705,50.11,50.11,49.7,49.73,18545
IFL,20160705,8.16,8.18,7.96,8,898845
IFM,20160705,0.59,0.59,0.58,0.58,590299
IFN,20160705,1.13,1.135,1.08,1.085,569924
IFT,20160705,2.98,2.98,2.98,2.98,2000
IGL,20160705,2.2,2.2,2.2,2.2,13888
IGO,20160705,3.7,3.79,3.56,3.56,5657372
IHCB,20160705,106.9,106.9,106.9,106.9,1187
IHD,20160705,12.73,12.73,12.65,12.65,10487
IHEB,20160705,106,106,106,106,2950
IHHY,20160705,102.6,102.6,102.6,102.6,1364
IHK,20160705,26.15,26.15,26.1,26.11,12800
IHOO,20160705,95.17,95.17,94.5,94.5,441
IHVV,20160705,263.8,264.15,263.8,264.15,197
IIL,20160705,0.38,0.38,0.355,0.355,78902
IJH,20160705,199.56,199.56,198.75,199.43,748
IJP,20160705,15.46,15.64,15.36,15.43,53743
IJR,20160705,155.45,155.45,155.08,155.24,1475
IKO,20160705,70.3,70.3,69.68,69.68,317
ILB,20160705,116,116.08,115.55,116.08,983
ILC,20160705,21.4,21.4,21.07,21.07,25051
ILU,20160705,6.9,7.06,6.9,6.91,1881708
IMC,20160705,0.25,0.25,0.25,0.25,6864
IMD,20160705,0.235,0.24,0.235,0.24,241478
IMF,20160705,1.58,1.59,1.54,1.54,107686
IMU,20160705,0.008,0.008,0.008,0.008,375000
INA,20160705,2.93,2.93,2.865,2.89,48208
IND,20160705,0.012,0.013,0.012,0.013,320000
INK,20160705,0.065,0.065,0.065,0.065,50000
INL,20160705,0.005,0.006,0.005,0.006,2000000
INM,20160705,53.52,53.52,52.9,53.13,30756
IOF,20160705,4.35,4.37,4.28,4.28,1058565
IOG,20160705,0.053,0.053,0.051,0.051,340000
IOO,20160705,96,96,94.94,95.39,11560
IOZ,20160705,21.77,21.77,21.43,21.44,42319
IPD,20160705,1,1.015,0.995,1.015,628219
IPE,20160705,0.235,0.235,0.235,0.235,546655
IPH,20160705,5.89,6.09,5.87,6.05,1552249
IPL,20160705,3.01,3.02,2.92,2.92,5638317
IPT,20160705,0.032,0.033,0.032,0.033,1367385
IQE,20160705,0.32,0.33,0.3,0.33,62000
IRC,20160705,0.11,0.11,0.11,0.11,103403
IRD,20160705,0.14,0.145,0.14,0.145,59850
IRE,20160705,11,11,10.8,10.96,356327
IRI,20160705,2.27,2.29,2.26,2.27,40912
IRU,20160705,153.74,153.74,153.11,153.31,860
ISD,20160705,3.16,3.16,3.05,3.14,1310338
ISO,20160705,4.28,4.28,4.2,4.21,100427
ISU,20160705,1.21,1.225,1.195,1.205,330133
ISX,20160705,0.175,0.18,0.175,0.175,427000
ITD,20160705,0.18,0.18,0.18,0.18,17100
ITQ,20160705,5.45,5.55,5.45,5.45,101643
ITW,20160705,18.9,18.9,18.72,18.79,584
IVC,20160705,13.45,13.48,13.12,13.17,312822
IVE,20160705,74.55,74.91,73.8,74.07,5115
IVR,20160705,0.042,0.044,0.041,0.041,1469895
IVV,20160705,280.72,281.05,279.85,280.58,10191
IVX,20160705,0.005,0.005,0.005,0.005,1950774
IWG,20160705,0.055,0.058,0.054,0.054,797500
IXI,20160705,134,134,132.81,132.89,1148
IXJ,20160705,136.09,136.09,135,135.3,3831
IXP,20160705,85.04,85.04,84.16,84.16,650
IZZ,20160705,45.55,46.02,45.37,45.43,9974
JAL,20160705,0.028,0.028,0.028,0.028,25000
JBH,20160705,24.6,24.75,23.65,23.76,455918
JCI,20160705,1.065,1.065,1.065,1.065,700
JCS,20160705,0.007,0.008,0.007,0.008,193012
JHC,20160705,2.52,2.53,2.47,2.5,590616
JHL,20160705,0.14,0.14,0.14,0.14,17500
JHX,20160705,21,21.055,20.57,20.67,455907
JIN,20160705,1.465,1.61,1.465,1.58,280982
JKL,20160705,0.235,0.235,0.225,0.225,163097
JPR,20160705,0.23,0.25,0.23,0.25,250000
JRV,20160705,0.058,0.058,0.058,0.058,41000
JYC,20160705,1.13,1.13,1.07,1.07,52618
KAI,20160705,0.059,0.059,0.055,0.056,752410
KAM,20160705,0.43,0.43,0.42,0.425,31000
KAR,20160705,1.32,1.33,1.295,1.32,507863
KAS,20160705,0.025,0.025,0.023,0.024,2381779
KAT,20160705,0.8,0.8,0.8,0.8,15000
KBC,20160705,0.16,0.16,0.16,0.16,17894
KBL,20160705,0.005,0.005,0.004,0.004,3202850
KDR,20160705,0.19,0.19,0.165,0.165,5401795
KFE,20160705,0.022,0.025,0.022,0.025,603066
KGD,20160705,0.026,0.026,0.026,0.026,28500
KGL,20160705,0.185,0.185,0.18,0.18,101284
KGM,20160705,0.028,0.028,0.028,0.028,68321
KII,20160705,2.21,2.21,2.21,2.21,1164
KIN,20160705,0.27,0.29,0.265,0.27,1479601
KKL,20160705,0.008,0.008,0.007,0.007,2170695
KLO,20160705,0.2,0.2,0.2,0.2,100000
KLR,20160705,0.026,0.026,0.026,0.026,242
KMD,20160705,1.53,1.545,1.52,1.53,230786
KNL,20160705,0.275,0.275,0.265,0.265,326946
KNO,20160705,0.24,0.24,0.235,0.235,25783
KOR,20160705,0.027,0.027,0.027,0.027,350000
KOV,20160705,2.21,2.25,2.21,2.25,1925
KPC,20160705,0.046,0.05,0.046,0.05,29750
KPT,20160705,16.5,16.5,16.5,16.5,774
KRC,20160705,0.008,0.008,0.008,0.008,3039731
KRL,20160705,0.005,0.006,0.004,0.006,867980
KRM,20160705,0.15,0.15,0.145,0.145,449910
KSC,20160705,1.31,1.31,1.31,1.31,8420
KSL,20160705,1.01,1.04,1.01,1.025,39795
KSN,20160705,0.027,0.027,0.024,0.027,1543192
KTE,20160705,0.025,0.025,0.025,0.025,166894
LAA,20160705,0.26,0.26,0.26,0.26,212578
LAU,20160705,0.467,0.47,0.46,0.47,548984
LBT,20160705,0.18,0.185,0.18,0.185,67750
LCK,20160705,0.225,0.23,0.21,0.23,266610
LCM,20160705,0.38,0.385,0.38,0.38,17000
LCT,20160705,0.088,0.089,0.082,0.089,1660128
LCY,20160705,0.007,0.007,0.006,0.006,642200
LEG,20160705,0.009,0.009,0.008,0.008,141500
LEP,20160705,4.44,4.49,4.44,4.47,30011
LER,20160705,0.13,0.135,0.13,0.135,53272
LGD,20160705,0.21,0.225,0.205,0.225,57500
LGR,20160705,0.1,0.1,0.1,0.1,36500
LHC,20160705,1.685,1.685,1.68,1.68,20000
LIT,20160705,0.27,0.27,0.265,0.265,826197
LKO,20160705,0.001,0.001,0.001,0.001,3505000
LLC,20160705,12.55,12.55,12.28,12.33,1705914
LLO,20160705,0.9,0.9,0.87,0.87,14430
LMG,20160705,0.032,0.032,0.032,0.032,133284
LML,20160705,0.061,0.061,0.057,0.057,70808
LMW,20160705,0.52,0.52,0.52,0.52,22067
LNG,20160705,0.78,0.785,0.745,0.745,3651258
LNK,20160705,8.54,8.55,8.3,8.34,1355738
LNU,20160705,0.077,0.077,0.073,0.073,286856
LNY,20160705,0.004,0.004,0.004,0.004,1245937
LOM,20160705,0.38,0.395,0.375,0.39,2468554
LOV,20160705,2.26,2.3,2.23,2.24,41789
LPE,20160705,0.039,0.039,0.038,0.038,1808886
LPI,20160705,0.295,0.295,0.265,0.265,278396
LRS,20160705,0.018,0.019,0.017,0.017,4894162
LSR,20160705,0.028,0.028,0.023,0.023,7401781
LSX,20160705,0.32,0.32,0.32,0.32,68035
LTN,20160705,0.135,0.135,0.135,0.135,5000
LTR,20160705,0.024,0.028,0.024,0.025,8315975
LVH,20160705,0.17,0.17,0.17,0.17,274041
LVT,20160705,0.2,0.215,0.2,0.215,13162
LWP,20160705,0.005,0.005,0.004,0.005,14470003
LYC,20160705,0.056,0.058,0.056,0.058,2732019
LYL,20160705,2.1,2.11,2.1,2.1,3663
M7T,20160705,0.036,0.036,0.031,0.035,2593749
MA1,20160705,0.955,0.96,0.955,0.96,121
MAD,20160705,0.067,0.077,0.067,0.072,1463834
MAH,20160705,0.091,0.091,0.088,0.09,985129
MAQ,20160705,11.87,12,11.87,12,1060
MAR,20160705,0.005,0.005,0.005,0.005,335369
MAT,20160705,0.21,0.22,0.18,0.2,893247
MAU,20160705,0.063,0.068,0.063,0.068,350000
MBC,20160705,0.083,0.083,0.083,0.083,5995
MBE,20160705,0.33,0.33,0.31,0.31,894846
MBK,20160705,0.02,0.025,0.02,0.021,10030527
MBO,20160705,0.043,0.045,0.043,0.044,370000
MCE,20160705,0.4,0.42,0.4,0.415,88703
MCP,20160705,0.89,0.93,0.89,0.93,34731
MCR,20160705,0.34,0.345,0.32,0.33,552103
MCS,20160705,0.02,0.02,0.02,0.02,111505
MCT,20160705,0.079,0.081,0.077,0.077,2766310
MDC,20160705,0.45,0.45,0.44,0.45,24000
MDI,20160705,0.044,0.045,0.044,0.045,198000
MDL,20160705,0.25,0.255,0.235,0.235,360481
MDR,20160705,0.041,0.042,0.039,0.039,2982851
MEA,20160705,0.94,0.975,0.93,0.975,112502
MEB,20160705,0.31,0.31,0.31,0.31,15478
MED,20160705,0.016,0.016,0.015,0.015,510004
MEI,20160705,0.012,0.013,0.012,0.013,58500
MEL,20160705,0.055,0.056,0.055,0.056,27565
MEO,20160705,0.016,0.016,0.016,0.016,1284
MEP,20160705,0.068,0.069,0.068,0.069,332946
MEU,20160705,0.02,0.02,0.019,0.019,131390
MEZ,20160705,2.49,2.49,2.49,2.49,38
MFF,20160705,1.845,1.875,1.845,1.875,158097
MFG,20160705,22.4,22.4,21.59,21.76,330984
MGC,20160705,1.18,1.185,1.15,1.155,506777
MGE,20160705,2.43,2.43,2.42,2.43,523347
MGL,20160705,0.038,0.038,0.036,0.036,46286
MGR,20160705,2.06,2.06,2.02,2.03,7479948
MGT,20160705,0.049,0.05,0.049,0.049,180000
MGV,20160705,0.065,0.065,0.061,0.062,1026703
MGX,20160705,0.28,0.28,0.27,0.27,1063885
MHC,20160705,0.033,0.033,0.033,0.033,15000
MHG,20160705,2.35,2.35,2.35,2.35,10550
MHM,20160705,0.033,0.033,0.033,0.033,10000
MIL,20160705,1.14,1.23,1.12,1.175,185419
MIN,20160705,8.8,8.89,8.61,8.88,1414803
MIR,20160705,2.82,2.82,2.8,2.81,28487
MJP,20160705,0.53,0.54,0.49,0.53,102659
MKB,20160705,0.009,0.009,0.008,0.009,3349876
MKO,20160705,0.061,0.061,0.055,0.055,268700
MLB,20160705,1.765,1.79,1.75,1.77,69112
MLD,20160705,1.385,1.392,1.36,1.375,305539
MLM,20160705,0.033,0.033,0.032,0.032,705847
MLT,20160705,4.24,4.25,4.21,4.24,163595
MLX,20160705,1.575,1.595,1.49,1.5,2468363
MMI,20160705,0.064,0.064,0.061,0.061,251395
MMJ,20160705,0.25,0.31,0.245,0.31,6502869
MML,20160705,0.74,0.772,0.73,0.76,2084940
MMS,20160705,14.22,14.3,13.79,13.82,239216
MNB,20160705,0.005,0.005,0.005,0.005,10452266
MNC,20160705,0.003,0.003,0.003,0.003,2100000
MND,20160705,7.84,7.84,7.61,7.72,446265
MNF,20160705,4,4,3.96,3.96,11964
MNS,20160705,0.965,0.97,0.95,0.965,708078
MNW,20160705,0.088,0.088,0.087,0.087,31000
MNY,20160705,1.115,1.125,1.102,1.12,351480
MOAT,20160705,43.73,43.73,43.72,43.72,683
MOC,20160705,2.05,2.05,1.96,1.96,136023
MOD,20160705,0.024,0.024,0.022,0.022,3180069
MOQ,20160705,0.28,0.28,0.28,0.28,20000
MOT,20160705,0.001,0.001,0.001,0.001,5000000
MOX,20160705,0.01,0.01,0.01,0.01,1049000
MOY,20160705,0.175,0.175,0.165,0.165,6843492
MP1,20160705,1.95,1.96,1.9,1.9,26162
MPE,20160705,0.004,0.004,0.004,0.004,357079
MPL,20160705,2.97,2.99,2.93,2.95,3691251
MPO,20160705,0.12,0.12,0.12,0.12,4766
MQA,20160705,5.35,5.49,5.35,5.48,2121508
MQG,20160705,69.23,69.23,67.59,67.7,812822
MRD,20160705,0.025,0.025,0.023,0.023,5800087
MRM,20160705,0.31,0.315,0.305,0.31,607322
MRN,20160705,0.95,0.95,0.95,0.95,3750
MRP,20160705,0.095,0.1,0.095,0.1,234904
MRV,20160705,0.004,0.004,0.004,0.004,835748
MSB,20160705,1.21,1.245,1.195,1.21,367338
MSG,20160705,0.033,0.033,0.033,0.033,42500
MSM,20160705,0.125,0.135,0.125,0.13,345755
MSP,20160705,0.035,0.035,0.033,0.033,339149
MSR,20160705,0.004,0.004,0.003,0.004,3260000
MSV,20160705,0.016,0.017,0.016,0.016,950000
MTA,20160705,0.057,0.057,0.055,0.056,226410
MTH,20160705,0.006,0.006,0.006,0.006,7110327
MTM,20160705,0.295,0.295,0.295,0.295,197500
MTO,20160705,2.75,2.79,2.75,2.79,13181
MTR,20160705,3.35,3.36,3.04,3.14,4981347
MTS,20160705,2.01,2.02,1.9,1.905,4961874
MUS,20160705,0.043,0.051,0.042,0.045,11524563
MVA,20160705,21.47,21.47,21.29,21.29,1399
MVF,20160705,1.85,1.88,1.832,1.86,234905
MVP,20160705,6.4,6.41,6.17,6.29,59281
MVS,20160705,17,17.02,17,17.02,668
MVT,20160705,0.14,0.14,0.14,0.14,476
MVW,20160705,23.4,23.4,23.23,23.23,23062
MWR,20160705,0.66,0.7,0.66,0.7,19981
MX1,20160705,0.31,0.31,0.295,0.295,16525
MXC,20160705,0.042,0.047,0.042,0.047,6302741
MXI,20160705,0.405,0.41,0.4,0.41,140224
MXR,20160705,0.004,0.004,0.003,0.003,5646850
MYE,20160705,0.11,0.11,0.11,0.11,9260
MYO,20160705,3.53,3.55,3.42,3.46,562680
MYR,20160705,1.15,1.15,1.11,1.115,7668283
MYS,20160705,4.11,4.12,4.09,4.1,37996
MYT,20160705,2.87,2.87,2.87,2.87,12
MYX,20160705,1.865,1.867,1.805,1.805,9834034
MZI,20160705,0.31,0.32,0.3,0.3,107882
MZM,20160705,0.21,0.22,0.2,0.2,75455
MZN,20160705,0.009,0.009,0.009,0.009,500000
N1H,20160705,0.245,0.245,0.245,0.245,10000
NAB,20160705,25.01,25.05,24.6,24.68,4428631
NAE,20160705,0.009,0.009,0.009,0.009,130000
NAG,20160705,0.16,0.17,0.155,0.155,712391
NAN,20160705,2.3,2.3,2.27,2.3,330693
NCC,20160705,1.02,1.02,1.02,1.02,20960
NCK,20160705,4.97,5.005,4.94,4.98,52909
NCM,20160705,25.41,25.66,24.81,25.12,5057899
NDQ,20160705,10.24,10.24,10.2,10.24,8013
NEA,20160705,0.48,0.48,0.465,0.47,403144
NEC,20160705,1.05,1.05,1.03,1.035,844125
NEN,20160705,0.26,0.265,0.26,0.265,9080
NEU,20160705,0.061,0.061,0.059,0.06,406646
NHC,20160705,1.435,1.575,1.435,1.54,336646
NHF,20160705,4.22,4.31,4.18,4.3,401272
NIO,20160705,0.023,0.023,0.023,0.023,86956
NKP,20160705,0.072,0.075,0.072,0.074,239148
NME,20160705,0.008,0.009,0.008,0.009,23000
NMG,20160705,0.007,0.007,0.007,0.007,1792
NMI,20160705,0.014,0.014,0.014,0.014,40000
NMT,20160705,0.455,0.46,0.445,0.445,942729
NNW,20160705,0.12,0.12,0.12,0.12,150000
NOR,20160705,0.03,0.031,0.029,0.03,10064518
NPX,20160705,4.93,4.93,4.93,4.93,2225
NRT,20160705,0.099,0.1,0.098,0.098,133169
NSL,20160705,0.017,0.018,0.016,0.016,30515195
NSR,20160705,1.62,1.62,1.577,1.6,2867752
NST,20160705,5.6,5.705,5.385,5.53,4862408
NTC,20160705,2.46,2.47,2.32,2.34,223512
NTL,20160705,0.007,0.007,0.006,0.007,5762783
NTM,20160705,0.041,0.043,0.038,0.042,2092693
NTU,20160705,0.074,0.076,0.074,0.076,566093
NUF,20160705,7.49,7.595,7.41,7.57,637586
NUH,20160705,0.06,0.063,0.06,0.062,1665001
NVL,20160705,1.26,1.32,1.25,1.28,222381
NVT,20160705,5.68,5.69,5.52,5.55,690993
NWH,20160705,0.227,0.235,0.225,0.235,350270
NWS,20160705,15.89,16.08,15.86,16,171635
NWZ,20160705,0.013,0.014,0.013,0.014,2223566
NXM,20160705,0.085,0.085,0.08,0.08,45000
NXT,20160705,3.54,3.55,3.5,3.53,263753
NZM,20160705,0.7,0.725,0.67,0.725,251216
OBJ,20160705,0.08,0.08,0.078,0.078,978520
OBL,20160705,0.007,0.007,0.007,0.007,2000000
OCC,20160705,0.31,0.33,0.31,0.325,59000
OCL,20160705,1.71,1.71,1.71,1.71,10250
OCP,20160705,1.8,1.8,1.79,1.79,20431
ODN,20160705,0.01,0.01,0.009,0.01,2194452
OEC,20160705,0.695,0.71,0.695,0.7,58675
OEL,20160705,0.044,0.044,0.042,0.043,1985564
OFX,20160705,2.4,2.45,2.38,2.42,794071
OGC,20160705,5.52,5.59,5.44,5.44,559554
OGX,20160705,0.275,0.28,0.26,0.27,850984
OKU,20160705,0.24,0.25,0.22,0.225,2640799
OML,20160705,4.95,5.02,4.88,5,406077
OMT,20160705,0.025,0.029,0.025,0.029,125000
ONE,20160705,4.6,4.6,4.55,4.55,13514
ONT,20160705,7.09,7.3,7.09,7.3,7845
OOK,20160705,0.029,0.029,0.027,0.027,3020000
OOO,20160705,16.16,16.16,15.95,15.95,3726
OPG,20160705,0.48,0.48,0.48,0.48,30000
OPT,20160705,0.51,0.51,0.505,0.505,6100
ORA,20160705,2.81,2.81,2.74,2.74,2176685
ORE,20160705,4.95,5.05,4.88,4.95,793684
ORG,20160705,5.91,5.91,5.795,5.82,3725422
ORI,20160705,12.45,12.7,12.44,12.61,2174174
ORL,20160705,2.1,2.17,2.1,2.1,4065
ORR,20160705,0.325,0.34,0.32,0.34,95519
OSH,20160705,6.96,6.97,6.86,6.9,3186228
OSL,20160705,0.135,0.15,0.135,0.14,509392
OTC,20160705,0.24,0.24,0.235,0.235,111143
OTH,20160705,0.71,0.71,0.705,0.71,41639
OTW,20160705,2.3,2.3,2.2,2.23,27700
OVH,20160705,0.62,0.63,0.615,0.615,10114
OVL,20160705,0.009,0.009,0.009,0.009,1678536
OVR,20160705,0.007,0.007,0.007,0.007,2584061
OXX,20160705,0.034,0.034,0.034,0.034,15000
OZF,20160705,18,18,17.76,17.76,3546
OZG,20160705,0.14,0.14,0.135,0.135,165211
OZL,20160705,6.1,6.13,5.95,5.97,1614295
OZR,20160705,7.04,7.04,7.04,7.04,2106
PAA,20160705,0.083,0.083,0.081,0.081,18758
PAB,20160705,0.005,0.005,0.005,0.005,5493063
PAC,20160705,4.75,4.83,4.65,4.79,38489
PAF,20160705,0.93,0.96,0.93,0.96,195873
PAI,20160705,0.9,0.91,0.89,0.9,145911
PAK,20160705,0.15,0.155,0.15,0.155,319782
PAN,20160705,0.17,0.18,0.16,0.16,2242712
PAR,20160705,0.37,0.37,0.36,0.37,63700
PBT,20160705,0.11,0.11,0.105,0.105,191314
PCL,20160705,0.004,0.004,0.004,0.004,55100
PDI,20160705,0.008,0.009,0.008,0.009,2100222
PDN,20160705,0.195,0.2,0.192,0.195,4741557
PDZ,20160705,0.17,0.17,0.165,0.165,56048
PEA,20160705,0.48,0.48,0.48,0.48,19400
PEH,20160705,0.093,0.093,0.093,0.093,50958
PEN,20160705,0.52,0.55,0.52,0.53,33343
PEP,20160705,2.22,2.25,2.22,2.25,9175
PEX,20160705,0.165,0.17,0.165,0.165,723648
PFL,20160705,1.68,1.69,1.67,1.685,112270
PGC,20160705,0.71,0.71,0.695,0.705,73362
PGF,20160705,0.83,0.835,0.825,0.835,242690
PGH,20160705,6,6,5.83,5.83,821272
PGI,20160705,0.1,0.105,0.1,0.105,40000
PGM,20160705,0.096,0.096,0.091,0.093,327433
PGO,20160705,0.094,0.1,0.092,0.1,926256
PGR,20160705,0.6,0.6,0.6,0.6,25000
PGY,20160705,0.002,0.002,0.002,0.002,1995000
PHG,20160705,0.225,0.225,0.225,0.225,10424
PHK,20160705,0.093,0.093,0.09,0.09,300014
PIC,20160705,0.93,0.93,0.925,0.93,34900
PIL,20160705,0.021,0.021,0.02,0.02,3893402
PIO,20160705,0.035,0.035,0.033,0.034,10900173
PIQ,20160705,0.265,0.27,0.26,0.27,100000
PLH,20160705,0.135,0.2,0.135,0.2,1292213
PLP,20160705,0.019,0.019,0.017,0.017,18429866
PLS,20160705,0.725,0.74,0.662,0.67,11988679
PMC,20160705,1.6,1.615,1.59,1.615,116838
PME,20160705,5.25,5.72,5.25,5.55,147290
PML,20160705,0.075,0.075,0.072,0.075,274051
PMP,20160705,0.54,0.55,0.54,0.545,80069
PMV,20160705,14.57,14.59,14.06,14.1,191936
PMY,20160705,0.009,0.01,0.008,0.01,2012943
PNC,20160705,1.69,1.74,1.69,1.74,7704
PNN,20160705,0.034,0.036,0.034,0.036,816079
PNR,20160705,0.135,0.135,0.135,0.135,2118481
PNV,20160705,0.29,0.29,0.28,0.29,705553
PNX,20160705,0.019,0.019,0.018,0.018,140000
POH,20160705,0.014,0.014,0.014,0.014,790000
POS,20160705,0.069,0.071,0.063,0.067,5496366
POU,20160705,17.5,17.5,17.46,17.47,10188
POW,20160705,0.012,0.012,0.012,0.012,140000
PPC,20160705,0.91,0.96,0.91,0.94,33799
PPL,20160705,0.56,0.58,0.54,0.58,36144
PPS,20160705,0.345,0.345,0.34,0.34,119152
PPT,20160705,41.3,41.3,40.3,40.36,96294
PRG,20160705,1.7,1.71,1.665,1.675,492180
PRO,20160705,1.15,1.15,1.105,1.12,30200
PRR,20160705,0.042,0.042,0.04,0.041,3983529
PRT,20160705,0.32,0.325,0.315,0.32,888463
PRU,20160705,0.65,0.695,0.62,0.63,12417137
PRY,20160705,3.93,3.985,3.865,3.93,1355916
PSA,20160705,0.14,0.145,0.14,0.145,20000
PSC,20160705,0.03,0.032,0.028,0.028,64899103
PSI,20160705,1.63,1.63,1.6,1.62,16478
PSM,20160705,0.026,0.026,0.026,0.026,110000
PSQ,20160705,2.02,2.08,2,2.08,5229
PSY,20160705,0.105,0.12,0.105,0.12,862152
PSZ,20160705,0.41,0.415,0.405,0.41,106745
PTB,20160705,0.4,0.4,0.4,0.4,10000
PTL,20160705,0.575,0.575,0.575,0.575,4836
PTM,20160705,5.78,5.8,5.66,5.69,794271
PTX,20160705,0.09,0.09,0.086,0.09,286680
PUN,20160705,0.052,0.052,0.052,0.052,127060
PVD,20160705,0.027,0.027,0.027,0.027,16500
PVE,20160705,0.008,0.008,0.008,0.008,628121
PWH,20160705,2.75,2.75,2.62,2.66,78398
PWN,20160705,0.031,0.033,0.03,0.03,1042146
PXS,20160705,0.255,0.26,0.247,0.25,428155
QAN,20160705,2.8,2.82,2.74,2.79,11800906
QAU,20160705,14.23,14.23,14.1,14.1,23417
QBE,20160705,10.51,10.51,10.26,10.3,3657582
QBL,20160705,0.009,0.009,0.008,0.008,9410276
QCB,20160705,9.7,9.7,9.61,9.61,4633
QFN,20160705,9.94,9.94,9.9,9.9,2456
QHL,20160705,0.135,0.135,0.135,0.135,127847
QMIX,20160705,14.99,14.99,14.99,14.99,0
QMS,20160705,1.22,1.26,1.22,1.24,39241
QOZ,20160705,11.02,11.02,10.99,11,23480
QRE,20160705,3.9,3.9,3.9,3.9,22425
QUAL,20160705,18.17,18.17,18.12,18.15,18672
QUB,20160705,2.21,2.225,2.17,2.19,1536673
QUR,20160705,0.025,0.025,0.025,0.025,112000
QUS,20160705,27.28,27.28,27.28,27.28,2221
QVE,20160705,1.07,1.08,1.07,1.08,114449
RAP,20160705,0.33,0.335,0.31,0.31,11848372
RARI,20160705,22.56,22.56,22.56,22.56,0
RAW,20160705,0.055,0.055,0.055,0.055,25000
RBL,20160705,1.02,1.02,0.975,0.98,75975
RCB,20160705,20.48,20.49,20.38,20.49,9016
RCE,20160705,0.25,0.25,0.25,0.25,9000
RCG,20160705,1.78,1.8,1.74,1.79,3526359
RCP,20160705,0.002,0.002,0.002,0.002,2072983
RCR,20160705,1.725,1.745,1.705,1.715,53120
RCT,20160705,3.65,3.65,3.55,3.56,6146
RCU,20160705,0.053,0.06,0.053,0.06,110000
RDM,20160705,0.096,0.105,0.096,0.1,481640
RDV,20160705,26.88,26.88,26.75,26.75,3806
REA,20160705,60.5,60.54,59.75,60.12,240491
RED,20160705,0.08,0.082,0.078,0.078,538331
REF,20160705,0.12,0.12,0.12,0.12,5685
REG,20160705,4.7,4.75,4.68,4.71,967840
REH,20160705,36.8,36.8,36.25,36.62,1568
RER,20160705,0.016,0.016,0.016,0.016,801602
RES,20160705,0.082,0.082,0.077,0.079,166000
REV,20160705,0.075,0.075,0.073,0.073,76400
REX,20160705,0.775,0.775,0.775,0.775,8964
REY,20160705,0.03,0.03,0.03,0.03,381700
RFF,20160705,1.61,1.75,1.6,1.66,650048
RFG,20160705,5.59,5.59,5.51,5.54,326981
RFL,20160705,0.1,0.1,0.1,0.1,43287
RFN,20160705,0.165,0.17,0.15,0.15,332025
RFT,20160705,0.025,0.031,0.025,0.028,6056746
RFX,20160705,0.545,0.555,0.54,0.545,334730
RGB,20160705,22.05,22.05,22.05,22.05,1000
RGS,20160705,0.15,0.15,0.15,0.15,8500
RGU,20160705,0.01,0.01,0.01,0.01,1722000
RHC,20160705,71.89,71.9,70.62,71.36,247693
RHL,20160705,3.42,3.45,3.41,3.43,4746
RHP,20160705,0.9,0.9,0.86,0.89,34037
RHS,20160705,0.14,0.14,0.14,0.14,7142
RIC,20160705,1.39,1.43,1.38,1.42,463073
RIE,20160705,0.02,0.022,0.02,0.022,500000
RIM,20160705,0.018,0.018,0.018,0.018,418157
RIO,20160705,47.99,48.235,47.56,47.77,1958477
RKN,20160705,1.42,1.42,1.33,1.36,166461
RLE,20160705,0.095,0.098,0.095,0.098,94389
RMD,20160705,8.5,8.5,8.435,8.45,896960
RMG,20160705,0.014,0.014,0.012,0.012,238181
RMR,20160705,0.002,0.002,0.002,0.002,327421
RMS,20160705,0.46,0.47,0.455,0.46,2726210
RMX,20160705,0.001,0.001,0.001,0.001,287193774
RNI,20160705,0.015,0.015,0.014,0.014,364728
RNL,20160705,0.008,0.008,0.008,0.008,550000
RNO,20160705,0.02,0.021,0.02,0.02,2790244
RNS,20160705,0.059,0.059,0.059,0.059,45586
RNT,20160705,0.155,0.16,0.15,0.155,542200
RNU,20160705,0.019,0.019,0.019,0.019,70000
RNY,20160705,0.13,0.13,0.13,0.13,500000
RRL,20160705,3.73,3.83,3.67,3.7,4116990
RRS,20160705,0.006,0.006,0.006,0.006,51333
RSG,20160705,1.5,1.502,1.37,1.405,4829640
RSH,20160705,0.047,0.049,0.045,0.046,709039
RSM,20160705,20.81,20.82,20.81,20.82,1017
RTG,20160705,0.6,0.62,0.6,0.61,187345
RTR,20160705,0.021,0.021,0.02,0.02,2557797
RUM,20160705,0.021,0.021,0.021,0.021,58158
RVA,20160705,1.09,1.09,1.05,1.05,846
RVL,20160705,25.93,25.93,25.93,25.93,56
RVR,20160705,0.14,0.14,0.13,0.13,738237
RVY,20160705,0.028,0.028,0.028,0.028,200000
RWC,20160705,3.1,3.12,3.08,3.1,216051
RWH,20160705,1.085,1.085,1.06,1.06,22858
RXH,20160705,0.079,0.079,0.078,0.078,23916
RXL,20160705,0.022,0.022,0.021,0.022,560365
RXM,20160705,0.054,0.056,0.05,0.052,1000867
RXP,20160705,0.56,0.595,0.56,0.59,90654
S2R,20160705,0.3,0.305,0.285,0.3,267737
S32,20160705,1.605,1.635,1.602,1.615,21541662
SAI,20160705,3.64,3.65,3.5,3.54,3111491
SAR,20160705,1.605,1.64,1.56,1.58,6861101
SAS,20160705,0.021,0.022,0.02,0.021,4662670
SAU,20160705,0.325,0.325,0.295,0.3,650000
SAY,20160705,0.003,0.003,0.003,0.003,3629295
SBB,20160705,0.021,0.022,0.021,0.022,1581600
SBM,20160705,3.4,3.42,3.25,3.34,5379680
SBR,20160705,0.01,0.01,0.01,0.01,610000
SBU,20160705,0.009,0.009,0.009,0.009,100000
SCG,20160705,5.03,5.045,4.95,5.02,6820913
SCI,20160705,0.05,0.05,0.048,0.048,1290293
SCP,20160705,2.3,2.32,2.285,2.3,1792421
SDA,20160705,3.63,3.72,3.56,3.59,166555
SDF,20160705,1.95,1.95,1.915,1.94,1893636
SDG,20160705,1.425,1.43,1.38,1.425,30250
SDI,20160705,0.59,0.61,0.575,0.6,1031144
SDL,20160705,0.003,0.003,0.003,0.003,4144500
SEA,20160705,0.105,0.11,0.1,0.1,2131869
SEG,20160705,0.002,0.002,0.002,0.002,1600000
SEH,20160705,0.102,0.105,0.1,0.1,1191075
SEK,20160705,15.2,15.2,14.9,15.15,876420
SEN,20160705,0.097,0.098,0.096,0.096,630236
SEQ,20160705,0.002,0.002,0.002,0.002,10500000
SER,20160705,0.015,0.015,0.014,0.014,450000
SES,20160705,0.09,0.09,0.09,0.09,27885
SFG,20160705,0.072,0.072,0.07,0.072,400173
SFH,20160705,0.545,0.55,0.545,0.55,57117
SFI,20160705,0.068,0.068,0.066,0.066,1201026
SFL,20160705,0.195,0.195,0.195,0.195,128659
SFR,20160705,5.43,5.5,5.37,5.39,1695974
SFX,20160705,0.43,0.45,0.43,0.45,131780
SFY,20160705,49.28,49.28,48.98,48.98,11691
SGF,20160705,3.72,3.75,3.6,3.64,99237
SGH,20160705,0.41,0.42,0.405,0.405,948069
SGM,20160705,8.28,8.405,8.24,8.3,781522
SGP,20160705,4.8,4.82,4.74,4.8,4592481
SGQ,20160705,0.17,0.17,0.15,0.155,1214646
SGR,20160705,5.6,5.6,5.52,5.56,3516833
SHJ,20160705,0.995,1.06,0.995,1.035,82136
SHK,20160705,0.003,0.003,0.003,0.003,790000
SHL,20160705,21.51,21.64,21.32,21.58,765480
SHM,20160705,0.805,0.81,0.8,0.805,173382
SHV,20160705,7.55,7.65,7.33,7.38,664665
SIO,20160705,0.31,0.315,0.305,0.315,184628
SIP,20160705,1.19,1.19,1.145,1.15,2309284
SIQ,20160705,6.07,6.24,6.07,6.19,1283830
SIV,20160705,10.9,10.94,10.59,10.72,29046
SKB,20160705,0.48,0.48,0.48,0.48,27000
SKC,20160705,4.48,4.51,4.455,4.48,470005
SKF,20160705,0.075,0.075,0.075,0.075,13000
SKI,20160705,2.49,2.52,2.46,2.52,3541543
SKT,20160705,4.61,4.62,4.54,4.55,317034
SLC,20160705,2.31,2.35,2.27,2.31,584774
SLF,20160705,13.82,13.82,13.66,13.73,53811
SLK,20160705,4.16,4.29,4.16,4.23,67929
SLM,20160705,0.44,0.44,0.42,0.42,52169
SLR,20160705,0.585,0.61,0.565,0.575,7550076
SLX,20160705,0.33,0.34,0.33,0.34,11935
SM8,20160705,0.24,0.24,0.225,0.23,26320
SMA,20160705,0.034,0.035,0.034,0.035,1164564
SMD,20160705,0.008,0.008,0.008,0.008,1838416
SMI,20160705,0.06,0.06,0.06,0.06,8446
SMN,20160705,1.815,1.815,1.74,1.755,195072
SMP,20160705,0.18,0.19,0.18,0.18,425014
SMR,20160705,0.3,0.3,0.285,0.29,38772
SMX,20160705,1.64,1.65,1.62,1.62,228967
SNC,20160705,0.8,0.8,0.79,0.8,33275
SNZ,20160705,4.25,4.25,4.25,4.25,300000
SO4,20160705,0.37,0.37,0.355,0.365,116341
SOL,20160705,16.96,17,16.8,16.86,71071
SOM,20160705,3.55,3.59,3.45,3.55,59577
SOR,20160705,0.13,0.132,0.13,0.13,360191
SPB,20160705,0.067,0.086,0.065,0.083,3477474
SPI,20160705,0.08,0.08,0.075,0.075,38000
SPK,20160705,3.4,3.43,3.38,3.39,605380
SPL,20160705,0.64,0.66,0.63,0.645,177591
SPO,20160705,1.175,1.2,1.155,1.195,7507673
SPZ,20160705,0.28,0.28,0.28,0.28,5000
SRF,20160705,0.22,0.235,0.215,0.225,1373689
SRG,20160705,1.14,1.15,1.1,1.1,137028
SRI,20160705,0.02,0.021,0.02,0.021,717843
SRV,20160705,6.99,6.99,6.88,6.93,28702
SRX,20160705,26.51,26.6,25.96,26.09,237975
SRY,20160705,0.073,0.073,0.073,0.073,47397
SSG,20160705,1.05,1.055,1.04,1.05,1173211
SSM,20160705,0.82,0.835,0.805,0.82,234681
SSN,20160705,0.005,0.006,0.005,0.005,1961148
SSO,20160705,12.38,12.41,12.38,12.41,2731
ST1,20160705,0.026,0.027,0.025,0.025,1125099
STA,20160705,0.005,0.006,0.005,0.006,534999
STL,20160705,0.037,0.037,0.036,0.036,480665
STO,20160705,4.7,4.8,4.7,4.72,4414855
STW,20160705,49.56,49.56,48.92,48.93,279628
STX,20160705,0.11,0.11,0.11,0.11,123740
SUD,20160705,0.021,0.022,0.021,0.022,220005
SUL,20160705,8.79,8.84,8.55,8.6,486467
SUM,20160705,0.049,0.049,0.048,0.048,98961
SUN,20160705,12.34,12.34,12.065,12.13,2159949
SVL,20160705,0.245,0.245,0.21,0.23,6473829
SVM,20160705,0.09,0.09,0.079,0.08,944600
SVW,20160705,6.52,6.57,6.45,6.52,183719
SW1,20160705,0.22,0.22,0.21,0.21,174000
SWK,20160705,0.145,0.145,0.14,0.145,149993
SWL,20160705,0.735,0.735,0.735,0.735,603
SWM,20160705,1.055,1.057,1.03,1.03,1964992
SXE,20160705,0.55,0.55,0.545,0.55,47027
SXL,20160705,1.225,1.225,1.185,1.19,780604
SXY,20160705,0.265,0.27,0.26,0.27,2804038
SYA,20160705,0.036,0.038,0.036,0.036,1843988
SYD,20160705,7.18,7.18,7.02,7.08,3892510
SYI,20160705,25.58,25.59,25.58,25.59,974
SYR,20160705,6.49,6.49,6.05,6.08,2739626
TAH,20160705,4.64,4.65,4.59,4.62,5047601
TAM,20160705,0.055,0.066,0.055,0.059,3133080
TAP,20160705,0.093,0.093,0.093,0.093,3000
TAS,20160705,0.165,0.17,0.165,0.17,45716
TAW,20160705,0.031,0.031,0.031,0.031,4538
TBH,20160705,0.195,0.195,0.19,0.19,100278
TCH,20160705,1.65,1.65,1.61,1.62,172217
TCL,20160705,12.11,12.14,11.96,12.09,3090192
TCN,20160705,0.067,0.067,0.067,0.067,25000
TEG,20160705,0.002,0.002,0.002,0.002,4780035
TEN,20160705,0.92,0.94,0.91,0.94,182091
TER,20160705,0.018,0.018,0.014,0.014,9967993
TFC,20160705,1.46,1.465,1.425,1.445,244351
TFG,20160705,0.27,0.27,0.265,0.265,77865
TFL,20160705,0.31,0.325,0.31,0.32,288550
TGA,20160705,1.39,1.39,1.262,1.27,1532656
TGG,20160705,1.155,1.16,1.15,1.15,133770
TGH,20160705,1.605,1.61,1.515,1.6,137016
TGP,20160705,0.955,0.96,0.945,0.955,51998
TGR,20160705,4.15,4.15,4.07,4.1,525128
TGS,20160705,0.047,0.048,0.044,0.045,4652000
TGZ,20160705,1.25,1.25,1.18,1.185,126299
THD,20160705,0.039,0.039,0.037,0.037,1232578
THX,20160705,0.058,0.059,0.058,0.058,283864
TIA,20160705,0.695,0.695,0.695,0.695,1000
TIX,20160705,2.7,2.72,2.665,2.68,461307
TKF,20160705,0.075,0.075,0.071,0.071,252308
TLG,20160705,0.305,0.305,0.295,0.295,96754
TLM,20160705,0.39,0.39,0.38,0.385,374341
TLS,20160705,5.55,5.575,5.5,5.51,17220493
TME,20160705,4.6,4.635,4.54,4.55,994139
TMP,20160705,0.42,0.42,0.395,0.4,39102
TMX,20160705,0.01,0.01,0.008,0.008,1390000
TMZ,20160705,0.037,0.039,0.037,0.039,22500
TNE,20160705,5.1,5.11,5,5.02,1166656
TNG,20160705,0.125,0.13,0.125,0.125,1490688
TNK,20160705,1.84,1.84,1.79,1.79,91795
TNR,20160705,0.25,0.25,0.235,0.245,262508
TOE,20160705,0.047,0.047,0.045,0.045,804606
TOF,20160705,2.225,2.23,2.21,2.21,46232
TOP,20160705,0.58,0.585,0.57,0.585,175773
TOU,20160705,0.084,0.1,0.084,0.1,322240
TOX,20160705,2.75,2.75,2.66,2.68,118099
TPE,20160705,2.86,2.9,2.76,2.76,9378
TPM,20160705,12,12.15,11.905,11.96,750166
TPP,20160705,0.24,0.24,0.23,0.24,54708
TPS,20160705,0.016,0.017,0.016,0.017,718916
TPW,20160705,0.16,0.16,0.16,0.16,4500
TRL,20160705,0.097,0.097,0.096,0.096,377874
TRS,20160705,12.35,12.35,11.9,12.01,59028
TRY,20160705,0.62,0.655,0.61,0.62,2461657
TSM,20160705,0.38,0.38,0.38,0.38,4000
TSN,20160705,0.021,0.021,0.019,0.019,3503600
TSV,20160705,0.016,0.017,0.016,0.017,337100
TTA,20160705,0.029,0.029,0.029,0.029,111175
TTC,20160705,0.57,0.57,0.57,0.57,40000
TTE,20160705,0.005,0.005,0.004,0.004,1649500
TTI,20160705,0.025,0.025,0.025,0.025,20000
TTL,20160705,0.03,0.032,0.029,0.03,1308334
TTS,20160705,3.84,3.84,3.77,3.8,6756164
TUP,20160705,0.1,0.1,0.1,0.1,3000
TV2,20160705,0.03,0.03,0.027,0.027,13353355
TWD,20160705,3.1,3.1,3.1,3.1,1600
TWE,20160705,9.5,9.55,9.23,9.31,2247283
TWH,20160705,0.013,0.013,0.011,0.012,1593570
TWR,20160705,1.29,1.31,1.28,1.28,50202
TYK,20160705,0.011,0.011,0.011,0.011,762929
TZL,20160705,0.1,0.105,0.1,0.1,110935
UBE,20160705,17.64,17.64,17.45,17.45,620
UBJ,20160705,18.46,18.46,18.46,18.46,500
UBU,20160705,20.66,20.66,20.66,20.66,133
UCM,20160705,0.245,0.25,0.24,0.24,52926
UGL,20160705,2.13,2.14,2.1,2.1,194040
UMAX,20160705,16.77,16.78,16.72,16.73,11179
UNS,20160705,0.085,0.093,0.085,0.089,1513533
UNV,20160705,0.2,0.2,0.2,0.2,15631
UOS,20160705,0.48,0.48,0.48,0.48,62563
UPD,20160705,0.285,0.305,0.285,0.29,1081934
UPG,20160705,1.2,1.2,1.19,1.19,114773
URF,20160705,2.08,2.08,2.07,2.07,198169
URI,20160705,2.05,2.05,2.05,2.05,1096
USD,20160705,13,13.02,12.95,12.98,158735
USF,20160705,2.14,2.14,2.14,2.14,7010
USR,20160705,0.55,0.55,0.55,0.55,18200
VAE,20160705,50.43,50.43,49.95,50.18,3549
VAF,20160705,50.16,50.37,50.04,50.23,39226
VAH,20160705,0.2,0.205,0.195,0.2,2085869
VAP,20160705,86.5,86.5,85.24,85.57,25433
VAS,20160705,67.43,67.43,66.58,66.67,55742
VCF,20160705,51.49,51.55,51.49,51.55,472
VCX,20160705,3.41,3.41,3.35,3.35,12687020
VEQ,20160705,44.51,44.51,44.51,44.51,64
VEU,20160705,57.46,57.46,56.8,57.02,14776
VGAD,20160705,51.95,51.99,51.54,51.54,7519
VGB,20160705,50.69,50.79,50.69,50.75,24097
VGE,20160705,53.37,53.37,52.9,52.9,985
VGS,20160705,55.6,55.6,54.38,54.48,7140
VHT,20160705,0.35,0.35,0.345,0.345,25000
VHY,20160705,55.83,55.83,55.29,55.36,8797
VIC,20160705,0.005,0.005,0.005,0.005,11377147
VIF,20160705,53.34,53.39,53.21,53.39,785
VIP,20160705,0.18,0.19,0.18,0.19,20000
VIT,20160705,1.55,1.57,1.51,1.515,159341
VKA,20160705,0.02,0.02,0.02,0.02,346806
VLA,20160705,1,1.035,0.985,1.02,1141341
VLC,20160705,55.6,55.6,55.09,55.09,365
VLT,20160705,0.035,0.035,0.034,0.034,3650000
VLW,20160705,2.08,2.14,2.08,2.12,82483
VMC,20160705,0.18,0.18,0.165,0.165,66213
VML,20160705,0.013,0.013,0.013,0.013,500000
VMS,20160705,0.035,0.035,0.035,0.035,137282
VMT,20160705,0.14,0.14,0.13,0.135,323412
VMX,20160705,0.105,0.105,0.105,0.105,13
VOC,20160705,8.49,8.52,8.36,8.43,4247127
VPC,20160705,0.032,0.032,0.032,0.032,326185
VRC,20160705,0.105,0.11,0.105,0.11,1838138
VRL,20160705,5.33,5.37,5.26,5.36,230515
VRT,20160705,6.74,6.75,6.67,6.67,356008
VSC,20160705,1.32,1.32,1.26,1.26,26387
VSO,20160705,47.01,47.01,46.99,47,557
VTG,20160705,4.05,4.14,4.015,4.02,463055
VTS,20160705,143.08,143.11,142.53,142.7,6600
VXR,20160705,0.009,0.01,0.008,0.008,9575213
WAA,20160705,1.025,1.025,1.025,1.025,10000
WAF,20160705,0.225,0.23,0.215,0.215,659320
WAM,20160705,2.25,2.27,2.24,2.26,296871
WAX,20160705,1.36,1.37,1.36,1.37,165709
WBA,20160705,1.135,1.135,1.13,1.135,22841
WBC,20160705,28.84,28.9,28.43,28.54,6267488
WCB,20160705,7.59,7.6,7.5,7.6,1245
WCN,20160705,0.007,0.007,0.007,0.007,3251962
WDE,20160705,0.725,0.725,0.725,0.725,25000
WDIV,20160705,17.32,17.36,17.3,17.34,15755
WEB,20160705,6.96,7.03,6.89,7,145527
WEMG,20160705,16.36,16.36,16.36,16.36,0
WES,20160705,40.35,40.35,39.62,39.75,1655731
WFD,20160705,10.9,10.955,10.88,10.93,7224864
WFE,20160705,0.002,0.002,0.001,0.002,620986
WGL,20160705,0.026,0.027,0.025,0.025,419436
WHC,20160705,1.175,1.245,1.167,1.205,5263640
WHF,20160705,4.13,4.15,4.13,4.13,6250
WHN,20160705,0.001,0.001,0.001,0.001,1986100
WIC,20160705,0.85,0.85,0.845,0.85,34488
WIG,20160705,1.445,1.45,1.445,1.45,15717
WKT,20160705,0.005,0.005,0.005,0.005,1200000
WLD,20160705,0.39,0.4,0.38,0.385,815941
WLE,20160705,1.1,1.105,1.095,1.1,1029997
WLF,20160705,0.105,0.105,0.105,0.105,30000
WLL,20160705,4.65,4.65,4.54,4.54,3545
WMK,20160705,1.005,1.03,1.005,1.025,99426
WOF,20160705,0.012,0.012,0.01,0.01,207000
WOR,20160705,7.5,7.74,7.47,7.48,2021690
WOW,20160705,20.85,20.88,20.57,20.62,1815307
WPG,20160705,0.071,0.072,0.071,0.072,263000
WPL,20160705,26.75,26.75,26.42,26.5,1515225
WPP,20160705,0.95,1.037,0.95,1.03,646111
WRLD,20160705,9.8,9.8,9.79,9.8,4988
WRM,20160705,0.025,0.027,0.022,0.022,3634000
WRR,20160705,0.22,0.22,0.22,0.22,5000
WSA,20160705,2.49,2.64,2.46,2.47,4101987
WSG,20160705,0.009,0.009,0.009,0.009,167100
WTC,20160705,4.7,4.82,4.68,4.8,506224
WTP,20160705,0.87,0.87,0.85,0.87,23954
WVL,20160705,0.005,0.005,0.005,0.005,2550000
WWI,20160705,0.018,0.018,0.018,0.018,100000
WXHG,20160705,17.4,17.43,17.36,17.43,6038
WXOZ,20160705,22.93,22.93,22.85,22.85,4074
XAM,20160705,0.2,0.2,0.2,0.2,450000
XF1,20160705,0.58,0.58,0.555,0.58,30791
XIP,20160705,3.95,3.95,3.94,3.95,1000
XPD,20160705,0.14,0.14,0.135,0.135,418135
XPE,20160705,0.088,0.089,0.08,0.08,40971658
XRO,20160705,17.25,17.52,17.15,17.34,29059
XST,20160705,0.014,0.015,0.014,0.015,2720000
XTD,20160705,0.18,0.18,0.17,0.18,111060
XTE,20160705,0.33,0.34,0.325,0.337,70221
YAL,20160705,0.088,0.088,0.088,0.088,1900
YBR,20160705,0.19,0.19,0.19,0.19,21777
YMAX,20160705,8.75,8.75,8.69,8.7,54101
YNB,20160705,0.045,0.045,0.044,0.044,80000
YOJ,20160705,0.055,0.055,0.053,0.055,231710
YOW,20160705,0.92,0.925,0.9,0.905,264172
YPB,20160705,0.22,0.22,0.185,0.19,537831
ZEL,20160705,7.73,7.73,7.73,7.73,240
ZGOL,20160705,17.89,17.92,17.86,17.86,9573
ZIP,20160705,0.16,0.16,0.145,0.15,163171
ZML,20160705,0.68,0.68,0.66,0.66,268854
ZNC,20160705,0.105,0.11,0.105,0.11,94753
ZOZI,20160705,9.39,9.39,9.39,9.39,0
ZUSD,20160705,10.25,10.25,10.25,10.25,0
ZYB,20160705,0.017,0.02,0.017,0.02,2185491
ZYUS,20160705,12.21,12.22,12.17,12.17,9964
XAF,20160705,5177.8,5178,5119.5,5127.6,0
XAO,20160705,5365.2,5365.9,5306.9,5312.8,0
XAT,20160705,5227.4,5227.9,5167.5,5174.3,0
XDJ,20160705,2077.8,2078.1,2036.1,2039.1,0
XEC,20160705,1332.1,1339.2,1320.1,1320.1,0
XEJ,20160705,8346.4,8350.5,8252.8,8273.5,0
XFJ,20160705,5771.9,5771.9,5686.8,5698.7,0
XFL,20160705,5226.9,5227.2,5168.4,5176.6,0
XGD,20160705,5342,5445.3,5249,5301.4,0
XHJ,20160705,21457.3,21523.8,21172.6,21268.7,0
XIJ,20160705,780.9,780.9,769.6,773.8,0
XJO,20160705,5281.8,5282.3,5221.1,5228,0
XJR,20160705,2884.7,2901.6,2871,2871,0
XKO,20160705,5247,5247.6,5187.7,5194.2,0
XMD,20160705,5555.5,5557.4,5480.3,5484.7,0
XMJ,20160705,8409.7,8445.8,8371.1,8371.1,0
XMM,20160705,2489.1,2509.4,2477.6,2479.3,0
XNJ,20160705,5281.8,5282.2,5221.5,5258.8,0
XPJ,20160705,1501.3,1502.1,1480.4,1489,0
XSJ,20160705,8211.5,8212.3,8081.3,8095.8,0
XSO,20160705,2362.9,2366.7,2339.1,2339.1,0
XTJ,20160705,2051.3,2053,2028,2031.4,0
XTL,20160705,2984,2984,2947,2952.3,0
XTO,20160705,4356,4356.3,4305.9,4312.1,0
XUJ,20160705,7729.7,7755.8,7653.8,7745.1,0
XXJ,20160705,6299.3,6299.3,6197.9,6212.4,0
