1AG,20161118,0.039,0.043,0.039,0.043,123800
1AL,20161118,0.98,0.98,0.98,0.98,4060
1PG,20161118,0.175,0.175,0.17,0.17,371975
1ST,20161118,0.048,0.048,0.045,0.045,221948
3DP,20161118,0.028,0.028,0.026,0.026,190208
3PL,20161118,1.12,1.12,1.065,1.065,237388
4DS,20161118,0.039,0.04,0.038,0.039,1864440
88E,20161118,0.038,0.039,0.037,0.037,4036332
8CO,20161118,0.1,0.1,0.1,0.1,2500
8EC,20161118,1.03,1.045,1.03,1.045,99900
8IH,20161118,0.75,0.75,0.75,0.75,2000
9SP,20161118,0.145,0.145,0.145,0.145,5000
A2M,20161118,2.03,2.05,2.01,2.01,2418053
A3D,20161118,1.7,1.75,1.67,1.75,52559
AAA,20161118,50.13,50.13,50.12,50.12,35306
AAC,20161118,1.725,1.75,1.71,1.745,1267888
AAD,20161118,1.97,2.02,1.925,2.02,2153333
AAJ,20161118,0.01,0.01,0.01,0.01,1516032
AAR,20161118,0.02,0.02,0.02,0.02,1
AAU,20161118,0.017,0.017,0.016,0.016,343000
ABA,20161118,5.13,5.2,5.08,5.2,4430
ABC,20161118,5.18,5.19,5.08,5.16,1583683
ABP,20161118,2.73,2.77,2.71,2.76,757563
ABT,20161118,0.61,0.61,0.6,0.6,20380
ABU,20161118,0.12,0.12,0.11,0.11,1848925
ABW,20161118,0.825,0.825,0.82,0.82,49602
ABX,20161118,0.175,0.175,0.17,0.17,140642
ACB,20161118,0.057,0.058,0.057,0.058,181786
ACG,20161118,0.075,0.075,0.074,0.075,370197
ACL,20161118,0.009,0.009,0.009,0.009,10658
ACQ,20161118,1.045,1.045,1.02,1.045,100273
ACR,20161118,0.335,0.335,0.33,0.33,155652
ACS,20161118,0.087,0.087,0.087,0.087,139000
ACU,20161118,0.038,0.041,0.036,0.038,7371096
ACX,20161118,4.56,4.69,4.51,4.66,2952712
AD1,20161118,0.39,0.39,0.39,0.39,8683
ADA,20161118,2.79,2.82,2.56,2.7,821980
ADH,20161118,1.76,1.76,1.66,1.735,328238
ADJ,20161118,0.1,0.1,0.096,0.096,662369
ADN,20161118,0.016,0.016,0.016,0.016,49999
ADO,20161118,0.05,0.052,0.05,0.052,1086733
ADR,20161118,0.34,0.34,0.34,0.34,23529
ADV,20161118,0.026,0.028,0.026,0.026,1939207
ADX,20161118,0.007,0.007,0.007,0.007,980000
ADY,20161118,0.009,0.01,0.009,0.01,163300
AEB,20161118,0.05,0.05,0.047,0.047,428460
AEF,20161118,87.7,87.7,84,84,616
AEG,20161118,1.025,1.03,1.025,1.03,18000
AEI,20161118,0.38,0.38,0.38,0.38,185650
AEV,20161118,0.155,0.16,0.155,0.16,16001
AFG,20161118,1.26,1.28,1.25,1.265,64413
AFI,20161118,5.75,5.77,5.73,5.73,140313
AFR,20161118,0.042,0.042,0.042,0.042,1764
AFY,20161118,2.48,2.56,2.46,2.54,186667
AGF,20161118,0.335,0.34,0.335,0.34,443013
AGG,20161118,3.17,3.17,3.05,3.05,401
AGI,20161118,1.8,1.825,1.755,1.765,1048744
AGL,20161118,19.95,20.12,19.81,20.07,1823899
AGO,20161118,0.02,0.021,0.019,0.019,174893928
AGR,20161118,0.088,0.089,0.088,0.089,350730
AGS,20161118,0.044,0.045,0.044,0.045,638002
AGY,20161118,0.029,0.029,0.027,0.027,3790236
AHF,20161118,0.17,0.175,0.17,0.175,269456
AHG,20161118,3.67,3.89,3.52,3.88,3542459
AHK,20161118,0.19,0.19,0.18,0.18,88181
AHX,20161118,1.335,1.335,1.32,1.32,15759
AHY,20161118,1.55,1.57,1.495,1.52,1595355
AHZ,20161118,0.345,0.345,0.34,0.345,282010
AIA,20161118,5.75,5.98,5.74,5.98,233785
AIK,20161118,0.175,0.18,0.172,0.175,5150387
AIQ,20161118,0.095,0.095,0.095,0.095,13520
AIS,20161118,0.051,0.055,0.051,0.055,26401
AIZ,20161118,1.88,1.9,1.87,1.885,116237
AJA,20161118,6.72,6.74,6.58,6.69,16059
AJC,20161118,0.005,0.005,0.004,0.004,115994
AJD,20161118,1.46,1.46,1.45,1.46,66660
AJL,20161118,0.43,0.44,0.43,0.435,53703
AJM,20161118,0.145,0.145,0.14,0.14,1293224
AJQ,20161118,0.094,0.095,0.083,0.083,76500
AJX,20161118,0.6,0.6,0.58,0.59,386768
AKK,20161118,0.006,0.007,0.005,0.007,45037198
AKM,20161118,0.037,0.037,0.035,0.035,514150
AKP,20161118,17.6,18.39,17.5,17.6,27001
ALC,20161118,0.11,0.115,0.11,0.11,1800600
ALF,20161118,1.45,1.455,1.43,1.435,270268
ALI,20161118,1.635,1.675,1.635,1.645,35339
ALK,20161118,0.58,0.59,0.55,0.56,698158
ALL,20161118,14.4,14.68,14.31,14.65,2243278
ALQ,20161118,6.24,6.29,6.14,6.27,1825305
ALR,20161118,1.09,1.09,1.09,1.09,3200
ALT,20161118,0.005,0.006,0.005,0.006,1489566
ALU,20161118,8.18,8.87,8.14,8.65,1201943
ALY,20161118,0.023,0.025,0.022,0.023,1304382
AMA,20161118,1.06,1.06,1.02,1.045,203411
AMC,20161118,13.97,14.3,13.93,14.27,3608511
AME,20161118,0.13,0.13,0.13,0.13,60000
AMH,20161118,0.935,0.935,0.935,0.935,5597
AMI,20161118,0.13,0.13,0.125,0.13,90291
AML,20161118,0.18,0.18,0.18,0.18,166000
AMN,20161118,0.605,0.62,0.6,0.62,156000
AMP,20161118,4.72,4.77,4.71,4.73,4599904
ANG,20161118,0.175,0.18,0.17,0.18,1778379
ANN,20161118,21.86,22.215,21.81,22.05,803087
ANO,20161118,0.023,0.023,0.023,0.023,220291
ANP,20161118,0.048,0.048,0.048,0.048,20829
ANQ,20161118,0.004,0.004,0.004,0.004,1680245
ANR,20161118,1.1,1.13,1.1,1.13,19904
ANW,20161118,0.011,0.011,0.011,0.011,154545
ANZ,20161118,27.99,28.195,27.8,27.98,4710447
AOD,20161118,0.695,0.695,0.695,0.695,16000
AOF,20161118,2.04,2.08,1.99,2.01,133701
AOG,20161118,3.11,3.13,3.05,3.11,1009068
AOH,20161118,0.125,0.13,0.125,0.13,144000
AOK,20161118,0.053,0.053,0.05,0.05,2495639
AON,20161118,0.112,0.112,0.112,0.112,125
AOU,20161118,0.14,0.14,0.13,0.13,122846
AOW,20161118,0.08,0.08,0.08,0.08,69747
APA,20161118,7.51,7.55,7.47,7.5,4033393
APD,20161118,0.4,0.4,0.385,0.395,114021
APE,20161118,9.43,9.58,9.07,9.2,78214
APG,20161118,0.009,0.01,0.009,0.01,640000
API,20161118,1.725,1.745,1.71,1.72,1368617
APL,20161118,1.06,1.065,1.04,1.04,263164
APN,20161118,2.46,2.48,2.44,2.46,1035121
APO,20161118,5.19,5.23,5.055,5.2,1063011
APW,20161118,1.5,1.57,1.5,1.54,80906
APX,20161118,2.87,2.92,2.87,2.9,240835
APY,20161118,0.009,0.009,0.009,0.009,4545414
APZ,20161118,1.045,1.045,1.04,1.045,50683
AQC,20161118,0.022,0.023,0.022,0.023,1388597
AQD,20161118,0.007,0.007,0.007,0.007,205584
AQF,20161118,1.79,1.79,1.79,1.79,37824
AQG,20161118,2.35,2.36,2.29,2.3,291926
AQI,20161118,0.23,0.23,0.21,0.21,65940
AQQ,20161118,0.022,0.022,0.021,0.021,950000
AQX,20161118,0.037,0.037,0.037,0.037,87298
ARA,20161118,0.37,0.37,0.37,0.37,100000
ARB,20161118,16.65,16.8,16.42,16.75,115820
ARD,20161118,0.019,0.023,0.019,0.021,4916595
ARF,20161118,1.8,1.875,1.8,1.85,129298
ARG,20161118,7.26,7.34,7.26,7.31,160556
ARM,20161118,0.071,0.072,0.07,0.072,83633
ARS,20161118,0.105,0.105,0.1,0.1,127000
ARU,20161118,0.062,0.062,0.061,0.061,83918
ARV,20161118,0.002,0.002,0.002,0.002,1875870
ASB,20161118,1.82,1.83,1.785,1.82,1136160
ASG,20161118,2.49,2.54,2.46,2.5,1341965
ASL,20161118,1.25,1.28,1.23,1.26,452474
ASN,20161118,0.029,0.029,0.025,0.029,292100
AST,20161118,1.46,1.475,1.45,1.475,3972169
ASX,20161118,47.87,47.92,47.25,47.45,473286
ASY,20161118,0.015,0.015,0.015,0.015,150000
ASZ,20161118,1.605,1.605,1.6,1.6,1603353
ATC,20161118,0.115,0.12,0.11,0.11,166857
ATL,20161118,1.32,1.325,1.285,1.29,297579
ATP,20161118,0.042,0.045,0.042,0.045,112311
ATS,20161118,0.25,0.25,0.245,0.245,620000
ATU,20161118,0.655,0.655,0.59,0.65,55560
AUB,20161118,10.19,10.19,9.71,9.79,1942
AUF,20161118,1.23,1.23,1.23,1.23,15516
AUI,20161118,7.29,7.32,7.29,7.32,5146
AUP,20161118,5.09,5.1,5.09,5.1,1222
AUST,20161118,15.03,15.04,15.02,15.04,30719
AUZ,20161118,0.01,0.01,0.01,0.01,400000
AVB,20161118,0.071,0.071,0.071,0.071,1019985
AVG,20161118,0.49,0.49,0.49,0.49,46109
AVH,20161118,0.135,0.135,0.13,0.13,134828
AVI,20161118,0.021,0.023,0.021,0.023,551230
AVJ,20161118,0.61,0.63,0.61,0.61,375463
AVL,20161118,0.015,0.016,0.014,0.014,17604982
AVN,20161118,2.15,2.24,2.11,2.19,189213
AVQ,20161118,0.18,0.185,0.175,0.175,368050
AVX,20161118,0.025,0.025,0.025,0.025,100000
AVZ,20161118,0.013,0.013,0.013,0.013,1047738
AWC,20161118,1.68,1.71,1.675,1.7,14496895
AWE,20161118,0.585,0.595,0.555,0.585,3355194
AWN,20161118,0.67,0.67,0.67,0.67,40627
AWQ,20161118,0.96,0.96,0.96,0.96,15906
AWV,20161118,0.15,0.155,0.145,0.15,456075
AWY,20161118,0.002,0.002,0.002,0.002,200000
AXE,20161118,0.075,0.075,0.075,0.075,146816
AXP,20161118,1.295,1.3,1.265,1.275,91046
AXZ,20161118,0.29,0.29,0.29,0.29,28750
AYC,20161118,0.025,0.025,0.025,0.025,46257
AYH,20161118,19.17,19.17,19.17,19.17,309
AYK,20161118,50.57,50.57,50.57,50.57,1248
AYR,20161118,0.007,0.008,0.007,0.007,3222386
AYS,20161118,2.13,2.2,2.13,2.19,532975
AYZ,20161118,74.13,74.13,74.13,74.13,2250
AZJ,20161118,4.87,4.9,4.82,4.88,4865294
AZM,20161118,0.037,0.037,0.036,0.037,243614
AZS,20161118,0.031,0.031,0.03,0.03,1158957
AZV,20161118,0.075,0.076,0.075,0.075,42900
AZY,20161118,0.026,0.026,0.025,0.026,6397190
BAF,20161118,1.17,1.2,1.17,1.18,224921
BAL,20161118,10.97,11,10.815,10.86,414642
BAP,20161118,5.26,5.26,5.17,5.25,1078413
BAR,20161118,0.043,0.043,0.042,0.042,1379493
BAS,20161118,0.002,0.002,0.001,0.001,9302025
BAU,20161118,0.061,0.062,0.061,0.062,37548
BBG,20161118,1.18,1.195,1.12,1.12,385880
BBL,20161118,0.39,0.39,0.39,0.39,3250
BBN,20161118,2.76,2.77,2.7,2.75,99036
BBOZ,20161118,21.8,21.85,21.65,21.73,161166
BBR,20161118,0.052,0.052,0.051,0.051,20676
BBUS,20161118,9.29,9.29,9.24,9.28,115668
BBX,20161118,0.031,0.031,0.031,0.031,80622
BCI,20161118,0.17,0.185,0.17,0.175,3922024
BCN,20161118,0.004,0.004,0.004,0.004,2200000
BCT,20161118,0.041,0.041,0.04,0.04,312336
BD1,20161118,0.038,0.038,0.037,0.037,482322
BDR,20161118,0.365,0.365,0.35,0.36,8348123
BEAR,20161118,16.29,16.34,16.29,16.34,1110
BEE,20161118,0.25,0.285,0.25,0.285,130749
BEN,20161118,11.68,11.79,11.62,11.72,1046975
BFC,20161118,0.34,0.34,0.325,0.33,165432
BFG,20161118,0.71,0.74,0.71,0.74,16508
BGA,20161118,4.63,4.78,4.55,4.75,699476
BGL,20161118,0.99,1,0.97,0.975,1232780
BGS,20161118,0.295,0.3,0.292,0.295,288144
BHL,20161118,0.19,0.19,0.19,0.19,18500
BHP,20161118,24.2,24.24,23.97,24.1,5334524
BID,20161118,0.068,0.068,0.067,0.067,6948
BIG,20161118,0.2,0.2,0.185,0.195,295520
BIS,20161118,0.43,0.43,0.43,0.43,834
BKI,20161118,1.57,1.57,1.565,1.565,230862
BKL,20161118,113.9,115.81,113.5,114.49,69793
BKN,20161118,3.18,3.2,3.18,3.2,227987
BKP,20161118,0.001,0.001,0.001,0.001,200000
BKT,20161118,0.15,0.15,0.15,0.15,260310
BKW,20161118,12.85,12.87,12.76,12.78,163115
BKY,20161118,0.74,0.74,0.725,0.73,125590
BLA,20161118,7.51,7.8,7.51,7.65,300097
BLD,20161118,6.19,6.2,6.08,6.15,2609367
BLG,20161118,0.325,0.33,0.325,0.325,385263
BLK,20161118,0.58,0.585,0.52,0.54,1685185
BLT,20161118,0.1,0.11,0.1,0.11,14782
BLX,20161118,1.55,1.55,1.495,1.5,22019
BLY,20161118,0.135,0.135,0.13,0.13,959021
BLZ,20161118,0.045,0.045,0.045,0.045,23938
BMN,20161118,0.026,0.026,0.026,0.026,316206
BMP,20161118,0.39,0.39,0.38,0.38,10000
BMT,20161118,0.18,0.19,0.18,0.19,132436
BMZ,20161118,0.085,0.09,0.082,0.09,498684
BNO,20161118,0.38,0.38,0.36,0.36,221738
BNR,20161118,0.027,0.029,0.027,0.027,554303
BOA,20161118,0.14,0.14,0.14,0.14,10636
BOE,20161118,0.044,0.044,0.042,0.042,293163
BOND,20161118,25.86,25.86,25.83,25.84,14983
BOQ,20161118,10.99,11.03,10.92,11.02,1548011
BOT,20161118,0.043,0.043,0.042,0.042,50734
BPA,20161118,6.32,6.32,6.32,6.32,2
BPF,20161118,0.275,0.275,0.265,0.275,125034
BPH,20161118,0.008,0.008,0.007,0.007,7431953
BPL,20161118,0.06,0.066,0.05,0.064,1282421
BPS,20161118,1.04,1.04,1.04,1.04,600
BPT,20161118,0.79,0.827,0.79,0.81,4947390
BRB,20161118,0.41,0.44,0.41,0.42,1388591
BRD,20161118,0.002,0.002,0.002,0.002,533333
BRG,20161118,8.64,8.8,8.53,8.69,124577
BRL,20161118,0.092,0.099,0.092,0.092,926833
BRN,20161118,0.195,0.205,0.185,0.185,2193716
BRU,20161118,0.19,0.192,0.185,0.192,266383
BSA,20161118,0.325,0.325,0.32,0.32,53127
BSE,20161118,0.215,0.215,0.205,0.205,470029
BSL,20161118,8.73,8.865,8.66,8.79,2238840
BSM,20161118,0.017,0.018,0.016,0.016,5735001
BSR,20161118,0.029,0.032,0.028,0.032,4620942
BTI,20161118,1.09,1.09,1.08,1.08,25806
BTT,20161118,11.01,11.63,11.01,11.59,1580379
BUD,20161118,0.085,0.085,0.08,0.081,755780
BUG,20161118,0.37,0.37,0.37,0.37,50000
BUL,20161118,0.034,0.034,0.034,0.034,246087
BUX,20161118,0.105,0.105,0.105,0.105,10000
BUY,20161118,0.007,0.007,0.007,0.007,80308
BVS,20161118,1.265,1.277,1.25,1.26,519808
BWP,20161118,2.78,2.8,2.765,2.77,1941858
BWR,20161118,1.24,1.24,1.24,1.24,3252
BWX,20161118,3.96,4.17,3.96,4.16,489456
BXB,20161118,11.77,11.88,11.69,11.88,2460435
BXN,20161118,0.019,0.02,0.019,0.02,200000
BYL,20161118,0.085,0.085,0.085,0.085,15384
BYR,20161118,0.061,0.061,0.06,0.06,1861672
CAA,20161118,0.165,0.165,0.16,0.16,195090
CAB,20161118,3.67,3.75,3.57,3.72,161774
CAD,20161118,0.003,0.003,0.002,0.002,3007100
CAF,20161118,0.59,0.59,0.59,0.59,203
CAJ,20161118,0.11,0.11,0.105,0.105,179340
CAM,20161118,0.81,0.81,0.81,0.81,12211
CAP,20161118,0.055,0.055,0.052,0.052,83300
CAR,20161118,10.08,10.16,9.96,10.16,1481497
CAS,20161118,0.11,0.11,0.105,0.11,49766
CAT,20161118,3.42,3.51,3.4,3.45,158726
CAV,20161118,0.009,0.009,0.009,0.009,591703
CAY,20161118,0.098,0.1,0.098,0.1,56623
CAZ,20161118,0.068,0.068,0.068,0.068,36764
CBA,20161118,76.91,77.28,76.62,76.86,3018377
CBL,20161118,3.45,3.45,3.4,3.4,203514
CCA,20161118,0.57,0.57,0.56,0.56,75386
CCL,20161118,9.34,9.41,9.315,9.38,1115302
CCP,20161118,17.2,17.86,17.14,17.23,398439
CCV,20161118,0.39,0.39,0.385,0.39,330941
CCZ,20161118,0.018,0.019,0.018,0.019,796993
CDA,20161118,1.585,1.595,1.57,1.58,620504
CDC,20161118,0.16,0.16,0.16,0.16,79545
CDD,20161118,1.03,1.032,0.985,0.99,185247
CDM,20161118,1.21,1.21,1.18,1.21,158959
CDP,20161118,7.75,7.75,7.75,7.75,2500
CDT,20161118,0.014,0.014,0.014,0.014,120000
CDU,20161118,0.525,0.53,0.46,0.47,622148
CDV,20161118,0.26,0.265,0.24,0.25,4282265
CDY,20161118,0.031,0.031,0.03,0.03,735290
CEL,20161118,0.015,0.015,0.015,0.015,126000
CETF,20161118,53.3,53.3,53.3,53.3,500
CFO,20161118,0.585,0.595,0.555,0.555,321052
CGA,20161118,1.59,1.6,1.59,1.6,27512
CGC,20161118,3.15,3.25,3.15,3.23,2043553
CGF,20161118,10.6,10.67,10.49,10.66,1683794
CGL,20161118,5.1,5.1,5.1,5.1,1115
CGM,20161118,0.011,0.011,0.011,0.011,300000
CGN,20161118,0.045,0.045,0.045,0.045,118300
CGO,20161118,0.24,0.24,0.23,0.23,13200
CGS,20161118,1.27,1.34,1.27,1.34,53848
CHC,20161118,4.39,4.39,4.33,4.35,2425696
CHN,20161118,0.15,0.15,0.145,0.145,205147
CIA,20161118,0.375,0.4,0.375,0.4,141000
CIE,20161118,0.93,0.932,0.93,0.93,110120
CII,20161118,2.09,2.1,2.09,2.1,13000
CIM,20161118,30.56,30.72,30.2,30.7,379562
CIN,20161118,31.79,31.79,31.72,31.78,2793
CIW,20161118,0.515,0.515,0.505,0.505,8600
CKA,20161118,0.041,0.041,0.041,0.041,100000
CKF,20161118,5.41,5.45,5.31,5.34,222851
CL1,20161118,3.16,3.16,3.1,3.12,76655
CL8,20161118,0.023,0.023,0.021,0.021,2616502
CLH,20161118,1.36,1.385,1.355,1.38,170796
CLQ,20161118,0.39,0.4,0.385,0.395,126207
CLV,20161118,0.585,0.585,0.57,0.585,53733
CLW,20161118,3.64,3.72,3.64,3.7,537001
CLX,20161118,0.82,0.82,0.82,0.82,15000
CLY,20161118,0.002,0.002,0.002,0.002,227000
CM8,20161118,0.11,0.11,0.105,0.105,49774
CMA,20161118,2.1,2.12,2.05,2.05,227852
CMI,20161118,1.15,1.15,1.15,1.15,12743
CMM,20161118,0.105,0.105,0.105,0.105,180350
CMP,20161118,0.91,0.91,0.89,0.89,168333
CMW,20161118,0.89,0.895,0.887,0.89,2814648
CMY,20161118,0.001,0.001,0.001,0.001,3866667
CNI,20161118,1.04,1.04,1.03,1.03,5420
CNJ,20161118,0.025,0.025,0.025,0.025,30000
CNU,20161118,3.45,3.475,3.43,3.43,236527
CNW,20161118,0.023,0.023,0.023,0.023,141464
COE,20161118,0.335,0.335,0.325,0.33,1211144
COH,20161118,119.79,120.23,118.3,119.27,200054
COI,20161118,0.055,0.055,0.055,0.055,30000
CPH,20161118,0.27,0.27,0.25,0.25,275566
CPU,20161118,11.43,11.74,11.43,11.69,1646058
CQR,20161118,4.22,4.28,4.21,4.25,1273753
CR8,20161118,0.042,0.044,0.041,0.041,12843850
CRB,20161118,0.13,0.13,0.13,0.13,260913
CRL,20161118,0.04,0.04,0.04,0.04,20000
CSE,20161118,0.245,0.25,0.245,0.25,209500
CSL,20161118,101.11,101.49,99.45,100.25,992990
CSR,20161118,3.99,3.99,3.95,3.98,1951545
CSS,20161118,0.039,0.039,0.038,0.039,1766885
CSV,20161118,0.8,0.825,0.78,0.785,3027148
CTD,20161118,16.9,17.25,16.89,17.21,270991
CTM,20161118,0.006,0.006,0.006,0.006,578686
CTN,20161118,1.09,1.095,1.08,1.08,116424
CTP,20161118,0.185,0.19,0.18,0.18,704339
CTX,20161118,29.27,29.63,29.24,29.45,753758
CUE,20161118,0.081,0.081,0.081,0.081,31050
CUP,20161118,0.82,0.82,0.81,0.81,29641
CUV,20161118,8.2,8.2,8.05,8.07,5832
CV1,20161118,0.091,0.092,0.09,0.09,237880
CVC,20161118,1.585,1.585,1.585,1.585,15000
CVN,20161118,0.115,0.115,0.112,0.115,545109
CVO,20161118,1.29,1.3,1.28,1.285,1261496
CVT,20161118,0.074,0.075,0.072,0.073,786516
CVV,20161118,0.071,0.071,0.071,0.071,3864
CVW,20161118,1.23,1.23,1.225,1.225,95073
CWE,20161118,0.048,0.048,0.046,0.046,1610290
CWN,20161118,10.85,11.19,10.85,11.18,5172168
CWP,20161118,4.98,4.98,4.85,4.95,71062
CWY,20161118,1.065,1.085,1.06,1.07,1592706
CXO,20161118,0.074,0.076,0.073,0.074,2919013
CXU,20161118,0.056,0.059,0.056,0.059,125500
CXX,20161118,0.25,0.25,0.235,0.24,256402
CXZ,20161118,0.12,0.13,0.12,0.13,15000
CYA,20161118,0.845,0.85,0.845,0.85,58000
CYB,20161118,4.84,4.94,4.83,4.92,2177957
CYC,20161118,1.09,1.09,1.09,1.09,2201
CYP,20161118,0.78,0.8,0.755,0.765,488980
CYU,20161118,0.006,0.006,0.005,0.005,900000
CYY,20161118,0.021,0.021,0.02,0.02,2132146
CZI,20161118,0.053,0.054,0.051,0.051,1183325
CZL,20161118,0.034,0.034,0.032,0.034,315743
CZN,20161118,0.022,0.023,0.021,0.022,17063811
CZZ,20161118,18.36,18.36,17.75,18.1,15313
D13,20161118,0.105,0.11,0.105,0.105,521197
DAF,20161118,0.01,0.01,0.01,0.01,7300
DCC,20161118,0.058,0.06,0.058,0.06,304598
DCG,20161118,1.065,1.15,1.065,1.11,180917
DCL,20161118,0.35,0.35,0.35,0.35,51490
DCN,20161118,3.22,3.24,3.11,3.15,310531
DDR,20161118,2.27,2.32,2.27,2.31,17156
DDT,20161118,0.016,0.016,0.015,0.015,248073
DEG,20161118,0.002,0.002,0.002,0.002,4700000
DFM,20161118,0.91,0.915,0.905,0.91,76820
DGR,20161118,0.089,0.092,0.088,0.089,170639
DHR,20161118,0.009,0.009,0.009,0.009,1000000
DIG,20161118,0.6,0.61,0.58,0.58,25000
DJRE,20161118,19.98,20.05,19.98,20.03,4139
DJW,20161118,3.52,3.56,3.51,3.53,96575
DKM,20161118,0.19,0.19,0.185,0.185,39179
DKO,20161118,0.058,0.059,0.058,0.059,325363
DLE,20161118,0.015,0.015,0.014,0.015,1865178
DLX,20161118,5.83,5.94,5.79,5.92,1904088
DMP,20161118,68.87,69.64,68.14,69.6,569780
DNA,20161118,0.425,0.44,0.425,0.435,860466
DNK,20161118,0.39,0.395,0.38,0.395,249900
DOW,20161118,5.49,5.53,5.45,5.5,2053353
DRA,20161118,0.27,0.275,0.24,0.24,167570
DRM,20161118,0.52,0.52,0.505,0.51,1137089
DRX,20161118,0.01,0.012,0.01,0.012,200000
DTI,20161118,0.395,0.4,0.375,0.395,194924
DTL,20161118,1.67,1.69,1.65,1.655,181695
DTZ,20161118,0.37,0.41,0.365,0.4,990602
DUB,20161118,0.44,0.455,0.41,0.455,22047
DUE,20161118,2.29,2.29,2.24,2.27,5875830
DUI,20161118,3.32,3.32,3.31,3.31,14100
DVL,20161118,0.5,0.51,0.5,0.51,10722
DWS,20161118,1.33,1.34,1.32,1.32,16912
DXB,20161118,0.009,0.009,0.008,0.009,604000
DXF,20161118,0.575,0.575,0.502,0.52,118673
DXS,20161118,8.79,8.84,8.68,8.82,3567066
DYE,20161118,0.245,0.245,0.24,0.245,71710
DYL,20161118,0.009,0.009,0.008,0.009,1286047
EAI,20161118,0.85,0.85,0.84,0.85,13000
EAL,20161118,0.083,0.083,0.081,0.081,58500
EAR,20161118,0.235,0.235,0.23,0.235,235300
EAX,20161118,1.1,1.1,1.1,1.1,5250
EBG,20161118,0.09,0.09,0.085,0.085,31100
EBO,20161118,15.97,15.97,15.95,15.95,500
ECG,20161118,0.185,0.185,0.185,0.185,2500
ECX,20161118,3.93,4.04,3.9,3.97,818990
EDE,20161118,0.235,0.24,0.23,0.24,1580113
EEG,20161118,0.015,0.015,0.015,0.015,250000
EGH,20161118,0.71,0.71,0.685,0.7,98377
EGI,20161118,0.995,1,0.99,0.99,135000
EGL,20161118,0.048,0.048,0.048,0.048,406
EGN,20161118,0.14,0.15,0.14,0.15,6766
EGO,20161118,0.32,0.32,0.32,0.32,18338
EGS,20161118,0.22,0.22,0.205,0.21,3151778
EHE,20161118,2.83,2.845,2.76,2.79,693736
EHL,20161118,0.072,0.073,0.07,0.071,169157
ELD,20161118,3.82,3.87,3.78,3.85,306122
ELK,20161118,0.063,0.063,0.063,0.063,44318
ELX,20161118,1.45,1.45,1.38,1.4,92944
EMC,20161118,0.905,0.905,0.885,0.89,205128
EMF,20161118,1.79,1.79,1.79,1.79,32753
EMG,20161118,0.008,0.008,0.008,0.008,227273
EMH,20161118,0.565,0.65,0.565,0.645,203584
EML,20161118,1.87,1.87,1.815,1.85,196240
EMR,20161118,0.046,0.046,0.046,0.046,69706
EMX,20161118,0.039,0.04,0.036,0.037,1241446
ENB,20161118,0.004,0.004,0.004,0.004,300000
ENN,20161118,2.06,2.07,2.02,2.06,50178
ENR,20161118,0.092,0.092,0.092,0.092,50000
ENT,20161118,0.017,0.017,0.017,0.017,40000
EOR,20161118,0.005,0.006,0.005,0.006,900000
EOS,20161118,1.29,1.33,1.29,1.33,35685
EPD,20161118,0.47,0.47,0.47,0.47,59954
EPM,20161118,0.005,0.005,0.005,0.005,342857
EPT,20161118,0.035,0.039,0.034,0.037,4370868
EPW,20161118,1.14,1.14,1.085,1.085,483039
EQE,20161118,0.015,0.015,0.015,0.015,710508
EQT,20161118,16.99,17,16.8,17,9082
EQU,20161118,0.026,0.026,0.026,0.026,127214
EQX,20161118,0.4,0.4,0.4,0.4,5000
ERA,20161118,0.345,0.345,0.345,0.345,1000
ERF,20161118,1.295,1.295,1.295,1.295,2000
ERL,20161118,0.035,0.035,0.035,0.035,366730
ERM,20161118,0.15,0.155,0.15,0.15,941584
ESI,20161118,0.02,0.02,0.02,0.02,10471951
ESR,20161118,0.046,0.054,0.044,0.054,8358036
ESV,20161118,0.11,0.11,0.105,0.105,3251644
ETE,20161118,0.007,0.007,0.007,0.007,7020389
ETPMAG,20161118,21.89,21.9,21.55,21.57,7400
ETPMPD,20161118,86.29,86.29,86.29,86.29,0
ETPMPM,20161118,119.4,119.4,119.4,119.4,0
ETPMPT,20161118,119.74,119.74,119.74,119.74,0
EUM,20161118,0.05,0.05,0.05,0.05,505000
EUR,20161118,0.068,0.071,0.068,0.071,488300
EVN,20161118,1.995,2.02,1.942,1.96,14510185
EVT,20161118,13.92,14.03,13.89,14,100370
EVZ,20161118,0.009,0.009,0.009,0.009,1
EWC,20161118,0.235,0.255,0.235,0.255,305617
EXC,20161118,0.065,0.065,0.061,0.061,1387764
EXG,20161118,0.031,0.031,0.029,0.029,507236
EXO,20161118,0.004,0.004,0.004,0.004,135755
EXR,20161118,0.038,0.038,0.038,0.038,10000
EXU,20161118,0.079,0.079,0.077,0.077,122000
EYM,20161118,0.008,0.008,0.008,0.008,62500
EZL,20161118,1.01,1.01,1.005,1.005,39505
FAN,20161118,3.49,3.49,3.47,3.47,86057
FAR,20161118,0.072,0.073,0.071,0.073,6049933
FBR,20161118,0.115,0.115,0.11,0.11,380275
FBU,20161118,10.1,10.16,10.07,10.11,528628
FCT,20161118,0.555,0.575,0.55,0.565,417198
FDM,20161118,0.092,0.096,0.092,0.095,1040221
FDV,20161118,0.5,0.51,0.48,0.5,16907
FET,20161118,2.45,2.47,2.41,2.44,474810
FFG,20161118,0.041,0.041,0.04,0.04,299970
FFT,20161118,0.33,0.33,0.31,0.31,103119
FGG,20161118,1.065,1.07,1.065,1.07,30470
FGR,20161118,0.097,0.098,0.093,0.093,267053
FGX,20161118,1.135,1.145,1.135,1.135,194725
FID,20161118,3.65,3.65,3.65,3.65,999
FLK,20161118,0.925,0.93,0.92,0.92,143124
FLN,20161118,1.05,1.075,1.03,1.04,111101
FLT,20161118,29.88,30.19,29.75,30.01,310812
FMG,20161118,5.84,5.9,5.74,5.79,15507239
FML,20161118,0.485,0.485,0.48,0.485,132607
FMS,20161118,0.022,0.022,0.022,0.022,10000
FND,20161118,0.15,0.15,0.15,0.15,516936
FNP,20161118,4.69,4.69,4.51,4.52,18897
FNT,20161118,0.038,0.038,0.038,0.038,1
FOD,20161118,0.099,0.1,0.099,0.1,184302
FPH,20161118,8.4,8.46,8.31,8.34,794914
FRI,20161118,0.86,0.86,0.86,0.86,19900
FRM,20161118,1.65,1.65,1.635,1.65,216094
FRN,20161118,0.02,0.02,0.02,0.02,769856
FRX,20161118,0.125,0.13,0.125,0.13,40000
FSA,20161118,1.19,1.2,1.18,1.18,23801
FSF,20161118,5.6,5.63,5.5,5.59,6671
FTZ,20161118,0.096,0.096,0.096,0.096,107143
FUN,20161118,0.016,0.017,0.016,0.016,497817
FWD,20161118,1.99,1.995,1.95,1.995,121802
FXJ,20161118,0.795,0.805,0.787,0.8,9334928
FXL,20161118,2.18,2.2,2.16,2.19,571121
FZO,20161118,0.215,0.22,0.215,0.215,420000
G8C,20161118,0.029,0.032,0.028,0.029,3977886
GAP,20161118,0.37,0.37,0.365,0.365,83130
GBE,20161118,0.02,0.02,0.02,0.02,40000
GBG,20161118,0.028,0.029,0.028,0.029,547761
GBI,20161118,0.295,0.295,0.295,0.295,20000
GBR,20161118,0.195,0.2,0.18,0.2,925543
GBT,20161118,3.79,3.79,3.71,3.79,113318
GBX,20161118,0.003,0.003,0.003,0.003,2000000
GBZ,20161118,0.016,0.016,0.016,0.016,100000
GC1,20161118,0.965,0.965,0.965,0.965,21700
GCR,20161118,0.017,0.017,0.017,0.017,5000
GCS,20161118,0.465,0.465,0.445,0.445,42000
GCY,20161118,0.55,0.55,0.55,0.55,12090
GDF,20161118,1,1.005,0.995,1,40168
GDI,20161118,0.97,0.972,0.96,0.97,323001
GDX,20161118,28.6,28.77,28.28,28.36,8275
GEAR,20161118,18.7,18.8,18.62,18.71,38633
GEG,20161118,1.3,1.31,1.28,1.31,33700
GEM,20161118,3.28,3.33,3.18,3.2,3157924
GER,20161118,0.066,0.067,0.066,0.067,96136
GFL,20161118,1.48,1.51,1.455,1.455,22942
GFY,20161118,0.92,0.92,0.92,0.92,12235
GGE,20161118,0.006,0.006,0.006,0.006,100000
GGG,20161118,0.064,0.065,0.062,0.065,331653
GGUS,20161118,10.44,10.45,10.41,10.41,12900
GHC,20161118,1.675,1.695,1.66,1.695,241499
GID,20161118,0.028,0.028,0.028,0.028,3268
GLA,20161118,0.003,0.003,0.003,0.003,250000
GLF,20161118,0.009,0.01,0.009,0.01,7217850
GLL,20161118,0.12,0.12,0.12,0.12,15000
GMA,20161118,2.79,2.83,2.78,2.82,546132
GMC,20161118,0.029,0.033,0.029,0.03,40888288
GMD,20161118,0.028,0.028,0.027,0.027,547799
GMG,20161118,6.49,6.535,6.4,6.48,3613801
GMN,20161118,0.13,0.13,0.13,0.13,76500
GMR,20161118,0.01,0.01,0.009,0.01,2783284
GNC,20161118,8.46,8.59,8.44,8.54,714429
GNE,20161118,1.85,1.895,1.85,1.89,23682
GNG,20161118,1.55,1.55,1.395,1.42,572451
GNX,20161118,0.28,0.29,0.28,0.29,251578
GOLD,20161118,155.98,156.7,154.98,155.32,3171
GOR,20161118,0.64,0.64,0.605,0.61,2783968
GOVT,20161118,25.7,25.7,25.7,25.7,9013
GOW,20161118,3.42,3.42,3.42,3.42,2
GOZ,20161118,3.07,3.09,3.05,3.06,203222
GPH,20161118,0.08,0.08,0.078,0.078,300000
GPR,20161118,0.034,0.034,0.032,0.032,1375558
GPT,20161118,4.54,4.595,4.51,4.58,5191046
GPX,20161118,0.34,0.34,0.335,0.335,71180
GRB,20161118,0.041,0.041,0.039,0.04,1198652
GRR,20161118,0.13,0.13,0.125,0.125,1269482
GSC,20161118,0.063,0.065,0.063,0.065,1739530
GSS,20161118,0.48,0.48,0.48,0.48,25000
GTE,20161118,0.017,0.017,0.016,0.016,684720
GTG,20161118,0.012,0.012,0.012,0.012,141797
GTK,20161118,3.35,3.35,3.34,3.35,11252
GTN,20161118,3.74,3.74,3.69,3.69,6347
GTY,20161118,2.2,2.25,2.2,2.22,897912
GUD,20161118,9.89,10.14,9.87,10.06,225234
GVF,20161118,1.08,1.08,1.07,1.07,29639
GWA,20161118,2.82,2.9,2.81,2.89,476408
GWR,20161118,0.042,0.042,0.04,0.04,100001
GXL,20161118,6.76,6.85,6.74,6.81,245512
GXY,20161118,0.355,0.36,0.345,0.355,5147721
HAS,20161118,0.082,0.082,0.082,0.082,50000
HAV,20161118,0.63,0.63,0.61,0.63,73631
HCT,20161118,0.13,0.14,0.13,0.14,80431
HFA,20161118,2.19,2.19,2.13,2.19,18469
HFR,20161118,1.24,1.25,1.2,1.25,163521
HGG,20161118,4.05,4.11,4.04,4.07,3612255
HGO,20161118,0.08,0.08,0.077,0.078,85615
HHL,20161118,3.58,3.58,3.58,3.58,2811
HHV,20161118,1.335,1.34,1.32,1.32,173120
HHY,20161118,0.125,0.125,0.125,0.125,26075
HIG,20161118,0.059,0.059,0.058,0.058,209478
HIL,20161118,0.435,0.47,0.43,0.45,285628
HIT,20161118,0.515,0.515,0.515,0.515,6852
HLO,20161118,4.06,4.12,4.06,4.12,900
HLX,20161118,0.068,0.07,0.067,0.068,634815
HML,20161118,1.1,1.16,1.1,1.16,28000
HMX,20161118,0.055,0.055,0.055,0.055,446904
HNG,20161118,0.46,0.46,0.46,0.46,6441
HNR,20161118,0.016,0.016,0.016,0.016,219759
HPI,20161118,2.65,2.68,2.64,2.68,150486
HRL,20161118,0.12,0.12,0.12,0.12,11231
HRR,20161118,0.135,0.135,0.13,0.13,127044
HSK,20161118,0.067,0.067,0.067,0.067,1000
HSN,20161118,3.95,4.05,3.95,4.05,360432
HSO,20161118,2.26,2.26,2.2,2.23,5272520
HUB,20161118,5.32,5.6,5.32,5.6,327282
HUO,20161118,3.45,3.49,3.45,3.45,13257
HVN,20161118,4.56,4.61,4.52,4.55,4419534
HVST,20161118,20.09,20.11,20.07,20.11,65171
HXG,20161118,0.265,0.265,0.255,0.255,80332
HZN,20161118,0.037,0.037,0.036,0.037,2736144
HZR,20161118,0.515,0.52,0.495,0.5,214033
IAA,20161118,63.11,63.99,62.94,63.4,4925
IAF,20161118,106,106,105.54,105.58,4200
IAG,20161118,5.37,5.435,5.36,5.43,6721356
IAM,20161118,0.041,0.043,0.041,0.041,7745592
IBG,20161118,0.085,0.087,0.085,0.085,817975
IBK,20161118,43.05,43.41,43.05,43.41,161
IBN,20161118,0.01,0.01,0.01,0.01,463000
ICG,20161118,0.012,0.012,0.011,0.011,9975286
ICN,20161118,0.035,0.035,0.032,0.033,725055
ICQ,20161118,0.235,0.25,0.23,0.25,1679295
ICS,20161118,1.45,1.45,1.45,1.45,6860
ICT,20161118,0.03,0.03,0.025,0.025,205626
ICU,20161118,0.09,0.095,0.085,0.09,460278
IDA,20161118,0.085,0.085,0.085,0.085,2000
IDR,20161118,2.03,2.08,2.03,2.08,53922
IDX,20161118,1.3,1.345,1.23,1.27,421781
IDZ,20161118,0.465,0.5,0.465,0.5,9030
IEC,20161118,0.018,0.018,0.018,0.018,25154
IEL,20161118,4.2,4.2,4.05,4.07,114551
IEM,20161118,46.9,47.01,46.685,46.94,8594
IEU,20161118,50.02,50.4,50.02,50.22,14335
IFL,20161118,8.18,8.215,8.13,8.15,752337
IFM,20161118,0.74,0.74,0.72,0.725,141885
IFN,20161118,0.82,0.84,0.81,0.83,3793228
IGB,20161118,103.06,103.06,102.97,102.97,58
IGL,20161118,2,2.02,2,2.02,28401
IGO,20161118,4.55,4.59,4.47,4.56,4188401
IHCB,20161118,105.21,105.21,105.21,105.21,37
IHD,20161118,13.06,13.08,13.05,13.06,12160
IHEB,20161118,103.4,103.4,103.4,103.4,0
IHHY,20161118,104.89,104.89,104.89,104.89,0
IHK,20161118,27.88,27.88,27.88,27.88,200
IHOO,20161118,100.93,100.93,100.4,100.83,669
IHVV,20161118,277.84,277.84,277.84,277.84,55
IIL,20161118,0.62,0.665,0.62,0.65,35102
IJH,20161118,214.5,217.99,214.5,217.47,977
IJP,20161118,66.2,67.38,66.2,66.67,17038
IJR,20161118,178.83,179.18,178.25,179.18,872
IKO,20161118,70.5,70.62,70.44,70.62,23426
IKW,20161118,0.008,0.008,0.005,0.006,10355374
ILB,20161118,113.26,113.26,112.68,112.86,2911
ILC,20161118,22.16,22.29,22.16,22.25,8278
ILU,20161118,6.08,6.1,5.95,6.04,1943975
IMA,20161118,0.051,0.051,0.05,0.05,294000
IMC,20161118,0.305,0.305,0.3,0.305,21620
IMD,20161118,0.555,0.575,0.55,0.575,57832
IMF,20161118,1.75,1.772,1.73,1.735,102276
IMU,20161118,0.009,0.009,0.009,0.009,11115369
INA,20161118,2.72,2.73,2.68,2.7,619572
ING,20161118,3.15,3.16,3.13,3.15,507290
INK,20161118,0.065,0.065,0.065,0.065,198200
INM,20161118,42.2,42.95,42.19,42.93,83126
IOD,20161118,0.02,0.021,0.02,0.02,189110
IOF,20161118,4.16,4.26,4.1,4.24,2486644
IOO,20161118,99.99,102.8,99.81,101,12333
IOT,20161118,0.034,0.034,0.031,0.031,11371428
IOZ,20161118,22.06,22.1,22.02,22.08,32951
IPB,20161118,0.016,0.016,0.012,0.012,90000
IPD,20161118,1.435,1.435,1.32,1.34,1515201
IPE,20161118,0.17,0.17,0.17,0.17,9500
IPL,20161118,3.16,3.23,3.13,3.15,7167451
IRC,20161118,0.1,0.105,0.1,0.105,12500
IRE,20161118,10.97,11.13,10.92,11.1,247389
IRI,20161118,2.18,2.2,2.16,2.18,84523
IRU,20161118,176.99,177.07,176.295,176.65,706
ISD,20161118,2.5,2.78,2.47,2.67,6153674
ISO,20161118,4.14,4.14,4.13,4.13,1989
ISU,20161118,1.9,1.93,1.845,1.865,477404
ISX,20161118,0.16,0.165,0.16,0.16,30004
ITD,20161118,0.265,0.28,0.265,0.28,122000
ITQ,20161118,7.05,7.07,7.05,7.07,6030
ITW,20161118,40.4,40.51,40.28,40.5,1348
IVC,20161118,12.93,13.03,12.73,12.89,281967
IVE,20161118,76.87,76.87,76.38,76.38,2104
IVR,20161118,0.029,0.029,0.027,0.029,1110188
IVV,20161118,295,298.04,295,297.69,11185
IXI,20161118,122.07,123.48,121.46,122.43,1572
IXJ,20161118,130.26,130.96,129.05,130.36,6710
IXP,20161118,80.6,80.6,75.68,75.68,137
IZZ,20161118,48.5,48.77,48.5,48.77,1228
JAL,20161118,0.11,0.11,0.11,0.11,429016
JBH,20161118,25.99,26.15,25.77,26.12,808099
JCI,20161118,0.9,0.9,0.9,0.9,2000
JCS,20161118,0.016,0.016,0.016,0.016,962806
JHC,20161118,1.945,1.955,1.88,1.905,752284
JHL,20161118,0.048,0.048,0.048,0.048,15625
JHX,20161118,20.25,20.34,19.69,19.83,1614276
JIN,20161118,1.6,1.605,1.6,1.6,22667
JKA,20161118,0.007,0.007,0.007,0.007,2774491
JKL,20161118,0.22,0.23,0.22,0.23,24100
JYC,20161118,1.3,1.3,1.3,1.3,600
K2P,20161118,0.175,0.175,0.175,0.175,100000
KAI,20161118,0.045,0.045,0.043,0.043,4079973
KAM,20161118,0.375,0.38,0.375,0.38,1020000
KAR,20161118,2.34,2.36,2.23,2.33,795494
KAS,20161118,0.024,0.026,0.024,0.026,642737
KBU,20161118,0.028,0.03,0.028,0.03,400000
KCN,20161118,0.23,0.23,0.22,0.22,350386
KDL,20161118,0.015,0.017,0.015,0.017,158208
KDR,20161118,0.425,0.435,0.41,0.41,1424538
KFE,20161118,0.021,0.021,0.021,0.021,84409
KGD,20161118,0.025,0.026,0.025,0.025,80700
KGL,20161118,0.255,0.265,0.255,0.265,73013
KGN,20161118,1.48,1.49,1.47,1.48,126345
KIN,20161118,0.235,0.24,0.21,0.21,415679
KKL,20161118,0.006,0.006,0.006,0.006,500000
KKO,20161118,0.03,0.03,0.03,0.03,189686
KKT,20161118,0.57,0.585,0.57,0.57,128811
KMD,20161118,1.74,1.74,1.65,1.71,501120
KNL,20161118,0.19,0.19,0.18,0.18,742931
KNM,20161118,0.017,0.017,0.015,0.015,200000
KPO,20161118,0.125,0.125,0.115,0.115,1720236
KPT,20161118,27.1,27.1,27.1,27.1,300
KRC,20161118,0.009,0.009,0.008,0.008,423077
KRL,20161118,0.01,0.01,0.01,0.01,30000
KRM,20161118,0.12,0.12,0.115,0.115,104151
KSC,20161118,1.48,1.48,1.47,1.47,8000
KSL,20161118,1.035,1.05,1.03,1.035,38284
KSN,20161118,0.021,0.022,0.021,0.021,2812997
KYK,20161118,0.24,0.28,0.24,0.28,40500
LAA,20161118,0.215,0.22,0.215,0.215,52178
LAU,20161118,0.39,0.395,0.385,0.395,55855
LBL,20161118,0.125,0.125,0.125,0.125,134935
LBT,20161118,0.47,0.475,0.44,0.445,1613222
LCD,20161118,0.038,0.038,0.037,0.037,84000
LCK,20161118,0.13,0.13,0.13,0.13,63000
LCM,20161118,0.39,0.39,0.39,0.39,97769
LCT,20161118,0.099,0.099,0.094,0.097,93416
LCY,20161118,0.006,0.006,0.006,0.006,200000
LEG,20161118,0.012,0.012,0.012,0.012,1655096
LEP,20161118,4.2,4.2,4.1,4.14,82448
LGD,20161118,0.22,0.22,0.215,0.215,59000
LHC,20161118,2.3,2.34,2.3,2.3,65035
LHM,20161118,0.04,0.04,0.04,0.04,40000
LIC,20161118,3.61,3.7,3.54,3.67,14980
LIT,20161118,0.165,0.17,0.165,0.165,389144
LKO,20161118,0.001,0.001,0.001,0.001,1666083
LLC,20161118,13.58,13.71,13.45,13.55,869313
LLO,20161118,0.76,0.76,0.76,0.76,3000
LMG,20161118,0.027,0.027,0.027,0.027,86154
LML,20161118,0.042,0.042,0.042,0.042,15350
LMW,20161118,0.525,0.6,0.51,0.55,471155
LNG,20161118,0.595,0.61,0.59,0.605,1220458
LNK,20161118,7.36,7.5,7.215,7.37,1231689
LNU,20161118,0.045,0.045,0.045,0.045,268333
LNY,20161118,0.002,0.003,0.002,0.003,3200000
LOM,20161118,0.43,0.44,0.425,0.435,598991
LOV,20161118,3.58,3.58,3.5,3.55,59971
LPE,20161118,0.025,0.027,0.025,0.026,2369205
LPI,20161118,0.295,0.295,0.27,0.28,574833
LRS,20161118,0.013,0.013,0.012,0.012,3718166
LSX,20161118,0.35,0.35,0.35,0.35,54680
LTN,20161118,0.105,0.105,0.105,0.105,5000
LTR,20161118,0.022,0.022,0.022,0.022,100000
LVH,20161118,0.25,0.28,0.245,0.28,2343873
LWP,20161118,0.002,0.002,0.002,0.002,9155000
LYC,20161118,0.061,0.062,0.059,0.059,7045052
LYL,20161118,2.85,2.85,2.85,2.85,565
M7T,20161118,0.041,0.043,0.041,0.041,421400
MA1,20161118,0.95,0.95,0.92,0.95,44373
MAH,20161118,0.1,0.11,0.1,0.105,1795922
MAI,20161118,0.63,0.63,0.63,0.63,25000
MAQ,20161118,11,11,11,11,100
MAR,20161118,0.003,0.003,0.002,0.002,1150196
MAT,20161118,0.18,0.2,0.18,0.2,89356
MAU,20161118,0.095,0.095,0.095,0.095,20800
MAY,20161118,0.026,0.026,0.026,0.026,157303
MBC,20161118,0.275,0.29,0.25,0.25,199597
MBE,20161118,0.15,0.16,0.125,0.125,29755172
MBK,20161118,0.033,0.033,0.033,0.033,432500
MCP,20161118,1.085,1.09,1.08,1.08,91574
MCR,20161118,0.31,0.315,0.31,0.315,4475
MCT,20161118,0.054,0.055,0.054,0.054,556298
MCY,20161118,2.84,2.87,2.77,2.77,681
MDC,20161118,0.72,0.73,0.715,0.72,216961
MDI,20161118,0.06,0.06,0.06,0.06,26555
MDL,20161118,0.36,0.36,0.345,0.345,19008
MDR,20161118,0.039,0.039,0.039,0.039,110000
MEA,20161118,0.905,0.905,0.885,0.885,52131
MEB,20161118,0.45,0.45,0.435,0.45,918778
MED,20161118,0.017,0.018,0.017,0.018,279000
MEI,20161118,0.012,0.012,0.012,0.012,738743
MEL,20161118,0.049,0.052,0.049,0.049,191500
MEM,20161118,0.005,0.005,0.005,0.005,1420000
MEP,20161118,0.1,0.1,0.095,0.095,568519
MEY,20161118,0.12,0.12,0.12,0.12,40000
MEZ,20161118,2.43,2.47,2.43,2.43,2112
MFF,20161118,1.82,1.84,1.82,1.84,371992
MFG,20161118,21.9,22.41,21.89,22.35,534569
MGC,20161118,1.065,1.07,1.05,1.065,373436
MGE,20161118,2.59,2.6,2.58,2.58,480437
MGL,20161118,0.037,0.037,0.036,0.036,77117
MGP,20161118,0.33,0.33,0.33,0.33,508
MGR,20161118,1.98,2.01,1.965,1.98,16056630
MGT,20161118,0.045,0.05,0.045,0.05,118349
MGV,20161118,0.092,0.092,0.089,0.089,203595
MGX,20161118,0.34,0.35,0.335,0.335,1089736
MHC,20161118,0.035,0.035,0.035,0.035,50000
MHG,20161118,2.5,2.5,2.5,2.5,106938
MHI,20161118,0.18,0.18,0.18,0.18,54625
MHJ,20161118,1.485,1.595,1.48,1.585,242228
MIG,20161118,0.195,0.2,0.19,0.2,61376
MIL,20161118,1.5,1.5,1.5,1.5,1000
MIN,20161118,12.4,12.52,12.16,12.4,1586566
MIR,20161118,2.9,2.99,2.82,2.84,139148
MJP,20161118,0.36,0.36,0.345,0.345,79863
MKO,20161118,0.075,0.08,0.074,0.08,545100
MLB,20161118,1.94,1.94,1.885,1.92,91218
MLD,20161118,1.785,1.82,1.755,1.79,378117
MLS,20161118,0.004,0.004,0.004,0.004,12844886
MLT,20161118,4.2,4.21,4.19,4.21,74978
MLX,20161118,1.435,1.435,1.33,1.335,3911411
MMI,20161118,0.14,0.155,0.14,0.14,464691
MMJ,20161118,0.21,0.215,0.2,0.21,716186
MML,20161118,0.6,0.6,0.57,0.58,557804
MMS,20161118,10.14,10.46,10.04,10.35,458065
MNB,20161118,0.006,0.006,0.005,0.005,8066666
MNC,20161118,0.003,0.003,0.003,0.003,3807661
MND,20161118,10.04,10.14,9.85,10.11,256369
MNE,20161118,0.017,0.017,0.017,0.017,100000
MNF,20161118,4.87,4.95,4.86,4.91,34047
MNM,20161118,0.009,0.01,0.009,0.009,3042534
MNS,20161118,0.73,0.73,0.66,0.67,2238235
MNW,20161118,0.077,0.077,0.077,0.077,133403
MNY,20161118,1.67,1.7,1.67,1.69,25093
MOAT,20161118,47.34,47.35,47.34,47.35,1005
MOC,20161118,2.3,2.3,2.23,2.26,42487
MOD,20161118,0.028,0.028,0.028,0.028,60000
MOY,20161118,0.275,0.275,0.255,0.255,2930487
MP1,20161118,2.37,2.37,2.24,2.3,134153
MPL,20161118,2.5,2.53,2.485,2.49,4974460
MPO,20161118,0.16,0.16,0.15,0.155,361549
MQA,20161118,4.3,4.3,4.13,4.26,4553652
MQG,20161118,82.95,83.93,82.92,83.71,1141294
MRD,20161118,0.01,0.01,0.009,0.009,750000
MRM,20161118,0.3,0.3,0.29,0.3,168348
MRQ,20161118,0.017,0.017,0.017,0.017,702941
MRV,20161118,0.004,0.004,0.004,0.004,1650000
MSB,20161118,1.25,1.295,1.21,1.29,458197
MSG,20161118,0.03,0.03,0.029,0.029,191713
MSM,20161118,0.215,0.215,0.21,0.21,568004
MSP,20161118,0.027,0.028,0.025,0.025,2059007
MSR,20161118,0.004,0.004,0.003,0.004,13070000
MTA,20161118,0.1,0.105,0.1,0.1,1009113
MTB,20161118,0.02,0.021,0.02,0.02,445199
MTH,20161118,0.006,0.006,0.006,0.006,83000
MTL,20161118,0.047,0.047,0.046,0.046,23042
MTM,20161118,0.24,0.26,0.24,0.26,41510
MTO,20161118,3.76,3.76,3.74,3.74,852
MTR,20161118,3.28,3.34,3.2,3.22,1641693
MTS,20161118,1.865,1.9,1.845,1.895,3748571
MUA,20161118,0.825,0.83,0.81,0.83,113103
MUS,20161118,0.027,0.028,0.027,0.027,2646754
MVA,20161118,18.7,18.79,18.7,18.78,1653
MVB,20161118,26.03,26.04,26.01,26.01,17670
MVE,20161118,22.28,22.33,22.28,22.33,1674
MVF,20161118,1.92,1.92,1.89,1.905,241375
MVP,20161118,4.33,4.43,4.27,4.3,76744
MVR,20161118,18.65,18.65,18.63,18.64,1803
MVS,20161118,17.19,17.24,17.14,17.24,644
MVT,20161118,0.155,0.155,0.155,0.155,100000
MVW,20161118,23.63,23.7,23.63,23.68,12408
MWR,20161118,0.805,0.805,0.8,0.8,2442
MX1,20161118,0.49,0.49,0.485,0.485,100000
MXC,20161118,0.046,0.048,0.045,0.046,5655013
MXI,20161118,0.585,0.595,0.58,0.595,19500
MXR,20161118,0.004,0.004,0.004,0.004,2395012
MYE,20161118,0.39,0.42,0.39,0.42,265509
MYO,20161118,3.39,3.43,3.37,3.4,487147
MYR,20161118,1.125,1.19,1.085,1.19,28237059
MYS,20161118,4.21,4.26,4.21,4.24,76865
MYX,20161118,1.56,1.6,1.54,1.58,6803131
MZI,20161118,0.305,0.305,0.305,0.305,26252
MZM,20161118,0.135,0.135,0.135,0.135,20000
MZN,20161118,0.018,0.018,0.017,0.017,3020561
N1H,20161118,0.16,0.17,0.16,0.17,290372
NAB,20161118,28.48,28.65,28.28,28.47,4570665
NAC,20161118,1.155,1.16,1.15,1.16,179804
NAE,20161118,0.023,0.03,0.023,0.027,10402774
NAG,20161118,0.12,0.125,0.12,0.125,1561076
NAN,20161118,3.23,3.27,3.19,3.27,635938
NAV,20161118,0.008,0.008,0.008,0.008,200000
NCC,20161118,1.365,1.37,1.36,1.37,32644
NCK,20161118,5.6,5.85,5.57,5.63,51603
NCL,20161118,0.027,0.027,0.027,0.027,634507
NCM,20161118,21.13,21.18,20.57,20.76,4656525
NDO,20161118,0.062,0.062,0.062,0.062,25400
NDQ,20161118,11.15,11.34,11.15,11.34,4615
NEA,20161118,0.795,0.845,0.77,0.79,3308990
NEC,20161118,0.89,0.9,0.88,0.895,1011282
NEU,20161118,0.068,0.073,0.068,0.071,2276171
NGY,20161118,0.04,0.04,0.04,0.04,224518
NHC,20161118,1.71,1.71,1.69,1.705,133320
NHF,20161118,4.85,4.88,4.78,4.85,276038
NIU,20161118,0.005,0.005,0.005,0.005,740000
NMI,20161118,0.02,0.02,0.02,0.02,30000
NML,20161118,0.045,0.045,0.045,0.045,237659
NMM,20161118,0.15,0.155,0.145,0.15,95000
NMS,20161118,1,1,1,1,334
NMT,20161118,0.325,0.33,0.315,0.325,551239
NNW,20161118,0.11,0.11,0.11,0.11,100000
NOR,20161118,0.029,0.03,0.027,0.029,13726708
NOV,20161118,0.135,0.15,0.135,0.15,67295
NOX,20161118,0.49,0.5,0.46,0.46,280797
NRT,20161118,0.09,0.092,0.09,0.09,452268
NSL,20161118,0.047,0.047,0.045,0.046,3828813
NSR,20161118,1.4,1.427,1.39,1.425,624061
NST,20161118,3.6,3.66,3.52,3.6,8362158
NTC,20161118,2.2,2.24,2.06,2.15,980485
NTI,20161118,0.35,0.37,0.315,0.35,776757
NTL,20161118,0.005,0.005,0.005,0.005,3340697
NTM,20161118,0.075,0.075,0.068,0.068,344708
NTU,20161118,0.13,0.13,0.115,0.13,1218877
NUF,20161118,8.53,8.54,8.42,8.51,346131
NUH,20161118,0.064,0.067,0.06,0.061,6827241
NVL,20161118,2.12,2.2,2.12,2.19,30252
NVO,20161118,0.095,0.095,0.095,0.095,305000
NVT,20161118,5,5.01,4.94,4.97,579693
NWE,20161118,0.003,0.003,0.003,0.003,312000
NWF,20161118,0.31,0.31,0.31,0.31,500
NWH,20161118,0.53,0.545,0.515,0.52,348648
NWS,20161118,16.62,16.7,16.55,16.65,91811
NWZ,20161118,0.004,0.004,0.004,0.004,3303978
NXM,20161118,0.12,0.12,0.12,0.12,47025
NXT,20161118,3.1,3.17,3.03,3.15,2093575
NZM,20161118,0.465,0.48,0.465,0.465,74138
OBJ,20161118,0.072,0.072,0.069,0.069,1928192
OCC,20161118,0.445,0.455,0.445,0.45,63024
OCP,20161118,2.06,2.06,2.06,2.06,4099
ODY,20161118,0.085,0.085,0.085,0.085,14900
OEL,20161118,0.038,0.039,0.038,0.039,297861
OEX,20161118,0.007,0.007,0.007,0.007,614000
OFX,20161118,1.52,1.56,1.495,1.55,4484544
OGC,20161118,3.73,3.73,3.58,3.62,1431270
OHE,20161118,2.79,2.79,2.79,2.79,1075
OIL,20161118,0.057,0.06,0.057,0.06,387257
OKU,20161118,0.13,0.13,0.125,0.125,176923
OMH,20161118,0.14,0.14,0.12,0.12,247000
OML,20161118,4.25,4.31,4.23,4.28,202352
ONE,20161118,6.7,6.7,6.7,6.7,1000
ONT,20161118,7.6,7.6,7.52,7.52,2326
OOK,20161118,0.021,0.022,0.021,0.021,1524535
OOO,20161118,14.1,14.1,14,14.09,9014
OPG,20161118,0.515,0.515,0.51,0.51,29915
OPN,20161118,0.16,0.165,0.15,0.15,95792
OPT,20161118,0.72,0.72,0.72,0.72,42215
ORA,20161118,2.66,2.76,2.66,2.75,5834225
ORE,20161118,4.05,4.07,3.76,3.8,2286304
ORG,20161118,5.57,5.69,5.57,5.68,4040221
ORI,20161118,17.41,17.47,16.98,17.15,1100009
ORL,20161118,2.51,2.51,2.45,2.45,3315
ORR,20161118,0.45,0.45,0.435,0.445,1319396
OSH,20161118,6.8,6.9,6.73,6.87,4638372
OSL,20161118,0.11,0.112,0.105,0.105,751853
OSP,20161118,0.47,0.47,0.445,0.45,111771
OTC,20161118,0.24,0.245,0.235,0.24,222607
OTR,20161118,0.4,0.4,0.4,0.4,46235
OVH,20161118,0.63,0.63,0.605,0.62,281825
OVL,20161118,0.021,0.021,0.02,0.021,930000
OVN,20161118,0.68,0.68,0.68,0.68,6500
OZF,20161118,20,20.01,20,20.01,11190
OZG,20161118,0.17,0.17,0.17,0.17,20000
OZL,20161118,7.69,7.82,7.51,7.74,2689612
OZR,20161118,7.92,7.94,7.92,7.94,12000
PAA,20161118,0.05,0.05,0.05,0.05,84812
PAB,20161118,0.006,0.006,0.006,0.006,99794
PAC,20161118,3.65,3.9,3.65,3.86,39273
PAF,20161118,0.9,0.91,0.895,0.91,177332
PAI,20161118,0.91,0.92,0.905,0.905,178680
PAK,20161118,0.1,0.1,0.099,0.099,85654
PAN,20161118,0.325,0.325,0.31,0.32,343318
PAR,20161118,0.46,0.46,0.46,0.46,10000
PBP,20161118,0.495,0.5,0.49,0.5,108750
PBT,20161118,0.06,0.06,0.057,0.057,247427
PDI,20161118,0.014,0.014,0.013,0.013,226274
PDN,20161118,0.098,0.099,0.095,0.096,15678069
PDZ,20161118,0.41,0.41,0.41,0.41,21000
PEA,20161118,0.59,0.59,0.58,0.59,28675
PEK,20161118,0.07,0.07,0.07,0.07,25000
PEN,20161118,0.535,0.54,0.525,0.525,128165
PEP,20161118,2.5,2.5,2.42,2.5,40465
PEX,20161118,0.16,0.16,0.16,0.16,4292
PFG,20161118,0.115,0.115,0.115,0.115,107400
PGC,20161118,0.86,0.91,0.86,0.91,1142947
PGF,20161118,0.93,0.935,0.925,0.93,711643
PGH,20161118,6.03,6.17,6.03,6.14,594985
PGM,20161118,0.08,0.09,0.08,0.09,125258
PGO,20161118,0.076,0.076,0.074,0.076,348920
PGY,20161118,0.002,0.002,0.001,0.002,10700000
PHG,20161118,0.435,0.435,0.43,0.43,126315
PHK,20161118,0.09,0.094,0.09,0.094,74043
PIC,20161118,0.955,0.965,0.95,0.965,120091
PIO,20161118,0.019,0.02,0.018,0.018,1557562
PIQ,20161118,0.25,0.25,0.25,0.25,15000
PKA,20161118,0.037,0.04,0.037,0.04,155000
PLG,20161118,0.73,0.73,0.715,0.72,669734
PLH,20161118,0.155,0.16,0.15,0.16,109440
PLP,20161118,0.014,0.015,0.014,0.015,4276685
PLS,20161118,0.545,0.55,0.537,0.55,1602589
PMC,20161118,1.63,1.65,1.63,1.63,64095
PME,20161118,4.86,4.86,4.76,4.82,12552
PMP,20161118,0.765,0.8,0.75,0.765,20316
PMV,20161118,13.41,13.45,13.14,13.25,476571
PMY,20161118,0.007,0.009,0.007,0.008,102025
PNC,20161118,1.86,1.88,1.85,1.88,83025
PNI,20161118,2.54,2.65,2.46,2.64,284653
PNL,20161118,0.45,0.465,0.45,0.465,326233
PNN,20161118,0.017,0.017,0.014,0.014,335750
PNR,20161118,0.175,0.175,0.165,0.17,664871
PNV,20161118,0.275,0.28,0.27,0.27,978622
PNX,20161118,0.022,0.022,0.022,0.022,465855
POH,20161118,0.029,0.029,0.029,0.029,116500
POP,20161118,0.022,0.022,0.022,0.022,250000
POS,20161118,0.051,0.052,0.05,0.05,1407295
POU,20161118,16.58,16.63,16.58,16.62,17190
POW,20161118,0.009,0.009,0.009,0.009,200000
POZ,20161118,0.025,0.025,0.025,0.025,174065
PPC,20161118,0.925,0.93,0.925,0.93,60077
PPG,20161118,0.475,0.48,0.475,0.48,7682
PPH,20161118,1.8,1.8,1.8,1.8,54990
PPL,20161118,0.42,0.44,0.42,0.44,69660
PPS,20161118,0.465,0.475,0.46,0.465,251419
PPT,20161118,47.25,47.4,46.88,47.33,144077
PRG,20161118,1.58,1.585,1.48,1.585,1053675
PRO,20161118,0.76,0.77,0.75,0.755,10600
PRR,20161118,0.035,0.036,0.035,0.035,914693
PRT,20161118,0.31,0.31,0.305,0.305,182239
PRU,20161118,0.555,0.565,0.53,0.53,6650883
PRY,20161118,3.68,3.68,3.62,3.66,799385
PSA,20161118,0.155,0.155,0.155,0.155,1112
PSC,20161118,0.032,0.033,0.028,0.029,10661996
PSI,20161118,2.05,2.05,2.01,2.01,10001
PSQ,20161118,2.27,2.27,2.15,2.16,9181
PSY,20161118,0.06,0.06,0.056,0.059,1932312
PSZ,20161118,0.32,0.32,0.315,0.315,35322
PTL,20161118,0.57,0.59,0.57,0.59,23873
PTM,20161118,5.28,5.35,5.01,5.2,3364855
PTX,20161118,0.098,0.099,0.096,0.096,76562
PVD,20161118,0.048,0.052,0.048,0.05,772617
PVL,20161118,0.72,0.72,0.72,0.72,9000
PWH,20161118,2.61,2.75,2.55,2.71,16129
PXS,20161118,0.257,0.26,0.255,0.26,190861
PYC,20161118,0.017,0.017,0.017,0.017,143765
PZC,20161118,0.008,0.008,0.008,0.008,163904
QAN,20161118,3.13,3.145,3.105,3.12,4011502
QAU,20161118,12.78,12.78,12.63,12.64,27365
QBE,20161118,11.05,11.15,11,11.12,9028216
QBL,20161118,0.008,0.008,0.008,0.008,3464992
QCB,20161118,9.03,9.03,9.03,9.03,170
QHL,20161118,0.11,0.11,0.11,0.11,109719
QIP,20161118,2.21,2.22,2.2,2.2,104679
QMIX,20161118,14.88,14.88,14.88,14.88,0
QMN,20161118,0.006,0.006,0.006,0.006,1141490
QMS,20161118,1.145,1.195,1.145,1.17,411029
QOZ,20161118,12.12,12.13,12.12,12.13,23994
QRE,20161118,4.36,4.36,4.36,4.36,2300
QUAL,20161118,18.84,18.86,18.82,18.84,6969
QUB,20161118,2.24,2.25,2.21,2.22,2096097
QUR,20161118,0.014,0.016,0.014,0.015,2330000
QUS,20161118,29.44,29.5,29.44,29.5,1198
QVE,20161118,1.2,1.22,1.2,1.22,237318
RAC,20161118,0.21,0.21,0.21,0.21,93158
RAN,20161118,1.27,1.27,1.23,1.25,31933
RAP,20161118,0.385,0.39,0.375,0.385,1788535
RARI,20161118,23.22,23.26,23.22,23.26,643
RBL,20161118,0.85,0.85,0.84,0.85,20596
RCB,20161118,20.39,20.39,20.3,20.31,17749
RCE,20161118,0.16,0.16,0.16,0.16,2500
RCG,20161118,1.43,1.445,1.41,1.44,539988
RCO,20161118,0.19,0.19,0.19,0.19,5280
RCR,20161118,2.6,2.61,2.53,2.55,198794
RCT,20161118,3.68,3.75,3.68,3.75,14437
RDG,20161118,0.03,0.032,0.028,0.028,959755
RDH,20161118,0.87,0.87,0.87,0.87,1
RDM,20161118,0.11,0.11,0.11,0.11,4900
RDV,20161118,28.3,28.3,28.11,28.15,2925
REA,20161118,49.7,50.4,49.4,49.9,278916
RED,20161118,0.105,0.11,0.1,0.105,2645997
REG,20161118,4.07,4.17,4.02,4.12,278683
REH,20161118,48.64,48.64,43.5,44,1440
RER,20161118,0.014,0.015,0.014,0.015,1821582
RES,20161118,0.145,0.145,0.145,0.145,38000
REX,20161118,0.82,0.82,0.82,0.82,2685
REY,20161118,0.015,0.015,0.015,0.015,10000
RFF,20161118,1.6,1.605,1.585,1.585,179710
RFG,20161118,6.14,6.19,6.08,6.1,779731
RFL,20161118,0.1,0.105,0.1,0.1,38355
RFN,20161118,0.039,0.04,0.039,0.04,10000
RFT,20161118,0.028,0.028,0.028,0.028,122778
RFX,20161118,0.345,0.355,0.345,0.345,215561
RGB,20161118,21.18,21.18,21.18,21.18,704
RGS,20161118,0.155,0.155,0.15,0.15,116012
RHC,20161118,71.14,71.15,70.1,70.74,295284
RHI,20161118,0.5,0.5,0.5,0.5,24000
RHL,20161118,3.1,3.2,3.06,3.15,40706
RHP,20161118,0.865,0.865,0.86,0.86,57483
RHT,20161118,0.025,0.025,0.025,0.025,40000
RIC,20161118,1.25,1.26,1.235,1.235,766066
RIM,20161118,0.021,0.023,0.021,0.023,471000
RIO,20161118,57.59,57.785,57.26,57.37,1753001
RKN,20161118,1.55,1.575,1.55,1.575,47657
RLC,20161118,0.01,0.01,0.01,0.01,300000
RLE,20161118,0.077,0.08,0.077,0.08,18744
RMD,20161118,7.92,8.02,7.89,7.99,3068609
RMP,20161118,0.025,0.025,0.025,0.025,250000
RMR,20161118,0.02,0.02,0.02,0.02,76668
RMS,20161118,0.455,0.467,0.45,0.455,4613292
RMX,20161118,0.014,0.016,0.014,0.016,30066974
RNI,20161118,0.012,0.012,0.011,0.011,3240238
RNL,20161118,0.009,0.009,0.008,0.008,284633
RNO,20161118,0.018,0.018,0.017,0.017,1307649
RNT,20161118,0.105,0.105,0.1,0.1,238928
RNU,20161118,0.029,0.031,0.029,0.03,953546
RNY,20161118,0.036,0.036,0.036,0.036,1008287
RRL,20161118,2.7,2.765,2.655,2.74,5661876
RRS,20161118,0.006,0.006,0.006,0.006,224000
RSG,20161118,1.19,1.225,1.155,1.215,9565074
RSH,20161118,0.055,0.055,0.055,0.055,14806
RTG,20161118,0.325,0.325,0.325,0.325,670426
RTR,20161118,0.014,0.014,0.014,0.014,595897
RUL,20161118,0.522,0.522,0.515,0.52,33515
RUM,20161118,0.019,0.019,0.019,0.019,1234
RVA,20161118,1.18,1.18,1.18,1.18,13032
RVL,20161118,28.84,28.84,28.84,28.84,250
RVR,20161118,0.2,0.21,0.2,0.207,1243393
RVY,20161118,0.023,0.024,0.022,0.024,1144633
RWC,20161118,3,3.04,2.97,3.02,921679
RWH,20161118,1.4,1.4,1.39,1.39,18142
RXL,20161118,0.016,0.016,0.016,0.016,400000
RXM,20161118,0.05,0.055,0.05,0.055,399819
RXP,20161118,1.03,1.04,0.98,0.98,180908
S2R,20161118,0.42,0.42,0.405,0.405,51658
S32,20161118,2.65,2.65,2.58,2.58,14109883
SAI,20161118,4.65,4.66,4.64,4.65,780212
SAR,20161118,1.03,1.04,0.975,1,11147013
SAS,20161118,0.11,0.112,0.099,0.099,11180260
SAU,20161118,0.28,0.28,0.275,0.28,111179
SBM,20161118,2.2,2.235,2.14,2.21,5013437
SCG,20161118,4.15,4.16,4.09,4.11,8825180
SCO,20161118,2.67,2.7,2.65,2.65,726943
SCP,20161118,2.11,2.115,2.09,2.09,2602297
SDA,20161118,3.13,3.165,3.12,3.13,424772
SDF,20161118,2,2.05,1.995,2.05,3208074
SDG,20161118,1.5,1.51,1.5,1.505,278998
SDI,20161118,1.05,1.065,1.045,1.065,4719
SDL,20161118,0.003,0.003,0.002,0.002,1263000
SEA,20161118,0.165,0.17,0.16,0.165,1292536
SEG,20161118,0.002,0.002,0.002,0.002,18249072
SEH,20161118,0.095,0.099,0.095,0.099,1181801
SEK,20161118,14.52,14.59,14.39,14.54,548086
SEN,20161118,0.11,0.115,0.11,0.115,956000
SEQ,20161118,0.23,0.25,0.23,0.25,369168
SER,20161118,0.012,0.012,0.012,0.012,65350
SFG,20161118,0.078,0.079,0.077,0.079,1235286
SFH,20161118,0.515,0.515,0.51,0.51,5354
SFI,20161118,0.066,0.066,0.066,0.066,236183
SFR,20161118,5.8,5.81,5.64,5.72,1417666
SFX,20161118,0.54,0.59,0.54,0.59,112902
SFY,20161118,50.5,50.77,50.5,50.67,14907
SGF,20161118,3.51,3.51,3.4,3.48,746072
SGH,20161118,0.305,0.32,0.295,0.305,2107071
SGM,20161118,12.1,12.42,12,12.28,1368037
SGP,20161118,4.17,4.18,4.125,4.15,4948908
SGQ,20161118,0.15,0.155,0.15,0.155,551117
SGR,20161118,4.94,5.2,4.94,5.19,6647874
SHJ,20161118,1.11,1.13,1.11,1.13,14105
SHL,20161118,22.02,22.18,21.81,22.18,1068629
SHM,20161118,1.26,1.26,1.26,1.26,39309
SHV,20161118,6.88,7.1,6.77,6.82,466531
SIO,20161118,0.42,0.42,0.415,0.42,65690
SIP,20161118,1.31,1.325,1.295,1.325,2271069
SIQ,20161118,5.55,5.73,5.51,5.69,332565
SIV,20161118,9,10.145,8.77,9.9,1050397
SIX,20161118,0.275,0.275,0.275,0.275,24980
SKB,20161118,0.62,0.62,0.61,0.61,47261
SKC,20161118,3.51,3.57,3.49,3.53,424272
SKF,20161118,0.069,0.069,0.069,0.069,200000
SKI,20161118,2.06,2.115,2.06,2.11,14771572
SKT,20161118,4.22,4.31,4.21,4.31,246087
SLC,20161118,2.82,2.83,2.76,2.76,568185
SLF,20161118,11.75,11.87,11.75,11.85,39576
SLK,20161118,4.17,4.2,4.14,4.19,102042
SLM,20161118,0.465,0.465,0.465,0.465,13424
SLR,20161118,0.53,0.532,0.51,0.51,3454854
SLX,20161118,0.4,0.42,0.395,0.42,68714
SM8,20161118,0.185,0.19,0.185,0.19,123618
SMA,20161118,0.013,0.014,0.012,0.013,3739156
SMD,20161118,0.026,0.026,0.025,0.026,173780
SMI,20161118,0.042,0.042,0.041,0.041,509715
SMN,20161118,2.09,2.12,2.01,2.03,258861
SMP,20161118,0.15,0.15,0.15,0.15,58991
SMR,20161118,0.665,0.665,0.64,0.665,169485
SMX,20161118,1.32,1.34,1.26,1.3,113359
SNC,20161118,0.92,0.92,0.92,0.92,7900
SND,20161118,0.54,0.54,0.54,0.54,10000
SNL,20161118,1.93,1.93,1.93,1.93,800
SO4,20161118,0.485,0.5,0.485,0.5,50000
SOC,20161118,0.003,0.003,0.003,0.003,1430000
SOL,20161118,15,15.02,14.89,14.96,104655
SOM,20161118,3.66,3.66,3.64,3.65,20247
SOR,20161118,0.11,0.11,0.11,0.11,3100
SP1,20161118,0.053,0.053,0.05,0.05,288470
SPI,20161118,0.064,0.064,0.064,0.064,5600
SPK,20161118,3.19,3.23,3.17,3.2,835305
SPL,20161118,0.695,0.71,0.69,0.69,348261
SPO,20161118,0.96,0.97,0.952,0.965,3073596
SPX,20161118,0.004,0.004,0.004,0.004,89000
SPY,20161118,296.26,296.26,296.26,296.26,39
SPZ,20161118,0.28,0.28,0.28,0.28,44600
SRF,20161118,0.18,0.18,0.18,0.18,215270
SRG,20161118,1.85,1.85,1.82,1.83,91252
SRI,20161118,0.018,0.018,0.018,0.018,290490
SRK,20161118,0.046,0.046,0.046,0.046,1
SRO,20161118,0.017,0.017,0.016,0.016,3577257
SRS,20161118,0.025,0.025,0.025,0.025,5690
SRV,20161118,7.69,7.78,7.685,7.73,144436
SRX,20161118,27.7,27.84,27.28,27.77,246515
SRY,20161118,0.053,0.053,0.053,0.053,264220
SRZ,20161118,0.043,0.043,0.043,0.043,33000
SSG,20161118,1,1.02,1,1,350650
SSM,20161118,0.99,0.99,0.96,0.98,685283
SSN,20161118,0.004,0.004,0.004,0.004,170000
SSO,20161118,12.24,12.24,12.24,12.24,3200
ST1,20161118,0.029,0.03,0.029,0.03,3274634
STA,20161118,0.009,0.009,0.007,0.007,2218735
STL,20161118,0.032,0.032,0.032,0.032,572500
STO,20161118,3.91,3.93,3.82,3.89,9545222
STW,20161118,50.33,50.5,50.29,50.45,83968
STX,20161118,0.083,0.083,0.077,0.08,620648
SUD,20161118,0.023,0.023,0.023,0.023,217888
SUL,20161118,8.86,9.01,8.77,9,756700
SUN,20161118,11.98,12.1,11.955,12.08,2450291
SVL,20161118,0.185,0.19,0.175,0.175,351675
SVW,20161118,8.75,9,8.66,8.99,436318
SVY,20161118,0.155,0.18,0.155,0.18,375200
SW1,20161118,0.235,0.235,0.235,0.235,162427
SWK,20161118,0.27,0.27,0.265,0.265,181500
SWL,20161118,0.8,0.8,0.8,0.8,32000
SWM,20161118,0.68,0.69,0.675,0.69,1594297
SXE,20161118,0.48,0.48,0.46,0.46,56750
SXL,20161118,1.4,1.405,1.365,1.4,2072355
SXX,20161118,0.007,0.007,0.007,0.007,100000
SXY,20161118,0.24,0.25,0.24,0.25,1421768
SYA,20161118,0.027,0.028,0.026,0.028,4547510
SYD,20161118,6.1,6.17,5.91,5.98,11203556
SYI,20161118,27.42,27.42,27.42,27.42,474
SYR,20161118,3.04,3.04,2.89,2.94,3118099
SYT,20161118,0.039,0.042,0.038,0.04,8762603
T3D,20161118,0.011,0.011,0.011,0.011,160000
TAH,20161118,4.57,4.61,4.54,4.59,2768031
TAM,20161118,0.081,0.084,0.08,0.083,409913
TAP,20161118,0.082,0.083,0.082,0.083,84299
TAS,20161118,0.18,0.185,0.18,0.185,389665
TAW,20161118,0.096,0.1,0.095,0.095,1928970
TBH,20161118,0.19,0.195,0.18,0.18,366404
TCH,20161118,1.88,1.88,1.81,1.85,99630
TCL,20161118,10.01,10.06,9.85,9.92,5869564
TDL,20161118,0.155,0.155,0.155,0.155,207
TEG,20161118,0.002,0.002,0.002,0.002,1538001
TEN,20161118,1,1.01,0.995,1.01,576237
TER,20161118,0.043,0.043,0.04,0.04,9766145
TFC,20161118,1.5,1.5,1.45,1.48,491233
TFG,20161118,0.26,0.26,0.26,0.26,225000
TFL,20161118,0.22,0.22,0.22,0.22,7000
TGA,20161118,1.75,1.865,1.75,1.825,413200
TGG,20161118,1.17,1.18,1.17,1.18,448977
TGH,20161118,1.395,1.395,1.395,1.395,32620
TGP,20161118,0.92,0.92,0.92,0.92,5600
TGR,20161118,3.75,3.78,3.72,3.76,276863
TGS,20161118,0.035,0.035,0.031,0.032,3261845
TGZ,20161118,0.84,0.84,0.785,0.8,392936
THD,20161118,0.02,0.021,0.02,0.02,1551158
THX,20161118,0.053,0.053,0.051,0.051,461330
TIG,20161118,0.07,0.07,0.07,0.07,86609
TIX,20161118,2.43,2.43,2.4,2.4,156619
TKF,20161118,0.053,0.053,0.053,0.053,53298
TKL,20161118,0.022,0.022,0.017,0.017,1921173
TLG,20161118,0.275,0.28,0.27,0.27,450442
TLS,20161118,4.91,4.965,4.88,4.93,36303534
TME,20161118,4.7,4.75,4.67,4.72,1077127
TMP,20161118,0.21,0.21,0.2,0.2,85000
TND,20161118,0.023,0.027,0.023,0.027,299452
TNE,20161118,5.3,5.385,5.27,5.37,335072
TNG,20161118,0.16,0.16,0.15,0.15,738396
TNK,20161118,2.07,2.13,2.07,2.12,420529
TNP,20161118,0.01,0.01,0.01,0.01,700000
TNR,20161118,0.155,0.17,0.155,0.17,29561
TOE,20161118,0.039,0.039,0.039,0.039,58666
TOF,20161118,2.15,2.19,2.15,2.17,92586
TOP,20161118,0.715,0.715,0.715,0.715,37740
TOU,20161118,0.135,0.135,0.135,0.135,20000
TOX,20161118,2.38,2.38,2.31,2.35,661654
TPE,20161118,3,3,2.9,2.9,9351
TPM,20161118,6.98,7.07,6.92,7.02,2591261
TPP,20161118,0.24,0.24,0.23,0.23,83664
TPS,20161118,0.025,0.025,0.024,0.024,822916
TPW,20161118,0.145,0.145,0.145,0.145,2000
TRL,20161118,0.06,0.06,0.056,0.056,451936
TRS,20161118,7.95,7.95,7.68,7.8,136287
TRY,20161118,0.31,0.315,0.3,0.305,595083
TSM,20161118,0.31,0.315,0.31,0.315,157457
TSN,20161118,0.031,0.035,0.031,0.032,31087348
TTC,20161118,0.5,0.505,0.5,0.505,23097
TTL,20161118,0.032,0.032,0.028,0.028,210658
TTS,20161118,3.85,3.89,3.82,3.87,4193329
TTW,20161118,0.035,0.035,0.035,0.035,56166
TUP,20161118,0.078,0.078,0.078,0.078,105000
TWD,20161118,3.47,3.5,3.43,3.48,11786
TWE,20161118,10.59,10.59,10.44,10.52,2058785
TYX,20161118,0.034,0.034,0.033,0.033,438129
TZL,20161118,0.058,0.058,0.058,0.058,5129
UBE,20161118,17.7,17.7,17.7,17.7,62
UBI,20161118,0.305,0.305,0.305,0.305,1393
UBJ,20161118,20.35,20.35,20.35,20.35,53
UBN,20161118,0.14,0.17,0.14,0.17,371026
UBW,20161118,20.44,20.44,20.44,20.44,572
UCM,20161118,0.235,0.235,0.225,0.225,15000
UCW,20161118,0.033,0.033,0.033,0.033,358334
UGL,20161118,3.15,3.16,3.15,3.15,806296
UMAX,20161118,17.29,17.4,17.29,17.36,16946
UNS,20161118,0.064,0.064,0.06,0.063,1299748
UPD,20161118,0.465,0.5,0.465,0.5,93855
URF,20161118,2.02,2.07,2.02,2.07,9855
URI,20161118,1.5,1.5,1.5,1.5,745
USD,20161118,13.15,13.2,13.14,13.18,281877
USP,20161118,1.58,1.58,1.58,1.58,1565
VAF,20161118,48.95,48.95,48.8,48.86,29295
VAH,20161118,0.23,0.232,0.225,0.225,621664
VAN,20161118,0.044,0.049,0.044,0.049,174937
VAP,20161118,73.7,74.19,73.38,74.19,12680
VAR,20161118,0.019,0.019,0.019,0.019,1430000
VAS,20161118,68.38,68.6,68.33,68.5,62712
VBS,20161118,1.55,1.58,1.55,1.58,6175
VCF,20161118,50.9,50.99,50.7,50.7,8159
VCX,20161118,2.82,2.83,2.78,2.81,9416420
VEE,20161118,0.65,0.65,0.65,0.65,85000
VEU,20161118,58.5,58.99,58.38,58.39,11226
VGAD,20161118,54.86,54.86,54.7,54.82,5892
VGB,20161118,49.48,49.48,49.13,49.13,3841
VGE,20161118,53.54,53.87,53.38,53.77,4003
VGS,20161118,56.91,57,56.85,56.96,24296
VHY,20161118,56.69,57.12,56.69,56.8,8840
VIF,20161118,51.82,51.82,51.69,51.82,1978
VIT,20161118,2.19,2.19,2.18,2.18,301790
VKA,20161118,0.03,0.033,0.027,0.027,5689799
VLA,20161118,1.26,1.26,1.18,1.19,126828
VLT,20161118,0.03,0.03,0.027,0.029,2782096
VLW,20161118,2.2,2.25,2.19,2.2,210452
VMC,20161118,0.15,0.15,0.145,0.15,133833
VML,20161118,0.019,0.02,0.019,0.019,2946097
VMS,20161118,0.031,0.031,0.031,0.031,145000
VMT,20161118,0.097,0.099,0.096,0.099,65751
VMY,20161118,0.26,0.26,0.26,0.26,28850
VOC,20161118,5.33,5.37,5.25,5.33,1649779
VPC,20161118,0.021,0.021,0.02,0.02,1381200
VRC,20161118,0.071,0.072,0.07,0.071,943582
VRI,20161118,0.06,0.06,0.058,0.059,853137
VRL,20161118,4.7,4.7,4.54,4.57,673096
VRT,20161118,5.8,5.8,5.75,5.78,209000
VRX,20161118,0.026,0.026,0.026,0.026,41877
VSO,20161118,46.64,47.06,46.63,47.06,4038
VTG,20161118,3.2,3.22,3.06,3.1,2266476
VTS,20161118,151.11,152.82,151.11,152.5,7572
VVR,20161118,2.11,2.13,2.105,2.13,2582553
VXR,20161118,0.009,0.009,0.009,0.009,2181684
WAA,20161118,1.12,1.12,1.12,1.12,30343
WAF,20161118,0.28,0.28,0.26,0.265,538607
WAM,20161118,2.3,2.31,2.29,2.29,616568
WAT,20161118,1.49,1.49,1.49,1.49,531
WAX,20161118,1.51,1.515,1.475,1.475,320160
WBA,20161118,1.23,1.23,1.19,1.21,50442
WBC,20161118,30.96,31.04,30.73,30.93,6199795
WBT,20161118,0.027,0.028,0.025,0.028,652758
WCB,20161118,7.15,7.15,7.15,7.15,500
WCN,20161118,0.007,0.008,0.007,0.008,1634187
WCP,20161118,0.07,0.071,0.07,0.071,623150
WDIV,20161118,17.25,17.26,17.21,17.26,9498
WEB,20161118,9.51,9.8,9.42,9.6,471733
WEC,20161118,0.06,0.06,0.06,0.06,25000
WEMG,20161118,16.45,16.45,16.45,16.45,0
WES,20161118,41.5,41.5,40.935,41.16,1210453
WFD,20161118,8.65,8.98,8.65,8.94,8306219
WFE,20161118,0.003,0.003,0.003,0.003,200000
WHC,20161118,2.66,2.74,2.505,2.55,20896574
WHF,20161118,4.32,4.32,4.29,4.29,24120
WIC,20161118,0.99,0.99,0.98,0.98,49000
WIN,20161118,0.19,0.19,0.19,0.19,81178
WKT,20161118,0.003,0.003,0.003,0.003,500000
WLD,20161118,0.23,0.23,0.217,0.22,3959628
WLE,20161118,1.105,1.115,1.1,1.105,326875
WLF,20161118,0.085,0.085,0.085,0.085,5000
WLL,20161118,5.4,5.4,5.4,5.4,1000
WMC,20161118,0.17,0.17,0.17,0.17,16000
WMK,20161118,1.06,1.06,1.05,1.06,153284
WMN,20161118,0.001,0.001,0.001,0.001,3775250
WOF,20161118,0.02,0.02,0.02,0.02,1424929
WOR,20161118,8.7,8.71,8.54,8.69,1142145
WOW,20161118,23.28,23.41,23.12,23.21,1218045
WPG,20161118,0.08,0.08,0.076,0.08,1756905
WPL,20161118,29.22,29.59,29.2,29.4,1817404
WPP,20161118,0.97,0.97,0.945,0.965,2994759
WRLD,20161118,10.08,10.08,10.04,10.08,26750
WRM,20161118,0.014,0.014,0.013,0.013,402310
WSA,20161118,3.03,3.11,3.03,3.08,1312798
WSI,20161118,0.028,0.028,0.028,0.028,800
WTC,20161118,5.58,5.65,5.55,5.62,200289
WTP,20161118,0.88,0.88,0.85,0.85,54498
WTR,20161118,0.045,0.045,0.045,0.045,25000
WWI,20161118,0.027,0.027,0.027,0.027,85584
WXHG,20161118,18.495,18.52,18.495,18.52,4197
WXOZ,20161118,24.02,24.02,24.01,24.01,2009
XAM,20161118,0.18,0.195,0.175,0.195,191000
XPD,20161118,0.1,0.1,0.095,0.096,204092
XPE,20161118,0.03,0.038,0.03,0.038,101342483
XRF,20161118,0.185,0.185,0.18,0.18,127800
XRO,20161118,17.14,17.38,17.03,17.37,17665
XST,20161118,0.013,0.015,0.013,0.015,621387
XTD,20161118,0.15,0.16,0.145,0.15,277500
XTE,20161118,0.335,0.335,0.335,0.335,8000
YAL,20161118,0.365,0.4,0.34,0.4,117133
YBR,20161118,0.16,0.165,0.155,0.155,99510
YMAX,20161118,9.02,9.03,8.99,9.02,49136
YNB,20161118,0.07,0.072,0.07,0.072,140000
YOJ,20161118,0.04,0.04,0.038,0.038,275000
YOW,20161118,0.55,0.59,0.55,0.59,308742
YPB,20161118,0.155,0.16,0.155,0.155,123731
ZER,20161118,0.305,0.305,0.305,0.305,10000
ZGOL,20161118,16.26,16.26,16.26,16.26,1618
ZMI,20161118,0.014,0.014,0.013,0.014,2891748
ZML,20161118,0.875,0.875,0.85,0.87,7649
ZNC,20161118,0.12,0.12,0.12,0.12,4535
ZOZI,20161118,9.9,9.9,9.9,9.9,0
ZUSD,20161118,10.3,10.31,10.3,10.31,3500
ZYB,20161118,0.008,0.008,0.008,0.008,191005
ZYUS,20161118,12.3,12.37,12.3,12.35,42122
XAF,20161118,5283.3,5311.5,5283.3,5298,0
XAO,20161118,5408.9,5435.3,5408.9,5427.5,0
XAT,20161118,5284.8,5311.7,5284.8,5304.5,0
XDJ,20161118,1978.7,2015.5,1978.7,2015.1,0
XEC,20161118,1351.8,1354.3,1342,1342.5,0
XEJ,20161118,8461.7,8485.8,8407.3,8457.3,0
XFJ,20161118,6090.8,6135.2,6090.8,6118.2,0
XFL,20161118,5333.4,5362.1,5333.4,5348.6,0
XGD,20161118,4269.1,4269.1,4104.4,4133.8,0
XHJ,20161118,19852.6,19914.3,19712.5,19827.7,0
XIJ,20161118,757.7,773.2,756.8,772.4,0
XJO,20161118,5338.5,5366.4,5338.5,5359.4,0
XJR,20161118,3218.8,3226.7,3199,3205.8,0
XKO,20161118,5299.9,5326.3,5299.9,5319.5,0
XMD,20161118,5466,5524.6,5466,5522.8,0
XMJ,20161118,9382.3,9409.3,9347.3,9357.3,0
XMM,20161118,2852.9,2862.1,2832.8,2835.6,0
XNJ,20161118,4951.6,4978.7,4930.4,4960,0
XPJ,20161118,1269.3,1284.3,1269.2,1281.6,0
XSJ,20161118,8641.9,8656.4,8583.5,8617.9,0
XSO,20161118,2278.9,2285.2,2272.4,2284.3,0
XTJ,20161118,1722.6,1764,1722.6,1752.8,0
XTL,20161118,3098.7,3117.2,3098.7,3110.4,0
XTO,20161118,4423.4,4448,4423.4,4440.4,0
XUJ,20161118,6949.7,6998,6941.3,6993,0
XXJ,20161118,6793.3,6842.8,6793.3,6823.9,0
