1PG,20160203,3.26,3.26,3.14,3.17,165272
1ST,20160203,0.06,0.06,0.06,0.06,50000
3DM,20160203,0.071,0.072,0.069,0.071,570487
3PL,20160203,1.795,1.8,1.75,1.75,101086
4DS,20160203,0.04,0.04,0.038,0.038,1365935
88E,20160203,0.007,0.007,0.007,0.007,3679606
8EC,20160203,0.96,0.96,0.9,0.9,53660
8IH,20160203,1.15,1.15,1.14,1.15,34320
A2M,20160203,1.61,1.65,1.605,1.63,5686362
AAA,20160203,50.11,50.11,50.09,50.09,91682
AAC,20160203,1.295,1.3,1.28,1.28,847957
AAD,20160203,2.06,2.12,2.06,2.07,1103205
AAP,20160203,0.03,0.03,0.03,0.03,800000
AAX,20160203,0.24,0.24,0.24,0.24,11250
AB1,20160203,0.22,0.23,0.2,0.225,756712
ABA,20160203,5.25,5.25,5.18,5.18,6000
ABC,20160203,4.67,4.7,4.6,4.66,2193820
ABP,20160203,2.99,3.03,2.97,2.97,750100
ABU,20160203,0.038,0.038,0.034,0.034,616426
ABX,20160203,0.15,0.16,0.145,0.155,487776
ABY,20160203,0.195,0.195,0.16,0.17,207014
ACB,20160203,0.016,0.016,0.016,0.016,753000
ACG,20160203,0.19,0.2,0.175,0.175,344160
ACL,20160203,0.008,0.009,0.008,0.008,3245548
ACQ,20160203,0.83,0.835,0.83,0.83,57722
ACR,20160203,0.66,0.677,0.66,0.67,117081
ACU,20160203,0.073,0.073,0.072,0.072,68916
ACW,20160203,0.057,0.057,0.05,0.054,415534
ACX,20160203,4.9,4.94,4.62,4.74,342942
ADA,20160203,2.11,2.12,2,2.05,229188
ADH,20160203,2.52,2.57,2.52,2.56,343470
ADJ,20160203,0.098,0.098,0.096,0.096,563137
ADN,20160203,0.007,0.007,0.006,0.006,555000
ADO,20160203,0.069,0.07,0.069,0.069,435682
ADR,20160203,0.56,0.575,0.52,0.555,168856
ADV,20160203,0.023,0.024,0.022,0.024,7957546
AEB,20160203,0.059,0.064,0.057,0.058,131842
AEF,20160203,64,64,64,64,31
AEG,20160203,1.32,1.32,1.27,1.27,313165
AFG,20160203,1.01,1.01,1,1,111704
AFI,20160203,5.74,5.74,5.59,5.59,336370
AFR,20160203,0.051,0.051,0.051,0.051,27970
AGE,20160203,0.011,0.011,0.011,0.011,10000
AGF,20160203,0.785,0.787,0.775,0.785,333420
AGG,20160203,2.45,2.45,2.45,2.45,250
AGI,20160203,2.24,2.25,2.18,2.19,296373
AGL,20160203,18.34,18.54,18.22,18.51,2455212
AGO,20160203,0.014,0.014,0.013,0.014,2208311
AGR,20160203,0.11,0.115,0.105,0.105,228450
AGS,20160203,0.032,0.033,0.032,0.033,419900
AGX,20160203,0.013,0.013,0.013,0.013,73
AGY,20160203,0.004,0.005,0.004,0.005,2826446
AHA,20160203,0.005,0.006,0.005,0.006,4944999
AHG,20160203,4.33,4.41,4.29,4.29,636078
AHL,20160203,0.535,0.54,0.5,0.52,558232
AHQ,20160203,0.004,0.004,0.004,0.004,550000
AHX,20160203,1.32,1.34,1.31,1.335,44178
AHY,20160203,1.57,1.59,1.55,1.555,2772076
AHZ,20160203,0.63,0.645,0.62,0.645,162781
AIA,20160203,5.11,5.15,5.1,5.15,19253
AIB,20160203,0.78,0.78,0.78,0.78,5000
AIO,20160203,8.76,8.875,8.76,8.79,1800277
AIS,20160203,0.025,0.03,0.025,0.03,192001
AIV,20160203,0.013,0.013,0.013,0.013,91000
AIZ,20160203,2.69,2.69,2.59,2.68,44833
AJA,20160203,5.32,5.39,5.22,5.25,121916
AJC,20160203,0.004,0.004,0.003,0.003,718462
AJD,20160203,1.3,1.3,1.29,1.3,2684875
AJL,20160203,0.36,0.36,0.36,0.36,3000
AJM,20160203,0.052,0.055,0.051,0.053,2272461
AJQ,20160203,0.12,0.12,0.12,0.12,11659
AJX,20160203,0.76,0.775,0.745,0.75,255927
AKF,20160203,0.067,0.067,0.066,0.066,571835
AKG,20160203,0.285,0.285,0.285,0.285,264680
AKK,20160203,0.01,0.01,0.01,0.01,2531970
AKP,20160203,6.95,7,6.95,7,640
ALA,20160203,0.165,0.165,0.165,0.165,3789
ALF,20160203,1.465,1.48,1.46,1.46,158386
ALI,20160203,1.73,1.785,1.725,1.735,36495
ALK,20160203,0.2,0.2,0.185,0.185,506569
ALL,20160203,10.45,10.56,10.32,10.33,1550621
ALQ,20160203,3.38,3.41,3.17,3.25,3935340
ALT,20160203,0.004,0.004,0.004,0.004,1706707
ALU,20160203,5.5,5.5,5.32,5.36,998614
ALY,20160203,0.022,0.022,0.022,0.022,150000
AMA,20160203,0.927,0.927,0.88,0.925,275707
AMC,20160203,13.08,13.08,12.76,12.82,3737849
AMH,20160203,0.86,0.865,0.85,0.85,46726
AMI,20160203,0.055,0.065,0.055,0.059,1002755
AMP,20160203,5.31,5.41,5.26,5.28,8211224
ANG,20160203,0.185,0.2,0.185,0.185,20676
ANN,20160203,18.78,18.99,18.63,18.65,502228
ANP,20160203,0.06,0.06,0.06,0.06,4073
ANQ,20160203,0.001,0.001,0.001,0.001,200239
ANR,20160203,1.64,1.64,1.55,1.59,97160
ANZ,20160203,24.04,24.1,23.53,23.67,8189140
AOD,20160203,0.7,0.71,0.7,0.71,11117
AOG,20160203,3.02,3.03,2.97,2.97,828147
AOH,20160203,0.091,0.091,0.09,0.091,518954
AOK,20160203,0.051,0.051,0.046,0.046,50000
AON,20160203,0.02,0.022,0.02,0.022,53700
AOP,20160203,0.05,0.05,0.05,0.05,17240
APA,20160203,8.53,8.59,8.42,8.44,1291706
APD,20160203,0.42,0.42,0.42,0.42,34764
APE,20160203,11.76,11.76,11.5,11.55,60505
API,20160203,2.14,2.24,2.05,2.08,1587622
APN,20160203,0.51,0.525,0.5,0.52,1130901
APO,20160203,5.84,5.87,5.61,5.61,504334
APX,20160203,1.55,1.555,1.525,1.555,50826
APY,20160203,0.009,0.009,0.009,0.009,365862
APZ,20160203,1.165,1.175,1.125,1.125,43214
AQC,20160203,0.022,0.022,0.02,0.02,9014240
AQF,20160203,1.73,1.73,1.73,1.73,6877
AQG,20160203,2.26,2.26,2.2,2.24,424810
AQI,20160203,0.042,0.042,0.042,0.042,40000
AQP,20160203,0.25,0.25,0.25,0.25,164782
AQS,20160203,0.089,0.089,0.088,0.088,33823
AQX,20160203,0.055,0.055,0.05,0.05,24545
AR1,20160203,0.018,0.018,0.017,0.017,469400
ARB,20160203,15.36,15.72,15.25,15.3,190877
ARF,20160203,1.8,1.8,1.76,1.77,98115
ARG,20160203,7.52,7.61,7.46,7.6,145418
ARI,20160203,0.058,0.061,0.058,0.059,4945582
ARO,20160203,0.007,0.007,0.007,0.007,568571
ARU,20160203,0.06,0.061,0.055,0.055,415427
ARV,20160203,0.001,0.001,0.001,0.001,3251935
ARX,20160203,0.002,0.002,0.002,0.002,400000
ASB,20160203,1.2,1.237,1.2,1.225,1567810
ASH,20160203,0.155,0.155,0.15,0.15,131008
ASL,20160203,0.225,0.23,0.22,0.22,813079
ASP,20160203,0.008,0.01,0.008,0.01,694690
AST,20160203,1.475,1.475,1.46,1.465,4485902
ASX,20160203,40.56,41.23,40.3,40.43,630217
ASZ,20160203,1.09,1.125,1.085,1.1,62820
ATC,20160203,0.097,0.097,0.097,0.097,30000
ATU,20160203,0.36,0.36,0.35,0.35,23200
AUB,20160203,8.65,9.05,8.6,9.05,12228
AUF,20160203,1.2,1.2,1.2,1.2,37815
AUI,20160203,7.22,7.22,7.15,7.19,21526
AUK,20160203,0.01,0.01,0.01,0.01,175000
AUP,20160203,5.53,5.53,5.53,5.53,7
AUQ,20160203,0.014,0.014,0.014,0.014,160000
AUZ,20160203,0.005,0.005,0.005,0.005,729948
AVB,20160203,0.057,0.057,0.057,0.057,266759
AVD,20160203,0.019,0.019,0.019,0.019,12500
AVG,20160203,0.382,0.382,0.38,0.38,294775
AVH,20160203,0.1,0.1,0.1,0.1,5000
AVL,20160203,0.007,0.007,0.007,0.007,689045
AVN,20160203,2.04,2.04,2.02,2.04,10345
AVQ,20160203,0.24,0.24,0.23,0.23,289258
AVX,20160203,0.048,0.048,0.046,0.046,280802
AVZ,20160203,0.009,0.01,0.009,0.009,1400000
AWC,20160203,0.99,1.01,0.98,1,9994693
AWE,20160203,0.42,0.43,0.41,0.41,7966392
AWI,20160203,0.21,0.21,0.21,0.21,200000
AWN,20160203,0.6,0.6,0.6,0.6,5450
AWV,20160203,0.042,0.042,0.042,0.042,650000
AXE,20160203,0.085,0.085,0.082,0.082,22000
AXP,20160203,1.24,1.24,1.24,1.24,10794
AXT,20160203,0.06,0.06,0.06,0.06,200000
AYA,20160203,0.09,0.09,0.088,0.088,460000
AYB,20160203,0.055,0.056,0.053,0.054,3482750
AYC,20160203,0.022,0.022,0.021,0.021,240567
AYF,20160203,5.84,5.84,5.81,5.83,2600
AYI,20160203,0.001,0.001,0.001,0.001,1000000
AYK,20160203,62.86,62.86,62.86,62.86,55
AYR,20160203,0.006,0.006,0.006,0.006,592111
AYS,20160203,3.17,3.2,3.05,3.15,70546
AYZ,20160203,74.21,74.21,74.21,74.21,670
AZJ,20160203,3.62,3.68,3.57,3.62,12405675
AZM,20160203,0.037,0.042,0.037,0.042,811957
AZS,20160203,0.024,0.025,0.024,0.024,516322
BAF,20160203,0.99,1,0.99,0.995,217357
BAL,20160203,12.4,12.53,11.98,11.98,2107230
BAP,20160203,4.23,4.26,4.19,4.19,876426
BAR,20160203,0.019,0.019,0.018,0.018,1247459
BAU,20160203,0.089,0.09,0.087,0.087,79950
BBG,20160203,1.69,1.785,1.69,1.775,234991
BBN,20160203,2.5,2.6,2.49,2.55,204437
BBX,20160203,0.036,0.036,0.03,0.03,1012378
BCI,20160203,0.077,0.08,0.075,0.076,735060
BCT,20160203,0.027,0.027,0.027,0.027,67000
BDI,20160203,0.001,0.001,0.001,0.001,500000
BDR,20160203,0.155,0.16,0.15,0.15,2579194
BEAR,20160203,18.74,18.93,18.68,18.93,58157
BEL,20160203,0.135,0.14,0.135,0.14,18000
BEN,20160203,10.35,10.44,10.3,10.32,1835266
BFC,20160203,0.545,0.56,0.54,0.54,1242231
BGA,20160203,6.39,6.55,6.21,6.22,777946
BGL,20160203,0.75,0.775,0.75,0.76,360116
BGS,20160203,0.06,0.064,0.06,0.064,108000
BHP,20160203,14.46,14.46,14.17,14.27,10015599
BIQ,20160203,0.98,1.01,0.98,1.01,14000
BIT,20160203,0.066,0.067,0.064,0.066,209185
BKI,20160203,1.65,1.69,1.64,1.64,337915
BKL,20160203,175.12,179.12,173,174.99,115917
BKN,20160203,0.44,0.445,0.427,0.445,598120
BKT,20160203,0.038,0.038,0.038,0.038,200000
BKW,20160203,15.17,15.47,14.96,15.05,138096
BKY,20160203,0.475,0.475,0.465,0.475,592500
BLA,20160203,5.58,5.63,5.3,5.58,123575
BLD,20160203,5.46,5.52,5.35,5.44,4521473
BLG,20160203,0.061,0.061,0.061,0.061,40000
BLK,20160203,0.35,0.375,0.35,0.355,693453
BLT,20160203,0.26,0.265,0.26,0.26,24701
BLX,20160203,2.09,2.1,2.08,2.09,58530
BLY,20160203,0.048,0.049,0.047,0.049,431902
BLZ,20160203,0.056,0.056,0.052,0.052,532050
BML,20160203,0.003,0.004,0.003,0.004,322000
BMN,20160203,0.033,0.033,0.033,0.033,431065
BNO,20160203,0.33,0.33,0.315,0.32,210309
BNR,20160203,0.029,0.032,0.029,0.032,764944
BOC,20160203,0.195,0.195,0.19,0.19,112088
BOE,20160203,0.043,0.043,0.042,0.042,597481
BOQ,20160203,12.8,12.94,12.72,12.73,1176983
BPA,20160203,5.13,5.13,4.9,4.9,25638
BPF,20160203,0.52,0.565,0.52,0.55,2333301
BPS,20160203,0.955,0.955,0.94,0.94,17120
BPT,20160203,0.375,0.38,0.37,0.375,10255550
BRB,20160203,0.14,0.14,0.14,0.14,33554
BRG,20160203,6.21,6.29,5.92,5.94,561867
BRL,20160203,0.015,0.015,0.015,0.015,100000
BRN,20160203,0.225,0.23,0.225,0.225,270692
BRS,20160203,1.155,1.205,1.15,1.18,1276661
BRU,20160203,0.22,0.225,0.21,0.225,66977
BSA,20160203,0.18,0.18,0.175,0.175,142847
BSE,20160203,0.026,0.026,0.026,0.026,21986567
BSL,20160203,4.5,4.54,4.3,4.36,8857939
BSM,20160203,0.01,0.01,0.01,0.01,81111
BSP,20160203,0.001,0.001,0.001,0.001,4000000
BSR,20160203,0.01,0.01,0.01,0.01,3000000
BST,20160203,0.96,0.96,0.94,0.94,46333
BTI,20160203,0.95,0.95,0.935,0.95,31547
BTT,20160203,10,10.24,9.85,9.86,815896
BUD,20160203,0.18,0.18,0.175,0.175,2060961
BUG,20160203,0.73,0.75,0.73,0.75,62482
BUL,20160203,0.023,0.023,0.021,0.021,93860
BUR,20160203,0.005,0.005,0.005,0.005,200000
BUX,20160203,0.06,0.06,0.059,0.06,130061
BWP,20160203,3.1,3.12,3.08,3.08,1542781
BWR,20160203,1.325,1.325,1.325,1.325,1250
BWX,20160203,3.7,3.98,3.69,3.85,408138
BXB,20160203,10.8,10.89,10.71,10.73,2406951
BXN,20160203,0.022,0.022,0.022,0.022,532400
BYI,20160203,1.025,1.025,1.025,1.025,7
BYL,20160203,0.205,0.205,0.19,0.19,149755
CAA,20160203,0.093,0.094,0.09,0.09,206500
CAB,20160203,3.12,3.21,3.09,3.1,847626
CAF,20160203,0.375,0.38,0.36,0.38,96936
CAJ,20160203,0.18,0.185,0.17,0.175,4295011
CAM,20160203,0.81,0.81,0.8,0.8,130128
CAR,20160203,11.6,11.79,11.51,11.53,911740
CAS,20160203,0.105,0.145,0.105,0.12,439771
CAT,20160203,2.05,2.08,2.03,2.06,45529
CAV,20160203,0.011,0.015,0.01,0.01,15328917
CAY,20160203,0.045,0.045,0.045,0.045,115000
CAZ,20160203,0.022,0.022,0.022,0.022,6000
CBA,20160203,76.73,77.22,75.62,75.73,3758642
CBL,20160203,2.15,2.24,2.15,2.24,3106
CCF,20160203,0.135,0.14,0.135,0.135,507975
CCL,20160203,8.3,8.4,8.14,8.2,3114241
CCP,20160203,11.06,11.17,10.75,10.76,282844
CCV,20160203,0.5,0.52,0.495,0.51,487884
CDA,20160203,0.59,0.59,0.585,0.59,12109
CDB,20160203,0.011,0.011,0.009,0.009,353000
CDD,20160203,1.04,1.04,0.96,0.97,428729
CDG,20160203,0.038,0.04,0.038,0.04,131695
CDM,20160203,1.49,1.51,1.485,1.485,399585
CDP,20160203,7,7,6.99,7,58538
CDY,20160203,0.021,0.022,0.021,0.022,735265
CEL,20160203,0.029,0.029,0.029,0.029,831
CEN,20160203,4.44,4.44,4.44,4.44,700000
CFE,20160203,0.016,0.016,0.016,0.016,52000
CGC,20160203,2.53,2.62,2.53,2.56,620303
CGF,20160203,7.4,7.61,7.29,7.35,5446505
CGL,20160203,4.8,4.8,4.79,4.79,141
CGN,20160203,0.069,0.069,0.068,0.068,158899
CGR,20160203,0.175,0.175,0.175,0.175,100000
CGS,20160203,0.565,0.565,0.56,0.56,682330
CHC,20160203,4.4,4.49,4.4,4.46,1116598
CHF,20160203,0.03,0.03,0.023,0.028,649074
CHZ,20160203,0.036,0.036,0.036,0.036,6000
CIA,20160203,0.15,0.15,0.15,0.15,85940
CII,20160203,1.31,1.31,1.31,1.31,3000
CIM,20160203,23.34,23.66,23.14,23.18,576875
CIN,20160203,31.65,31.65,31.6,31.6,1140
CJC,20160203,0.005,0.005,0.005,0.005,20000
CKA,20160203,0.039,0.039,0.038,0.039,450000
CKF,20160203,5.08,5.08,4.85,4.97,378494
CL1,20160203,1.91,1.95,1.885,1.905,78082
CL8,20160203,0.018,0.019,0.017,0.017,680098
CLH,20160203,1.53,1.545,1.49,1.5,488966
CLQ,20160203,0.18,0.18,0.175,0.18,422050
CLT,20160203,0.2,0.2,0.2,0.2,3000
CLV,20160203,0.31,0.31,0.31,0.31,20000
CLX,20160203,1.07,1.075,1.04,1.04,47734
CLY,20160203,0.012,0.012,0.01,0.01,520000
CM8,20160203,0.26,0.26,0.255,0.255,464624
CMA,20160203,1.99,1.99,1.985,1.985,1269576
CMP,20160203,0.405,0.41,0.39,0.39,59695
CMW,20160203,0.995,1.005,0.995,0.995,4100501
CMY,20160203,0.004,0.004,0.004,0.004,28300761
CND,20160203,0.21,0.21,0.21,0.21,450
CNI,20160203,0.99,0.995,0.96,0.96,138222
CNQ,20160203,0.022,0.022,0.021,0.021,100000
CNU,20160203,3.51,3.63,3.51,3.57,174626
CNW,20160203,0.032,0.033,0.03,0.033,3423472
CNX,20160203,0.012,0.012,0.012,0.012,900
COE,20160203,0.15,0.15,0.15,0.15,68384
COH,20160203,94.99,95.39,94.62,94.8,222550
COI,20160203,0.095,0.095,0.095,0.095,14615
COM,20160203,0.018,0.018,0.018,0.018,1700000
CPU,20160203,10.65,10.73,10.42,10.46,2023069
CQR,20160203,4.14,4.25,4.14,4.25,2105667
CRB,20160203,0.069,0.069,0.068,0.068,150000
CSE,20160203,0.255,0.26,0.255,0.255,150900
CSL,20160203,107.6,108.17,105.27,105.35,1072925
CSR,20160203,2.64,2.68,2.63,2.64,5007989
CSS,20160203,0.046,0.046,0.046,0.046,3809
CSV,20160203,1.69,1.74,1.615,1.615,49183
CTD,20160203,11.86,12.14,11.81,11.89,250243
CTM,20160203,0.006,0.006,0.006,0.006,100000
CTN,20160203,0.945,0.945,0.94,0.94,157271
CTO,20160203,0.017,0.017,0.017,0.017,600000
CTP,20160203,0.11,0.115,0.11,0.11,627303
CTR,20160203,0.063,0.063,0.057,0.057,1617183
CTX,20160203,36.29,36.79,35.59,36.1,1465139
CUE,20160203,0.048,0.064,0.045,0.061,1088828
CUL,20160203,0.002,0.002,0.002,0.002,99873
CUP,20160203,0.85,0.85,0.84,0.84,51704
CUV,20160203,2.81,2.97,2.81,2.86,24200
CUX,20160203,0.006,0.006,0.006,0.006,368500
CV1,20160203,0.37,0.37,0.37,0.37,3527
CVE,20160203,0.006,0.006,0.006,0.006,1000000
CVN,20160203,0.08,0.08,0.078,0.078,1553781
CVO,20160203,2.02,2.055,2,2.04,3313421
CVT,20160203,0.375,0.375,0.335,0.37,1408454
CVV,20160203,0.085,0.085,0.085,0.085,9000
CVW,20160203,0.93,0.93,0.93,0.93,1075
CWC,20160203,0.48,0.48,0.48,0.48,500
CWE,20160203,0.042,0.042,0.041,0.041,392595
CWN,20160203,12.21,12.35,12.09,12.18,1229225
CWP,20160203,4.26,4.33,4.11,4.12,39817
CWY,20160203,0.77,0.77,0.735,0.74,2534108
CXO,20160203,0.016,0.036,0.016,0.024,102719261
CXU,20160203,0.085,0.085,0.083,0.083,69833
CXX,20160203,0.185,0.195,0.185,0.195,33000
CXZ,20160203,0.17,0.17,0.16,0.16,81808
CYA,20160203,0.855,0.855,0.84,0.845,42775
CYG,20160203,1.1,1.105,1.1,1.105,3468
CYP,20160203,0.37,0.37,0.335,0.36,123889
CZI,20160203,0.018,0.019,0.016,0.019,350146
CZL,20160203,0.047,0.048,0.045,0.046,781155
CZZ,20160203,18.64,19.69,18.5,19,13312
D13,20160203,0.093,0.094,0.089,0.092,477500
DCC,20160203,0.195,0.2,0.19,0.2,243700
DCG,20160203,1.02,1.02,0.98,0.98,291593
DCN,20160203,0.87,0.88,0.87,0.88,99608
DDR,20160203,1.55,1.55,1.5,1.5,59015
DDT,20160203,0.023,0.023,0.023,0.023,100000
DEG,20160203,0.001,0.001,0.001,0.001,5500000
DFM,20160203,1.37,1.37,1.37,1.37,12488
DGH,20160203,0.7,0.7,0.7,0.7,96000
DGR,20160203,0.027,0.027,0.027,0.027,369737
DIG,20160203,0.255,0.255,0.255,0.255,2405
DIV,20160203,18.33,18.33,18.33,18.33,987
DJW,20160203,4.13,4.16,4.1,4.15,74989
DKM,20160203,0.09,0.09,0.09,0.09,323689
DKO,20160203,0.058,0.06,0.058,0.06,416768
DLS,20160203,0.46,0.475,0.46,0.465,529026
DLX,20160203,6.33,6.43,6.33,6.39,1676850
DM1,20160203,0.099,0.1,0.099,0.1,56060
DMC,20160203,0.24,0.24,0.24,0.24,8500
DMP,20160203,58.75,59.68,57.24,57.35,304119
DNA,20160203,0.68,0.705,0.68,0.69,486656
DNK,20160203,0.265,0.265,0.25,0.25,52970
DOW,20160203,3.02,3.16,2.925,2.95,2621757
DRA,20160203,0.19,0.19,0.135,0.15,190440
DRG,20160203,0.028,0.028,0.028,0.028,100000
DRM,20160203,0.63,0.675,0.63,0.655,6481766
DSX,20160203,0.066,0.066,0.066,0.066,138000
DTI,20160203,0.265,0.265,0.255,0.265,220414
DTL,20160203,1.135,1.175,1.135,1.175,54064
DTM,20160203,0.012,0.012,0.012,0.012,155208
DTX,20160203,0.64,0.65,0.64,0.65,19532
DUB,20160203,0.79,0.79,0.72,0.765,436542
DUE,20160203,2.26,2.27,2.24,2.25,8114803
DUI,20160203,3.29,3.29,3.23,3.24,31573
DVA,20160203,0.53,0.53,0.525,0.53,27969
DVI,20160203,0.018,0.019,0.018,0.018,399998
DVL,20160203,0.36,0.36,0.35,0.35,12300
DWS,20160203,1.15,1.17,1.145,1.16,52488
DXB,20160203,0.006,0.006,0.006,0.006,500000
DXS,20160203,7.34,7.43,7.33,7.35,2041514
DYE,20160203,0.27,0.275,0.27,0.275,38109
DYL,20160203,0.009,0.009,0.009,0.009,1171000
E88,20160203,1.99,2,1.99,2,74370
EAI,20160203,0.84,0.84,0.84,0.84,20000
EAR,20160203,0.085,0.085,0.085,0.085,100000
EAS,20160203,1.345,1.36,1.345,1.35,86519
EBO,20160203,12.56,12.6,12.56,12.6,53586
ECG,20160203,0.255,0.26,0.25,0.26,50700
ECX,20160203,3.02,3.1,3.01,3.05,299654
EDE,20160203,0.067,0.067,0.065,0.065,1207077
EGH,20160203,0.52,0.55,0.52,0.52,93499
EGI,20160203,0.94,0.94,0.93,0.93,50000
EGO,20160203,0.39,0.39,0.375,0.375,14000
EHE,20160203,6.72,6.72,6.62,6.62,1463773
EHL,20160203,0.038,0.04,0.038,0.038,121259
ELD,20160203,4.65,4.73,4.28,4.35,599065
ELM,20160203,0.175,0.185,0.175,0.175,126691
ELT,20160203,0.007,0.007,0.007,0.007,153000
ELX,20160203,0.86,0.86,0.8,0.8,415877
EMC,20160203,0.205,0.22,0.205,0.22,260000
EME,20160203,0.067,0.067,0.067,0.067,10000
EMF,20160203,1.745,1.745,1.74,1.74,7878
EMG,20160203,0.015,0.015,0.014,0.014,607076
EMH,20160203,0.12,0.12,0.11,0.12,551000
EML,20160203,1.13,1.13,1.09,1.1,93121
EMR,20160203,0.03,0.03,0.026,0.026,9776952
EMU,20160203,0.115,0.12,0.115,0.12,115117
EMX,20160203,0.031,0.032,0.03,0.032,912846
ENC,20160203,0.275,0.275,0.275,0.275,5000
ENN,20160203,1.68,1.68,1.65,1.65,309349
ENT,20160203,0.023,0.023,0.023,0.023,50000
ENZ,20160203,0.28,0.28,0.275,0.275,43500
EOS,20160203,1.24,1.25,1.21,1.25,24792
EPD,20160203,0.325,0.325,0.305,0.315,413058
EPW,20160203,1.55,1.625,1.55,1.61,639155
EPX,20160203,1.38,1.395,1.37,1.37,6400
EQT,20160203,18.86,18.87,17.72,18.2,28802
ERA,20160203,0.34,0.35,0.34,0.35,19525
ERJ,20160203,0.03,0.03,0.03,0.03,35000
ERL,20160203,0.017,0.017,0.016,0.016,130000
ERM,20160203,0.032,0.034,0.031,0.034,318360
ESI,20160203,0.022,0.022,0.02,0.02,13001321
ESM,20160203,0.011,0.011,0.011,0.011,9991
ESR,20160203,0.027,0.028,0.026,0.027,2200000
ESV,20160203,0.051,0.051,0.05,0.05,150000
ETE,20160203,0.011,0.011,0.01,0.01,143808
ETF,20160203,18.7,18.7,18.7,18.7,40
EVE,20160203,0.009,0.009,0.008,0.009,4375200
EVM,20160203,0.09,0.09,0.09,0.09,29900
EVN,20160203,1.445,1.46,1.42,1.43,6424838
EVT,20160203,15.15,15.15,14.48,14.6,79186
EWC,20160203,0.232,0.245,0.215,0.215,183885
EXG,20160203,0.11,0.12,0.11,0.115,1097114
EXM,20160203,0.015,0.016,0.013,0.013,10935418
EXR,20160203,0.001,0.001,0.001,0.001,3114598
EXU,20160203,0.026,0.026,0.025,0.025,1091751
EZL,20160203,0.71,0.71,0.71,0.71,580000
FAN,20160203,1.85,1.85,1.85,1.85,18190
FAR,20160203,0.07,0.07,0.069,0.069,1499320
FBR,20160203,0.024,0.025,0.024,0.025,523942
FBU,20160203,6.63,6.67,6.61,6.62,2456022
FCN,20160203,0.025,0.025,0.024,0.025,1726418
FCR,20160203,0.003,0.003,0.003,0.003,1000000
FET,20160203,2.18,2.2,2.15,2.15,101241
FFT,20160203,1.095,1.095,1.095,1.095,95
FGG,20160203,1.155,1.16,1.15,1.155,186831
FGR,20160203,0.05,0.05,0.05,0.05,557594
FGX,20160203,1.16,1.16,1.13,1.13,1442227
FID,20160203,2.2,2.32,2.2,2.32,12439
FLK,20160203,0.84,0.87,0.82,0.845,51671
FLN,20160203,1.725,1.725,1.67,1.685,78623
FLT,20160203,39.02,39.88,38.72,39.18,385374
FMG,20160203,1.56,1.66,1.555,1.62,30600449
FML,20160203,0.335,0.335,0.33,0.33,21508
FMS,20160203,0.008,0.009,0.008,0.008,352866
FND,20160203,0.115,0.115,0.115,0.115,216244
FNP,20160203,3.7,3.71,3.6,3.7,36125
FNT,20160203,0.017,0.017,0.017,0.017,73325
FPH,20160203,7.95,8.08,7.95,8,151538
FRE,20160203,0.001,0.001,0.001,0.001,3400000
FRI,20160203,1,1,1,1,10000
FRM,20160203,1.6,2.1,1.6,1.855,451798
FRX,20160203,0.21,0.21,0.2,0.2,50000
FSA,20160203,1.015,1.015,1.01,1.01,39210
FSF,20160203,5.48,5.65,5.48,5.57,12733
FSI,20160203,1.375,1.375,1.375,1.375,2192
FWD,20160203,1.22,1.22,1.155,1.155,11625
FXJ,20160203,0.885,0.89,0.88,0.88,6530008
FXL,20160203,2.82,2.86,2.78,2.8,1046420
GAP,20160203,0.3,0.305,0.29,0.3,121769
GBG,20160203,0.015,0.017,0.015,0.016,87280
GBP,20160203,0.03,0.03,0.03,0.03,70000
GBT,20160203,4.23,4.25,4.14,4.15,64559
GBX,20160203,0.004,0.004,0.004,0.004,34873270
GC1,20160203,0.96,0.96,0.96,0.96,11579
GCR,20160203,0.054,0.054,0.054,0.054,9556
GCS,20160203,0.45,0.46,0.45,0.46,8871
GCY,20160203,0.17,0.17,0.13,0.15,468954
GDF,20160203,0.94,0.94,0.935,0.935,38216
GDI,20160203,0.852,0.852,0.845,0.845,234273
GDX,20160203,20.36,20.4,20.29,20.31,21500
GDY,20160203,0.027,0.027,0.027,0.027,54575
GEG,20160203,1.16,1.18,1.15,1.18,21576
GEM,20160203,3.33,3.36,3.305,3.31,1936769
GER,20160203,0.052,0.06,0.052,0.06,232392
GFL,20160203,1.38,1.38,1.27,1.27,4500
GFY,20160203,0.81,0.82,0.8,0.805,1145507
GGG,20160203,0.03,0.03,0.028,0.029,770946
GGX,20160203,0.003,0.003,0.003,0.003,700000
GHC,20160203,1.87,1.885,1.85,1.855,49484
GID,20160203,0.021,0.024,0.021,0.024,21043
GJT,20160203,2.05,2.05,2.01,2.01,15773
GLH,20160203,0.425,0.425,0.425,0.425,6000
GMA,20160203,2.5,2.52,2.47,2.51,1349469
GMC,20160203,0.012,0.012,0.012,0.012,1000000
GMD,20160203,0.016,0.016,0.016,0.016,20000
GMF,20160203,2.05,2.05,2.03,2.03,38686
GMG,20160203,6.08,6.15,6.04,6.04,4660164
GMM,20160203,0.25,0.26,0.245,0.25,3178431
GMN,20160203,0.036,0.036,0.036,0.036,200000
GMR,20160203,0.002,0.002,0.002,0.002,3430603
GNC,20160203,8.44,8.66,8.42,8.59,488962
GNE,20160203,1.72,1.75,1.72,1.75,32701
GNG,20160203,0.8,0.89,0.795,0.89,7921
GNX,20160203,0.1,0.1,0.1,0.1,50000
GOE,20160203,0.025,0.025,0.025,0.025,89318
GOLD,20160203,152.5,153.48,152.48,153.48,6605
GOR,20160203,0.38,0.39,0.37,0.385,424258
GOZ,20160203,3.02,3.06,3.02,3.04,253845
GPH,20160203,0.062,0.062,0.06,0.06,84412
GPR,20160203,0.033,0.033,0.032,0.032,41000
GPT,20160203,4.84,4.97,4.83,4.92,7216076
GRA,20160203,0.35,0.35,0.35,0.35,6500
GRB,20160203,0.065,0.065,0.06,0.06,421735
GRR,20160203,0.087,0.087,0.086,0.086,73057
GRY,20160203,0.053,0.053,0.051,0.052,86880
GTE,20160203,0.019,0.019,0.019,0.019,81000
GTK,20160203,2.2,2.2,2.14,2.14,54628
GTY,20160203,2.92,2.95,2.88,2.88,515866
GUD,20160203,6.39,6.48,6.35,6.45,922165
GVF,20160203,1.01,1.01,1.005,1.005,199500
GWA,20160203,1.97,2.01,1.97,1.995,962772
GXL,20160203,6.57,6.66,6.35,6.37,365223
GXY,20160203,0.155,0.165,0.15,0.155,5614532
GZL,20160203,2.5,2.5,2.5,2.5,500
HAO,20160203,0.1,0.1,0.1,0.1,24000
HAV,20160203,0.28,0.29,0.275,0.275,151368
HCT,20160203,0.16,0.17,0.16,0.17,84222
HDX,20160203,0.086,0.086,0.086,0.086,180000
HEG,20160203,0.002,0.002,0.002,0.002,165500
HFA,20160203,2.59,2.65,2.57,2.61,134775
HFR,20160203,1.875,1.875,1.75,1.75,510209
HGG,20160203,5.41,5.47,5.36,5.37,7208280
HGO,20160203,0.14,0.14,0.14,0.14,647
HHL,20160203,2.86,2.89,2.86,2.89,9897
HHV,20160203,1.11,1.12,1.11,1.115,181785
HHY,20160203,0.1,0.1,0.1,0.1,11635
HIG,20160203,0.053,0.053,0.053,0.053,145000
HIL,20160203,0.24,0.262,0.24,0.25,145887
HMI,20160203,0.045,0.045,0.045,0.045,5000
HNG,20160203,0.44,0.45,0.44,0.45,50459
HNR,20160203,0.002,0.002,0.002,0.002,250000
HOG,20160203,0.003,0.004,0.003,0.004,1283922
HOM,20160203,0.48,0.48,0.48,0.48,2010
HPI,20160203,2.62,2.635,2.58,2.58,64975
HPR,20160203,0.071,0.071,0.071,0.071,90000
HRL,20160203,0.115,0.12,0.105,0.105,167355
HRR,20160203,0.086,0.086,0.086,0.086,10000
HSN,20160203,3.45,3.56,3.37,3.54,262737
HSO,20160203,2.28,2.34,2.255,2.33,9184297
HUB,20160203,3.92,4.08,3.86,4.05,94717
HUO,20160203,4.1,4.1,4.1,4.1,4565
HVN,20160203,4.3,4.31,4.21,4.22,2617241
HXG,20160203,0.06,0.063,0.06,0.063,270000
HZN,20160203,0.072,0.073,0.07,0.07,1275788
HZR,20160203,0.26,0.27,0.25,0.265,599709
IAA,20160203,54.11,54.61,53.44,53.74,15678
IAF,20160203,106.6,106.98,106.59,106.98,3103
IAG,20160203,5.15,5.19,5.13,5.16,6349849
IAU,20160203,0.12,0.125,0.12,0.125,192316
IBG,20160203,0.04,0.04,0.039,0.039,417983
IBK,20160203,36.5,36.5,36.23,36.33,664
ICG,20160203,0.003,0.003,0.003,0.003,2346428
ICN,20160203,0.028,0.032,0.028,0.032,500089
ICQ,20160203,0.965,0.965,0.935,0.935,171445
ICS,20160203,1.7,1.71,1.7,1.7,5324
ICT,20160203,0.105,0.105,0.105,0.105,146990
ICU,20160203,0.105,0.105,0.105,0.105,6508
IDR,20160203,2.03,2.04,1.95,2.02,91518
IDX,20160203,1.525,1.525,1.52,1.52,13071
IDZ,20160203,0.38,0.38,0.38,0.38,50000
IEL,20160203,3.58,3.63,3.57,3.61,757795
IEM,20160203,41.94,41.94,41.56,41.66,13380
IEU,20160203,54,54,52.31,52.52,33816
IFL,20160203,8,8.1,7.88,7.89,1092090
IFM,20160203,0.72,0.735,0.72,0.73,290805
IFN,20160203,0.47,0.48,0.465,0.48,289421
IGB,20160203,104,104.43,104,104.42,905
IGL,20160203,2,2.01,1.99,1.995,67837
IGO,20160203,2.16,2.225,2.15,2.16,2295427
IHD,20160203,12.5,12.5,12.36,12.37,165542
IHK,20160203,24.96,24.96,24.55,24.55,7602
IIL,20160203,0.165,0.165,0.165,0.165,75431
IJH,20160203,183.31,183.52,182.61,183.52,317
IJP,20160203,16.03,16.12,15.85,15.87,59976
IJR,20160203,143.22,143.22,143.22,143.22,88
IKO,20160203,65.97,65.97,65.69,65.86,288
ILB,20160203,115.2,115.29,115.19,115.19,248
ILC,20160203,21.04,21.04,20.68,20.7,316886
ILU,20160203,5.42,5.43,5.21,5.26,2069290
IMC,20160203,0.42,0.45,0.42,0.44,5984
IMD,20160203,0.185,0.185,0.185,0.185,31125
IMF,20160203,1.125,1.125,1.05,1.05,602879
IMU,20160203,0.012,0.012,0.012,0.012,2200000
INA,20160203,2.79,2.805,2.78,2.8,65775
IOF,20160203,3.88,3.96,3.88,3.88,1417690
IOO,20160203,97,97.1,95.55,95.91,12996
IOZ,20160203,20.52,20.64,20.35,20.39,51187
IPD,20160203,0.995,1,0.98,0.995,326981
IPH,20160203,8.7,8.83,8.57,8.57,617283
IPL,20160203,3.04,3.04,2.97,2.99,5107861
IPT,20160203,0.033,0.038,0.03,0.032,3777109
IQE,20160203,0.355,0.355,0.345,0.345,12289
IRC,20160203,0.06,0.064,0.06,0.06,349051
IRD,20160203,0.1,0.1,0.1,0.1,6375
IRE,20160203,9.52,9.64,9.42,9.44,351996
IRI,20160203,2.12,2.13,2.1,2.13,42451
IRU,20160203,143.24,143.24,143,143,214
ISD,20160203,4.58,4.59,4.36,4.37,521776
ISG,20160203,12.95,12.95,12.82,12.83,1496
ISO,20160203,3.68,3.68,3.65,3.67,6696
ISU,20160203,0.88,0.9,0.865,0.88,208398
ISX,20160203,0.335,0.335,0.32,0.33,597913
ITD,20160203,0.2,0.205,0.195,0.195,31817
ITQ,20160203,3.35,3.35,3.1,3.25,2857
ITW,20160203,17.51,17.51,17.42,17.45,21737
IVC,20160203,11.74,11.76,11.54,11.54,328616
IVE,20160203,77,77.05,76.8,76.8,14560
IVO,20160203,0.06,0.06,0.059,0.059,437100
IVR,20160203,0.01,0.01,0.01,0.01,300000
IVV,20160203,272.21,272.42,271.1,272.06,23872
IVX,20160203,0.005,0.005,0.005,0.005,395570
IWG,20160203,0.12,0.13,0.12,0.13,391214
IXI,20160203,132,132.25,131.76,132.25,1519
IXJ,20160203,134.61,134.98,133.65,134.53,2770
IXP,20160203,83.14,83.14,83.01,83.02,307
IXR,20160203,0.004,0.004,0.004,0.004,582305
IZZ,20160203,43,43,41.1,42.2,7183
JAL,20160203,0.014,0.014,0.014,0.014,27200
JAT,20160203,0.021,0.021,0.021,0.021,100000
JBH,20160203,22.5,22.77,22.27,22.4,739988
JHC,20160203,2.96,2.97,2.9,2.9,1650589
JHL,20160203,0.245,0.245,0.235,0.235,947786
JHX,20160203,15.74,15.92,15.7,15.82,1036826
JIN,20160203,1,1,1,1,10295
JKA,20160203,0.004,0.004,0.004,0.004,260000
JKL,20160203,0.28,0.28,0.265,0.265,432978
JRL,20160203,0.175,0.2,0.175,0.2,285329
JRV,20160203,0.05,0.05,0.05,0.05,3000
JYC,20160203,0.98,0.98,0.98,0.98,20000
KAM,20160203,0.655,0.68,0.655,0.68,21500
KAR,20160203,1.59,1.595,1.51,1.54,1013690
KAT,20160203,0.81,0.81,0.81,0.81,2700
KBU,20160203,0.14,0.14,0.14,0.14,85000
KCN,20160203,0.24,0.25,0.235,0.235,555580
KDL,20160203,0.081,0.081,0.081,0.081,80000
KDR,20160203,0.086,0.087,0.086,0.087,8698
KFE,20160203,0.018,0.018,0.017,0.017,128000
KGD,20160203,0.03,0.03,0.027,0.027,5083497
KGL,20160203,0.09,0.091,0.09,0.091,40252
KGM,20160203,0.011,0.013,0.011,0.011,405520
KII,20160203,2.3,2.3,2.3,2.3,35000
KIN,20160203,0.086,0.086,0.086,0.086,36000
KIS,20160203,0.083,0.085,0.083,0.085,137069
KLO,20160203,0.265,0.29,0.265,0.29,242500
KMD,20160203,1.51,1.535,1.485,1.485,155823
KME,20160203,0.38,0.38,0.38,0.38,13
KNL,20160203,0.18,0.19,0.18,0.185,278973
KNM,20160203,0.016,0.016,0.015,0.015,250178
KNO,20160203,0.34,0.34,0.3,0.34,303217
KOV,20160203,2.43,2.46,2.42,2.46,1170
KPC,20160203,0.13,0.14,0.13,0.135,11062
KPL,20160203,0.105,0.105,0.1,0.1,23321
KRC,20160203,0.008,0.008,0.008,0.008,102000
KRM,20160203,0.215,0.215,0.2,0.205,459944
KSC,20160203,1.23,1.295,1.23,1.295,11072
KSL,20160203,0.945,1.005,0.945,0.98,296019
KTA,20160203,0.15,0.15,0.15,0.15,11765
LAA,20160203,0.29,0.29,0.265,0.27,291055
LAU,20160203,0.47,0.475,0.47,0.475,37300
LBT,20160203,0.13,0.13,0.12,0.12,166215
LCK,20160203,0.345,0.345,0.325,0.335,145669
LCM,20160203,0.57,0.57,0.57,0.57,9850
LCR,20160203,0.004,0.004,0.004,0.004,650000
LCT,20160203,0.05,0.055,0.05,0.055,230086
LCY,20160203,0.003,0.003,0.003,0.003,3800000
LEG,20160203,0.008,0.008,0.008,0.008,29000
LEP,20160203,3.93,3.93,3.8,3.8,17082
LER,20160203,0.13,0.15,0.13,0.15,82426
LGO,20160203,0.01,0.01,0.01,0.01,130485
LGR,20160203,0.125,0.125,0.125,0.125,100000
LHC,20160203,3.02,3.02,2.86,2.91,39221
LHM,20160203,0.1,0.1,0.1,0.1,50000
LIC,20160203,2.48,2.54,2.48,2.5,1932
LIN,20160203,0.001,0.001,0.001,0.001,1311000
LIT,20160203,0.145,0.155,0.145,0.145,1130869
LLC,20160203,12.72,12.8,12.52,12.57,3224166
LMG,20160203,0.008,0.008,0.008,0.008,2170308
LNG,20160203,0.62,0.622,0.59,0.59,3887464
LNK,20160203,7.9,7.9,7.74,7.83,734211
LNR,20160203,4.25,4.27,4.25,4.25,8024
LOM,20160203,0.31,0.315,0.295,0.3,2074393
LOV,20160203,2.07,2.2,2,2.1,266434
LPE,20160203,0.031,0.032,0.03,0.032,3983869
LRS,20160203,0.005,0.005,0.005,0.005,1200000
LSR,20160203,0.031,0.032,0.025,0.028,3154195
LSX,20160203,0.2,0.2,0.2,0.2,25000
LTR,20160203,0.017,0.017,0.016,0.017,2429250
LTX,20160203,0.03,0.03,0.03,0.03,20000
LVT,20160203,0.26,0.26,0.235,0.26,159651
LWP,20160203,0.006,0.006,0.005,0.005,1464442
LYC,20160203,0.092,0.093,0.091,0.091,8040360
MAD,20160203,0.056,0.056,0.054,0.056,346625
MAH,20160203,0.088,0.091,0.088,0.09,398428
MAI,20160203,0.595,0.595,0.595,0.595,5000
MAQ,20160203,8.7,8.7,8.7,8.7,60
MAT,20160203,0.165,0.165,0.15,0.15,45175
MBE,20160203,0.3,0.302,0.29,0.29,1331382
MCE,20160203,0.475,0.475,0.475,0.475,821
MCP,20160203,0.73,0.73,0.72,0.73,83157
MCR,20160203,0.125,0.125,0.12,0.12,279450
MCT,20160203,0.052,0.052,0.048,0.05,4829932
MDC,20160203,0.215,0.22,0.2,0.2,195469
MDR,20160203,0.036,0.036,0.036,0.036,378176
MEA,20160203,1.68,1.7,1.65,1.68,351714
MEB,20160203,0.25,0.25,0.24,0.24,175457
MED,20160203,0.033,0.033,0.033,0.033,100000
MEI,20160203,0.028,0.03,0.028,0.029,1967243
MEL,20160203,0.057,0.057,0.057,0.057,309717
MEO,20160203,0.009,0.009,0.009,0.009,10000
MEP,20160203,0.054,0.055,0.051,0.052,321952
MFF,20160203,1.88,1.88,1.87,1.88,460410
MFG,20160203,21.5,22.9,21.14,21.39,1083259
MGC,20160203,2.29,2.29,2.21,2.22,1798829
MGE,20160203,2.57,2.58,2.55,2.58,673177
MGL,20160203,0.02,0.02,0.02,0.02,200000
MGR,20160203,1.885,1.9,1.87,1.88,15248067
MGU,20160203,0.03,0.03,0.025,0.025,900000
MGV,20160203,0.019,0.019,0.019,0.019,170000
MGX,20160203,0.185,0.185,0.175,0.185,1147457
MGY,20160203,0.06,0.06,0.06,0.06,75000
MHG,20160203,2.32,2.32,2.32,2.32,27950
MIG,20160203,0.825,0.825,0.79,0.79,313794
MIL,20160203,2.27,2.27,2.27,2.27,3831
MIN,20160203,3.96,4.11,3.94,4,1662508
MIR,20160203,2.55,2.58,2.54,2.55,41974
MJP,20160203,0.6,0.6,0.59,0.6,17516
MKB,20160203,0.013,0.013,0.012,0.012,4246417
MLB,20160203,2.12,2.17,2.11,2.14,62484
MLD,20160203,0.77,0.77,0.74,0.76,252199
MLM,20160203,0.052,0.053,0.052,0.052,122500
MLT,20160203,4.48,4.48,4.42,4.44,118052
MLX,20160203,0.98,0.995,0.855,0.875,3009037
MMI,20160203,0.07,0.07,0.07,0.07,66000
MMJ,20160203,0.3,0.3,0.29,0.29,242832
MML,20160203,0.4,0.415,0.395,0.405,654369
MMS,20160203,12.49,12.49,12.29,12.32,295038
MNB,20160203,0.002,0.002,0.002,0.002,700000
MND,20160203,6.07,6.31,5.99,6,323351
MNF,20160203,3.47,3.49,3.4,3.44,39635
MNM,20160203,0.014,0.014,0.014,0.014,60000
MNQ,20160203,0.008,0.009,0.008,0.009,1071400
MNS,20160203,0.365,0.365,0.355,0.36,199079
MNW,20160203,0.081,0.081,0.079,0.08,636226
MNY,20160203,1.08,1.08,1,1.05,294815
MOC,20160203,1.79,1.82,1.78,1.8,16096
MOD,20160203,0.004,0.004,0.004,0.004,141054
MOY,20160203,0.049,0.05,0.048,0.05,660807
MOZ,20160203,0.039,0.039,0.038,0.038,1089478
MP1,20160203,3.24,3.45,3.21,3.37,185295
MPJ,20160203,0.004,0.004,0.004,0.004,2900001
MPL,20160203,2.44,2.48,2.43,2.45,13785055
MPO,20160203,0.125,0.125,0.125,0.125,125000
MPX,20160203,0.235,0.235,0.235,0.235,10000
MQA,20160203,4.26,4.36,4.2,4.22,1902083
MQG,20160203,69.58,69.76,68.17,68.26,1851795
MRD,20160203,0.008,0.008,0.008,0.008,228490
MRM,20160203,0.3,0.31,0.27,0.31,1149939
MRP,20160203,0.079,0.086,0.079,0.086,65500
MSB,20160203,1.425,1.475,1.392,1.4,661103
MSG,20160203,0.063,0.063,0.062,0.063,193257
MSM,20160203,0.084,0.084,0.084,0.084,50066
MSR,20160203,0.003,0.003,0.003,0.003,4282102
MSV,20160203,0.019,0.019,0.019,0.019,1343795
MTA,20160203,0.045,0.045,0.044,0.045,464802
MTL,20160203,0.068,0.068,0.067,0.067,61103
MTM,20160203,0.315,0.315,0.29,0.295,320825
MTR,20160203,4.7,4.82,4.7,4.8,959557
MTS,20160203,1.72,1.755,1.675,1.68,5027167
MTU,20160203,12.5,12.5,12.23,12.36,1886213
MUS,20160203,0.105,0.105,0.096,0.096,11438
MVA,20160203,18.81,18.85,18.75,18.75,9266
MVB,20160203,24.12,24.12,23.68,23.68,2820
MVF,20160203,1.54,1.55,1.52,1.525,140134
MVP,20160203,3.78,3.86,3.65,3.84,50478
MVS,20160203,15.34,15.34,15.14,15.14,15983
MVW,20160203,20.36,20.92,20,20,17266
MWR,20160203,1.05,1.05,1.04,1.04,5000
MXI,20160203,0.46,0.46,0.46,0.46,16530
MYE,20160203,0.19,0.19,0.185,0.185,18038
MYO,20160203,2.92,2.97,2.875,2.94,2093244
MYQ,20160203,0.095,0.095,0.095,0.095,10041
MYR,20160203,1,1.01,0.99,1.01,8481946
MYS,20160203,4.5,4.53,4.4,4.4,29178
MYT,20160203,2.39,2.39,2.36,2.36,33107
MYX,20160203,1.25,1.295,1.24,1.275,1622767
MZI,20160203,0.315,0.315,0.31,0.31,15852
NAB,20160203,26.88,26.91,26.11,26.36,8992916
NAE,20160203,0.004,0.004,0.004,0.004,200000
NAG,20160203,0.12,0.135,0.12,0.12,1238395
NAM,20160203,0.36,0.36,0.36,0.36,36407
NAN,20160203,1.8,1.83,1.785,1.82,877709
NCC,20160203,0.965,0.965,0.95,0.95,23115
NCK,20160203,4.15,4.15,4.14,4.14,1965
NCM,20160203,13.2,13.39,13.02,13.04,2469074
NDO,20160203,0.24,0.24,0.24,0.24,2400
NDQ,20160203,10.39,10.39,10.31,10.32,9905
NEA,20160203,0.39,0.39,0.37,0.37,293009
NEC,20160203,1.5,1.51,1.455,1.465,2870557
NEN,20160203,0.025,0.025,0.025,0.025,75000
NEU,20160203,0.12,0.12,0.115,0.115,521160
NGE,20160203,0.018,0.018,0.018,0.018,39000
NGY,20160203,0.025,0.025,0.025,0.025,200000
NHC,20160203,1.645,1.67,1.625,1.67,23786
NHF,20160203,3.58,3.58,3.38,3.4,324068
NMI,20160203,0.015,0.015,0.015,0.015,55000
NMT,20160203,0.17,0.185,0.17,0.175,3083062
NNW,20160203,0.09,0.09,0.089,0.089,160054
NOR,20160203,0.063,0.063,0.061,0.061,2717220
NOV,20160203,0.2,0.2,0.19,0.19,30657
NPX,20160203,3.75,3.77,3.75,3.76,2994
NRT,20160203,0.11,0.115,0.105,0.11,2806506
NSP,20160203,0.01,0.01,0.01,0.01,351014
NSR,20160203,1.49,1.495,1.477,1.49,723464
NST,20160203,3.02,3.075,2.94,2.95,4491865
NTC,20160203,2.5,2.53,2.47,2.48,127460
NTU,20160203,0.066,0.066,0.066,0.066,39000
NUF,20160203,6.45,6.5,6.31,6.32,1430150
NVI,20160203,0.023,0.023,0.023,0.023,50000
NVL,20160203,1.4,1.4,1.4,1.4,4000
NVT,20160203,4.71,4.87,4.66,4.7,1421125
NWE,20160203,0.003,0.003,0.003,0.003,1350000
NWH,20160203,0.051,0.055,0.05,0.054,410277
NWS,20160203,17.9,17.93,17.74,17.78,226709
NWZ,20160203,0.034,0.035,0.034,0.035,512857
NXM,20160203,0.08,0.08,0.08,0.08,12251
NXT,20160203,2.53,2.53,2.44,2.44,233306
NZO,20160203,0.38,0.38,0.35,0.375,70261
OBJ,20160203,0.058,0.063,0.058,0.06,3519145
OCC,20160203,0.52,0.52,0.47,0.47,411195
ODN,20160203,0.017,0.017,0.016,0.016,3831276
ODY,20160203,0.055,0.055,0.054,0.054,584908
OEL,20160203,0.02,0.021,0.02,0.021,144000
OEX,20160203,0.011,0.011,0.011,0.011,50000
OFX,20160203,3.07,3.12,3.03,3.09,1865438
OGC,20160203,3.09,3.11,3.02,3.06,442448
OGX,20160203,0.17,0.17,0.17,0.17,5882
OGY,20160203,0.014,0.016,0.014,0.016,1010000
OHE,20160203,2.8,2.8,2.65,2.65,10450
OIL,20160203,0.025,0.025,0.022,0.022,879881
OKU,20160203,0.08,0.08,0.077,0.077,328000
OLV,20160203,0.1,0.1,0.09,0.09,15945
OML,20160203,4.5,4.77,4.5,4.66,108007
OMT,20160203,0.037,0.037,0.037,0.037,19486
ONT,20160203,7.01,7.2,6.99,7.2,3596
OOO,20160203,11.85,12,11.76,12,94076
OPT,20160203,0.365,0.375,0.36,0.375,23397
ORA,20160203,2.22,2.23,2.2,2.22,6041912
ORE,20160203,2.46,2.49,2.35,2.4,620680
ORG,20160203,3.9,3.95,3.69,3.8,9814792
ORI,20160203,12.59,13.03,12.49,12.5,2466948
ORL,20160203,2.31,2.31,2.17,2.17,33100
ORN,20160203,0.012,0.015,0.012,0.015,750000
OSH,20160203,6.2,6.335,6.1,6.3,7741975
OSL,20160203,0.23,0.25,0.225,0.225,4949150
OSP,20160203,0.31,0.31,0.305,0.31,16865
OTC,20160203,0.185,0.185,0.185,0.185,202314
OTH,20160203,0.74,0.74,0.73,0.74,21907
OTW,20160203,1.07,1.1,1.07,1.1,21229
OVH,20160203,0.85,0.85,0.795,0.83,163100
OZF,20160203,18.35,18.35,18.15,18.15,17404
OZG,20160203,0.12,0.12,0.12,0.12,300000
OZL,20160203,3.69,3.78,3.68,3.77,1774162
OZR,20160203,5.21,5.21,5.1,5.1,8331
PAA,20160203,0.1,0.1,0.098,0.098,15406
PAC,20160203,6.71,6.9,6.56,6.62,22789
PAF,20160203,0.875,0.88,0.855,0.86,321566
PAI,20160203,0.97,0.995,0.965,0.965,157434
PAN,20160203,0.081,0.082,0.075,0.076,1076062
PBD,20160203,0.008,0.008,0.008,0.008,3000000
PBG,20160203,0.785,0.81,0.785,0.805,4856146
PDM,20160203,0.001,0.001,0.001,0.001,576666
PDN,20160203,0.21,0.215,0.205,0.215,1857883
PDZ,20160203,0.15,0.15,0.115,0.115,196500
PEA,20160203,0.38,0.38,0.38,0.38,231
PEH,20160203,0.17,0.17,0.165,0.17,488336
PEK,20160203,0.075,0.08,0.075,0.08,97426
PEN,20160203,0.88,0.95,0.88,0.91,65162
PEP,20160203,2.83,2.84,2.8,2.8,10006
PEZ,20160203,0.045,0.046,0.045,0.046,558429
PFG,20160203,0.09,0.09,0.09,0.09,50000
PFL,20160203,1.16,1.16,1.15,1.155,52148
PGC,20160203,0.655,0.67,0.65,0.655,18200
PGF,20160203,0.935,0.935,0.9,0.91,1079684
PGH,20160203,4.76,4.91,4.76,4.84,647759
PGI,20160203,0.062,0.062,0.06,0.06,47760
PGM,20160203,0.031,0.031,0.03,0.03,215085
PHG,20160203,0.47,0.47,0.46,0.46,10008
PHK,20160203,0.033,0.033,0.033,0.033,19000
PIC,20160203,0.95,0.95,0.94,0.945,167630
PIL,20160203,0.019,0.02,0.019,0.02,350000
PIO,20160203,0.014,0.015,0.013,0.015,3623381
PIQ,20160203,0.33,0.33,0.29,0.29,7181
PKA,20160203,0.15,0.16,0.15,0.16,12591
PLH,20160203,0.064,0.064,0.064,0.064,66000
PLP,20160203,0.006,0.008,0.006,0.008,40644264
PLS,20160203,0.32,0.35,0.32,0.335,3519213
PMC,20160203,1.8,1.815,1.77,1.78,368129
PME,20160203,3.13,3.15,3.13,3.15,10933
PML,20160203,0.037,0.041,0.035,0.039,1260000
PMP,20160203,0.455,0.46,0.455,0.46,40495
PMV,20160203,12.76,12.83,12.58,12.61,184511
PNC,20160203,1.79,1.8,1.79,1.8,21064
PNR,20160203,0.079,0.085,0.076,0.078,1073671
PNV,20160203,0.25,0.255,0.25,0.25,157466
POH,20160203,0.008,0.008,0.008,0.008,3638932
POS,20160203,0.035,0.037,0.035,0.036,589493
POU,20160203,20.41,20.41,20.39,20.39,950
PPC,20160203,1.05,1.05,1.03,1.04,215021
PPL,20160203,0.44,0.44,0.44,0.44,13770
PPP,20160203,0.031,0.031,0.031,0.031,70550
PPS,20160203,0.34,0.34,0.335,0.34,113221
PPT,20160203,41.24,41.48,40.6,40.61,212690
PPY,20160203,0.01,0.01,0.01,0.01,12756
PRG,20160203,1.92,1.92,1.82,1.82,1515415
PRL,20160203,0.025,0.025,0.025,0.025,15349
PRO,20160203,2.05,2.06,2.01,2.01,47915
PRR,20160203,0.046,0.047,0.046,0.047,2131894
PRT,20160203,0.49,0.49,0.47,0.47,215206
PRU,20160203,0.29,0.29,0.275,0.285,2410250
PRY,20160203,2.43,2.45,2.38,2.42,5137833
PSA,20160203,0.079,0.079,0.079,0.079,204950
PSF,20160203,0.012,0.013,0.012,0.013,5704991
PSI,20160203,1.7,1.7,1.65,1.65,37057
PSM,20160203,0.018,0.018,0.018,0.018,196694
PSQ,20160203,1.95,1.95,1.95,1.95,1397
PSY,20160203,0.12,0.125,0.12,0.12,223652
PSZ,20160203,0.89,0.89,0.865,0.87,57016
PTL,20160203,0.655,0.655,0.645,0.65,157677
PTM,20160203,6.37,6.46,6.3,6.31,1337476
PTX,20160203,0.095,0.095,0.09,0.09,658052
PVA,20160203,4.83,4.83,4.83,4.83,1750
PVD,20160203,0.032,0.035,0.03,0.03,270000
PWH,20160203,2.79,2.82,2.77,2.8,92712
PWN,20160203,0.032,0.036,0.032,0.034,1137362
PXS,20160203,0.305,0.305,0.28,0.295,980297
PYC,20160203,0.014,0.014,0.013,0.013,1796802
PYM,20160203,0.005,0.005,0.005,0.005,90000
QAN,20160203,3.93,3.95,3.85,3.9,5818192
QAU,20160203,11.87,11.87,11.87,11.87,500
QBE,20160203,10.61,10.69,10.45,10.5,3729034
QBL,20160203,0.009,0.009,0.009,0.009,319046
QFN,20160203,10.11,10.11,10.01,10.01,5600
QHL,20160203,0.14,0.14,0.135,0.14,151887
QMN,20160203,0.004,0.004,0.004,0.004,300000
QMS,20160203,1.277,1.295,1.26,1.295,323652
QOZ,20160203,10.6,10.6,10.46,10.46,26375
QRE,20160203,2.79,2.8,2.79,2.79,1261
QUB,20160203,2.17,2.19,2.15,2.18,3938186
QUR,20160203,0.058,0.06,0.058,0.059,805877
QVE,20160203,1.01,1.01,1,1.01,77201
RAD,20160203,0.044,0.044,0.042,0.043,445876
RAP,20160203,0.13,0.13,0.125,0.13,2251428
RBX,20160203,0.006,0.006,0.006,0.006,91074
RCB,20160203,20.26,20.34,20.26,20.34,15677
RCE,20160203,0.415,0.42,0.4,0.4,8533
RCG,20160203,1.6,1.602,1.53,1.55,757659
RCR,20160203,1.77,1.8,1.73,1.73,60778
RCT,20160203,3.6,3.6,3.55,3.55,7260
RDF,20160203,0.27,0.27,0.27,0.27,15000
RDV,20160203,26.38,26.38,26.01,26.01,16652
REA,20160203,51.15,51.29,50.61,50.7,247734
REC,20160203,6.59,6.68,6.55,6.61,452169
RED,20160203,0.061,0.065,0.059,0.064,961577
REG,20160203,5.83,6.05,5.8,6,1099322
REH,20160203,32.2,32.2,31.9,32,1498
RES,20160203,0.035,0.035,0.032,0.034,95000
RFF,20160203,1.385,1.39,1.365,1.385,55637
RFG,20160203,4.46,4.55,4.39,4.39,850180
RFL,20160203,0.135,0.135,0.13,0.13,76282
RFN,20160203,0.585,0.59,0.54,0.58,216228
RFX,20160203,0.22,0.24,0.22,0.23,2013440
RGP,20160203,0.083,0.084,0.083,0.084,70000
RGS,20160203,0.089,0.089,0.089,0.089,14000
RGU,20160203,0.011,0.011,0.011,0.011,20052
RHC,20160203,61.1,61.32,60.49,60.52,533060
RHP,20160203,1.29,1.31,1.27,1.27,23258
RIC,20160203,1.45,1.45,1.42,1.42,450539
RIE,20160203,0.018,0.018,0.015,0.015,1076669
RIM,20160203,0.014,0.014,0.014,0.014,45000
RIO,20160203,36.94,37.33,36.53,37.03,2062408
RIS,20160203,0.2,0.2,0.2,0.2,115000
RKN,20160203,2.01,2.11,1.99,1.99,66233
RMD,20160203,8.04,8.18,8.04,8.16,2796295
RMP,20160203,0.02,0.02,0.02,0.02,250000
RMR,20160203,0.001,0.001,0.001,0.001,1000000
RMS,20160203,0.31,0.31,0.305,0.305,2274795
RNI,20160203,0.016,0.016,0.015,0.015,2374627
RNO,20160203,0.027,0.028,0.027,0.028,494527
RNS,20160203,0.035,0.035,0.03,0.03,3220649
RNT,20160203,0.22,0.23,0.205,0.21,813548
RNU,20160203,0.012,0.012,0.012,0.012,294000
RNY,20160203,0.24,0.245,0.24,0.24,350000
RRL,20160203,2.41,2.45,2.37,2.37,2585431
RSG,20160203,0.34,0.35,0.34,0.345,1643395
RSM,20160203,20.8,20.8,20.8,20.8,958
RTG,20160203,0.325,0.325,0.325,0.325,1312
RTR,20160203,0.01,0.01,0.01,0.01,70000
RUB,20160203,0.041,0.041,0.041,0.041,9
RUL,20160203,0.45,0.45,0.415,0.415,53250
RUM,20160203,0.035,0.035,0.035,0.035,250000
RVA,20160203,1.11,1.12,1.11,1.12,84510
RVL,20160203,24.55,24.55,24.55,24.55,1028
RVR,20160203,0.085,0.085,0.085,0.085,100000
RVY,20160203,0.022,0.022,0.02,0.02,180000
RWD,20160203,0.52,0.52,0.52,0.52,477
RWH,20160203,1.2,1.2,1.2,1.2,3067
RXH,20160203,0.12,0.12,0.11,0.115,266935
RXL,20160203,0.009,0.009,0.009,0.009,1622290
RXM,20160203,0.056,0.056,0.054,0.055,350041
RXP,20160203,0.59,0.59,0.585,0.59,7432
RYG,20160203,0.027,0.031,0.027,0.029,22896864
S2R,20160203,0.12,0.125,0.115,0.12,383357
S32,20160203,0.955,0.96,0.935,0.95,14185825
SAI,20160203,3.96,4.04,3.96,3.99,868724
SAR,20160203,0.74,0.75,0.725,0.735,584685
SAU,20160203,0.29,0.29,0.27,0.27,9700
SBB,20160203,0.029,0.029,0.029,0.029,520000
SBM,20160203,1.6,1.615,1.515,1.535,2292763
SBR,20160203,0.008,0.009,0.008,0.009,1214537
SCG,20160203,4.3,4.38,4.3,4.32,11823884
SCP,20160203,2.15,2.18,2.14,2.17,1504958
SCU,20160203,0.05,0.05,0.05,0.05,138000
SDA,20160203,4.8,4.8,4.59,4.7,698993
SDF,20160203,1.4,1.445,1.4,1.42,4852555
SDG,20160203,1.605,1.605,1.585,1.605,18117
SDI,20160203,0.57,0.57,0.57,0.57,45000
SDL,20160203,0.007,0.007,0.005,0.006,12306060
SDM,20160203,1.075,1.075,1.07,1.075,1258920
SEA,20160203,0.094,0.094,0.085,0.085,4301295
SEG,20160203,0.002,0.002,0.002,0.002,500000
SEH,20160203,0.032,0.033,0.031,0.033,4630767
SEK,20160203,14.26,14.425,14.21,14.26,1055977
SEN,20160203,0.125,0.13,0.125,0.125,836251
SFG,20160203,0.094,0.097,0.087,0.087,4173741
SFH,20160203,0.55,0.55,0.525,0.525,11086
SFI,20160203,0.045,0.045,0.044,0.044,320000
SFN,20160203,0.17,0.17,0.17,0.17,14300
SFR,20160203,4.85,5.03,4.85,4.98,1544424
SFX,20160203,0.365,0.365,0.35,0.35,62500
SFY,20160203,47.5,47.5,46.58,46.61,7095
SGF,20160203,3.79,3.81,3.7,3.78,262679
SGH,20160203,0.55,0.585,0.55,0.56,3141185
SGM,20160203,6.74,6.86,6.66,6.67,700657
SGN,20160203,0.75,0.762,0.75,0.755,643041
SGP,20160203,4.07,4.155,4.06,4.12,8502385
SGQ,20160203,0.092,0.092,0.087,0.088,800779
SGR,20160203,5.25,5.4,5.24,5.33,5609176
SGU,20160203,0.15,0.15,0.15,0.15,32161
SGZ,20160203,0.009,0.009,0.009,0.009,50000
SHH,20160203,0.005,0.005,0.005,0.005,50000
SHJ,20160203,0.565,0.66,0.55,0.66,3959333
SHL,20160203,18.35,18.47,18.16,18.3,1356578
SHM,20160203,0.875,0.885,0.85,0.875,886148
SHP,20160203,0.004,0.004,0.004,0.004,3415333
SHV,20160203,5.23,5.25,5,5.01,578044
SIO,20160203,0.4,0.4,0.37,0.4,26234
SIP,20160203,0.8,0.815,0.785,0.785,1541381
SIQ,20160203,4.63,4.68,4.54,4.64,133133
SIT,20160203,0.29,0.29,0.285,0.285,30526
SIV,20160203,8.84,8.86,8.66,8.66,7641
SIX,20160203,0.12,0.125,0.12,0.12,18726
SKB,20160203,0.41,0.41,0.4,0.4,63221
SKC,20160203,4.3,4.3,4.24,4.26,1041275
SKF,20160203,0.135,0.135,0.135,0.135,36250
SKI,20160203,1.975,2.02,1.975,1.98,5229077
SKT,20160203,4.17,4.24,4.17,4.21,349232
SLC,20160203,2.13,2.25,2.12,2.25,220229
SLF,20160203,11.95,12.12,11.88,12.03,41726
SLK,20160203,3.8,3.8,3.72,3.75,45146
SLM,20160203,0.65,0.65,0.65,0.65,7548
SLR,20160203,0.255,0.255,0.245,0.255,2490360
SLX,20160203,0.355,0.365,0.35,0.36,52576
SMA,20160203,0.046,0.047,0.044,0.044,4737044
SMC,20160203,0.028,0.028,0.028,0.028,200000
SMN,20160203,1.39,1.515,1.38,1.47,340845
SMX,20160203,2.38,2.45,2.37,2.4,65908
SNC,20160203,0.85,0.85,0.845,0.845,82000
SND,20160203,0.575,0.575,0.575,0.575,37366
SO4,20160203,0.21,0.24,0.21,0.24,141000
SOC,20160203,0.003,0.003,0.003,0.003,5000000
SOL,20160203,16.96,17,16.69,16.79,47908
SOM,20160203,2.62,2.7,2.61,2.62,42755
SOR,20160203,0.135,0.135,0.135,0.135,145332
SPK,20160203,3.11,3.18,3.11,3.17,1371967
SPL,20160203,0.695,0.695,0.63,0.645,635374
SPO,20160203,1.01,1.025,1,1.01,5385539
SPY,20160203,270.87,270.87,270.19,270.19,266
SPZ,20160203,0.285,0.3,0.28,0.28,431162
SRF,20160203,1.75,1.81,1.735,1.76,331222
SRI,20160203,0.029,0.029,0.028,0.029,660722
SRK,20160203,0.05,0.05,0.05,0.05,399701
SRO,20160203,0.034,0.034,0.028,0.03,988884
SRS,20160203,0.027,0.027,0.026,0.026,75177
SRT,20160203,0.017,0.017,0.015,0.017,13345889
SRV,20160203,7.44,7.44,7.35,7.38,21124
SRX,20160203,37,37.37,36.33,36.43,267088
SRZ,20160203,0.015,0.015,0.012,0.012,451112
SSM,20160203,0.495,0.51,0.46,0.51,583626
SSN,20160203,0.004,0.004,0.004,0.004,100000
SST,20160203,18.5,18.5,18.5,18.5,170
STL,20160203,0.03,0.031,0.029,0.031,1349465
STO,20160203,2.79,2.83,2.69,2.77,13831506
STW,20160203,45.98,46.16,45.45,45.53,67584
STX,20160203,0.115,0.115,0.115,0.115,58551
SUD,20160203,0.027,0.027,0.026,0.026,322740
SUL,20160203,10.16,10.21,9.78,10.02,1586307
SUM,20160203,0.04,0.04,0.04,0.04,19710
SUN,20160203,11.45,11.49,11.26,11.3,4440917
SVA,20160203,0.135,0.15,0.135,0.15,97577
SVL,20160203,0.001,0.001,0.001,0.001,11000000
SVM,20160203,0.042,0.044,0.042,0.044,53333
SVW,20160203,4.76,4.8,4.53,4.54,284305
SVY,20160203,0.125,0.125,0.1,0.1,7534
SWJ,20160203,0.013,0.014,0.013,0.014,828461
SWL,20160203,0.81,0.81,0.81,0.81,10106
SWM,20160203,0.785,0.825,0.77,0.81,3412458
SWR,20160203,0.035,0.04,0.035,0.04,500000
SXA,20160203,0.035,0.035,0.034,0.035,374999
SXE,20160203,0.36,0.385,0.35,0.35,81200
SXL,20160203,1.065,1.11,1.065,1.085,1508321
SXY,20160203,0.14,0.142,0.135,0.14,3075444
SYD,20160203,6.46,6.555,6.42,6.53,4750767
SYI,20160203,24.66,24.69,24.38,24.48,70393
SYR,20160203,3.65,3.81,3.53,3.74,1696596
TAG,20160203,0.05,0.05,0.04,0.04,87518
TAH,20160203,4.63,4.64,4.495,4.52,3018479
TAM,20160203,0.054,0.054,0.054,0.054,26000
TAP,20160203,0.105,0.105,0.1,0.1,140431
TAW,20160203,0.002,0.002,0.002,0.002,1352629
TBH,20160203,0.19,0.2,0.19,0.195,184546
TCH,20160203,2.6,2.69,2.6,2.6,15055
TCL,20160203,10.72,10.86,10.72,10.77,2772939
TDL,20160203,0.23,0.265,0.23,0.265,175275
TEN,20160203,1.055,1.065,1.005,1.005,667266
TER,20160203,0.006,0.007,0.006,0.007,86074
TFC,20160203,1.3,1.31,1.235,1.235,1119780
TFG,20160203,0.38,0.38,0.38,0.38,100000
TFL,20160203,0.27,0.27,0.255,0.255,17030
TGA,20160203,1.855,1.88,1.8,1.81,220786
TGG,20160203,1.12,1.13,1.115,1.13,210353
TGP,20160203,0.955,0.955,0.95,0.95,17850
TGR,20160203,4.51,4.6,4.51,4.51,655685
TGS,20160203,0.05,0.051,0.049,0.05,2027518
TGZ,20160203,0.385,0.385,0.385,0.385,789500
THX,20160203,0.062,0.062,0.057,0.06,321459
TIS,20160203,0.045,0.045,0.045,0.045,160891
TIX,20160203,2.425,2.43,2.38,2.39,902018
TKL,20160203,0.014,0.014,0.014,0.014,135000
TLG,20160203,0.29,0.29,0.285,0.285,90279
TLM,20160203,0.455,0.46,0.44,0.46,57065
TLS,20160203,5.54,5.595,5.54,5.55,24898176
TME,20160203,3.66,3.7,3.655,3.67,1020201
TMP,20160203,0.64,0.64,0.58,0.635,849998
TND,20160203,0.066,0.071,0.054,0.057,68094207
TNE,20160203,4.61,4.64,4.5,4.56,565100
TNG,20160203,0.14,0.14,0.13,0.135,937761
TNK,20160203,0.945,0.945,0.945,0.945,8500
TNR,20160203,0.215,0.215,0.215,0.215,72267
TOE,20160203,0.063,0.063,0.06,0.062,328054
TOF,20160203,2.01,2.01,1.98,1.98,53498
TOM,20160203,0.105,0.12,0.105,0.12,28000
TON,20160203,0.088,0.088,0.087,0.087,412046
TOP,20160203,0.54,0.55,0.54,0.55,69011
TOX,20160203,2.5,2.55,2.495,2.52,103046
TPE,20160203,3.6,3.6,3.5,3.5,33228
TPM,20160203,10.03,10.21,10,10.1,1135136
TPP,20160203,0.135,0.14,0.125,0.125,442282
TPR,20160203,0.08,0.08,0.08,0.08,14457
TPS,20160203,0.035,0.035,0.033,0.033,522327
TPW,20160203,0.66,0.7,0.64,0.7,267884
TRL,20160203,0.059,0.059,0.053,0.054,1850000
TRS,20160203,10.46,10.59,10.32,10.47,141389
TRY,20160203,0.25,0.255,0.24,0.245,2022050
TSM,20160203,0.48,0.49,0.47,0.47,46500
TSN,20160203,0.019,0.02,0.018,0.019,3215158
TSV,20160203,0.041,0.041,0.038,0.039,2727432
TTE,20160203,0.019,0.019,0.018,0.018,201000
TTS,20160203,4.05,4.115,4.05,4.08,4469395
TWD,20160203,3.09,3.09,3.05,3.05,2739
TWE,20160203,8.9,8.99,8.79,8.83,3397666
TWH,20160203,0.006,0.007,0.006,0.007,500000
TYK,20160203,0.005,0.007,0.005,0.007,9568691
TYX,20160203,0.019,0.019,0.019,0.019,68000
TZL,20160203,0.075,0.075,0.075,0.075,3500
TZN,20160203,0.135,0.135,0.13,0.135,89866
UBE,20160203,18.56,18.56,18.49,18.49,13250
UBI,20160203,0.4,0.4,0.38,0.39,220492
UBN,20160203,0.67,0.685,0.64,0.67,309773
UBW,20160203,19.57,19.57,19.57,19.57,1000
UCM,20160203,0.165,0.165,0.15,0.15,224660
UGL,20160203,2.25,2.27,2.19,2.21,209640
UML,20160203,0.027,0.027,0.027,0.027,975000
UNS,20160203,0.205,0.23,0.195,0.225,4309405
UNV,20160203,0.19,0.19,0.19,0.19,313300
UOS,20160203,0.47,0.47,0.46,0.465,37530
UPD,20160203,0.315,0.33,0.305,0.305,334413
UPG,20160203,1,1,0.98,0.98,4000
URF,20160203,2.08,2.08,2.08,2.08,992
URI,20160203,0.455,0.455,0.44,0.44,102342
USA,20160203,0.018,0.018,0.018,0.018,170500
USD,20160203,13.93,13.96,13.88,13.94,148214
USF,20160203,2.43,2.43,2.43,2.43,5375
USG,20160203,2.49,2.49,2.49,2.49,9000
USR,20160203,0.685,0.685,0.68,0.68,10000
UXC,20160203,1.225,1.24,1.22,1.235,1066893
VAE,20160203,47.17,47.17,47.17,47.17,215
VAF,20160203,49.79,49.9,49.78,49.83,26498
VAH,20160203,0.485,0.49,0.48,0.49,571119
VAN,20160203,0.018,0.019,0.018,0.018,200000
VAP,20160203,75.35,75.77,75,75.01,10854
VAS,20160203,62.98,62.98,61.84,61.97,80353
VCF,20160203,50.72,50.72,50.72,50.72,39
VCX,20160203,2.86,2.94,2.86,2.91,12129397
VED,20160203,2.82,2.82,2.81,2.81,2783370
VEQ,20160203,47.01,47.07,47.01,47.06,3020
VEU,20160203,60,60,56.5,56.72,23039
VGB,20160203,49.4,49.56,49.38,49.55,4119
VGE,20160203,47.47,47.47,47.35,47.46,1851
VGS,20160203,55,55,54.65,54.94,18162
VHY,20160203,52.6,52.6,51.65,51.91,68741
VIA,20160203,2.15,2.3,2.15,2.3,3216
VIC,20160203,0.013,0.013,0.013,0.013,1668201
VIF,20160203,51.62,51.64,51.62,51.63,2940
VIP,20160203,0.057,0.059,0.051,0.058,456103
VIT,20160203,2.36,2.44,2.36,2.39,631661
VLA,20160203,0.77,0.775,0.76,0.775,80309
VLC,20160203,52.92,52.92,52.15,52.15,26848
VLW,20160203,2.06,2.06,2.02,2.05,52760
VMC,20160203,0.18,0.18,0.165,0.17,143980
VML,20160203,0.012,0.012,0.012,0.012,6250
VMT,20160203,0.3,0.34,0.3,0.335,702505
VOC,20160203,7.81,7.84,7.65,7.71,3580654
VPC,20160203,0.052,0.052,0.05,0.051,1444024
VRL,20160203,6.78,7.03,6.75,6.96,310898
VRT,20160203,6.36,6.41,6.26,6.27,260634
VRX,20160203,0.014,0.014,0.013,0.013,137412
VSC,20160203,1.55,1.63,1.5,1.58,23928
VSO,20160203,41.39,41.39,40.82,40.82,3901
VTG,20160203,2.49,2.54,2.4,2.47,146182
VTM,20160203,0.029,0.03,0.02,0.024,9972443
VTS,20160203,137.58,137.58,136.82,137.25,6716
WAA,20160203,1.075,1.075,1.075,1.075,2500
WAF,20160203,0.058,0.058,0.055,0.056,220000
WAM,20160203,2.19,2.22,2.18,2.2,693018
WAX,20160203,1.375,1.375,1.365,1.37,136834
WBA,20160203,1.26,1.3,1.26,1.265,108120
WBC,20160203,29.85,30.13,29.41,29.43,5796970
WCB,20160203,9.25,9.25,9.25,9.25,100
WCN,20160203,0.007,0.007,0.006,0.007,512732
WEB,20160203,5.22,5.37,5.22,5.29,86426
WEL,20160203,0.086,0.086,0.086,0.086,75000
WES,20160203,42.25,43.18,42.23,42.73,3473019
WFD,20160203,9.83,10.12,9.83,9.99,5165764
WFE,20160203,0.002,0.002,0.002,0.002,240
WGO,20160203,0.012,0.013,0.011,0.011,848769
WHC,20160203,0.42,0.425,0.4,0.415,3221172
WHF,20160203,4.18,4.18,4.16,4.16,7830
WHN,20160203,0.001,0.001,0.001,0.001,2290000
WIC,20160203,0.77,0.775,0.77,0.77,52500
WIG,20160203,1.02,1.02,1.02,1.02,2500
WLD,20160203,1.36,1.375,1.32,1.34,399455
WLL,20160203,5.27,5.35,5.25,5.25,33341
WMC,20160203,0.415,0.415,0.4,0.4,24719
WMK,20160203,1.06,1.065,1.04,1.06,254633
WMN,20160203,0.1,0.12,0.1,0.12,173381
WOF,20160203,0.006,0.006,0.006,0.006,31158
WOR,20160203,3.32,3.4,3.19,3.21,1969684
WOW,20160203,23.8,24.08,23.52,23.59,3266587
WPG,20160203,0.036,0.036,0.033,0.035,490000
WPI,20160203,0.023,0.023,0.022,0.022,2231377
WPL,20160203,26.57,26.86,25.51,25.65,3630921
WRR,20160203,0.32,0.32,0.3,0.3,104790
WSA,20160203,1.88,1.905,1.84,1.84,869495
WTP,20160203,1.05,1.06,1.05,1.06,195042
XIP,20160203,3.09,3.09,3.06,3.06,8359
XPD,20160203,0.15,0.15,0.15,0.15,64000
XRF,20160203,0.21,0.21,0.21,0.21,104616
XRO,20160203,15.12,15.2,15.05,15.11,48438
XTD,20160203,0.24,0.24,0.22,0.225,255170
XTE,20160203,0.38,0.38,0.37,0.37,43000
XTV,20160203,0.01,0.01,0.01,0.01,1619281
YAL,20160203,0.087,0.087,0.087,0.087,1182
YBR,20160203,0.23,0.23,0.23,0.23,150096
YNB,20160203,0.1,0.105,0.1,0.105,20000
YOW,20160203,0.78,0.78,0.75,0.755,1762369
YPB,20160203,0.27,0.28,0.23,0.28,146589
ZGL,20160203,0.165,0.165,0.165,0.165,10000
ZIM,20160203,3.2,3.2,3.1,3.19,6309
ZIP,20160203,0.495,0.55,0.495,0.52,439321
ZML,20160203,0.36,0.4,0.36,0.4,26300
ZNC,20160203,0.045,0.045,0.045,0.045,165740
ZNZ,20160203,6.18,6.18,6.18,6.18,409405
XAF,20160203,4972.3,4972.3,4846.8,4851,0
XAO,20160203,5043.9,5044,4927.8,4930.8,0
XAT,20160203,4940,4940,4820.2,4823.4,0
XDJ,20160203,1957.8,1957.8,1916.1,1916.5,0
XEC,20160203,1040.2,1040.4,1030,1030.7,0
XEJ,20160203,7303.6,7303.6,6953.7,7019.2,0
XFJ,20160203,5808.9,5808.9,5645.4,5649.8,0
XFL,20160203,5025.3,5025.3,4898.4,4902.7,0
XGD,20160203,2774.9,2788.6,2720.6,2724.4,0
XHJ,20160203,19732.7,19754.1,19431.4,19431.4,0
XIJ,20160203,781,781,753.5,755.4,0
XJO,20160203,4993.3,4993.3,4873.6,4876.8,0
XJR,20160203,2144.2,2144.2,2067.1,2072.1,0
XKO,20160203,4950.8,4950.8,4832.8,4835.7,0
XMD,20160203,4924.2,4924.2,4830.9,4834.2,0
XMJ,20160203,6251.4,6251.4,6067.5,6079.3,0
XMM,20160203,1697.8,1697.8,1638.8,1645.7,0
XNJ,20160203,4750,4750,4665.5,4669.2,0
XPJ,20160203,1314.9,1314.9,1297.9,1305.6,0
XSJ,20160203,8805.9,8805.9,8667.8,8689.2,0
XSO,20160203,2061.3,2061.4,2021.3,2021.3,0
XTJ,20160203,2036.1,2036.1,2010,2014,0
XTL,20160203,2956.6,2956.6,2873.9,2876.5,0
XTO,20160203,4143.6,4143.6,4042.4,4045.7,0
XUJ,20160203,6999.6,6999.6,6926,6946.7,0
XXJ,20160203,6542,6542,6329.3,6335.5,0
