1AD,20160831,0.23,0.23,0.205,0.225,99511
1AG,20160831,0.041,0.041,0.041,0.041,59294
1PG,20160831,0.255,0.26,0.247,0.25,856731
1ST,20160831,0.06,0.063,0.059,0.059,789373
3DP,20160831,0.029,0.029,0.028,0.028,1002550
3PL,20160831,0.965,0.97,0.925,0.945,198775
88E,20160831,0.057,0.057,0.055,0.056,15487657
8EC,20160831,1,1.01,1,1.01,66925
9SP,20160831,0.16,0.16,0.155,0.155,140000
A2M,20160831,1.83,1.885,1.805,1.845,6594563
A3D,20160831,0.83,0.83,0.8,0.8,384540
AAA,20160831,50.16,50.16,50.15,50.15,72525
AAC,20160831,1.8,1.8,1.76,1.775,1266954
AAD,20160831,2.59,2.59,2.475,2.53,2792154
AAP,20160831,0.025,0.026,0.021,0.021,170120
AB1,20160831,0.16,0.17,0.16,0.165,546267
ABA,20160831,5.3,5.37,5.3,5.33,6574
ABC,20160831,5.2,5.32,5.06,5.25,3723592
ABP,20160831,3.03,3.05,2.99,3.02,1664763
ABT,20160831,0.97,0.97,0.9,0.9,86697
ABU,20160831,0.079,0.081,0.076,0.076,355050
ABV,20160831,0.008,0.008,0.008,0.008,1000000
ABW,20160831,0.76,0.76,0.76,0.76,1800
ABX,20160831,0.185,0.2,0.185,0.195,474335
ACB,20160831,0.037,0.04,0.037,0.039,1816169
ACG,20160831,0.115,0.115,0.11,0.11,119788
ACL,20160831,0.01,0.01,0.01,0.01,1667
ACQ,20160831,1.02,1.03,1.01,1.02,84599
ACR,20160831,0.345,0.385,0.345,0.375,475852
ACU,20160831,0.035,0.037,0.035,0.037,143313
ACW,20160831,0.053,0.054,0.052,0.053,439526
ACX,20160831,6.6,6.69,6.25,6.41,1908206
AD1,20160831,0.385,0.385,0.36,0.385,146174
ADA,20160831,2.56,2.59,2.49,2.5,208948
ADH,20160831,2.47,2.57,2.42,2.55,31916
ADJ,20160831,0.13,0.13,0.115,0.125,4615274
ADN,20160831,0.018,0.019,0.018,0.019,427192
ADO,20160831,0.064,0.064,0.06,0.06,1194270
ADV,20160831,0.018,0.018,0.017,0.017,630945
AEB,20160831,0.051,0.052,0.048,0.052,143491
AEE,20160831,0.022,0.023,0.022,0.023,554306
AEF,20160831,86.2,86.2,81,83.5,2680
AEG,20160831,1.14,1.15,1.125,1.125,134339
AER,20160831,0.093,0.093,0.09,0.09,91737
AEV,20160831,0.245,0.245,0.235,0.235,58847
AFG,20160831,1.27,1.27,1.23,1.24,128953
AFI,20160831,5.66,5.67,5.62,5.65,278183
AFR,20160831,0.04,0.041,0.036,0.036,70000
AFY,20160831,2.65,2.73,2.5,2.5,109163
AGD,20160831,0.19,0.21,0.17,0.21,54500
AGF,20160831,0.94,0.945,0.94,0.94,319580
AGG,20160831,4.5,4.54,4.5,4.54,7050
AGI,20160831,2.21,2.25,2.2,2.21,232228
AGL,20160831,18.66,18.77,18.51,18.55,2197443
AGO,20160831,0.012,0.012,0.011,0.011,23087789
AGR,20160831,0.095,0.095,0.095,0.095,1176646
AGS,20160831,0.045,0.045,0.044,0.045,425250
AGY,20160831,0.029,0.03,0.029,0.029,731985
AHF,20160831,0.19,0.195,0.185,0.185,48400
AHG,20160831,4.65,4.7,4.6,4.69,1400700
AHK,20160831,0.27,0.27,0.27,0.27,6500
AHL,20160831,0.13,0.135,0.13,0.135,103800
AHQ,20160831,0.008,0.008,0.008,0.008,31663
AHX,20160831,1.7,1.7,1.69,1.69,22107
AHY,20160831,1.51,1.53,1.505,1.505,3095585
AHZ,20160831,0.35,0.35,0.335,0.345,269916
AIA,20160831,7.22,7.27,7.21,7.23,89195
AIK,20160831,0.137,0.14,0.135,0.135,18876333
AIQ,20160831,0.095,0.095,0.095,0.095,48027
AIS,20160831,0.05,0.05,0.05,0.05,60000
AIZ,20160831,2.2,2.2,2.17,2.18,353818
AJA,20160831,7.2,7.28,7.15,7.2,97853
AJC,20160831,0.004,0.004,0.004,0.004,670000
AJD,20160831,1.64,1.66,1.63,1.65,52656
AJL,20160831,0.29,0.29,0.29,0.29,2000
AJM,20160831,0.15,0.15,0.145,0.15,1531482
AJQ,20160831,0.08,0.08,0.07,0.072,259224
AJX,20160831,0.5,0.51,0.48,0.5,943838
AKG,20160831,0.185,0.185,0.185,0.185,498
AKK,20160831,0.007,0.007,0.007,0.007,30018820
AKM,20160831,0.019,0.021,0.016,0.017,1732000
AKP,20160831,22.5,24.12,22.32,23.6,5209
ALC,20160831,0.058,0.06,0.052,0.054,8289122
ALF,20160831,1.51,1.53,1.5,1.525,255909
ALI,20160831,1.88,1.88,1.87,1.87,46274
ALK,20160831,0.32,0.32,0.29,0.295,1350169
ALL,20160831,15.15,15.26,14.93,15.1,1378820
ALQ,20160831,5.47,5.53,5.29,5.4,2071010
ALR,20160831,1.11,1.11,1.1,1.1,16570
ALT,20160831,0.006,0.006,0.006,0.006,270000
ALU,20160831,8.93,9.24,8.93,9.24,974068
ALY,20160831,0.018,0.018,0.018,0.018,2000
AMA,20160831,1.055,1.055,1.01,1.03,547872
AMC,20160831,16.25,16.25,15.85,16,3474003
AME,20160831,0.125,0.125,0.125,0.125,43820
AMH,20160831,0.965,0.965,0.95,0.95,43077
AMI,20160831,0.15,0.15,0.14,0.145,381367
AML,20160831,0.18,0.18,0.15,0.165,189393
AMN,20160831,0.485,0.485,0.485,0.485,20000
AMP,20160831,5.25,5.36,5.24,5.26,8127494
ANG,20160831,0.13,0.13,0.12,0.12,1349799
ANN,20160831,22.63,22.72,22.24,22.46,725385
ANR,20160831,1.2,1.2,1.2,1.2,22981
ANW,20160831,0.014,0.015,0.014,0.015,2118720
ANZ,20160831,26.74,26.98,26.53,26.9,12294786
AOF,20160831,2.17,2.18,2.16,2.18,146411
AOG,20160831,3.51,3.54,3.49,3.53,1305485
AOH,20160831,0.14,0.145,0.14,0.145,205624
AOK,20160831,0.053,0.053,0.052,0.052,253660
AON,20160831,0.087,0.087,0.087,0.087,18920
AOP,20160831,0.11,0.11,0.11,0.11,190000
AOW,20160831,0.095,0.095,0.093,0.093,100000
APA,20160831,9.29,9.36,9.17,9.24,2748062
APD,20160831,0.56,0.565,0.56,0.56,443366
APE,20160831,11.37,11.55,11.32,11.45,23085
API,20160831,1.77,1.795,1.75,1.775,1632913
APN,20160831,3.71,3.79,3.65,3.76,911388
APO,20160831,5.31,5.4,5.25,5.25,1162535
APW,20160831,1.26,1.275,1.26,1.275,26556
APX,20160831,3.45,3.46,3.38,3.41,219248
APY,20160831,0.008,0.008,0.008,0.008,2011115
APZ,20160831,1.15,1.195,1.15,1.17,73055
AQC,20160831,0.028,0.028,0.026,0.026,966800
AQF,20160831,1.8,1.8,1.8,1.8,48289
AQG,20160831,3.07,3.09,3.01,3.07,283236
AQI,20160831,0.34,0.35,0.34,0.34,153020
AQQ,20160831,0.024,0.024,0.024,0.024,85000
AQX,20160831,0.038,0.038,0.038,0.038,130000
AQZ,20160831,0.835,0.835,0.83,0.83,26500
AR1,20160831,0.015,0.015,0.015,0.015,1011676
ARA,20160831,0.38,0.38,0.38,0.38,2000
ARB,20160831,17.21,17.41,17.13,17.25,229635
ARD,20160831,0.028,0.028,0.027,0.027,280486
ARE,20160831,0.013,0.013,0.012,0.012,208235
ARF,20160831,2.14,2.18,2.13,2.14,162668
ARG,20160831,7.36,7.4,7.3,7.31,107397
ARM,20160831,0.062,0.065,0.062,0.065,46473
ARU,20160831,0.065,0.065,0.062,0.062,110029
ARX,20160831,0.55,0.55,0.55,0.55,52
ASB,20160831,1.505,1.512,1.467,1.475,3407521
ASH,20160831,0.22,0.22,0.22,0.22,8000
ASL,20160831,1.64,1.645,1.58,1.61,1875497
ASN,20160831,0.022,0.022,0.02,0.02,54900
AST,20160831,1.745,1.745,1.715,1.72,6536897
ASX,20160831,51.45,51.865,50.96,51.15,897538
ASY,20160831,0.014,0.014,0.013,0.013,350000
ASZ,20160831,1.29,1.295,1.265,1.28,130820
ATC,20160831,0.14,0.14,0.135,0.135,85770
ATP,20160831,0.032,0.032,0.032,0.032,80000
ATR,20160831,0.155,0.155,0.155,0.155,14752
ATS,20160831,0.24,0.24,0.24,0.24,22889
ATU,20160831,0.92,0.92,0.92,0.92,22000
AUB,20160831,10.5,10.58,10.5,10.58,8715
AUF,20160831,1.32,1.32,1.32,1.32,18181
AUI,20160831,7.65,7.66,7.6,7.65,45126
AUP,20160831,5.7,5.7,5.7,5.7,3300
AUQ,20160831,0.022,0.022,0.022,0.022,489545
AUST,20160831,15.29,15.29,15.2,15.25,97642
AUZ,20160831,0.011,0.011,0.01,0.01,1433669
AVB,20160831,0.049,0.05,0.049,0.049,1568677
AVD,20160831,0.016,0.017,0.016,0.017,93099
AVG,20160831,0.53,0.535,0.53,0.535,200166
AVH,20160831,0.091,0.092,0.091,0.091,134472
AVI,20160831,0.04,0.043,0.04,0.04,558998
AVJ,20160831,0.7,0.705,0.695,0.695,201718
AVL,20160831,0.023,0.023,0.021,0.021,8600975
AVN,20160831,2.44,2.46,2.41,2.45,133922
AVQ,20160831,0.2,0.225,0.195,0.195,669629
AVX,20160831,0.039,0.039,0.039,0.039,65400
AWC,20160831,1.34,1.35,1.32,1.33,13338009
AWE,20160831,0.7,0.71,0.69,0.695,1828190
AWN,20160831,0.75,0.75,0.75,0.75,3000
AWQ,20160831,0.99,1.01,0.99,1.01,115056
AWV,20160831,0.15,0.155,0.15,0.155,607506
AWY,20160831,0.002,0.002,0.002,0.002,375000
AXE,20160831,0.078,0.078,0.078,0.078,124105
AXP,20160831,1.13,1.155,1.13,1.155,150970
AYC,20160831,0.028,0.028,0.028,0.028,146678
AYF,20160831,5.83,5.85,5.83,5.85,7500
AYJ,20160831,71.55,71.55,71.55,71.55,24
AYR,20160831,0.009,0.009,0.008,0.008,6939450
AYS,20160831,1.995,2.05,1.97,2,996289
AZJ,20160831,4.39,4.45,4.36,4.39,8575242
AZS,20160831,0.031,0.031,0.028,0.028,4733390
AZV,20160831,0.071,0.071,0.068,0.069,385683
AZY,20160831,0.033,0.033,0.031,0.031,3900283
BAF,20160831,1.23,1.235,1.23,1.23,87370
BAL,20160831,13.31,13.37,13,13.2,837577
BAP,20160831,5.95,6.05,5.87,6.01,1150292
BAR,20160831,0.046,0.047,0.042,0.047,439653
BAS,20160831,0.001,0.001,0.001,0.001,1349995
BAU,20160831,0.064,0.065,0.064,0.065,749845
BBG,20160831,1.28,1.32,1.245,1.265,366641
BBN,20160831,3.04,3.05,2.96,3.01,239639
BBOZ,20160831,21.64,22.2,21.64,22.06,214735
BBR,20160831,0.065,0.065,0.064,0.064,5537
BBUS,20160831,9.63,9.64,9.6,9.61,33168
BCI,20160831,0.145,0.145,0.14,0.145,320175
BCK,20160831,0.018,0.018,0.018,0.018,172
BCT,20160831,0.023,0.023,0.022,0.022,94382
BD1,20160831,0.03,0.032,0.03,0.031,9510844
BDR,20160831,0.37,0.375,0.355,0.365,12222485
BEAR,20160831,16.22,16.35,16.22,16.29,62584
BEL,20160831,0.14,0.14,0.135,0.135,400000
BEN,20160831,11.05,11.08,10.86,10.98,2173635
BFC,20160831,0.415,0.442,0.415,0.43,810960
BFG,20160831,0.795,0.795,0.775,0.78,58914
BGA,20160831,6.47,6.48,6.27,6.35,407176
BGL,20160831,0.78,0.835,0.78,0.815,786515
BGS,20160831,0.32,0.335,0.3,0.3,3609546
BHP,20160831,20.9,20.9,20.34,20.43,11025026
BID,20160831,0.073,0.073,0.07,0.07,1372224
BIG,20160831,0.105,0.11,0.1,0.1,771892
BIQ,20160831,0.115,0.13,0.1,0.12,4597963
BIT,20160831,0.067,0.067,0.067,0.067,7500
BKI,20160831,1.585,1.585,1.575,1.58,118515
BKL,20160831,125.7,126.97,123.15,123.38,176474
BKN,20160831,2.43,2.5,2.33,2.46,695964
BKT,20160831,0.15,0.165,0.15,0.165,966860
BKW,20160831,14.16,14.29,13.87,14.01,152584
BKY,20160831,0.73,0.73,0.73,0.73,12640
BLA,20160831,7.84,7.9,7.69,7.7,293572
BLD,20160831,6.68,6.75,6.56,6.61,3083695
BLG,20160831,0.335,0.34,0.315,0.315,334382
BLK,20160831,0.795,0.797,0.75,0.76,2455728
BLT,20160831,0.13,0.13,0.13,0.13,25000
BLX,20160831,1.7,1.7,1.68,1.7,86485
BLY,20160831,0.135,0.14,0.125,0.125,690589
BLZ,20160831,0.047,0.052,0.046,0.05,569181
BML,20160831,0.004,0.004,0.003,0.003,1609498
BMN,20160831,0.027,0.027,0.027,0.027,97294
BMP,20160831,0.3,0.3,0.3,0.3,1443
BMT,20160831,0.24,0.26,0.235,0.26,419229
BNO,20160831,0.24,0.25,0.23,0.24,976845
BNR,20160831,0.036,0.036,0.035,0.035,497077
BOC,20160831,0.2,0.2,0.2,0.2,1900
BOE,20160831,0.056,0.056,0.055,0.055,1496550
BOL,20160831,0.11,0.112,0.11,0.11,627974
BOND,20160831,26.92,26.92,26.92,26.92,2370
BOQ,20160831,10.5,10.57,10.39,10.55,2824259
BOT,20160831,0.035,0.036,0.035,0.036,825000
BPA,20160831,6.65,6.65,6.65,6.65,14
BPF,20160831,0.3,0.3,0.29,0.29,161732
BPL,20160831,0.079,0.079,0.075,0.075,424174
BPS,20160831,0.94,0.95,0.94,0.95,83990
BPT,20160831,0.56,0.565,0.542,0.565,5080737
BRB,20160831,0.205,0.22,0.2,0.21,578003
BRC,20160831,0.16,0.16,0.15,0.15,36964
BRD,20160831,0.002,0.002,0.002,0.002,750000
BRG,20160831,8.18,8.24,7.75,8.2,520996
BRK,20160831,0.012,0.012,0.011,0.011,8851461
BRL,20160831,0.024,0.025,0.022,0.022,559275
BRN,20160831,0.127,0.127,0.12,0.12,367798
BRU,20160831,0.22,0.225,0.22,0.225,162548
BSA,20160831,0.32,0.34,0.32,0.34,648482
BSE,20160831,0.16,0.165,0.15,0.15,767262
BSL,20160831,8.88,8.98,8.66,8.69,3064310
BSM,20160831,0.016,0.018,0.015,0.015,3285406
BSN,20160831,0.003,0.003,0.003,0.003,249000
BSR,20160831,0.027,0.028,0.027,0.027,3518420
BST,20160831,1,1,0.99,0.99,57000
BTI,20160831,1.09,1.095,1.085,1.095,40000
BTT,20160831,8.91,8.96,8.73,8.85,686939
BUD,20160831,0.092,0.092,0.086,0.09,2956339
BUL,20160831,0.024,0.024,0.024,0.024,3912
BUX,20160831,0.08,0.08,0.079,0.08,164333
BUY,20160831,0.008,0.008,0.008,0.008,3222996
BWP,20160831,3.24,3.27,3.23,3.25,1962424
BWR,20160831,1.26,1.26,1.24,1.24,13182
BWX,20160831,4.64,4.71,4.62,4.65,88237
BXB,20160831,12.39,12.425,12.27,12.32,3933927
BYE,20160831,0.14,0.14,0.14,0.14,9207
BYI,20160831,1.12,1.12,1.04,1.04,3820
BYL,20160831,0.11,0.11,0.087,0.099,798365
BYR,20160831,0.046,0.05,0.046,0.05,1534327
CAA,20160831,0.167,0.17,0.165,0.165,274323
CAB,20160831,3.23,3.28,3.15,3.24,443677
CAD,20160831,0.004,0.004,0.003,0.003,2469000
CAE,20160831,0.02,0.02,0.02,0.02,60000
CAF,20160831,0.465,0.5,0.465,0.5,114043
CAJ,20160831,0.14,0.142,0.135,0.135,2059205
CAM,20160831,0.8,0.8,0.8,0.8,27701
CAR,20160831,12.92,12.98,12.84,12.86,685403
CAS,20160831,0.125,0.14,0.11,0.14,163362
CAT,20160831,3.98,3.98,3.83,3.88,203936
CAY,20160831,0.12,0.12,0.1,0.1,446000
CAZ,20160831,0.091,0.091,0.091,0.091,5511
CBA,20160831,72.53,72.61,71.685,71.81,6289559
CBL,20160831,2.9,2.9,2.9,2.9,24565
CBQ,20160831,0.002,0.003,0.002,0.003,57693743
CBS,20160831,0.025,0.025,0.025,0.025,67500
CCA,20160831,0.56,0.6,0.56,0.6,17125
CCL,20160831,9.9,9.94,9.65,9.78,3623087
CCP,20160831,16.32,16.67,16.22,16.6,191358
CCV,20160831,0.355,0.37,0.35,0.35,3154735
CDA,20160831,1.305,1.37,1.3,1.35,562894
CDC,20160831,0.17,0.17,0.17,0.17,64839
CDD,20160831,0.74,0.775,0.74,0.765,238491
CDG,20160831,0.07,0.072,0.07,0.072,300000
CDM,20160831,1.275,1.285,1.27,1.27,422676
CDP,20160831,8.27,8.3,8.27,8.3,1029
CDT,20160831,0.018,0.018,0.015,0.015,452477
CDU,20160831,0.515,0.52,0.51,0.515,104171
CDV,20160831,0.465,0.475,0.43,0.46,1126856
CDY,20160831,0.032,0.032,0.031,0.031,1852832
CETF,20160831,52.31,52.35,52.31,52.35,1000
CFE,20160831,0.018,0.018,0.018,0.018,10753
CGC,20160831,2.8,2.82,2.765,2.81,825461
CGF,20160831,9.13,9.21,9.035,9.19,4726395
CGL,20160831,5.3,5.3,5.3,5.3,2000
CGM,20160831,0.016,0.016,0.016,0.016,62500
CGO,20160831,0.25,0.25,0.25,0.25,61269
CGR,20160831,0.215,0.22,0.215,0.22,9633
CGS,20160831,0.77,0.77,0.77,0.77,93334
CHC,20160831,5.83,5.87,5.82,5.85,1285177
CHK,20160831,0.014,0.014,0.014,0.014,1707
CIE,20160831,0.995,0.995,0.98,0.98,125264
CII,20160831,2.22,2.3,2.15,2.15,44107
CIM,20160831,29.7,29.94,29.53,29.61,1029728
CIN,20160831,31.26,31.49,31.26,31.49,1585
CIW,20160831,0.64,0.64,0.625,0.625,15000
CJC,20160831,0.01,0.01,0.01,0.01,100500
CKA,20160831,0.033,0.035,0.033,0.034,818511
CKF,20160831,4.65,4.68,4.58,4.65,638674
CL1,20160831,3.51,3.54,3.49,3.51,373308
CLH,20160831,1.295,1.32,1.265,1.31,372910
CLQ,20160831,0.545,0.575,0.515,0.575,1736526
CLT,20160831,0.245,0.255,0.245,0.255,15000
CLX,20160831,0.85,0.85,0.84,0.84,5913
CM8,20160831,0.15,0.175,0.15,0.165,3048218
CMA,20160831,2.29,2.29,2.26,2.27,71227
CMC,20160831,0.013,0.013,0.011,0.011,335800
CMI,20160831,1.02,1.02,1.02,1.02,1700
CMM,20160831,0.15,0.15,0.145,0.145,2046257
CMP,20160831,0.55,0.595,0.55,0.595,370986
CMW,20160831,1.02,1.03,1.02,1.02,6370732
CND,20160831,0.14,0.14,0.14,0.14,12328
CNI,20160831,1.06,1.06,1.06,1.06,2208
CNJ,20160831,0.03,0.031,0.03,0.03,312188
CNQ,20160831,0.024,0.024,0.024,0.024,22000
CNU,20160831,4.18,4.18,4.01,4.1,867102
CNW,20160831,0.027,0.028,0.027,0.027,872685
CNX,20160831,0.014,0.014,0.013,0.014,467790
COE,20160831,0.305,0.31,0.305,0.305,126146
COH,20160831,142.37,142.79,140.08,140.9,227828
COI,20160831,0.075,0.075,0.075,0.075,429120
COO,20160831,0.079,0.079,0.079,0.079,67076
CPU,20160831,9.86,9.91,9.7,9.88,2694913
CQR,20160831,4.29,4.315,4.28,4.28,1978859
CRB,20160831,0.225,0.225,0.215,0.22,378357
CRM,20160831,0.09,0.09,0.09,0.09,12500
CSE,20160831,0.335,0.335,0.335,0.335,802
CSL,20160831,110,110.39,108,108.1,1323363
CSR,20160831,3.65,3.65,3.42,3.45,6766619
CSS,20160831,0.047,0.047,0.046,0.047,650252
CSV,20160831,1.3,1.305,1.25,1.25,852290
CTD,20160831,17.6,18.1,17.55,17.83,706992
CTE,20160831,0.22,0.22,0.22,0.22,1300000
CTM,20160831,0.016,0.017,0.015,0.017,14720886
CTN,20160831,1.165,1.165,1.145,1.15,87101
CTO,20160831,0.014,0.014,0.013,0.014,1943705
CTP,20160831,0.095,0.096,0.091,0.095,910003
CTX,20160831,34.19,34.535,33.8,33.95,1843639
CUE,20160831,0.064,0.066,0.064,0.064,70000
CUP,20160831,0.81,0.835,0.805,0.805,236311
CUV,20160831,5.18,5.28,5.1,5.25,14905
CV1,20160831,0.13,0.13,0.125,0.125,371000
CVC,20160831,1.6,1.6,1.6,1.6,15000
CVN,20160831,0.105,0.105,0.1,0.102,186400
CVO,20160831,1.41,1.445,1.405,1.44,1237654
CVT,20160831,0.13,0.145,0.13,0.145,934833
CVW,20160831,1.08,1.09,1.075,1.09,20085
CWE,20160831,0.03,0.03,0.029,0.03,1679151
CWN,20160831,13.25,13.34,13.04,13.13,1527035
CWP,20160831,5.07,5.18,5.06,5.06,65723
CWY,20160831,1.125,1.135,1.12,1.13,12562937
CXO,20160831,0.034,0.034,0.033,0.034,1884992
CXU,20160831,0.065,0.065,0.065,0.065,100000
CXX,20160831,0.285,0.285,0.285,0.285,42419
CXZ,20160831,0.11,0.11,0.11,0.11,5000
CYA,20160831,0.85,0.865,0.85,0.865,5501
CYB,20160831,4.68,4.71,4.62,4.66,1944283
CYC,20160831,1.18,1.18,1.08,1.1,25340
CYG,20160831,1.06,1.07,1.04,1.05,63285
CYL,20160831,0.52,0.52,0.52,0.52,5175
CYP,20160831,0.36,0.37,0.36,0.37,34740
CZI,20160831,0.045,0.048,0.043,0.048,220509
CZL,20160831,0.041,0.041,0.039,0.04,503455
CZN,20160831,0.012,0.012,0.012,0.012,3567297
CZZ,20160831,18.9,19.22,18.68,19.22,18319
D13,20160831,0.105,0.12,0.105,0.12,2509043
DCC,20160831,0.069,0.069,0.067,0.067,74123
DCG,20160831,0.87,0.885,0.86,0.87,340523
DCN,20160831,3.19,3.35,3.09,3.3,157551
DDR,20160831,1.875,1.89,1.875,1.875,154914
DDT,20160831,0.018,0.018,0.017,0.018,950313
DEG,20160831,0.003,0.003,0.002,0.003,4287500
DFM,20160831,1,1,0.945,0.975,172527
DGO,20160831,0.22,0.22,0.22,0.22,10000
DGR,20160831,0.039,0.039,0.039,0.039,500000
DGX,20160831,0.006,0.006,0.006,0.006,1000000
DHR,20160831,0.008,0.008,0.008,0.008,276723
DJRE,20160831,22.1,22.11,22.05,22.09,22684
DJW,20160831,3.68,3.7,3.63,3.64,111583
DKM,20160831,0.225,0.225,0.225,0.225,87281
DKO,20160831,0.063,0.063,0.06,0.06,1390154
DLC,20160831,0.006,0.006,0.006,0.006,50000
DLE,20160831,0.01,0.01,0.01,0.01,300000
DLX,20160831,6.47,6.48,6.39,6.41,1037818
DMP,20160831,76.89,76.92,75.17,75.69,381328
DNA,20160831,0.48,0.495,0.455,0.465,1620995
DNK,20160831,0.39,0.4,0.39,0.39,130650
DOW,20160831,4.94,4.95,4.83,4.9,2761137
DRG,20160831,0.037,0.037,0.037,0.037,155000
DRM,20160831,0.74,0.78,0.725,0.775,1790948
DRO,20160831,0.21,0.22,0.21,0.22,119232
DRX,20160831,0.014,0.014,0.014,0.014,6937
DSB,20160831,0.125,0.17,0.125,0.17,82000
DSX,20160831,0.056,0.056,0.055,0.055,18333
DTI,20160831,0.415,0.415,0.395,0.41,221155
DTL,20160831,1.545,1.545,1.5,1.515,154943
DTM,20160831,0.016,0.016,0.016,0.016,987500
DTX,20160831,0.29,0.29,0.28,0.28,4088
DUB,20160831,0.475,0.48,0.45,0.48,170442
DUE,20160831,2.66,2.66,2.62,2.63,13195132
DUI,20160831,3.47,3.49,3.44,3.49,44131
DVA,20160831,0.78,0.802,0.78,0.795,94997
DVI,20160831,0.015,0.015,0.014,0.015,403930
DVL,20160831,0.4,0.4,0.4,0.4,100000
DVN,20160831,0.485,0.485,0.485,0.485,3
DWS,20160831,1.42,1.435,1.41,1.425,143788
DXB,20160831,0.011,0.011,0.011,0.011,1250000
DXF,20160831,0.655,0.665,0.655,0.66,84324
DXS,20160831,9.81,9.885,9.64,9.72,4361800
DYE,20160831,0.19,0.19,0.185,0.185,374245
DYL,20160831,0.004,0.004,0.003,0.004,1841785
EAI,20160831,0.825,0.835,0.81,0.81,167518
EAL,20160831,0.115,0.115,0.11,0.11,68745
EAR,20160831,0.23,0.23,0.23,0.23,54830
EAS,20160831,1.5,1.5,1.45,1.45,34000
EAX,20160831,1.36,1.4,1.36,1.36,43168
EBO,20160831,17,17.3,17,17.3,1438
ECG,20160831,0.265,0.265,0.21,0.26,289671
ECX,20160831,3.82,3.83,3.75,3.8,890677
EDE,20160831,0.205,0.215,0.2,0.2,1821296
EEG,20160831,0.018,0.018,0.018,0.018,32779
EER,20160831,0.005,0.005,0.005,0.005,200726
EGG,20160831,1.19,1.19,1.19,1.19,24000
EGH,20160831,0.78,0.79,0.77,0.77,716329
EGI,20160831,0.995,0.995,0.99,0.995,60495
EGO,20160831,0.355,0.355,0.355,0.355,16625
EGS,20160831,0.44,0.44,0.395,0.41,619696
EHE,20160831,3.45,3.66,3.33,3.44,11645544
EHL,20160831,0.072,0.072,0.052,0.06,5368462
ELD,20160831,3.69,3.7,3.63,3.67,126443
ELK,20160831,0.078,0.078,0.078,0.078,1344856
ELX,20160831,1.105,1.105,1.04,1.07,78585
EMC,20160831,0.775,0.8,0.76,0.8,1211231
EMF,20160831,1.83,1.83,1.83,1.83,31656
EMG,20160831,0.011,0.011,0.01,0.01,240244
EMH,20160831,0.35,0.365,0.345,0.345,44583
EML,20160831,1.7,1.705,1.622,1.66,375418
EMR,20160831,0.053,0.053,0.05,0.05,750189
EMX,20160831,0.049,0.049,0.048,0.048,116062
ENA,20160831,0.2,0.2,0.2,0.2,25000
ENC,20160831,0.22,0.22,0.22,0.22,15000
ENN,20160831,2.28,2.28,2.17,2.21,31036
ENR,20160831,0.12,0.12,0.12,0.12,25000
ENT,20160831,0.018,0.019,0.018,0.019,16291
ENZ,20160831,0.13,0.13,0.125,0.125,4400
EOS,20160831,1.315,1.33,1.27,1.295,58952
EPA,20160831,0.003,0.004,0.002,0.002,2076505
EPD,20160831,0.45,0.455,0.445,0.445,396544
EPM,20160831,0.007,0.007,0.007,0.007,574008
EPW,20160831,1.05,1.055,1.02,1.02,765544
EQT,20160831,18.3,18.89,18.25,18.8,7620
EQX,20160831,0.34,0.34,0.34,0.34,9450
ERA,20160831,0.335,0.345,0.33,0.345,62601
ERJ,20160831,0.013,0.013,0.013,0.013,492949
ERL,20160831,0.038,0.038,0.035,0.036,1772865
ERM,20160831,0.115,0.125,0.115,0.12,823520
ERX,20160831,0.12,0.12,0.12,0.12,30000
ESI,20160831,0.014,0.015,0.014,0.014,7756668
ETF,20160831,20.68,20.68,20.68,20.68,1007
ETPMAG,20160831,23.92,24.07,23.81,24.07,1913
ETPMPD,20160831,88.2,88.2,88.2,88.2,0
ETPMPM,20160831,128.83,128.83,128.83,128.83,40
ETPMPT,20160831,141.87,141.87,141.87,141.87,0
EVE,20160831,0.009,0.009,0.009,0.009,911480
EVN,20160831,2.25,2.25,2.14,2.18,11170068
EVT,20160831,15.06,15.12,15.01,15.06,97250
EWC,20160831,0.28,0.28,0.255,0.26,848433
EXC,20160831,0.09,0.09,0.087,0.087,616181
EXG,20160831,0.05,0.05,0.05,0.05,278792
EXR,20160831,0.022,0.023,0.022,0.023,242999
EXU,20160831,0.099,0.099,0.09,0.09,1241630
EZL,20160831,0.95,0.975,0.95,0.95,175614
FAN,20160831,3.1,3.12,3.1,3.1,261387
FAR,20160831,0.074,0.075,0.072,0.073,5882716
FBR,20160831,0.05,0.057,0.048,0.05,19023035
FBU,20160831,10.1,10.2,10.07,10.15,1264038
FCG,20160831,0.13,0.13,0.13,0.13,11400
FCT,20160831,0.38,0.38,0.36,0.37,442049
FDV,20160831,0.53,0.53,0.5,0.53,3460283
FET,20160831,2.84,2.87,2.82,2.83,224570
FFT,20160831,0.33,0.33,0.295,0.32,79709
FGG,20160831,1.055,1.07,1.05,1.05,347274
FGR,20160831,0.125,0.125,0.12,0.125,271826
FGX,20160831,1.11,1.117,1.11,1.115,1727473
FLK,20160831,1.01,1.015,1,1.015,92214
FLN,20160831,1.5,1.54,1.495,1.5,76032
FLT,20160831,37.15,37.4,36.73,36.85,500860
FMG,20160831,5.04,5.04,4.89,4.9,24569755
FML,20160831,0.55,0.55,0.55,0.55,12204
FMS,20160831,0.025,0.025,0.025,0.025,4507945
FND,20160831,0.15,0.155,0.15,0.155,290000
FNP,20160831,4.81,5.02,4.76,5,76409
FNT,20160831,0.041,0.047,0.041,0.045,2187298
FOD,20160831,0.14,0.14,0.12,0.14,9625
FPH,20160831,9.53,9.56,9.27,9.29,482877
FRE,20160831,0.001,0.001,0.001,0.001,4000000
FRI,20160831,0.845,0.845,0.84,0.84,51809
FRM,20160831,1.97,2,1.755,1.865,201155
FSA,20160831,1.095,1.11,1.05,1.105,46031
FSF,20160831,5.55,5.68,5.51,5.65,164368
FSI,20160831,1.6,1.6,1.6,1.6,12649
FTT,20160831,0.053,0.053,0.049,0.049,906149
FWD,20160831,1.81,1.81,1.75,1.79,57563
FXJ,20160831,0.985,0.995,0.965,0.985,8729173
FXL,20160831,2.48,2.58,2.47,2.49,2563120
FZO,20160831,0.28,0.3,0.27,0.29,573189
G8C,20160831,0.031,0.031,0.031,0.031,1312865
GAP,20160831,0.39,0.395,0.385,0.39,279909
GBA,20160831,0.028,0.028,0.028,0.028,119940
GBE,20160831,0.022,0.022,0.022,0.022,279998
GBG,20160831,0.017,0.018,0.017,0.018,99400
GBM,20160831,0.013,0.013,0.011,0.011,1152821
GBT,20160831,3.96,4,3.88,3.89,176328
GBZ,20160831,0.016,0.016,0.014,0.014,890800
GC1,20160831,1.005,1.005,0.99,0.99,132514
GCN,20160831,0.007,0.007,0.007,0.007,542687
GCS,20160831,0.43,0.43,0.42,0.43,7137
GCY,20160831,0.6,0.6,0.53,0.545,462552
GDF,20160831,1.05,1.05,1.045,1.045,111106
GDI,20160831,0.98,1,0.98,1,430751
GDX,20160831,35.02,35.02,34.38,34.7,17161
GDY,20160831,0.016,0.016,0.015,0.015,121444
GEAR,20160831,19.41,19.41,18.95,19.05,38440
GED,20160831,0.013,0.013,0.013,0.013,25910
GEG,20160831,1.38,1.38,1.36,1.36,36245
GEM,20160831,3.12,3.13,3.07,3.09,2822074
GFI,20160831,0.29,0.295,0.29,0.295,22000
GFY,20160831,0.91,0.91,0.86,0.885,322442
GGE,20160831,0.005,0.005,0.005,0.005,780
GGG,20160831,0.046,0.046,0.041,0.044,2991298
GGL,20160831,0.035,0.035,0.035,0.035,347400
GGUS,20160831,10.2,10.2,10.2,10.2,0
GHC,20160831,2.1,2.13,2.07,2.09,325541
GJT,20160831,2.66,2.68,2.65,2.67,243676
GLB,20160831,1,1,1,1,3185
GLH,20160831,0.455,0.455,0.45,0.45,61245
GMA,20160831,2.94,2.95,2.88,2.92,994008
GMC,20160831,0.018,0.018,0.016,0.017,14684668
GMD,20160831,0.025,0.025,0.024,0.024,325074
GME,20160831,0.029,0.03,0.029,0.03,1050000
GMF,20160831,2.5,2.5,2.48,2.48,147745
GMG,20160831,7.67,7.72,7.565,7.59,5045392
GMN,20160831,0.16,0.165,0.115,0.165,2187801
GMR,20160831,0.011,0.012,0.01,0.011,1301658
GNC,20160831,8.27,8.31,8.18,8.22,461531
GNE,20160831,2.14,2.19,2.14,2.17,59693
GNG,20160831,1.375,1.375,1.305,1.32,66276
GNX,20160831,0.16,0.16,0.155,0.155,210065
GOLD,20160831,166.12,166.85,165.9,166.46,4221
GOR,20160831,0.585,0.62,0.582,0.6,1516082
GOVT,20160831,26.79,26.8,26.79,26.8,311
GOW,20160831,3.56,3.59,3.56,3.57,374
GOZ,20160831,3.26,3.27,3.2,3.21,520137
GPH,20160831,0.098,0.098,0.096,0.096,497152
GPR,20160831,0.043,0.043,0.042,0.042,525406
GPT,20160831,5.32,5.33,5.29,5.33,5327288
GPX,20160831,0.39,0.4,0.38,0.4,85846
GRA,20160831,0.69,0.69,0.69,0.69,40000
GRB,20160831,0.04,0.047,0.04,0.04,7164967
GRR,20160831,0.12,0.12,0.12,0.12,80399
GRY,20160831,0.185,0.187,0.185,0.185,828955
GSC,20160831,0.058,0.062,0.057,0.06,2363729
GTE,20160831,0.015,0.015,0.015,0.015,274367
GTG,20160831,0.017,0.017,0.016,0.016,2701532
GTK,20160831,3.14,3.14,3.11,3.11,19000
GTN,20160831,2.35,2.51,2.35,2.49,1681025
GTY,20160831,2.28,2.39,2.28,2.34,12997321
GUD,20160831,9.94,10.05,9.93,10.04,304559
GVF,20160831,1.085,1.09,1.085,1.085,153589
GWA,20160831,2.92,2.98,2.84,2.96,785111
GWR,20160831,0.037,0.037,0.037,0.037,7812
GXL,20160831,6.5,6.54,6.39,6.46,371212
GXY,20160831,0.39,0.4,0.375,0.4,9059569
GZL,20160831,2.39,2.4,2.39,2.4,7250
HAO,20160831,0.125,0.125,0.125,0.125,3694
HAS,20160831,0.089,0.089,0.089,0.089,40000
HAV,20160831,0.78,0.81,0.77,0.77,305915
HAW,20160831,0.048,0.048,0.048,0.048,15000
HCH,20160831,0.042,0.047,0.042,0.045,2060102
HCT,20160831,0.155,0.155,0.145,0.145,260000
HEG,20160831,0.002,0.002,0.002,0.002,1839367
HFA,20160831,2.38,2.42,2.375,2.39,98502
HFR,20160831,1.335,1.37,1.325,1.365,254404
HGG,20160831,4.19,4.21,4.13,4.16,2696727
HHL,20160831,4.28,4.3,4.26,4.3,7242
HHV,20160831,1.46,1.46,1.44,1.44,306045
HHY,20160831,0.12,0.12,0.12,0.12,57534
HIG,20160831,0.064,0.064,0.064,0.064,80000
HIL,20160831,0.335,0.345,0.33,0.345,136743
HIT,20160831,0.58,0.59,0.58,0.58,26862
HLO,20160831,4.3,4.3,4.26,4.3,114028
HLX,20160831,0.085,0.089,0.082,0.089,200188
HMX,20160831,0.08,0.08,0.077,0.077,595002
HNG,20160831,0.46,0.46,0.46,0.46,491
HNR,20160831,0.018,0.018,0.015,0.015,4057796
HOR,20160831,0.017,0.017,0.014,0.015,538550
HPI,20160831,3.18,3.19,3.12,3.12,45170
HRL,20160831,0.135,0.145,0.135,0.145,166666
HRR,20160831,0.155,0.155,0.155,0.155,109931
HSN,20160831,4.61,4.65,4.52,4.55,1140743
HSO,20160831,3.06,3.09,3.04,3.06,5796504
HTA,20160831,0.078,0.078,0.078,0.078,6788
HUB,20160831,4.97,5,4.8,4.98,121579
HUO,20160831,3.14,3.2,3.14,3.15,92743
HVN,20160831,5.24,5.58,5.23,5.38,6954513
HVST,20160831,21.09,21.09,20.84,20.9,93803
HXG,20160831,0.125,0.135,0.125,0.13,974020
HZN,20160831,0.044,0.045,0.044,0.045,650977
HZR,20160831,0.655,0.655,0.615,0.645,123571
IAA,20160831,65.09,65.09,64.4,64.49,6224
IAF,20160831,109.25,109.54,109.25,109.41,17940
IAG,20160831,5.57,5.62,5.54,5.56,6289719
IBG,20160831,0.073,0.073,0.07,0.071,931533
IBK,20160831,44.53,44.53,44.53,44.53,200
ICG,20160831,0.005,0.005,0.004,0.005,12543000
ICN,20160831,0.029,0.029,0.028,0.029,436924
ICU,20160831,0.1,0.105,0.1,0.105,93359
IDA,20160831,0.135,0.135,0.13,0.135,31609
IDR,20160831,2.19,2.19,2.14,2.14,113976
IDT,20160831,0.22,0.225,0.22,0.225,192323
IDX,20160831,1.67,1.675,1.6,1.63,114878
IDZ,20160831,0.39,0.39,0.38,0.39,32469
IEL,20160831,4.42,4.77,4.42,4.74,171190
IEM,20160831,49.24,49.3,48.96,48.97,22849
IEU,20160831,52.1,52.25,52.03,52.08,25219
IFL,20160831,8.82,8.95,8.77,8.91,756008
IFM,20160831,0.69,0.7,0.67,0.685,371928
IFN,20160831,0.87,0.895,0.87,0.885,2661458
IGB,20160831,107.85,107.93,107.85,107.93,681
IGL,20160831,2.27,2.27,2.19,2.2,394838
IGO,20160831,3.62,3.71,3.5,3.67,3695062
IHCB,20160831,108.92,108.92,108.8,108.86,2897
IHD,20160831,13.43,13.43,13.29,13.29,8893
IHEB,20160831,109.3,109.3,109.28,109.28,472
IHHY,20160831,105.28,105.28,105.28,105.28,0
IHK,20160831,28,28.05,27.87,27.9,4669
IHOO,20160831,99.15,99.32,98.67,99.32,1384
IHS,20160831,0.038,0.038,0.038,0.038,61200
IHVV,20160831,274.5,274.66,274.17,274.66,879
IIL,20160831,0.42,0.42,0.405,0.405,86794
IJH,20160831,208.25,209.29,208.25,209.21,636
IJP,20160831,16.3,16.42,16.28,16.37,133393
IJR,20160831,165.23,165.99,165.16,165.97,94
IKO,20160831,75.36,75.56,75.36,75.37,705
IKW,20160831,0.007,0.007,0.006,0.006,416020
ILB,20160831,117.89,118.35,116.95,116.95,16588
ILC,20160831,22.35,22.35,22,22.07,15419
ILU,20160831,6.52,6.65,6.46,6.58,3258053
IMA,20160831,0.065,0.065,0.065,0.065,185000
IMC,20160831,0.275,0.275,0.27,0.275,95901
IMD,20160831,0.65,0.652,0.63,0.65,172224
IMF,20160831,1.71,1.73,1.705,1.72,361230
IMU,20160831,0.009,0.009,0.008,0.008,5807260
INA,20160831,2.86,2.92,2.84,2.89,127397
INK,20160831,0.069,0.07,0.069,0.07,50000
INM,20160831,50.26,50.92,50.26,50.8,93386
INV,20160831,0.35,0.36,0.35,0.36,630000
IOD,20160831,0.022,0.025,0.022,0.025,187000
IOF,20160831,4.55,4.6,4.52,4.56,3249914
IOG,20160831,0.04,0.04,0.038,0.038,32600
IOO,20160831,99.56,99.8,99.48,99.61,15014
IOT,20160831,0.032,0.036,0.027,0.028,60050615
IOZ,20160831,22.64,22.64,22.42,22.53,168067
IPD,20160831,1.59,1.6,1.515,1.54,521544
IPE,20160831,0.23,0.23,0.225,0.23,165675
IPH,20160831,5.61,5.64,5.4,5.52,819034
IPL,20160831,2.85,2.89,2.83,2.85,9333748
IPT,20160831,0.031,0.034,0.031,0.032,5319256
IQE,20160831,0.3,0.3,0.3,0.3,95638
IRE,20160831,12.09,12.27,12,12.21,484708
IRI,20160831,2.48,2.48,2.37,2.39,68682
IRM,20160831,0.04,0.04,0.04,0.04,383000
IRU,20160831,164.76,164.76,164.64,164.64,825
ISD,20160831,3.69,3.82,3.69,3.81,1739882
ISG,20160831,14.18,14.18,14.18,14.18,18
ISO,20160831,4.43,4.43,4.37,4.38,70379
ISU,20160831,1.5,1.56,1.405,1.445,582088
ISX,20160831,0.175,0.18,0.175,0.175,164791
ITD,20160831,0.2,0.205,0.2,0.205,195864
ITQ,20160831,6.96,6.98,6.96,6.98,5561
ITW,20160831,20.17,20.22,20.11,20.21,2497
IVC,20160831,13.45,13.48,13.37,13.45,335350
IVE,20160831,77.66,77.9,77.57,77.67,26054
IVO,20160831,0.024,0.024,0.024,0.024,1594593
IVR,20160831,0.034,0.034,0.034,0.034,146000
IVV,20160831,291.26,291.7,290.91,291.57,8543
IWG,20160831,0.04,0.044,0.04,0.044,1578660
IXI,20160831,132,132.25,131.71,132.2,1638
IXJ,20160831,134.69,135.38,134.66,135.24,5307
IXP,20160831,82.84,82.84,82.84,82.84,603
IZZ,20160831,49.62,49.66,49.46,49.61,12148
JAL,20160831,0.037,0.037,0.037,0.037,30000
JBH,20160831,29.87,30.17,29.53,29.69,549833
JCS,20160831,0.025,0.025,0.023,0.023,4559030
JHC,20160831,2.15,2.18,2.09,2.15,3366803
JHL,20160831,0.081,0.081,0.08,0.08,312500
JHX,20160831,22.23,22.32,21.62,21.69,1494075
JIN,20160831,1.88,1.89,1.82,1.82,17491
JKL,20160831,0.225,0.23,0.225,0.225,314647
JRL,20160831,0.27,0.27,0.27,0.27,2000
JYC,20160831,1.49,1.49,1.49,1.49,750
KAI,20160831,0.044,0.045,0.041,0.041,1553498
KAM,20160831,0.38,0.39,0.375,0.38,165199
KAR,20160831,1.34,1.34,1.292,1.32,512253
KBC,20160831,0.145,0.145,0.145,0.145,39790
KBL,20160831,0.002,0.002,0.002,0.002,9483332
KDR,20160831,0.315,0.315,0.295,0.305,2825778
KFE,20160831,0.019,0.02,0.019,0.02,1500000
KGL,20160831,0.22,0.235,0.22,0.235,422311
KGN,20160831,1.705,1.72,1.705,1.715,43748
KII,20160831,2.33,2.33,2.33,2.33,59936
KIN,20160831,0.225,0.225,0.21,0.225,104687
KKL,20160831,0.008,0.008,0.008,0.008,1319742
KKT,20160831,0.525,0.525,0.525,0.525,2898
KLO,20160831,0.19,0.19,0.19,0.19,330000
KMD,20160831,1.9,1.9,1.83,1.84,153995
KNL,20160831,0.225,0.225,0.22,0.22,790390
KNM,20160831,0.01,0.011,0.01,0.011,18281
KNO,20160831,0.25,0.26,0.25,0.255,84339
KOR,20160831,0.026,0.026,0.025,0.025,920350
KPL,20160831,0.12,0.12,0.12,0.12,4959
KPO,20160831,0.07,0.07,0.064,0.07,408220
KRC,20160831,0.02,0.02,0.018,0.018,1082776
KRL,20160831,0.004,0.004,0.004,0.004,348441
KRM,20160831,0.13,0.13,0.125,0.125,322394
KSC,20160831,1.295,1.295,1.295,1.295,18965
KSL,20160831,1.02,1.08,1.02,1.08,320328
KSN,20160831,0.013,0.013,0.013,0.013,192000
KTA,20160831,0.2,0.2,0.2,0.2,20000
KTE,20160831,0.03,0.03,0.03,0.03,50000
LAA,20160831,0.21,0.217,0.205,0.205,344661
LAU,20160831,0.475,0.475,0.465,0.475,74580
LBL,20160831,0.105,0.105,0.105,0.105,18570
LBT,20160831,0.185,0.205,0.185,0.185,383438
LCK,20160831,0.135,0.14,0.13,0.13,99393
LCM,20160831,0.425,0.43,0.405,0.405,54000
LCT,20160831,0.09,0.09,0.088,0.088,274220
LCY,20160831,0.007,0.007,0.007,0.007,68264
LEG,20160831,0.011,0.011,0.011,0.011,300000
LEP,20160831,4.46,4.46,4.41,4.42,10440
LER,20160831,0.14,0.155,0.14,0.15,141521
LGD,20160831,0.23,0.23,0.23,0.23,3500
LHC,20160831,2.13,2.14,2,2.12,69725
LIC,20160831,3.3,3.35,3.27,3.35,37384
LIT,20160831,0.21,0.215,0.205,0.21,922355
LKO,20160831,0.001,0.001,0.001,0.001,85930479
LLC,20160831,13.78,13.85,13.6,13.82,3051451
LLO,20160831,0.95,0.95,0.925,0.925,10526
LMG,20160831,0.03,0.031,0.03,0.031,310000
LNG,20160831,0.57,0.572,0.54,0.54,2390509
LNK,20160831,8.5,8.54,8.4,8.43,819571
LNU,20160831,0.068,0.07,0.068,0.07,686288
LNY,20160831,0.004,0.004,0.004,0.004,500000
LOM,20160831,0.355,0.355,0.335,0.34,1176281
LOV,20160831,2.93,3.09,2.92,3.05,67522
LPE,20160831,0.03,0.03,0.029,0.03,1754072
LRS,20160831,0.01,0.01,0.01,0.01,6705449
LSR,20160831,0.011,0.012,0.011,0.012,3694546
LTN,20160831,0.11,0.11,0.11,0.11,15318
LTR,20160831,0.015,0.015,0.015,0.015,482325
LVH,20160831,0.18,0.185,0.18,0.185,32700
LVT,20160831,0.175,0.185,0.175,0.185,235344
LWP,20160831,0.003,0.003,0.003,0.003,670000
LYC,20160831,0.064,0.064,0.062,0.062,3626713
LYL,20160831,3.01,3.01,3,3,1060
M7T,20160831,0.047,0.051,0.046,0.046,1702096
MA1,20160831,0.945,0.945,0.94,0.945,30337
MAD,20160831,0.076,0.076,0.074,0.075,56111
MAH,20160831,0.12,0.12,0.115,0.115,1110973
MAI,20160831,0.765,0.765,0.765,0.765,399377
MAQ,20160831,11.51,12.15,11.51,12.15,7645
MAR,20160831,0.003,0.003,0.003,0.003,911811
MAT,20160831,0.245,0.25,0.245,0.25,37413
MAU,20160831,0.078,0.08,0.078,0.08,52109
MBE,20160831,0.315,0.33,0.315,0.32,816650
MBK,20160831,0.035,0.036,0.032,0.034,937321
MBT,20160831,0.037,0.037,0.037,0.037,2139
MCE,20160831,0.43,0.46,0.43,0.46,89427
MCP,20160831,1.12,1.14,1.12,1.14,136722
MCR,20160831,0.34,0.36,0.33,0.335,244872
MCT,20160831,0.06,0.06,0.055,0.055,1235996
MCY,20160831,3.01,3.05,3.01,3.05,27093
MDC,20160831,0.375,0.375,0.365,0.375,26273
MDI,20160831,0.075,0.075,0.073,0.073,677518
MDL,20160831,0.415,0.415,0.38,0.39,143378
MDR,20160831,0.04,0.045,0.039,0.041,11703486
MEA,20160831,1.18,1.195,1.18,1.19,119527
MEB,20160831,0.36,0.36,0.355,0.36,57429
MED,20160831,0.02,0.02,0.02,0.02,3483
MEL,20160831,0.062,0.063,0.062,0.063,391497
MEM,20160831,0.007,0.007,0.007,0.007,72000
MEO,20160831,0.035,0.036,0.034,0.035,1399468
MEP,20160831,0.079,0.079,0.079,0.079,8
MEZ,20160831,2.78,2.8,2.77,2.8,960
MFF,20160831,1.79,1.825,1.79,1.79,432408
MFG,20160831,23.89,24.04,23.51,23.62,313835
MGC,20160831,1.43,1.43,1.375,1.375,422672
MGE,20160831,2.56,2.57,2.54,2.54,511753
MGL,20160831,0.042,0.042,0.042,0.042,160429
MGR,20160831,2.31,2.33,2.29,2.32,17889712
MGT,20160831,0.052,0.052,0.052,0.052,5526
MGV,20160831,0.069,0.069,0.069,0.069,45268
MGX,20160831,0.285,0.29,0.28,0.285,467859
MHG,20160831,2.48,2.48,2.48,2.48,8059
MHI,20160831,0.18,0.18,0.18,0.18,23582
MHJ,20160831,1.62,1.73,1.62,1.69,1547010
MIG,20160831,0.3,0.3,0.28,0.28,62507
MIL,20160831,1.13,1.15,1.13,1.15,3556
MIN,20160831,11.19,11.67,11.085,11.34,2856714
MIR,20160831,2.85,2.85,2.76,2.76,73383
MJP,20160831,0.45,0.46,0.445,0.46,78282
MKB,20160831,0.003,0.003,0.002,0.002,308259
MKO,20160831,0.062,0.062,0.057,0.059,1287410
MLA,20160831,0.053,0.054,0.053,0.054,300000
MLB,20160831,1.88,1.925,1.875,1.89,152842
MLD,20160831,1.71,1.79,1.707,1.755,2398031
MLM,20160831,0.037,0.037,0.037,0.037,178846
MLT,20160831,4.26,4.27,4.23,4.23,117131
MLX,20160831,1.56,1.56,1.455,1.515,6235249
MMI,20160831,0.125,0.125,0.125,0.125,66021
MMJ,20160831,0.25,0.25,0.245,0.245,143137
MML,20160831,0.65,0.65,0.61,0.65,692865
MMR,20160831,0.03,0.03,0.03,0.03,174000
MMS,20160831,12.03,12.09,11.83,12,522913
MNB,20160831,0.005,0.005,0.005,0.005,1701300
MNC,20160831,0.003,0.003,0.003,0.003,2500000
MND,20160831,8.8,8.84,8.62,8.65,608298
MNF,20160831,4.35,4.38,4.32,4.35,36843
MNM,20160831,0.014,0.015,0.014,0.014,2693096
MNS,20160831,0.8,0.85,0.78,0.805,5021506
MNW,20160831,0.081,0.087,0.079,0.08,693392
MNY,20160831,1.595,1.6,1.455,1.47,919622
MOAT,20160831,46.27,46.27,46.14,46.14,1814
MOC,20160831,2.32,2.32,2.18,2.21,325561
MOD,20160831,0.056,0.056,0.05,0.05,4124384
MOQ,20160831,0.25,0.26,0.25,0.26,75000
MOX,20160831,0.02,0.02,0.014,0.014,24847967
MOY,20160831,0.31,0.32,0.295,0.31,3295601
MP1,20160831,2.4,2.48,2.35,2.42,230136
MPL,20160831,2.74,2.74,2.68,2.69,10811790
MPO,20160831,0.12,0.12,0.12,0.12,63700
MQA,20160831,5.76,5.77,5.48,5.54,2463463
MQG,20160831,80.87,81.25,79.45,80.7,1270887
MRC,20160831,0.135,0.135,0.135,0.135,185000
MRD,20160831,0.012,0.012,0.009,0.012,17539832
MRM,20160831,0.335,0.34,0.332,0.34,76733
MRP,20160831,0.096,0.096,0.095,0.095,165773
MRQ,20160831,0.017,0.017,0.017,0.017,827466
MRV,20160831,0.004,0.004,0.003,0.003,1200000
MSB,20160831,1.39,1.405,1.325,1.34,825461
MSG,20160831,0.047,0.047,0.045,0.047,1013089
MSM,20160831,0.3,0.32,0.295,0.31,642075
MSP,20160831,0.027,0.027,0.027,0.027,19429
MSR,20160831,0.005,0.005,0.004,0.004,194479816
MSV,20160831,0.029,0.029,0.028,0.028,1105055
MTA,20160831,0.05,0.05,0.05,0.05,600000
MTB,20160831,0.017,0.017,0.017,0.017,107143
MTL,20160831,0.035,0.04,0.03,0.035,1107453
MTM,20160831,0.255,0.255,0.255,0.255,15000
MTO,20160831,3.8,3.95,3.72,3.76,233366
MTR,20160831,2.94,3.03,2.87,3.01,3889489
MTS,20160831,2.23,2.24,2.12,2.19,4636187
MUA,20160831,1.055,1.08,1.05,1.05,20366
MUS,20160831,0.035,0.037,0.034,0.034,1570107
MVA,20160831,21.69,21.69,21.61,21.62,7719
MVB,20160831,24.78,24.92,24.78,24.92,10880
MVE,20160831,7.86,7.89,7.86,7.89,1803
MVF,20160831,2.32,2.375,2.32,2.35,1382357
MVP,20160831,5.2,5.25,5.17,5.2,46499
MVR,20160831,18,18,17.81,17.81,2996
MVS,20160831,18.02,18.11,18.02,18.11,2564
MVT,20160831,0.15,0.155,0.15,0.155,92644
MVW,20160831,24.64,24.65,24.54,24.64,13109
MWR,20160831,0.69,0.71,0.69,0.71,6786
MX1,20160831,0.395,0.395,0.395,0.395,4100
MXC,20160831,0.041,0.041,0.04,0.04,409724
MXI,20160831,0.61,0.63,0.61,0.61,188365
MXR,20160831,0.003,0.003,0.003,0.003,11400000
MYE,20160831,0.175,0.175,0.175,0.175,1340
MYO,20160831,3.65,3.68,3.61,3.64,2062698
MYR,20160831,1.35,1.37,1.34,1.365,2446583
MYS,20160831,4.25,4.31,4.2,4.3,210454
MYX,20160831,1.915,1.925,1.78,1.85,13016033
MZI,20160831,0.36,0.36,0.35,0.35,176512
MZM,20160831,0.18,0.18,0.18,0.18,10000
MZN,20160831,0.012,0.012,0.012,0.012,650969
N1H,20160831,0.21,0.21,0.21,0.21,19000
NAB,20160831,27.4,27.48,27.17,27.34,8047870
NAC,20160831,1.06,1.065,1.055,1.06,121000
NAG,20160831,0.12,0.12,0.115,0.115,443759
NAM,20160831,0.405,0.405,0.405,0.405,16000
NAN,20160831,3.06,3.135,3.05,3.12,704974
NBL,20160831,1.315,1.315,1.29,1.29,32000
NCC,20160831,1.175,1.185,1.17,1.17,64500
NCK,20160831,5.83,5.93,5.81,5.88,14485
NCM,20160831,22.37,22.52,21.8,22.19,4296264
NDQ,20160831,11.02,11.04,10.99,11.03,15717
NEA,20160831,0.56,0.575,0.54,0.56,1524251
NEC,20160831,1.015,1.02,1,1,1937605
NEN,20160831,0.25,0.25,0.25,0.25,4539
NEU,20160831,0.049,0.049,0.041,0.044,3111380
NHC,20160831,1.545,1.595,1.52,1.52,332565
NHF,20160831,4.48,4.52,4.44,4.46,271000
NHH,20160831,1.59,1.65,1.59,1.65,4840
NIU,20160831,0.004,0.004,0.004,0.004,3300000
NKP,20160831,0.055,0.055,0.055,0.055,204000
NMI,20160831,0.009,0.009,0.009,0.009,526631
NML,20160831,0.031,0.031,0.03,0.03,65000
NMM,20160831,0.13,0.13,0.13,0.13,110000
NMT,20160831,0.37,0.37,0.335,0.355,1291800
NNW,20160831,0.11,0.12,0.105,0.105,288779
NOR,20160831,0.021,0.022,0.02,0.022,2359020
NOX,20160831,0.18,0.18,0.165,0.18,759316
NRT,20160831,0.105,0.105,0.1,0.1,416976
NSL,20160831,0.02,0.02,0.02,0.02,1678942
NSR,20160831,1.63,1.655,1.62,1.655,2011465
NST,20160831,4,4.06,3.94,4.05,5838451
NTC,20160831,2.81,2.88,2.79,2.86,276711
NTL,20160831,0.005,0.005,0.005,0.005,2000000
NTM,20160831,0.054,0.054,0.053,0.053,557614
NTU,20160831,0.084,0.084,0.082,0.082,267712
NUF,20160831,8.45,8.59,8.33,8.43,466469
NUH,20160831,0.052,0.052,0.048,0.048,1114658
NVL,20160831,1.7,1.74,1.625,1.73,284067
NVO,20160831,0.1,0.1,0.099,0.099,271666
NVT,20160831,5.2,5.26,5.17,5.2,1858411
NWH,20160831,0.6,0.6,0.577,0.58,529223
NWS,20160831,18.95,19.03,18.86,18.91,131898
NWZ,20160831,0.008,0.008,0.008,0.008,566168
NXM,20160831,0.21,0.215,0.21,0.215,150000
NXT,20160831,4.05,4.07,3.97,3.99,674337
NZM,20160831,0.76,0.775,0.755,0.76,347117
OBJ,20160831,0.091,0.091,0.087,0.088,1384119
OBL,20160831,0.007,0.007,0.007,0.007,100000
OCC,20160831,0.35,0.37,0.35,0.35,28242
OCL,20160831,1.9,1.9,1.9,1.9,10000
OCP,20160831,1.75,1.75,1.75,1.75,10000
OEC,20160831,0.87,0.89,0.87,0.89,174969
OEL,20160831,0.048,0.048,0.047,0.047,178216
OEX,20160831,0.008,0.008,0.008,0.008,573465
OFX,20160831,2.45,2.45,2.41,2.42,662573
OGC,20160831,4.35,4.35,4.23,4.27,840807
OGX,20160831,0.21,0.215,0.2,0.21,522633
OHE,20160831,4.05,4.05,4,4,30388
OKJ,20160831,0.08,0.08,0.08,0.08,200000
OKU,20160831,0.155,0.155,0.145,0.145,876853
OLV,20160831,0.06,0.06,0.06,0.06,5925
OML,20160831,4.73,4.79,4.65,4.71,395508
OMT,20160831,0.018,0.018,0.018,0.018,94000
ONE,20160831,6.1,6.43,6.1,6.43,9088
ONT,20160831,7.2,7.23,7.2,7.23,2146
OOK,20160831,0.025,0.025,0.025,0.025,375000
OOO,20160831,14.78,14.81,14.75,14.81,11941
OPG,20160831,0.51,0.53,0.5,0.5,16054
OPT,20160831,0.53,0.53,0.53,0.53,40000
ORA,20160831,3.14,3.14,3.05,3.1,3920946
ORE,20160831,3.97,4.04,3.83,3.84,921226
ORG,20160831,5.2,5.28,5.04,5.26,8396776
ORI,20160831,14.56,14.855,14.38,14.76,1506076
ORL,20160831,2.24,2.24,2.23,2.23,900
ORR,20160831,0.525,0.525,0.475,0.5,175486
OSH,20160831,6.86,6.88,6.7,6.72,5588062
OSL,20160831,0.135,0.14,0.13,0.135,706232
OSP,20160831,0.36,0.385,0.36,0.36,131970
OTC,20160831,0.32,0.32,0.31,0.315,999913
OTH,20160831,0.825,0.825,0.825,0.825,15000
OTI,20160831,0.006,0.006,0.006,0.006,100000
OTW,20160831,2.7,2.74,2.7,2.74,9163
OVH,20160831,0.695,0.71,0.67,0.705,367032
OVL,20160831,0.016,0.016,0.015,0.015,532000
OVN,20160831,0.69,0.69,0.67,0.68,141000
OZF,20160831,19.07,19.07,18.93,19.01,11528
OZG,20160831,0.155,0.155,0.15,0.15,71253
OZL,20160831,6.45,6.46,6.305,6.39,2023579
OZR,20160831,7.25,7.25,7.25,7.25,500
PAA,20160831,0.088,0.088,0.088,0.088,155000
PAB,20160831,0.005,0.005,0.005,0.005,500000
PAC,20160831,4.64,4.64,4,4.2,240562
PAF,20160831,0.925,0.93,0.925,0.93,17735
PAI,20160831,0.94,0.94,0.935,0.94,120708
PAK,20160831,0.13,0.13,0.13,0.13,15584
PAN,20160831,0.21,0.21,0.2,0.21,650184
PAR,20160831,0.44,0.44,0.43,0.43,97000
PBT,20160831,0.11,0.11,0.11,0.11,160000
PCL,20160831,0.004,0.004,0.004,0.004,15000
PDI,20160831,0.011,0.011,0.011,0.011,1209706
PDN,20160831,0.16,0.17,0.155,0.16,18905333
PDZ,20160831,0.19,0.19,0.19,0.19,10535
PEA,20160831,0.6,0.62,0.6,0.62,65433
PEH,20160831,0.1,0.1,0.091,0.091,875596
PEK,20160831,0.058,0.058,0.052,0.052,86420
PEL,20160831,0.011,0.011,0.01,0.01,500000
PEN,20160831,0.62,0.62,0.58,0.6,30151
PEP,20160831,2.7,2.76,2.6,2.6,133688
PEX,20160831,0.17,0.17,0.17,0.17,15000
PFG,20160831,0.135,0.135,0.13,0.13,9065
PGC,20160831,0.8,0.815,0.8,0.815,51542
PGF,20160831,0.86,0.87,0.86,0.86,452192
PGH,20160831,6.19,6.25,6.1,6.15,879669
PGM,20160831,0.13,0.13,0.11,0.12,1814437
PGO,20160831,0.11,0.11,0.1,0.1,1561930
PGR,20160831,0.73,0.755,0.73,0.74,97466
PHG,20160831,0.295,0.3,0.28,0.285,694696
PHK,20160831,0.11,0.115,0.11,0.115,396820
PIC,20160831,0.975,0.975,0.96,0.96,152805
PIL,20160831,0.023,0.023,0.02,0.02,1811477
PIO,20160831,0.026,0.026,0.023,0.024,5365241
PIQ,20160831,0.24,0.24,0.24,0.24,1500
PKO,20160831,0.001,0.001,0.001,0.001,500000
PLG,20160831,0.82,0.82,0.81,0.81,1401608
PLH,20160831,0.195,0.2,0.19,0.2,768757
PLP,20160831,0.014,0.014,0.013,0.013,4351160
PLS,20160831,0.525,0.53,0.517,0.53,3257066
PMC,20160831,1.545,1.58,1.5,1.5,591742
PME,20160831,6.28,6.33,6.25,6.26,75859
PMP,20160831,0.61,0.61,0.59,0.59,44277
PMV,20160831,16.6,16.66,16.27,16.44,223220
PMY,20160831,0.013,0.013,0.012,0.013,1946089
PNC,20160831,1.92,1.99,1.92,1.95,23131
PNI,20160831,1.8,1.87,1.8,1.87,113065
PNL,20160831,0.165,0.165,0.165,0.165,204700
PNR,20160831,0.165,0.165,0.15,0.155,3048718
PNV,20160831,0.27,0.275,0.27,0.27,180881
PNX,20160831,0.018,0.018,0.016,0.017,1413949
POH,20160831,0.021,0.021,0.019,0.019,4653043
POS,20160831,0.052,0.053,0.05,0.051,1493741
POU,20160831,17.27,17.27,17.27,17.27,1000
POW,20160831,0.009,0.009,0.009,0.009,250000
PPC,20160831,1,1.01,0.975,0.995,932124
PPG,20160831,0.5,0.5,0.5,0.5,2000
PPL,20160831,0.52,0.55,0.52,0.55,246251
PPP,20160831,0.032,0.032,0.032,0.032,271853
PPS,20160831,0.41,0.41,0.4,0.4,568527
PPT,20160831,49.33,49.87,48.07,48.68,232310
PPY,20160831,0.007,0.007,0.007,0.007,7500
PRG,20160831,2,2.13,2,2.12,1460637
PRL,20160831,0.012,0.012,0.012,0.012,31660
PRO,20160831,1.1,1.14,1.1,1.115,31350
PRR,20160831,0.039,0.039,0.038,0.038,600185
PRT,20160831,0.25,0.257,0.25,0.255,2126558
PRU,20160831,0.46,0.47,0.455,0.465,4909346
PRY,20160831,4.1,4.11,4.04,4.09,1402843
PSA,20160831,0.185,0.185,0.18,0.185,58250
PSC,20160831,0.05,0.052,0.048,0.051,17181888
PSI,20160831,1.99,2,1.935,1.975,38459
PSM,20160831,0.024,0.024,0.022,0.022,60000
PSQ,20160831,2.32,2.38,2.3,2.38,15769
PSY,20160831,0.093,0.096,0.092,0.092,93513
PSZ,20160831,0.345,0.37,0.345,0.365,94441
PTL,20160831,0.61,0.615,0.61,0.615,3383
PTM,20160831,5.5,5.5,5.33,5.38,2266259
PTX,20160831,0.105,0.105,0.095,0.1,1528731
PUN,20160831,0.05,0.05,0.05,0.05,761441
PVA,20160831,5.13,5.13,5.13,5.13,5000
PVD,20160831,0.038,0.038,0.038,0.038,74801
PWH,20160831,2.96,2.96,2.84,2.91,43414
PWN,20160831,0.029,0.029,0.027,0.028,1166487
PXS,20160831,0.295,0.3,0.295,0.295,30657
PYC,20160831,0.016,0.016,0.016,0.016,255000
PZC,20160831,0.003,0.003,0.003,0.003,125000
QAG,20160831,7.18,7.18,7.17,7.17,2700
QAN,20160831,3.25,3.26,3.23,3.24,8061537
QAU,20160831,13.8,13.85,13.75,13.81,25690
QBE,20160831,9.89,9.97,9.87,9.92,7346819
QCB,20160831,9.05,9.05,8.98,8.98,2289
QFN,20160831,10.55,10.6,10.55,10.6,92597
QHL,20160831,0.11,0.11,0.11,0.11,69848
QIP,20160831,2.45,2.52,2.4,2.5,10291317
QMIX,20160831,15.42,15.42,15.42,15.42,0
QMN,20160831,0.004,0.004,0.004,0.004,784867
QMS,20160831,1.195,1.2,1.185,1.195,645723
QOZ,20160831,11.67,11.7,11.67,11.69,1385
QRE,20160831,3.98,3.98,3.94,3.94,6070
QTG,20160831,0.004,0.004,0.004,0.004,220000
QTM,20160831,0.025,0.025,0.025,0.025,30000
QUAL,20160831,18.98,19.06,18.98,19.05,27467
QUB,20160831,2.55,2.58,2.53,2.54,5986376
QUR,20160831,0.02,0.02,0.02,0.02,1308
QUS,20160831,28.29,28.29,28.26,28.26,2091
QVE,20160831,1.18,1.195,1.18,1.18,146966
RAC,20160831,0.215,0.215,0.215,0.215,141256
RAN,20160831,1.45,1.455,1.4,1.455,193145
RAP,20160831,0.345,0.375,0.345,0.36,6496211
RARI,20160831,23.38,23.38,23.38,23.38,7097
RBL,20160831,1.05,1.05,1.01,1.05,25443
RBX,20160831,0.01,0.01,0.01,0.01,179580
RCB,20160831,20.65,20.68,20.6,20.6,3970
RCG,20160831,1.63,1.74,1.625,1.655,1832435
RCR,20160831,2.53,2.58,2.46,2.51,645366
RCT,20160831,3.58,3.6,3.58,3.58,10677
RCU,20160831,0.061,0.061,0.061,0.061,111679
RDF,20160831,0.26,0.29,0.26,0.29,12000
RDG,20160831,0.03,0.03,0.024,0.025,699268
RDM,20160831,0.105,0.105,0.098,0.098,332061
RDV,20160831,28.6,28.62,28.26,28.36,27062
REA,20160831,58.85,59.34,58.13,58.61,247426
RED,20160831,0.11,0.115,0.105,0.11,1485463
REF,20160831,0.115,0.12,0.11,0.11,691334
REG,20160831,4.62,4.65,4.48,4.58,878059
REH,20160831,46,46,45.08,45.08,1501
RER,20160831,0.013,0.013,0.013,0.013,2900000
RES,20160831,0.096,0.096,0.096,0.096,50000
REV,20160831,0.041,0.041,0.04,0.04,225568
REX,20160831,0.765,0.77,0.765,0.77,23772
REY,20160831,0.014,0.014,0.014,0.014,100000
RFF,20160831,1.635,1.64,1.625,1.63,232643
RFG,20160831,6.76,7.04,6.76,6.87,1295445
RFL,20160831,0.135,0.145,0.125,0.125,636368
RFN,20160831,0.077,0.077,0.077,0.077,40000
RFT,20160831,0.023,0.029,0.023,0.026,2780952
RFX,20160831,0.42,0.42,0.395,0.4,331456
RHC,20160831,81.75,83.2,81.57,82.97,993198
RHL,20160831,2.99,3,2.99,3,3714
RHP,20160831,0.935,0.94,0.92,0.93,149304
RHT,20160831,0.03,0.03,0.03,0.03,200000
RIC,20160831,1.36,1.367,1.32,1.335,220137
RIM,20160831,0.021,0.021,0.021,0.021,70000
RIO,20160831,48.23,48.23,47.16,47.6,3058231
RIS,20160831,0.34,0.34,0.34,0.34,240955
RKN,20160831,1.81,1.82,1.77,1.79,159882
RLE,20160831,0.105,0.105,0.105,0.105,16000
RMD,20160831,8.97,8.99,8.89,8.97,1190293
RMG,20160831,0.01,0.01,0.01,0.01,35285
RMP,20160831,0.019,0.019,0.019,0.019,425869
RMR,20160831,0.002,0.002,0.002,0.002,3259269
RMS,20160831,0.465,0.48,0.462,0.48,2065194
RNI,20160831,0.013,0.013,0.012,0.012,325769
RNL,20160831,0.008,0.009,0.008,0.009,564389
RNO,20160831,0.02,0.02,0.02,0.02,120000
RNS,20160831,0.071,0.071,0.069,0.069,1457346
RNT,20160831,0.096,0.096,0.094,0.095,454411
RNU,20160831,0.036,0.038,0.036,0.037,770531
RRL,20160831,3.68,3.73,3.63,3.7,4342150
RRP,20160831,0.003,0.028,0.003,0.023,78127730
RSG,20160831,1.785,1.815,1.72,1.77,8647636
RSH,20160831,0.055,0.055,0.055,0.055,5010
RSM,20160831,20.95,20.95,20.95,20.95,3580
RTG,20160831,0.62,0.62,0.58,0.59,138955
RUL,20160831,0.49,0.49,0.48,0.48,8000
RVA,20160831,1.24,1.3,1.24,1.3,95976
RVL,20160831,27.65,27.65,27.65,27.65,1356
RVR,20160831,0.19,0.2,0.19,0.19,738294
RVY,20160831,0.025,0.025,0.024,0.024,2015933
RWC,20160831,3.1,3.14,3.08,3.11,7360329
RWD,20160831,0.45,0.45,0.45,0.45,14500
RWH,20160831,1.38,1.395,1.38,1.385,6744
RXH,20160831,0.05,0.053,0.05,0.05,130150
RXL,20160831,0.017,0.017,0.017,0.017,127652
RXM,20160831,0.056,0.057,0.055,0.056,179700
RXP,20160831,0.78,0.81,0.78,0.79,180632
S2R,20160831,0.64,0.66,0.61,0.625,1479495
S32,20160831,1.96,1.967,1.92,1.92,20548977
SAI,20160831,3.43,3.44,3.35,3.41,584034
SAR,20160831,1.36,1.37,1.315,1.32,10448363
SAS,20160831,0.021,0.021,0.019,0.019,2224645
SAU,20160831,0.33,0.33,0.32,0.33,173753
SAY,20160831,0.006,0.006,0.005,0.005,610000
SBB,20160831,0.022,0.023,0.022,0.022,1101126
SBM,20160831,2.92,2.94,2.8,2.83,6144133
SBR,20160831,0.011,0.011,0.011,0.011,20000
SCG,20160831,5,5.025,4.94,4.97,12092530
SCI,20160831,0.034,0.034,0.034,0.034,168312
SCO,20160831,3.69,3.69,3.62,3.67,937312
SCP,20160831,2.3,2.31,2.275,2.31,1620159
SDA,20160831,3.95,3.98,3.85,3.89,269309
SDF,20160831,2.19,2.21,2.17,2.2,2830207
SDG,20160831,1.65,1.66,1.645,1.645,1622034
SDI,20160831,0.78,0.795,0.765,0.775,56782
SDL,20160831,0.003,0.003,0.003,0.003,15490308
SEA,20160831,0.14,0.14,0.135,0.14,3087738
SEG,20160831,0.003,0.003,0.003,0.003,946666
SEH,20160831,0.1,0.105,0.096,0.105,1167716
SEK,20160831,16.04,16.17,15.94,16.07,943404
SEN,20160831,0.115,0.115,0.11,0.11,2217539
SES,20160831,0.1,0.1,0.1,0.1,34000
SFC,20160831,5.55,5.55,5.46,5.46,3000
SFG,20160831,0.097,0.097,0.095,0.095,682441
SFH,20160831,0.6,0.6,0.575,0.575,29596
SFI,20160831,0.063,0.066,0.06,0.064,1993441
SFL,20160831,0.195,0.215,0.19,0.19,273418
SFR,20160831,5.42,5.61,5.31,5.48,1317706
SFX,20160831,0.62,0.65,0.62,0.65,61713
SFY,20160831,51.62,51.62,50.9,51.12,18018
SGF,20160831,4.45,4.57,4.45,4.55,266199
SGH,20160831,0.47,0.47,0.415,0.42,7782463
SGM,20160831,10,10.06,9.935,9.96,1531399
SGP,20160831,4.92,4.96,4.83,4.85,7973107
SGQ,20160831,0.13,0.13,0.125,0.125,1529468
SGR,20160831,5.88,5.92,5.81,5.9,4355988
SHJ,20160831,1.255,1.255,1.19,1.195,166842
SHL,20160831,22.95,23.155,22.92,23,1236735
SHM,20160831,1.265,1.28,1.25,1.275,131007
SHV,20160831,6.9,6.97,6.59,6.7,748935
SIO,20160831,0.385,0.39,0.375,0.385,5696545
SIP,20160831,1.2,1.22,1.195,1.22,2567342
SIQ,20160831,7.03,7.27,7.01,7.27,217692
SIT,20160831,0.2,0.2,0.17,0.17,250000
SIV,20160831,10.48,10.5,10.31,10.37,39230
SKB,20160831,0.62,0.63,0.59,0.59,106161
SKC,20160831,4.81,4.84,4.8,4.83,1116424
SKF,20160831,0.075,0.078,0.075,0.078,70000
SKI,20160831,2.54,2.57,2.52,2.54,6081864
SKT,20160831,4.6,4.67,4.58,4.62,352506
SLC,20160831,3.01,3.05,2.97,3.01,2290241
SLF,20160831,14.01,14.01,13.83,13.89,88677
SLK,20160831,4.62,4.66,4.6,4.62,41411
SLR,20160831,0.48,0.48,0.462,0.47,7034475
SLX,20160831,0.29,0.3,0.29,0.3,26784
SM8,20160831,0.18,0.18,0.18,0.18,121794
SMA,20160831,0.029,0.029,0.027,0.028,4730311
SMD,20160831,0.029,0.029,0.027,0.027,665716
SMI,20160831,0.066,0.066,0.065,0.065,380000
SMM,20160831,0.105,0.105,0.105,0.105,50000
SMN,20160831,2.33,2.35,2.2,2.31,164623
SMP,20160831,0.18,0.185,0.18,0.18,361916
SMR,20160831,0.4,0.45,0.4,0.45,1624438
SMX,20160831,1.795,1.795,1.765,1.78,121335
SNC,20160831,0.9,0.91,0.9,0.91,27500
SND,20160831,0.565,0.565,0.565,0.565,930
SNL,20160831,2.15,2.15,2.15,2.15,1500
SO4,20160831,0.49,0.49,0.45,0.48,196610
SOL,20160831,17.28,17.3,17.21,17.21,36196
SOM,20160831,3.51,3.51,3.48,3.49,3742
SOR,20160831,0.125,0.127,0.125,0.125,220223
SP1,20160831,0.066,0.066,0.06,0.064,943643
SPI,20160831,0.04,0.042,0.04,0.042,4597500
SPK,20160831,3.66,3.68,3.65,3.65,500287
SPL,20160831,0.72,0.72,0.69,0.7,160685
SPO,20160831,1.06,1.067,1.03,1.055,9045645
SPQ,20160831,0.01,0.01,0.01,0.01,16277
SPY,20160831,289.59,289.59,289.59,289.59,73
SPZ,20160831,0.28,0.3,0.28,0.3,38318
SRF,20160831,0.115,0.14,0.115,0.13,33734535
SRG,20160831,1.32,1.345,1.32,1.345,14432
SRI,20160831,0.019,0.019,0.018,0.019,8585653
SRK,20160831,0.046,0.046,0.046,0.046,84600
SRO,20160831,0.02,0.02,0.02,0.02,250000
SRV,20160831,7.89,7.97,7.81,7.9,213451
SRX,20160831,33.6,33.6,32.82,33.53,293360
SRY,20160831,0.062,0.062,0.058,0.06,1123066
SSG,20160831,1.175,1.2,1.17,1.175,127212
SSM,20160831,1.03,1.03,1.01,1.02,786371
SSO,20160831,13,13,12.88,12.88,6954
ST1,20160831,0.019,0.019,0.018,0.018,601291
STL,20160831,0.033,0.033,0.031,0.032,2103304
STO,20160831,4.45,4.48,4.4,4.44,4539030
STW,20160831,51.6,51.6,51.1,51.27,107919
STX,20160831,0.11,0.11,0.105,0.105,498769
SUD,20160831,0.018,0.019,0.018,0.018,2508906
SUH,20160831,0.036,0.036,0.036,0.036,39567
SUL,20160831,10.95,11,10.85,11,887436
SUM,20160831,0.038,0.038,0.037,0.037,255200
SUN,20160831,12.71,12.79,12.63,12.71,3331749
SUR,20160831,0.016,0.016,0.014,0.014,511219
SVA,20160831,0.07,0.07,0.07,0.07,79000
SVH,20160831,0.29,0.29,0.25,0.25,164443
SVL,20160831,0.21,0.21,0.195,0.21,1239263
SVM,20160831,0.091,0.093,0.09,0.093,895727
SVW,20160831,8,8.19,7.91,8.15,508928
SVY,20160831,0.15,0.15,0.15,0.15,4468
SW1,20160831,0.22,0.22,0.21,0.21,134500
SWJ,20160831,0.014,0.014,0.013,0.013,1361758
SWK,20160831,0.27,0.27,0.255,0.26,426872
SWL,20160831,0.735,0.745,0.735,0.745,27000
SWM,20160831,0.78,0.79,0.78,0.78,3551602
SXE,20160831,0.5,0.51,0.5,0.51,71381
SXL,20160831,1.46,1.537,1.455,1.515,8137512
SXY,20160831,0.255,0.255,0.245,0.245,622041
SYA,20160831,0.024,0.024,0.021,0.021,1899352
SYD,20160831,7.39,7.39,7.255,7.28,4504789
SYI,20160831,27.57,27.57,27.26,27.29,6320
SYR,20160831,4.34,4.34,4.1,4.25,2221550
SYS,20160831,0.002,0.002,0.002,0.002,500000
SYT,20160831,0.028,0.028,0.027,0.028,4208153
T3D,20160831,0.02,0.023,0.02,0.02,1798179
TAG,20160831,0.051,0.051,0.051,0.051,50000
TAH,20160831,5.03,5.06,4.93,4.97,3294860
TAM,20160831,0.064,0.066,0.062,0.066,779198
TAP,20160831,0.086,0.086,0.086,0.086,75392
TAS,20160831,0.15,0.15,0.135,0.135,404269
TAW,20160831,0.077,0.077,0.068,0.068,1123187
TBH,20160831,0.14,0.15,0.13,0.15,463955
TBR,20160831,6.65,7.25,6.45,7.25,27572
TCH,20160831,1.9,1.955,1.9,1.925,181530
TCL,20160831,11.56,11.565,11.43,11.46,7000864
TCN,20160831,0.061,0.061,0.06,0.06,376486
TEG,20160831,0.002,0.002,0.002,0.002,250000
TEN,20160831,1.36,1.4,1.325,1.325,256813
TER,20160831,0.024,0.025,0.024,0.025,849233
TFC,20160831,1.57,1.575,1.525,1.57,1698505
TFL,20160831,0.28,0.29,0.27,0.27,16104
TGA,20160831,1.44,1.455,1.44,1.445,419567
TGG,20160831,1.22,1.225,1.215,1.22,272264
TGH,20160831,1.69,1.69,1.68,1.685,51286
TGP,20160831,0.925,0.925,0.925,0.925,56072
TGR,20160831,4.09,4.09,3.98,4.09,539711
TGS,20160831,0.036,0.037,0.036,0.037,419440
TGZ,20160831,1.16,1.16,1.14,1.16,12526
THD,20160831,0.027,0.027,0.027,0.027,517148
THX,20160831,0.05,0.05,0.047,0.047,2293346
TIG,20160831,0.033,0.033,0.033,0.033,300000
TIX,20160831,2.85,2.875,2.82,2.86,289686
TKF,20160831,0.066,0.066,0.06,0.06,180993
TLG,20160831,0.26,0.26,0.255,0.255,12634
TLM,20160831,0.39,0.405,0.39,0.405,94857
TLS,20160831,5.29,5.29,5.25,5.26,18455429
TME,20160831,5.24,5.285,5.23,5.27,2392112
TMP,20160831,0.32,0.355,0.3,0.32,270853
TMX,20160831,0.01,0.01,0.01,0.01,17333
TND,20160831,0.025,0.025,0.017,0.02,3639818
TNE,20160831,5.85,5.88,5.79,5.86,351838
TNG,20160831,0.12,0.12,0.115,0.115,64247
TNK,20160831,2.3,2.3,2.3,2.3,5813
TNR,20160831,0.215,0.22,0.215,0.22,63000
TOE,20160831,0.047,0.048,0.047,0.048,49114
TOF,20160831,2.32,2.33,2.27,2.27,33045
TOP,20160831,0.645,0.66,0.645,0.66,20700
TOT,20160831,1.17,1.17,1.16,1.16,1757
TOU,20160831,0.13,0.135,0.12,0.12,688410
TOX,20160831,2.42,2.485,2.4,2.48,436812
TPD,20160831,0.011,0.011,0.01,0.01,1400000
TPE,20160831,2.78,2.79,2.76,2.79,60160
TPM,20160831,12.03,12.19,11.87,12.19,1387281
TPP,20160831,0.27,0.275,0.267,0.27,340577
TPW,20160831,0.165,0.165,0.155,0.165,175234
TRL,20160831,0.073,0.073,0.068,0.069,795853
TRM,20160831,0.03,0.03,0.028,0.028,247361
TRS,20160831,10.9,11.07,10.85,10.9,197383
TRY,20160831,0.415,0.425,0.41,0.415,633191
TSM,20160831,0.4,0.4,0.39,0.39,245677
TSN,20160831,0.019,0.02,0.019,0.02,738082
TTC,20160831,0.53,0.55,0.53,0.54,129035
TTE,20160831,0.003,0.003,0.003,0.003,681447
TTI,20160831,0.028,0.028,0.028,0.028,22916
TTL,20160831,0.027,0.029,0.026,0.027,613001
TTS,20160831,3.83,3.85,3.74,3.81,5720720
TTW,20160831,0.03,0.03,0.03,0.03,200000
TWD,20160831,3.44,3.44,3.44,3.44,361
TWE,20160831,11.21,11.275,11.14,11.23,3650982
TWH,20160831,0.009,0.009,0.009,0.009,519022
TWR,20160831,1.32,1.32,1.3,1.3,9671
TYK,20160831,0.011,0.011,0.011,0.011,1057806
TYX,20160831,0.035,0.035,0.035,0.035,694193
TZL,20160831,0.085,0.085,0.075,0.08,696531
TZN,20160831,0.115,0.115,0.115,0.115,19708
UBA,20160831,18.46,18.46,18.46,18.46,541
UBE,20160831,18.28,18.28,18.28,18.28,35
UBI,20160831,0.285,0.285,0.28,0.28,70990
UBN,20160831,0.235,0.24,0.19,0.21,3156494
UBU,20160831,21.47,21.47,21.47,21.47,186
UBW,20160831,20.5,20.5,20.5,20.5,195
UCM,20160831,0.295,0.3,0.295,0.3,17000
UEQ,20160831,0.005,0.005,0.005,0.005,479402
UGL,20160831,2.52,2.58,2.425,2.47,859736
UMAX,20160831,17.05,17.13,17.05,17.1,6013
UNS,20160831,0.064,0.067,0.064,0.065,716280
UNV,20160831,0.13,0.13,0.13,0.13,8000
UOS,20160831,0.525,0.525,0.525,0.525,103900
UPD,20160831,0.46,0.475,0.445,0.455,288076
UPG,20160831,0.43,0.43,0.43,0.43,3500
URF,20160831,1.965,1.965,1.92,1.95,83149
USD,20160831,12.96,12.99,12.95,12.99,284975
UUL,20160831,0.015,0.015,0.015,0.015,2700
VAE,20160831,53.27,53.27,53.27,53.27,13
VAF,20160831,50.89,50.89,50.62,50.69,15470
VAH,20160831,0.24,0.242,0.23,0.23,1947187
VAN,20160831,0.042,0.044,0.042,0.044,162163
VAP,20160831,87.41,87.41,86.37,86.55,12907
VAS,20160831,70.29,70.3,69.55,69.8,71743
VCF,20160831,52.28,52.33,52.28,52.33,565
VCX,20160831,3.33,3.345,3.3,3.31,10205846
VEC,20160831,0.004,0.004,0.004,0.004,100000
VEQ,20160831,46.74,46.74,46.74,46.74,61
VEU,20160831,60,60.22,59.97,60.05,13368
VGAD,20160831,54.14,54.19,54.05,54.17,7288
VGB,20160831,51.1,51.15,51.09,51.09,3588
VGE,20160831,56.39,56.39,56.24,56.29,1557
VGL,20160831,6.5,6.5,6.5,6.5,1
VGS,20160831,56.6,56.86,56.6,56.74,17175
VHY,20160831,58.14,58.14,57.5,57.78,11525
VIC,20160831,0.002,0.002,0.002,0.002,2697759
VIF,20160831,53.35,53.36,53.3,53.35,2946
VIT,20160831,2.08,2.09,2.06,2.08,809405
VLA,20160831,0.91,0.92,0.9,0.91,125477
VLC,20160831,57.37,57.37,57.37,57.37,437
VLT,20160831,0.037,0.04,0.037,0.04,1426000
VLW,20160831,2.46,2.47,2.45,2.47,369393
VMC,20160831,0.14,0.14,0.14,0.14,750
VMG,20160831,0.003,0.003,0.003,0.003,4379600
VML,20160831,0.02,0.021,0.019,0.02,2639690
VMS,20160831,0.028,0.028,0.028,0.028,2000
VMT,20160831,0.155,0.16,0.155,0.16,106343
VMY,20160831,0.31,0.31,0.29,0.29,81723
VOC,20160831,7.6,7.74,7.44,7.69,6344197
VPC,20160831,0.023,0.023,0.021,0.021,1337392
VRC,20160831,0.071,0.08,0.071,0.077,5683867
VRL,20160831,4.74,4.74,4.64,4.64,427780
VRT,20160831,8.17,8.22,8.08,8.14,857626
VRX,20160831,0.028,0.028,0.028,0.028,37771
VSC,20160831,1.09,1.245,1.09,1.245,24388
VSO,20160831,49.63,49.63,49.32,49.56,10360
VTG,20160831,4.98,5.12,4.73,4.84,5873827
VTS,20160831,148.77,149.08,148.74,149.08,6802
VVR,20160831,2.5,2.54,2.49,2.54,642751
VXR,20160831,0.008,0.009,0.007,0.007,16490801
WAA,20160831,1.18,1.19,1.18,1.19,4424
WAF,20160831,0.325,0.325,0.315,0.315,2267245
WAM,20160831,2.27,2.27,2.26,2.27,1270524
WAT,20160831,1.36,1.36,1.36,1.36,2903
WAX,20160831,1.51,1.52,1.51,1.52,56850
WBA,20160831,1.245,1.28,1.21,1.28,409837
WBC,20160831,29.54,29.61,29.2,29.46,8366014
WBT,20160831,0.038,0.039,0.038,0.039,1326460
WCB,20160831,6.45,6.59,6.45,6.59,4000
WCN,20160831,0.006,0.006,0.006,0.006,250000
WDE,20160831,0.795,0.795,0.785,0.785,95000
WDIV,20160831,17.91,17.91,17.84,17.84,15785
WEB,20160831,9.89,9.9,9.7,9.82,148006
WEC,20160831,0.08,0.08,0.08,0.08,8372
WEL,20160831,0.1,0.1,0.1,0.1,200000
WEMG,20160831,17.19,17.19,17.19,17.19,6981
WES,20160831,43.12,43.12,42.34,42.44,2711462
WFD,20160831,10.24,10.27,10.16,10.22,6687111
WGL,20160831,0.026,0.026,0.026,0.026,699737
WHC,20160831,1.96,1.99,1.92,1.95,6243230
WHF,20160831,4.3,4.34,4.3,4.32,29414
WIC,20160831,0.88,0.88,0.855,0.855,51400
WIN,20160831,0.105,0.105,0.105,0.105,25000
WKT,20160831,0.004,0.004,0.004,0.004,1973813
WLC,20160831,0.007,0.007,0.007,0.007,300000
WLD,20160831,0.33,0.335,0.272,0.285,8248170
WLE,20160831,1.165,1.17,1.16,1.165,488211
WLF,20160831,0.125,0.125,0.125,0.125,2000
WLL,20160831,5.35,5.35,5.32,5.32,1000
WMK,20160831,1.055,1.06,1.05,1.055,362794
WMN,20160831,0.001,0.001,0.001,0.001,50000
WNR,20160831,0.34,0.34,0.34,0.34,132095
WOR,20160831,8.19,8.21,7.81,8.16,2862698
WOW,20160831,24,24.12,23.585,23.71,4005776
WPG,20160831,0.082,0.084,0.081,0.081,843552
WPL,20160831,28.75,28.92,28.33,28.63,3926385
WPP,20160831,1.13,1.155,1.125,1.15,1315986
WRLD,20160831,10,10,9.99,9.99,33813
WRM,20160831,0.019,0.019,0.018,0.018,806834
WRR,20160831,0.18,0.18,0.18,0.18,52000
WSA,20160831,2.41,2.48,2.41,2.47,1863662
WSG,20160831,0.015,0.015,0.015,0.015,139999
WSI,20160831,0.033,0.04,0.033,0.04,202000
WTC,20160831,5.3,5.3,5.24,5.25,111525
WTP,20160831,0.87,0.87,0.855,0.855,361864
WVL,20160831,0.006,0.006,0.006,0.006,228600
WWI,20160831,0.031,0.031,0.031,0.031,33021
WXHG,20160831,18.24,18.24,18.15,18.16,3196
WXOZ,20160831,23.92,23.95,23.85,23.86,836
XAM,20160831,0.19,0.19,0.175,0.19,44200
XF1,20160831,0.66,0.68,0.64,0.68,24857
XIP,20160831,3.52,3.53,3.48,3.48,341845
XPD,20160831,0.13,0.135,0.13,0.135,1360116
XPE,20160831,0.039,0.039,0.034,0.035,43229646
XRF,20160831,0.18,0.18,0.18,0.18,8569
XRO,20160831,18.93,19.09,18.93,19.08,39123
XST,20160831,0.012,0.013,0.011,0.013,4255961
XTD,20160831,0.205,0.205,0.18,0.18,221076
XTE,20160831,0.33,0.345,0.32,0.325,81430
YAL,20160831,0.14,0.15,0.14,0.15,229965
YBR,20160831,0.18,0.18,0.18,0.18,59841
YMAX,20160831,9.1,9.1,9,9.09,107136
YNB,20160831,0.075,0.077,0.075,0.075,297620
YOJ,20160831,0.047,0.049,0.045,0.045,129268
YOW,20160831,0.72,0.72,0.69,0.72,1747566
YPB,20160831,0.18,0.18,0.18,0.18,34255
ZEL,20160831,8.19,8.19,8.19,8.19,706
ZER,20160831,0.4,0.4,0.4,0.4,131500
ZGL,20160831,0.13,0.13,0.13,0.13,4000
ZGM,20160831,0.004,0.004,0.004,0.004,268900
ZGOL,20160831,17.41,17.43,17.37,17.43,5865
ZIM,20160831,5,5,5,5,7402
ZIP,20160831,0.17,0.17,0.165,0.165,134959
ZMI,20160831,0.023,0.023,0.022,0.023,8068575
ZML,20160831,0.84,0.855,0.775,0.84,4867949
ZOZI,20160831,10.03,10.03,10.03,10.03,148
ZRL,20160831,0.05,0.05,0.05,0.05,2
ZTA,20160831,0.072,0.08,0.072,0.08,17995
ZUSD,20160831,10.17,10.17,10.17,10.17,1700
ZYB,20160831,0.009,0.01,0.009,0.01,2444330
ZYUS,20160831,12.58,12.58,12.54,12.56,34288
XAF,20160831,5346.4,5346.4,5281,5300.1,0
XAO,20160831,5573.5,5573.5,5510.2,5529.4,0
XAT,20160831,5417,5417,5351.3,5371.3,0
XDJ,20160831,2228.4,2232.5,2207.9,2219.6,0
XEC,20160831,1364.2,1364.2,1346.9,1354.9,0
XEJ,20160831,8513.7,8523.2,8326,8424.3,0
XFJ,20160831,5991,6000.5,5940.7,5968.3,0
XFL,20160831,5393.9,5393.9,5328.1,5347.4,0
XGD,20160831,4803,4803,4575.5,4624.4,0
XHJ,20160831,22176.8,22253.9,21927.8,21993.4,0
XIJ,20160831,824.7,826.9,817.7,825.3,0
XJO,20160831,5478.3,5478.3,5412.6,5433,0
XJR,20160831,3007.5,3007.5,2917.4,2932.2,0
XKO,20160831,5442.9,5442.9,5378.3,5397.9,0
XMD,20160831,5947.3,5947.3,5881.1,5904.9,0
XMJ,20160831,8866.6,8866.6,8621.9,8653.7,0
XMM,20160831,2603.4,2603.4,2513.1,2523.5,0
XNJ,20160831,5326.8,5339.5,5279.3,5301.1,0
XPJ,20160831,1500.5,1507,1487.9,1492.7,0
XSJ,20160831,9041.9,9045.3,8897.4,8923.4,0
XSO,20160831,2455.2,2455.2,2429.4,2437.9,0
XTJ,20160831,1950.1,1950.1,1936.3,1942.5,0
XTL,20160831,3081,3081,3043.5,3053.9,0
XTO,20160831,4517.8,4517.8,4463.4,4479.8,0
XUJ,20160831,7680.3,7680.3,7591,7604.6,0
XXJ,20160831,6598.6,6610.1,6541.1,6575.8,0
