1PG,20160219,2.45,2.63,2.35,2.63,1057279
3DM,20160219,0.06,0.06,0.055,0.055,1153014
3PL,20160219,1.7,1.7,1.265,1.41,3076795
4DS,20160219,0.029,0.03,0.028,0.03,169000
88E,20160219,0.024,0.028,0.024,0.026,61534936
8IH,20160219,0.98,0.98,0.905,0.905,159751
A2M,20160219,1.83,1.832,1.67,1.69,31758572
AAA,20160219,50.16,50.17,50.15,50.17,26434
AAC,20160219,1.185,1.195,1.18,1.19,1553148
AAD,20160219,1.78,1.795,1.715,1.74,3294868
AAJ,20160219,0.008,0.008,0.008,0.008,50000
AAX,20160219,0.215,0.215,0.215,0.215,65235
AB1,20160219,0.21,0.225,0.207,0.215,78011
ABA,20160219,5.18,5.19,5.18,5.19,2004
ABC,20160219,4.77,4.81,4.72,4.74,1241060
ABP,20160219,2.94,2.95,2.9,2.91,607446
ABU,20160219,0.05,0.057,0.05,0.057,1439611
ABV,20160219,0.007,0.007,0.007,0.007,11655669
ABX,20160219,0.135,0.135,0.125,0.13,195346
ABY,20160219,0.205,0.205,0.2,0.2,49323
ACB,20160219,0.015,0.017,0.015,0.017,23453
ACG,20160219,0.17,0.17,0.165,0.165,135887
ACL,20160219,0.007,0.007,0.007,0.007,10000
ACQ,20160219,0.8,0.8,0.79,0.79,24500
ACR,20160219,0.64,0.655,0.635,0.655,201203
ACU,20160219,0.075,0.075,0.069,0.069,43922
ACW,20160219,0.06,0.061,0.058,0.061,287000
ACX,20160219,4.33,4.41,4.25,4.34,812389
ADA,20160219,2.19,2.2,2.06,2.11,66748
ADH,20160219,2.58,2.66,2.57,2.61,25875
ADJ,20160219,0.09,0.09,0.087,0.087,62593
ADN,20160219,0.01,0.011,0.01,0.011,250000
ADO,20160219,0.072,0.073,0.069,0.069,3596243
ADV,20160219,0.026,0.029,0.026,0.028,7788554
ADX,20160219,0.005,0.005,0.005,0.005,15816
ADY,20160219,0.01,0.013,0.01,0.013,498207
AEB,20160219,0.058,0.058,0.057,0.057,87120
AEE,20160219,0.021,0.021,0.02,0.021,374694
AEG,20160219,1.32,1.33,1.305,1.305,65013
AEV,20160219,0.12,0.13,0.115,0.115,55447
AFG,20160219,0.99,1,0.99,0.99,31180
AFI,20160219,5.61,5.67,5.59,5.6,254772
AFR,20160219,0.05,0.05,0.05,0.05,3321
AGE,20160219,0.011,0.011,0.011,0.011,50000
AGF,20160219,0.79,0.795,0.775,0.78,172865
AGG,20160219,3,3,3,3,3790
AGI,20160219,2.05,2.13,2.02,2.1,541624
AGJ,20160219,0.08,0.08,0.08,0.08,30000
AGL,20160219,18.55,18.77,18.47,18.65,1673290
AGO,20160219,0.011,0.011,0.01,0.01,10339898
AGR,20160219,0.105,0.11,0.1,0.11,301395
AGS,20160219,0.033,0.033,0.033,0.033,124803
AGY,20160219,0.006,0.006,0.004,0.004,7799992
AHF,20160219,0.28,0.28,0.265,0.265,1760206
AHG,20160219,4.36,4.4,4.21,4.37,1683650
AHK,20160219,0.1,0.1,0.1,0.1,10000
AHX,20160219,1.22,1.25,1.2,1.25,467637
AHY,20160219,1.64,1.64,1.61,1.62,4701640
AHZ,20160219,0.59,0.59,0.57,0.575,118304
AIA,20160219,5.67,5.98,5.63,5.95,124956
AIK,20160219,0.11,0.11,0.11,0.11,250000
AIO,20160219,8.9,8.93,8.86,8.87,1607234
AIQ,20160219,0.105,0.105,0.105,0.105,750
AIS,20160219,0.036,0.037,0.034,0.034,172150
AIZ,20160219,2.57,2.61,2.55,2.61,11007
AJA,20160219,5.32,5.38,5.28,5.32,67228
AJD,20160219,1.3,1.32,1.3,1.31,159150
AJL,20160219,0.35,0.35,0.345,0.345,25714
AJQ,20160219,0.095,0.097,0.092,0.093,137869
AJR,20160219,0.001,0.001,0.001,0.001,500000
AJX,20160219,0.665,0.69,0.635,0.685,641534
AKG,20160219,0.25,0.25,0.25,0.25,223808
AKK,20160219,0.007,0.007,0.007,0.007,385000
AKM,20160219,0.007,0.007,0.007,0.007,752546
AKP,20160219,8.35,8.42,8.1,8.42,2193
ALA,20160219,0.145,0.165,0.135,0.15,902737
ALF,20160219,1.48,1.49,1.48,1.485,203832
ALI,20160219,1.725,1.75,1.725,1.725,59880
ALK,20160219,0.25,0.25,0.24,0.25,357038
ALL,20160219,9.94,9.94,9.8,9.9,1279585
ALQ,20160219,3.55,3.57,3.48,3.53,1675435
ALR,20160219,0.99,0.99,0.99,0.99,7000
ALT,20160219,0.003,0.003,0.003,0.003,190000
ALU,20160219,5.65,5.79,5.52,5.68,1068871
ALY,20160219,0.02,0.023,0.02,0.023,350000
AMA,20160219,0.845,0.845,0.815,0.82,475537
AMC,20160219,14,14.28,13.83,13.9,3126630
AMH,20160219,0.86,0.86,0.855,0.855,42476
AMI,20160219,0.068,0.068,0.063,0.068,60000
AML,20160219,0.03,0.03,0.03,0.03,91000
AMP,20160219,5.44,5.54,5.44,5.45,9820333
ANG,20160219,0.13,0.135,0.125,0.13,53326
ANN,20160219,17.62,18.12,17.51,17.87,632494
ANP,20160219,0.051,0.051,0.051,0.051,12073
ANQ,20160219,0.003,0.003,0.003,0.003,493350
ANR,20160219,1.55,1.57,1.54,1.57,23457
ANZ,20160219,23.55,23.6,23.21,23.4,4707960
AOG,20160219,3.15,3.175,3.13,3.14,1814014
AOH,20160219,0.086,0.086,0.086,0.086,220155
AOK,20160219,0.055,0.055,0.055,0.055,51482
AOP,20160219,0.085,0.094,0.085,0.09,663480
AOU,20160219,0.1,0.1,0.095,0.095,25000
APA,20160219,8.78,8.82,8.725,8.8,1767400
APD,20160219,0.405,0.415,0.405,0.415,19000
APE,20160219,11.45,11.54,11.38,11.44,24747
API,20160219,2.05,2.07,2.01,2.02,695066
APN,20160219,0.51,0.51,0.485,0.495,473364
APO,20160219,5.65,5.9,5.56,5.7,563627
APW,20160219,0.12,0.12,0.12,0.12,20667
APX,20160219,1.45,1.45,1.4,1.4,75282
APY,20160219,0.009,0.009,0.009,0.009,949290
APZ,20160219,1.13,1.13,1.12,1.12,100824
AQC,20160219,0.019,0.019,0.019,0.019,312000
AQD,20160219,0.012,0.013,0.011,0.013,413401
AQG,20160219,2.75,2.78,2.68,2.7,223471
AQI,20160219,0.047,0.047,0.043,0.043,190613
AQP,20160219,0.25,0.25,0.25,0.25,587123
AQQ,20160219,0.017,0.017,0.017,0.017,40000
AQX,20160219,0.054,0.054,0.054,0.054,10000
AQZ,20160219,0.475,0.475,0.475,0.475,1625
ARA,20160219,0.33,0.345,0.33,0.345,69524
ARB,20160219,14.88,14.92,14.76,14.8,150031
ARD,20160219,0.022,0.024,0.021,0.024,1525300
ARE,20160219,0.005,0.005,0.005,0.005,2220
ARF,20160219,1.73,1.78,1.715,1.78,136531
ARG,20160219,7.24,7.3,7.2,7.3,179183
ARI,20160219,0.027,0.029,0.012,0.015,316939916
ARM,20160219,0.027,0.027,0.026,0.027,217800
ARS,20160219,0.15,0.15,0.15,0.15,7000
ARU,20160219,0.056,0.06,0.056,0.058,126215
ASB,20160219,1.155,1.225,1.14,1.21,1168772
ASH,20160219,0.185,0.185,0.18,0.18,35700
ASL,20160219,0.22,0.23,0.215,0.22,542156
AST,20160219,1.48,1.495,1.47,1.475,2675770
ASX,20160219,41.83,41.93,41.53,41.75,337144
ASZ,20160219,0.985,0.985,0.945,0.97,457404
ATC,20160219,0.093,0.095,0.09,0.09,360000
ATU,20160219,0.42,0.5,0.42,0.5,69073
AUB,20160219,9,9.04,9,9,16400
AUC,20160219,0.042,0.046,0.042,0.046,385781
AUI,20160219,7.22,7.24,7.22,7.24,6769
AUQ,20160219,0.016,0.016,0.016,0.016,54000
AUZ,20160219,0.007,0.008,0.007,0.008,4546432
AVB,20160219,0.066,0.068,0.066,0.067,265334
AVG,20160219,0.39,0.4,0.39,0.4,859054
AVH,20160219,0.096,0.096,0.096,0.096,8000
AVJ,20160219,0.54,0.54,0.535,0.535,13174
AVL,20160219,0.01,0.01,0.01,0.01,1007046
AVN,20160219,2.03,2.06,2.01,2.04,26142
AVQ,20160219,0.275,0.285,0.265,0.285,796859
AVX,20160219,0.045,0.045,0.04,0.045,36111
AVZ,20160219,0.01,0.01,0.01,0.01,90000
AWC,20160219,1.235,1.255,1.212,1.22,8242818
AWE,20160219,0.485,0.49,0.46,0.46,8057047
AWI,20160219,0.22,0.22,0.2,0.2,126635
AWN,20160219,0.55,0.55,0.55,0.55,100000
AWV,20160219,0.049,0.049,0.049,0.049,200000
AXE,20160219,0.08,0.08,0.076,0.076,331033
AXP,20160219,1.1,1.13,1.05,1.05,9000
AXT,20160219,0.06,0.06,0.06,0.06,50000
AXZ,20160219,0.2,0.22,0.2,0.22,5500
AYA,20160219,0.105,0.105,0.098,0.098,202868
AYB,20160219,0.043,0.045,0.042,0.045,1110564
AYH,20160219,80.35,80.35,80.35,80.35,891
AYK,20160219,60,60,60,60,143
AYR,20160219,0.008,0.008,0.008,0.008,350000
AYS,20160219,1.9,1.95,1.3,1.55,11890313
AZJ,20160219,3.84,3.95,3.84,3.91,10959820
AZM,20160219,0.044,0.046,0.042,0.042,816138
AZS,20160219,0.035,0.036,0.034,0.035,2760268
AZV,20160219,0.076,0.078,0.074,0.074,50000
AZY,20160219,0.016,0.016,0.015,0.015,1134238
BAF,20160219,0.985,0.99,0.97,0.98,193023
BAL,20160219,12.5,13.1,11,12,3771912
BAP,20160219,4.75,5.06,4.73,4.89,2912963
BAR,20160219,0.018,0.021,0.017,0.019,1517114
BAU,20160219,0.091,0.093,0.091,0.093,95763
BBG,20160219,1.51,1.54,1.465,1.52,390994
BBN,20160219,2.46,2.48,2.44,2.45,286780
BBX,20160219,0.031,0.032,0.027,0.03,285000
BCI,20160219,0.125,0.135,0.12,0.125,1519037
BCT,20160219,0.035,0.035,0.035,0.035,88705
BEAR,20160219,18.5,18.65,18.45,18.56,88900
BEL,20160219,0.13,0.135,0.13,0.135,68800
BEN,20160219,8.82,8.825,8.66,8.78,2001333
BFC,20160219,0.5,0.505,0.465,0.475,1494686
BFG,20160219,0.52,0.525,0.5,0.5,12270
BGA,20160219,5.86,5.86,5.64,5.68,881992
BGL,20160219,0.765,0.78,0.735,0.735,134697
BGR,20160219,0.004,0.004,0.004,0.004,1250000
BGS,20160219,0.066,0.066,0.065,0.065,339105
BHP,20160219,16.86,16.97,16.51,16.61,8579193
BIG,20160219,0.17,0.17,0.15,0.15,227000
BIS,20160219,0.5,0.5,0.48,0.48,46960
BIT,20160219,0.072,0.072,0.063,0.063,400291
BKI,20160219,1.575,1.575,1.555,1.555,92646
BKL,20160219,178,178,162.2,165.23,174578
BKM,20160219,0.001,0.001,0.001,0.001,899999
BKN,20160219,0.58,0.625,0.56,0.6,619190
BKT,20160219,0.036,0.045,0.036,0.041,169500
BKW,20160219,14.6,14.66,14.48,14.6,220254
BKY,20160219,0.47,0.47,0.47,0.47,70000
BLA,20160219,6.24,6.31,6.01,6.3,74629
BLD,20160219,5.78,5.88,5.76,5.78,2809162
BLG,20160219,0.063,0.064,0.063,0.064,40000
BLK,20160219,0.455,0.48,0.43,0.43,716224
BLT,20160219,0.25,0.265,0.245,0.255,70555
BLX,20160219,1.985,1.99,1.81,1.99,37696
BLY,20160219,0.057,0.057,0.057,0.057,407103
BLZ,20160219,0.049,0.05,0.048,0.048,260000
BML,20160219,0.002,0.002,0.002,0.002,611845
BMN,20160219,0.03,0.03,0.03,0.03,200000
BNE,20160219,0.006,0.006,0.006,0.006,165942
BNO,20160219,0.31,0.32,0.28,0.3,961475
BNR,20160219,0.043,0.044,0.038,0.043,618475
BOE,20160219,0.045,0.045,0.04,0.04,249735
BOL,20160219,0.08,0.09,0.08,0.087,123000
BOQ,20160219,11.24,11.29,11.1,11.2,1274503
BPF,20160219,0.49,0.495,0.45,0.46,904871
BPH,20160219,0.007,0.007,0.007,0.007,464000
BPL,20160219,0.025,0.03,0.025,0.026,300000
BPS,20160219,1.01,1.01,0.97,0.97,15800
BPT,20160219,0.555,0.56,0.5,0.5,8331644
BRB,20160219,0.155,0.175,0.155,0.16,221596
BRC,20160219,0.16,0.17,0.16,0.17,16000
BRG,20160219,5.89,5.89,5.69,5.72,188848
BRK,20160219,0.008,0.008,0.008,0.008,150000
BRL,20160219,0.013,0.013,0.013,0.013,208695
BRN,20160219,0.2,0.2,0.19,0.19,1351382
BRS,20160219,1.075,1.095,1.055,1.06,1382159
BRU,20160219,0.23,0.23,0.225,0.225,322537
BSE,20160219,0.068,0.08,0.068,0.07,1182273
BSL,20160219,5.34,5.54,5.31,5.48,4752324
BSM,20160219,0.01,0.01,0.01,0.01,19484
BSR,20160219,0.011,0.012,0.011,0.012,2679891
BTC,20160219,0.1,0.1,0.1,0.1,15000
BTI,20160219,0.995,0.995,0.995,0.995,37
BTT,20160219,9.4,9.4,9.1,9.22,757772
BUD,20160219,0.135,0.135,0.13,0.13,1825285
BUG,20160219,0.72,0.8,0.7,0.75,99946
BUL,20160219,0.023,0.023,0.023,0.023,100000
BUR,20160219,0.004,0.004,0.004,0.004,766154
BUX,20160219,0.06,0.06,0.06,0.06,4000
BUY,20160219,0.008,0.009,0.008,0.009,350000
BWF,20160219,0.43,0.43,0.41,0.41,71676
BWP,20160219,3.14,3.18,3.13,3.16,909868
BWR,20160219,1.295,1.295,1.29,1.29,8766
BWX,20160219,4.4,4.4,4.25,4.27,248040
BXB,20160219,10.94,11.07,10.925,11.06,2393826
BXN,20160219,0.021,0.022,0.021,0.022,128088
BYE,20160219,0.15,0.16,0.15,0.16,94000
BYI,20160219,1,1,1,1,6000
BYR,20160219,0.026,0.026,0.025,0.026,840384
CAA,20160219,0.09,0.09,0.09,0.09,81013
CAB,20160219,3.07,3.16,2.99,3.02,505661
CAF,20160219,0.35,0.36,0.35,0.36,13526
CAJ,20160219,0.14,0.14,0.135,0.135,1759475
CAM,20160219,0.775,0.79,0.775,0.785,41200
CAP,20160219,0.029,0.033,0.029,0.031,351133
CAR,20160219,11.51,11.68,11.5,11.65,844259
CAS,20160219,0.125,0.14,0.125,0.135,466294
CAT,20160219,2.39,2.4,2.3,2.3,61385
CAV,20160219,0.011,0.012,0.011,0.011,2274091
CAY,20160219,0.046,0.046,0.045,0.045,40930
CBA,20160219,73.85,74.13,73.03,73.43,1768177
CBL,20160219,2.03,2.03,2.03,2.03,6758
CCF,20160219,0.14,0.14,0.13,0.13,556663
CCL,20160219,8.81,8.81,8.7,8.75,2155336
CCP,20160219,9.52,9.83,9.52,9.77,204754
CCV,20160219,0.49,0.495,0.49,0.49,69286
CDA,20160219,0.72,0.72,0.71,0.71,83078
CDD,20160219,1.17,1.17,1.07,1.08,254401
CDG,20160219,0.036,0.037,0.036,0.037,188000
CDM,20160219,1.455,1.455,1.44,1.44,344050
CDP,20160219,7.1,7.1,7.09,7.1,5077
CDV,20160219,0.115,0.125,0.115,0.125,960061
CDY,20160219,0.019,0.019,0.018,0.018,2073112
CEL,20160219,0.025,0.028,0.025,0.028,10213
CEN,20160219,4.18,4.18,4.18,4.18,659123
CFE,20160219,0.015,0.015,0.015,0.015,38888
CGC,20160219,2.51,2.55,2.5,2.51,390459
CGF,20160219,7.68,7.7,7.46,7.7,3450729
CGL,20160219,4.58,4.58,4.58,4.58,1069
CGN,20160219,0.076,0.081,0.076,0.079,36000
CGR,20160219,0.185,0.185,0.185,0.185,5000
CGS,20160219,0.615,0.7,0.615,0.675,49191
CGW,20160219,0.44,0.44,0.44,0.44,307465
CHC,20160219,4.41,4.49,4.41,4.41,1210536
CHF,20160219,0.023,0.023,0.023,0.023,2000
CHK,20160219,0.027,0.03,0.027,0.03,760000
CHN,20160219,0.115,0.12,0.115,0.12,1448272
CHP,20160219,0.004,0.005,0.004,0.005,6350101
CIA,20160219,0.14,0.14,0.14,0.14,267258
CII,20160219,1.4,1.5,1.4,1.5,73500
CIK,20160219,0.19,0.19,0.19,0.19,1500
CIM,20160219,29.1,30.33,29.1,29.28,724387
CIN,20160219,31.25,31.55,31.2,31.55,1681
CKA,20160219,0.036,0.036,0.035,0.035,32900
CKF,20160219,4.67,4.7,4.66,4.68,185171
CKL,20160219,0.695,0.7,0.695,0.7,4323
CL1,20160219,2.25,2.25,2.2,2.23,98842
CL8,20160219,0.02,0.021,0.019,0.019,1042810
CLH,20160219,1.37,1.37,1.24,1.24,2315504
CLQ,20160219,0.17,0.175,0.165,0.17,370344
CLT,20160219,0.21,0.21,0.21,0.21,19600
CLX,20160219,0.95,0.95,0.92,0.95,21065
CLY,20160219,0.01,0.01,0.009,0.009,250000
CM8,20160219,0.265,0.265,0.26,0.26,616063
CMA,20160219,2.07,2.08,2.06,2.08,86442
CMI,20160219,0.97,0.97,0.97,0.97,5000
CMM,20160219,0.1,0.1,0.1,0.1,38900
CMP,20160219,0.38,0.4,0.37,0.4,172730
CMW,20160219,0.99,1,0.985,0.985,3658678
CMY,20160219,0.006,0.006,0.005,0.005,12015510
CNI,20160219,1.03,1.05,1.025,1.04,138103
CNQ,20160219,0.025,0.025,0.025,0.025,240000
CNU,20160219,3.66,3.7,3.58,3.64,207705
CNW,20160219,0.03,0.03,0.028,0.029,480313
CNX,20160219,0.016,0.017,0.016,0.016,709413
COE,20160219,0.16,0.16,0.155,0.155,20000
COH,20160219,105.15,105.77,104.15,104.53,274344
COI,20160219,0.077,0.077,0.075,0.075,292910
COO,20160219,0.125,0.125,0.125,0.125,433000
CPU,20160219,9.12,9.23,9.1,9.17,1554869
CQR,20160219,4.23,4.29,4.21,4.27,1254539
CR8,20160219,0.019,0.019,0.019,0.019,30000
CRB,20160219,0.087,0.087,0.082,0.085,722900
CSD,20160219,0.028,0.028,0.023,0.023,405999
CSE,20160219,0.3,0.325,0.3,0.31,567396
CSL,20160219,102.68,102.68,101.3,101.8,1080398
CSR,20160219,2.87,2.89,2.85,2.87,2274167
CSS,20160219,0.044,0.044,0.044,0.044,570291
CSV,20160219,1.45,1.45,1.365,1.4,1429803
CTD,20160219,11.9,11.9,11.64,11.68,223742
CTM,20160219,0.005,0.005,0.005,0.005,76271
CTN,20160219,0.92,0.92,0.91,0.91,117345
CTO,20160219,0.019,0.02,0.019,0.019,1702814
CTP,20160219,0.105,0.105,0.1,0.1,13279140
CTX,20160219,35.8,35.96,35.11,35.37,910935
CUE,20160219,0.06,0.06,0.06,0.06,136000
CUP,20160219,0.68,0.68,0.665,0.68,54756
CUV,20160219,3.1,3.19,3.06,3.19,26050
CV1,20160219,0.34,0.35,0.34,0.35,25080
CVE,20160219,0.006,0.006,0.006,0.006,2117773
CVN,20160219,0.075,0.075,0.072,0.072,2101012
CVO,20160219,1.64,1.77,1.6,1.74,3947305
CVT,20160219,0.41,0.42,0.4,0.41,672580
CVV,20160219,0.095,0.095,0.095,0.095,3637
CVW,20160219,0.88,0.9,0.88,0.9,3363
CWC,20160219,0.48,0.49,0.48,0.49,29423
CWE,20160219,0.038,0.038,0.036,0.036,424703
CWN,20160219,12.09,12.18,12.03,12.1,1060168
CWP,20160219,4.01,4.12,4,4.05,43642
CWY,20160219,0.75,0.795,0.75,0.765,5345470
CXM,20160219,0.063,0.063,0.061,0.061,60000
CXO,20160219,0.026,0.026,0.024,0.024,4876861
CXZ,20160219,0.19,0.2,0.19,0.2,237096
CYA,20160219,0.83,0.855,0.83,0.83,45196
CYB,20160219,3.7,3.72,3.69,3.71,8585781
CYL,20160219,0.345,0.345,0.335,0.335,25145
CYP,20160219,0.38,0.385,0.36,0.375,171273
CYU,20160219,0.005,0.005,0.005,0.005,401324
CYY,20160219,0.025,0.025,0.024,0.024,9150
CZI,20160219,0.024,0.024,0.024,0.024,631400
CZL,20160219,0.048,0.049,0.046,0.046,551314
CZR,20160219,0.006,0.006,0.006,0.006,500000
CZZ,20160219,19.7,19.7,19,19,22952
D13,20160219,0.074,0.074,0.069,0.069,1011359
DAF,20160219,0.006,0.006,0.006,0.006,490000
DCC,20160219,0.19,0.195,0.185,0.185,379774
DCG,20160219,0.94,0.98,0.93,0.98,203174
DCN,20160219,1.36,1.5,1.36,1.43,938786
DDR,20160219,1.55,1.55,1.55,1.55,1000
DDT,20160219,0.023,0.024,0.022,0.024,216975
DFM,20160219,1.6,1.65,1.6,1.65,20500
DGH,20160219,0.705,0.705,0.7,0.7,47321
DGR,20160219,0.026,0.026,0.025,0.025,180000
DGX,20160219,0.011,0.011,0.011,0.011,21242
DIG,20160219,0.24,0.24,0.24,0.24,15000
DJW,20160219,4.01,4.05,3.97,4,76456
DKO,20160219,0.056,0.06,0.056,0.06,283000
DLX,20160219,6.58,6.63,6.55,6.56,972729
DM1,20160219,0.095,0.099,0.095,0.095,572000
DMA,20160219,0.048,0.05,0.048,0.05,124250
DMC,20160219,0.2,0.2,0.2,0.2,5000
DMG,20160219,0.011,0.011,0.011,0.011,300000
DMP,20160219,60.74,60.74,58.77,59.63,380090
DNA,20160219,0.72,0.735,0.695,0.73,1692414
DNK,20160219,0.27,0.275,0.27,0.275,13999
DOW,20160219,3.25,3.26,3.15,3.18,1583716
DRA,20160219,0.16,0.18,0.16,0.17,237070
DRM,20160219,0.8,0.815,0.785,0.8,2412484
DRX,20160219,0.013,0.013,0.013,0.013,536423
DSX,20160219,0.058,0.058,0.05,0.051,4217649
DTI,20160219,0.25,0.25,0.25,0.25,7441
DTL,20160219,1.09,1.11,1.07,1.105,80320
DTX,20160219,0.45,0.45,0.45,0.45,9353
DUB,20160219,0.675,0.68,0.65,0.655,83510
DUE,20160219,2.33,2.35,2.33,2.35,6395040
DUI,20160219,3.23,3.24,3.22,3.24,28220
DVA,20160219,0.5,0.505,0.495,0.495,162257
DVI,20160219,0.016,0.017,0.016,0.017,1307147
DVN,20160219,0.51,0.54,0.505,0.505,133797
DWS,20160219,1.265,1.28,1.23,1.26,126264
DXB,20160219,0.006,0.006,0.006,0.006,731696
DXS,20160219,7.23,7.36,7.23,7.36,3205082
DYE,20160219,0.25,0.25,0.24,0.24,67419
EAI,20160219,0.825,0.825,0.825,0.825,8972
EAR,20160219,0.089,0.1,0.089,0.099,1502827
EAS,20160219,1.35,1.35,1.35,1.35,8534
EAX,20160219,0.75,0.75,0.75,0.75,1843
EBG,20160219,0.066,0.066,0.066,0.066,5000
EBO,20160219,12.4,12.4,12.4,12.4,377
ECG,20160219,0.22,0.22,0.21,0.215,108211
ECX,20160219,2.73,2.74,2.61,2.62,561122
EDE,20160219,0.074,0.074,0.071,0.071,1610985
EEG,20160219,0.016,0.02,0.016,0.019,540120
EEU,20160219,15.2,15.24,15.2,15.24,2710
EGG,20160219,0.96,0.965,0.96,0.965,18918
EGH,20160219,0.555,0.6,0.555,0.575,1562311
EGO,20160219,0.335,0.345,0.33,0.33,87400
EHE,20160219,5.92,6.29,5.81,6.16,3592466
EHL,20160219,0.031,0.031,0.025,0.026,2412127
ELD,20160219,4.05,4.06,3.98,4.01,267884
ELM,20160219,0.155,0.175,0.155,0.175,220728
ELT,20160219,0.007,0.007,0.007,0.007,62500
ELX,20160219,0.73,0.755,0.715,0.74,90769
EMB,20160219,7.35,7.35,7.15,7.2,3100
EMC,20160219,0.2,0.205,0.2,0.205,105645
EMG,20160219,0.014,0.014,0.011,0.011,3960000
EMH,20160219,0.11,0.14,0.11,0.135,378986
EML,20160219,1.18,1.18,1.1,1.11,395629
EMR,20160219,0.023,0.026,0.023,0.026,1128471
EMU,20160219,0.19,0.19,0.19,0.19,15867
EMX,20160219,0.033,0.036,0.033,0.036,81250
ENC,20160219,0.24,0.26,0.23,0.26,75000
ENT,20160219,0.019,0.019,0.019,0.019,100000
ENZ,20160219,0.315,0.32,0.315,0.32,22000
EOS,20160219,1.275,1.275,1.22,1.22,11826
EPD,20160219,0.36,0.36,0.32,0.325,695506
EPM,20160219,0.005,0.005,0.005,0.005,1292400
EPW,20160219,1.52,1.56,1.51,1.52,181490
EPX,20160219,1.4,1.41,1.4,1.41,44753
EQE,20160219,0.008,0.008,0.008,0.008,2250
EQT,20160219,14.8,15.06,14.7,14.8,12064
EQX,20160219,0.285,0.29,0.285,0.29,246220
ERA,20160219,0.332,0.34,0.325,0.34,125287
ERJ,20160219,0.026,0.027,0.026,0.026,105000
ERL,20160219,0.018,0.018,0.016,0.016,66666
ERM,20160219,0.036,0.036,0.036,0.036,680
ESI,20160219,0.017,0.017,0.014,0.014,30330211
ESM,20160219,0.011,0.012,0.011,0.012,220000
ESV,20160219,0.04,0.04,0.04,0.04,140000
ETE,20160219,0.01,0.01,0.009,0.009,383000
ETF,20160219,18.84,18.84,18.84,18.84,138
EVE,20160219,0.007,0.007,0.007,0.007,1211430
EVM,20160219,0.1,0.12,0.1,0.12,515450
EVN,20160219,1.89,1.91,1.795,1.81,12223944
EVT,20160219,15.1,15.16,14.62,14.86,417241
EWC,20160219,0.21,0.21,0.2,0.21,527598
EXC,20160219,0.024,0.024,0.024,0.024,24171
EXG,20160219,0.13,0.14,0.13,0.14,360014
EXM,20160219,0.015,0.015,0.013,0.013,1000000
EXR,20160219,0.001,0.001,0.001,0.001,2000000
EXU,20160219,0.03,0.033,0.029,0.029,2642542
EZL,20160219,0.76,0.76,0.74,0.74,36110
FAN,20160219,1.84,1.87,1.84,1.85,23600
FAR,20160219,0.076,0.081,0.074,0.08,9261916
FBR,20160219,0.021,0.024,0.02,0.022,772557
FBU,20160219,6.14,6.17,6.05,6.07,2677660
FCN,20160219,0.019,0.019,0.019,0.019,800000
FEL,20160219,0.037,0.037,0.037,0.037,100000
FET,20160219,2.2,2.21,2.18,2.18,157777
FFG,20160219,0.074,0.074,0.074,0.074,3630
FGF,20160219,0.009,0.009,0.007,0.007,345000
FGG,20160219,1.13,1.13,1.115,1.115,398593
FGR,20160219,0.049,0.051,0.049,0.051,396000
FGX,20160219,1.15,1.15,1.15,1.15,44932
FID,20160219,2.21,2.22,2.16,2.2,87949
FLK,20160219,0.89,0.9,0.89,0.9,63602
FLN,20160219,1.42,1.43,1.39,1.395,66637
FLT,20160219,40.49,40.56,39.9,40.36,272712
FMG,20160219,2.03,2.055,1.96,1.99,14918626
FML,20160219,0.375,0.385,0.375,0.38,57356
FMS,20160219,0.006,0.008,0.006,0.008,566407
FND,20160219,0.12,0.12,0.12,0.12,13592
FNP,20160219,4.02,4.02,3.82,3.87,59890
FOD,20160219,0.21,0.22,0.18,0.2,6801030
FPH,20160219,8.17,8.26,8.13,8.19,166945
FRI,20160219,0.95,0.95,0.905,0.92,91555
FRM,20160219,1.865,1.98,1.8,1.87,80578
FRX,20160219,0.21,0.21,0.21,0.21,30000
FSF,20160219,5.11,5.3,5.11,5.25,55515
FSI,20160219,1.385,1.385,1.385,1.385,25700
FTZ,20160219,0.16,0.18,0.16,0.18,77235
FUN,20160219,0.025,0.025,0.025,0.025,454031
FWD,20160219,1.065,1.08,1.05,1.07,90190
FXJ,20160219,0.84,0.845,0.77,0.8,31949940
FXL,20160219,2.23,2.23,2.17,2.22,1611291
GAP,20160219,0.31,0.31,0.29,0.295,551670
GBE,20160219,0.024,0.024,0.024,0.024,80174
GBG,20160219,0.016,0.019,0.016,0.019,591400
GBI,20160219,0.22,0.22,0.21,0.21,76000
GBT,20160219,4.26,4.26,4.16,4.2,205440
GC1,20160219,0.95,1,0.95,1,22205
GCS,20160219,0.48,0.48,0.48,0.48,41631
GCY,20160219,0.2,0.22,0.2,0.22,1505444
GDF,20160219,0.935,0.935,0.935,0.935,333083
GDI,20160219,0.84,0.865,0.84,0.84,707039
GDX,20160219,26.21,26.48,25.81,25.91,55646
GDY,20160219,0.026,0.028,0.026,0.028,320328
GEG,20160219,1.15,1.16,1.15,1.15,48956
GEM,20160219,3.42,3.44,3.39,3.41,621600
GFI,20160219,0.3,0.3,0.3,0.3,3334
GFY,20160219,1.215,1.25,1.215,1.245,305843
GGE,20160219,0.005,0.005,0.005,0.005,800000
GGG,20160219,0.029,0.03,0.027,0.027,949107
GHC,20160219,1.85,1.86,1.82,1.85,79244
GID,20160219,0.022,0.022,0.02,0.02,205500
GJT,20160219,1.925,1.93,1.91,1.93,96232
GLB,20160219,1.16,1.16,1.16,1.16,1950
GLF,20160219,0.01,0.01,0.01,0.01,1088888
GLL,20160219,0.065,0.065,0.06,0.06,8610329
GMA,20160219,2.27,2.27,2.235,2.24,1209698
GMC,20160219,0.012,0.012,0.011,0.012,160000
GME,20160219,0.025,0.026,0.025,0.026,1019612
GMF,20160219,2.12,2.12,2.07,2.09,31722
GMG,20160219,6.47,6.57,6.44,6.51,3860958
GMM,20160219,0.29,0.3,0.275,0.29,2577696
GMN,20160219,0.037,0.038,0.037,0.038,450000
GMR,20160219,0.003,0.003,0.002,0.003,6142310
GMY,20160219,0.915,0.915,0.915,0.915,303
GNC,20160219,8.54,8.56,8.44,8.46,294816
GNE,20160219,1.74,1.745,1.71,1.745,14827
GNG,20160219,0.92,0.95,0.92,0.93,25293
GNX,20160219,0.095,0.095,0.095,0.095,6250
GOLD,20160219,162.2,164.84,162.2,164.47,8467
GOR,20160219,0.46,0.467,0.45,0.46,1036800
GOW,20160219,3.01,3.01,3.01,3.01,2024
GOZ,20160219,3.11,3.12,3.08,3.09,143988
GPR,20160219,0.028,0.028,0.028,0.028,80000
GPT,20160219,4.99,5.02,4.93,4.94,4960739
GRB,20160219,0.054,0.054,0.053,0.053,92554
GRR,20160219,0.086,0.088,0.085,0.088,607141
GRY,20160219,0.069,0.071,0.068,0.07,1474675
GSS,20160219,0.7,0.7,0.68,0.68,8510
GTE,20160219,0.008,0.008,0.005,0.007,5562650
GTG,20160219,0.022,0.024,0.021,0.021,2984488
GTK,20160219,2.07,2.07,2.05,2.07,15256
GTY,20160219,2.71,2.78,2.69,2.7,244782
GUD,20160219,6.32,6.41,6.27,6.4,419800
GVF,20160219,1.01,1.01,1.01,1.01,82853
GWA,20160219,2.22,2.23,2.2,2.21,2039495
GXL,20160219,7.19,7.23,7.1,7.15,331454
GXY,20160219,0.18,0.195,0.175,0.19,83950199
HAO,20160219,0.12,0.13,0.12,0.13,174050
HAS,20160219,0.063,0.063,0.063,0.063,74505
HAV,20160219,0.31,0.31,0.3,0.3,14600
HCH,20160219,0.067,0.07,0.067,0.07,18270
HCT,20160219,0.14,0.14,0.14,0.14,45299
HFA,20160219,2.4,2.42,2.2,2.34,666561
HFR,20160219,1.8,1.875,1.78,1.83,293867
HGG,20160219,4.69,4.7,4.62,4.65,5667367
HGO,20160219,0.11,0.11,0.11,0.11,12293
HHL,20160219,3.12,3.28,3.12,3.28,18825
HHV,20160219,1.12,1.12,1.105,1.105,150792
HHY,20160219,0.1,0.1,0.1,0.1,157521
HIG,20160219,0.054,0.054,0.053,0.053,203530
HIL,20160219,0.23,0.245,0.225,0.24,379425
HIT,20160219,0.36,0.36,0.36,0.36,10000
HLO,20160219,2.2,2.2,2.2,2.2,228
HLX,20160219,0.035,0.035,0.03,0.03,305000
HML,20160219,1.1,1.1,1.1,1.1,6745
HNG,20160219,0.46,0.46,0.46,0.46,1943
HNR,20160219,0.004,0.004,0.004,0.004,220237
HOG,20160219,0.003,0.003,0.003,0.003,83340
HOR,20160219,0.013,0.013,0.013,0.013,340000
HPI,20160219,2.55,2.56,2.5,2.5,50169
HRL,20160219,0.145,0.15,0.14,0.15,190267
HSN,20160219,3.79,3.84,3.73,3.82,309791
HSO,20160219,2.3,2.31,2.27,2.29,7565863
HTA,20160219,0.078,0.08,0.078,0.08,51300
HUB,20160219,3.98,4.08,3.98,4.07,33537
HUO,20160219,3.66,3.85,3.66,3.85,13743
HVN,20160219,4.65,4.69,4.61,4.64,2392153
HXG,20160219,0.071,0.072,0.07,0.072,809870
HZN,20160219,0.071,0.071,0.068,0.069,1178354
HZR,20160219,0.24,0.24,0.235,0.24,24000
IAA,20160219,54.87,54.91,54.32,54.74,13089
IAF,20160219,107.3,107.42,106.82,107.41,8273
IAG,20160219,5.3,5.4,5.28,5.4,11222141
IAU,20160219,0.125,0.125,0.12,0.12,84303
IBG,20160219,0.037,0.039,0.035,0.036,368340
IBK,20160219,36.25,36.61,36.25,36.61,511
ICG,20160219,0.004,0.004,0.004,0.004,432621
ICQ,20160219,0.85,0.85,0.815,0.83,100987
ICS,20160219,1.57,1.65,1.57,1.65,3568
IDR,20160219,2.1,2.1,2.05,2.06,59580
IDT,20160219,0.3,0.3,0.25,0.285,512027
IDX,20160219,1.4,1.415,1.4,1.41,604
IDZ,20160219,0.35,0.35,0.35,0.35,6544
IEL,20160219,4.16,4.16,4.02,4.08,227947
IEM,20160219,42.68,42.71,42.34,42.7,50698
IEU,20160219,52.2,52.45,52,52.31,23725
IFL,20160219,7.67,7.7,7.595,7.63,781435
IFM,20160219,0.53,0.53,0.52,0.52,953438
IFN,20160219,0.46,0.46,0.445,0.46,226198
IGB,20160219,104.49,104.49,104.49,104.49,8
IGL,20160219,2,2,1.975,2,76696
IGO,20160219,2.78,2.82,2.69,2.7,4978225
IHD,20160219,12.62,12.64,12.5,12.5,34515
IHK,20160219,24.82,25.23,24.61,25.23,153
IJH,20160219,183,183,182.65,182.79,109
IJP,20160219,15.29,15.6,15.19,15.28,33475
IJR,20160219,142.39,143.23,142.39,143.2,2956
IKO,20160219,64.5,65.85,64.5,65.85,1122
ILB,20160219,114.17,115.56,114.17,115.56,486
ILC,20160219,21.05,21.07,20.8,20.82,68436
ILU,20160219,6.89,7.02,6.65,6.74,1623790
IMC,20160219,0.38,0.38,0.38,0.38,6000
IMD,20160219,0.185,0.185,0.185,0.185,89040
IMF,20160219,1.04,1.245,0.98,1.22,1267417
IMU,20160219,0.011,0.011,0.01,0.01,11457800
INA,20160219,2.76,2.81,2.75,2.78,117772
IND,20160219,0.011,0.011,0.011,0.011,175000
INL,20160219,0.006,0.006,0.006,0.006,10000
IOF,20160219,3.88,3.93,3.87,3.9,712376
IOO,20160219,95.4,95.75,95.01,95.44,21166
IOZ,20160219,20.86,20.89,20.73,20.76,28227
IPD,20160219,0.89,0.965,0.88,0.955,1561639
IPH,20160219,8.9,9.15,8.88,9.11,509346
IPL,20160219,3.02,3.07,2.96,3.06,5517661
IPT,20160219,0.027,0.03,0.027,0.03,1098617
IQ3,20160219,0.28,0.28,0.28,0.28,3968
IQE,20160219,0.25,0.25,0.25,0.25,43447
IRC,20160219,0.067,0.07,0.067,0.07,50000
IRD,20160219,0.08,0.08,0.08,0.08,27000
IRE,20160219,9.13,9.145,8.92,9,378993
IRI,20160219,1.9,1.905,1.71,1.8,521543
IRL,20160219,0.004,0.004,0.004,0.004,61500
IRU,20160219,140.81,140.81,140.43,140.43,85
ISD,20160219,4.19,4.28,4.18,4.26,2973556
ISG,20160219,13.62,13.62,13.57,13.6,736
ISO,20160219,3.69,3.7,3.66,3.66,51454
ISU,20160219,0.87,0.885,0.87,0.87,35393
ISX,20160219,0.242,0.245,0.225,0.225,609903
ITD,20160219,0.2,0.2,0.2,0.2,80326
ITQ,20160219,3.27,3.37,3.27,3.32,15500
ITW,20160219,17.84,17.89,17.84,17.85,300
IVC,20160219,11.66,11.77,11.55,11.75,501342
IVE,20160219,76.1,76.15,75.64,76.07,9736
IVO,20160219,0.055,0.055,0.049,0.053,579687
IVQ,20160219,0.1,0.1,0.1,0.1,33100
IVR,20160219,0.017,0.017,0.017,0.017,1077944
IVV,20160219,270.4,271.99,269.84,271.7,16558
IVX,20160219,0.005,0.006,0.005,0.006,4867892
IXI,20160219,130.5,130.76,129.58,130.76,2247
IXJ,20160219,132,132.6,131.33,132.3,2549
IXP,20160219,83,83.41,83,83.14,417
IXR,20160219,0.004,0.004,0.003,0.003,1290000
IZZ,20160219,42.76,43.03,42.53,42.9,1278
JBH,20160219,20.6,21.05,20.59,20.81,1305549
JHC,20160219,2.96,3.01,2.92,2.94,634286
JHL,20160219,0.24,0.24,0.22,0.22,305093
JHX,20160219,18.33,18.45,17.06,17.14,2398529
JIN,20160219,1.24,1.3,1.23,1.26,65460
JKA,20160219,0.005,0.005,0.005,0.005,103195
JKL,20160219,0.27,0.27,0.265,0.265,100600
KAM,20160219,0.5,0.52,0.495,0.52,18000
KAR,20160219,1.59,1.62,1.545,1.585,1393175
KAT,20160219,0.78,0.78,0.78,0.78,10500
KBC,20160219,0.16,0.16,0.16,0.16,30000
KBL,20160219,0.033,0.035,0.033,0.035,2029955
KCN,20160219,0.505,0.535,0.475,0.495,2500198
KDL,20160219,0.1,0.1,0.1,0.1,20000
KDR,20160219,0.1,0.1,0.09,0.1,233528
KGD,20160219,0.035,0.038,0.035,0.037,346647
KGL,20160219,0.093,0.093,0.092,0.093,70000
KGM,20160219,0.027,0.028,0.027,0.028,30000
KII,20160219,2.24,2.24,2.24,2.24,4500
KKO,20160219,0.036,0.04,0.036,0.04,548334
KKT,20160219,0.38,0.38,0.36,0.36,40000
KLO,20160219,0.265,0.27,0.265,0.27,50000
KMD,20160219,1.39,1.415,1.39,1.415,5809
KME,20160219,0.41,0.41,0.4,0.4,133075
KNM,20160219,0.014,0.014,0.014,0.014,39400
KNO,20160219,0.29,0.29,0.29,0.29,4328
KOV,20160219,2.21,2.21,2.21,2.21,3500
KPT,20160219,12.85,12.85,12.85,12.85,600
KRL,20160219,0.006,0.006,0.005,0.005,15781
KRM,20160219,0.225,0.23,0.215,0.22,842466
KSC,20160219,1.32,1.32,1.28,1.32,31426
KSM,20160219,2.31,2.31,2.31,2.31,82188
KTE,20160219,0.025,0.025,0.025,0.025,20000
LAA,20160219,0.265,0.265,0.245,0.25,415857
LAU,20160219,0.455,0.47,0.455,0.47,73826
LBT,20160219,0.11,0.11,0.105,0.105,75000
LCK,20160219,0.3,0.31,0.3,0.3,75728
LCM,20160219,0.55,0.555,0.55,0.55,27365
LEG,20160219,0.009,0.009,0.009,0.009,3313776
LEP,20160219,3.8,3.88,3.8,3.83,48513
LER,20160219,0.14,0.14,0.135,0.135,65269
LGD,20160219,0.22,0.23,0.22,0.23,66583
LGO,20160219,0.009,0.009,0.009,0.009,962803
LGR,20160219,0.11,0.11,0.11,0.11,13900
LHB,20160219,0.15,0.15,0.15,0.15,20000
LHC,20160219,2.3,2.41,2.3,2.33,45904
LHM,20160219,0.05,0.05,0.05,0.05,32877
LIC,20160219,2.5,2.53,2.45,2.51,214400
LIN,20160219,0.001,0.001,0.001,0.001,368666
LIT,20160219,0.135,0.135,0.125,0.13,1164892
LLC,20160219,12.9,13.25,12.9,13.2,3073689
LLO,20160219,0.42,0.42,0.42,0.42,5263
LML,20160219,0.036,0.036,0.036,0.036,5000
LMW,20160219,0.56,0.6,0.56,0.59,94774
LNG,20160219,0.595,0.6,0.575,0.59,2386277
LNK,20160219,7.36,7.43,7.2,7.24,387239
LNR,20160219,2.85,3,2.85,3,1277
LNY,20160219,0.004,0.004,0.003,0.003,5324825
LOM,20160219,0.39,0.4,0.385,0.4,1326330
LOV,20160219,2.1,2.24,2.1,2.2,201997
LPE,20160219,0.034,0.034,0.032,0.032,7951711
LRS,20160219,0.004,0.005,0.004,0.004,2350000
LSR,20160219,0.034,0.034,0.032,0.034,455691
LTX,20160219,0.04,0.042,0.037,0.042,300000
LVT,20160219,0.25,0.25,0.245,0.245,47759
LWP,20160219,0.004,0.004,0.003,0.004,7739500
LYC,20160219,0.079,0.08,0.076,0.08,6723469
MAD,20160219,0.055,0.055,0.05,0.05,377073
MAH,20160219,0.089,0.089,0.087,0.089,1923068
MAQ,20160219,8.15,8.7,8.15,8.51,1080
MAT,20160219,0.14,0.14,0.14,0.14,10848
MBE,20160219,0.305,0.305,0.3,0.3,271288
MCE,20160219,0.35,0.37,0.35,0.37,26465
MCP,20160219,0.73,0.745,0.71,0.73,192501
MCR,20160219,0.135,0.15,0.135,0.14,516962
MCS,20160219,0.058,0.058,0.058,0.058,13448
MCT,20160219,0.059,0.063,0.058,0.063,7856390
MDC,20160219,0.21,0.21,0.21,0.21,14097
MDG,20160219,0.092,0.092,0.092,0.092,500000
MDL,20160219,0.27,0.27,0.265,0.265,191129
MDR,20160219,0.037,0.038,0.037,0.037,1914500
MEA,20160219,1.67,1.67,1.56,1.61,27672
MEB,20160219,0.215,0.22,0.215,0.22,108938
MED,20160219,0.033,0.033,0.032,0.033,921950
MEI,20160219,0.026,0.026,0.026,0.026,1395386
MEL,20160219,0.058,0.059,0.058,0.059,981538
MEO,20160219,0.01,0.01,0.01,0.01,10000
MEP,20160219,0.052,0.052,0.051,0.051,25000
MEU,20160219,0.013,0.014,0.013,0.014,1290971
MEZ,20160219,2.14,2.14,2.1,2.1,332830
MFF,20160219,1.845,1.845,1.8,1.8,216274
MFG,20160219,21.9,22.93,21.82,22.72,977196
MGC,20160219,2.11,2.11,2.06,2.06,341129
MGE,20160219,2.52,2.55,2.52,2.53,956370
MGL,20160219,0.018,0.018,0.018,0.018,12150
MGP,20160219,0.29,0.325,0.275,0.325,93944
MGR,20160219,1.835,1.87,1.835,1.865,13714357
MGT,20160219,0.025,0.025,0.025,0.025,100000
MGV,20160219,0.024,0.024,0.023,0.023,673467
MGX,20160219,0.185,0.19,0.18,0.185,1449157
MHG,20160219,2.31,2.31,2.31,2.31,8750
MHM,20160219,0.029,0.029,0.027,0.027,27000
MIG,20160219,0.54,0.54,0.485,0.485,128682
MIL,20160219,2.12,2.12,2.12,2.12,464
MIN,20160219,5.05,5.76,5.05,5.4,3230762
MIR,20160219,2.6,2.61,2.52,2.53,64048
MJP,20160219,0.595,0.595,0.59,0.59,20435
MKB,20160219,0.011,0.011,0.011,0.011,780000
MKO,20160219,0.059,0.059,0.056,0.059,60001
MLB,20160219,2,2.01,1.98,2,24953
MLD,20160219,0.915,0.92,0.9,0.92,349643
MLM,20160219,0.052,0.052,0.052,0.052,93566
MLT,20160219,4.2,4.2,4.18,4.19,96572
MLX,20160219,0.995,1.05,0.94,1.045,1743957
MMI,20160219,0.05,0.05,0.045,0.045,575433
MMJ,20160219,0.295,0.295,0.29,0.295,227187
MML,20160219,0.61,0.625,0.59,0.6,1922804
MMR,20160219,0.015,0.015,0.015,0.015,3000
MMS,20160219,11.4,11.96,11.38,11.78,521119
MNB,20160219,0.003,0.004,0.003,0.003,15412479
MNC,20160219,0.004,0.004,0.003,0.003,2211580
MND,20160219,6.7,6.78,6.5,6.54,281279
MNF,20160219,3.4,3.46,3.39,3.4,90140
MNM,20160219,0.013,0.014,0.013,0.014,260000
MNS,20160219,0.355,0.355,0.34,0.345,1067647
MNY,20160219,0.98,1.04,0.98,1.02,106485
MOC,20160219,1.85,1.945,1.8,1.83,263316
MOY,20160219,0.1,0.102,0.093,0.097,10333255
MOZ,20160219,0.037,0.038,0.036,0.036,3601755
MP1,20160219,3.1,3.11,3.05,3.1,61796
MPJ,20160219,0.005,0.005,0.005,0.005,19920933
MPL,20160219,2.52,2.58,2.47,2.48,21269939
MPO,20160219,0.13,0.13,0.125,0.13,250000
MPX,20160219,0.24,0.24,0.24,0.24,18700
MQA,20160219,4.28,4.35,4.225,4.24,1275082
MQG,20160219,64.2,64.8,63.39,63.9,1161016
MRC,20160219,0.1,0.1,0.1,0.1,150000
MRD,20160219,0.007,0.007,0.007,0.007,828571
MRM,20160219,0.325,0.33,0.315,0.33,551057
MRP,20160219,0.1,0.1,0.098,0.098,103000
MRV,20160219,0.004,0.004,0.004,0.004,125205
MSB,20160219,1.385,1.53,1.38,1.505,833977
MSG,20160219,0.058,0.058,0.058,0.058,52866
MSM,20160219,0.097,0.1,0.095,0.096,4744054
MSR,20160219,0.002,0.002,0.002,0.002,250000
MTA,20160219,0.057,0.058,0.054,0.058,90851
MTL,20160219,0.06,0.06,0.06,0.06,27345
MTM,20160219,0.275,0.275,0.275,0.275,100000
MTR,20160219,4.6,4.6,4.23,4.29,1115944
MTS,20160219,1.81,1.84,1.8,1.82,4590488
MUA,20160219,0.95,0.99,0.95,0.99,37500
MUM,20160219,0.005,0.005,0.004,0.004,25404478
MUS,20160219,0.11,0.115,0.11,0.115,100000
MVA,20160219,19.15,19.3,19.1,19.3,1387
MVB,20160219,23.1,23.1,23.07,23.07,1385
MVF,20160219,1.495,1.525,1.49,1.51,85449
MVP,20160219,4,4.2,4,4.2,37089
MVS,20160219,15.43,15.46,15.34,15.35,1993
MVT,20160219,0.14,0.14,0.135,0.135,89428
MVW,20160219,20.95,20.95,20.91,20.94,10157
MWR,20160219,1.05,1.05,1,1.05,11950
MX1,20160219,0.4,0.4,0.4,0.4,139863
MXI,20160219,0.49,0.5,0.46,0.49,973698
MXR,20160219,0.002,0.002,0.002,0.002,7444118
MYE,20160219,0.16,0.16,0.16,0.16,20000
MYO,20160219,2.9,2.91,2.83,2.85,500011
MYQ,20160219,0.085,0.085,0.085,0.085,100000
MYR,20160219,1.15,1.15,1.125,1.145,2927276
MYS,20160219,4.18,4.29,4.17,4.24,77919
MYT,20160219,2.51,2.53,2.51,2.51,216679
MYX,20160219,1.215,1.245,1.21,1.24,892251
MZI,20160219,0.35,0.355,0.35,0.355,43988
MZN,20160219,0.005,0.005,0.005,0.005,6071295
NAB,20160219,25.9,26.02,25.49,25.62,6904166
NAC,20160219,0.995,0.995,0.99,0.99,2100
NAG,20160219,0.16,0.16,0.14,0.15,262032
NAM,20160219,0.37,0.385,0.37,0.37,120000
NAN,20160219,1.91,1.97,1.86,1.95,702315
NCK,20160219,4.35,4.35,4.31,4.35,45896
NCM,20160219,16.25,16.41,15.72,15.9,4422318
NDO,20160219,0.3,0.3,0.3,0.3,2000
NDQ,20160219,10.14,10.19,10.13,10.16,23949
NEA,20160219,0.345,0.35,0.335,0.335,236505
NEC,20160219,1.435,1.44,1.385,1.415,1826003
NEU,20160219,0.105,0.105,0.1,0.1,890063
NGE,20160219,0.02,0.021,0.019,0.019,705588
NHC,20160219,1.42,1.44,1.4,1.4,77158
NHF,20160219,3.29,3.35,3.25,3.28,443613
NIU,20160219,0.001,0.001,0.001,0.001,114286
NKP,20160219,0.066,0.066,0.063,0.065,126869
NME,20160219,0.008,0.008,0.008,0.008,4000
NMT,20160219,0.215,0.245,0.205,0.24,6153457
NNW,20160219,0.1,0.1,0.09,0.09,119809
NOR,20160219,0.053,0.057,0.048,0.05,20335895
NOV,20160219,0.19,0.2,0.19,0.2,7500
NPX,20160219,4.7,4.77,4.62,4.63,9895
NRT,20160219,0.102,0.11,0.1,0.105,831461
NSE,20160219,0.005,0.005,0.004,0.004,352523
NSL,20160219,0.009,0.009,0.008,0.008,11172389
NSP,20160219,0.007,0.007,0.007,0.007,26094
NSR,20160219,1.55,1.555,1.505,1.53,1184263
NST,20160219,3.89,3.99,3.83,3.87,5317169
NTC,20160219,2.7,2.7,2.33,2.46,556677
NTM,20160219,0.008,0.008,0.007,0.007,107500
NTU,20160219,0.07,0.07,0.07,0.07,104074
NUF,20160219,6.86,6.88,6.79,6.86,676818
NVI,20160219,0.013,0.013,0.013,0.013,28334
NVL,20160219,1.22,1.22,1.145,1.16,106472
NVT,20160219,4.82,4.85,4.73,4.77,713305
NWH,20160219,0.095,0.185,0.095,0.165,26908751
NWS,20160219,16.12,16.12,15.97,16.03,355080
NWZ,20160219,0.03,0.03,0.027,0.028,360405
NXM,20160219,0.077,0.077,0.077,0.077,1950
NXT,20160219,2.5,2.53,2.41,2.43,691643
OBJ,20160219,0.063,0.069,0.063,0.066,1093550
OCC,20160219,0.45,0.45,0.415,0.415,49424
OCL,20160219,1.75,1.75,1.75,1.75,5000
ODN,20160219,0.013,0.014,0.013,0.013,5604507
ODY,20160219,0.057,0.057,0.057,0.057,325379
OEC,20160219,0.475,0.475,0.475,0.475,21324
OEL,20160219,0.03,0.03,0.03,0.03,3114040
OEX,20160219,0.01,0.01,0.01,0.01,250000
OFX,20160219,1.905,1.915,1.86,1.86,1014346
OGC,20160219,3.98,4.06,3.95,4.05,1375991
OGX,20160219,0.17,0.18,0.17,0.175,81824
OHE,20160219,2.78,2.78,2.78,2.78,3550
OKU,20160219,0.079,0.079,0.079,0.079,100000
OLV,20160219,0.073,0.075,0.07,0.07,320000
OMH,20160219,0.05,0.052,0.05,0.05,366259
OML,20160219,4.25,4.3,4.02,4.07,365540
ONT,20160219,7.1,7.1,6.63,6.63,19289
OOK,20160219,0.021,0.022,0.021,0.022,1146145
OOO,20160219,12.13,12.17,12.05,12.12,59378
OPT,20160219,0.38,0.385,0.37,0.385,117286
ORA,20160219,2.32,2.36,2.3,2.33,3459959
ORE,20160219,2.38,2.38,2.18,2.2,652178
ORG,20160219,4.1,4.15,3.955,4.11,12239910
ORI,20160219,13.77,14,13.75,14,1633728
ORL,20160219,2.1,2.1,2.1,2.1,2200
ORN,20160219,0.012,0.012,0.012,0.012,625
OSH,20160219,7.44,7.44,7.04,7.13,9541097
OSL,20160219,0.195,0.195,0.175,0.185,2546082
OSP,20160219,0.29,0.29,0.29,0.29,5000
OTH,20160219,0.705,0.715,0.7,0.7,209843
OTR,20160219,0.05,0.052,0.05,0.052,83417
OVH,20160219,0.7,0.72,0.69,0.71,66319
OVL,20160219,0.006,0.006,0.006,0.006,830000
OZF,20160219,18,18,17.96,17.96,1665
OZG,20160219,0.12,0.12,0.12,0.12,135115
OZL,20160219,5.17,5.24,5.05,5.09,3369667
OZR,20160219,5.98,5.98,5.86,5.86,6077
PAA,20160219,0.12,0.12,0.12,0.12,12829
PAB,20160219,0.008,0.008,0.008,0.008,251025
PAC,20160219,6.04,6.11,5.95,6,2184
PAI,20160219,0.935,0.945,0.93,0.93,213290
PAK,20160219,0.045,0.045,0.045,0.045,250000
PAN,20160219,0.105,0.115,0.099,0.1,3062999
PAR,20160219,0.27,0.27,0.26,0.26,26000
PBD,20160219,0.009,0.009,0.009,0.009,110000
PBG,20160219,0.885,0.905,0.882,0.89,2776527
PBP,20160219,0.515,0.52,0.515,0.52,90917
PBT,20160219,0.082,0.082,0.076,0.08,46890
PCL,20160219,0.004,0.004,0.003,0.003,1279502
PDN,20160219,0.205,0.21,0.195,0.2,4493243
PDZ,20160219,0.13,0.13,0.13,0.13,142103
PEG,20160219,0.078,0.09,0.078,0.09,526000
PEK,20160219,0.08,0.08,0.08,0.08,7000
PEN,20160219,0.82,0.82,0.81,0.815,26601
PEP,20160219,2.46,2.5,2.38,2.38,28041
PEX,20160219,0.16,0.16,0.16,0.16,34000
PEZ,20160219,0.049,0.052,0.048,0.049,186200
PFL,20160219,1.12,1.14,1.075,1.13,16627
PGC,20160219,0.65,0.68,0.65,0.67,233140
PGF,20160219,0.875,0.895,0.87,0.885,214108
PGH,20160219,4.69,4.7,4.63,4.66,2361233
PGI,20160219,0.08,0.08,0.077,0.077,68024
PGR,20160219,0.64,0.64,0.635,0.64,28122
PGS,20160219,0.002,0.002,0.002,0.002,50000
PHK,20160219,0.039,0.039,0.039,0.039,286025
PIC,20160219,0.94,0.945,0.93,0.94,204800
PIL,20160219,0.019,0.019,0.018,0.018,235000
PIO,20160219,0.013,0.013,0.013,0.013,149267
PIQ,20160219,0.29,0.3,0.29,0.3,34175
PLP,20160219,0.008,0.008,0.007,0.008,33379637
PLS,20160219,0.36,0.375,0.36,0.37,5211819
PMC,20160219,1.69,1.69,1.625,1.66,99742
PME,20160219,3.13,3.13,2.98,3.01,168025
PML,20160219,0.042,0.043,0.042,0.043,445125
PMP,20160219,0.45,0.47,0.45,0.47,241496
PMV,20160219,13.11,13.11,12.81,12.82,165980
PMY,20160219,0.01,0.01,0.01,0.01,814100
PNC,20160219,1.73,1.75,1.73,1.75,5500
PNR,20160219,0.088,0.088,0.084,0.088,1021705
PNV,20160219,0.315,0.315,0.285,0.3,995699
POP,20160219,0.031,0.032,0.03,0.03,746924
POS,20160219,0.038,0.038,0.035,0.035,517159
POU,20160219,19.89,19.92,19.89,19.92,653
POZ,20160219,0.018,0.018,0.018,0.018,750
PPC,20160219,1.03,1.03,0.99,1.01,313959
PPP,20160219,0.034,0.034,0.034,0.034,17787
PPS,20160219,0.335,0.335,0.33,0.335,329098
PPT,20160219,40,40.9,40,40.75,153325
PPY,20160219,0.01,0.01,0.01,0.01,150000
PRG,20160219,1.19,1.365,1.175,1.315,3964045
PRO,20160219,1.735,1.735,1.66,1.7,20912
PRR,20160219,0.04,0.041,0.04,0.04,1013497
PRT,20160219,0.41,0.42,0.395,0.4,178615
PRU,20160219,0.355,0.365,0.34,0.355,5677283
PRY,20160219,2.84,2.895,2.79,2.86,10018534
PSA,20160219,0.1,0.1,0.095,0.095,115471
PSC,20160219,0.006,0.006,0.006,0.006,78563
PSF,20160219,0.012,0.012,0.012,0.012,1550000
PSQ,20160219,1.78,1.92,1.78,1.92,7159
PSY,20160219,0.115,0.135,0.115,0.13,2474682
PSZ,20160219,0.82,0.83,0.82,0.82,17804
PTB,20160219,0.425,0.425,0.425,0.425,5000
PTL,20160219,0.62,0.62,0.6,0.6,121409
PTM,20160219,6.4,6.41,6.28,6.35,940974
PTX,20160219,0.092,0.092,0.091,0.091,100000
PVD,20160219,0.027,0.027,0.027,0.027,13000
PWH,20160219,2.55,2.57,2.55,2.56,158535
PWN,20160219,0.04,0.042,0.039,0.042,216000
PXS,20160219,0.285,0.305,0.285,0.3,510250
PYC,20160219,0.013,0.013,0.013,0.013,200000
PZC,20160219,0.004,0.004,0.004,0.004,365000
QAN,20160219,3.95,4.01,3.93,3.96,8466571
QAU,20160219,12.7,13,12.7,12.93,19215
QBE,20160219,10.24,10.32,10.09,10.19,3197513
QBL,20160219,0.008,0.008,0.008,0.008,726000
QCB,20160219,8.72,8.72,8.72,8.72,570
QFN,20160219,9.97,9.97,9.88,9.88,22506
QHL,20160219,0.14,0.14,0.13,0.135,432054
QMN,20160219,0.005,0.005,0.005,0.005,250000
QMS,20160219,1.23,1.235,1.22,1.22,70072
QOZ,20160219,10.71,10.73,10.65,10.68,36898
QRE,20160219,3.21,3.22,3.21,3.22,4932
QUB,20160219,2,2,1.96,1.985,4875535
QUR,20160219,0.06,0.06,0.058,0.058,696108
QUS,20160219,26.22,26.41,26.22,26.41,1209
QVE,20160219,1,1.01,0.995,0.995,82166
RAD,20160219,0.035,0.036,0.032,0.032,3430773
RAP,20160219,0.145,0.145,0.14,0.14,3016891
RAW,20160219,0.038,0.038,0.038,0.038,215334
RBR,20160219,0.01,0.01,0.01,0.01,545
RCB,20160219,20.32,20.32,20.25,20.25,5821
RCE,20160219,0.3,0.3,0.285,0.285,151250
RCG,20160219,1.585,1.625,1.58,1.605,492069
RCR,20160219,1.25,1.26,1.11,1.14,895316
RCT,20160219,3.51,3.51,3.4,3.4,13634
RDS,20160219,0.008,0.008,0.008,0.008,150000
RDV,20160219,26.36,26.36,26.14,26.18,4413
REA,20160219,51.99,51.99,50.32,51,428912
REC,20160219,6.99,7.01,6.86,6.93,1823407
RED,20160219,0.081,0.084,0.08,0.083,2690657
REG,20160219,5.46,5.48,5.31,5.35,536068
REH,20160219,33,33,32.5,32.51,382
RES,20160219,0.039,0.039,0.039,0.039,95000
REX,20160219,0.83,0.83,0.83,0.83,5000
RFF,20160219,1.32,1.34,1.317,1.34,103958
RFG,20160219,4.66,4.67,4.48,4.5,670462
RFL,20160219,0.135,0.135,0.13,0.13,230564
RFN,20160219,0.465,0.48,0.46,0.48,20340
RFT,20160219,0.007,0.007,0.007,0.007,6400
RFX,20160219,0.315,0.34,0.3,0.3,1144535
RGS,20160219,0.08,0.08,0.08,0.08,92308
RHC,20160219,60.5,60.5,59.42,59.88,411735
RHL,20160219,3.35,3.36,3.35,3.36,12533
RHP,20160219,1.25,1.265,1.23,1.25,48209
RIC,20160219,1.39,1.41,1.38,1.405,152961
RIM,20160219,0.015,0.018,0.012,0.015,10785640
RIO,20160219,43.3,43.36,42.41,42.62,2221456
RKN,20160219,1.61,1.62,1.575,1.595,134123
RLE,20160219,0.091,0.091,0.091,0.091,90000
RMD,20160219,8.22,8.29,8.22,8.28,1407079
RMP,20160219,0.02,0.02,0.02,0.02,50000
RMR,20160219,0.002,0.002,0.002,0.002,671117
RMS,20160219,0.405,0.42,0.4,0.41,5815445
RMX,20160219,0.001,0.001,0.001,0.001,645309
RNI,20160219,0.015,0.016,0.015,0.015,670000
RNL,20160219,0.02,0.021,0.019,0.021,5507051
RNO,20160219,0.025,0.025,0.024,0.024,235694
RNT,20160219,0.235,0.235,0.215,0.225,168982
RNU,20160219,0.02,0.024,0.02,0.023,2242000
RNY,20160219,0.225,0.225,0.225,0.225,201232
RRL,20160219,2.67,2.69,2.42,2.52,7442372
RSG,20160219,0.485,0.5,0.47,0.48,4328918
RSH,20160219,0.036,0.039,0.036,0.039,233800
RSM,20160219,20.74,20.74,20.74,20.74,820
RTG,20160219,0.4,0.4,0.4,0.4,30800
RTR,20160219,0.012,0.012,0.012,0.012,166535
RUB,20160219,0.041,0.041,0.041,0.041,220000
RUL,20160219,0.4,0.4,0.385,0.4,65285
RUM,20160219,0.039,0.04,0.039,0.04,203000
RVA,20160219,1.16,1.18,1.15,1.15,24000
RVR,20160219,0.105,0.12,0.105,0.11,1315210
RVY,20160219,0.023,0.025,0.022,0.022,1103402
RWD,20160219,0.455,0.495,0.45,0.495,36000
RWH,20160219,1.07,1.085,1.07,1.085,12480
RXH,20160219,0.125,0.135,0.125,0.135,86758
RXL,20160219,0.014,0.014,0.012,0.012,350009
RXM,20160219,0.052,0.052,0.052,0.052,41646
RXP,20160219,0.63,0.63,0.63,0.63,230204
RYG,20160219,0.028,0.028,0.026,0.026,1777627
S2R,20160219,0.12,0.125,0.12,0.12,952880
S32,20160219,1.25,1.255,1.19,1.195,28891383
SAI,20160219,3.91,3.93,3.875,3.9,233839
SAR,20160219,0.94,0.985,0.935,0.95,5986736
SAU,20160219,0.3,0.32,0.3,0.31,141000
SBB,20160219,0.031,0.033,0.031,0.033,290000
SBM,20160219,1.82,1.825,1.675,1.7,4126998
SBR,20160219,0.008,0.008,0.008,0.008,40000
SBU,20160219,0.02,0.026,0.02,0.026,973000
SCG,20160219,4.5,4.55,4.47,4.51,7438418
SCP,20160219,2.2,2.25,2.19,2.25,2189809
SDA,20160219,4.44,4.44,4.25,4.29,118667
SDF,20160219,1.48,1.51,1.47,1.5,1502001
SDG,20160219,1.52,1.53,1.51,1.52,34261
SDL,20160219,0.004,0.004,0.004,0.004,5293112
SDM,20160219,1.075,1.075,1.07,1.07,456570
SEA,20160219,0.09,0.091,0.083,0.086,3354700
SEG,20160219,0.001,0.001,0.001,0.001,370000
SEH,20160219,0.054,0.054,0.047,0.047,6126596
SEK,20160219,13.5,13.64,13.36,13.44,1017037
SEN,20160219,0.115,0.115,0.11,0.11,396631
SER,20160219,0.019,0.019,0.019,0.019,50000
SFC,20160219,5.22,5.3,5.22,5.3,9700
SFG,20160219,0.08,0.08,0.078,0.078,735810
SFH,20160219,0.53,0.53,0.515,0.515,118259
SFI,20160219,0.05,0.05,0.048,0.048,901230
SFL,20160219,0.28,0.28,0.28,0.28,60000
SFR,20160219,6,6.06,5.885,6,1063537
SFX,20160219,0.39,0.39,0.38,0.38,21149
SFY,20160219,47.91,47.91,47.24,47.35,17277
SGF,20160219,3.8,3.875,3.73,3.85,472526
SGH,20160219,0.715,0.72,0.665,0.685,4099489
SGM,20160219,7.36,7.5,6.67,6.72,1794067
SGN,20160219,0.785,0.9,0.785,0.9,2572061
SGP,20160219,4.2,4.28,4.17,4.27,11590547
SGQ,20160219,0.1,0.105,0.1,0.1,463003
SGR,20160219,5.34,5.4,5.235,5.27,4659311
SHJ,20160219,0.66,0.67,0.635,0.64,460060
SHK,20160219,0.003,0.003,0.003,0.003,333333
SHL,20160219,18.9,19.1,18.5,18.94,1025937
SHM,20160219,0.96,0.97,0.95,0.97,62276
SHV,20160219,5.67,5.71,5.5,5.58,1067203
SIO,20160219,0.36,0.36,0.355,0.355,30280
SIP,20160219,0.83,0.83,0.81,0.815,1168428
SIQ,20160219,4.35,4.37,4.23,4.27,206444
SIT,20160219,0.26,0.26,0.26,0.26,50000
SIV,20160219,8.2,8.49,8.2,8.38,38262
SIX,20160219,0.09,0.09,0.09,0.09,8672
SKC,20160219,4.05,4.09,4.05,4.06,643388
SKF,20160219,0.14,0.14,0.14,0.14,4000
SKI,20160219,1.87,1.9,1.87,1.895,2489641
SKS,20160219,0.44,0.45,0.44,0.45,1679
SKT,20160219,4.22,4.23,4.16,4.16,166964
SLC,20160219,1.98,2,1.96,2,88233
SLF,20160219,12.18,12.37,12.18,12.36,32593
SLK,20160219,4,4.05,3.96,3.99,125764
SLR,20160219,0.33,0.347,0.33,0.335,12647812
SLX,20160219,0.325,0.325,0.315,0.315,205245
SMA,20160219,0.045,0.047,0.045,0.045,1061633
SMC,20160219,0.028,0.028,0.028,0.028,35715
SMI,20160219,0.006,0.006,0.006,0.006,3866
SMN,20160219,1.55,1.55,1.48,1.525,133966
SMP,20160219,0.105,0.105,0.1,0.105,850000
SMX,20160219,2.43,2.43,2.18,2.2,531543
SND,20160219,0.53,0.55,0.53,0.55,34000
SNL,20160219,2.01,2.01,2.01,2.01,2500
SNZ,20160219,3.75,3.75,3.75,3.75,300
SO4,20160219,0.27,0.28,0.27,0.28,34840
SOC,20160219,0.003,0.003,0.003,0.003,2000195
SOI,20160219,0.026,0.026,0.026,0.026,5747
SOL,20160219,15.79,16,15.79,16,21918
SOM,20160219,2.65,2.72,2.62,2.62,23674
SOR,20160219,0.15,0.15,0.145,0.15,288117
SPK,20160219,3.06,3.08,3.04,3.04,516752
SPL,20160219,0.575,0.58,0.56,0.57,1030014
SPO,20160219,1.06,1.095,1.06,1.085,5212266
SPZ,20160219,0.285,0.285,0.275,0.275,109751
SRF,20160219,1.75,1.75,1.68,1.68,127975
SRI,20160219,0.028,0.028,0.026,0.026,2475258
SRO,20160219,0.031,0.031,0.03,0.03,285000
SRS,20160219,0.023,0.027,0.023,0.027,1260480
SRT,20160219,0.021,0.022,0.021,0.022,3822960
SRV,20160219,6.9,6.94,6.85,6.9,24682
SRX,20160219,35.1,35.63,35.05,35.2,221513
SRY,20160219,0.033,0.039,0.033,0.039,166666
SRZ,20160219,0.013,0.015,0.013,0.015,420834
SSM,20160219,0.535,0.59,0.535,0.555,1625408
SSN,20160219,0.005,0.005,0.005,0.005,400000
STA,20160219,0.006,0.006,0.006,0.006,1003634
STL,20160219,0.036,0.036,0.031,0.031,1548994
STO,20160219,3.41,3.45,3.23,3.39,20355177
STS,20160219,0.72,0.72,0.72,0.72,740359
STW,20160219,46.66,46.72,46.2,46.38,54519
SUD,20160219,0.029,0.029,0.027,0.027,280000
SUL,20160219,10.21,10.3,10.1,10.14,648988
SUM,20160219,0.066,0.066,0.065,0.065,457000
SUN,20160219,11.26,11.48,11.26,11.48,4382790
SUR,20160219,0.001,0.001,0.001,0.001,2000000
SVA,20160219,0.11,0.12,0.11,0.12,21608
SVL,20160219,0.002,0.002,0.001,0.001,1800000
SVM,20160219,0.044,0.044,0.044,0.044,8465
SVW,20160219,4.48,4.51,4.44,4.51,891574
SWE,20160219,0.035,0.035,0.035,0.035,40000
SWJ,20160219,0.012,0.012,0.012,0.012,230000
SWK,20160219,0.125,0.13,0.125,0.13,79800
SWL,20160219,0.78,0.78,0.78,0.78,20900
SWM,20160219,0.865,0.892,0.865,0.885,5098075
SXE,20160219,0.37,0.37,0.36,0.36,35049
SXL,20160219,1.085,1.1,1.06,1.085,1216753
SXY,20160219,0.16,0.16,0.155,0.155,953597
SYA,20160219,0.015,0.015,0.014,0.014,627001
SYD,20160219,6.54,6.57,6.49,6.51,7683022
SYI,20160219,25.05,25.08,24.95,24.96,5570
SYR,20160219,4.15,4.19,3.99,4.02,829897
TAH,20160219,4.21,4.24,4.13,4.19,2908963
TAM,20160219,0.045,0.045,0.044,0.044,914784
TAP,20160219,0.099,0.099,0.096,0.096,23079
TAS,20160219,0.05,0.05,0.05,0.05,50000
TBH,20160219,0.23,0.23,0.22,0.225,140000
TBR,20160219,3.98,4,3.98,4,18000
TCH,20160219,2.6,2.6,2.5,2.5,469187
TCL,20160219,10.98,11.03,10.9,10.96,3019939
TCN,20160219,0.083,0.084,0.083,0.084,50000
TDL,20160219,0.25,0.255,0.25,0.255,26379
TDO,20160219,0.029,0.03,0.029,0.03,48675
TEG,20160219,0.001,0.001,0.001,0.001,2500000
TEN,20160219,0.97,0.975,0.952,0.96,1087271
TFC,20160219,1.28,1.285,1.25,1.27,799957
TFG,20160219,0.31,0.31,0.285,0.3,40000
TFL,20160219,0.305,0.315,0.305,0.31,329302
TGA,20160219,1.65,1.73,1.645,1.71,397827
TGG,20160219,1.09,1.09,1.07,1.07,255205
TGN,20160219,0.04,0.04,0.04,0.04,34501
TGP,20160219,0.945,0.945,0.94,0.945,116337
TGR,20160219,3.97,4.03,3.95,3.97,623206
TGS,20160219,0.045,0.045,0.044,0.044,1125064
TGZ,20160219,0.55,0.59,0.55,0.59,189474
THX,20160219,0.054,0.054,0.051,0.051,280059
TIS,20160219,0.041,0.041,0.039,0.039,44634
TIX,20160219,2.46,2.475,2.45,2.45,131531
TLG,20160219,0.31,0.31,0.28,0.28,55595
TLM,20160219,0.435,0.44,0.43,0.43,130626
TLS,20160219,5.39,5.41,5.28,5.28,37630319
TME,20160219,3.96,4.12,3.91,3.92,997895
TMP,20160219,0.66,0.665,0.655,0.655,87143
TND,20160219,0.065,0.07,0.064,0.064,3245394
TNE,20160219,4.52,4.61,4.52,4.61,714209
TNG,20160219,0.175,0.175,0.165,0.165,784082
TNP,20160219,0.01,0.01,0.01,0.01,50000
TNR,20160219,0.25,0.26,0.25,0.26,10639
TNT,20160219,0.24,0.24,0.225,0.23,661312
TOE,20160219,0.059,0.059,0.059,0.059,26500
TOF,20160219,1.99,2,1.97,1.995,91672
TON,20160219,0.063,0.063,0.055,0.06,5526054
TOP,20160219,0.54,0.54,0.53,0.53,25759
TOT,20160219,1.1,1.1,1.1,1.1,9500
TOU,20160219,0.067,0.067,0.067,0.067,117617
TOX,20160219,2.29,2.36,2.22,2.24,148474
TPE,20160219,3.27,3.29,3.27,3.29,19050
TPM,20160219,10.11,10.22,10.06,10.1,960966
TPO,20160219,0.155,0.155,0.145,0.145,10000
TPP,20160219,0.12,0.13,0.12,0.13,297773
TPR,20160219,0.077,0.08,0.077,0.08,101090
TPS,20160219,0.033,0.034,0.033,0.033,1656679
TPW,20160219,0.64,0.645,0.625,0.625,155000
TRL,20160219,0.099,0.099,0.09,0.095,416210
TRS,20160219,13.8,13.88,13.15,13.2,296121
TRY,20160219,0.41,0.415,0.39,0.415,7756974
TSM,20160219,0.475,0.49,0.475,0.49,20300
TSN,20160219,0.023,0.024,0.023,0.023,3610516
TSV,20160219,0.03,0.03,0.029,0.029,7695365
TTC,20160219,0.595,0.6,0.595,0.6,31800
TTI,20160219,0.028,0.03,0.027,0.03,215000
TTS,20160219,4.01,4.06,4,4.02,6042569
TTW,20160219,0.021,0.021,0.021,0.021,130000
TV2,20160219,0.017,0.017,0.016,0.017,6243293
TWE,20160219,9.15,9.73,9.11,9.42,4974046
TWR,20160219,1.495,1.5,1.49,1.49,14685
TYK,20160219,0.006,0.007,0.006,0.006,992748
TZL,20160219,0.063,0.066,0.063,0.066,58500
TZN,20160219,0.14,0.14,0.135,0.14,45922
UBA,20160219,16.58,16.58,16.58,16.58,86
UBE,20160219,18.44,18.51,18.44,18.44,2811
UBI,20160219,0.41,0.41,0.39,0.395,71582
UBJ,20160219,18.59,18.62,18.59,18.62,1052
UBN,20160219,0.61,0.63,0.59,0.62,57518
UBU,20160219,20.01,20.01,20.01,20.01,2500
UGL,20160219,2.4,2.44,2.35,2.4,331164
UML,20160219,0.029,0.029,0.029,0.029,11839189
UNS,20160219,0.225,0.23,0.22,0.22,1890555
UNV,20160219,0.2,0.2,0.2,0.2,227500
UPD,20160219,0.225,0.23,0.225,0.23,202000
URF,20160219,2.15,2.16,2.15,2.16,654
USA,20160219,0.017,0.017,0.017,0.017,8000
USD,20160219,13.66,13.77,13.66,13.75,145953
USF,20160219,2.64,2.64,2.64,2.64,2000
USR,20160219,0.68,0.68,0.68,0.68,2500
VAF,20160219,49.95,50.01,49.95,49.97,12428
VAH,20160219,0.46,0.47,0.46,0.47,351578
VAP,20160219,76.91,77.51,76.39,77.5,11744
VAS,20160219,63.01,63.4,62.69,62.88,23341
VCF,20160219,50.76,50.76,50.76,50.76,477
VCX,20160219,2.98,3.05,2.97,3.02,8118556
VEQ,20160219,46.84,46.84,46.84,46.84,213
VEU,20160219,56.51,56.62,56.3,56.6,18369
VGB,20160219,49.55,49.75,49.5,49.75,3458
VGE,20160219,48.12,48.89,48.12,48.84,1268
VGS,20160219,54.42,54.75,54.06,54.3,3433
VHY,20160219,53.8,53.8,53.12,53.19,24390
VIC,20160219,0.009,0.009,0.009,0.009,1476922
VIF,20160219,51.89,51.89,51.88,51.88,934
VIP,20160219,0.054,0.055,0.052,0.055,149940
VIT,20160219,2.28,2.29,2.15,2.23,497371
VKA,20160219,0.015,0.015,0.015,0.015,95000
VLA,20160219,0.675,0.69,0.66,0.68,211190
VLC,20160219,53.35,53.35,52.93,52.93,347
VLW,20160219,2.06,2.12,2.03,2.07,354561
VMC,20160219,0.185,0.185,0.16,0.16,75930
VMS,20160219,0.025,0.025,0.023,0.023,842630
VMT,20160219,0.33,0.33,0.32,0.325,79168
VOC,20160219,7.9,7.9,7.38,7.53,3747605
VPC,20160219,0.066,0.066,0.06,0.06,3437053
VRL,20160219,6.68,6.71,6.53,6.53,197350
VRT,20160219,6.3,6.34,6.19,6.21,172522
VRX,20160219,0.013,0.013,0.013,0.013,8750
VSC,20160219,1.35,1.475,1.35,1.475,71485
VSO,20160219,41.76,41.76,41.61,41.61,2910
VTG,20160219,2.6,2.77,2.57,2.69,1050591
VTM,20160219,0.026,0.026,0.026,0.026,2860000
VTS,20160219,136.44,137.09,136.01,136.82,6064
VXR,20160219,0.004,0.004,0.004,0.004,1899489
WAA,20160219,1.1,1.15,1.1,1.14,124566
WAF,20160219,0.054,0.054,0.054,0.054,550000
WAM,20160219,2.19,2.21,2.18,2.18,291296
WAX,20160219,1.38,1.385,1.36,1.37,82375
WBA,20160219,1.18,1.2,1.155,1.175,96401
WBC,20160219,29.8,29.995,29.565,29.78,3895409
WCN,20160219,0.008,0.008,0.007,0.007,7335129
WDE,20160219,0.76,0.76,0.75,0.76,31587
WEB,20160219,5.71,5.93,5.53,5.78,834099
WES,20160219,43.55,43.69,43.16,43.43,2035060
WFD,20160219,9.65,9.79,9.62,9.63,4865405
WFE,20160219,0.002,0.002,0.002,0.002,2936
WHC,20160219,0.5,0.505,0.437,0.465,7384362
WHF,20160219,4.14,4.18,4.14,4.15,38954
WHN,20160219,0.001,0.001,0.001,0.001,7200000
WIC,20160219,0.74,0.74,0.74,0.74,3611
WIG,20160219,1,1.04,0.96,1.04,8922
WIN,20160219,0.055,0.055,0.055,0.055,200000
WKT,20160219,0.004,0.004,0.004,0.004,1125000
WLC,20160219,0.004,0.004,0.004,0.004,250000
WLD,20160219,1.2,1.205,1.16,1.16,389236
WLF,20160219,0.15,0.15,0.15,0.15,9500
WLL,20160219,5,5.15,5,5.15,358
WMC,20160219,0.36,0.36,0.35,0.355,23847
WMK,20160219,1.04,1.04,1.02,1.02,102992
WNR,20160219,0.16,0.16,0.16,0.16,110000
WOR,20160219,3.75,3.81,3.66,3.71,2102196
WOW,20160219,22.99,23.08,22.76,22.95,1853108
WPG,20160219,0.043,0.048,0.043,0.047,1045558
WPI,20160219,0.023,0.023,0.022,0.022,414000
WPL,20160219,28.89,28.95,27.92,28.1,3784468
WSA,20160219,2.1,2.13,1.995,2.02,1522988
WTP,20160219,0.995,0.995,0.96,0.965,128419
WTR,20160219,0.05,0.05,0.05,0.05,1176649
WWI,20160219,0.023,0.023,0.022,0.022,214500
XAM,20160219,0.1,0.1,0.1,0.1,100000
XF1,20160219,0.415,0.43,0.41,0.43,114927
XIP,20160219,3.3,3.69,3.3,3.61,551805
XPD,20160219,0.15,0.165,0.15,0.16,30000
XRO,20160219,14.02,14.1,13.51,13.65,49126
XTD,20160219,0.295,0.31,0.29,0.3,1497439
XTE,20160219,0.345,0.37,0.345,0.36,36400
XTV,20160219,0.008,0.008,0.008,0.008,2673516
YBR,20160219,0.21,0.215,0.205,0.205,21858
YNB,20160219,0.085,0.085,0.075,0.075,35411
YOW,20160219,0.74,0.75,0.725,0.73,137520
YPB,20160219,0.27,0.27,0.25,0.26,244614
ZGL,20160219,0.16,0.16,0.16,0.16,1278
ZIM,20160219,3.25,3.25,3.25,3.25,8
ZIP,20160219,0.47,0.47,0.465,0.465,20000
ZML,20160219,0.35,0.35,0.35,0.35,24435
ZTA,20160219,0.08,0.08,0.08,0.08,1249
XAF,20160219,4968,4968,4909,4927,0
XAO,20160219,5047.1,5047.1,4993.5,5008.3,0
XAT,20160219,4941.1,4941.1,4885.8,4901.7,0
XDJ,20160219,1925.7,1925.7,1898.2,1903.4,0
XEC,20160219,1048,1059.8,1048.1,1054.9,0
XEJ,20160219,7856.4,7856.4,7547,7638.9,0
XFJ,20160219,5660.7,5660.7,5591.2,5619.8,0
XFL,20160219,5017,5017,4957.4,4975.5,0
XGD,20160219,3293.3,3447,3293.3,3353.4,0
XHJ,20160219,19159.3,19357,19158.1,19241.4,0
XIJ,20160219,711.3,713.2,707.3,711.4,0
XJO,20160219,4992,4992,4937,4952.8,0
XJR,20160219,2438.5,2438.5,2374.6,2387.8,0
XKO,20160219,4949.1,4949.1,4895.3,4910.7,0
XMD,20160219,4959.4,4959.4,4922.1,4931.9,0
XMJ,20160219,7045.3,7095.1,6930,6961,0
XMM,20160219,1980.6,1990,1937.7,1947.6,0
XNJ,20160219,4771.8,4795.9,4769.4,4777.9,0
XPJ,20160219,1326.5,1336.4,1321.4,1328.8,0
XSJ,20160219,8792.3,8792.3,8707,8736.9,0
XSO,20160219,2063.5,2066.7,2048.6,2051,0
XTJ,20160219,1969.4,1971,1924.5,1924.5,0
XTL,20160219,2923.9,2923.9,2882.5,2893,0
XTO,20160219,4141.6,4141.6,4094.9,4108.8,0
XUJ,20160219,7039.9,7084.5,7034.7,7073.7,0
XXJ,20160219,6329.1,6329.1,6236.5,6271.2,0
